GDC_Aliquot	Chromosome	Start	End	Num_Probes	Segment_Mean
b3f1bdd3-a76f-4ab7-9c8c-c02c36f1ecee	1	3301765	5732493	1750	0.2533
b3f1bdd3-a76f-4ab7-9c8c-c02c36f1ecee	1	5735567	5759986	21	0.7453
b3f1bdd3-a76f-4ab7-9c8c-c02c36f1ecee	1	5760609	7445781	916	0.2901
b3f1bdd3-a76f-4ab7-9c8c-c02c36f1ecee	1	7451059	7455583	5	1.1172
b3f1bdd3-a76f-4ab7-9c8c-c02c36f1ecee	1	7460225	8691209	652	0.2707
b3f1bdd3-a76f-4ab7-9c8c-c02c36f1ecee	1	8692959	8752331	44	0.8037
b3f1bdd3-a76f-4ab7-9c8c-c02c36f1ecee	1	8752613	13870286	2254	0.2496
b3f1bdd3-a76f-4ab7-9c8c-c02c36f1ecee	1	13871234	15334513	1183	0.3239
b3f1bdd3-a76f-4ab7-9c8c-c02c36f1ecee	1	15334940	17534910	848	0.2399
b3f1bdd3-a76f-4ab7-9c8c-c02c36f1ecee	1	17536907	18848253	1008	0.3445
b3f1bdd3-a76f-4ab7-9c8c-c02c36f1ecee	1	18852610	23036684	2416	0.2595
b3f1bdd3-a76f-4ab7-9c8c-c02c36f1ecee	1	23044086	24040251	444	0.7564
b3f1bdd3-a76f-4ab7-9c8c-c02c36f1ecee	1	24047397	29246592	2195	0.2152
b3f1bdd3-a76f-4ab7-9c8c-c02c36f1ecee	1	29247211	30895082	1138	0.2818
b3f1bdd3-a76f-4ab7-9c8c-c02c36f1ecee	1	30899887	33408370	1082	0.1965
b3f1bdd3-a76f-4ab7-9c8c-c02c36f1ecee	1	33415212	33456831	31	-0.5917
b3f1bdd3-a76f-4ab7-9c8c-c02c36f1ecee	1	33460366	34246204	597	0.3195
b3f1bdd3-a76f-4ab7-9c8c-c02c36f1ecee	1	34249861	34250173	4	-0.6342
b3f1bdd3-a76f-4ab7-9c8c-c02c36f1ecee	1	34250298	34921714	440	0.2935
b3f1bdd3-a76f-4ab7-9c8c-c02c36f1ecee	1	34922101	35132954	79	0.1973
b3f1bdd3-a76f-4ab7-9c8c-c02c36f1ecee	1	35140608	35152030	6	0.8548
b3f1bdd3-a76f-4ab7-9c8c-c02c36f1ecee	1	35152066	36381791	528	0.2022
b3f1bdd3-a76f-4ab7-9c8c-c02c36f1ecee	1	36382165	36471813	51	0.315
b3f1bdd3-a76f-4ab7-9c8c-c02c36f1ecee	1	36471895	36601257	81	0.8701
b3f1bdd3-a76f-4ab7-9c8c-c02c36f1ecee	1	36604647	41332272	2527	0.2456
b3f1bdd3-a76f-4ab7-9c8c-c02c36f1ecee	1	41333863	41540334	148	0.8395
b3f1bdd3-a76f-4ab7-9c8c-c02c36f1ecee	1	41542477	47132706	2953	0.2297
b3f1bdd3-a76f-4ab7-9c8c-c02c36f1ecee	1	47132976	50265659	1803	0.3181
b3f1bdd3-a76f-4ab7-9c8c-c02c36f1ecee	1	50266708	52276587	781	0.2316
b3f1bdd3-a76f-4ab7-9c8c-c02c36f1ecee	1	52278495	59942897	5410	-0.5616
b3f1bdd3-a76f-4ab7-9c8c-c02c36f1ecee	1	59943303	59943523	3	1.9296
b3f1bdd3-a76f-4ab7-9c8c-c02c36f1ecee	1	59948218	72187750	8006	-0.5584
b3f1bdd3-a76f-4ab7-9c8c-c02c36f1ecee	1	72192531	74697940	1341	0.261
b3f1bdd3-a76f-4ab7-9c8c-c02c36f1ecee	1	74698551	78823134	2444	-0.5678
b3f1bdd3-a76f-4ab7-9c8c-c02c36f1ecee	1	78828012	78828130	2	-2.8384
b3f1bdd3-a76f-4ab7-9c8c-c02c36f1ecee	1	78829730	93443728	8897	-0.5816
b3f1bdd3-a76f-4ab7-9c8c-c02c36f1ecee	1	93458929	95685985	1547	0.2854
b3f1bdd3-a76f-4ab7-9c8c-c02c36f1ecee	1	95686798	117278758	12706	0.2258
b3f1bdd3-a76f-4ab7-9c8c-c02c36f1ecee	1	117284077	117293077	14	0.8876
b3f1bdd3-a76f-4ab7-9c8c-c02c36f1ecee	1	117294993	119984738	1558	0.2518
b3f1bdd3-a76f-4ab7-9c8c-c02c36f1ecee	1	119984772	156305490	2971	0.7305
b3f1bdd3-a76f-4ab7-9c8c-c02c36f1ecee	1	156305517	158422773	1322	1.1559
b3f1bdd3-a76f-4ab7-9c8c-c02c36f1ecee	1	158422814	161970464	2075	0.7243
b3f1bdd3-a76f-4ab7-9c8c-c02c36f1ecee	1	161972701	164584314	1976	0.7949
b3f1bdd3-a76f-4ab7-9c8c-c02c36f1ecee	1	164586049	165314403	638	1.2385
b3f1bdd3-a76f-4ab7-9c8c-c02c36f1ecee	1	165314445	167326601	1584	0.7824
b3f1bdd3-a76f-4ab7-9c8c-c02c36f1ecee	1	167332761	168058500	502	1.0821
b3f1bdd3-a76f-4ab7-9c8c-c02c36f1ecee	1	168067497	177529781	5834	0.7336
b3f1bdd3-a76f-4ab7-9c8c-c02c36f1ecee	1	177534211	179023312	891	0.2527
b3f1bdd3-a76f-4ab7-9c8c-c02c36f1ecee	1	179032550	179250657	259	-0.0439
b3f1bdd3-a76f-4ab7-9c8c-c02c36f1ecee	1	179251743	179253705	3	-1.2745
b3f1bdd3-a76f-4ab7-9c8c-c02c36f1ecee	1	179254591	181677898	1562	-0.0766
b3f1bdd3-a76f-4ab7-9c8c-c02c36f1ecee	1	181678281	185020112	2237	-0.2951
b3f1bdd3-a76f-4ab7-9c8c-c02c36f1ecee	1	185022561	197545495	7235	0.0154
b3f1bdd3-a76f-4ab7-9c8c-c02c36f1ecee	1	197549659	197588354	23	0.5219
b3f1bdd3-a76f-4ab7-9c8c-c02c36f1ecee	1	197596107	200013772	1440	0.3559
b3f1bdd3-a76f-4ab7-9c8c-c02c36f1ecee	1	200013822	208310766	5375	0.4274
b3f1bdd3-a76f-4ab7-9c8c-c02c36f1ecee	1	208313444	209096282	622	0.4694
b3f1bdd3-a76f-4ab7-9c8c-c02c36f1ecee	1	209096369	209097182	2	-0.919
b3f1bdd3-a76f-4ab7-9c8c-c02c36f1ecee	1	209097874	210851023	1358	0.4903
b3f1bdd3-a76f-4ab7-9c8c-c02c36f1ecee	1	210851270	211479724	336	0.4021
b3f1bdd3-a76f-4ab7-9c8c-c02c36f1ecee	1	211482896	211482927	2	-1.1945
b3f1bdd3-a76f-4ab7-9c8c-c02c36f1ecee	1	211484125	214051409	1654	0.4269
b3f1bdd3-a76f-4ab7-9c8c-c02c36f1ecee	1	214054164	217126459	2162	0.5036
b3f1bdd3-a76f-4ab7-9c8c-c02c36f1ecee	1	217128237	218922081	1217	0.6174
b3f1bdd3-a76f-4ab7-9c8c-c02c36f1ecee	1	218923889	224047932	3178	0.5359
b3f1bdd3-a76f-4ab7-9c8c-c02c36f1ecee	1	224048462	234115115	6397	0.6319
b3f1bdd3-a76f-4ab7-9c8c-c02c36f1ecee	1	234126651	234477319	302	0.3007
b3f1bdd3-a76f-4ab7-9c8c-c02c36f1ecee	1	234477368	235973732	806	0.2235
b3f1bdd3-a76f-4ab7-9c8c-c02c36f1ecee	1	235977874	243320452	5333	0.3084
b3f1bdd3-a76f-4ab7-9c8c-c02c36f1ecee	1	243324721	244234659	662	0.2131
b3f1bdd3-a76f-4ab7-9c8c-c02c36f1ecee	1	244234833	247650984	1468	0.3373
b3f1bdd3-a76f-4ab7-9c8c-c02c36f1ecee	2	480597	3780503	1459	0.2907
b3f1bdd3-a76f-4ab7-9c8c-c02c36f1ecee	2	3801922	4192716	268	0.763
b3f1bdd3-a76f-4ab7-9c8c-c02c36f1ecee	2	4194793	10700801	4664	0.2594
b3f1bdd3-a76f-4ab7-9c8c-c02c36f1ecee	2	10704796	10959925	227	-0.6984
b3f1bdd3-a76f-4ab7-9c8c-c02c36f1ecee	2	10962764	17639484	4459	0.1769
b3f1bdd3-a76f-4ab7-9c8c-c02c36f1ecee	2	17639789	23146679	3684	0.262
b3f1bdd3-a76f-4ab7-9c8c-c02c36f1ecee	2	23156506	24670190	823	0.0517
b3f1bdd3-a76f-4ab7-9c8c-c02c36f1ecee	2	24671995	25728149	504	0.6515
b3f1bdd3-a76f-4ab7-9c8c-c02c36f1ecee	2	25731145	45468340	10916	0.0411
b3f1bdd3-a76f-4ab7-9c8c-c02c36f1ecee	2	45470804	46095033	501	0.621
b3f1bdd3-a76f-4ab7-9c8c-c02c36f1ecee	2	46095656	46095812	2	-2.208
b3f1bdd3-a76f-4ab7-9c8c-c02c36f1ecee	2	46099530	47133563	811	0.6176
b3f1bdd3-a76f-4ab7-9c8c-c02c36f1ecee	2	47133882	51424829	2298	0.2137
b3f1bdd3-a76f-4ab7-9c8c-c02c36f1ecee	2	51424887	51424987	5	-0.7655
b3f1bdd3-a76f-4ab7-9c8c-c02c36f1ecee	2	51426992	66130772	8094	0.1959
b3f1bdd3-a76f-4ab7-9c8c-c02c36f1ecee	2	66133329	66134237	3	-1.6452
b3f1bdd3-a76f-4ab7-9c8c-c02c36f1ecee	2	66134614	98239240	12894	0.2043
b3f1bdd3-a76f-4ab7-9c8c-c02c36f1ecee	2	98241845	98261593	51	-0.524
b3f1bdd3-a76f-4ab7-9c8c-c02c36f1ecee	2	98264732	107973183	5877	0.2114
b3f1bdd3-a76f-4ab7-9c8c-c02c36f1ecee	2	107973397	110640222	1028	0.7784
b3f1bdd3-a76f-4ab7-9c8c-c02c36f1ecee	2	110643085	112168560	619	0.2194
b3f1bdd3-a76f-4ab7-9c8c-c02c36f1ecee	2	112175373	118046487	2898	0.0566
b3f1bdd3-a76f-4ab7-9c8c-c02c36f1ecee	2	118047176	118918453	611	0.7041
b3f1bdd3-a76f-4ab7-9c8c-c02c36f1ecee	2	118919586	119820630	585	0.1153
b3f1bdd3-a76f-4ab7-9c8c-c02c36f1ecee	2	119822903	119865821	14	-0.2685
b3f1bdd3-a76f-4ab7-9c8c-c02c36f1ecee	2	119865969	120285454	174	0.0799
b3f1bdd3-a76f-4ab7-9c8c-c02c36f1ecee	2	120287841	121383248	703	0.1727
b3f1bdd3-a76f-4ab7-9c8c-c02c36f1ecee	2	121383568	129703622	4278	0.0775
b3f1bdd3-a76f-4ab7-9c8c-c02c36f1ecee	2	129711886	134760095	2083	0.2615
b3f1bdd3-a76f-4ab7-9c8c-c02c36f1ecee	2	134761294	147681653	7097	0.1774
b3f1bdd3-a76f-4ab7-9c8c-c02c36f1ecee	2	147682228	149245395	786	0.8268
b3f1bdd3-a76f-4ab7-9c8c-c02c36f1ecee	2	149245928	149246433	2	-0.5199
b3f1bdd3-a76f-4ab7-9c8c-c02c36f1ecee	2	149249089	149380240	63	0.8908
b3f1bdd3-a76f-4ab7-9c8c-c02c36f1ecee	2	149384087	158521012	5427	0.1982
b3f1bdd3-a76f-4ab7-9c8c-c02c36f1ecee	2	158533642	159374843	582	0.8653
b3f1bdd3-a76f-4ab7-9c8c-c02c36f1ecee	2	159375548	167719345	4710	0.1815
b3f1bdd3-a76f-4ab7-9c8c-c02c36f1ecee	2	167720764	167746894	26	0.7341
b3f1bdd3-a76f-4ab7-9c8c-c02c36f1ecee	2	167753441	173923205	4077	0.3726
b3f1bdd3-a76f-4ab7-9c8c-c02c36f1ecee	2	173929212	173941903	6	0.7641
b3f1bdd3-a76f-4ab7-9c8c-c02c36f1ecee	2	173943488	183066305	5560	0.3281
b3f1bdd3-a76f-4ab7-9c8c-c02c36f1ecee	2	183068463	183338147	145	-0.6167
b3f1bdd3-a76f-4ab7-9c8c-c02c36f1ecee	2	183342344	186509916	1198	0.3139
b3f1bdd3-a76f-4ab7-9c8c-c02c36f1ecee	2	186511993	186543005	19	1.2442
b3f1bdd3-a76f-4ab7-9c8c-c02c36f1ecee	2	186551475	190457546	1948	0.3269
b3f1bdd3-a76f-4ab7-9c8c-c02c36f1ecee	2	190460409	190469361	7	1.1617
b3f1bdd3-a76f-4ab7-9c8c-c02c36f1ecee	2	190477281	202055780	5871	0.3316
b3f1bdd3-a76f-4ab7-9c8c-c02c36f1ecee	2	202060508	202366316	166	0.8778
b3f1bdd3-a76f-4ab7-9c8c-c02c36f1ecee	2	202368012	203460561	365	0.368
b3f1bdd3-a76f-4ab7-9c8c-c02c36f1ecee	2	203461543	204266626	504	0.8268
b3f1bdd3-a76f-4ab7-9c8c-c02c36f1ecee	2	204267903	204268096	2	-0.7916
b3f1bdd3-a76f-4ab7-9c8c-c02c36f1ecee	2	204268314	206735479	1630	0.8675
b3f1bdd3-a76f-4ab7-9c8c-c02c36f1ecee	2	206738750	206738811	2	-0.9101
b3f1bdd3-a76f-4ab7-9c8c-c02c36f1ecee	2	206739240	207562966	529	0.8097
b3f1bdd3-a76f-4ab7-9c8c-c02c36f1ecee	2	207565966	207911037	172	1.5156
b3f1bdd3-a76f-4ab7-9c8c-c02c36f1ecee	2	207913880	209148669	745	0.844
b3f1bdd3-a76f-4ab7-9c8c-c02c36f1ecee	2	209150648	209829272	398	1.275
b3f1bdd3-a76f-4ab7-9c8c-c02c36f1ecee	2	209829996	220942306	6846	0.8478
b3f1bdd3-a76f-4ab7-9c8c-c02c36f1ecee	2	220947721	231300350	6410	0.3711
b3f1bdd3-a76f-4ab7-9c8c-c02c36f1ecee	2	231304320	231333615	21	-0.6612
b3f1bdd3-a76f-4ab7-9c8c-c02c36f1ecee	2	231340228	231899905	183	0.159
b3f1bdd3-a76f-4ab7-9c8c-c02c36f1ecee	2	231903848	237737610	3776	-0.686
b3f1bdd3-a76f-4ab7-9c8c-c02c36f1ecee	2	237738442	237738825	2	-2.7638
b3f1bdd3-a76f-4ab7-9c8c-c02c36f1ecee	2	237738885	238781124	607	-0.6823
b3f1bdd3-a76f-4ab7-9c8c-c02c36f1ecee	2	238793738	239144721	63	0.1157
b3f1bdd3-a76f-4ab7-9c8c-c02c36f1ecee	2	239153339	239192441	30	1.1073
b3f1bdd3-a76f-4ab7-9c8c-c02c36f1ecee	2	239193924	241537572	1340	0.0765
b3f1bdd3-a76f-4ab7-9c8c-c02c36f1ecee	3	2170634	3608904	892	0.9494
b3f1bdd3-a76f-4ab7-9c8c-c02c36f1ecee	3	3610380	8319013	2591	-0.2331
b3f1bdd3-a76f-4ab7-9c8c-c02c36f1ecee	3	8320370	8835318	316	0.032
b3f1bdd3-a76f-4ab7-9c8c-c02c36f1ecee	3	8835894	11018936	1424	-0.2191
b3f1bdd3-a76f-4ab7-9c8c-c02c36f1ecee	3	11020926	13345676	1515	-0.5444
b3f1bdd3-a76f-4ab7-9c8c-c02c36f1ecee	3	13345689	21050376	4576	-0.6332
b3f1bdd3-a76f-4ab7-9c8c-c02c36f1ecee	3	21052254	33858440	7581	-0.4125
b3f1bdd3-a76f-4ab7-9c8c-c02c36f1ecee	3	33861678	33877237	14	0.4735
b3f1bdd3-a76f-4ab7-9c8c-c02c36f1ecee	3	33881971	45709751	6998	-0.3784
b3f1bdd3-a76f-4ab7-9c8c-c02c36f1ecee	3	45712087	63711237	9583	-0.5781
b3f1bdd3-a76f-4ab7-9c8c-c02c36f1ecee	3	63716450	63716519	2	-2.9703
b3f1bdd3-a76f-4ab7-9c8c-c02c36f1ecee	3	63716799	87759935	14383	-0.5937
b3f1bdd3-a76f-4ab7-9c8c-c02c36f1ecee	3	87760453	99629567	4093	-0.2979
b3f1bdd3-a76f-4ab7-9c8c-c02c36f1ecee	3	99633760	100132178	270	0.6252
b3f1bdd3-a76f-4ab7-9c8c-c02c36f1ecee	3	100134104	107775498	4292	0.9854
b3f1bdd3-a76f-4ab7-9c8c-c02c36f1ecee	3	107777091	108536380	543	1.3402
b3f1bdd3-a76f-4ab7-9c8c-c02c36f1ecee	3	108537463	111622970	1455	1.0194
b3f1bdd3-a76f-4ab7-9c8c-c02c36f1ecee	3	111632589	115804452	2474	0.8902
b3f1bdd3-a76f-4ab7-9c8c-c02c36f1ecee	3	115805354	115937707	90	0.9871
b3f1bdd3-a76f-4ab7-9c8c-c02c36f1ecee	3	115938757	116355209	270	1.4014
b3f1bdd3-a76f-4ab7-9c8c-c02c36f1ecee	3	116359260	116359516	7	0.947
b3f1bdd3-a76f-4ab7-9c8c-c02c36f1ecee	3	116359543	116377753	17	0.5775
b3f1bdd3-a76f-4ab7-9c8c-c02c36f1ecee	3	116378141	117548442	933	0.8827
b3f1bdd3-a76f-4ab7-9c8c-c02c36f1ecee	3	117548631	121681376	2215	0.7612
b3f1bdd3-a76f-4ab7-9c8c-c02c36f1ecee	3	121681800	122462414	424	1.1736
b3f1bdd3-a76f-4ab7-9c8c-c02c36f1ecee	3	122467341	125353756	1915	0.8133
b3f1bdd3-a76f-4ab7-9c8c-c02c36f1ecee	3	125364084	125688845	161	0.9831
b3f1bdd3-a76f-4ab7-9c8c-c02c36f1ecee	3	125705628	126656936	560	0.8092
b3f1bdd3-a76f-4ab7-9c8c-c02c36f1ecee	3	126660984	129558837	1521	0.242
b3f1bdd3-a76f-4ab7-9c8c-c02c36f1ecee	3	129570370	129651589	44	-0.6526
b3f1bdd3-a76f-4ab7-9c8c-c02c36f1ecee	3	129652676	134670696	2974	0.2202
b3f1bdd3-a76f-4ab7-9c8c-c02c36f1ecee	3	134671224	141840333	4079	0.8104
b3f1bdd3-a76f-4ab7-9c8c-c02c36f1ecee	3	141843122	142375789	128	1.2141
b3f1bdd3-a76f-4ab7-9c8c-c02c36f1ecee	3	142375835	146230781	2030	0.8009
b3f1bdd3-a76f-4ab7-9c8c-c02c36f1ecee	3	146236611	146240730	3	-0.4422
b3f1bdd3-a76f-4ab7-9c8c-c02c36f1ecee	3	146242026	148029318	480	0.8002
b3f1bdd3-a76f-4ab7-9c8c-c02c36f1ecee	3	148035678	148049913	11	1.3865
b3f1bdd3-a76f-4ab7-9c8c-c02c36f1ecee	3	148054203	148141118	60	0.8165
b3f1bdd3-a76f-4ab7-9c8c-c02c36f1ecee	3	148142607	148150339	11	1.2778
b3f1bdd3-a76f-4ab7-9c8c-c02c36f1ecee	3	148159565	148179295	10	0.7662
b3f1bdd3-a76f-4ab7-9c8c-c02c36f1ecee	3	148186579	149498011	854	0.6833
b3f1bdd3-a76f-4ab7-9c8c-c02c36f1ecee	3	149499574	155155531	3181	1.2131
b3f1bdd3-a76f-4ab7-9c8c-c02c36f1ecee	3	155158836	155457054	195	1.5764
b3f1bdd3-a76f-4ab7-9c8c-c02c36f1ecee	3	155457236	158441528	1631	1.2373
b3f1bdd3-a76f-4ab7-9c8c-c02c36f1ecee	3	158445978	159592434	634	1.6848
b3f1bdd3-a76f-4ab7-9c8c-c02c36f1ecee	3	159594471	163169139	1730	1.2306
b3f1bdd3-a76f-4ab7-9c8c-c02c36f1ecee	3	163177451	163694357	205	0.7089
b3f1bdd3-a76f-4ab7-9c8c-c02c36f1ecee	3	163701627	167637888	1647	1.2418
b3f1bdd3-a76f-4ab7-9c8c-c02c36f1ecee	3	167641505	167993253	202	1.5834
b3f1bdd3-a76f-4ab7-9c8c-c02c36f1ecee	3	168001543	179160098	5759	1.2213
b3f1bdd3-a76f-4ab7-9c8c-c02c36f1ecee	3	179160118	179234432	152	0.9932
b3f1bdd3-a76f-4ab7-9c8c-c02c36f1ecee	3	179234447	182185841	1540	1.224
b3f1bdd3-a76f-4ab7-9c8c-c02c36f1ecee	3	182186509	184374693	778	0.8451
b3f1bdd3-a76f-4ab7-9c8c-c02c36f1ecee	3	184375739	188939579	2970	0.7353
b3f1bdd3-a76f-4ab7-9c8c-c02c36f1ecee	3	188944889	189416892	310	0.8852
b3f1bdd3-a76f-4ab7-9c8c-c02c36f1ecee	3	189417387	193480387	2511	0.7595
b3f1bdd3-a76f-4ab7-9c8c-c02c36f1ecee	3	193482248	194728426	768	0.8042
b3f1bdd3-a76f-4ab7-9c8c-c02c36f1ecee	3	194731827	197812401	804	1.1148
b3f1bdd3-a76f-4ab7-9c8c-c02c36f1ecee	4	1059384	2692252	573	0.0286
b3f1bdd3-a76f-4ab7-9c8c-c02c36f1ecee	4	2692354	3657847	458	0.2049
b3f1bdd3-a76f-4ab7-9c8c-c02c36f1ecee	4	3661516	10344621	3832	0.2925
b3f1bdd3-a76f-4ab7-9c8c-c02c36f1ecee	4	10344926	18069362	5686	0.2386
b3f1bdd3-a76f-4ab7-9c8c-c02c36f1ecee	4	18073761	18116953	26	0.0982
b3f1bdd3-a76f-4ab7-9c8c-c02c36f1ecee	4	18119362	86309648	37334	-0.6263
b3f1bdd3-a76f-4ab7-9c8c-c02c36f1ecee	4	86310993	86452247	84	-1.1451
b3f1bdd3-a76f-4ab7-9c8c-c02c36f1ecee	4	86458500	98086981	6379	-0.638
b3f1bdd3-a76f-4ab7-9c8c-c02c36f1ecee	4	98088994	98089185	2	-3.1669
b3f1bdd3-a76f-4ab7-9c8c-c02c36f1ecee	4	98089693	111170910	7366	-0.6449
b3f1bdd3-a76f-4ab7-9c8c-c02c36f1ecee	4	111171070	112221912	586	0.1729
b3f1bdd3-a76f-4ab7-9c8c-c02c36f1ecee	4	112224342	120735567	4909	-0.6414
b3f1bdd3-a76f-4ab7-9c8c-c02c36f1ecee	4	120736373	121191319	273	0.1953
b3f1bdd3-a76f-4ab7-9c8c-c02c36f1ecee	4	121197817	134701521	6634	-0.6272
b3f1bdd3-a76f-4ab7-9c8c-c02c36f1ecee	4	134701533	134702075	2	-2.8611
b3f1bdd3-a76f-4ab7-9c8c-c02c36f1ecee	4	134702129	137086048	1248	-0.6411
b3f1bdd3-a76f-4ab7-9c8c-c02c36f1ecee	4	137088603	137089878	5	-1.9008
b3f1bdd3-a76f-4ab7-9c8c-c02c36f1ecee	4	137092460	146342971	5405	-0.6344
b3f1bdd3-a76f-4ab7-9c8c-c02c36f1ecee	4	146345388	146366405	8	0.2254
b3f1bdd3-a76f-4ab7-9c8c-c02c36f1ecee	4	146366444	148101977	1014	-0.656
b3f1bdd3-a76f-4ab7-9c8c-c02c36f1ecee	4	148102163	148103028	2	-2.5651
b3f1bdd3-a76f-4ab7-9c8c-c02c36f1ecee	4	148103109	158887064	6077	-0.6388
b3f1bdd3-a76f-4ab7-9c8c-c02c36f1ecee	4	158888346	158921238	23	0.0297
b3f1bdd3-a76f-4ab7-9c8c-c02c36f1ecee	4	158923932	187842528	15156	-0.6497
b3f1bdd3-a76f-4ab7-9c8c-c02c36f1ecee	5	913983	22592421	13225	0.2308
b3f1bdd3-a76f-4ab7-9c8c-c02c36f1ecee	5	22599054	23290410	414	1.1707
b3f1bdd3-a76f-4ab7-9c8c-c02c36f1ecee	5	23290513	23290614	7	0.1518
b3f1bdd3-a76f-4ab7-9c8c-c02c36f1ecee	5	23291338	23979557	389	1.1218
b3f1bdd3-a76f-4ab7-9c8c-c02c36f1ecee	5	23989203	24831009	501	0.2207
b3f1bdd3-a76f-4ab7-9c8c-c02c36f1ecee	5	24832274	24837790	8	1.0626
b3f1bdd3-a76f-4ab7-9c8c-c02c36f1ecee	5	24843846	25536992	245	0.1681
b3f1bdd3-a76f-4ab7-9c8c-c02c36f1ecee	5	25541955	25546099	4	-2.2855
b3f1bdd3-a76f-4ab7-9c8c-c02c36f1ecee	5	25551703	26112824	339	0.1814
b3f1bdd3-a76f-4ab7-9c8c-c02c36f1ecee	5	26116073	26116239	2	-2.7185
b3f1bdd3-a76f-4ab7-9c8c-c02c36f1ecee	5	26116991	28158674	1102	0.1916
b3f1bdd3-a76f-4ab7-9c8c-c02c36f1ecee	5	28160961	35377719	4107	-0.5231
b3f1bdd3-a76f-4ab7-9c8c-c02c36f1ecee	5	35377932	39311656	2474	-0.5956
b3f1bdd3-a76f-4ab7-9c8c-c02c36f1ecee	5	39313331	39533229	152	0.2636
b3f1bdd3-a76f-4ab7-9c8c-c02c36f1ecee	5	39545311	44599762	2766	-0.6299
b3f1bdd3-a76f-4ab7-9c8c-c02c36f1ecee	5	44602071	59252405	5710	-0.0273
b3f1bdd3-a76f-4ab7-9c8c-c02c36f1ecee	5	59318863	59831477	388	-1.1236
b3f1bdd3-a76f-4ab7-9c8c-c02c36f1ecee	5	59841962	63930624	1953	-0.0412
b3f1bdd3-a76f-4ab7-9c8c-c02c36f1ecee	5	63934070	64673066	365	0.5592
b3f1bdd3-a76f-4ab7-9c8c-c02c36f1ecee	5	64674719	64957384	124	-0.0162
b3f1bdd3-a76f-4ab7-9c8c-c02c36f1ecee	5	64957556	65682500	411	0.3606
b3f1bdd3-a76f-4ab7-9c8c-c02c36f1ecee	5	65682930	66370085	444	-0.0898
b3f1bdd3-a76f-4ab7-9c8c-c02c36f1ecee	5	66371418	66371650	2	-2.1611
b3f1bdd3-a76f-4ab7-9c8c-c02c36f1ecee	5	66375582	68810027	1737	-0.0986
b3f1bdd3-a76f-4ab7-9c8c-c02c36f1ecee	5	68810673	74945936	2657	-0.0648
b3f1bdd3-a76f-4ab7-9c8c-c02c36f1ecee	5	74946337	96368601	11606	-0.1096
b3f1bdd3-a76f-4ab7-9c8c-c02c36f1ecee	5	96373466	96624049	180	-1.0787
b3f1bdd3-a76f-4ab7-9c8c-c02c36f1ecee	5	96628315	102213601	2096	-0.0681
b3f1bdd3-a76f-4ab7-9c8c-c02c36f1ecee	5	102217251	107461610	2655	-0.0023
b3f1bdd3-a76f-4ab7-9c8c-c02c36f1ecee	5	107465462	107493712	36	0.4774
b3f1bdd3-a76f-4ab7-9c8c-c02c36f1ecee	5	107497450	108106069	503	0.033
b3f1bdd3-a76f-4ab7-9c8c-c02c36f1ecee	5	108109650	108113766	5	0.7163
b3f1bdd3-a76f-4ab7-9c8c-c02c36f1ecee	5	108114818	111573675	1940	-0.0131
b3f1bdd3-a76f-4ab7-9c8c-c02c36f1ecee	5	111573806	111574957	4	-1.0706
b3f1bdd3-a76f-4ab7-9c8c-c02c36f1ecee	5	111575348	111995134	277	-0.0263
b3f1bdd3-a76f-4ab7-9c8c-c02c36f1ecee	5	111995936	114726149	1984	0.0738
b3f1bdd3-a76f-4ab7-9c8c-c02c36f1ecee	5	114726687	115003061	151	0.0008
b3f1bdd3-a76f-4ab7-9c8c-c02c36f1ecee	5	115003558	115241661	148	0.5014
b3f1bdd3-a76f-4ab7-9c8c-c02c36f1ecee	5	115248004	117761111	1486	0.0068
b3f1bdd3-a76f-4ab7-9c8c-c02c36f1ecee	5	117762704	117902776	86	-0.0487
b3f1bdd3-a76f-4ab7-9c8c-c02c36f1ecee	5	117903759	117903779	2	-1.6317
b3f1bdd3-a76f-4ab7-9c8c-c02c36f1ecee	5	117911065	135013013	9841	-0.0536
b3f1bdd3-a76f-4ab7-9c8c-c02c36f1ecee	5	135015780	139906877	2843	-0.0203
b3f1bdd3-a76f-4ab7-9c8c-c02c36f1ecee	5	139909634	140741843	375	0.361
b3f1bdd3-a76f-4ab7-9c8c-c02c36f1ecee	5	140745201	150686038	6315	-0.0531
b3f1bdd3-a76f-4ab7-9c8c-c02c36f1ecee	5	150689952	150705907	12	0.5665
b3f1bdd3-a76f-4ab7-9c8c-c02c36f1ecee	5	150708599	156245985	3613	-0.0553
b3f1bdd3-a76f-4ab7-9c8c-c02c36f1ecee	5	156253129	156288793	32	-1.2379
b3f1bdd3-a76f-4ab7-9c8c-c02c36f1ecee	5	156293968	159548202	2165	-0.0775
b3f1bdd3-a76f-4ab7-9c8c-c02c36f1ecee	5	159548492	159557788	11	-0.7184
b3f1bdd3-a76f-4ab7-9c8c-c02c36f1ecee	5	159557837	163240143	2318	-0.0626
b3f1bdd3-a76f-4ab7-9c8c-c02c36f1ecee	5	163243976	163831453	375	0.3782
b3f1bdd3-a76f-4ab7-9c8c-c02c36f1ecee	5	163831918	167428790	2234	-0.0656
b3f1bdd3-a76f-4ab7-9c8c-c02c36f1ecee	5	167430010	167430337	2	1.4678
b3f1bdd3-a76f-4ab7-9c8c-c02c36f1ecee	5	167437318	168840902	1048	-0.0184
b3f1bdd3-a76f-4ab7-9c8c-c02c36f1ecee	5	168841366	168841382	2	-2.5026
b3f1bdd3-a76f-4ab7-9c8c-c02c36f1ecee	5	168843239	177018947	5153	-0.0231
b3f1bdd3-a76f-4ab7-9c8c-c02c36f1ecee	5	177019306	177106134	46	-0.1275
b3f1bdd3-a76f-4ab7-9c8c-c02c36f1ecee	5	177107422	177107515	2	-1.4142
b3f1bdd3-a76f-4ab7-9c8c-c02c36f1ecee	5	177112211	177982825	226	-0.1471
b3f1bdd3-a76f-4ab7-9c8c-c02c36f1ecee	5	177983415	178485032	246	-0.0264
b3f1bdd3-a76f-4ab7-9c8c-c02c36f1ecee	5	178485095	180934240	1275	0.1361
b3f1bdd3-a76f-4ab7-9c8c-c02c36f1ecee	6	1011760	1749694	612	-0.4809
b3f1bdd3-a76f-4ab7-9c8c-c02c36f1ecee	6	1756900	2038810	189	0.3972
b3f1bdd3-a76f-4ab7-9c8c-c02c36f1ecee	6	2041464	4987363	2016	-0.4989
b3f1bdd3-a76f-4ab7-9c8c-c02c36f1ecee	6	4990426	5245041	221	0.3598
b3f1bdd3-a76f-4ab7-9c8c-c02c36f1ecee	6	5245885	7824003	1975	-0.5963
b3f1bdd3-a76f-4ab7-9c8c-c02c36f1ecee	6	7825851	11099174	2091	0.221
b3f1bdd3-a76f-4ab7-9c8c-c02c36f1ecee	6	11101685	25841148	10260	0.712
b3f1bdd3-a76f-4ab7-9c8c-c02c36f1ecee	6	25841180	39154395	5586	0.5561
b3f1bdd3-a76f-4ab7-9c8c-c02c36f1ecee	6	39155344	40277744	797	0.6672
b3f1bdd3-a76f-4ab7-9c8c-c02c36f1ecee	6	40280961	41964276	1232	0.0208
b3f1bdd3-a76f-4ab7-9c8c-c02c36f1ecee	6	41965816	54273399	7267	0.2012
b3f1bdd3-a76f-4ab7-9c8c-c02c36f1ecee	6	54276853	54292558	16	0.7123
b3f1bdd3-a76f-4ab7-9c8c-c02c36f1ecee	6	54294348	55919480	1000	0.2087
b3f1bdd3-a76f-4ab7-9c8c-c02c36f1ecee	6	55922387	56387242	290	0.7447
b3f1bdd3-a76f-4ab7-9c8c-c02c36f1ecee	6	56392176	76175242	8614	0.2042
b3f1bdd3-a76f-4ab7-9c8c-c02c36f1ecee	6	76177270	76200865	21	0.7163
b3f1bdd3-a76f-4ab7-9c8c-c02c36f1ecee	6	76202761	111227227	19457	0.1904
b3f1bdd3-a76f-4ab7-9c8c-c02c36f1ecee	6	111227610	112348885	723	0.726
b3f1bdd3-a76f-4ab7-9c8c-c02c36f1ecee	6	112353167	112356072	5	0.0184
b3f1bdd3-a76f-4ab7-9c8c-c02c36f1ecee	6	112364637	112596042	122	0.6991
b3f1bdd3-a76f-4ab7-9c8c-c02c36f1ecee	6	112597328	113898467	879	1.1314
b3f1bdd3-a76f-4ab7-9c8c-c02c36f1ecee	6	113906148	115998904	1101	0.7304
b3f1bdd3-a76f-4ab7-9c8c-c02c36f1ecee	6	116006055	118227934	1262	0.1601
b3f1bdd3-a76f-4ab7-9c8c-c02c36f1ecee	6	118816495	119699395	487	0.4126
b3f1bdd3-a76f-4ab7-9c8c-c02c36f1ecee	6	119700464	121428781	994	0.1573
b3f1bdd3-a76f-4ab7-9c8c-c02c36f1ecee	6	121437761	123288339	1018	0.7144
b3f1bdd3-a76f-4ab7-9c8c-c02c36f1ecee	6	123292716	123292869	3	-0.3868
b3f1bdd3-a76f-4ab7-9c8c-c02c36f1ecee	6	123294328	123916099	357	0.7275
b3f1bdd3-a76f-4ab7-9c8c-c02c36f1ecee	6	123916680	125979887	1319	0.1965
b3f1bdd3-a76f-4ab7-9c8c-c02c36f1ecee	6	125981055	126569642	276	-0.6552
b3f1bdd3-a76f-4ab7-9c8c-c02c36f1ecee	6	126580673	126600710	8	-1.5779
b3f1bdd3-a76f-4ab7-9c8c-c02c36f1ecee	6	126601662	127112031	262	-2.9591
b3f1bdd3-a76f-4ab7-9c8c-c02c36f1ecee	6	127112081	165478907	24272	-0.6729
b3f1bdd3-a76f-4ab7-9c8c-c02c36f1ecee	6	165480270	169103150	1345	0.15
b3f1bdd3-a76f-4ab7-9c8c-c02c36f1ecee	6	169103236	169103701	7	-0.8189
b3f1bdd3-a76f-4ab7-9c8c-c02c36f1ecee	6	169103881	169199737	70	0.2036
b3f1bdd3-a76f-4ab7-9c8c-c02c36f1ecee	6	169201214	169201218	2	-1.9563
b3f1bdd3-a76f-4ab7-9c8c-c02c36f1ecee	6	169202866	170596889	632	0.1604
b3f1bdd3-a76f-4ab7-9c8c-c02c36f1ecee	7	664936	5473158	1873	0.3994
b3f1bdd3-a76f-4ab7-9c8c-c02c36f1ecee	7	5476064	5644302	64	0.8342
b3f1bdd3-a76f-4ab7-9c8c-c02c36f1ecee	7	5644570	12091205	3034	0.3414
b3f1bdd3-a76f-4ab7-9c8c-c02c36f1ecee	7	12091286	12873038	545	0.8376
b3f1bdd3-a76f-4ab7-9c8c-c02c36f1ecee	7	12877404	12887496	10	1.4049
b3f1bdd3-a76f-4ab7-9c8c-c02c36f1ecee	7	12889409	13040942	103	0.8082
b3f1bdd3-a76f-4ab7-9c8c-c02c36f1ecee	7	13041135	15441414	1696	0.3503
b3f1bdd3-a76f-4ab7-9c8c-c02c36f1ecee	7	15443873	15456617	19	0.9453
b3f1bdd3-a76f-4ab7-9c8c-c02c36f1ecee	7	15457258	23010887	4338	0.3938
b3f1bdd3-a76f-4ab7-9c8c-c02c36f1ecee	7	23014329	23536184	318	0.8718
b3f1bdd3-a76f-4ab7-9c8c-c02c36f1ecee	7	23539780	24262552	519	0.3716
b3f1bdd3-a76f-4ab7-9c8c-c02c36f1ecee	7	24262638	24276938	24	-0.1713
b3f1bdd3-a76f-4ab7-9c8c-c02c36f1ecee	7	24277087	25376413	852	0.3711
b3f1bdd3-a76f-4ab7-9c8c-c02c36f1ecee	7	25379173	26432141	673	0.4921
b3f1bdd3-a76f-4ab7-9c8c-c02c36f1ecee	7	26432254	32231800	3740	0.4028
b3f1bdd3-a76f-4ab7-9c8c-c02c36f1ecee	7	32233247	32237669	3	-0.8203
b3f1bdd3-a76f-4ab7-9c8c-c02c36f1ecee	7	32240455	34627585	1479	0.4153
b3f1bdd3-a76f-4ab7-9c8c-c02c36f1ecee	7	34628551	34855738	139	-0.5779
b3f1bdd3-a76f-4ab7-9c8c-c02c36f1ecee	7	34859961	34861976	4	-5.3129
b3f1bdd3-a76f-4ab7-9c8c-c02c36f1ecee	7	34864152	37819611	2063	-0.6488
b3f1bdd3-a76f-4ab7-9c8c-c02c36f1ecee	7	37826352	38125846	263	0.364
b3f1bdd3-a76f-4ab7-9c8c-c02c36f1ecee	7	38126504	54434126	10335	0.2713
b3f1bdd3-a76f-4ab7-9c8c-c02c36f1ecee	7	54434219	54778925	227	0.3777
b3f1bdd3-a76f-4ab7-9c8c-c02c36f1ecee	7	54778938	55441560	625	0.8802
b3f1bdd3-a76f-4ab7-9c8c-c02c36f1ecee	7	55441835	67371750	1465	0.2773
b3f1bdd3-a76f-4ab7-9c8c-c02c36f1ecee	7	67373394	68902192	1021	0.3409
b3f1bdd3-a76f-4ab7-9c8c-c02c36f1ecee	7	68903132	68904092	3	1.7167
b3f1bdd3-a76f-4ab7-9c8c-c02c36f1ecee	7	68904399	72494434	2106	0.3463
b3f1bdd3-a76f-4ab7-9c8c-c02c36f1ecee	7	72496237	74478286	452	0.2606
b3f1bdd3-a76f-4ab7-9c8c-c02c36f1ecee	7	74482925	80092314	2408	0.8045
b3f1bdd3-a76f-4ab7-9c8c-c02c36f1ecee	7	80092771	80274554	144	0.3201
b3f1bdd3-a76f-4ab7-9c8c-c02c36f1ecee	7	80276581	80858288	378	0.8817
b3f1bdd3-a76f-4ab7-9c8c-c02c36f1ecee	7	80858752	81817404	621	0.3325
b3f1bdd3-a76f-4ab7-9c8c-c02c36f1ecee	7	81817935	99250923	8910	0.8311
b3f1bdd3-a76f-4ab7-9c8c-c02c36f1ecee	7	99254652	99567563	116	1.5349
b3f1bdd3-a76f-4ab7-9c8c-c02c36f1ecee	7	99573789	103120064	1240	0.811
b3f1bdd3-a76f-4ab7-9c8c-c02c36f1ecee	7	103122769	103144663	11	-0.4963
b3f1bdd3-a76f-4ab7-9c8c-c02c36f1ecee	7	103146688	116327489	7079	0.8314
b3f1bdd3-a76f-4ab7-9c8c-c02c36f1ecee	7	116334211	123410649	4005	0.8812
b3f1bdd3-a76f-4ab7-9c8c-c02c36f1ecee	7	123414138	123437697	13	0.715
b3f1bdd3-a76f-4ab7-9c8c-c02c36f1ecee	7	123442856	123442858	2	-0.7721
b3f1bdd3-a76f-4ab7-9c8c-c02c36f1ecee	7	123443635	124189190	399	0.8519
b3f1bdd3-a76f-4ab7-9c8c-c02c36f1ecee	7	124189316	124292483	87	1.4004
b3f1bdd3-a76f-4ab7-9c8c-c02c36f1ecee	7	124292552	125609830	704	0.908
b3f1bdd3-a76f-4ab7-9c8c-c02c36f1ecee	7	125611717	131499020	2974	-0.4221
b3f1bdd3-a76f-4ab7-9c8c-c02c36f1ecee	7	131504353	131563949	42	0.4888
b3f1bdd3-a76f-4ab7-9c8c-c02c36f1ecee	7	131569753	152166470	11244	-0.398
b3f1bdd3-a76f-4ab7-9c8c-c02c36f1ecee	7	152166989	152502774	117	-2.1535
b3f1bdd3-a76f-4ab7-9c8c-c02c36f1ecee	7	152502813	153164510	381	-3.2627
b3f1bdd3-a76f-4ab7-9c8c-c02c36f1ecee	7	153170807	154716993	532	-0.2778
b3f1bdd3-a76f-4ab7-9c8c-c02c36f1ecee	7	154719453	154760633	35	0.5516
b3f1bdd3-a76f-4ab7-9c8c-c02c36f1ecee	7	154766164	157522471	1823	-0.2938
b3f1bdd3-a76f-4ab7-9c8c-c02c36f1ecee	7	157527997	157534834	5	0.7549
b3f1bdd3-a76f-4ab7-9c8c-c02c36f1ecee	7	157535197	158592540	450	-0.2761
b3f1bdd3-a76f-4ab7-9c8c-c02c36f1ecee	8	667625	3874445	1644	-0.5125
b3f1bdd3-a76f-4ab7-9c8c-c02c36f1ecee	8	3874891	3877127	3	-3.9807
b3f1bdd3-a76f-4ab7-9c8c-c02c36f1ecee	8	3877205	11752206	3545	-0.5174
b3f1bdd3-a76f-4ab7-9c8c-c02c36f1ecee	8	11753165	17538871	3517	-0.3357
b3f1bdd3-a76f-4ab7-9c8c-c02c36f1ecee	8	17539126	17554984	21	0.5099
b3f1bdd3-a76f-4ab7-9c8c-c02c36f1ecee	8	17555646	26063451	6191	-0.3251
b3f1bdd3-a76f-4ab7-9c8c-c02c36f1ecee	8	26064444	26064592	3	-1.8701
b3f1bdd3-a76f-4ab7-9c8c-c02c36f1ecee	8	26065125	27530682	1074	-0.3433
b3f1bdd3-a76f-4ab7-9c8c-c02c36f1ecee	8	27531650	27547641	12	-2.5143
b3f1bdd3-a76f-4ab7-9c8c-c02c36f1ecee	8	27547656	29363373	1177	-0.3716
b3f1bdd3-a76f-4ab7-9c8c-c02c36f1ecee	8	29364217	29366347	4	-1.7824
b3f1bdd3-a76f-4ab7-9c8c-c02c36f1ecee	8	29366453	38084349	4958	-0.3302
b3f1bdd3-a76f-4ab7-9c8c-c02c36f1ecee	8	38086028	42136633	2305	0.0592
b3f1bdd3-a76f-4ab7-9c8c-c02c36f1ecee	8	42143465	42146646	6	-0.9365
b3f1bdd3-a76f-4ab7-9c8c-c02c36f1ecee	8	42147721	43068274	521	0.004
b3f1bdd3-a76f-4ab7-9c8c-c02c36f1ecee	8	43073514	47948245	552	0.1548
b3f1bdd3-a76f-4ab7-9c8c-c02c36f1ecee	8	47948412	56519911	4791	0.059
b3f1bdd3-a76f-4ab7-9c8c-c02c36f1ecee	8	56524867	56736203	130	0.5011
b3f1bdd3-a76f-4ab7-9c8c-c02c36f1ecee	8	56736236	77801743	12615	0.0382
b3f1bdd3-a76f-4ab7-9c8c-c02c36f1ecee	8	77802379	78497200	354	0.4896
b3f1bdd3-a76f-4ab7-9c8c-c02c36f1ecee	8	78497716	89906275	6053	0.0256
b3f1bdd3-a76f-4ab7-9c8c-c02c36f1ecee	8	89909876	90089301	116	0.6185
b3f1bdd3-a76f-4ab7-9c8c-c02c36f1ecee	8	90098965	94155019	2312	0.0277
b3f1bdd3-a76f-4ab7-9c8c-c02c36f1ecee	8	94155341	94194041	42	0.587
b3f1bdd3-a76f-4ab7-9c8c-c02c36f1ecee	8	94195570	97271878	1937	0.0518
b3f1bdd3-a76f-4ab7-9c8c-c02c36f1ecee	8	97274059	97294471	16	0.6264
b3f1bdd3-a76f-4ab7-9c8c-c02c36f1ecee	8	97302264	98160966	567	0.0808
b3f1bdd3-a76f-4ab7-9c8c-c02c36f1ecee	8	98162267	101027479	1462	-0.9463
b3f1bdd3-a76f-4ab7-9c8c-c02c36f1ecee	8	101028268	102502902	926	0.6912
b3f1bdd3-a76f-4ab7-9c8c-c02c36f1ecee	8	102504546	109011675	3512	1.2454
b3f1bdd3-a76f-4ab7-9c8c-c02c36f1ecee	8	109012354	109054736	21	1.7466
b3f1bdd3-a76f-4ab7-9c8c-c02c36f1ecee	8	109055505	110645862	868	1.2329
b3f1bdd3-a76f-4ab7-9c8c-c02c36f1ecee	8	110647673	113561897	1477	1.8336
b3f1bdd3-a76f-4ab7-9c8c-c02c36f1ecee	8	113567382	113567383	2	-0.2366
b3f1bdd3-a76f-4ab7-9c8c-c02c36f1ecee	8	113580472	118367315	2848	1.8125
b3f1bdd3-a76f-4ab7-9c8c-c02c36f1ecee	8	118367406	119284309	714	2.4362
b3f1bdd3-a76f-4ab7-9c8c-c02c36f1ecee	8	119298868	120004611	456	1.7562
b3f1bdd3-a76f-4ab7-9c8c-c02c36f1ecee	8	120005936	125859840	3860	1.1857
b3f1bdd3-a76f-4ab7-9c8c-c02c36f1ecee	8	125861295	126016118	88	1.46
b3f1bdd3-a76f-4ab7-9c8c-c02c36f1ecee	8	126019232	130143825	2829	1.2132
b3f1bdd3-a76f-4ab7-9c8c-c02c36f1ecee	8	130152100	144182542	8451	0.7088
b3f1bdd3-a76f-4ab7-9c8c-c02c36f1ecee	9	789794	961582	151	0.7689
b3f1bdd3-a76f-4ab7-9c8c-c02c36f1ecee	9	962184	2920872	1332	1.1595
b3f1bdd3-a76f-4ab7-9c8c-c02c36f1ecee	9	2923452	3755197	501	0.7478
b3f1bdd3-a76f-4ab7-9c8c-c02c36f1ecee	9	3757758	4120725	403	0.2465
b3f1bdd3-a76f-4ab7-9c8c-c02c36f1ecee	9	4121848	4123868	4	-0.5016
b3f1bdd3-a76f-4ab7-9c8c-c02c36f1ecee	9	4124377	4200802	93	0.2814
b3f1bdd3-a76f-4ab7-9c8c-c02c36f1ecee	9	4202667	4846754	479	0.708
b3f1bdd3-a76f-4ab7-9c8c-c02c36f1ecee	9	4848297	4888441	45	1.0278
b3f1bdd3-a76f-4ab7-9c8c-c02c36f1ecee	9	4889126	6188652	639	0.6495
b3f1bdd3-a76f-4ab7-9c8c-c02c36f1ecee	9	6194257	10649660	2362	0.7436
b3f1bdd3-a76f-4ab7-9c8c-c02c36f1ecee	9	10649864	10657332	6	-0.2879
b3f1bdd3-a76f-4ab7-9c8c-c02c36f1ecee	9	10657520	11228689	285	0.7374
b3f1bdd3-a76f-4ab7-9c8c-c02c36f1ecee	9	11229926	18504831	4680	0.7817
b3f1bdd3-a76f-4ab7-9c8c-c02c36f1ecee	9	18505641	26962561	5646	0.7294
b3f1bdd3-a76f-4ab7-9c8c-c02c36f1ecee	9	26971331	28356133	955	1.1228
b3f1bdd3-a76f-4ab7-9c8c-c02c36f1ecee	9	28356280	34622469	3411	0.7307
b3f1bdd3-a76f-4ab7-9c8c-c02c36f1ecee	9	34623238	38752071	2526	0.2242
b3f1bdd3-a76f-4ab7-9c8c-c02c36f1ecee	9	68423153	68443566	14	-0.1319
b3f1bdd3-a76f-4ab7-9c8c-c02c36f1ecee	9	68444337	70571403	1607	-0.5877
b3f1bdd3-a76f-4ab7-9c8c-c02c36f1ecee	9	70571990	73817823	2146	-0.3587
b3f1bdd3-a76f-4ab7-9c8c-c02c36f1ecee	9	73818174	73818479	2	-2.3614
b3f1bdd3-a76f-4ab7-9c8c-c02c36f1ecee	9	73818900	80712491	4865	-0.3592
b3f1bdd3-a76f-4ab7-9c8c-c02c36f1ecee	9	80712588	125520888	29659	-0.3271
b3f1bdd3-a76f-4ab7-9c8c-c02c36f1ecee	9	125525265	133250790	4535	-0.3731
b3f1bdd3-a76f-4ab7-9c8c-c02c36f1ecee	9	133253159	133257486	4	-4.5093
b3f1bdd3-a76f-4ab7-9c8c-c02c36f1ecee	9	133258308	138044505	1868	-0.3459
b3f1bdd3-a76f-4ab7-9c8c-c02c36f1ecee	10	366509	369300	2	-0.5522
b3f1bdd3-a76f-4ab7-9c8c-c02c36f1ecee	10	373781	1858692	667	0.0638
b3f1bdd3-a76f-4ab7-9c8c-c02c36f1ecee	10	1859891	1860476	9	-1.2464
b3f1bdd3-a76f-4ab7-9c8c-c02c36f1ecee	10	1860494	3098348	639	0.0573
b3f1bdd3-a76f-4ab7-9c8c-c02c36f1ecee	10	3098894	3131172	29	-0.9529
b3f1bdd3-a76f-4ab7-9c8c-c02c36f1ecee	10	3133571	3808588	602	0.0092
b3f1bdd3-a76f-4ab7-9c8c-c02c36f1ecee	10	3811337	4159315	292	0.1891
b3f1bdd3-a76f-4ab7-9c8c-c02c36f1ecee	10	4160105	4160326	2	-2.1021
b3f1bdd3-a76f-4ab7-9c8c-c02c36f1ecee	10	4161388	4843344	691	0.1785
b3f1bdd3-a76f-4ab7-9c8c-c02c36f1ecee	10	4848920	9727319	3527	0.7178
b3f1bdd3-a76f-4ab7-9c8c-c02c36f1ecee	10	9731770	10333680	432	1.1366
b3f1bdd3-a76f-4ab7-9c8c-c02c36f1ecee	10	10334653	11796401	1244	0.7269
b3f1bdd3-a76f-4ab7-9c8c-c02c36f1ecee	10	11796670	15334858	2762	0.2111
b3f1bdd3-a76f-4ab7-9c8c-c02c36f1ecee	10	15336399	15980396	494	0.7303
b3f1bdd3-a76f-4ab7-9c8c-c02c36f1ecee	10	15980544	18326308	1623	0.1762
b3f1bdd3-a76f-4ab7-9c8c-c02c36f1ecee	10	18328122	18901023	477	0.7133
b3f1bdd3-a76f-4ab7-9c8c-c02c36f1ecee	10	18901150	33739980	9904	0.224
b3f1bdd3-a76f-4ab7-9c8c-c02c36f1ecee	10	33741738	33747944	8	0.9414
b3f1bdd3-a76f-4ab7-9c8c-c02c36f1ecee	10	33748427	33927878	141	0.3083
b3f1bdd3-a76f-4ab7-9c8c-c02c36f1ecee	10	33929165	34767111	571	0.9357
b3f1bdd3-a76f-4ab7-9c8c-c02c36f1ecee	10	34771506	34878243	47	1.4152
b3f1bdd3-a76f-4ab7-9c8c-c02c36f1ecee	10	35038907	35794374	388	0.7995
b3f1bdd3-a76f-4ab7-9c8c-c02c36f1ecee	10	35800469	38770869	1634	0.2499
b3f1bdd3-a76f-4ab7-9c8c-c02c36f1ecee	10	38770921	58646369	8191	-0.5733
b3f1bdd3-a76f-4ab7-9c8c-c02c36f1ecee	10	58646718	60921633	1703	0.28
b3f1bdd3-a76f-4ab7-9c8c-c02c36f1ecee	10	60922411	66117277	3287	-0.5713
b3f1bdd3-a76f-4ab7-9c8c-c02c36f1ecee	10	66119682	66288752	105	0.3054
b3f1bdd3-a76f-4ab7-9c8c-c02c36f1ecee	10	66289254	74721151	4361	-0.5748
b3f1bdd3-a76f-4ab7-9c8c-c02c36f1ecee	10	74721553	74773549	29	0.1744
b3f1bdd3-a76f-4ab7-9c8c-c02c36f1ecee	10	74778053	93467455	11898	-0.5883
b3f1bdd3-a76f-4ab7-9c8c-c02c36f1ecee	10	93473618	93473906	3	-3.4797
b3f1bdd3-a76f-4ab7-9c8c-c02c36f1ecee	10	93474725	127387915	22181	-0.5843
b3f1bdd3-a76f-4ab7-9c8c-c02c36f1ecee	10	127387931	127707555	286	-0.154
b3f1bdd3-a76f-4ab7-9c8c-c02c36f1ecee	10	127713847	133411599	2745	-0.606
b3f1bdd3-a76f-4ab7-9c8c-c02c36f1ecee	11	456012	6199860	2682	0.1046
b3f1bdd3-a76f-4ab7-9c8c-c02c36f1ecee	11	6199984	6200150	3	1.5317
b3f1bdd3-a76f-4ab7-9c8c-c02c36f1ecee	11	6200511	7625675	984	0.0988
b3f1bdd3-a76f-4ab7-9c8c-c02c36f1ecee	11	7627519	8190695	397	0.6861
b3f1bdd3-a76f-4ab7-9c8c-c02c36f1ecee	11	8190997	10113683	1132	0.1047
b3f1bdd3-a76f-4ab7-9c8c-c02c36f1ecee	11	10114302	10119672	2	-1.1265
b3f1bdd3-a76f-4ab7-9c8c-c02c36f1ecee	11	10120196	11157412	769	0.1061
b3f1bdd3-a76f-4ab7-9c8c-c02c36f1ecee	11	11157459	13137914	1765	0.1675
b3f1bdd3-a76f-4ab7-9c8c-c02c36f1ecee	11	13138422	16615915	2191	0.1164
b3f1bdd3-a76f-4ab7-9c8c-c02c36f1ecee	11	16616021	19040689	1557	0.1712
b3f1bdd3-a76f-4ab7-9c8c-c02c36f1ecee	11	19042323	19863283	750	0.2244
b3f1bdd3-a76f-4ab7-9c8c-c02c36f1ecee	11	19870973	19877871	5	-0.6978
b3f1bdd3-a76f-4ab7-9c8c-c02c36f1ecee	11	19881144	21126827	1137	0.2202
b3f1bdd3-a76f-4ab7-9c8c-c02c36f1ecee	11	21128086	30254270	5698	0.1663
b3f1bdd3-a76f-4ab7-9c8c-c02c36f1ecee	11	30254781	30316688	37	0.7038
b3f1bdd3-a76f-4ab7-9c8c-c02c36f1ecee	11	30316758	39976446	5882	0.1944
b3f1bdd3-a76f-4ab7-9c8c-c02c36f1ecee	11	39976962	40272695	211	0.7223
b3f1bdd3-a76f-4ab7-9c8c-c02c36f1ecee	11	40279643	43519064	2208	0.2017
b3f1bdd3-a76f-4ab7-9c8c-c02c36f1ecee	11	43520862	43527194	8	0.7649
b3f1bdd3-a76f-4ab7-9c8c-c02c36f1ecee	11	43529866	43632197	67	0.408
b3f1bdd3-a76f-4ab7-9c8c-c02c36f1ecee	11	43632283	43645151	14	0.9112
b3f1bdd3-a76f-4ab7-9c8c-c02c36f1ecee	11	43647801	44588943	664	0.2772
b3f1bdd3-a76f-4ab7-9c8c-c02c36f1ecee	11	44592908	44747482	77	0.8553
b3f1bdd3-a76f-4ab7-9c8c-c02c36f1ecee	11	44749383	45962335	868	0.2661
b3f1bdd3-a76f-4ab7-9c8c-c02c36f1ecee	11	45962418	49533877	1268	0.1665
b3f1bdd3-a76f-4ab7-9c8c-c02c36f1ecee	11	49538615	59398929	1957	0.2313
b3f1bdd3-a76f-4ab7-9c8c-c02c36f1ecee	11	59401319	59818893	241	0.7162
b3f1bdd3-a76f-4ab7-9c8c-c02c36f1ecee	11	59818950	68987386	3548	0.2422
b3f1bdd3-a76f-4ab7-9c8c-c02c36f1ecee	11	68987575	71623337	1509	0.3863
b3f1bdd3-a76f-4ab7-9c8c-c02c36f1ecee	11	71626328	75042447	1603	0.2556
b3f1bdd3-a76f-4ab7-9c8c-c02c36f1ecee	11	75046787	75424402	217	0.7902
b3f1bdd3-a76f-4ab7-9c8c-c02c36f1ecee	11	75427333	97835823	13633	-0.5486
b3f1bdd3-a76f-4ab7-9c8c-c02c36f1ecee	11	97845608	98934200	655	0.322
b3f1bdd3-a76f-4ab7-9c8c-c02c36f1ecee	11	98934222	99056989	77	-0.4848
b3f1bdd3-a76f-4ab7-9c8c-c02c36f1ecee	11	99059468	99320398	223	0.3555
b3f1bdd3-a76f-4ab7-9c8c-c02c36f1ecee	11	99331024	99622694	212	-0.5615
b3f1bdd3-a76f-4ab7-9c8c-c02c36f1ecee	11	99622847	99622901	2	-2.3146
b3f1bdd3-a76f-4ab7-9c8c-c02c36f1ecee	11	99622968	101796971	1719	-0.5214
b3f1bdd3-a76f-4ab7-9c8c-c02c36f1ecee	11	101797335	101797599	2	-2.4683
b3f1bdd3-a76f-4ab7-9c8c-c02c36f1ecee	11	101798089	103080333	681	-0.5167
b3f1bdd3-a76f-4ab7-9c8c-c02c36f1ecee	11	103081210	103081648	3	-2.0654
b3f1bdd3-a76f-4ab7-9c8c-c02c36f1ecee	11	103084362	110968658	4535	-0.5396
b3f1bdd3-a76f-4ab7-9c8c-c02c36f1ecee	11	110972964	111912189	624	0.326
b3f1bdd3-a76f-4ab7-9c8c-c02c36f1ecee	11	111914092	125338936	9424	-0.5438
b3f1bdd3-a76f-4ab7-9c8c-c02c36f1ecee	11	125343323	126786585	1000	0.345
b3f1bdd3-a76f-4ab7-9c8c-c02c36f1ecee	11	126789039	129724126	2248	-0.5861
b3f1bdd3-a76f-4ab7-9c8c-c02c36f1ecee	11	129727562	129727581	2	-4.1472
b3f1bdd3-a76f-4ab7-9c8c-c02c36f1ecee	11	129735275	132941308	2292	-0.5244
b3f1bdd3-a76f-4ab7-9c8c-c02c36f1ecee	11	132942030	132942041	2	-2.8272
b3f1bdd3-a76f-4ab7-9c8c-c02c36f1ecee	11	132945318	134272740	480	-0.5168
b3f1bdd3-a76f-4ab7-9c8c-c02c36f1ecee	12	780472	2078498	400	0.2026
b3f1bdd3-a76f-4ab7-9c8c-c02c36f1ecee	12	2082157	3680286	1032	0.31
b3f1bdd3-a76f-4ab7-9c8c-c02c36f1ecee	12	3680342	4607347	682	0.2027
b3f1bdd3-a76f-4ab7-9c8c-c02c36f1ecee	12	4607406	4610509	2	-1.2949
b3f1bdd3-a76f-4ab7-9c8c-c02c36f1ecee	12	4612714	6474237	1494	0.2746
b3f1bdd3-a76f-4ab7-9c8c-c02c36f1ecee	12	6476444	6479559	2	-1.6134
b3f1bdd3-a76f-4ab7-9c8c-c02c36f1ecee	12	6480185	11822598	2390	0.1965
b3f1bdd3-a76f-4ab7-9c8c-c02c36f1ecee	12	11824823	11837180	17	0.8264
b3f1bdd3-a76f-4ab7-9c8c-c02c36f1ecee	12	11837360	33368216	13632	0.2325
b3f1bdd3-a76f-4ab7-9c8c-c02c36f1ecee	12	38827290	62674350	13089	-0.6009
b3f1bdd3-a76f-4ab7-9c8c-c02c36f1ecee	12	62674716	62675636	2	-2.8207
b3f1bdd3-a76f-4ab7-9c8c-c02c36f1ecee	12	62676583	68268831	3585	-0.6233
b3f1bdd3-a76f-4ab7-9c8c-c02c36f1ecee	12	68271709	68273489	3	1.009
b3f1bdd3-a76f-4ab7-9c8c-c02c36f1ecee	12	68273682	68453937	156	-0.7206
b3f1bdd3-a76f-4ab7-9c8c-c02c36f1ecee	12	68460568	82485073	8537	0.1882
b3f1bdd3-a76f-4ab7-9c8c-c02c36f1ecee	12	82487973	88814249	3477	-0.5141
b3f1bdd3-a76f-4ab7-9c8c-c02c36f1ecee	12	88818389	94630589	3702	-0.5688
b3f1bdd3-a76f-4ab7-9c8c-c02c36f1ecee	12	94634736	106267112	7745	-0.5164
b3f1bdd3-a76f-4ab7-9c8c-c02c36f1ecee	12	106267656	107185827	555	0.3396
b3f1bdd3-a76f-4ab7-9c8c-c02c36f1ecee	12	107191436	109800721	1537	-0.4967
b3f1bdd3-a76f-4ab7-9c8c-c02c36f1ecee	12	109805128	110282621	213	0.2584
b3f1bdd3-a76f-4ab7-9c8c-c02c36f1ecee	12	110291506	116110681	3473	-0.505
b3f1bdd3-a76f-4ab7-9c8c-c02c36f1ecee	12	116112408	116314764	103	0.2057
b3f1bdd3-a76f-4ab7-9c8c-c02c36f1ecee	12	116317239	120142519	2438	0.3464
b3f1bdd3-a76f-4ab7-9c8c-c02c36f1ecee	12	120142955	126396772	3440	0.2577
b3f1bdd3-a76f-4ab7-9c8c-c02c36f1ecee	12	126398036	132605822	2381	-0.5828
b3f1bdd3-a76f-4ab7-9c8c-c02c36f1ecee	13	18874255	26982084	4425	0.1228
b3f1bdd3-a76f-4ab7-9c8c-c02c36f1ecee	13	26984289	27073367	81	0.7744
b3f1bdd3-a76f-4ab7-9c8c-c02c36f1ecee	13	27074878	35302577	5626	0.1095
b3f1bdd3-a76f-4ab7-9c8c-c02c36f1ecee	13	35304838	35542062	126	-0.5615
b3f1bdd3-a76f-4ab7-9c8c-c02c36f1ecee	13	35543121	35561830	17	0.3795
b3f1bdd3-a76f-4ab7-9c8c-c02c36f1ecee	13	35563358	35812699	208	-0.5325
b3f1bdd3-a76f-4ab7-9c8c-c02c36f1ecee	13	35814921	42486648	4544	-0.6013
b3f1bdd3-a76f-4ab7-9c8c-c02c36f1ecee	13	42489474	42491268	5	-2.5772
b3f1bdd3-a76f-4ab7-9c8c-c02c36f1ecee	13	42496081	43511809	508	-0.626
b3f1bdd3-a76f-4ab7-9c8c-c02c36f1ecee	13	43511902	43512797	3	-2.4026
b3f1bdd3-a76f-4ab7-9c8c-c02c36f1ecee	13	43516080	46274372	1739	-0.6028
b3f1bdd3-a76f-4ab7-9c8c-c02c36f1ecee	13	46279321	46641539	203	-0.4432
b3f1bdd3-a76f-4ab7-9c8c-c02c36f1ecee	13	46641772	46642007	3	-1.3328
b3f1bdd3-a76f-4ab7-9c8c-c02c36f1ecee	13	46642677	46722442	78	-0.4307
b3f1bdd3-a76f-4ab7-9c8c-c02c36f1ecee	13	46722490	48335049	1115	-0.617
b3f1bdd3-a76f-4ab7-9c8c-c02c36f1ecee	13	48335065	48337251	6	-2.0259
b3f1bdd3-a76f-4ab7-9c8c-c02c36f1ecee	13	48337254	51842616	1397	-0.5906
b3f1bdd3-a76f-4ab7-9c8c-c02c36f1ecee	13	51842776	70403603	9003	-0.5038
b3f1bdd3-a76f-4ab7-9c8c-c02c36f1ecee	13	70412384	70412802	2	-2.3719
b3f1bdd3-a76f-4ab7-9c8c-c02c36f1ecee	13	70412967	81346900	7161	-0.4977
b3f1bdd3-a76f-4ab7-9c8c-c02c36f1ecee	13	81346915	81349998	8	0.4108
b3f1bdd3-a76f-4ab7-9c8c-c02c36f1ecee	13	81350376	89743271	4578	-0.481
b3f1bdd3-a76f-4ab7-9c8c-c02c36f1ecee	13	89746873	91318059	984	0.353
b3f1bdd3-a76f-4ab7-9c8c-c02c36f1ecee	13	91319238	94124146	1881	-0.4788
b3f1bdd3-a76f-4ab7-9c8c-c02c36f1ecee	13	94126587	94505535	301	0.3946
b3f1bdd3-a76f-4ab7-9c8c-c02c36f1ecee	13	94506125	114226675	12779	-0.4766
b3f1bdd3-a76f-4ab7-9c8c-c02c36f1ecee	14	20033191	32577865	6400	0.229
b3f1bdd3-a76f-4ab7-9c8c-c02c36f1ecee	14	32578951	32611986	25	0.8014
b3f1bdd3-a76f-4ab7-9c8c-c02c36f1ecee	14	32614611	33692970	950	0.275
b3f1bdd3-a76f-4ab7-9c8c-c02c36f1ecee	14	33693304	33693939	5	-1.1336
b3f1bdd3-a76f-4ab7-9c8c-c02c36f1ecee	14	33697195	66173477	18363	0.2329
b3f1bdd3-a76f-4ab7-9c8c-c02c36f1ecee	14	66179276	66429006	121	1.1244
b3f1bdd3-a76f-4ab7-9c8c-c02c36f1ecee	14	66429742	66923782	146	0.1934
b3f1bdd3-a76f-4ab7-9c8c-c02c36f1ecee	14	66925361	67955757	555	0.7426
b3f1bdd3-a76f-4ab7-9c8c-c02c36f1ecee	14	68089714	68443290	236	0.1818
b3f1bdd3-a76f-4ab7-9c8c-c02c36f1ecee	14	68444837	68480615	24	1.188
b3f1bdd3-a76f-4ab7-9c8c-c02c36f1ecee	14	68481401	68482441	3	0.1574
b3f1bdd3-a76f-4ab7-9c8c-c02c36f1ecee	14	68485061	68567017	53	1.0872
b3f1bdd3-a76f-4ab7-9c8c-c02c36f1ecee	14	68571220	68857729	229	0.1971
b3f1bdd3-a76f-4ab7-9c8c-c02c36f1ecee	14	68857927	68857973	2	-2.0834
b3f1bdd3-a76f-4ab7-9c8c-c02c36f1ecee	14	68859556	72896017	2613	0.2279
b3f1bdd3-a76f-4ab7-9c8c-c02c36f1ecee	14	72898037	72933158	34	1.2248
b3f1bdd3-a76f-4ab7-9c8c-c02c36f1ecee	14	72935197	73523917	297	0.2133
b3f1bdd3-a76f-4ab7-9c8c-c02c36f1ecee	14	73599605	76026841	1385	0.3574
b3f1bdd3-a76f-4ab7-9c8c-c02c36f1ecee	14	76028087	77301039	853	1.3084
b3f1bdd3-a76f-4ab7-9c8c-c02c36f1ecee	14	77311301	80991971	2529	0.4084
b3f1bdd3-a76f-4ab7-9c8c-c02c36f1ecee	14	80995085	81000280	2	-0.9803
b3f1bdd3-a76f-4ab7-9c8c-c02c36f1ecee	14	81000318	83647898	1707	0.3953
b3f1bdd3-a76f-4ab7-9c8c-c02c36f1ecee	14	83650955	83661597	7	1.3682
b3f1bdd3-a76f-4ab7-9c8c-c02c36f1ecee	14	83666172	93897464	6151	0.3771
b3f1bdd3-a76f-4ab7-9c8c-c02c36f1ecee	14	93898235	96193710	1854	0.4409
b3f1bdd3-a76f-4ab7-9c8c-c02c36f1ecee	14	96198561	96228053	31	-0.7273
b3f1bdd3-a76f-4ab7-9c8c-c02c36f1ecee	14	96231664	102852631	4093	0.3885
b3f1bdd3-a76f-4ab7-9c8c-c02c36f1ecee	14	102855089	103657537	409	0.035
b3f1bdd3-a76f-4ab7-9c8c-c02c36f1ecee	14	103659680	104055800	169	0.3961
b3f1bdd3-a76f-4ab7-9c8c-c02c36f1ecee	14	104058175	105533894	371	0.8606
b3f1bdd3-a76f-4ab7-9c8c-c02c36f1ecee	15	23437561	25970015	1408	0.0839
b3f1bdd3-a76f-4ab7-9c8c-c02c36f1ecee	15	25971943	26090393	78	0.3123
b3f1bdd3-a76f-4ab7-9c8c-c02c36f1ecee	15	26092987	30906726	1270	0.1048
b3f1bdd3-a76f-4ab7-9c8c-c02c36f1ecee	15	30906939	38489582	4488	0.1924
b3f1bdd3-a76f-4ab7-9c8c-c02c36f1ecee	15	38494097	38506045	13	0.7742
b3f1bdd3-a76f-4ab7-9c8c-c02c36f1ecee	15	38506196	38870494	272	0.2292
b3f1bdd3-a76f-4ab7-9c8c-c02c36f1ecee	15	38875471	46139434	3611	-0.6304
b3f1bdd3-a76f-4ab7-9c8c-c02c36f1ecee	15	46141737	46252165	54	0.0739
b3f1bdd3-a76f-4ab7-9c8c-c02c36f1ecee	15	46256426	46743802	367	0.6806
b3f1bdd3-a76f-4ab7-9c8c-c02c36f1ecee	15	46754082	48339427	1058	0.0971
b3f1bdd3-a76f-4ab7-9c8c-c02c36f1ecee	15	48339449	49169442	549	0.5355
b3f1bdd3-a76f-4ab7-9c8c-c02c36f1ecee	15	49172072	52049916	1598	-0.5944
b3f1bdd3-a76f-4ab7-9c8c-c02c36f1ecee	15	52053000	52949030	604	0.5401
b3f1bdd3-a76f-4ab7-9c8c-c02c36f1ecee	15	52952444	52963839	17	0.1173
b3f1bdd3-a76f-4ab7-9c8c-c02c36f1ecee	15	52964185	53030498	35	0.5589
b3f1bdd3-a76f-4ab7-9c8c-c02c36f1ecee	15	53030795	54001187	771	0.0921
b3f1bdd3-a76f-4ab7-9c8c-c02c36f1ecee	15	54003452	54016290	6	0.9113
b3f1bdd3-a76f-4ab7-9c8c-c02c36f1ecee	15	54016438	56156105	1369	0.0708
b3f1bdd3-a76f-4ab7-9c8c-c02c36f1ecee	15	56161993	57349879	576	0.3586
b3f1bdd3-a76f-4ab7-9c8c-c02c36f1ecee	15	57491356	58214865	606	0.9547
b3f1bdd3-a76f-4ab7-9c8c-c02c36f1ecee	15	58218904	59089435	561	0.3397
b3f1bdd3-a76f-4ab7-9c8c-c02c36f1ecee	15	59089570	60278512	881	0.8827
b3f1bdd3-a76f-4ab7-9c8c-c02c36f1ecee	15	60284063	60291353	16	1.4421
b3f1bdd3-a76f-4ab7-9c8c-c02c36f1ecee	15	60294814	60393575	74	0.876
b3f1bdd3-a76f-4ab7-9c8c-c02c36f1ecee	15	60400294	60432055	19	1.3612
b3f1bdd3-a76f-4ab7-9c8c-c02c36f1ecee	15	60434962	60448893	14	0.8723
b3f1bdd3-a76f-4ab7-9c8c-c02c36f1ecee	15	60454386	62552146	1716	0.3995
b3f1bdd3-a76f-4ab7-9c8c-c02c36f1ecee	15	62552379	63147961	508	0.9875
b3f1bdd3-a76f-4ab7-9c8c-c02c36f1ecee	15	63155722	81321164	10392	0.3568
b3f1bdd3-a76f-4ab7-9c8c-c02c36f1ecee	15	81322373	81809148	204	0.225
b3f1bdd3-a76f-4ab7-9c8c-c02c36f1ecee	15	81809182	85750878	1686	0.3768
b3f1bdd3-a76f-4ab7-9c8c-c02c36f1ecee	15	85751315	88776705	2138	0.4231
b3f1bdd3-a76f-4ab7-9c8c-c02c36f1ecee	15	88776740	88828580	26	0.1237
b3f1bdd3-a76f-4ab7-9c8c-c02c36f1ecee	15	88829435	89771722	573	0.2669
b3f1bdd3-a76f-4ab7-9c8c-c02c36f1ecee	15	89773018	90483319	369	0.1596
b3f1bdd3-a76f-4ab7-9c8c-c02c36f1ecee	15	90483713	90721229	133	0.5123
b3f1bdd3-a76f-4ab7-9c8c-c02c36f1ecee	15	90721267	93728475	1862	0.6337
b3f1bdd3-a76f-4ab7-9c8c-c02c36f1ecee	15	93735122	94334152	384	1.3841
b3f1bdd3-a76f-4ab7-9c8c-c02c36f1ecee	15	94335487	95981297	1136	0.6418
b3f1bdd3-a76f-4ab7-9c8c-c02c36f1ecee	15	95981605	95984524	4	-0.8049
b3f1bdd3-a76f-4ab7-9c8c-c02c36f1ecee	15	95986797	98597342	1836	0.67
b3f1bdd3-a76f-4ab7-9c8c-c02c36f1ecee	15	98600073	98600302	2	-1.0038
b3f1bdd3-a76f-4ab7-9c8c-c02c36f1ecee	15	98602077	98921225	211	0.6535
b3f1bdd3-a76f-4ab7-9c8c-c02c36f1ecee	15	98921439	98934185	9	1.2195
b3f1bdd3-a76f-4ab7-9c8c-c02c36f1ecee	15	98934682	99731873	516	0.6311
b3f1bdd3-a76f-4ab7-9c8c-c02c36f1ecee	15	99734542	101344124	632	0.2092
b3f1bdd3-a76f-4ab7-9c8c-c02c36f1ecee	16	603333	3979697	1097	-0.6124
b3f1bdd3-a76f-4ab7-9c8c-c02c36f1ecee	16	3980037	3981324	2	-5.8586
b3f1bdd3-a76f-4ab7-9c8c-c02c36f1ecee	16	3982580	7432858	1796	-0.5556
b3f1bdd3-a76f-4ab7-9c8c-c02c36f1ecee	16	7433032	7434220	2	-2.3849
b3f1bdd3-a76f-4ab7-9c8c-c02c36f1ecee	16	7434703	8786703	1063	-0.55
b3f1bdd3-a76f-4ab7-9c8c-c02c36f1ecee	16	8787332	9132117	37	0.3206
b3f1bdd3-a76f-4ab7-9c8c-c02c36f1ecee	16	9132513	14292607	4050	-0.5609
b3f1bdd3-a76f-4ab7-9c8c-c02c36f1ecee	16	14305205	14657199	147	0.2683
b3f1bdd3-a76f-4ab7-9c8c-c02c36f1ecee	16	18797068	76285873	23621	-0.5581
b3f1bdd3-a76f-4ab7-9c8c-c02c36f1ecee	16	76287663	76293870	11	0.275
b3f1bdd3-a76f-4ab7-9c8c-c02c36f1ecee	16	76294247	80545201	3775	-0.5688
b3f1bdd3-a76f-4ab7-9c8c-c02c36f1ecee	16	80546982	80574782	28	0.178
b3f1bdd3-a76f-4ab7-9c8c-c02c36f1ecee	16	80578162	80685974	93	-0.6323
b3f1bdd3-a76f-4ab7-9c8c-c02c36f1ecee	16	80686103	80688659	3	-2.3753
b3f1bdd3-a76f-4ab7-9c8c-c02c36f1ecee	16	80689230	83609925	2371	-0.5735
b3f1bdd3-a76f-4ab7-9c8c-c02c36f1ecee	16	83610120	83610385	3	-3.4797
b3f1bdd3-a76f-4ab7-9c8c-c02c36f1ecee	16	83611456	89317317	2885	-0.5954
b3f1bdd3-a76f-4ab7-9c8c-c02c36f1ecee	17	1074619	1985086	280	0.2347
b3f1bdd3-a76f-4ab7-9c8c-c02c36f1ecee	17	1989490	9418056	3880	-0.6133
b3f1bdd3-a76f-4ab7-9c8c-c02c36f1ecee	17	9420232	28514107	6270	-0.5522
b3f1bdd3-a76f-4ab7-9c8c-c02c36f1ecee	17	28514950	31577693	1213	-0.6316
b3f1bdd3-a76f-4ab7-9c8c-c02c36f1ecee	17	31577734	34620083	1396	-0.5409
b3f1bdd3-a76f-4ab7-9c8c-c02c36f1ecee	17	34620495	35824270	655	-0.6266
b3f1bdd3-a76f-4ab7-9c8c-c02c36f1ecee	17	35828736	40373855	1883	0.0576
b3f1bdd3-a76f-4ab7-9c8c-c02c36f1ecee	17	40380731	41630613	681	0.5554
b3f1bdd3-a76f-4ab7-9c8c-c02c36f1ecee	17	41632423	44227526	1181	0.045
b3f1bdd3-a76f-4ab7-9c8c-c02c36f1ecee	17	44227964	48563446	1457	-0.0949
b3f1bdd3-a76f-4ab7-9c8c-c02c36f1ecee	17	48566799	49012518	174	0.3852
b3f1bdd3-a76f-4ab7-9c8c-c02c36f1ecee	17	49018134	54842139	3132	-0.0421
b3f1bdd3-a76f-4ab7-9c8c-c02c36f1ecee	17	54849465	55543906	511	0.495
b3f1bdd3-a76f-4ab7-9c8c-c02c36f1ecee	17	55544131	61711534	3653	-0.0599
b3f1bdd3-a76f-4ab7-9c8c-c02c36f1ecee	17	61717851	61780856	24	-2.3677
b3f1bdd3-a76f-4ab7-9c8c-c02c36f1ecee	17	61784321	62409353	281	-0.0371
b3f1bdd3-a76f-4ab7-9c8c-c02c36f1ecee	17	62411395	63705560	555	0.5823
b3f1bdd3-a76f-4ab7-9c8c-c02c36f1ecee	17	63706044	65110006	608	0.4833
b3f1bdd3-a76f-4ab7-9c8c-c02c36f1ecee	17	65110165	66087019	636	0.5934
b3f1bdd3-a76f-4ab7-9c8c-c02c36f1ecee	17	66087570	67688819	1019	1.0162
b3f1bdd3-a76f-4ab7-9c8c-c02c36f1ecee	17	67692172	69525400	1008	0.5493
b3f1bdd3-a76f-4ab7-9c8c-c02c36f1ecee	17	69526232	74710490	3216	0.6357
b3f1bdd3-a76f-4ab7-9c8c-c02c36f1ecee	17	74711717	76061208	555	0.5146
b3f1bdd3-a76f-4ab7-9c8c-c02c36f1ecee	17	76064032	78115122	1005	0.0229
b3f1bdd3-a76f-4ab7-9c8c-c02c36f1ecee	17	78123212	78997815	337	0.298
b3f1bdd3-a76f-4ab7-9c8c-c02c36f1ecee	17	78998287	82959812	1522	0.0503
b3f1bdd3-a76f-4ab7-9c8c-c02c36f1ecee	18	326691	5661833	2817	0.0795
b3f1bdd3-a76f-4ab7-9c8c-c02c36f1ecee	18	5665807	8978754	2043	0.1384
b3f1bdd3-a76f-4ab7-9c8c-c02c36f1ecee	18	8979255	25549840	5961	0.0917
b3f1bdd3-a76f-4ab7-9c8c-c02c36f1ecee	18	25552608	27306104	1146	0.6801
b3f1bdd3-a76f-4ab7-9c8c-c02c36f1ecee	18	27309153	32574361	3197	0.0704
b3f1bdd3-a76f-4ab7-9c8c-c02c36f1ecee	18	32577046	32584051	10	0.7217
b3f1bdd3-a76f-4ab7-9c8c-c02c36f1ecee	18	32584204	35635062	1796	0.0418
b3f1bdd3-a76f-4ab7-9c8c-c02c36f1ecee	18	35749361	40498382	3021	0.6652
b3f1bdd3-a76f-4ab7-9c8c-c02c36f1ecee	18	40498539	46325623	3486	0.7311
b3f1bdd3-a76f-4ab7-9c8c-c02c36f1ecee	18	46329193	49307296	2002	0.7942
b3f1bdd3-a76f-4ab7-9c8c-c02c36f1ecee	18	49307735	49483751	72	0.6501
b3f1bdd3-a76f-4ab7-9c8c-c02c36f1ecee	18	49489848	64904307	10108	-0.639
b3f1bdd3-a76f-4ab7-9c8c-c02c36f1ecee	18	64904909	76578033	5451	-0.9653
b3f1bdd3-a76f-4ab7-9c8c-c02c36f1ecee	18	76579238	76579863	2	-7.1621
b3f1bdd3-a76f-4ab7-9c8c-c02c36f1ecee	18	76580005	79349796	1654	-0.9619
b3f1bdd3-a76f-4ab7-9c8c-c02c36f1ecee	19	283868	2318181	403	-0.6426
b3f1bdd3-a76f-4ab7-9c8c-c02c36f1ecee	19	2323014	7241306	1640	0.1832
b3f1bdd3-a76f-4ab7-9c8c-c02c36f1ecee	19	7260544	8930143	733	0.6989
b3f1bdd3-a76f-4ab7-9c8c-c02c36f1ecee	19	8930309	14797141	2537	0.1657
b3f1bdd3-a76f-4ab7-9c8c-c02c36f1ecee	19	14799626	15323972	405	0.7049
b3f1bdd3-a76f-4ab7-9c8c-c02c36f1ecee	19	15325698	21528153	2237	0.1743
b3f1bdd3-a76f-4ab7-9c8c-c02c36f1ecee	19	21534501	21538872	2	-2.2229
b3f1bdd3-a76f-4ab7-9c8c-c02c36f1ecee	19	21539503	29577353	2531	0.2511
b3f1bdd3-a76f-4ab7-9c8c-c02c36f1ecee	19	29580124	30277569	455	0.7684
b3f1bdd3-a76f-4ab7-9c8c-c02c36f1ecee	19	30277851	34147334	2634	0.2546
b3f1bdd3-a76f-4ab7-9c8c-c02c36f1ecee	19	34149447	42712819	4119	0.177
b3f1bdd3-a76f-4ab7-9c8c-c02c36f1ecee	19	43458545	43534309	37	0.7371
b3f1bdd3-a76f-4ab7-9c8c-c02c36f1ecee	19	43536284	45244986	976	0.1658
b3f1bdd3-a76f-4ab7-9c8c-c02c36f1ecee	19	45245096	54703854	3587	0.0607
b3f1bdd3-a76f-4ab7-9c8c-c02c36f1ecee	19	54713574	54904326	20	0.5593
b3f1bdd3-a76f-4ab7-9c8c-c02c36f1ecee	19	54904949	58370362	1788	0.0643
b3f1bdd3-a76f-4ab7-9c8c-c02c36f1ecee	20	472817	1959211	891	-0.6356
b3f1bdd3-a76f-4ab7-9c8c-c02c36f1ecee	20	1959499	1960100	3	-2.2319
b3f1bdd3-a76f-4ab7-9c8c-c02c36f1ecee	20	1960485	9334595	4390	-0.5832
b3f1bdd3-a76f-4ab7-9c8c-c02c36f1ecee	20	9336115	9716371	328	0.3206
b3f1bdd3-a76f-4ab7-9c8c-c02c36f1ecee	20	9721185	9727945	5	-1.8285
b3f1bdd3-a76f-4ab7-9c8c-c02c36f1ecee	20	9730456	9786043	68	0.3355
b3f1bdd3-a76f-4ab7-9c8c-c02c36f1ecee	20	9788752	19368428	6828	-0.5672
b3f1bdd3-a76f-4ab7-9c8c-c02c36f1ecee	20	19368846	19602815	249	-3.7547
b3f1bdd3-a76f-4ab7-9c8c-c02c36f1ecee	20	19605243	31247668	4109	-0.5837
b3f1bdd3-a76f-4ab7-9c8c-c02c36f1ecee	20	31256075	33932182	1354	-0.0095
b3f1bdd3-a76f-4ab7-9c8c-c02c36f1ecee	20	33932197	39049296	2645	-0.0597
b3f1bdd3-a76f-4ab7-9c8c-c02c36f1ecee	20	39051206	44963125	4021	-0.0088
b3f1bdd3-a76f-4ab7-9c8c-c02c36f1ecee	20	44969023	46314661	785	0.3918
b3f1bdd3-a76f-4ab7-9c8c-c02c36f1ecee	20	46319128	48572350	1710	-0.0163
b3f1bdd3-a76f-4ab7-9c8c-c02c36f1ecee	20	48572693	50582634	1110	-0.0901
b3f1bdd3-a76f-4ab7-9c8c-c02c36f1ecee	20	50582849	53573412	2010	-0.0235
b3f1bdd3-a76f-4ab7-9c8c-c02c36f1ecee	20	53574860	53978708	254	-0.1645
b3f1bdd3-a76f-4ab7-9c8c-c02c36f1ecee	20	53984758	54258540	256	0.4151
b3f1bdd3-a76f-4ab7-9c8c-c02c36f1ecee	20	54261209	63583186	6392	-0.0397
b3f1bdd3-a76f-4ab7-9c8c-c02c36f1ecee	20	63584019	63588502	7	-0.3399
b3f1bdd3-a76f-4ab7-9c8c-c02c36f1ecee	21	13974127	23283766	5615	0.3018
b3f1bdd3-a76f-4ab7-9c8c-c02c36f1ecee	21	23291576	23307708	21	0.9839
b3f1bdd3-a76f-4ab7-9c8c-c02c36f1ecee	21	23336644	33187320	6688	0.3439
b3f1bdd3-a76f-4ab7-9c8c-c02c36f1ecee	21	33187691	34105917	560	0.8298
b3f1bdd3-a76f-4ab7-9c8c-c02c36f1ecee	21	34107235	34110480	18	0.3469
b3f1bdd3-a76f-4ab7-9c8c-c02c36f1ecee	21	34110695	39384220	3671	0.8601
b3f1bdd3-a76f-4ab7-9c8c-c02c36f1ecee	21	39386047	41444139	1634	0.9308
b3f1bdd3-a76f-4ab7-9c8c-c02c36f1ecee	21	41445655	41524462	154	1.264
b3f1bdd3-a76f-4ab7-9c8c-c02c36f1ecee	21	41525254	46262057	2181	0.8393
b3f1bdd3-a76f-4ab7-9c8c-c02c36f1ecee	22	16934932	30784556	5473	-0.5505
b3f1bdd3-a76f-4ab7-9c8c-c02c36f1ecee	22	30787101	31723900	474	-0.1486
b3f1bdd3-a76f-4ab7-9c8c-c02c36f1ecee	22	31724387	32483116	485	-0.5295
b3f1bdd3-a76f-4ab7-9c8c-c02c36f1ecee	22	32483320	32483330	2	-2.876
b3f1bdd3-a76f-4ab7-9c8c-c02c36f1ecee	22	32483630	35182288	2444	-0.4872
b3f1bdd3-a76f-4ab7-9c8c-c02c36f1ecee	22	35182422	40563916	2540	-0.5578
b3f1bdd3-a76f-4ab7-9c8c-c02c36f1ecee	22	40564951	42683748	1065	-0.4858
b3f1bdd3-a76f-4ab7-9c8c-c02c36f1ecee	22	42686820	42687039	2	-1.9881
b3f1bdd3-a76f-4ab7-9c8c-c02c36f1ecee	22	42688098	43075929	240	-0.4947
b3f1bdd3-a76f-4ab7-9c8c-c02c36f1ecee	22	43075942	43095945	8	0.389
b3f1bdd3-a76f-4ab7-9c8c-c02c36f1ecee	22	43096606	44138740	763	-0.6472
b3f1bdd3-a76f-4ab7-9c8c-c02c36f1ecee	22	44142490	44149642	14	-1.3071
b3f1bdd3-a76f-4ab7-9c8c-c02c36f1ecee	22	44149665	45052088	683	-0.6496
b3f1bdd3-a76f-4ab7-9c8c-c02c36f1ecee	22	45052304	45052889	2	-3.3983
b3f1bdd3-a76f-4ab7-9c8c-c02c36f1ecee	22	45053229	48940621	2812	-0.6497
b3f1bdd3-a76f-4ab7-9c8c-c02c36f1ecee	X	3236359	54306230	22394	-0.0882
b3f1bdd3-a76f-4ab7-9c8c-c02c36f1ecee	X	54309886	54661490	136	0.4897
b3f1bdd3-a76f-4ab7-9c8c-c02c36f1ecee	X	54670312	74994388	6073	-0.0964
b3f1bdd3-a76f-4ab7-9c8c-c02c36f1ecee	X	75000426	75099289	45	0.4647
b3f1bdd3-a76f-4ab7-9c8c-c02c36f1ecee	X	76153328	111093748	14836	-0.102
b3f1bdd3-a76f-4ab7-9c8c-c02c36f1ecee	X	111101483	111125400	29	0.4116
b3f1bdd3-a76f-4ab7-9c8c-c02c36f1ecee	X	111125429	111139363	12	-0.1022
b3f1bdd3-a76f-4ab7-9c8c-c02c36f1ecee	X	111140029	111601560	189	0.4136
b3f1bdd3-a76f-4ab7-9c8c-c02c36f1ecee	X	111602620	121270926	4697	-0.1015
b3f1bdd3-a76f-4ab7-9c8c-c02c36f1ecee	X	121274693	121425907	116	0.3587
b3f1bdd3-a76f-4ab7-9c8c-c02c36f1ecee	X	121434032	132607733	5105	-0.1167
b3f1bdd3-a76f-4ab7-9c8c-c02c36f1ecee	X	132611637	132788177	99	0.4567
b3f1bdd3-a76f-4ab7-9c8c-c02c36f1ecee	X	132790291	134540777	821	-0.0944
b3f1bdd3-a76f-4ab7-9c8c-c02c36f1ecee	X	134543495	150113625	7450	0.4859
b3f1bdd3-a76f-4ab7-9c8c-c02c36f1ecee	X	150114225	151393554	809	0.9316
b3f1bdd3-a76f-4ab7-9c8c-c02c36f1ecee	X	151405927	151611143	95	0.4542
b3f1bdd3-a76f-4ab7-9c8c-c02c36f1ecee	X	151611214	152672755	566	0.9353
b3f1bdd3-a76f-4ab7-9c8c-c02c36f1ecee	X	152674889	155677414	394	0.4699
