GDC_Aliquot	Chromosome	Start	End	Num_Probes	Segment_Mean
2c4bb4d1-3f75-4aa5-aec3-c402ba52579e	1	3301765	14438142	6128	-0.1709
2c4bb4d1-3f75-4aa5-aec3-c402ba52579e	1	14440134	19811221	3164	-0.4202
2c4bb4d1-3f75-4aa5-aec3-c402ba52579e	1	19811480	35445467	8004	-0.1661
2c4bb4d1-3f75-4aa5-aec3-c402ba52579e	1	35448211	36909243	730	-0.4448
2c4bb4d1-3f75-4aa5-aec3-c402ba52579e	1	36909676	61457276	14505	-0.1736
2c4bb4d1-3f75-4aa5-aec3-c402ba52579e	1	61460198	61620002	143	0.1506
2c4bb4d1-3f75-4aa5-aec3-c402ba52579e	1	61620336	63902864	1532	-0.1816
2c4bb4d1-3f75-4aa5-aec3-c402ba52579e	1	63905866	64436772	395	0.1837
2c4bb4d1-3f75-4aa5-aec3-c402ba52579e	1	64436800	81093230	10015	-0.1855
2c4bb4d1-3f75-4aa5-aec3-c402ba52579e	1	81238791	118244670	22464	-0.4365
2c4bb4d1-3f75-4aa5-aec3-c402ba52579e	1	118249108	118257304	8	-0.0327
2c4bb4d1-3f75-4aa5-aec3-c402ba52579e	1	118258988	118761801	274	0.5167
2c4bb4d1-3f75-4aa5-aec3-c402ba52579e	1	118764243	119383313	360	0.1048
2c4bb4d1-3f75-4aa5-aec3-c402ba52579e	1	119386819	149949665	418	-0.0652
2c4bb4d1-3f75-4aa5-aec3-c402ba52579e	1	149952216	150265695	135	0.0902
2c4bb4d1-3f75-4aa5-aec3-c402ba52579e	1	150277766	150494291	34	0.1987
2c4bb4d1-3f75-4aa5-aec3-c402ba52579e	1	150494449	151544952	413	1.1288
2c4bb4d1-3f75-4aa5-aec3-c402ba52579e	1	151548255	151633929	41	0.135
2c4bb4d1-3f75-4aa5-aec3-c402ba52579e	1	151636247	151658036	12	1.1969
2c4bb4d1-3f75-4aa5-aec3-c402ba52579e	1	151659216	153782053	1187	0.1535
2c4bb4d1-3f75-4aa5-aec3-c402ba52579e	1	153787628	154331500	218	0.3056
2c4bb4d1-3f75-4aa5-aec3-c402ba52579e	1	154331951	154850041	324	1.2617
2c4bb4d1-3f75-4aa5-aec3-c402ba52579e	1	154852794	155135096	121	1.4899
2c4bb4d1-3f75-4aa5-aec3-c402ba52579e	1	155135164	155677371	221	1.8822
2c4bb4d1-3f75-4aa5-aec3-c402ba52579e	1	155680870	156039096	141	1.282
2c4bb4d1-3f75-4aa5-aec3-c402ba52579e	1	156047611	156755161	339	0.1402
2c4bb4d1-3f75-4aa5-aec3-c402ba52579e	1	156755209	157903347	740	0.5299
2c4bb4d1-3f75-4aa5-aec3-c402ba52579e	1	157907587	157944540	30	1.4417
2c4bb4d1-3f75-4aa5-aec3-c402ba52579e	1	157952090	159013653	713	0.4997
2c4bb4d1-3f75-4aa5-aec3-c402ba52579e	1	159014532	160210027	756	0.3304
2c4bb4d1-3f75-4aa5-aec3-c402ba52579e	1	160212609	160555831	230	0.4898
2c4bb4d1-3f75-4aa5-aec3-c402ba52579e	1	160563062	160887174	245	1.439
2c4bb4d1-3f75-4aa5-aec3-c402ba52579e	1	160889013	162335370	829	1.6179
2c4bb4d1-3f75-4aa5-aec3-c402ba52579e	1	162338915	162976869	542	0.521
2c4bb4d1-3f75-4aa5-aec3-c402ba52579e	1	162977403	163326503	237	1.23
2c4bb4d1-3f75-4aa5-aec3-c402ba52579e	1	163326898	163540952	196	1.6618
2c4bb4d1-3f75-4aa5-aec3-c402ba52579e	1	163541635	164316734	454	1.2747
2c4bb4d1-3f75-4aa5-aec3-c402ba52579e	1	164322451	165012155	578	1.6988
2c4bb4d1-3f75-4aa5-aec3-c402ba52579e	1	165014356	165067152	38	1.0019
2c4bb4d1-3f75-4aa5-aec3-c402ba52579e	1	165067699	165725681	638	0.9012
2c4bb4d1-3f75-4aa5-aec3-c402ba52579e	1	165726342	165768230	27	0.2758
2c4bb4d1-3f75-4aa5-aec3-c402ba52579e	1	165772306	165835186	26	0.9693
2c4bb4d1-3f75-4aa5-aec3-c402ba52579e	1	165838469	167702205	1414	0.3344
2c4bb4d1-3f75-4aa5-aec3-c402ba52579e	1	167708907	167791494	54	1.0932
2c4bb4d1-3f75-4aa5-aec3-c402ba52579e	1	167791918	167937334	99	0.6674
2c4bb4d1-3f75-4aa5-aec3-c402ba52579e	1	167943428	168525818	363	0.4915
2c4bb4d1-3f75-4aa5-aec3-c402ba52579e	1	168528038	169137992	547	1.2996
2c4bb4d1-3f75-4aa5-aec3-c402ba52579e	1	169141602	169614057	337	1.0083
2c4bb4d1-3f75-4aa5-aec3-c402ba52579e	1	169614072	170279645	519	0.9005
2c4bb4d1-3f75-4aa5-aec3-c402ba52579e	1	170284080	170536476	156	0.304
2c4bb4d1-3f75-4aa5-aec3-c402ba52579e	1	170541338	170593942	36	1.503
2c4bb4d1-3f75-4aa5-aec3-c402ba52579e	1	170600342	170664755	43	0.9333
2c4bb4d1-3f75-4aa5-aec3-c402ba52579e	1	170668760	170683293	16	1.5966
2c4bb4d1-3f75-4aa5-aec3-c402ba52579e	1	170687911	170986106	164	0.3522
2c4bb4d1-3f75-4aa5-aec3-c402ba52579e	1	170987372	170990167	4	0.9231
2c4bb4d1-3f75-4aa5-aec3-c402ba52579e	1	170991057	171419131	266	1.5955
2c4bb4d1-3f75-4aa5-aec3-c402ba52579e	1	171423464	178446265	4010	0.5052
2c4bb4d1-3f75-4aa5-aec3-c402ba52579e	1	178447173	179101106	390	0.669
2c4bb4d1-3f75-4aa5-aec3-c402ba52579e	1	179101199	180144888	750	0.4908
2c4bb4d1-3f75-4aa5-aec3-c402ba52579e	1	180146475	180736071	364	0.6727
2c4bb4d1-3f75-4aa5-aec3-c402ba52579e	1	180737639	191464057	6685	0.5107
2c4bb4d1-3f75-4aa5-aec3-c402ba52579e	1	191464358	191664863	118	0.6708
2c4bb4d1-3f75-4aa5-aec3-c402ba52579e	1	191664939	212451407	13134	0.5126
2c4bb4d1-3f75-4aa5-aec3-c402ba52579e	1	212451485	224522469	7967	0.3418
2c4bb4d1-3f75-4aa5-aec3-c402ba52579e	1	224525205	236058130	7293	-0.1159
2c4bb4d1-3f75-4aa5-aec3-c402ba52579e	1	236060331	247650984	7416	-0.1452
2c4bb4d1-3f75-4aa5-aec3-c402ba52579e	2	480597	4457078	1947	-0.122
2c4bb4d1-3f75-4aa5-aec3-c402ba52579e	2	4464555	4708232	169	0.1496
2c4bb4d1-3f75-4aa5-aec3-c402ba52579e	2	4708261	7351086	2103	-0.1029
2c4bb4d1-3f75-4aa5-aec3-c402ba52579e	2	7353717	7381395	27	0.0667
2c4bb4d1-3f75-4aa5-aec3-c402ba52579e	2	7386886	7421063	29	0.2768
2c4bb4d1-3f75-4aa5-aec3-c402ba52579e	2	7421295	7435967	17	0.1235
2c4bb4d1-3f75-4aa5-aec3-c402ba52579e	2	7546188	9889955	1537	-0.1019
2c4bb4d1-3f75-4aa5-aec3-c402ba52579e	2	9890835	9961540	54	0.1698
2c4bb4d1-3f75-4aa5-aec3-c402ba52579e	2	9963285	10724990	525	-0.0873
2c4bb4d1-3f75-4aa5-aec3-c402ba52579e	2	10725042	11021418	273	0.1847
2c4bb4d1-3f75-4aa5-aec3-c402ba52579e	2	11021843	15832019	3187	-0.1058
2c4bb4d1-3f75-4aa5-aec3-c402ba52579e	2	15832488	16693066	608	0.1449
2c4bb4d1-3f75-4aa5-aec3-c402ba52579e	2	16703907	16899772	163	-0.0974
2c4bb4d1-3f75-4aa5-aec3-c402ba52579e	2	16900007	18269347	927	0.1497
2c4bb4d1-3f75-4aa5-aec3-c402ba52579e	2	18269845	20813062	1843	-0.0783
2c4bb4d1-3f75-4aa5-aec3-c402ba52579e	2	20816486	20982585	116	0.2015
2c4bb4d1-3f75-4aa5-aec3-c402ba52579e	2	20983180	24856901	2193	-0.1224
2c4bb4d1-3f75-4aa5-aec3-c402ba52579e	2	24857086	25260014	180	0.132
2c4bb4d1-3f75-4aa5-aec3-c402ba52579e	2	25260101	25371494	54	-0.1227
2c4bb4d1-3f75-4aa5-aec3-c402ba52579e	2	25371672	25398031	13	0.2692
2c4bb4d1-3f75-4aa5-aec3-c402ba52579e	2	25399642	25581141	89	-0.1083
2c4bb4d1-3f75-4aa5-aec3-c402ba52579e	2	25583500	25691487	59	0.1828
2c4bb4d1-3f75-4aa5-aec3-c402ba52579e	2	25692793	26805706	533	-0.0953
2c4bb4d1-3f75-4aa5-aec3-c402ba52579e	2	26806107	27130639	137	0.1664
2c4bb4d1-3f75-4aa5-aec3-c402ba52579e	2	27131781	27791452	242	-0.1097
2c4bb4d1-3f75-4aa5-aec3-c402ba52579e	2	27794548	28042146	114	0.1629
2c4bb4d1-3f75-4aa5-aec3-c402ba52579e	2	28042489	29628524	1003	-0.0976
2c4bb4d1-3f75-4aa5-aec3-c402ba52579e	2	29628850	29779927	129	0.1611
2c4bb4d1-3f75-4aa5-aec3-c402ba52579e	2	29782144	31740396	1336	-0.0893
2c4bb4d1-3f75-4aa5-aec3-c402ba52579e	2	31747681	33111125	259	0.0863
2c4bb4d1-3f75-4aa5-aec3-c402ba52579e	2	33111242	33257519	109	-0.1284
2c4bb4d1-3f75-4aa5-aec3-c402ba52579e	2	33259143	33302232	38	0.1419
2c4bb4d1-3f75-4aa5-aec3-c402ba52579e	2	33302265	34114828	594	-0.1168
2c4bb4d1-3f75-4aa5-aec3-c402ba52579e	2	34114898	34547473	258	0.0959
2c4bb4d1-3f75-4aa5-aec3-c402ba52579e	2	34552014	36061037	634	-0.118
2c4bb4d1-3f75-4aa5-aec3-c402ba52579e	2	36061177	36213111	73	0.1812
2c4bb4d1-3f75-4aa5-aec3-c402ba52579e	2	36219531	36343996	83	-0.1021
2c4bb4d1-3f75-4aa5-aec3-c402ba52579e	2	36344159	36632605	284	0.1529
2c4bb4d1-3f75-4aa5-aec3-c402ba52579e	2	36633597	39572893	1412	-0.1168
2c4bb4d1-3f75-4aa5-aec3-c402ba52579e	2	39581983	39788169	159	0.1904
2c4bb4d1-3f75-4aa5-aec3-c402ba52579e	2	39793594	42042147	1438	-0.1077
2c4bb4d1-3f75-4aa5-aec3-c402ba52579e	2	42042612	42080481	46	0.1877
2c4bb4d1-3f75-4aa5-aec3-c402ba52579e	2	42090201	42174007	65	-0.1376
2c4bb4d1-3f75-4aa5-aec3-c402ba52579e	2	42175875	42876474	372	0.1417
2c4bb4d1-3f75-4aa5-aec3-c402ba52579e	2	42876814	44078322	752	-0.1079
2c4bb4d1-3f75-4aa5-aec3-c402ba52579e	2	44079445	44658861	338	0.1482
2c4bb4d1-3f75-4aa5-aec3-c402ba52579e	2	44659015	45166207	342	-0.0672
2c4bb4d1-3f75-4aa5-aec3-c402ba52579e	2	45173321	45494550	234	0.1742
2c4bb4d1-3f75-4aa5-aec3-c402ba52579e	2	45496949	47096155	1295	-0.0918
2c4bb4d1-3f75-4aa5-aec3-c402ba52579e	2	47111792	47364508	139	0.1965
2c4bb4d1-3f75-4aa5-aec3-c402ba52579e	2	47365379	48534415	588	-0.1204
2c4bb4d1-3f75-4aa5-aec3-c402ba52579e	2	48534974	48540119	4	-0.9729
2c4bb4d1-3f75-4aa5-aec3-c402ba52579e	2	48542238	49711876	683	-0.1168
2c4bb4d1-3f75-4aa5-aec3-c402ba52579e	2	49714818	50285921	428	0.1517
2c4bb4d1-3f75-4aa5-aec3-c402ba52579e	2	50287608	50536003	187	-0.126
2c4bb4d1-3f75-4aa5-aec3-c402ba52579e	2	50536123	52504828	804	0.1512
2c4bb4d1-3f75-4aa5-aec3-c402ba52579e	2	52504841	52716652	63	-0.1335
2c4bb4d1-3f75-4aa5-aec3-c402ba52579e	2	52717257	52789677	48	0.1574
2c4bb4d1-3f75-4aa5-aec3-c402ba52579e	2	52790122	54931906	1114	-0.1054
2c4bb4d1-3f75-4aa5-aec3-c402ba52579e	2	54937629	55286656	205	0.159
2c4bb4d1-3f75-4aa5-aec3-c402ba52579e	2	55288954	58881805	1983	-0.1191
2c4bb4d1-3f75-4aa5-aec3-c402ba52579e	2	58883193	58972268	76	0.1287
2c4bb4d1-3f75-4aa5-aec3-c402ba52579e	2	58975452	60562176	1131	-0.1261
2c4bb4d1-3f75-4aa5-aec3-c402ba52579e	2	60563308	60827022	123	0.1262
2c4bb4d1-3f75-4aa5-aec3-c402ba52579e	2	60827618	61419952	284	-0.0987
2c4bb4d1-3f75-4aa5-aec3-c402ba52579e	2	61424190	61888008	227	0.106
2c4bb4d1-3f75-4aa5-aec3-c402ba52579e	2	61891195	62169136	106	-0.1111
2c4bb4d1-3f75-4aa5-aec3-c402ba52579e	2	62172079	62228810	28	0.2166
2c4bb4d1-3f75-4aa5-aec3-c402ba52579e	2	62235078	65579893	1720	-0.1027
2c4bb4d1-3f75-4aa5-aec3-c402ba52579e	2	65581709	65861838	231	0.1651
2c4bb4d1-3f75-4aa5-aec3-c402ba52579e	2	65862055	67692877	1350	-0.1117
2c4bb4d1-3f75-4aa5-aec3-c402ba52579e	2	67693224	67965401	188	0.1334
2c4bb4d1-3f75-4aa5-aec3-c402ba52579e	2	67965544	68253839	178	-0.126
2c4bb4d1-3f75-4aa5-aec3-c402ba52579e	2	68257781	68351226	81	0.0605
2c4bb4d1-3f75-4aa5-aec3-c402ba52579e	2	68351626	69735837	806	-0.1148
2c4bb4d1-3f75-4aa5-aec3-c402ba52579e	2	69738344	69933715	113	0.0636
2c4bb4d1-3f75-4aa5-aec3-c402ba52579e	2	69933850	70060392	80	-0.1139
2c4bb4d1-3f75-4aa5-aec3-c402ba52579e	2	70063948	70297010	111	0.0891
2c4bb4d1-3f75-4aa5-aec3-c402ba52579e	2	70297090	70631117	263	-0.0925
2c4bb4d1-3f75-4aa5-aec3-c402ba52579e	2	70634189	70674444	41	0.1652
2c4bb4d1-3f75-4aa5-aec3-c402ba52579e	2	70677967	71875573	774	-0.0973
2c4bb4d1-3f75-4aa5-aec3-c402ba52579e	2	71879316	72094865	107	0.1457
2c4bb4d1-3f75-4aa5-aec3-c402ba52579e	2	72095833	74470227	1090	-0.0752
2c4bb4d1-3f75-4aa5-aec3-c402ba52579e	2	74479931	74845410	198	0.1848
2c4bb4d1-3f75-4aa5-aec3-c402ba52579e	2	74846339	75134830	171	-0.0722
2c4bb4d1-3f75-4aa5-aec3-c402ba52579e	2	75137019	75139560	3	0.8678
2c4bb4d1-3f75-4aa5-aec3-c402ba52579e	2	75139719	75181892	68	-0.0925
2c4bb4d1-3f75-4aa5-aec3-c402ba52579e	2	75182069	75592270	277	0.1883
2c4bb4d1-3f75-4aa5-aec3-c402ba52579e	2	75593565	77106275	852	-0.1141
2c4bb4d1-3f75-4aa5-aec3-c402ba52579e	2	77106293	77351684	139	0.102
2c4bb4d1-3f75-4aa5-aec3-c402ba52579e	2	77352066	79721933	916	-0.1273
2c4bb4d1-3f75-4aa5-aec3-c402ba52579e	2	79725385	80030021	294	0.176
2c4bb4d1-3f75-4aa5-aec3-c402ba52579e	2	80030206	84394026	2459	-0.1232
2c4bb4d1-3f75-4aa5-aec3-c402ba52579e	2	84395793	84839056	264	0.1541
2c4bb4d1-3f75-4aa5-aec3-c402ba52579e	2	84841264	141368820	24818	-0.1062
2c4bb4d1-3f75-4aa5-aec3-c402ba52579e	2	141368837	141433732	46	0.4381
2c4bb4d1-3f75-4aa5-aec3-c402ba52579e	2	141438187	141776198	282	0.7732
2c4bb4d1-3f75-4aa5-aec3-c402ba52579e	2	141776396	141962812	160	0.3902
2c4bb4d1-3f75-4aa5-aec3-c402ba52579e	2	141965856	162132606	11603	-0.1078
2c4bb4d1-3f75-4aa5-aec3-c402ba52579e	2	162134217	162394242	153	0.1079
2c4bb4d1-3f75-4aa5-aec3-c402ba52579e	2	162399314	230095627	39035	-0.1086
2c4bb4d1-3f75-4aa5-aec3-c402ba52579e	2	230095928	230405779	189	0.1575
2c4bb4d1-3f75-4aa5-aec3-c402ba52579e	2	230406957	241074746	6260	-0.0955
2c4bb4d1-3f75-4aa5-aec3-c402ba52579e	2	241077474	241278212	118	0.1954
2c4bb4d1-3f75-4aa5-aec3-c402ba52579e	2	241278760	241314748	24	-0.108
2c4bb4d1-3f75-4aa5-aec3-c402ba52579e	2	241317412	241537572	123	0.1585
2c4bb4d1-3f75-4aa5-aec3-c402ba52579e	3	2170634	4623238	1360	-0.1226
2c4bb4d1-3f75-4aa5-aec3-c402ba52579e	3	4623439	4971135	300	0.1874
2c4bb4d1-3f75-4aa5-aec3-c402ba52579e	3	4972191	8124614	1675	-0.1194
2c4bb4d1-3f75-4aa5-aec3-c402ba52579e	3	8125100	8255818	115	0.1872
2c4bb4d1-3f75-4aa5-aec3-c402ba52579e	3	8255855	18229673	6385	-0.1115
2c4bb4d1-3f75-4aa5-aec3-c402ba52579e	3	18231563	18232726	2	-1.6166
2c4bb4d1-3f75-4aa5-aec3-c402ba52579e	3	18233726	29991552	6723	-0.1317
2c4bb4d1-3f75-4aa5-aec3-c402ba52579e	3	29991646	29992126	2	-1.3387
2c4bb4d1-3f75-4aa5-aec3-c402ba52579e	3	29999523	31939114	1373	-0.1278
2c4bb4d1-3f75-4aa5-aec3-c402ba52579e	3	31939735	72742389	24280	-0.1117
2c4bb4d1-3f75-4aa5-aec3-c402ba52579e	3	72744329	94373616	9244	-0.1283
2c4bb4d1-3f75-4aa5-aec3-c402ba52579e	3	94373837	94832206	191	0.0979
2c4bb4d1-3f75-4aa5-aec3-c402ba52579e	3	94832335	96808788	1038	-0.1307
2c4bb4d1-3f75-4aa5-aec3-c402ba52579e	3	96810590	96958373	66	0.0664
2c4bb4d1-3f75-4aa5-aec3-c402ba52579e	3	96959965	100467401	1843	0.0905
2c4bb4d1-3f75-4aa5-aec3-c402ba52579e	3	100468017	101337792	487	0.1732
2c4bb4d1-3f75-4aa5-aec3-c402ba52579e	3	101338762	101790527	193	0.1084
2c4bb4d1-3f75-4aa5-aec3-c402ba52579e	3	101791681	102389570	333	0.4409
2c4bb4d1-3f75-4aa5-aec3-c402ba52579e	3	102390806	114956799	7148	0.1585
2c4bb4d1-3f75-4aa5-aec3-c402ba52579e	3	114957718	116184124	732	0.2378
2c4bb4d1-3f75-4aa5-aec3-c402ba52579e	3	116188246	116955180	619	0.1515
2c4bb4d1-3f75-4aa5-aec3-c402ba52579e	3	116960037	134981456	10572	0.2316
2c4bb4d1-3f75-4aa5-aec3-c402ba52579e	3	134983191	135227598	185	0.3548
2c4bb4d1-3f75-4aa5-aec3-c402ba52579e	3	135229020	135872262	349	0.2356
2c4bb4d1-3f75-4aa5-aec3-c402ba52579e	3	135878918	137881503	940	0.5706
2c4bb4d1-3f75-4aa5-aec3-c402ba52579e	3	137883608	138331659	180	0.2221
2c4bb4d1-3f75-4aa5-aec3-c402ba52579e	3	138334345	146320895	4380	0.2788
2c4bb4d1-3f75-4aa5-aec3-c402ba52579e	3	146324610	164406285	9380	0.2219
2c4bb4d1-3f75-4aa5-aec3-c402ba52579e	3	164409518	166362635	704	0.4573
2c4bb4d1-3f75-4aa5-aec3-c402ba52579e	3	166364813	167226517	360	0.566
2c4bb4d1-3f75-4aa5-aec3-c402ba52579e	3	167226538	167622151	189	0.6832
2c4bb4d1-3f75-4aa5-aec3-c402ba52579e	3	167625676	172363052	2668	0.5392
2c4bb4d1-3f75-4aa5-aec3-c402ba52579e	3	172363232	173209882	561	0.7147
2c4bb4d1-3f75-4aa5-aec3-c402ba52579e	3	173215266	175141964	939	0.5333
2c4bb4d1-3f75-4aa5-aec3-c402ba52579e	3	175142739	176972093	719	0.7675
2c4bb4d1-3f75-4aa5-aec3-c402ba52579e	3	177177049	180232637	1835	0.5272
2c4bb4d1-3f75-4aa5-aec3-c402ba52579e	3	180235430	181705432	707	0.8231
2c4bb4d1-3f75-4aa5-aec3-c402ba52579e	3	181709143	182109910	227	0.2304
2c4bb4d1-3f75-4aa5-aec3-c402ba52579e	3	182111691	187078077	2461	0.1524
2c4bb4d1-3f75-4aa5-aec3-c402ba52579e	3	187078342	197767955	5710	0.1861
2c4bb4d1-3f75-4aa5-aec3-c402ba52579e	3	197768463	197812401	20	-0.0103
2c4bb4d1-3f75-4aa5-aec3-c402ba52579e	4	1059384	10416807	4921	-0.089
2c4bb4d1-3f75-4aa5-aec3-c402ba52579e	4	10417046	27839856	11947	-0.1273
2c4bb4d1-3f75-4aa5-aec3-c402ba52579e	4	27849568	28029111	112	0.1625
2c4bb4d1-3f75-4aa5-aec3-c402ba52579e	4	28033786	39569881	7033	-0.1271
2c4bb4d1-3f75-4aa5-aec3-c402ba52579e	4	39571770	40561855	442	0.1367
2c4bb4d1-3f75-4aa5-aec3-c402ba52579e	4	40564857	40573234	4	-0.6734
2c4bb4d1-3f75-4aa5-aec3-c402ba52579e	4	40576995	45384415	2542	0.1343
2c4bb4d1-3f75-4aa5-aec3-c402ba52579e	4	45384563	81976605	18417	-0.122
2c4bb4d1-3f75-4aa5-aec3-c402ba52579e	4	81977552	82056892	71	0.1805
2c4bb4d1-3f75-4aa5-aec3-c402ba52579e	4	82057038	102084510	11369	-0.1196
2c4bb4d1-3f75-4aa5-aec3-c402ba52579e	4	102085740	104188520	1127	0.1418
2c4bb4d1-3f75-4aa5-aec3-c402ba52579e	4	104188973	121215966	9774	-0.1179
2c4bb4d1-3f75-4aa5-aec3-c402ba52579e	4	121216259	121508223	156	0.1191
2c4bb4d1-3f75-4aa5-aec3-c402ba52579e	4	121518954	135607316	6950	-0.1253
2c4bb4d1-3f75-4aa5-aec3-c402ba52579e	4	135608315	135608332	2	-1.4195
2c4bb4d1-3f75-4aa5-aec3-c402ba52579e	4	135608372	138482330	1677	-0.1201
2c4bb4d1-3f75-4aa5-aec3-c402ba52579e	4	138482709	138790902	230	0.1826
2c4bb4d1-3f75-4aa5-aec3-c402ba52579e	4	138791615	187842528	26717	-0.1234
2c4bb4d1-3f75-4aa5-aec3-c402ba52579e	5	914118	1891707	130	0.555
2c4bb4d1-3f75-4aa5-aec3-c402ba52579e	5	1892645	2402860	415	0.6928
2c4bb4d1-3f75-4aa5-aec3-c402ba52579e	5	2403632	2409196	7	0.1349
2c4bb4d1-3f75-4aa5-aec3-c402ba52579e	5	2409324	2991051	516	0.7008
2c4bb4d1-3f75-4aa5-aec3-c402ba52579e	5	2993503	9623994	5304	0.6523
2c4bb4d1-3f75-4aa5-aec3-c402ba52579e	5	9624014	15331010	3589	0.6896
2c4bb4d1-3f75-4aa5-aec3-c402ba52579e	5	15331022	15332597	10	-0.0016
2c4bb4d1-3f75-4aa5-aec3-c402ba52579e	5	15332903	16507421	336	0.7011
2c4bb4d1-3f75-4aa5-aec3-c402ba52579e	5	16508177	21068138	2253	0.5089
2c4bb4d1-3f75-4aa5-aec3-c402ba52579e	5	21069254	24891789	2065	0.6631
2c4bb4d1-3f75-4aa5-aec3-c402ba52579e	5	24892619	27877045	1511	0.5127
2c4bb4d1-3f75-4aa5-aec3-c402ba52579e	5	27877809	41272784	8050	0.3531
2c4bb4d1-3f75-4aa5-aec3-c402ba52579e	5	41273278	44009667	1371	0.455
2c4bb4d1-3f75-4aa5-aec3-c402ba52579e	5	44019613	44022612	3	1.2775
2c4bb4d1-3f75-4aa5-aec3-c402ba52579e	5	44022828	44312387	135	0.4282
2c4bb4d1-3f75-4aa5-aec3-c402ba52579e	5	44312585	45360996	435	0.381
2c4bb4d1-3f75-4aa5-aec3-c402ba52579e	5	45364957	180934240	74996	0.1387
2c4bb4d1-3f75-4aa5-aec3-c402ba52579e	6	1011760	9794829	6408	0.1343
2c4bb4d1-3f75-4aa5-aec3-c402ba52579e	6	9795649	10106386	223	0.3702
2c4bb4d1-3f75-4aa5-aec3-c402ba52579e	6	10108958	28766899	11945	0.1184
2c4bb4d1-3f75-4aa5-aec3-c402ba52579e	6	28767226	41100804	5961	0.1486
2c4bb4d1-3f75-4aa5-aec3-c402ba52579e	6	41106619	43724136	1430	0.1051
2c4bb4d1-3f75-4aa5-aec3-c402ba52579e	6	43724221	61596616	8190	0.1528
2c4bb4d1-3f75-4aa5-aec3-c402ba52579e	6	61599521	98708774	20303	-0.1118
2c4bb4d1-3f75-4aa5-aec3-c402ba52579e	6	98711122	98717194	8	-1.4808
2c4bb4d1-3f75-4aa5-aec3-c402ba52579e	6	98719328	106558612	4616	-0.1244
2c4bb4d1-3f75-4aa5-aec3-c402ba52579e	6	106559071	107583867	546	0.1324
2c4bb4d1-3f75-4aa5-aec3-c402ba52579e	6	107584598	108146008	428	-0.1318
2c4bb4d1-3f75-4aa5-aec3-c402ba52579e	6	108148716	108303523	76	0.1126
2c4bb4d1-3f75-4aa5-aec3-c402ba52579e	6	108304904	108642391	163	-0.1355
2c4bb4d1-3f75-4aa5-aec3-c402ba52579e	6	108646668	108842406	140	0.1515
2c4bb4d1-3f75-4aa5-aec3-c402ba52579e	6	108845989	110929245	1262	-0.1144
2c4bb4d1-3f75-4aa5-aec3-c402ba52579e	6	110966817	111272472	182	0.1276
2c4bb4d1-3f75-4aa5-aec3-c402ba52579e	6	111273277	114285163	1945	-0.12
2c4bb4d1-3f75-4aa5-aec3-c402ba52579e	6	114288020	114701015	229	0.1401
2c4bb4d1-3f75-4aa5-aec3-c402ba52579e	6	114701270	115730220	445	-0.1027
2c4bb4d1-3f75-4aa5-aec3-c402ba52579e	6	115730763	116757612	583	0.1571
2c4bb4d1-3f75-4aa5-aec3-c402ba52579e	6	116757621	117824317	610	-0.1176
2c4bb4d1-3f75-4aa5-aec3-c402ba52579e	6	117824659	118011870	99	0.0618
2c4bb4d1-3f75-4aa5-aec3-c402ba52579e	6	118012614	118816495	164	-0.1406
2c4bb4d1-3f75-4aa5-aec3-c402ba52579e	6	118816865	119065991	112	0.0246
2c4bb4d1-3f75-4aa5-aec3-c402ba52579e	6	119067415	120645561	962	-0.1148
2c4bb4d1-3f75-4aa5-aec3-c402ba52579e	6	120646094	120737783	44	0.1017
2c4bb4d1-3f75-4aa5-aec3-c402ba52579e	6	120737904	121301484	297	0.1586
2c4bb4d1-3f75-4aa5-aec3-c402ba52579e	6	121303941	121830245	253	0.2595
2c4bb4d1-3f75-4aa5-aec3-c402ba52579e	6	121830546	122754906	515	0.0312
2c4bb4d1-3f75-4aa5-aec3-c402ba52579e	6	122754968	122838031	54	0.3055
2c4bb4d1-3f75-4aa5-aec3-c402ba52579e	6	122847317	123046369	139	0.0734
2c4bb4d1-3f75-4aa5-aec3-c402ba52579e	6	123050335	123698586	330	-0.1251
2c4bb4d1-3f75-4aa5-aec3-c402ba52579e	6	123700791	124046706	207	0.0994
2c4bb4d1-3f75-4aa5-aec3-c402ba52579e	6	124046786	124332897	161	-0.1379
2c4bb4d1-3f75-4aa5-aec3-c402ba52579e	6	124333913	124598443	206	-0.0043
2c4bb4d1-3f75-4aa5-aec3-c402ba52579e	6	124599694	125456865	587	0.0794
2c4bb4d1-3f75-4aa5-aec3-c402ba52579e	6	125457012	125976754	316	-0.0031
2c4bb4d1-3f75-4aa5-aec3-c402ba52579e	6	125978649	126532849	269	-0.121
2c4bb4d1-3f75-4aa5-aec3-c402ba52579e	6	126533939	128392171	1022	-0.0128
2c4bb4d1-3f75-4aa5-aec3-c402ba52579e	6	128394512	128866962	272	0.2499
2c4bb4d1-3f75-4aa5-aec3-c402ba52579e	6	128872725	130272267	1016	-0.0226
2c4bb4d1-3f75-4aa5-aec3-c402ba52579e	6	130272522	130816008	386	0.2286
2c4bb4d1-3f75-4aa5-aec3-c402ba52579e	6	130819903	132932115	1405	-0.0154
2c4bb4d1-3f75-4aa5-aec3-c402ba52579e	6	132933531	133178847	151	0.2381
2c4bb4d1-3f75-4aa5-aec3-c402ba52579e	6	133188516	133432881	191	-0.0488
2c4bb4d1-3f75-4aa5-aec3-c402ba52579e	6	133434069	134732459	871	0.2163
2c4bb4d1-3f75-4aa5-aec3-c402ba52579e	6	134732573	136477120	1209	-0.0066
2c4bb4d1-3f75-4aa5-aec3-c402ba52579e	6	136482239	136876524	187	0.233
2c4bb4d1-3f75-4aa5-aec3-c402ba52579e	6	136883376	137188483	215	-0.0175
2c4bb4d1-3f75-4aa5-aec3-c402ba52579e	6	137189841	138432636	872	0.2267
2c4bb4d1-3f75-4aa5-aec3-c402ba52579e	6	138433186	138912439	306	-0.003
2c4bb4d1-3f75-4aa5-aec3-c402ba52579e	6	138913002	140068617	707	0.2143
2c4bb4d1-3f75-4aa5-aec3-c402ba52579e	6	140069278	143743767	1878	-0.072
2c4bb4d1-3f75-4aa5-aec3-c402ba52579e	6	143744125	145264345	924	-0.0232
2c4bb4d1-3f75-4aa5-aec3-c402ba52579e	6	145264645	145565333	183	0.2249
2c4bb4d1-3f75-4aa5-aec3-c402ba52579e	6	145567120	148727209	2077	-0.0524
2c4bb4d1-3f75-4aa5-aec3-c402ba52579e	6	148728274	149139048	324	0.2184
2c4bb4d1-3f75-4aa5-aec3-c402ba52579e	6	149145045	149660533	308	-0.0455
2c4bb4d1-3f75-4aa5-aec3-c402ba52579e	6	149661942	149662064	2	-1.0953
2c4bb4d1-3f75-4aa5-aec3-c402ba52579e	6	149662130	149877355	101	-0.04
2c4bb4d1-3f75-4aa5-aec3-c402ba52579e	6	149880584	149912567	28	0.2854
2c4bb4d1-3f75-4aa5-aec3-c402ba52579e	6	149918194	153284027	2464	-0.0391
2c4bb4d1-3f75-4aa5-aec3-c402ba52579e	6	153286187	153554764	188	0.2213
2c4bb4d1-3f75-4aa5-aec3-c402ba52579e	6	153557639	154467499	685	-0.041
2c4bb4d1-3f75-4aa5-aec3-c402ba52579e	6	154467618	154925584	238	0.1702
2c4bb4d1-3f75-4aa5-aec3-c402ba52579e	6	154931418	157139421	1516	-0.0763
2c4bb4d1-3f75-4aa5-aec3-c402ba52579e	6	157146023	157825344	222	0.2095
2c4bb4d1-3f75-4aa5-aec3-c402ba52579e	6	157825615	158050700	162	-0.082
2c4bb4d1-3f75-4aa5-aec3-c402ba52579e	6	158050928	158292791	168	0.1901
2c4bb4d1-3f75-4aa5-aec3-c402ba52579e	6	158292982	158496132	155	-0.0706
2c4bb4d1-3f75-4aa5-aec3-c402ba52579e	6	158496606	158715095	105	0.1495
2c4bb4d1-3f75-4aa5-aec3-c402ba52579e	6	158719697	159205711	280	-0.0493
2c4bb4d1-3f75-4aa5-aec3-c402ba52579e	6	159206020	159539716	267	0.1619
2c4bb4d1-3f75-4aa5-aec3-c402ba52579e	6	159540016	159743507	140	-0.0756
2c4bb4d1-3f75-4aa5-aec3-c402ba52579e	6	159749022	160191227	292	0.1986
2c4bb4d1-3f75-4aa5-aec3-c402ba52579e	6	160192675	160240066	23	-0.2181
2c4bb4d1-3f75-4aa5-aec3-c402ba52579e	6	160244811	160570446	253	0.1768
2c4bb4d1-3f75-4aa5-aec3-c402ba52579e	6	160571049	160648320	53	-0.0392
2c4bb4d1-3f75-4aa5-aec3-c402ba52579e	6	160648368	166291144	3465	-0.072
2c4bb4d1-3f75-4aa5-aec3-c402ba52579e	6	166291256	166441809	91	0.1156
2c4bb4d1-3f75-4aa5-aec3-c402ba52579e	6	166446237	169719764	1121	-0.1357
2c4bb4d1-3f75-4aa5-aec3-c402ba52579e	6	169722607	169763095	23	0.1305
2c4bb4d1-3f75-4aa5-aec3-c402ba52579e	6	169767293	170596889	222	-0.1206
2c4bb4d1-3f75-4aa5-aec3-c402ba52579e	7	664936	2587676	525	0.3171
2c4bb4d1-3f75-4aa5-aec3-c402ba52579e	7	2590362	63919204	33097	0.2883
2c4bb4d1-3f75-4aa5-aec3-c402ba52579e	7	63921298	64025321	58	0.4963
2c4bb4d1-3f75-4aa5-aec3-c402ba52579e	7	64026945	75806150	4676	0.279
2c4bb4d1-3f75-4aa5-aec3-c402ba52579e	7	75806547	158592540	43604	0.3101
2c4bb4d1-3f75-4aa5-aec3-c402ba52579e	8	667625	16690738	8158	-0.1304
2c4bb4d1-3f75-4aa5-aec3-c402ba52579e	8	16694356	30920635	10061	-0.105
2c4bb4d1-3f75-4aa5-aec3-c402ba52579e	8	30921597	37076534	3502	-0.1327
2c4bb4d1-3f75-4aa5-aec3-c402ba52579e	8	37076828	37181044	72	0.1851
2c4bb4d1-3f75-4aa5-aec3-c402ba52579e	8	37181115	43034923	3277	-0.0991
2c4bb4d1-3f75-4aa5-aec3-c402ba52579e	8	43036958	47669267	438	0.2971
2c4bb4d1-3f75-4aa5-aec3-c402ba52579e	8	47669552	49220926	798	0.4829
2c4bb4d1-3f75-4aa5-aec3-c402ba52579e	8	49221379	49415749	109	0.3443
2c4bb4d1-3f75-4aa5-aec3-c402ba52579e	8	49436543	50309669	396	0.5019
2c4bb4d1-3f75-4aa5-aec3-c402ba52579e	8	50310165	51587113	754	0.3189
2c4bb4d1-3f75-4aa5-aec3-c402ba52579e	8	51589069	60848921	5640	0.1046
2c4bb4d1-3f75-4aa5-aec3-c402ba52579e	8	60849057	141166181	48460	0.3236
2c4bb4d1-3f75-4aa5-aec3-c402ba52579e	8	141166213	141276663	44	0.5876
2c4bb4d1-3f75-4aa5-aec3-c402ba52579e	8	141277435	144182542	522	0.3421
2c4bb4d1-3f75-4aa5-aec3-c402ba52579e	9	789794	2801706	1394	-0.4433
2c4bb4d1-3f75-4aa5-aec3-c402ba52579e	9	2804811	3050940	259	-0.1711
2c4bb4d1-3f75-4aa5-aec3-c402ba52579e	9	3053562	11149581	4625	-0.4459
2c4bb4d1-3f75-4aa5-aec3-c402ba52579e	9	11155116	12847827	249	-0.2765
2c4bb4d1-3f75-4aa5-aec3-c402ba52579e	9	12848188	14754012	1534	-0.4076
2c4bb4d1-3f75-4aa5-aec3-c402ba52579e	9	14754066	17169426	1950	-0.1803
2c4bb4d1-3f75-4aa5-aec3-c402ba52579e	9	17169491	18748959	1229	-0.4603
2c4bb4d1-3f75-4aa5-aec3-c402ba52579e	9	18750155	18750422	2	-1.911
2c4bb4d1-3f75-4aa5-aec3-c402ba52579e	9	18750899	25406084	4577	-0.4396
2c4bb4d1-3f75-4aa5-aec3-c402ba52579e	9	25406526	25465154	39	-0.1112
2c4bb4d1-3f75-4aa5-aec3-c402ba52579e	9	25465751	35000923	5393	-0.4395
2c4bb4d1-3f75-4aa5-aec3-c402ba52579e	9	35002134	35843083	389	0.1091
2c4bb4d1-3f75-4aa5-aec3-c402ba52579e	9	35848191	35927179	49	-0.4337
2c4bb4d1-3f75-4aa5-aec3-c402ba52579e	9	35929442	36765048	464	0.146
2c4bb4d1-3f75-4aa5-aec3-c402ba52579e	9	36767917	36931904	197	0.3687
2c4bb4d1-3f75-4aa5-aec3-c402ba52579e	9	36932322	38747691	1237	-0.4086
2c4bb4d1-3f75-4aa5-aec3-c402ba52579e	9	38752071	138044505	44888	0.1385
2c4bb4d1-3f75-4aa5-aec3-c402ba52579e	10	366509	8866608	5997	0.2688
2c4bb4d1-3f75-4aa5-aec3-c402ba52579e	10	8867961	9346131	364	0.4675
2c4bb4d1-3f75-4aa5-aec3-c402ba52579e	10	9346283	19632107	7663	0.256
2c4bb4d1-3f75-4aa5-aec3-c402ba52579e	10	19632174	19632191	2	-0.9921
2c4bb4d1-3f75-4aa5-aec3-c402ba52579e	10	19632254	24083376	2896	0.2608
2c4bb4d1-3f75-4aa5-aec3-c402ba52579e	10	24096443	24298000	149	0.4075
2c4bb4d1-3f75-4aa5-aec3-c402ba52579e	10	24299314	42450960	9191	0.2578
2c4bb4d1-3f75-4aa5-aec3-c402ba52579e	10	42452522	87852267	26200	-0.5576
2c4bb4d1-3f75-4aa5-aec3-c402ba52579e	10	87855380	88009583	220	-0.3813
2c4bb4d1-3f75-4aa5-aec3-c402ba52579e	10	88010770	93467455	3246	-0.5444
2c4bb4d1-3f75-4aa5-aec3-c402ba52579e	10	93473618	106855612	7906	-0.1867
2c4bb4d1-3f75-4aa5-aec3-c402ba52579e	10	106856438	123152599	11402	-0.2133
2c4bb4d1-3f75-4aa5-aec3-c402ba52579e	10	123153650	123900960	651	-0.1323
2c4bb4d1-3f75-4aa5-aec3-c402ba52579e	10	123901894	126683251	1815	-0.2184
2c4bb4d1-3f75-4aa5-aec3-c402ba52579e	10	126684233	128056105	1060	-0.1526
2c4bb4d1-3f75-4aa5-aec3-c402ba52579e	10	128058612	133411599	2513	-0.2129
2c4bb4d1-3f75-4aa5-aec3-c402ba52579e	11	456012	26018696	16480	-0.4408
2c4bb4d1-3f75-4aa5-aec3-c402ba52579e	11	26018788	26019097	3	-1.7061
2c4bb4d1-3f75-4aa5-aec3-c402ba52579e	11	26022556	38569411	7734	-0.4503
2c4bb4d1-3f75-4aa5-aec3-c402ba52579e	11	38569976	38571341	3	-2.0351
2c4bb4d1-3f75-4aa5-aec3-c402ba52579e	11	38578087	39113768	291	-0.4657
2c4bb4d1-3f75-4aa5-aec3-c402ba52579e	11	39114617	39115693	2	-3.1308
2c4bb4d1-3f75-4aa5-aec3-c402ba52579e	11	39115706	50091552	6126	-0.4385
2c4bb4d1-3f75-4aa5-aec3-c402ba52579e	11	50092125	63473456	3981	-0.1077
2c4bb4d1-3f75-4aa5-aec3-c402ba52579e	11	63476922	63612378	73	0.1208
2c4bb4d1-3f75-4aa5-aec3-c402ba52579e	11	63612454	65906669	429	-0.094
2c4bb4d1-3f75-4aa5-aec3-c402ba52579e	11	65906682	68003149	619	0.1298
2c4bb4d1-3f75-4aa5-aec3-c402ba52579e	11	68007631	73388616	2708	-0.0968
2c4bb4d1-3f75-4aa5-aec3-c402ba52579e	11	73393100	128794387	35694	-0.1171
2c4bb4d1-3f75-4aa5-aec3-c402ba52579e	11	128794620	134272740	3400	-0.0919
2c4bb4d1-3f75-4aa5-aec3-c402ba52579e	12	780472	3771745	1471	-0.0894
2c4bb4d1-3f75-4aa5-aec3-c402ba52579e	12	3775736	4151739	264	0.1243
2c4bb4d1-3f75-4aa5-aec3-c402ba52579e	12	4151805	18014977	8159	-0.1077
2c4bb4d1-3f75-4aa5-aec3-c402ba52579e	12	18021269	19590675	880	0.1422
2c4bb4d1-3f75-4aa5-aec3-c402ba52579e	12	19590721	49978243	15013	-0.1197
2c4bb4d1-3f75-4aa5-aec3-c402ba52579e	12	49981865	50787916	354	0.2134
2c4bb4d1-3f75-4aa5-aec3-c402ba52579e	12	50788629	51714302	502	0.1282
2c4bb4d1-3f75-4aa5-aec3-c402ba52579e	12	51714914	52767045	668	0.2157
2c4bb4d1-3f75-4aa5-aec3-c402ba52579e	12	52768744	55949499	1659	-0.1131
2c4bb4d1-3f75-4aa5-aec3-c402ba52579e	12	55952263	56268256	171	0.1262
2c4bb4d1-3f75-4aa5-aec3-c402ba52579e	12	56272763	65504550	5316	-0.1196
2c4bb4d1-3f75-4aa5-aec3-c402ba52579e	12	65505394	73594001	5184	0.1436
2c4bb4d1-3f75-4aa5-aec3-c402ba52579e	12	73597646	73603601	7	-0.6565
2c4bb4d1-3f75-4aa5-aec3-c402ba52579e	12	73604806	132605822	34697	0.1388
2c4bb4d1-3f75-4aa5-aec3-c402ba52579e	13	18874255	33146703	8769	-0.3977
2c4bb4d1-3f75-4aa5-aec3-c402ba52579e	13	33146753	94945450	35695	-0.0852
2c4bb4d1-3f75-4aa5-aec3-c402ba52579e	13	94946054	94946064	2	-1.9971
2c4bb4d1-3f75-4aa5-aec3-c402ba52579e	13	94951368	114226675	12537	-0.0982
2c4bb4d1-3f75-4aa5-aec3-c402ba52579e	14	20033191	32466262	6327	-0.1203
2c4bb4d1-3f75-4aa5-aec3-c402ba52579e	14	32468635	32731525	199	0.1201
2c4bb4d1-3f75-4aa5-aec3-c402ba52579e	14	32733438	34189902	1235	-0.1113
2c4bb4d1-3f75-4aa5-aec3-c402ba52579e	14	34197734	34513258	226	0.1815
2c4bb4d1-3f75-4aa5-aec3-c402ba52579e	14	34521237	37205410	1542	-0.1104
2c4bb4d1-3f75-4aa5-aec3-c402ba52579e	14	37206715	37684929	213	0.0609
2c4bb4d1-3f75-4aa5-aec3-c402ba52579e	14	37687564	63300126	14338	-0.1175
2c4bb4d1-3f75-4aa5-aec3-c402ba52579e	14	63300268	64087083	347	0.1211
2c4bb4d1-3f75-4aa5-aec3-c402ba52579e	14	64090467	67762329	2124	-0.1109
2c4bb4d1-3f75-4aa5-aec3-c402ba52579e	14	67767822	68100851	115	0.1509
2c4bb4d1-3f75-4aa5-aec3-c402ba52579e	14	68102472	101237338	21425	-0.1131
2c4bb4d1-3f75-4aa5-aec3-c402ba52579e	14	101240429	105533894	1699	0.3604
2c4bb4d1-3f75-4aa5-aec3-c402ba52579e	15	23437561	101344124	44787	-0.1046
2c4bb4d1-3f75-4aa5-aec3-c402ba52579e	16	603333	29114764	13398	0.1427
2c4bb4d1-3f75-4aa5-aec3-c402ba52579e	16	29122775	29283930	54	0.3936
2c4bb4d1-3f75-4aa5-aec3-c402ba52579e	16	29286385	31812037	582	0.1223
2c4bb4d1-3f75-4aa5-aec3-c402ba52579e	16	31812529	52808128	3968	-0.0956
2c4bb4d1-3f75-4aa5-aec3-c402ba52579e	16	52809099	60924798	5449	0.1558
2c4bb4d1-3f75-4aa5-aec3-c402ba52579e	16	60926834	61476165	327	0.8025
2c4bb4d1-3f75-4aa5-aec3-c402ba52579e	16	61482525	63320049	1170	1.1897
2c4bb4d1-3f75-4aa5-aec3-c402ba52579e	16	63328357	66105912	2021	0.1427
2c4bb4d1-3f75-4aa5-aec3-c402ba52579e	16	66106656	69857024	1755	0.3428
2c4bb4d1-3f75-4aa5-aec3-c402ba52579e	16	69857419	70212430	61	0.5771
2c4bb4d1-3f75-4aa5-aec3-c402ba52579e	16	70212436	70302944	36	0.0993
2c4bb4d1-3f75-4aa5-aec3-c402ba52579e	16	70316785	71451760	403	0.3773
2c4bb4d1-3f75-4aa5-aec3-c402ba52579e	16	71454868	78562710	4793	0.1508
2c4bb4d1-3f75-4aa5-aec3-c402ba52579e	16	78575675	78587516	10	-0.7002
2c4bb4d1-3f75-4aa5-aec3-c402ba52579e	16	78587723	80433695	1695	0.1484
2c4bb4d1-3f75-4aa5-aec3-c402ba52579e	16	80434247	89317317	5498	-0.0999
2c4bb4d1-3f75-4aa5-aec3-c402ba52579e	17	1074619	19961118	9321	-0.4341
2c4bb4d1-3f75-4aa5-aec3-c402ba52579e	17	19961474	20389632	92	0.7308
2c4bb4d1-3f75-4aa5-aec3-c402ba52579e	17	20403746	21399695	320	0.5186
2c4bb4d1-3f75-4aa5-aec3-c402ba52579e	17	21774057	31649631	2011	0.137
2c4bb4d1-3f75-4aa5-aec3-c402ba52579e	17	31650290	31787844	82	0.5303
2c4bb4d1-3f75-4aa5-aec3-c402ba52579e	17	31787955	37497091	2693	-0.4264
2c4bb4d1-3f75-4aa5-aec3-c402ba52579e	17	37506490	37678784	91	0.1599
2c4bb4d1-3f75-4aa5-aec3-c402ba52579e	17	37678913	37680103	2	-0.9
2c4bb4d1-3f75-4aa5-aec3-c402ba52579e	17	37683125	38976304	414	0.1804
2c4bb4d1-3f75-4aa5-aec3-c402ba52579e	17	38991105	39131111	82	1.9548
2c4bb4d1-3f75-4aa5-aec3-c402ba52579e	17	39139089	39720645	268	2.5186
2c4bb4d1-3f75-4aa5-aec3-c402ba52579e	17	39720681	39720995	3	0.6643
2c4bb4d1-3f75-4aa5-aec3-c402ba52579e	17	39725020	40041052	141	2.4207
2c4bb4d1-3f75-4aa5-aec3-c402ba52579e	17	40044698	40321019	99	1.9829
2c4bb4d1-3f75-4aa5-aec3-c402ba52579e	17	40324405	59124923	9572	-0.4253
2c4bb4d1-3f75-4aa5-aec3-c402ba52579e	17	59132708	61019226	881	2.062
2c4bb4d1-3f75-4aa5-aec3-c402ba52579e	17	61019402	61717851	390	1.4558
2c4bb4d1-3f75-4aa5-aec3-c402ba52579e	17	61718096	61835013	51	1.9006
2c4bb4d1-3f75-4aa5-aec3-c402ba52579e	17	61835667	62821817	423	0.7488
2c4bb4d1-3f75-4aa5-aec3-c402ba52579e	17	62822234	63555561	323	0.5435
2c4bb4d1-3f75-4aa5-aec3-c402ba52579e	17	63560060	65115975	680	-0.4559
2c4bb4d1-3f75-4aa5-aec3-c402ba52579e	17	65120554	65378333	194	0.531
2c4bb4d1-3f75-4aa5-aec3-c402ba52579e	17	65378603	66813717	884	-0.4373
2c4bb4d1-3f75-4aa5-aec3-c402ba52579e	17	66814213	67030770	191	0.1739
2c4bb4d1-3f75-4aa5-aec3-c402ba52579e	17	67032564	67283990	137	0.3306
2c4bb4d1-3f75-4aa5-aec3-c402ba52579e	17	67286976	68026544	390	0.5079
2c4bb4d1-3f75-4aa5-aec3-c402ba52579e	17	68029767	68389257	126	0.3474
2c4bb4d1-3f75-4aa5-aec3-c402ba52579e	17	68390500	70162690	1143	0.6512
2c4bb4d1-3f75-4aa5-aec3-c402ba52579e	17	70162769	70225876	62	0.3102
2c4bb4d1-3f75-4aa5-aec3-c402ba52579e	17	70226094	72470272	1772	-0.1086
2c4bb4d1-3f75-4aa5-aec3-c402ba52579e	17	72472517	74695492	1003	0.3699
2c4bb4d1-3f75-4aa5-aec3-c402ba52579e	17	74695789	74894376	90	-0.0917
2c4bb4d1-3f75-4aa5-aec3-c402ba52579e	17	74897033	74909037	10	0.6416
2c4bb4d1-3f75-4aa5-aec3-c402ba52579e	17	74909375	77568225	1146	-0.1176
2c4bb4d1-3f75-4aa5-aec3-c402ba52579e	17	77568698	77633277	45	-0.5016
2c4bb4d1-3f75-4aa5-aec3-c402ba52579e	17	77635228	77644738	6	-0.1799
2c4bb4d1-3f75-4aa5-aec3-c402ba52579e	17	77657739	79549025	882	0.9137
2c4bb4d1-3f75-4aa5-aec3-c402ba52579e	17	79656995	81951455	874	-0.0644
2c4bb4d1-3f75-4aa5-aec3-c402ba52579e	17	81965842	82121559	32	-0.4108
2c4bb4d1-3f75-4aa5-aec3-c402ba52579e	17	82121899	82959812	352	-0.0923
2c4bb4d1-3f75-4aa5-aec3-c402ba52579e	18	326691	3597527	1378	-0.053
2c4bb4d1-3f75-4aa5-aec3-c402ba52579e	18	3599251	3829873	168	-0.4083
2c4bb4d1-3f75-4aa5-aec3-c402ba52579e	18	3830073	3830238	3	0.5613
2c4bb4d1-3f75-4aa5-aec3-c402ba52579e	18	3830266	5013859	815	-0.3913
2c4bb4d1-3f75-4aa5-aec3-c402ba52579e	18	5014085	5949949	641	-0.7079
2c4bb4d1-3f75-4aa5-aec3-c402ba52579e	18	5952500	79349796	39944	-0.305
2c4bb4d1-3f75-4aa5-aec3-c402ba52579e	19	283868	8324127	2481	-0.4084
2c4bb4d1-3f75-4aa5-aec3-c402ba52579e	19	8324636	11959189	1697	-0.1103
2c4bb4d1-3f75-4aa5-aec3-c402ba52579e	19	11959770	14273924	931	0.1108
2c4bb4d1-3f75-4aa5-aec3-c402ba52579e	19	14274123	16721785	1334	-0.1176
2c4bb4d1-3f75-4aa5-aec3-c402ba52579e	19	16731854	18994964	925	0.1051
2c4bb4d1-3f75-4aa5-aec3-c402ba52579e	19	18997367	19676473	309	-0.0998
2c4bb4d1-3f75-4aa5-aec3-c402ba52579e	19	19677002	21241658	146	0.0952
2c4bb4d1-3f75-4aa5-aec3-c402ba52579e	19	21245434	23406543	922	-0.1327
2c4bb4d1-3f75-4aa5-aec3-c402ba52579e	19	23408850	23872082	307	0.0651
2c4bb4d1-3f75-4aa5-aec3-c402ba52579e	19	27749470	42709707	8672	-0.1937
2c4bb4d1-3f75-4aa5-aec3-c402ba52579e	19	42711176	43667873	138	0.0767
2c4bb4d1-3f75-4aa5-aec3-c402ba52579e	19	43674285	47965928	1940	-0.1992
2c4bb4d1-3f75-4aa5-aec3-c402ba52579e	19	47966522	49719657	738	0.0551
2c4bb4d1-3f75-4aa5-aec3-c402ba52579e	19	49720562	51483420	690	-0.2084
2c4bb4d1-3f75-4aa5-aec3-c402ba52579e	19	51483835	58370362	2912	0.0478
2c4bb4d1-3f75-4aa5-aec3-c402ba52579e	20	472817	16265006	10080	0.4576
2c4bb4d1-3f75-4aa5-aec3-c402ba52579e	20	16265091	16583677	286	0.6191
2c4bb4d1-3f75-4aa5-aec3-c402ba52579e	20	16583715	24558117	5887	0.4653
2c4bb4d1-3f75-4aa5-aec3-c402ba52579e	20	24559595	37674210	3836	0.3151
2c4bb4d1-3f75-4aa5-aec3-c402ba52579e	20	37674280	61169952	16300	0.3486
2c4bb4d1-3f75-4aa5-aec3-c402ba52579e	20	61170470	63588502	1161	0.464
2c4bb4d1-3f75-4aa5-aec3-c402ba52579e	21	13974127	38818811	16168	0.2474
2c4bb4d1-3f75-4aa5-aec3-c402ba52579e	21	38818831	45674233	4117	0.2784
2c4bb4d1-3f75-4aa5-aec3-c402ba52579e	21	45675076	46262057	316	0.4677
2c4bb4d1-3f75-4aa5-aec3-c402ba52579e	22	16934932	30211472	5173	-0.4452
2c4bb4d1-3f75-4aa5-aec3-c402ba52579e	22	30214538	32225175	1069	-0.0181
2c4bb4d1-3f75-4aa5-aec3-c402ba52579e	22	32225224	33128215	740	-0.2126
2c4bb4d1-3f75-4aa5-aec3-c402ba52579e	22	33129054	33896637	753	-0.0106
2c4bb4d1-3f75-4aa5-aec3-c402ba52579e	22	33898988	36214525	1643	-0.1997
2c4bb4d1-3f75-4aa5-aec3-c402ba52579e	22	36218264	37039591	504	0.0122
2c4bb4d1-3f75-4aa5-aec3-c402ba52579e	22	37042611	38820662	867	0.1575
2c4bb4d1-3f75-4aa5-aec3-c402ba52579e	22	38820687	41223828	1181	-0.0451
2c4bb4d1-3f75-4aa5-aec3-c402ba52579e	22	41236179	42093925	403	0.1112
2c4bb4d1-3f75-4aa5-aec3-c402ba52579e	22	42094329	42851409	275	0.3132
2c4bb4d1-3f75-4aa5-aec3-c402ba52579e	22	42853194	42939484	68	0.184
2c4bb4d1-3f75-4aa5-aec3-c402ba52579e	22	42939965	43135123	133	-0.0252
2c4bb4d1-3f75-4aa5-aec3-c402ba52579e	22	43137354	44149665	753	0.1665
2c4bb4d1-3f75-4aa5-aec3-c402ba52579e	22	44156192	44415542	233	0.0313
2c4bb4d1-3f75-4aa5-aec3-c402ba52579e	22	44415668	45234827	612	-0.2114
2c4bb4d1-3f75-4aa5-aec3-c402ba52579e	22	45247825	45564390	215	0.0207
2c4bb4d1-3f75-4aa5-aec3-c402ba52579e	22	45564672	46842529	723	0.2044
2c4bb4d1-3f75-4aa5-aec3-c402ba52579e	22	46843076	47042496	169	-0.1548
2c4bb4d1-3f75-4aa5-aec3-c402ba52579e	22	47043014	48940621	1565	-0.4362
2c4bb4d1-3f75-4aa5-aec3-c402ba52579e	X	3236359	50287164	21025	-0.2174
2c4bb4d1-3f75-4aa5-aec3-c402ba52579e	X	50289376	52985113	1013	0.3909
2c4bb4d1-3f75-4aa5-aec3-c402ba52579e	X	52989290	53196569	100	0.5917
2c4bb4d1-3f75-4aa5-aec3-c402ba52579e	X	53198161	53642536	167	0.3783
2c4bb4d1-3f75-4aa5-aec3-c402ba52579e	X	53649644	57559385	1460	0.1222
2c4bb4d1-3f75-4aa5-aec3-c402ba52579e	X	57563167	58291553	227	0.3782
2c4bb4d1-3f75-4aa5-aec3-c402ba52579e	X	58291715	132855619	29856	0.1013
2c4bb4d1-3f75-4aa5-aec3-c402ba52579e	X	132855972	133171842	153	0.3768
2c4bb4d1-3f75-4aa5-aec3-c402ba52579e	X	133171943	155677414	9973	0.11
