GDC_Aliquot	Chromosome	Start	End	Num_Probes	Segment_Mean
84ee91f1-d11b-4c5b-abee-47cd61945bc4	1	62920	1225878	119	-0.1572
84ee91f1-d11b-4c5b-abee-47cd61945bc4	1	1225944	3301765	617	0.0106
84ee91f1-d11b-4c5b-abee-47cd61945bc4	1	3302046	3889073	318	0.2072
84ee91f1-d11b-4c5b-abee-47cd61945bc4	1	3893197	9270420	3592	-0.1156
84ee91f1-d11b-4c5b-abee-47cd61945bc4	1	9271893	9271914	2	-1.9202
84ee91f1-d11b-4c5b-abee-47cd61945bc4	1	9272644	15823420	3671	-0.1314
84ee91f1-d11b-4c5b-abee-47cd61945bc4	1	15827002	15827430	6	0.9885
84ee91f1-d11b-4c5b-abee-47cd61945bc4	1	15827706	16679281	332	-0.0888
84ee91f1-d11b-4c5b-abee-47cd61945bc4	1	16679483	16788139	23	0.4993
84ee91f1-d11b-4c5b-abee-47cd61945bc4	1	16855942	16935752	56	0.1633
84ee91f1-d11b-4c5b-abee-47cd61945bc4	1	16949746	25247980	5251	-0.1326
84ee91f1-d11b-4c5b-abee-47cd61945bc4	1	25248216	25320253	29	0.2292
84ee91f1-d11b-4c5b-abee-47cd61945bc4	1	25320455	30265508	2387	-0.1429
84ee91f1-d11b-4c5b-abee-47cd61945bc4	1	30265585	30272363	10	-1.197
84ee91f1-d11b-4c5b-abee-47cd61945bc4	1	30274729	37307985	3983	-0.1286
84ee91f1-d11b-4c5b-abee-47cd61945bc4	1	37308262	37309096	3	-1.6794
84ee91f1-d11b-4c5b-abee-47cd61945bc4	1	37310697	37433067	81	-0.1494
84ee91f1-d11b-4c5b-abee-47cd61945bc4	1	37434572	37434814	2	-2.0817
84ee91f1-d11b-4c5b-abee-47cd61945bc4	1	37436534	71803201	21939	-0.1201
84ee91f1-d11b-4c5b-abee-47cd61945bc4	1	71805544	71980402	84	-0.347
84ee91f1-d11b-4c5b-abee-47cd61945bc4	1	71980481	72102556	88	-0.1468
84ee91f1-d11b-4c5b-abee-47cd61945bc4	1	72105681	72346221	169	-0.4675
84ee91f1-d11b-4c5b-abee-47cd61945bc4	1	72346757	81422771	5776	-0.1194
84ee91f1-d11b-4c5b-abee-47cd61945bc4	1	81422917	81423039	6	-1.7346
84ee91f1-d11b-4c5b-abee-47cd61945bc4	1	81423183	95865061	9503	-0.1349
84ee91f1-d11b-4c5b-abee-47cd61945bc4	1	95868922	95900963	16	0.3849
84ee91f1-d11b-4c5b-abee-47cd61945bc4	1	95905059	102303424	4044	0.1362
84ee91f1-d11b-4c5b-abee-47cd61945bc4	1	102307248	102313067	3	-0.8702
84ee91f1-d11b-4c5b-abee-47cd61945bc4	1	102314059	109684893	4255	0.1442
84ee91f1-d11b-4c5b-abee-47cd61945bc4	1	109690352	109697556	13	-2.2276
84ee91f1-d11b-4c5b-abee-47cd61945bc4	1	109702376	110833598	836	0.1475
84ee91f1-d11b-4c5b-abee-47cd61945bc4	1	110834746	110845604	39	-0.5163
84ee91f1-d11b-4c5b-abee-47cd61945bc4	1	110849445	143734438	6358	0.1363
84ee91f1-d11b-4c5b-abee-47cd61945bc4	1	143748012	143754798	19	0.8391
84ee91f1-d11b-4c5b-abee-47cd61945bc4	1	143759680	144442092	15	-0.2256
84ee91f1-d11b-4c5b-abee-47cd61945bc4	1	144442098	147062910	214	0.7466
84ee91f1-d11b-4c5b-abee-47cd61945bc4	1	147069433	147131046	42	0.4349
84ee91f1-d11b-4c5b-abee-47cd61945bc4	1	147131366	148982724	608	0.7534
84ee91f1-d11b-4c5b-abee-47cd61945bc4	1	148986777	148986936	3	-0.5346
84ee91f1-d11b-4c5b-abee-47cd61945bc4	1	148987434	149918981	54	0.6481
84ee91f1-d11b-4c5b-abee-47cd61945bc4	1	149927059	150298417	160	0.5154
84ee91f1-d11b-4c5b-abee-47cd61945bc4	1	150302919	152583051	1229	0.3724
84ee91f1-d11b-4c5b-abee-47cd61945bc4	1	152583230	152598884	13	-1.4537
84ee91f1-d11b-4c5b-abee-47cd61945bc4	1	152599241	152613762	18	-3.0053
84ee91f1-d11b-4c5b-abee-47cd61945bc4	1	152613802	152614118	4	-1.5485
84ee91f1-d11b-4c5b-abee-47cd61945bc4	1	152618018	152795388	194	0.3297
84ee91f1-d11b-4c5b-abee-47cd61945bc4	1	152795408	152801429	11	-0.195
84ee91f1-d11b-4c5b-abee-47cd61945bc4	1	152804279	157584318	2578	0.3924
84ee91f1-d11b-4c5b-abee-47cd61945bc4	1	157587911	157639853	34	0.6984
84ee91f1-d11b-4c5b-abee-47cd61945bc4	1	157641432	158180266	397	0.4213
84ee91f1-d11b-4c5b-abee-47cd61945bc4	1	158180389	160176383	1445	-0.1299
84ee91f1-d11b-4c5b-abee-47cd61945bc4	1	160176704	160177153	4	-1.0971
84ee91f1-d11b-4c5b-abee-47cd61945bc4	1	160178881	162369313	1427	-0.1257
84ee91f1-d11b-4c5b-abee-47cd61945bc4	1	162372413	162375301	2	-1.7462
84ee91f1-d11b-4c5b-abee-47cd61945bc4	1	162375409	167795598	4274	-0.0994
84ee91f1-d11b-4c5b-abee-47cd61945bc4	1	167796946	167797682	4	-1.5144
84ee91f1-d11b-4c5b-abee-47cd61945bc4	1	167799276	169247699	1110	-0.1448
84ee91f1-d11b-4c5b-abee-47cd61945bc4	1	169264736	169265291	2	-4.1986
84ee91f1-d11b-4c5b-abee-47cd61945bc4	1	169268642	169273163	5	-1.3043
84ee91f1-d11b-4c5b-abee-47cd61945bc4	1	169285639	176541594	4646	-0.1433
84ee91f1-d11b-4c5b-abee-47cd61945bc4	1	176544401	179582517	2102	-0.0923
84ee91f1-d11b-4c5b-abee-47cd61945bc4	1	179584589	187746723	5451	-0.1362
84ee91f1-d11b-4c5b-abee-47cd61945bc4	1	187748429	187752238	2	-1.9974
84ee91f1-d11b-4c5b-abee-47cd61945bc4	1	187755479	189053842	808	-0.1536
84ee91f1-d11b-4c5b-abee-47cd61945bc4	1	189058092	189062230	7	-1.3143
84ee91f1-d11b-4c5b-abee-47cd61945bc4	1	189063349	189341075	185	-0.1261
84ee91f1-d11b-4c5b-abee-47cd61945bc4	1	189341579	189577974	148	0.0503
84ee91f1-d11b-4c5b-abee-47cd61945bc4	1	189578371	196745743	4821	-0.13
84ee91f1-d11b-4c5b-abee-47cd61945bc4	1	196758720	196832720	58	-0.8516
84ee91f1-d11b-4c5b-abee-47cd61945bc4	1	196843377	209897717	8767	-0.1437
84ee91f1-d11b-4c5b-abee-47cd61945bc4	1	209908268	209910639	3	-2.9536
84ee91f1-d11b-4c5b-abee-47cd61945bc4	1	209913207	245380056	24716	-0.1355
84ee91f1-d11b-4c5b-abee-47cd61945bc4	1	245381707	245381842	2	-2.7122
84ee91f1-d11b-4c5b-abee-47cd61945bc4	1	245383096	248930189	2282	-0.091
84ee91f1-d11b-4c5b-abee-47cd61945bc4	2	12784	3139421	2176	0.0753
84ee91f1-d11b-4c5b-abee-47cd61945bc4	2	3142265	3293235	154	-0.1214
84ee91f1-d11b-4c5b-abee-47cd61945bc4	2	3293722	4158097	656	0.1181
84ee91f1-d11b-4c5b-abee-47cd61945bc4	2	4166274	4176429	42	-1.3905
84ee91f1-d11b-4c5b-abee-47cd61945bc4	2	4182472	7992809	3273	0.0791
84ee91f1-d11b-4c5b-abee-47cd61945bc4	2	7992961	7995913	2	-2.1484
84ee91f1-d11b-4c5b-abee-47cd61945bc4	2	7996487	34458223	17762	0.1047
84ee91f1-d11b-4c5b-abee-47cd61945bc4	2	34460213	34515690	53	0.5229
84ee91f1-d11b-4c5b-abee-47cd61945bc4	2	34515732	35742319	865	0.1247
84ee91f1-d11b-4c5b-abee-47cd61945bc4	2	35742970	35762881	9	1.267
84ee91f1-d11b-4c5b-abee-47cd61945bc4	2	35772407	50749033	10910	0.0963
84ee91f1-d11b-4c5b-abee-47cd61945bc4	2	50749321	50749714	5	-2.0056
84ee91f1-d11b-4c5b-abee-47cd61945bc4	2	50750841	52516787	1199	0.1176
84ee91f1-d11b-4c5b-abee-47cd61945bc4	2	52527330	52554404	40	-1.4461
84ee91f1-d11b-4c5b-abee-47cd61945bc4	2	52560811	66927524	9320	0.0979
84ee91f1-d11b-4c5b-abee-47cd61945bc4	2	66930028	66931184	2	-2.9921
84ee91f1-d11b-4c5b-abee-47cd61945bc4	2	66931923	77125559	6603	0.082
84ee91f1-d11b-4c5b-abee-47cd61945bc4	2	77131635	77132127	2	-2.6258
84ee91f1-d11b-4c5b-abee-47cd61945bc4	2	77132438	87225631	6089	0.0979
84ee91f1-d11b-4c5b-abee-47cd61945bc4	2	87228594	87542032	64	-0.4261
84ee91f1-d11b-4c5b-abee-47cd61945bc4	2	87546272	89305244	680	0.0815
84ee91f1-d11b-4c5b-abee-47cd61945bc4	2	89896149	97359885	1075	0.3363
84ee91f1-d11b-4c5b-abee-47cd61945bc4	2	97524284	97545726	9	-0.4135
84ee91f1-d11b-4c5b-abee-47cd61945bc4	2	97550415	98548154	539	0.2868
84ee91f1-d11b-4c5b-abee-47cd61945bc4	2	98551815	108058237	6163	0.0816
84ee91f1-d11b-4c5b-abee-47cd61945bc4	2	108060610	108064612	2	-1.9856
84ee91f1-d11b-4c5b-abee-47cd61945bc4	2	108064707	109563879	922	0.0845
84ee91f1-d11b-4c5b-abee-47cd61945bc4	2	109564370	111802919	702	-0.2183
84ee91f1-d11b-4c5b-abee-47cd61945bc4	2	111821754	122719438	6733	0.1173
84ee91f1-d11b-4c5b-abee-47cd61945bc4	2	122722323	122724665	8	-4.2913
84ee91f1-d11b-4c5b-abee-47cd61945bc4	2	122726077	130539652	4889	0.1124
84ee91f1-d11b-4c5b-abee-47cd61945bc4	2	130560276	130560478	2	-1.8932
84ee91f1-d11b-4c5b-abee-47cd61945bc4	2	130720375	141019332	6306	0.1125
84ee91f1-d11b-4c5b-abee-47cd61945bc4	2	141020660	144575253	2240	0.0583
84ee91f1-d11b-4c5b-abee-47cd61945bc4	2	144580755	146106875	879	0.0935
84ee91f1-d11b-4c5b-abee-47cd61945bc4	2	146106889	146109366	21	1.005
84ee91f1-d11b-4c5b-abee-47cd61945bc4	2	146120238	166615366	12216	0.0973
84ee91f1-d11b-4c5b-abee-47cd61945bc4	2	166615984	166616233	2	-1.5813
84ee91f1-d11b-4c5b-abee-47cd61945bc4	2	166617915	184865268	11708	0.1061
84ee91f1-d11b-4c5b-abee-47cd61945bc4	2	184865860	185997859	570	0.1921
84ee91f1-d11b-4c5b-abee-47cd61945bc4	2	185998678	193466468	4219	0.1116
84ee91f1-d11b-4c5b-abee-47cd61945bc4	2	193467568	194339576	418	-0.4749
84ee91f1-d11b-4c5b-abee-47cd61945bc4	2	194346351	195147359	477	0.1496
84ee91f1-d11b-4c5b-abee-47cd61945bc4	2	195150167	197851925	1517	0.4952
84ee91f1-d11b-4c5b-abee-47cd61945bc4	2	197855221	198118614	146	0.0578
84ee91f1-d11b-4c5b-abee-47cd61945bc4	2	198120414	199113678	651	0.4909
84ee91f1-d11b-4c5b-abee-47cd61945bc4	2	199118552	207481338	5028	-0.2496
84ee91f1-d11b-4c5b-abee-47cd61945bc4	2	207485210	207490614	12	-1.0133
84ee91f1-d11b-4c5b-abee-47cd61945bc4	2	207490972	212316597	3052	-0.2229
84ee91f1-d11b-4c5b-abee-47cd61945bc4	2	212321824	212327101	25	-1.2506
84ee91f1-d11b-4c5b-abee-47cd61945bc4	2	212327402	228892290	10786	-0.2358
84ee91f1-d11b-4c5b-abee-47cd61945bc4	2	228894763	228895197	8	-1.6072
84ee91f1-d11b-4c5b-abee-47cd61945bc4	2	228895367	238925834	6418	-0.2445
84ee91f1-d11b-4c5b-abee-47cd61945bc4	2	238926140	239359984	262	-0.3875
84ee91f1-d11b-4c5b-abee-47cd61945bc4	2	239361639	242147305	1488	-0.2552
84ee91f1-d11b-4c5b-abee-47cd61945bc4	3	20930	734637	606	0.1819
84ee91f1-d11b-4c5b-abee-47cd61945bc4	3	734948	736560	4	-1.2342
84ee91f1-d11b-4c5b-abee-47cd61945bc4	3	738461	8883498	7201	0.1398
84ee91f1-d11b-4c5b-abee-47cd61945bc4	3	8885622	9362746	429	-0.1415
84ee91f1-d11b-4c5b-abee-47cd61945bc4	3	9363240	21065264	7535	0.1086
84ee91f1-d11b-4c5b-abee-47cd61945bc4	3	21065550	23077339	1583	0.1728
84ee91f1-d11b-4c5b-abee-47cd61945bc4	3	23077417	28142764	3695	0.1294
84ee91f1-d11b-4c5b-abee-47cd61945bc4	3	28143085	46067512	11694	0.1073
84ee91f1-d11b-4c5b-abee-47cd61945bc4	3	46067581	46547844	317	0.0082
84ee91f1-d11b-4c5b-abee-47cd61945bc4	3	46549062	59963569	7503	0.1051
84ee91f1-d11b-4c5b-abee-47cd61945bc4	3	59964166	65218037	4785	0.132
84ee91f1-d11b-4c5b-abee-47cd61945bc4	3	65221229	65221269	2	-1.6345
84ee91f1-d11b-4c5b-abee-47cd61945bc4	3	65221656	75519398	7375	0.1152
84ee91f1-d11b-4c5b-abee-47cd61945bc4	3	75523398	75537654	6	1.072
84ee91f1-d11b-4c5b-abee-47cd61945bc4	3	75546030	75633167	17	0.1338
84ee91f1-d11b-4c5b-abee-47cd61945bc4	3	75636821	75639135	2	-1.1594
84ee91f1-d11b-4c5b-abee-47cd61945bc4	3	75641168	82815398	4085	0.1125
84ee91f1-d11b-4c5b-abee-47cd61945bc4	3	82823628	82823892	6	-0.6116
84ee91f1-d11b-4c5b-abee-47cd61945bc4	3	82831894	86432738	1920	0.1312
84ee91f1-d11b-4c5b-abee-47cd61945bc4	3	86437075	89355954	1675	0.3448
84ee91f1-d11b-4c5b-abee-47cd61945bc4	3	89355967	89359253	12	0.8523
84ee91f1-d11b-4c5b-abee-47cd61945bc4	3	89359285	91462299	413	0.3264
84ee91f1-d11b-4c5b-abee-47cd61945bc4	3	93800634	94494695	305	0.6275
84ee91f1-d11b-4c5b-abee-47cd61945bc4	3	94494786	98180575	1946	0.5216
84ee91f1-d11b-4c5b-abee-47cd61945bc4	3	98189826	98194581	3	-1.8376
84ee91f1-d11b-4c5b-abee-47cd61945bc4	3	98195973	99218940	593	0.523
84ee91f1-d11b-4c5b-abee-47cd61945bc4	3	99225614	99232990	41	0.0627
84ee91f1-d11b-4c5b-abee-47cd61945bc4	3	99233548	108953940	5868	0.505
84ee91f1-d11b-4c5b-abee-47cd61945bc4	3	108954483	109244409	195	0.6293
84ee91f1-d11b-4c5b-abee-47cd61945bc4	3	109244862	116263925	4212	0.4898
84ee91f1-d11b-4c5b-abee-47cd61945bc4	3	116266631	117022414	632	0.4257
84ee91f1-d11b-4c5b-abee-47cd61945bc4	3	117022654	117055504	25	0.1333
84ee91f1-d11b-4c5b-abee-47cd61945bc4	3	117057390	117221362	148	0.4487
84ee91f1-d11b-4c5b-abee-47cd61945bc4	3	117221514	117327322	64	0.2613
84ee91f1-d11b-4c5b-abee-47cd61945bc4	3	117327452	117744542	303	0.461
84ee91f1-d11b-4c5b-abee-47cd61945bc4	3	117744866	130044016	7260	0.5173
84ee91f1-d11b-4c5b-abee-47cd61945bc4	3	130044855	130087209	37	0.1163
84ee91f1-d11b-4c5b-abee-47cd61945bc4	3	130087393	146674197	10401	0.5204
84ee91f1-d11b-4c5b-abee-47cd61945bc4	3	146675288	147969350	695	0.628
84ee91f1-d11b-4c5b-abee-47cd61945bc4	3	147970210	162807070	9191	0.5182
84ee91f1-d11b-4c5b-abee-47cd61945bc4	3	162810842	162822702	10	-1.5587
84ee91f1-d11b-4c5b-abee-47cd61945bc4	3	162827928	162906093	45	0.0915
84ee91f1-d11b-4c5b-abee-47cd61945bc4	3	162906109	163008827	81	0.7136
84ee91f1-d11b-4c5b-abee-47cd61945bc4	3	163008889	165323075	1238	0.5191
84ee91f1-d11b-4c5b-abee-47cd61945bc4	3	165323760	165364151	65	-0.2431
84ee91f1-d11b-4c5b-abee-47cd61945bc4	3	165367641	165800983	278	0.5211
84ee91f1-d11b-4c5b-abee-47cd61945bc4	3	165801187	166141770	189	0.6965
84ee91f1-d11b-4c5b-abee-47cd61945bc4	3	166142888	169631156	2063	0.5349
84ee91f1-d11b-4c5b-abee-47cd61945bc4	3	169632074	169632816	2	2.6085
84ee91f1-d11b-4c5b-abee-47cd61945bc4	3	169634670	173444214	2384	0.5109
84ee91f1-d11b-4c5b-abee-47cd61945bc4	3	173444687	173967266	374	0.618
84ee91f1-d11b-4c5b-abee-47cd61945bc4	3	173967341	175404765	1037	0.4949
84ee91f1-d11b-4c5b-abee-47cd61945bc4	3	175407791	175989659	355	0.6212
84ee91f1-d11b-4c5b-abee-47cd61945bc4	3	175991506	176995823	671	0.523
84ee91f1-d11b-4c5b-abee-47cd61945bc4	3	176995893	177176493	87	0.6998
84ee91f1-d11b-4c5b-abee-47cd61945bc4	3	177177049	192219786	9677	0.5053
84ee91f1-d11b-4c5b-abee-47cd61945bc4	3	192219970	192220108	3	-0.5873
84ee91f1-d11b-4c5b-abee-47cd61945bc4	3	192220180	193130828	641	0.5364
84ee91f1-d11b-4c5b-abee-47cd61945bc4	3	193131041	193156958	32	0.3654
84ee91f1-d11b-4c5b-abee-47cd61945bc4	3	193160113	193165114	20	-1.3913
84ee91f1-d11b-4c5b-abee-47cd61945bc4	3	193168646	195559056	1484	0.5365
84ee91f1-d11b-4c5b-abee-47cd61945bc4	3	195656271	195707392	18	-0.0978
84ee91f1-d11b-4c5b-abee-47cd61945bc4	3	195707409	195934679	106	0.4683
84ee91f1-d11b-4c5b-abee-47cd61945bc4	3	195963975	195974244	3	-2.035
84ee91f1-d11b-4c5b-abee-47cd61945bc4	3	195974292	198111566	1066	0.532
84ee91f1-d11b-4c5b-abee-47cd61945bc4	3	198118345	198169247	17	-0.2335
84ee91f1-d11b-4c5b-abee-47cd61945bc4	4	68929	302594	113	-0.0527
84ee91f1-d11b-4c5b-abee-47cd61945bc4	4	304143	335897	17	-0.5706
84ee91f1-d11b-4c5b-abee-47cd61945bc4	4	343397	698595	111	-0.1131
84ee91f1-d11b-4c5b-abee-47cd61945bc4	4	701063	1363136	274	-0.2772
84ee91f1-d11b-4c5b-abee-47cd61945bc4	4	1363537	10389091	5385	-0.1192
84ee91f1-d11b-4c5b-abee-47cd61945bc4	4	10390730	10399044	16	-0.8478
84ee91f1-d11b-4c5b-abee-47cd61945bc4	4	10401094	21806659	8383	-0.1309
84ee91f1-d11b-4c5b-abee-47cd61945bc4	4	21807566	26765574	3405	-0.4753
84ee91f1-d11b-4c5b-abee-47cd61945bc4	4	26766430	27018442	131	-1.0499
84ee91f1-d11b-4c5b-abee-47cd61945bc4	4	27019072	34777353	4853	-0.4657
84ee91f1-d11b-4c5b-abee-47cd61945bc4	4	34777382	34828306	45	0.4129
84ee91f1-d11b-4c5b-abee-47cd61945bc4	4	34828327	44963030	6583	-0.4807
84ee91f1-d11b-4c5b-abee-47cd61945bc4	4	44963179	45004318	47	0.5659
84ee91f1-d11b-4c5b-abee-47cd61945bc4	4	45008952	47225283	1173	-0.4721
84ee91f1-d11b-4c5b-abee-47cd61945bc4	4	47226013	47304037	43	0.1233
84ee91f1-d11b-4c5b-abee-47cd61945bc4	4	47306787	47951040	393	-0.53
84ee91f1-d11b-4c5b-abee-47cd61945bc4	4	47951070	49052663	697	-0.3727
84ee91f1-d11b-4c5b-abee-47cd61945bc4	4	49055810	68354665	10485	-0.127
84ee91f1-d11b-4c5b-abee-47cd61945bc4	4	68361130	68620261	89	0.5122
84ee91f1-d11b-4c5b-abee-47cd61945bc4	4	68623617	69257792	315	-0.0629
84ee91f1-d11b-4c5b-abee-47cd61945bc4	4	69261926	69362906	50	-0.9965
84ee91f1-d11b-4c5b-abee-47cd61945bc4	4	69362938	86049089	10436	-0.1426
84ee91f1-d11b-4c5b-abee-47cd61945bc4	4	86049248	86058791	24	-0.5784
84ee91f1-d11b-4c5b-abee-47cd61945bc4	4	86058936	114252544	16873	-0.1437
84ee91f1-d11b-4c5b-abee-47cd61945bc4	4	114254167	114261019	23	-1.5669
84ee91f1-d11b-4c5b-abee-47cd61945bc4	4	114263073	119078873	2880	-0.1318
84ee91f1-d11b-4c5b-abee-47cd61945bc4	4	119082422	119197492	82	0.1259
84ee91f1-d11b-4c5b-abee-47cd61945bc4	4	119203702	128870996	5633	-0.1256
84ee91f1-d11b-4c5b-abee-47cd61945bc4	4	128871718	129016723	69	0.098
84ee91f1-d11b-4c5b-abee-47cd61945bc4	4	129017014	131065597	1296	-0.1413
84ee91f1-d11b-4c5b-abee-47cd61945bc4	4	131069198	135200118	2176	-0.0823
84ee91f1-d11b-4c5b-abee-47cd61945bc4	4	135200480	137021755	1001	-0.1528
84ee91f1-d11b-4c5b-abee-47cd61945bc4	4	137021888	137021901	3	-2.3006
84ee91f1-d11b-4c5b-abee-47cd61945bc4	4	137025215	137171266	99	-0.1266
84ee91f1-d11b-4c5b-abee-47cd61945bc4	4	137171362	137172260	12	-1.2126
84ee91f1-d11b-4c5b-abee-47cd61945bc4	4	137173804	139307853	1520	-0.1379
84ee91f1-d11b-4c5b-abee-47cd61945bc4	4	139311392	139316147	5	-1.4863
84ee91f1-d11b-4c5b-abee-47cd61945bc4	4	139317206	143853609	2890	-0.1509
84ee91f1-d11b-4c5b-abee-47cd61945bc4	4	143857763	144110688	114	0.024
84ee91f1-d11b-4c5b-abee-47cd61945bc4	4	144111743	160119586	9546	-0.1429
84ee91f1-d11b-4c5b-abee-47cd61945bc4	4	160120116	160162718	42	0.1337
84ee91f1-d11b-4c5b-abee-47cd61945bc4	4	160162917	160952584	586	-0.1422
84ee91f1-d11b-4c5b-abee-47cd61945bc4	4	160952694	160963857	32	0.4458
84ee91f1-d11b-4c5b-abee-47cd61945bc4	4	160963881	190106768	19142	-0.1288
84ee91f1-d11b-4c5b-abee-47cd61945bc4	5	15532	1928775	945	0.3357
84ee91f1-d11b-4c5b-abee-47cd61945bc4	5	1930253	1933841	2	-1.6549
84ee91f1-d11b-4c5b-abee-47cd61945bc4	5	1934376	3071876	1051	0.3563
84ee91f1-d11b-4c5b-abee-47cd61945bc4	5	3072738	3072748	2	-1.2012
84ee91f1-d11b-4c5b-abee-47cd61945bc4	5	3072990	12800777	8191	0.3685
84ee91f1-d11b-4c5b-abee-47cd61945bc4	5	12815668	12819964	9	-2.454
84ee91f1-d11b-4c5b-abee-47cd61945bc4	5	12824299	15718383	1974	0.3812
84ee91f1-d11b-4c5b-abee-47cd61945bc4	5	15719113	15720488	11	-0.4844
84ee91f1-d11b-4c5b-abee-47cd61945bc4	5	15723237	20458253	2972	0.389
84ee91f1-d11b-4c5b-abee-47cd61945bc4	5	20458409	20458544	3	-0.6298
84ee91f1-d11b-4c5b-abee-47cd61945bc4	5	20458689	21304436	472	0.4065
84ee91f1-d11b-4c5b-abee-47cd61945bc4	5	21304579	21312247	7	-0.2295
84ee91f1-d11b-4c5b-abee-47cd61945bc4	5	21318349	21376735	27	0.3715
84ee91f1-d11b-4c5b-abee-47cd61945bc4	5	21377730	21377744	2	-1.4234
84ee91f1-d11b-4c5b-abee-47cd61945bc4	5	21385957	24569225	1809	0.3383
84ee91f1-d11b-4c5b-abee-47cd61945bc4	5	24571906	25167641	380	0.3873
84ee91f1-d11b-4c5b-abee-47cd61945bc4	5	25167824	25284088	69	0.5798
84ee91f1-d11b-4c5b-abee-47cd61945bc4	5	25284736	38813210	8768	0.3648
84ee91f1-d11b-4c5b-abee-47cd61945bc4	5	38814076	45445266	3721	0.3312
84ee91f1-d11b-4c5b-abee-47cd61945bc4	5	45448478	46271006	261	0.4761
84ee91f1-d11b-4c5b-abee-47cd61945bc4	5	46271828	46273400	6	1.6679
84ee91f1-d11b-4c5b-abee-47cd61945bc4	5	46278110	46389171	19	0.1876
84ee91f1-d11b-4c5b-abee-47cd61945bc4	5	50146124	50843796	281	-0.008
84ee91f1-d11b-4c5b-abee-47cd61945bc4	5	50847727	53106218	1414	-0.1524
84ee91f1-d11b-4c5b-abee-47cd61945bc4	5	53108689	53113609	3	-1.3542
84ee91f1-d11b-4c5b-abee-47cd61945bc4	5	53115955	54431409	891	-0.1463
84ee91f1-d11b-4c5b-abee-47cd61945bc4	5	54434179	54434388	2	-2.1461
84ee91f1-d11b-4c5b-abee-47cd61945bc4	5	54434818	56375644	1285	-0.1814
84ee91f1-d11b-4c5b-abee-47cd61945bc4	5	56375767	58030200	1178	0.4095
84ee91f1-d11b-4c5b-abee-47cd61945bc4	5	58030336	58044246	33	-0.3071
84ee91f1-d11b-4c5b-abee-47cd61945bc4	5	58045187	58658934	431	0.349
84ee91f1-d11b-4c5b-abee-47cd61945bc4	5	58658950	58658965	2	-0.9713
84ee91f1-d11b-4c5b-abee-47cd61945bc4	5	58659087	62277545	2399	0.4225
84ee91f1-d11b-4c5b-abee-47cd61945bc4	5	62279164	62280446	3	-0.8362
84ee91f1-d11b-4c5b-abee-47cd61945bc4	5	62286365	63346171	638	0.4221
84ee91f1-d11b-4c5b-abee-47cd61945bc4	5	63346338	63884019	318	0.5177
84ee91f1-d11b-4c5b-abee-47cd61945bc4	5	63885700	89905140	14743	0.4044
84ee91f1-d11b-4c5b-abee-47cd61945bc4	5	89905490	91912201	1143	0.4462
84ee91f1-d11b-4c5b-abee-47cd61945bc4	5	91935646	91994186	45	0.6805
84ee91f1-d11b-4c5b-abee-47cd61945bc4	5	91995892	94981962	1517	0.4329
84ee91f1-d11b-4c5b-abee-47cd61945bc4	5	94981988	97755391	1713	0.4023
84ee91f1-d11b-4c5b-abee-47cd61945bc4	5	97757356	97859970	52	0.7092
84ee91f1-d11b-4c5b-abee-47cd61945bc4	5	97860260	98674716	478	0.4106
84ee91f1-d11b-4c5b-abee-47cd61945bc4	5	98679080	98714155	14	0.8011
84ee91f1-d11b-4c5b-abee-47cd61945bc4	5	98715149	99156020	246	0.3908
84ee91f1-d11b-4c5b-abee-47cd61945bc4	5	99156198	100733170	894	0.5183
84ee91f1-d11b-4c5b-abee-47cd61945bc4	5	100733747	104515520	2202	0.4354
84ee91f1-d11b-4c5b-abee-47cd61945bc4	5	104524672	104524903	4	-1.6354
84ee91f1-d11b-4c5b-abee-47cd61945bc4	5	104525348	113999533	6374	0.4194
84ee91f1-d11b-4c5b-abee-47cd61945bc4	5	113999622	113999692	2	-1.0722
84ee91f1-d11b-4c5b-abee-47cd61945bc4	5	114001271	158102219	28484	0.4237
84ee91f1-d11b-4c5b-abee-47cd61945bc4	5	158102356	158103236	2	-1.1625
84ee91f1-d11b-4c5b-abee-47cd61945bc4	5	158106426	167218417	6036	0.4147
84ee91f1-d11b-4c5b-abee-47cd61945bc4	5	167220806	173774914	4962	0.601
84ee91f1-d11b-4c5b-abee-47cd61945bc4	5	173775504	173779213	8	-0.0623
84ee91f1-d11b-4c5b-abee-47cd61945bc4	5	173779368	176998358	2105	0.6089
84ee91f1-d11b-4c5b-abee-47cd61945bc4	5	177000368	177027952	10	0.0863
84ee91f1-d11b-4c5b-abee-47cd61945bc4	5	177030788	177739139	280	0.5613
84ee91f1-d11b-4c5b-abee-47cd61945bc4	5	177740962	177771448	3	-0.0138
84ee91f1-d11b-4c5b-abee-47cd61945bc4	5	177800550	177805604	3	2.4744
84ee91f1-d11b-4c5b-abee-47cd61945bc4	5	177827964	179676725	1068	0.6145
84ee91f1-d11b-4c5b-abee-47cd61945bc4	5	179677049	179677599	5	-0.6713
84ee91f1-d11b-4c5b-abee-47cd61945bc4	5	179678006	180951888	725	0.5866
84ee91f1-d11b-4c5b-abee-47cd61945bc4	5	180953203	180987465	12	1.2314
84ee91f1-d11b-4c5b-abee-47cd61945bc4	5	180990207	181363319	175	0.5591
84ee91f1-d11b-4c5b-abee-47cd61945bc4	6	149661	16087003	12561	0.4175
84ee91f1-d11b-4c5b-abee-47cd61945bc4	6	16087418	16088500	5	-1.0924
84ee91f1-d11b-4c5b-abee-47cd61945bc4	6	16088820	16900309	680	0.3836
84ee91f1-d11b-4c5b-abee-47cd61945bc4	6	16900641	21220300	3103	0.4534
84ee91f1-d11b-4c5b-abee-47cd61945bc4	6	21222176	21222520	2	-1.1554
84ee91f1-d11b-4c5b-abee-47cd61945bc4	6	21222804	24885151	2661	0.4308
84ee91f1-d11b-4c5b-abee-47cd61945bc4	6	24888535	29866672	2627	0.3921
84ee91f1-d11b-4c5b-abee-47cd61945bc4	6	29866695	29882589	30	0.1454
84ee91f1-d11b-4c5b-abee-47cd61945bc4	6	29882603	29933799	16	-1.2721
84ee91f1-d11b-4c5b-abee-47cd61945bc4	6	29940692	31318528	646	0.3527
84ee91f1-d11b-4c5b-abee-47cd61945bc4	6	31318754	31328674	9	-1.9371
84ee91f1-d11b-4c5b-abee-47cd61945bc4	6	31342147	32656527	557	0.3442
84ee91f1-d11b-4c5b-abee-47cd61945bc4	6	32656814	32658841	5	-1.7488
84ee91f1-d11b-4c5b-abee-47cd61945bc4	6	32682835	54066353	13700	0.4446
84ee91f1-d11b-4c5b-abee-47cd61945bc4	6	54066432	54067057	6	1.5072
84ee91f1-d11b-4c5b-abee-47cd61945bc4	6	54070550	54092422	19	0.624
84ee91f1-d11b-4c5b-abee-47cd61945bc4	6	54092790	57281464	1921	0.4398
84ee91f1-d11b-4c5b-abee-47cd61945bc4	6	57283985	60395828	297	0.5431
84ee91f1-d11b-4c5b-abee-47cd61945bc4	6	60455439	61195329	256	-0.0966
84ee91f1-d11b-4c5b-abee-47cd61945bc4	6	61195461	61197186	3	-1.1734
84ee91f1-d11b-4c5b-abee-47cd61945bc4	6	61199962	61752402	216	-0.0439
84ee91f1-d11b-4c5b-abee-47cd61945bc4	6	61760156	66328153	2653	-0.2103
84ee91f1-d11b-4c5b-abee-47cd61945bc4	6	66331020	66333299	7	-1.3435
84ee91f1-d11b-4c5b-abee-47cd61945bc4	6	66333342	76726815	6786	-0.2127
84ee91f1-d11b-4c5b-abee-47cd61945bc4	6	76730151	76742553	14	-4.0518
84ee91f1-d11b-4c5b-abee-47cd61945bc4	6	76742665	76743040	7	-1.3101
84ee91f1-d11b-4c5b-abee-47cd61945bc4	6	76751356	76955685	156	-0.2802
84ee91f1-d11b-4c5b-abee-47cd61945bc4	6	76956084	78269636	841	-0.1869
84ee91f1-d11b-4c5b-abee-47cd61945bc4	6	78269661	78314916	71	0.1022
84ee91f1-d11b-4c5b-abee-47cd61945bc4	6	78315900	80574526	1454	-0.1938
84ee91f1-d11b-4c5b-abee-47cd61945bc4	6	80574714	80584858	35	0.1178
84ee91f1-d11b-4c5b-abee-47cd61945bc4	6	80585205	81388367	552	-0.2102
84ee91f1-d11b-4c5b-abee-47cd61945bc4	6	81388648	82380225	620	-0.1337
84ee91f1-d11b-4c5b-abee-47cd61945bc4	6	82380434	93819476	7296	-0.2123
84ee91f1-d11b-4c5b-abee-47cd61945bc4	6	93826906	94524381	464	-0.0735
84ee91f1-d11b-4c5b-abee-47cd61945bc4	6	94524789	94679572	102	-0.2604
84ee91f1-d11b-4c5b-abee-47cd61945bc4	6	94680994	95389491	190	-0.0266
84ee91f1-d11b-4c5b-abee-47cd61945bc4	6	95390273	98125005	1593	-0.2117
84ee91f1-d11b-4c5b-abee-47cd61945bc4	6	98127044	99500778	934	-0.1419
84ee91f1-d11b-4c5b-abee-47cd61945bc4	6	99500924	102041596	1536	-0.2168
84ee91f1-d11b-4c5b-abee-47cd61945bc4	6	102045152	103299578	732	-0.1182
84ee91f1-d11b-4c5b-abee-47cd61945bc4	6	103299596	103306375	17	-0.5823
84ee91f1-d11b-4c5b-abee-47cd61945bc4	6	103306697	104467515	756	-0.1726
84ee91f1-d11b-4c5b-abee-47cd61945bc4	6	104468605	104471022	5	-0.5839
84ee91f1-d11b-4c5b-abee-47cd61945bc4	6	104471138	105934041	911	-0.0071
84ee91f1-d11b-4c5b-abee-47cd61945bc4	6	105934779	106170910	166	-0.196
84ee91f1-d11b-4c5b-abee-47cd61945bc4	6	106170937	108146008	1255	-0.1322
84ee91f1-d11b-4c5b-abee-47cd61945bc4	6	108148716	118251903	6085	-0.2284
84ee91f1-d11b-4c5b-abee-47cd61945bc4	6	118252898	118711946	279	-0.0661
84ee91f1-d11b-4c5b-abee-47cd61945bc4	6	118716509	127693194	5386	-0.2155
84ee91f1-d11b-4c5b-abee-47cd61945bc4	6	127694070	145136199	11466	-0.2581
84ee91f1-d11b-4c5b-abee-47cd61945bc4	6	145136648	145548230	265	-0.5714
84ee91f1-d11b-4c5b-abee-47cd61945bc4	6	145552891	146636147	619	-0.2646
84ee91f1-d11b-4c5b-abee-47cd61945bc4	6	146636805	147410704	490	-0.6094
84ee91f1-d11b-4c5b-abee-47cd61945bc4	6	147411727	147665580	180	-0.2157
84ee91f1-d11b-4c5b-abee-47cd61945bc4	6	147665675	166241480	13390	-0.6091
84ee91f1-d11b-4c5b-abee-47cd61945bc4	6	166245949	167957699	988	-0.6912
84ee91f1-d11b-4c5b-abee-47cd61945bc4	6	167958635	168207029	170	-0.9445
84ee91f1-d11b-4c5b-abee-47cd61945bc4	6	168209699	170205840	1412	-0.6735
84ee91f1-d11b-4c5b-abee-47cd61945bc4	6	170222903	170223083	2	-3.5659
84ee91f1-d11b-4c5b-abee-47cd61945bc4	6	170224362	170310273	51	-0.7865
84ee91f1-d11b-4c5b-abee-47cd61945bc4	6	170310752	170741917	197	-0.6121
84ee91f1-d11b-4c5b-abee-47cd61945bc4	7	43355	112404	66	-0.5782
84ee91f1-d11b-4c5b-abee-47cd61945bc4	7	112608	1010870	180	-0.1898
84ee91f1-d11b-4c5b-abee-47cd61945bc4	7	1014881	1118508	57	-0.4692
84ee91f1-d11b-4c5b-abee-47cd61945bc4	7	1119423	7292690	3412	-0.1619
84ee91f1-d11b-4c5b-abee-47cd61945bc4	7	7292787	7296339	10	-0.9259
84ee91f1-d11b-4c5b-abee-47cd61945bc4	7	7296792	8145459	792	-0.1872
84ee91f1-d11b-4c5b-abee-47cd61945bc4	7	8149765	8978645	743	-0.0703
84ee91f1-d11b-4c5b-abee-47cd61945bc4	7	8978661	18796556	7791	-0.1297
84ee91f1-d11b-4c5b-abee-47cd61945bc4	7	18798573	18798993	3	-1.5196
84ee91f1-d11b-4c5b-abee-47cd61945bc4	7	18799560	18842580	35	-0.1893
84ee91f1-d11b-4c5b-abee-47cd61945bc4	7	18844067	19748494	934	-0.0285
84ee91f1-d11b-4c5b-abee-47cd61945bc4	7	19749151	49200430	20631	-0.1588
84ee91f1-d11b-4c5b-abee-47cd61945bc4	7	49201003	49206908	3	-1.7589
84ee91f1-d11b-4c5b-abee-47cd61945bc4	7	49206944	52999797	2836	-0.1494
84ee91f1-d11b-4c5b-abee-47cd61945bc4	7	53000167	53003082	3	-1.5322
84ee91f1-d11b-4c5b-abee-47cd61945bc4	7	53006706	54305455	955	-0.1361
84ee91f1-d11b-4c5b-abee-47cd61945bc4	7	54318812	54318824	6	-1.8045
84ee91f1-d11b-4c5b-abee-47cd61945bc4	7	54325795	57819287	2020	-0.1328
84ee91f1-d11b-4c5b-abee-47cd61945bc4	7	57819399	63014416	183	0.0654
84ee91f1-d11b-4c5b-abee-47cd61945bc4	7	63015588	72344429	4853	-0.1436
84ee91f1-d11b-4c5b-abee-47cd61945bc4	7	72346893	72351959	7	-1.5574
84ee91f1-d11b-4c5b-abee-47cd61945bc4	7	72356344	88570013	8826	-0.1412
84ee91f1-d11b-4c5b-abee-47cd61945bc4	7	88570233	89122144	419	-0.0358
84ee91f1-d11b-4c5b-abee-47cd61945bc4	7	89122322	89123968	3	-1.4392
84ee91f1-d11b-4c5b-abee-47cd61945bc4	7	89124943	90217022	687	-0.0456
84ee91f1-d11b-4c5b-abee-47cd61945bc4	7	90217494	92904710	1854	-0.1544
84ee91f1-d11b-4c5b-abee-47cd61945bc4	7	92904788	92909458	2	-1.5754
84ee91f1-d11b-4c5b-abee-47cd61945bc4	7	92909733	97756658	2959	-0.158
84ee91f1-d11b-4c5b-abee-47cd61945bc4	7	97766148	97773163	16	-0.662
84ee91f1-d11b-4c5b-abee-47cd61945bc4	7	97774928	98254906	239	-0.1463
84ee91f1-d11b-4c5b-abee-47cd61945bc4	7	98256413	98256675	3	0.9431
84ee91f1-d11b-4c5b-abee-47cd61945bc4	7	98258697	98942500	316	-0.1268
84ee91f1-d11b-4c5b-abee-47cd61945bc4	7	98945485	98946020	2	-1.4402
84ee91f1-d11b-4c5b-abee-47cd61945bc4	7	98947160	101352351	965	-0.165
84ee91f1-d11b-4c5b-abee-47cd61945bc4	7	101352560	101357735	2	-1.5552
84ee91f1-d11b-4c5b-abee-47cd61945bc4	7	101364276	101437642	29	-0.1589
84ee91f1-d11b-4c5b-abee-47cd61945bc4	7	101438517	101438705	2	-2.2929
84ee91f1-d11b-4c5b-abee-47cd61945bc4	7	101442977	109797042	5043	-0.1563
84ee91f1-d11b-4c5b-abee-47cd61945bc4	7	109797043	109818700	34	0.3566
84ee91f1-d11b-4c5b-abee-47cd61945bc4	7	109818715	111180195	903	-0.1311
84ee91f1-d11b-4c5b-abee-47cd61945bc4	7	111180390	111420729	180	0.018
84ee91f1-d11b-4c5b-abee-47cd61945bc4	7	111425236	112467403	669	-0.1546
84ee91f1-d11b-4c5b-abee-47cd61945bc4	7	112468373	112481771	17	0.3429
84ee91f1-d11b-4c5b-abee-47cd61945bc4	7	112483510	118267333	3407	-0.1537
84ee91f1-d11b-4c5b-abee-47cd61945bc4	7	118267935	118391925	57	0.1448
84ee91f1-d11b-4c5b-abee-47cd61945bc4	7	118395239	126404920	4787	-0.1403
84ee91f1-d11b-4c5b-abee-47cd61945bc4	7	126405428	126406489	10	-1.8596
84ee91f1-d11b-4c5b-abee-47cd61945bc4	7	126406546	126600226	141	-0.1736
84ee91f1-d11b-4c5b-abee-47cd61945bc4	7	126601300	126636978	12	0.4252
84ee91f1-d11b-4c5b-abee-47cd61945bc4	7	126638307	144013116	10861	-0.1575
84ee91f1-d11b-4c5b-abee-47cd61945bc4	7	144013528	144014058	4	-1.435
84ee91f1-d11b-4c5b-abee-47cd61945bc4	7	144014076	144249785	140	-0.1445
84ee91f1-d11b-4c5b-abee-47cd61945bc4	7	144255220	144352208	13	0.8119
84ee91f1-d11b-4c5b-abee-47cd61945bc4	7	144377836	150855785	4042	-0.1354
84ee91f1-d11b-4c5b-abee-47cd61945bc4	7	150856669	150863234	9	-1.008
84ee91f1-d11b-4c5b-abee-47cd61945bc4	7	150865574	157961628	4743	-0.1466
84ee91f1-d11b-4c5b-abee-47cd61945bc4	7	157962231	157965945	12	-0.8284
84ee91f1-d11b-4c5b-abee-47cd61945bc4	7	157966104	158919484	542	-0.1261
84ee91f1-d11b-4c5b-abee-47cd61945bc4	7	158919530	159216367	202	-0.345
84ee91f1-d11b-4c5b-abee-47cd61945bc4	7	159227414	159334314	87	-0.0005
84ee91f1-d11b-4c5b-abee-47cd61945bc4	8	81254	208062	4	-0.6448
84ee91f1-d11b-4c5b-abee-47cd61945bc4	8	212672	5982782	6336	0.1069
84ee91f1-d11b-4c5b-abee-47cd61945bc4	8	5988305	6221662	345	-0.1743
84ee91f1-d11b-4c5b-abee-47cd61945bc4	8	6221711	6221829	2	-1.8833
84ee91f1-d11b-4c5b-abee-47cd61945bc4	8	6221871	6956923	901	-0.1286
84ee91f1-d11b-4c5b-abee-47cd61945bc4	8	6957134	6957806	6	-1.2306
84ee91f1-d11b-4c5b-abee-47cd61945bc4	8	6958057	18994251	9320	-0.1371
84ee91f1-d11b-4c5b-abee-47cd61945bc4	8	18994964	19001311	23	-1.0362
84ee91f1-d11b-4c5b-abee-47cd61945bc4	8	19008638	25116961	4531	-0.1517
84ee91f1-d11b-4c5b-abee-47cd61945bc4	8	25117007	25121770	11	0.4458
84ee91f1-d11b-4c5b-abee-47cd61945bc4	8	25122039	25122472	8	1.0157
84ee91f1-d11b-4c5b-abee-47cd61945bc4	8	25126554	25133759	10	0.302
84ee91f1-d11b-4c5b-abee-47cd61945bc4	8	25133774	25701029	430	-0.1491
84ee91f1-d11b-4c5b-abee-47cd61945bc4	8	25701402	25707766	2	-1.7238
84ee91f1-d11b-4c5b-abee-47cd61945bc4	8	25707988	27007095	1036	-0.1482
84ee91f1-d11b-4c5b-abee-47cd61945bc4	8	27011186	27591760	436	0.408
84ee91f1-d11b-4c5b-abee-47cd61945bc4	8	27595330	27769763	140	-0.1074
84ee91f1-d11b-4c5b-abee-47cd61945bc4	8	27780880	27940058	138	0.3851
84ee91f1-d11b-4c5b-abee-47cd61945bc4	8	27945490	31929087	2481	-0.1506
84ee91f1-d11b-4c5b-abee-47cd61945bc4	8	31931538	32825580	762	0.4444
84ee91f1-d11b-4c5b-abee-47cd61945bc4	8	32826447	32830895	7	-0.5314
84ee91f1-d11b-4c5b-abee-47cd61945bc4	8	32834588	34658033	1030	0.4333
84ee91f1-d11b-4c5b-abee-47cd61945bc4	8	34658243	35160507	308	0.5815
84ee91f1-d11b-4c5b-abee-47cd61945bc4	8	35162807	35211477	21	0.3972
84ee91f1-d11b-4c5b-abee-47cd61945bc4	8	35218435	36598414	722	-0.1289
84ee91f1-d11b-4c5b-abee-47cd61945bc4	8	36598811	39354980	1488	0.4254
84ee91f1-d11b-4c5b-abee-47cd61945bc4	8	39356427	39373140	11	0.6728
84ee91f1-d11b-4c5b-abee-47cd61945bc4	8	39378084	39529446	59	1.3453
84ee91f1-d11b-4c5b-abee-47cd61945bc4	8	39530780	40326278	589	0.4054
84ee91f1-d11b-4c5b-abee-47cd61945bc4	8	40326280	40914477	484	0.7746
84ee91f1-d11b-4c5b-abee-47cd61945bc4	8	40920333	40920952	2	-0.8356
84ee91f1-d11b-4c5b-abee-47cd61945bc4	8	40926161	43514211	1432	0.8038
84ee91f1-d11b-4c5b-abee-47cd61945bc4	8	43529957	43700961	38	-0.2358
84ee91f1-d11b-4c5b-abee-47cd61945bc4	8	43705882	46000405	44	0.2366
84ee91f1-d11b-4c5b-abee-47cd61945bc4	8	46000692	47365805	509	0.5338
84ee91f1-d11b-4c5b-abee-47cd61945bc4	8	47368914	50268073	1605	0.4351
84ee91f1-d11b-4c5b-abee-47cd61945bc4	8	50270887	50274654	4	1.2903
84ee91f1-d11b-4c5b-abee-47cd61945bc4	8	50278986	52462668	1398	0.4041
84ee91f1-d11b-4c5b-abee-47cd61945bc4	8	52463174	60656877	5418	0.5816
84ee91f1-d11b-4c5b-abee-47cd61945bc4	8	60662433	60663969	2	-1.4429
84ee91f1-d11b-4c5b-abee-47cd61945bc4	8	60664239	61029312	257	0.5826
84ee91f1-d11b-4c5b-abee-47cd61945bc4	8	61036675	61037698	4	-0.8325
84ee91f1-d11b-4c5b-abee-47cd61945bc4	8	61038206	63936079	1863	0.5761
84ee91f1-d11b-4c5b-abee-47cd61945bc4	8	63936340	63936561	6	-0.2695
84ee91f1-d11b-4c5b-abee-47cd61945bc4	8	63936953	64519471	324	0.587
84ee91f1-d11b-4c5b-abee-47cd61945bc4	8	64523599	64648918	63	0.3794
84ee91f1-d11b-4c5b-abee-47cd61945bc4	8	64655681	68601351	2192	0.5835
84ee91f1-d11b-4c5b-abee-47cd61945bc4	8	68603383	71300130	1666	0.4169
84ee91f1-d11b-4c5b-abee-47cd61945bc4	8	71303076	71304364	8	-1.0662
84ee91f1-d11b-4c5b-abee-47cd61945bc4	8	71307628	71747557	298	0.4074
84ee91f1-d11b-4c5b-abee-47cd61945bc4	8	71748377	71783760	28	0.0631
84ee91f1-d11b-4c5b-abee-47cd61945bc4	8	71788741	84206025	7560	0.4167
84ee91f1-d11b-4c5b-abee-47cd61945bc4	8	84206384	84354314	99	0.6351
84ee91f1-d11b-4c5b-abee-47cd61945bc4	8	84354371	84359094	18	1.0344
84ee91f1-d11b-4c5b-abee-47cd61945bc4	8	84359303	84515433	88	0.6431
84ee91f1-d11b-4c5b-abee-47cd61945bc4	8	84519603	86777104	1165	0.4213
84ee91f1-d11b-4c5b-abee-47cd61945bc4	8	86777129	86777398	2	-1.1165
84ee91f1-d11b-4c5b-abee-47cd61945bc4	8	86777618	87674574	480	0.4238
84ee91f1-d11b-4c5b-abee-47cd61945bc4	8	87675293	88033891	189	0.5976
84ee91f1-d11b-4c5b-abee-47cd61945bc4	8	88034518	89347541	870	0.3938
84ee91f1-d11b-4c5b-abee-47cd61945bc4	8	89348056	89881575	290	0.5935
84ee91f1-d11b-4c5b-abee-47cd61945bc4	8	89881988	90076760	123	0.3977
84ee91f1-d11b-4c5b-abee-47cd61945bc4	8	90078593	90500154	274	0.5519
84ee91f1-d11b-4c5b-abee-47cd61945bc4	8	90505907	105913168	9368	0.4091
84ee91f1-d11b-4c5b-abee-47cd61945bc4	8	105916092	106424956	331	0.5345
84ee91f1-d11b-4c5b-abee-47cd61945bc4	8	106430300	111279265	2918	0.4191
84ee91f1-d11b-4c5b-abee-47cd61945bc4	8	111282050	111283031	10	1.7062
84ee91f1-d11b-4c5b-abee-47cd61945bc4	8	111288052	114145226	1550	0.4045
84ee91f1-d11b-4c5b-abee-47cd61945bc4	8	114145787	114156478	10	-0.1205
84ee91f1-d11b-4c5b-abee-47cd61945bc4	8	114156489	128744020	10112	0.402
84ee91f1-d11b-4c5b-abee-47cd61945bc4	8	128750889	128751839	2	-1.2554
84ee91f1-d11b-4c5b-abee-47cd61945bc4	8	128765208	136765736	6152	0.4091
84ee91f1-d11b-4c5b-abee-47cd61945bc4	8	136767973	136882271	125	0.5871
84ee91f1-d11b-4c5b-abee-47cd61945bc4	8	136888490	138029523	927	0.3873
84ee91f1-d11b-4c5b-abee-47cd61945bc4	8	138029568	140994738	2254	0.4804
84ee91f1-d11b-4c5b-abee-47cd61945bc4	8	140994790	143217284	1149	0.3865
84ee91f1-d11b-4c5b-abee-47cd61945bc4	8	143217495	143228447	13	-0.3736
84ee91f1-d11b-4c5b-abee-47cd61945bc4	8	143232207	145072769	632	0.4319
84ee91f1-d11b-4c5b-abee-47cd61945bc4	9	46587	1577470	1674	-0.1776
84ee91f1-d11b-4c5b-abee-47cd61945bc4	9	1578049	1581412	3	-6.1556
84ee91f1-d11b-4c5b-abee-47cd61945bc4	9	1582154	6725019	4704	-0.1723
84ee91f1-d11b-4c5b-abee-47cd61945bc4	9	6731786	6731839	2	-2.1459
84ee91f1-d11b-4c5b-abee-47cd61945bc4	9	6733971	9328077	2500	-0.1661
84ee91f1-d11b-4c5b-abee-47cd61945bc4	9	9329715	9404090	87	0.1176
84ee91f1-d11b-4c5b-abee-47cd61945bc4	9	9404584	11090336	1579	-0.1305
84ee91f1-d11b-4c5b-abee-47cd61945bc4	9	11090375	12722074	1262	-0.0582
84ee91f1-d11b-4c5b-abee-47cd61945bc4	9	12722358	14402920	1357	-0.1399
84ee91f1-d11b-4c5b-abee-47cd61945bc4	9	14403300	14404293	2	-1.8946
84ee91f1-d11b-4c5b-abee-47cd61945bc4	9	14405159	16907151	2118	-0.1485
84ee91f1-d11b-4c5b-abee-47cd61945bc4	9	16909635	16912316	22	0.2229
84ee91f1-d11b-4c5b-abee-47cd61945bc4	9	16912327	23361807	5089	-0.1605
84ee91f1-d11b-4c5b-abee-47cd61945bc4	9	23363117	23367171	4	1.127
84ee91f1-d11b-4c5b-abee-47cd61945bc4	9	23368027	61520021	10946	-0.1542
84ee91f1-d11b-4c5b-abee-47cd61945bc4	9	61521913	61616425	25	0.5079
84ee91f1-d11b-4c5b-abee-47cd61945bc4	9	61627312	102547125	24078	-0.16
84ee91f1-d11b-4c5b-abee-47cd61945bc4	9	102547390	104036916	1034	-0.0912
84ee91f1-d11b-4c5b-abee-47cd61945bc4	9	104037840	104079012	54	0.2076
84ee91f1-d11b-4c5b-abee-47cd61945bc4	9	104080930	105820925	1344	-0.0963
84ee91f1-d11b-4c5b-abee-47cd61945bc4	9	105825551	129559437	16764	-0.1445
84ee91f1-d11b-4c5b-abee-47cd61945bc4	9	129560958	129561772	2	-1.9827
84ee91f1-d11b-4c5b-abee-47cd61945bc4	9	129564975	137358495	4355	-0.157
84ee91f1-d11b-4c5b-abee-47cd61945bc4	9	137361190	137361381	3	-2.6651
84ee91f1-d11b-4c5b-abee-47cd61945bc4	9	137378551	138200944	406	-0.1449
84ee91f1-d11b-4c5b-abee-47cd61945bc4	10	45792	104067	26	0.0521
84ee91f1-d11b-4c5b-abee-47cd61945bc4	10	104604	1400969	796	0.3353
84ee91f1-d11b-4c5b-abee-47cd61945bc4	10	1400985	1400985	2	-2.0791
84ee91f1-d11b-4c5b-abee-47cd61945bc4	10	1401020	1878846	500	0.3358
84ee91f1-d11b-4c5b-abee-47cd61945bc4	10	1879212	1879226	2	-1.7664
84ee91f1-d11b-4c5b-abee-47cd61945bc4	10	1880921	2910645	1003	0.3061
84ee91f1-d11b-4c5b-abee-47cd61945bc4	10	2910855	2915989	2	-1.3563
84ee91f1-d11b-4c5b-abee-47cd61945bc4	10	2917539	3776285	791	0.3181
84ee91f1-d11b-4c5b-abee-47cd61945bc4	10	3776848	4721271	951	0.2421
84ee91f1-d11b-4c5b-abee-47cd61945bc4	10	4721679	6369253	1324	0.3099
84ee91f1-d11b-4c5b-abee-47cd61945bc4	10	6369395	6369519	5	-0.9294
84ee91f1-d11b-4c5b-abee-47cd61945bc4	10	6376792	7024094	684	0.302
84ee91f1-d11b-4c5b-abee-47cd61945bc4	10	7026854	7027992	3	-1.2809
84ee91f1-d11b-4c5b-abee-47cd61945bc4	10	7029068	25899217	14398	0.3114
84ee91f1-d11b-4c5b-abee-47cd61945bc4	10	25901593	25904814	7	-0.6897
84ee91f1-d11b-4c5b-abee-47cd61945bc4	10	25905873	26937169	698	0.2781
84ee91f1-d11b-4c5b-abee-47cd61945bc4	10	26937875	26939544	10	0.9008
84ee91f1-d11b-4c5b-abee-47cd61945bc4	10	26941064	30957581	3020	0.3164
84ee91f1-d11b-4c5b-abee-47cd61945bc4	10	30962405	30962809	10	0.8952
84ee91f1-d11b-4c5b-abee-47cd61945bc4	10	30962850	32662809	1057	0.2958
84ee91f1-d11b-4c5b-abee-47cd61945bc4	10	32663409	32665464	25	0.7004
84ee91f1-d11b-4c5b-abee-47cd61945bc4	10	32665608	35984107	2217	0.3268
84ee91f1-d11b-4c5b-abee-47cd61945bc4	10	35984461	41766216	1547	0.0897
84ee91f1-d11b-4c5b-abee-47cd61945bc4	10	41766336	42357675	53	0.351
84ee91f1-d11b-4c5b-abee-47cd61945bc4	10	42358241	46248612	2425	0.1052
84ee91f1-d11b-4c5b-abee-47cd61945bc4	10	46248776	46370859	116	-0.1211
84ee91f1-d11b-4c5b-abee-47cd61945bc4	10	46442116	46632302	50	0.0298
84ee91f1-d11b-4c5b-abee-47cd61945bc4	10	46657149	46810571	10	0.6822
84ee91f1-d11b-4c5b-abee-47cd61945bc4	10	46836986	47344153	237	0.0884
84ee91f1-d11b-4c5b-abee-47cd61945bc4	10	47344720	47385686	29	-0.2554
84ee91f1-d11b-4c5b-abee-47cd61945bc4	10	47389005	50229421	1428	0.1112
84ee91f1-d11b-4c5b-abee-47cd61945bc4	10	50235079	50240776	2	-1.8794
84ee91f1-d11b-4c5b-abee-47cd61945bc4	10	50242107	54652156	3447	0.0932
84ee91f1-d11b-4c5b-abee-47cd61945bc4	10	54659433	55106319	297	-0.1545
84ee91f1-d11b-4c5b-abee-47cd61945bc4	10	55108693	56044948	633	0.2158
84ee91f1-d11b-4c5b-abee-47cd61945bc4	10	56044961	56756643	467	0.1117
84ee91f1-d11b-4c5b-abee-47cd61945bc4	10	56756761	56757557	14	0.6905
84ee91f1-d11b-4c5b-abee-47cd61945bc4	10	56758796	56763973	12	0.1554
84ee91f1-d11b-4c5b-abee-47cd61945bc4	10	56764212	56766578	9	0.5715
84ee91f1-d11b-4c5b-abee-47cd61945bc4	10	56766637	57062646	242	0.0613
84ee91f1-d11b-4c5b-abee-47cd61945bc4	10	57062898	57153678	64	0.3217
84ee91f1-d11b-4c5b-abee-47cd61945bc4	10	57153891	57824234	529	0.1091
84ee91f1-d11b-4c5b-abee-47cd61945bc4	10	57845879	57845932	2	-3.0136
84ee91f1-d11b-4c5b-abee-47cd61945bc4	10	57846603	65500959	5246	0.0927
84ee91f1-d11b-4c5b-abee-47cd61945bc4	10	65510316	65549249	51	-1.4083
84ee91f1-d11b-4c5b-abee-47cd61945bc4	10	65549252	65563037	15	-3.2653
84ee91f1-d11b-4c5b-abee-47cd61945bc4	10	65563168	130390390	44150	0.0982
84ee91f1-d11b-4c5b-abee-47cd61945bc4	10	130390609	131116939	663	-0.0401
84ee91f1-d11b-4c5b-abee-47cd61945bc4	10	131117083	133415637	1251	0.0874
84ee91f1-d11b-4c5b-abee-47cd61945bc4	10	133416215	133416364	2	-2.1084
84ee91f1-d11b-4c5b-abee-47cd61945bc4	10	133419150	133654968	147	0.0337
84ee91f1-d11b-4c5b-abee-47cd61945bc4	11	198510	4946021	2402	-0.472
84ee91f1-d11b-4c5b-abee-47cd61945bc4	11	4946166	4955042	32	0.6447
84ee91f1-d11b-4c5b-abee-47cd61945bc4	11	4955781	5500921	540	-0.4621
84ee91f1-d11b-4c5b-abee-47cd61945bc4	11	5500945	5502363	6	-1.911
84ee91f1-d11b-4c5b-abee-47cd61945bc4	11	5503234	5766175	239	-0.4401
84ee91f1-d11b-4c5b-abee-47cd61945bc4	11	5766850	5787909	32	-3.3768
84ee91f1-d11b-4c5b-abee-47cd61945bc4	11	5788108	5815609	23	-0.2836
84ee91f1-d11b-4c5b-abee-47cd61945bc4	11	5815769	10602668	3296	-0.4673
84ee91f1-d11b-4c5b-abee-47cd61945bc4	11	10603599	10604016	2	-3.2385
84ee91f1-d11b-4c5b-abee-47cd61945bc4	11	10607239	18930384	6078	-0.481
84ee91f1-d11b-4c5b-abee-47cd61945bc4	11	18930645	18939550	19	-0.9946
84ee91f1-d11b-4c5b-abee-47cd61945bc4	11	18939631	19666363	671	-0.4849
84ee91f1-d11b-4c5b-abee-47cd61945bc4	11	19666846	33581710	9805	-0.4407
84ee91f1-d11b-4c5b-abee-47cd61945bc4	11	33582587	36021485	2070	-0.5
84ee91f1-d11b-4c5b-abee-47cd61945bc4	11	36022556	43675341	5220	-0.4359
84ee91f1-d11b-4c5b-abee-47cd61945bc4	11	43675367	48309141	2675	-0.4757
84ee91f1-d11b-4c5b-abee-47cd61945bc4	11	48317491	54581250	921	-0.3288
84ee91f1-d11b-4c5b-abee-47cd61945bc4	11	54581255	54924229	123	-0.6887
84ee91f1-d11b-4c5b-abee-47cd61945bc4	11	54933825	55198132	34	-0.2794
84ee91f1-d11b-4c5b-abee-47cd61945bc4	11	55202385	55323792	42	0.0583
84ee91f1-d11b-4c5b-abee-47cd61945bc4	11	55326407	55606712	166	-0.3228
84ee91f1-d11b-4c5b-abee-47cd61945bc4	11	55606727	55685533	56	0.5456
84ee91f1-d11b-4c5b-abee-47cd61945bc4	11	55686100	56802536	740	-0.3356
84ee91f1-d11b-4c5b-abee-47cd61945bc4	11	56802591	59196091	1418	-0.0354
84ee91f1-d11b-4c5b-abee-47cd61945bc4	11	59196636	71753030	6183	0.1084
84ee91f1-d11b-4c5b-abee-47cd61945bc4	11	71766534	71770617	5	-1.0959
84ee91f1-d11b-4c5b-abee-47cd61945bc4	11	71771008	80256469	4906	0.1148
84ee91f1-d11b-4c5b-abee-47cd61945bc4	11	80256504	80256520	2	-3.4197
84ee91f1-d11b-4c5b-abee-47cd61945bc4	11	80256642	80265224	14	0.4435
84ee91f1-d11b-4c5b-abee-47cd61945bc4	11	80267064	81162746	686	0.114
84ee91f1-d11b-4c5b-abee-47cd61945bc4	11	81162975	81167329	31	0.5143
84ee91f1-d11b-4c5b-abee-47cd61945bc4	11	81167348	81787763	578	0.1273
84ee91f1-d11b-4c5b-abee-47cd61945bc4	11	81792426	81806116	11	-1.2158
84ee91f1-d11b-4c5b-abee-47cd61945bc4	11	81811590	84822826	1963	0.114
84ee91f1-d11b-4c5b-abee-47cd61945bc4	11	84824862	86326807	1002	-0.1581
84ee91f1-d11b-4c5b-abee-47cd61945bc4	11	86328511	93061643	4480	0.1242
84ee91f1-d11b-4c5b-abee-47cd61945bc4	11	93061974	93467447	265	0.2435
84ee91f1-d11b-4c5b-abee-47cd61945bc4	11	93467734	95451191	1410	0.1193
84ee91f1-d11b-4c5b-abee-47cd61945bc4	11	95452936	95453749	3	-1.3867
84ee91f1-d11b-4c5b-abee-47cd61945bc4	11	95455006	97404467	1463	0.1007
84ee91f1-d11b-4c5b-abee-47cd61945bc4	11	97407473	98270908	636	-0.1309
84ee91f1-d11b-4c5b-abee-47cd61945bc4	11	98270972	98399555	96	0.2096
84ee91f1-d11b-4c5b-abee-47cd61945bc4	11	98403252	101472993	2462	-0.155
84ee91f1-d11b-4c5b-abee-47cd61945bc4	11	101476159	101563437	77	-0.9437
84ee91f1-d11b-4c5b-abee-47cd61945bc4	11	101568936	101723653	113	-0.1585
84ee91f1-d11b-4c5b-abee-47cd61945bc4	11	101727129	101727233	4	0.7507
84ee91f1-d11b-4c5b-abee-47cd61945bc4	11	101727481	101821940	87	-0.0945
84ee91f1-d11b-4c5b-abee-47cd61945bc4	11	101831021	101839493	6	-1.0105
84ee91f1-d11b-4c5b-abee-47cd61945bc4	11	101841907	107910653	4094	-0.1605
84ee91f1-d11b-4c5b-abee-47cd61945bc4	11	107913781	107914372	2	-4.4324
84ee91f1-d11b-4c5b-abee-47cd61945bc4	11	107916987	125254186	12031	-0.1688
84ee91f1-d11b-4c5b-abee-47cd61945bc4	11	125255173	125352355	71	0.1601
84ee91f1-d11b-4c5b-abee-47cd61945bc4	11	125354372	125517817	113	-0.1564
84ee91f1-d11b-4c5b-abee-47cd61945bc4	11	125524152	125802995	158	0.092
84ee91f1-d11b-4c5b-abee-47cd61945bc4	11	125805534	127311148	1177	-0.1609
84ee91f1-d11b-4c5b-abee-47cd61945bc4	11	127314141	127477323	156	0.1025
84ee91f1-d11b-4c5b-abee-47cd61945bc4	11	127481064	128463161	691	-0.2101
84ee91f1-d11b-4c5b-abee-47cd61945bc4	11	128463259	128463624	4	-1.0532
84ee91f1-d11b-4c5b-abee-47cd61945bc4	11	128464871	128744341	370	-0.2325
84ee91f1-d11b-4c5b-abee-47cd61945bc4	11	128744390	129876812	765	-0.1388
84ee91f1-d11b-4c5b-abee-47cd61945bc4	11	129878427	132192492	1805	0.1552
84ee91f1-d11b-4c5b-abee-47cd61945bc4	11	132196631	132356656	122	-0.1317
84ee91f1-d11b-4c5b-abee-47cd61945bc4	11	132356853	132407826	30	0.2267
84ee91f1-d11b-4c5b-abee-47cd61945bc4	11	132412159	132415401	6	-0.2344
84ee91f1-d11b-4c5b-abee-47cd61945bc4	11	132415427	132433499	14	0.0299
84ee91f1-d11b-4c5b-abee-47cd61945bc4	11	132434535	132445596	15	-0.1727
84ee91f1-d11b-4c5b-abee-47cd61945bc4	11	132448185	132561583	103	0.0958
84ee91f1-d11b-4c5b-abee-47cd61945bc4	11	132562063	133849516	991	-0.1798
84ee91f1-d11b-4c5b-abee-47cd61945bc4	11	133854780	133940062	51	0.2437
84ee91f1-d11b-4c5b-abee-47cd61945bc4	11	133943731	134480317	360	0.0483
84ee91f1-d11b-4c5b-abee-47cd61945bc4	11	134480668	135074876	484	0.2365
84ee91f1-d11b-4c5b-abee-47cd61945bc4	12	51460	134437	39	0.7906
84ee91f1-d11b-4c5b-abee-47cd61945bc4	12	139508	238493	68	0.5703
84ee91f1-d11b-4c5b-abee-47cd61945bc4	12	239394	8404097	5494	0.825
84ee91f1-d11b-4c5b-abee-47cd61945bc4	12	8405892	8432076	18	-0.2922
84ee91f1-d11b-4c5b-abee-47cd61945bc4	12	8442298	9485313	560	0.8094
84ee91f1-d11b-4c5b-abee-47cd61945bc4	12	9486096	9561078	20	1.5891
84ee91f1-d11b-4c5b-abee-47cd61945bc4	12	9562969	14734835	3784	0.812
84ee91f1-d11b-4c5b-abee-47cd61945bc4	12	14735831	14736917	2	-0.6933
84ee91f1-d11b-4c5b-abee-47cd61945bc4	12	14737942	19485740	2924	0.8256
84ee91f1-d11b-4c5b-abee-47cd61945bc4	12	19487221	20731152	872	0.9596
84ee91f1-d11b-4c5b-abee-47cd61945bc4	12	20741072	25326424	3295	0.813
84ee91f1-d11b-4c5b-abee-47cd61945bc4	12	25328746	33141726	5714	0.9403
84ee91f1-d11b-4c5b-abee-47cd61945bc4	12	33148472	34188303	663	1.0669
84ee91f1-d11b-4c5b-abee-47cd61945bc4	12	34188376	37464142	154	0.9498
84ee91f1-d11b-4c5b-abee-47cd61945bc4	12	37469922	38239854	198	0.753
84ee91f1-d11b-4c5b-abee-47cd61945bc4	12	38242351	38253409	14	0.3373
84ee91f1-d11b-4c5b-abee-47cd61945bc4	12	38261413	48331037	6306	0.0926
84ee91f1-d11b-4c5b-abee-47cd61945bc4	12	48331236	48331632	5	-1.7291
84ee91f1-d11b-4c5b-abee-47cd61945bc4	12	48336253	90089573	25511	0.0919
84ee91f1-d11b-4c5b-abee-47cd61945bc4	12	90097892	90098297	7	-1.3037
84ee91f1-d11b-4c5b-abee-47cd61945bc4	12	90099780	94834855	3245	0.0655
84ee91f1-d11b-4c5b-abee-47cd61945bc4	12	94837906	95372432	363	0.3009
84ee91f1-d11b-4c5b-abee-47cd61945bc4	12	95373470	96140714	578	0.4819
84ee91f1-d11b-4c5b-abee-47cd61945bc4	12	96148232	131636170	24393	-0.1667
84ee91f1-d11b-4c5b-abee-47cd61945bc4	12	131648039	131648790	13	-1.482
84ee91f1-d11b-4c5b-abee-47cd61945bc4	12	131657925	133201603	559	-0.1631
84ee91f1-d11b-4c5b-abee-47cd61945bc4	13	18452809	20419713	1032	0.1499
84ee91f1-d11b-4c5b-abee-47cd61945bc4	13	20422442	26965664	4763	-0.5189
84ee91f1-d11b-4c5b-abee-47cd61945bc4	13	26967253	28315120	1005	-0.1531
84ee91f1-d11b-4c5b-abee-47cd61945bc4	13	28317744	28318120	2	-2.0545
84ee91f1-d11b-4c5b-abee-47cd61945bc4	13	28318516	30935928	1966	-0.1789
84ee91f1-d11b-4c5b-abee-47cd61945bc4	13	30937518	30938267	2	-1.7646
84ee91f1-d11b-4c5b-abee-47cd61945bc4	13	30938349	35816750	3477	-0.1555
84ee91f1-d11b-4c5b-abee-47cd61945bc4	13	35823724	35826741	4	-1.7313
84ee91f1-d11b-4c5b-abee-47cd61945bc4	13	35827316	37493438	1196	-0.1482
84ee91f1-d11b-4c5b-abee-47cd61945bc4	13	37495907	37510620	19	0.4191
84ee91f1-d11b-4c5b-abee-47cd61945bc4	13	37514193	37529440	37	-0.0725
84ee91f1-d11b-4c5b-abee-47cd61945bc4	13	37530307	37533311	3	-1.5371
84ee91f1-d11b-4c5b-abee-47cd61945bc4	13	37533420	38478674	661	-0.1559
84ee91f1-d11b-4c5b-abee-47cd61945bc4	13	38483435	38490920	3	-2.1103
84ee91f1-d11b-4c5b-abee-47cd61945bc4	13	38491096	47883280	6495	-0.1782
84ee91f1-d11b-4c5b-abee-47cd61945bc4	13	47886157	47891892	3	-1.7874
84ee91f1-d11b-4c5b-abee-47cd61945bc4	13	47892623	57176962	5307	-0.1428
84ee91f1-d11b-4c5b-abee-47cd61945bc4	13	57184136	57204246	33	-1.7354
84ee91f1-d11b-4c5b-abee-47cd61945bc4	13	57215580	71902850	8987	-0.1273
84ee91f1-d11b-4c5b-abee-47cd61945bc4	13	71903417	71906418	4	-2.1903
84ee91f1-d11b-4c5b-abee-47cd61945bc4	13	71906467	76030182	3042	-0.1589
84ee91f1-d11b-4c5b-abee-47cd61945bc4	13	76034593	76036704	2	-1.9237
84ee91f1-d11b-4c5b-abee-47cd61945bc4	13	76037473	107245262	21115	-0.1432
84ee91f1-d11b-4c5b-abee-47cd61945bc4	13	107248689	107249633	2	-2.1637
84ee91f1-d11b-4c5b-abee-47cd61945bc4	13	107249799	114342922	4893	-0.1463
84ee91f1-d11b-4c5b-abee-47cd61945bc4	14	18239283	19957752	171	-0.2062
84ee91f1-d11b-4c5b-abee-47cd61945bc4	14	19958388	22010722	1414	0.1406
84ee91f1-d11b-4c5b-abee-47cd61945bc4	14	22011358	22374112	315	0.2998
84ee91f1-d11b-4c5b-abee-47cd61945bc4	14	22375032	26945019	2972	0.1094
84ee91f1-d11b-4c5b-abee-47cd61945bc4	14	26948474	26948488	2	-1.4475
84ee91f1-d11b-4c5b-abee-47cd61945bc4	14	26948645	40968637	8721	0.119
84ee91f1-d11b-4c5b-abee-47cd61945bc4	14	40970947	41009525	51	0.4387
84ee91f1-d11b-4c5b-abee-47cd61945bc4	14	41009901	41141293	123	0.1085
84ee91f1-d11b-4c5b-abee-47cd61945bc4	14	41141487	41207547	21	0.7274
84ee91f1-d11b-4c5b-abee-47cd61945bc4	14	41207565	43330466	1330	0.121
84ee91f1-d11b-4c5b-abee-47cd61945bc4	14	43330934	46413674	1687	0.1824
84ee91f1-d11b-4c5b-abee-47cd61945bc4	14	46413851	75881373	18783	0.1146
84ee91f1-d11b-4c5b-abee-47cd61945bc4	14	75881898	75882339	5	-1.4877
84ee91f1-d11b-4c5b-abee-47cd61945bc4	14	75884780	96921362	14285	0.1273
84ee91f1-d11b-4c5b-abee-47cd61945bc4	14	96922107	99144461	1953	0.0711
84ee91f1-d11b-4c5b-abee-47cd61945bc4	14	99145234	101740753	1517	0.1333
84ee91f1-d11b-4c5b-abee-47cd61945bc4	14	101744611	101744967	2	1.4037
84ee91f1-d11b-4c5b-abee-47cd61945bc4	14	101753923	102048678	145	0.0816
84ee91f1-d11b-4c5b-abee-47cd61945bc4	14	102051180	102052533	3	-0.9526
84ee91f1-d11b-4c5b-abee-47cd61945bc4	14	102055770	104277513	989	0.1181
84ee91f1-d11b-4c5b-abee-47cd61945bc4	14	104277729	104277930	2	1.3703
84ee91f1-d11b-4c5b-abee-47cd61945bc4	14	104284900	106294285	614	0.1303
84ee91f1-d11b-4c5b-abee-47cd61945bc4	14	106294689	106321086	18	-0.233
84ee91f1-d11b-4c5b-abee-47cd61945bc4	14	106340102	106346115	6	-2.8285
84ee91f1-d11b-4c5b-abee-47cd61945bc4	14	106346129	106423925	33	0.0599
84ee91f1-d11b-4c5b-abee-47cd61945bc4	14	106425447	106462183	47	0.608
84ee91f1-d11b-4c5b-abee-47cd61945bc4	14	106462724	106877229	195	0.1176
84ee91f1-d11b-4c5b-abee-47cd61945bc4	15	19811075	20001686	45	0.0099
84ee91f1-d11b-4c5b-abee-47cd61945bc4	15	20011702	20376311	49	-1.2841
84ee91f1-d11b-4c5b-abee-47cd61945bc4	15	20380735	20381704	10	-3.4027
84ee91f1-d11b-4c5b-abee-47cd61945bc4	15	20384774	22576496	106	-1.1027
84ee91f1-d11b-4c5b-abee-47cd61945bc4	15	22582296	22899620	141	-0.1136
84ee91f1-d11b-4c5b-abee-47cd61945bc4	15	22900872	22901401	2	-2.0459
84ee91f1-d11b-4c5b-abee-47cd61945bc4	15	22903361	24429740	844	-0.1381
84ee91f1-d11b-4c5b-abee-47cd61945bc4	15	24429986	24473026	31	-0.6378
84ee91f1-d11b-4c5b-abee-47cd61945bc4	15	24473449	29119788	2937	-0.151
84ee91f1-d11b-4c5b-abee-47cd61945bc4	15	29119844	29134220	9	-0.9987
84ee91f1-d11b-4c5b-abee-47cd61945bc4	15	29134579	30314058	676	-0.1802
84ee91f1-d11b-4c5b-abee-47cd61945bc4	15	30440076	30488460	6	-1.1578
84ee91f1-d11b-4c5b-abee-47cd61945bc4	15	30500366	30503586	2	-3.3499
84ee91f1-d11b-4c5b-abee-47cd61945bc4	15	30515739	70105991	25521	-0.1628
84ee91f1-d11b-4c5b-abee-47cd61945bc4	15	70109756	70113263	2	-3.7921
84ee91f1-d11b-4c5b-abee-47cd61945bc4	15	70113669	75316689	2925	-0.1505
84ee91f1-d11b-4c5b-abee-47cd61945bc4	15	75316797	75399962	29	-0.4083
84ee91f1-d11b-4c5b-abee-47cd61945bc4	15	75402659	75437002	21	-0.8544
84ee91f1-d11b-4c5b-abee-47cd61945bc4	15	75443118	76586021	530	-0.3898
84ee91f1-d11b-4c5b-abee-47cd61945bc4	15	76598900	76603426	16	0.6223
84ee91f1-d11b-4c5b-abee-47cd61945bc4	15	76603428	76603434	6	1.4107
84ee91f1-d11b-4c5b-abee-47cd61945bc4	15	76609838	101928837	17575	-0.4184
84ee91f1-d11b-4c5b-abee-47cd61945bc4	16	10777	920543	351	-0.2211
84ee91f1-d11b-4c5b-abee-47cd61945bc4	16	920814	5435116	2109	-0.1221
84ee91f1-d11b-4c5b-abee-47cd61945bc4	16	5435625	6481960	1249	0.5062
84ee91f1-d11b-4c5b-abee-47cd61945bc4	16	6484601	8186208	2079	0.3236
84ee91f1-d11b-4c5b-abee-47cd61945bc4	16	8186339	9296661	939	0.1385
84ee91f1-d11b-4c5b-abee-47cd61945bc4	16	9297846	12555002	2686	0.3376
84ee91f1-d11b-4c5b-abee-47cd61945bc4	16	12555121	12555138	2	2.3334
84ee91f1-d11b-4c5b-abee-47cd61945bc4	16	12556390	13932008	1265	0.3337
84ee91f1-d11b-4c5b-abee-47cd61945bc4	16	13933158	14958292	447	0.1186
84ee91f1-d11b-4c5b-abee-47cd61945bc4	16	14959868	15439167	114	0.2868
84ee91f1-d11b-4c5b-abee-47cd61945bc4	16	15440424	15716252	144	0.1105
84ee91f1-d11b-4c5b-abee-47cd61945bc4	16	15716363	15720852	8	-0.655
84ee91f1-d11b-4c5b-abee-47cd61945bc4	16	15724284	15990347	182	0.171
84ee91f1-d11b-4c5b-abee-47cd61945bc4	16	15991072	15991115	2	-2.0146
84ee91f1-d11b-4c5b-abee-47cd61945bc4	16	15991694	16653072	208	0.1218
84ee91f1-d11b-4c5b-abee-47cd61945bc4	16	16666829	17086938	231	0.3361
84ee91f1-d11b-4c5b-abee-47cd61945bc4	16	17092645	17822334	529	0.0675
84ee91f1-d11b-4c5b-abee-47cd61945bc4	16	17822553	18104860	215	0.3019
84ee91f1-d11b-4c5b-abee-47cd61945bc4	16	18134261	18162067	6	-0.867
84ee91f1-d11b-4c5b-abee-47cd61945bc4	16	18168316	19639902	571	0.3484
84ee91f1-d11b-4c5b-abee-47cd61945bc4	16	19647562	19933041	129	0.1699
84ee91f1-d11b-4c5b-abee-47cd61945bc4	16	19934328	19958932	30	-0.328
84ee91f1-d11b-4c5b-abee-47cd61945bc4	16	19959168	24168351	2333	0.1328
84ee91f1-d11b-4c5b-abee-47cd61945bc4	16	24168477	35225338	4332	-0.1337
84ee91f1-d11b-4c5b-abee-47cd61945bc4	16	35232200	35522700	168	0.4948
84ee91f1-d11b-4c5b-abee-47cd61945bc4	16	35526596	36048855	133	-0.1195
84ee91f1-d11b-4c5b-abee-47cd61945bc4	16	46441986	55761039	6438	-0.4663
84ee91f1-d11b-4c5b-abee-47cd61945bc4	16	55761136	55782734	19	-2.1741
84ee91f1-d11b-4c5b-abee-47cd61945bc4	16	55782793	74335633	11030	-0.4576
84ee91f1-d11b-4c5b-abee-47cd61945bc4	16	74346075	74422703	11	-1.1459
84ee91f1-d11b-4c5b-abee-47cd61945bc4	16	74431498	81458206	6690	-0.4607
84ee91f1-d11b-4c5b-abee-47cd61945bc4	16	81458706	81480561	36	-0.842
84ee91f1-d11b-4c5b-abee-47cd61945bc4	16	81482810	82596727	1081	-0.4545
84ee91f1-d11b-4c5b-abee-47cd61945bc4	16	82597773	82598067	2	-2.3625
84ee91f1-d11b-4c5b-abee-47cd61945bc4	16	82599210	82672521	117	-0.4575
84ee91f1-d11b-4c5b-abee-47cd61945bc4	16	82672962	82673743	2	-2.7727
84ee91f1-d11b-4c5b-abee-47cd61945bc4	16	82675556	82779652	103	-0.5041
84ee91f1-d11b-4c5b-abee-47cd61945bc4	16	82780232	82780337	2	-2.8958
84ee91f1-d11b-4c5b-abee-47cd61945bc4	16	82780352	83995951	1472	-0.4526
84ee91f1-d11b-4c5b-abee-47cd61945bc4	16	83996684	90096867	4248	-0.543
84ee91f1-d11b-4c5b-abee-47cd61945bc4	17	150733	17931728	11100	-0.1682
84ee91f1-d11b-4c5b-abee-47cd61945bc4	17	17932576	18455635	281	0.0936
84ee91f1-d11b-4c5b-abee-47cd61945bc4	17	18458372	18550123	22	0.6942
84ee91f1-d11b-4c5b-abee-47cd61945bc4	17	18561272	27445903	1731	0.1229
84ee91f1-d11b-4c5b-abee-47cd61945bc4	17	27447869	27460263	8	-1.2256
84ee91f1-d11b-4c5b-abee-47cd61945bc4	17	27460837	41267234	7669	0.0978
84ee91f1-d11b-4c5b-abee-47cd61945bc4	17	41271598	41274198	10	-0.7591
84ee91f1-d11b-4c5b-abee-47cd61945bc4	17	41274279	45497555	2149	0.1115
84ee91f1-d11b-4c5b-abee-47cd61945bc4	17	45508731	45577724	6	-1.4129
84ee91f1-d11b-4c5b-abee-47cd61945bc4	17	45579014	47644871	941	0.0753
84ee91f1-d11b-4c5b-abee-47cd61945bc4	17	47645887	47645905	2	-2.3551
84ee91f1-d11b-4c5b-abee-47cd61945bc4	17	47655408	51462832	2020	0.1205
84ee91f1-d11b-4c5b-abee-47cd61945bc4	17	51464816	51464858	2	-1.0522
84ee91f1-d11b-4c5b-abee-47cd61945bc4	17	51465357	52980711	1142	0.1336
84ee91f1-d11b-4c5b-abee-47cd61945bc4	17	52980869	53217893	152	0.2698
84ee91f1-d11b-4c5b-abee-47cd61945bc4	17	53222535	53575328	243	0.112
84ee91f1-d11b-4c5b-abee-47cd61945bc4	17	53577661	53765894	108	-0.1608
84ee91f1-d11b-4c5b-abee-47cd61945bc4	17	53770299	56132407	1738	0.1209
84ee91f1-d11b-4c5b-abee-47cd61945bc4	17	56136135	56197598	38	-0.1832
84ee91f1-d11b-4c5b-abee-47cd61945bc4	17	56198198	57610128	1086	0.1316
84ee91f1-d11b-4c5b-abee-47cd61945bc4	17	57610972	57611632	2	-2.3553
84ee91f1-d11b-4c5b-abee-47cd61945bc4	17	57614632	74538736	10249	0.1093
84ee91f1-d11b-4c5b-abee-47cd61945bc4	17	74538828	74661358	106	-0.146
84ee91f1-d11b-4c5b-abee-47cd61945bc4	17	74664643	83091923	4205	0.0946
84ee91f1-d11b-4c5b-abee-47cd61945bc4	18	48133	9237993	6716	-0.487
84ee91f1-d11b-4c5b-abee-47cd61945bc4	18	9239991	14012275	3254	0.356
84ee91f1-d11b-4c5b-abee-47cd61945bc4	18	14015202	14455935	156	-0.1066
84ee91f1-d11b-4c5b-abee-47cd61945bc4	18	14461445	15183613	234	0.3409
84ee91f1-d11b-4c5b-abee-47cd61945bc4	18	15191560	21075490	80	0.6207
84ee91f1-d11b-4c5b-abee-47cd61945bc4	18	21079884	21086816	4	0.064
84ee91f1-d11b-4c5b-abee-47cd61945bc4	18	21090041	22407652	616	-0.133
84ee91f1-d11b-4c5b-abee-47cd61945bc4	18	22410809	23109984	391	-0.5008
84ee91f1-d11b-4c5b-abee-47cd61945bc4	18	23116720	23201366	54	0.3738
84ee91f1-d11b-4c5b-abee-47cd61945bc4	18	23202082	26785899	2344	-0.5105
84ee91f1-d11b-4c5b-abee-47cd61945bc4	18	26785951	26786181	3	-2.0163
84ee91f1-d11b-4c5b-abee-47cd61945bc4	18	26786415	28220205	953	-0.4696
84ee91f1-d11b-4c5b-abee-47cd61945bc4	18	28224373	28608034	229	-0.1532
84ee91f1-d11b-4c5b-abee-47cd61945bc4	18	28608092	28613572	8	0.3841
84ee91f1-d11b-4c5b-abee-47cd61945bc4	18	28615803	28976209	218	-0.1197
84ee91f1-d11b-4c5b-abee-47cd61945bc4	18	28976654	29365004	224	0.5694
84ee91f1-d11b-4c5b-abee-47cd61945bc4	18	29365116	29802512	275	0.3438
84ee91f1-d11b-4c5b-abee-47cd61945bc4	18	29806034	31190267	846	0.6402
84ee91f1-d11b-4c5b-abee-47cd61945bc4	18	31191050	33282852	1443	1.0714
84ee91f1-d11b-4c5b-abee-47cd61945bc4	18	33283215	33284140	13	0.5861
84ee91f1-d11b-4c5b-abee-47cd61945bc4	18	33293721	34156981	496	1.1087
84ee91f1-d11b-4c5b-abee-47cd61945bc4	18	34157289	34165169	2	-0.1442
84ee91f1-d11b-4c5b-abee-47cd61945bc4	18	34165408	34401452	105	1.1015
84ee91f1-d11b-4c5b-abee-47cd61945bc4	18	34401962	36001697	939	1.4004
84ee91f1-d11b-4c5b-abee-47cd61945bc4	18	36007565	36056103	25	0.9297
84ee91f1-d11b-4c5b-abee-47cd61945bc4	18	36062483	36204191	101	0.8622
84ee91f1-d11b-4c5b-abee-47cd61945bc4	18	36205130	46645009	6956	-0.4818
84ee91f1-d11b-4c5b-abee-47cd61945bc4	18	46649522	46650255	3	-3.3877
84ee91f1-d11b-4c5b-abee-47cd61945bc4	18	46650765	50074425	2377	-0.4835
84ee91f1-d11b-4c5b-abee-47cd61945bc4	18	50076003	56328251	4250	-0.9498
84ee91f1-d11b-4c5b-abee-47cd61945bc4	18	56332185	56337695	4	-4.3191
84ee91f1-d11b-4c5b-abee-47cd61945bc4	18	56339551	64950570	6104	-0.9473
84ee91f1-d11b-4c5b-abee-47cd61945bc4	18	64954393	64954436	2	-6.5123
84ee91f1-d11b-4c5b-abee-47cd61945bc4	18	64954810	69079650	2960	-0.8997
84ee91f1-d11b-4c5b-abee-47cd61945bc4	18	69083700	69085217	18	-3.3417
84ee91f1-d11b-4c5b-abee-47cd61945bc4	18	69085342	69434196	246	-1.054
84ee91f1-d11b-4c5b-abee-47cd61945bc4	18	69434242	73676866	3127	-0.8873
84ee91f1-d11b-4c5b-abee-47cd61945bc4	18	73676898	80257174	4685	-1.0141
84ee91f1-d11b-4c5b-abee-47cd61945bc4	19	90910	8515718	2972	-0.5284
84ee91f1-d11b-4c5b-abee-47cd61945bc4	19	8520034	11676364	1539	-0.079
84ee91f1-d11b-4c5b-abee-47cd61945bc4	19	11678744	15683917	2059	-0.1678
84ee91f1-d11b-4c5b-abee-47cd61945bc4	19	15686003	15687584	3	-2.2817
84ee91f1-d11b-4c5b-abee-47cd61945bc4	19	15688466	24278016	4526	-0.1432
84ee91f1-d11b-4c5b-abee-47cd61945bc4	19	24278618	27826435	147	0.1916
84ee91f1-d11b-4c5b-abee-47cd61945bc4	19	27828826	27829127	3	-1.1807
84ee91f1-d11b-4c5b-abee-47cd61945bc4	19	27830523	29552315	1405	0.1382
84ee91f1-d11b-4c5b-abee-47cd61945bc4	19	29558247	32780433	2320	-0.1449
84ee91f1-d11b-4c5b-abee-47cd61945bc4	19	32786522	34807596	1317	0.7049
84ee91f1-d11b-4c5b-abee-47cd61945bc4	19	34809817	36072847	743	1.2002
84ee91f1-d11b-4c5b-abee-47cd61945bc4	19	36073856	36077192	2	3.0556
84ee91f1-d11b-4c5b-abee-47cd61945bc4	19	36077896	36314803	87	1.131
84ee91f1-d11b-4c5b-abee-47cd61945bc4	19	36315613	36356596	18	0.1433
84ee91f1-d11b-4c5b-abee-47cd61945bc4	19	36356735	37902572	794	1.138
84ee91f1-d11b-4c5b-abee-47cd61945bc4	19	37916993	39545029	800	1.2759
84ee91f1-d11b-4c5b-abee-47cd61945bc4	19	39545240	42699838	1616	1.1531
84ee91f1-d11b-4c5b-abee-47cd61945bc4	19	42707130	45871299	1614	-0.1649
84ee91f1-d11b-4c5b-abee-47cd61945bc4	19	45873360	50473090	2061	-0.2439
84ee91f1-d11b-4c5b-abee-47cd61945bc4	19	50473277	50824837	137	-0.1527
84ee91f1-d11b-4c5b-abee-47cd61945bc4	19	50829011	50829982	6	-2.4981
84ee91f1-d11b-4c5b-abee-47cd61945bc4	19	50835951	53100699	1558	-0.2499
84ee91f1-d11b-4c5b-abee-47cd61945bc4	19	53104815	54215136	730	0.2884
84ee91f1-d11b-4c5b-abee-47cd61945bc4	19	54226329	54237443	16	-0.8611
84ee91f1-d11b-4c5b-abee-47cd61945bc4	19	54249482	55770704	745	0.2963
84ee91f1-d11b-4c5b-abee-47cd61945bc4	19	55771003	55771701	4	-1.4675
84ee91f1-d11b-4c5b-abee-47cd61945bc4	19	55774927	56208905	332	0.3398
84ee91f1-d11b-4c5b-abee-47cd61945bc4	19	56211390	58366859	1405	-0.2495
84ee91f1-d11b-4c5b-abee-47cd61945bc4	19	58370362	58586487	101	-0.6194
84ee91f1-d11b-4c5b-abee-47cd61945bc4	20	80664	1580156	1201	0.465
84ee91f1-d11b-4c5b-abee-47cd61945bc4	20	1580276	1613247	44	-0.8407
84ee91f1-d11b-4c5b-abee-47cd61945bc4	20	1617300	4040488	1674	0.4744
84ee91f1-d11b-4c5b-abee-47cd61945bc4	20	4041763	4050805	12	-0.1361
84ee91f1-d11b-4c5b-abee-47cd61945bc4	20	4053704	15320728	8706	0.5038
84ee91f1-d11b-4c5b-abee-47cd61945bc4	20	15321256	15321403	2	-2.5866
84ee91f1-d11b-4c5b-abee-47cd61945bc4	20	15321728	47842136	18837	0.4995
84ee91f1-d11b-4c5b-abee-47cd61945bc4	20	47842179	47842602	3	-1.1414
84ee91f1-d11b-4c5b-abee-47cd61945bc4	20	47842832	48558258	611	0.5051
84ee91f1-d11b-4c5b-abee-47cd61945bc4	20	48558442	48559382	3	-0.8236
84ee91f1-d11b-4c5b-abee-47cd61945bc4	20	48564729	50007103	858	0.4811
84ee91f1-d11b-4c5b-abee-47cd61945bc4	20	50012420	50391322	207	-0.2172
84ee91f1-d11b-4c5b-abee-47cd61945bc4	20	50392392	54065071	2810	0.4982
84ee91f1-d11b-4c5b-abee-47cd61945bc4	20	54065291	54070192	10	-0.1459
84ee91f1-d11b-4c5b-abee-47cd61945bc4	20	54071767	57058289	2457	0.505
84ee91f1-d11b-4c5b-abee-47cd61945bc4	20	57061329	57061422	3	-1.2672
84ee91f1-d11b-4c5b-abee-47cd61945bc4	20	57061582	57440299	275	0.5937
84ee91f1-d11b-4c5b-abee-47cd61945bc4	20	57441456	61176586	3095	0.5044
84ee91f1-d11b-4c5b-abee-47cd61945bc4	20	61177706	63589896	1263	0.5571
84ee91f1-d11b-4c5b-abee-47cd61945bc4	20	63591105	64324800	310	0.4137
84ee91f1-d11b-4c5b-abee-47cd61945bc4	21	10354168	15258574	1185	0.0219
84ee91f1-d11b-4c5b-abee-47cd61945bc4	21	15261517	21651441	4611	0.2914
84ee91f1-d11b-4c5b-abee-47cd61945bc4	21	21651685	22215439	473	-0.0029
84ee91f1-d11b-4c5b-abee-47cd61945bc4	21	22215584	23321030	842	0.1081
84ee91f1-d11b-4c5b-abee-47cd61945bc4	21	23321545	26908194	2752	0.0065
84ee91f1-d11b-4c5b-abee-47cd61945bc4	21	26910341	26910533	3	-2.5587
84ee91f1-d11b-4c5b-abee-47cd61945bc4	21	26911285	30381382	2589	-0.0016
84ee91f1-d11b-4c5b-abee-47cd61945bc4	21	30381835	32497130	1458	0.0533
84ee91f1-d11b-4c5b-abee-47cd61945bc4	21	32498095	39209034	4992	-0.0161
84ee91f1-d11b-4c5b-abee-47cd61945bc4	21	39212155	46677045	4955	0.251
84ee91f1-d11b-4c5b-abee-47cd61945bc4	22	15294547	15737618	25	-0.2515
84ee91f1-d11b-4c5b-abee-47cd61945bc4	22	15737995	15825678	8	0.5829
84ee91f1-d11b-4c5b-abee-47cd61945bc4	22	15825902	19113495	1209	-0.4779
84ee91f1-d11b-4c5b-abee-47cd61945bc4	22	19114465	20774134	1095	-0.6301
84ee91f1-d11b-4c5b-abee-47cd61945bc4	22	20774215	23981995	2026	-0.5267
84ee91f1-d11b-4c5b-abee-47cd61945bc4	22	23987520	23990739	5	-2.1303
84ee91f1-d11b-4c5b-abee-47cd61945bc4	22	23995113	25358376	888	-0.5151
84ee91f1-d11b-4c5b-abee-47cd61945bc4	22	25359632	25361413	11	-1.3535
84ee91f1-d11b-4c5b-abee-47cd61945bc4	22	25362823	36177882	8268	-0.5021
84ee91f1-d11b-4c5b-abee-47cd61945bc4	22	36180892	36379706	151	-0.7004
84ee91f1-d11b-4c5b-abee-47cd61945bc4	22	36380836	39361710	1650	-0.5289
84ee91f1-d11b-4c5b-abee-47cd61945bc4	22	39362928	39368549	3	-2.7846
84ee91f1-d11b-4c5b-abee-47cd61945bc4	22	39368819	48978761	6649	-0.5306
84ee91f1-d11b-4c5b-abee-47cd61945bc4	22	48978777	50617472	1052	-0.6835
84ee91f1-d11b-4c5b-abee-47cd61945bc4	22	50620690	50796027	93	-0.4677
84ee91f1-d11b-4c5b-abee-47cd61945bc4	X	251810	2800094	118	-0.1978
84ee91f1-d11b-4c5b-abee-47cd61945bc4	X	2801070	2815600	2	-3.4417
84ee91f1-d11b-4c5b-abee-47cd61945bc4	X	2815750	8613019	4359	-0.2602
84ee91f1-d11b-4c5b-abee-47cd61945bc4	X	8614189	33192372	15998	-0.3372
84ee91f1-d11b-4c5b-abee-47cd61945bc4	X	33195430	34103258	614	-0.1519
84ee91f1-d11b-4c5b-abee-47cd61945bc4	X	34103287	34104021	20	0.4803
84ee91f1-d11b-4c5b-abee-47cd61945bc4	X	34109444	34555866	305	-0.1693
84ee91f1-d11b-4c5b-abee-47cd61945bc4	X	34555938	38437904	2119	-0.3063
84ee91f1-d11b-4c5b-abee-47cd61945bc4	X	38438304	38438756	3	-2.4601
84ee91f1-d11b-4c5b-abee-47cd61945bc4	X	38438789	43498990	2833	-0.3233
84ee91f1-d11b-4c5b-abee-47cd61945bc4	X	43506983	44185315	433	0.1379
84ee91f1-d11b-4c5b-abee-47cd61945bc4	X	44186617	46739953	1306	0.5202
84ee91f1-d11b-4c5b-abee-47cd61945bc4	X	46742374	47766732	513	0.199
84ee91f1-d11b-4c5b-abee-47cd61945bc4	X	47768006	47827682	39	-0.4191
84ee91f1-d11b-4c5b-abee-47cd61945bc4	X	47833937	47983941	93	0.1552
84ee91f1-d11b-4c5b-abee-47cd61945bc4	X	47984225	49610995	566	-0.1894
84ee91f1-d11b-4c5b-abee-47cd61945bc4	X	49618260	51520348	959	-0.3602
84ee91f1-d11b-4c5b-abee-47cd61945bc4	X	51521011	53453749	655	-0.228
84ee91f1-d11b-4c5b-abee-47cd61945bc4	X	53456412	63193211	2378	0.2057
84ee91f1-d11b-4c5b-abee-47cd61945bc4	X	63250575	63285991	21	1.2325
84ee91f1-d11b-4c5b-abee-47cd61945bc4	X	63297125	75224526	5266	0.1949
84ee91f1-d11b-4c5b-abee-47cd61945bc4	X	75224627	76153513	436	0.3122
84ee91f1-d11b-4c5b-abee-47cd61945bc4	X	76153567	78528444	850	0.2067
84ee91f1-d11b-4c5b-abee-47cd61945bc4	X	78528459	78531196	4	-2.9931
84ee91f1-d11b-4c5b-abee-47cd61945bc4	X	78537756	84668170	3260	0.1573
84ee91f1-d11b-4c5b-abee-47cd61945bc4	X	84669362	85369470	427	0.3254
84ee91f1-d11b-4c5b-abee-47cd61945bc4	X	85371833	90352072	2914	0.1648
84ee91f1-d11b-4c5b-abee-47cd61945bc4	X	90352326	91535841	465	0.3389
84ee91f1-d11b-4c5b-abee-47cd61945bc4	X	91537425	93068499	532	0.155
84ee91f1-d11b-4c5b-abee-47cd61945bc4	X	93070081	93089687	17	0.6545
84ee91f1-d11b-4c5b-abee-47cd61945bc4	X	93093724	93313635	144	0.1662
84ee91f1-d11b-4c5b-abee-47cd61945bc4	X	93313989	93508628	125	0.3569
84ee91f1-d11b-4c5b-abee-47cd61945bc4	X	93509557	95071638	936	0.1589
84ee91f1-d11b-4c5b-abee-47cd61945bc4	X	95074873	96433803	768	0.2952
84ee91f1-d11b-4c5b-abee-47cd61945bc4	X	96435449	101038667	2571	0.1587
84ee91f1-d11b-4c5b-abee-47cd61945bc4	X	101039935	101039964	2	2.2802
84ee91f1-d11b-4c5b-abee-47cd61945bc4	X	101040529	119154208	9777	0.1724
84ee91f1-d11b-4c5b-abee-47cd61945bc4	X	119155991	119156453	4	-1.3123
84ee91f1-d11b-4c5b-abee-47cd61945bc4	X	119157135	131513131	7095	0.1899
84ee91f1-d11b-4c5b-abee-47cd61945bc4	X	131513876	131514329	2	-2.2994
84ee91f1-d11b-4c5b-abee-47cd61945bc4	X	131514544	155952689	14388	0.1822
84ee91f1-d11b-4c5b-abee-47cd61945bc4	Y	2782397	3314408	191	-3.5646
84ee91f1-d11b-4c5b-abee-47cd61945bc4	Y	3326047	6071948	527	-2.9105
84ee91f1-d11b-4c5b-abee-47cd61945bc4	Y	6075631	56872112	5922	-3.5355
