GDC_Aliquot	Chromosome	Start	End	Num_Probes	Segment_Mean
2fb480d8-ea3c-40a7-aff7-c98eb38f0059	1	3301765	4114056	440	-0.5193
2fb480d8-ea3c-40a7-aff7-c98eb38f0059	1	4116046	5912629	1415	-0.619
2fb480d8-ea3c-40a7-aff7-c98eb38f0059	1	5914528	7753579	1002	-0.5204
2fb480d8-ea3c-40a7-aff7-c98eb38f0059	1	7756064	7756483	2	-1.9704
2fb480d8-ea3c-40a7-aff7-c98eb38f0059	1	7756497	8561036	423	-0.4978
2fb480d8-ea3c-40a7-aff7-c98eb38f0059	1	8565390	9159324	323	0.2694
2fb480d8-ea3c-40a7-aff7-c98eb38f0059	1	9160512	9225959	41	-0.009
2fb480d8-ea3c-40a7-aff7-c98eb38f0059	1	9226329	11732615	1151	0.2717
2fb480d8-ea3c-40a7-aff7-c98eb38f0059	1	11737769	12728439	520	-0.0289
2fb480d8-ea3c-40a7-aff7-c98eb38f0059	1	12739779	15142986	1346	-0.1244
2fb480d8-ea3c-40a7-aff7-c98eb38f0059	1	15144677	17468670	956	-0.0385
2fb480d8-ea3c-40a7-aff7-c98eb38f0059	1	17474406	18917527	1079	-0.1057
2fb480d8-ea3c-40a7-aff7-c98eb38f0059	1	18922622	26196027	3878	-0.048
2fb480d8-ea3c-40a7-aff7-c98eb38f0059	1	26197354	29198050	1120	-0.3996
2fb480d8-ea3c-40a7-aff7-c98eb38f0059	1	29200258	30844683	1112	-0.5857
2fb480d8-ea3c-40a7-aff7-c98eb38f0059	1	30845286	31244722	192	-0.4227
2fb480d8-ea3c-40a7-aff7-c98eb38f0059	1	31249109	31249715	2	-3.0482
2fb480d8-ea3c-40a7-aff7-c98eb38f0059	1	31249774	33297857	869	-0.433
2fb480d8-ea3c-40a7-aff7-c98eb38f0059	1	33298460	34468390	886	-0.5823
2fb480d8-ea3c-40a7-aff7-c98eb38f0059	1	34468807	36401633	861	-0.4417
2fb480d8-ea3c-40a7-aff7-c98eb38f0059	1	36407064	36407717	4	-1.9379
2fb480d8-ea3c-40a7-aff7-c98eb38f0059	1	36408641	47108149	5730	-0.4904
2fb480d8-ea3c-40a7-aff7-c98eb38f0059	1	47108308	50474269	1906	-0.5782
2fb480d8-ea3c-40a7-aff7-c98eb38f0059	1	50477698	53563969	1467	-0.4786
2fb480d8-ea3c-40a7-aff7-c98eb38f0059	1	53564183	53749991	141	-0.645
2fb480d8-ea3c-40a7-aff7-c98eb38f0059	1	53750981	54192585	228	-0.4677
2fb480d8-ea3c-40a7-aff7-c98eb38f0059	1	54193059	64177370	7152	-0.5913
2fb480d8-ea3c-40a7-aff7-c98eb38f0059	1	64177594	66776888	1997	-0.5323
2fb480d8-ea3c-40a7-aff7-c98eb38f0059	1	66777569	67279001	302	-0.1093
2fb480d8-ea3c-40a7-aff7-c98eb38f0059	1	67281340	67343760	45	0.2271
2fb480d8-ea3c-40a7-aff7-c98eb38f0059	1	67344148	69072946	1137	-0.5979
2fb480d8-ea3c-40a7-aff7-c98eb38f0059	1	69075182	84011854	8518	-0.1709
2fb480d8-ea3c-40a7-aff7-c98eb38f0059	1	84013321	87030796	1930	-0.1102
2fb480d8-ea3c-40a7-aff7-c98eb38f0059	1	87035599	88754789	1230	-0.1649
2fb480d8-ea3c-40a7-aff7-c98eb38f0059	1	88757274	89669396	536	-0.0893
2fb480d8-ea3c-40a7-aff7-c98eb38f0059	1	89669874	92289770	1563	-0.1544
2fb480d8-ea3c-40a7-aff7-c98eb38f0059	1	92294216	95599259	2016	-0.1025
2fb480d8-ea3c-40a7-aff7-c98eb38f0059	1	95599824	98956429	1899	-0.1679
2fb480d8-ea3c-40a7-aff7-c98eb38f0059	1	98957516	102997908	2523	-0.1179
2fb480d8-ea3c-40a7-aff7-c98eb38f0059	1	102998420	105288906	936	-0.1674
2fb480d8-ea3c-40a7-aff7-c98eb38f0059	1	105290239	105303994	8	-0.7256
2fb480d8-ea3c-40a7-aff7-c98eb38f0059	1	105313521	107976248	1680	-0.1461
2fb480d8-ea3c-40a7-aff7-c98eb38f0059	1	107989275	111846685	2177	-0.0715
2fb480d8-ea3c-40a7-aff7-c98eb38f0059	1	111847567	119981332	5116	-0.138
2fb480d8-ea3c-40a7-aff7-c98eb38f0059	1	119984738	151344772	506	0.2581
2fb480d8-ea3c-40a7-aff7-c98eb38f0059	1	151349029	153514749	1244	0.1976
2fb480d8-ea3c-40a7-aff7-c98eb38f0059	1	153516020	157001875	1574	0.2828
2fb480d8-ea3c-40a7-aff7-c98eb38f0059	1	157002336	159601177	1713	0.15
2fb480d8-ea3c-40a7-aff7-c98eb38f0059	1	159610613	162446968	1785	0.2288
2fb480d8-ea3c-40a7-aff7-c98eb38f0059	1	162447317	167031040	3508	0.1341
2fb480d8-ea3c-40a7-aff7-c98eb38f0059	1	167031558	172253604	3687	0.1696
2fb480d8-ea3c-40a7-aff7-c98eb38f0059	1	172254466	172254949	2	-0.8664
2fb480d8-ea3c-40a7-aff7-c98eb38f0059	1	172257963	174448904	1263	0.1924
2fb480d8-ea3c-40a7-aff7-c98eb38f0059	1	174451232	178357920	2123	0.1405
2fb480d8-ea3c-40a7-aff7-c98eb38f0059	1	178358766	185940034	4997	0.1865
2fb480d8-ea3c-40a7-aff7-c98eb38f0059	1	185941025	198099776	7001	0.1253
2fb480d8-ea3c-40a7-aff7-c98eb38f0059	1	198100229	200894147	1725	0.1649
2fb480d8-ea3c-40a7-aff7-c98eb38f0059	1	200894458	207685486	4311	0.2326
2fb480d8-ea3c-40a7-aff7-c98eb38f0059	1	207686231	209596975	1489	0.1549
2fb480d8-ea3c-40a7-aff7-c98eb38f0059	1	209597032	212990741	2291	0.1981
2fb480d8-ea3c-40a7-aff7-c98eb38f0059	1	212990826	223019483	6727	0.1325
2fb480d8-ea3c-40a7-aff7-c98eb38f0059	1	223020870	231880227	5121	0.2051
2fb480d8-ea3c-40a7-aff7-c98eb38f0059	1	231882143	234281877	1960	0.1576
2fb480d8-ea3c-40a7-aff7-c98eb38f0059	1	234284483	236911014	1672	0.2162
2fb480d8-ea3c-40a7-aff7-c98eb38f0059	1	236912287	237248639	302	0.1603
2fb480d8-ea3c-40a7-aff7-c98eb38f0059	1	237249992	240135517	2221	0.0939
2fb480d8-ea3c-40a7-aff7-c98eb38f0059	1	240135582	242296055	1575	0.1908
2fb480d8-ea3c-40a7-aff7-c98eb38f0059	1	242297459	244143837	1117	0.1245
2fb480d8-ea3c-40a7-aff7-c98eb38f0059	1	244143927	247650984	1540	0.167
2fb480d8-ea3c-40a7-aff7-c98eb38f0059	2	480597	3341844	1130	0.0476
2fb480d8-ea3c-40a7-aff7-c98eb38f0059	2	3342698	3655143	182	0.1755
2fb480d8-ea3c-40a7-aff7-c98eb38f0059	2	3655451	8015429	3247	0.0644
2fb480d8-ea3c-40a7-aff7-c98eb38f0059	2	8016121	12040098	2766	0.186
2fb480d8-ea3c-40a7-aff7-c98eb38f0059	2	12041988	19605796	5205	0.0945
2fb480d8-ea3c-40a7-aff7-c98eb38f0059	2	19608920	20631188	733	0.1651
2fb480d8-ea3c-40a7-aff7-c98eb38f0059	2	20631821	21658410	607	0.1117
2fb480d8-ea3c-40a7-aff7-c98eb38f0059	2	21660037	23495492	1160	0.0529
2fb480d8-ea3c-40a7-aff7-c98eb38f0059	2	23496153	24285339	414	0.1127
2fb480d8-ea3c-40a7-aff7-c98eb38f0059	2	24286501	29104695	2183	0.1893
2fb480d8-ea3c-40a7-aff7-c98eb38f0059	2	29107674	29886383	702	0.0648
2fb480d8-ea3c-40a7-aff7-c98eb38f0059	2	29890776	33134390	1527	0.1317
2fb480d8-ea3c-40a7-aff7-c98eb38f0059	2	33138292	36746945	2162	0.0794
2fb480d8-ea3c-40a7-aff7-c98eb38f0059	2	36749973	39550968	1278	0.1815
2fb480d8-ea3c-40a7-aff7-c98eb38f0059	2	39551034	41900924	1497	0.1136
2fb480d8-ea3c-40a7-aff7-c98eb38f0059	2	41901721	48482614	4237	0.1714
2fb480d8-ea3c-40a7-aff7-c98eb38f0059	2	48482849	53975311	3017	0.0953
2fb480d8-ea3c-40a7-aff7-c98eb38f0059	2	53976124	55860838	824	0.1568
2fb480d8-ea3c-40a7-aff7-c98eb38f0059	2	55861142	60647017	2949	0.0799
2fb480d8-ea3c-40a7-aff7-c98eb38f0059	2	60650860	63876645	1488	0.1341
2fb480d8-ea3c-40a7-aff7-c98eb38f0059	2	63876998	65293011	770	0.1936
2fb480d8-ea3c-40a7-aff7-c98eb38f0059	2	65293286	65895258	449	0.1417
2fb480d8-ea3c-40a7-aff7-c98eb38f0059	2	65896064	67672677	1285	0.0721
2fb480d8-ea3c-40a7-aff7-c98eb38f0059	2	67675202	67675803	2	-1.2154
2fb480d8-ea3c-40a7-aff7-c98eb38f0059	2	67676037	68279885	403	0.0956
2fb480d8-ea3c-40a7-aff7-c98eb38f0059	2	68282205	70716884	1500	0.1874
2fb480d8-ea3c-40a7-aff7-c98eb38f0059	2	70717360	72922666	1192	0.1436
2fb480d8-ea3c-40a7-aff7-c98eb38f0059	2	72928271	75097345	1092	0.2005
2fb480d8-ea3c-40a7-aff7-c98eb38f0059	2	75097459	76915024	1111	0.1216
2fb480d8-ea3c-40a7-aff7-c98eb38f0059	2	76915038	77423686	283	0.0838
2fb480d8-ea3c-40a7-aff7-c98eb38f0059	2	77426262	78632886	642	0.0572
2fb480d8-ea3c-40a7-aff7-c98eb38f0059	2	78632988	81891753	1640	0.0169
2fb480d8-ea3c-40a7-aff7-c98eb38f0059	2	81892137	84062633	1136	0.0622
2fb480d8-ea3c-40a7-aff7-c98eb38f0059	2	84063358	84807495	450	0.1167
2fb480d8-ea3c-40a7-aff7-c98eb38f0059	2	84807609	86843936	980	0.1987
2fb480d8-ea3c-40a7-aff7-c98eb38f0059	2	86846819	95362574	661	0.0932
2fb480d8-ea3c-40a7-aff7-c98eb38f0059	2	95363411	102968480	3627	0.1961
2fb480d8-ea3c-40a7-aff7-c98eb38f0059	2	102968964	108697790	3486	0.0785
2fb480d8-ea3c-40a7-aff7-c98eb38f0059	2	108697922	109249195	317	0.1704
2fb480d8-ea3c-40a7-aff7-c98eb38f0059	2	109250247	110842361	375	-0.1815
2fb480d8-ea3c-40a7-aff7-c98eb38f0059	2	110842942	113908037	1443	-0.1096
2fb480d8-ea3c-40a7-aff7-c98eb38f0059	2	113909917	119841170	3176	-0.2214
2fb480d8-ea3c-40a7-aff7-c98eb38f0059	2	119843039	123135797	1993	0.1384
2fb480d8-ea3c-40a7-aff7-c98eb38f0059	2	123137740	126462119	1131	0.0669
2fb480d8-ea3c-40a7-aff7-c98eb38f0059	2	126465269	127625082	713	0.1574
2fb480d8-ea3c-40a7-aff7-c98eb38f0059	2	127644990	128449422	406	-0.1437
2fb480d8-ea3c-40a7-aff7-c98eb38f0059	2	128449901	133972129	2444	-0.2034
2fb480d8-ea3c-40a7-aff7-c98eb38f0059	2	133973271	136407927	1393	-0.1511
2fb480d8-ea3c-40a7-aff7-c98eb38f0059	2	136408021	142533294	3462	-0.2072
2fb480d8-ea3c-40a7-aff7-c98eb38f0059	2	142533328	145754730	1788	-0.2568
2fb480d8-ea3c-40a7-aff7-c98eb38f0059	2	145755223	147804276	1067	-0.2097
2fb480d8-ea3c-40a7-aff7-c98eb38f0059	2	147804462	160361648	7408	-0.1688
2fb480d8-ea3c-40a7-aff7-c98eb38f0059	2	160362010	160636957	152	0.1227
2fb480d8-ea3c-40a7-aff7-c98eb38f0059	2	160639215	163336903	1439	-0.196
2fb480d8-ea3c-40a7-aff7-c98eb38f0059	2	163340173	163668434	220	0.1305
2fb480d8-ea3c-40a7-aff7-c98eb38f0059	2	163671059	163762315	66	-0.1849
2fb480d8-ea3c-40a7-aff7-c98eb38f0059	2	163763416	163974248	87	0.4081
2fb480d8-ea3c-40a7-aff7-c98eb38f0059	2	163975206	164612240	349	0.148
2fb480d8-ea3c-40a7-aff7-c98eb38f0059	2	164615402	164724375	57	0.4139
2fb480d8-ea3c-40a7-aff7-c98eb38f0059	2	164725160	165038408	161	0.0988
2fb480d8-ea3c-40a7-aff7-c98eb38f0059	2	165046602	167510299	1428	-0.2003
2fb480d8-ea3c-40a7-aff7-c98eb38f0059	2	167518843	168188511	465	0.1375
2fb480d8-ea3c-40a7-aff7-c98eb38f0059	2	168189791	173069980	3165	-0.1648
2fb480d8-ea3c-40a7-aff7-c98eb38f0059	2	173089025	173732928	504	0.1436
2fb480d8-ea3c-40a7-aff7-c98eb38f0059	2	173740292	177572618	2327	-0.1752
2fb480d8-ea3c-40a7-aff7-c98eb38f0059	2	177577560	177633287	46	0.1887
2fb480d8-ea3c-40a7-aff7-c98eb38f0059	2	177634915	178018050	226	-0.1739
2fb480d8-ea3c-40a7-aff7-c98eb38f0059	2	178018466	178824141	474	0.1457
2fb480d8-ea3c-40a7-aff7-c98eb38f0059	2	178828985	187150659	4267	-0.2031
2fb480d8-ea3c-40a7-aff7-c98eb38f0059	2	187166896	190209198	1486	0.126
2fb480d8-ea3c-40a7-aff7-c98eb38f0059	2	190217537	210894857	11086	-0.1718
2fb480d8-ea3c-40a7-aff7-c98eb38f0059	2	210898088	212492382	1006	-0.1112
2fb480d8-ea3c-40a7-aff7-c98eb38f0059	2	212496721	217708257	3352	-0.1826
2fb480d8-ea3c-40a7-aff7-c98eb38f0059	2	217708804	219594768	945	-0.0906
2fb480d8-ea3c-40a7-aff7-c98eb38f0059	2	219597918	220462330	617	-0.1482
2fb480d8-ea3c-40a7-aff7-c98eb38f0059	2	220464612	222136342	1168	-0.2198
2fb480d8-ea3c-40a7-aff7-c98eb38f0059	2	222137028	222137711	2	-1.5828
2fb480d8-ea3c-40a7-aff7-c98eb38f0059	2	222141794	227653988	3514	-0.1651
2fb480d8-ea3c-40a7-aff7-c98eb38f0059	2	227655993	230040146	1370	-0.2159
2fb480d8-ea3c-40a7-aff7-c98eb38f0059	2	230040522	233372742	1653	-0.1149
2fb480d8-ea3c-40a7-aff7-c98eb38f0059	2	233373158	238679676	3570	-0.177
2fb480d8-ea3c-40a7-aff7-c98eb38f0059	2	238680246	239302072	228	0.1961
2fb480d8-ea3c-40a7-aff7-c98eb38f0059	2	239304744	241537572	1279	-0.1215
2fb480d8-ea3c-40a7-aff7-c98eb38f0059	3	2170634	3503732	775	0.1309
2fb480d8-ea3c-40a7-aff7-c98eb38f0059	3	3504221	5455831	1101	0.1898
2fb480d8-ea3c-40a7-aff7-c98eb38f0059	3	5457037	8079714	1419	0.1258
2fb480d8-ea3c-40a7-aff7-c98eb38f0059	3	8084428	12610426	3015	0.1919
2fb480d8-ea3c-40a7-aff7-c98eb38f0059	3	12610503	15809847	2020	0.2346
2fb480d8-ea3c-40a7-aff7-c98eb38f0059	3	15813689	19815345	2267	0.1859
2fb480d8-ea3c-40a7-aff7-c98eb38f0059	3	19817770	31057194	6717	0.1423
2fb480d8-ea3c-40a7-aff7-c98eb38f0059	3	31063278	33261416	1366	0.2492
2fb480d8-ea3c-40a7-aff7-c98eb38f0059	3	33261507	33921784	301	0.2061
2fb480d8-ea3c-40a7-aff7-c98eb38f0059	3	33921936	35975567	1209	0.1508
2fb480d8-ea3c-40a7-aff7-c98eb38f0059	3	35975701	40451628	2863	0.2081
2fb480d8-ea3c-40a7-aff7-c98eb38f0059	3	40451727	41308290	656	0.1371
2fb480d8-ea3c-40a7-aff7-c98eb38f0059	3	41308316	41313041	4	-0.4755
2fb480d8-ea3c-40a7-aff7-c98eb38f0059	3	41316341	42190958	234	0.1217
2fb480d8-ea3c-40a7-aff7-c98eb38f0059	3	42191291	44747179	1415	0.2082
2fb480d8-ea3c-40a7-aff7-c98eb38f0059	3	44748569	46856551	1298	0.2328
2fb480d8-ea3c-40a7-aff7-c98eb38f0059	3	46858561	53338051	2632	0.2786
2fb480d8-ea3c-40a7-aff7-c98eb38f0059	3	53338138	53888230	390	0.2134
2fb480d8-ea3c-40a7-aff7-c98eb38f0059	3	53889551	57581879	2593	0.1579
2fb480d8-ea3c-40a7-aff7-c98eb38f0059	3	57582126	58647598	593	0.2499
2fb480d8-ea3c-40a7-aff7-c98eb38f0059	3	58648824	69730607	7099	0.1622
2fb480d8-ea3c-40a7-aff7-c98eb38f0059	3	69730839	70053579	292	0.0795
2fb480d8-ea3c-40a7-aff7-c98eb38f0059	3	70053600	76068378	3665	0.1747
2fb480d8-ea3c-40a7-aff7-c98eb38f0059	3	76069394	111452946	16599	0.1344
2fb480d8-ea3c-40a7-aff7-c98eb38f0059	3	111454284	113202421	1120	0.1799
2fb480d8-ea3c-40a7-aff7-c98eb38f0059	3	113202684	120567727	4586	0.0755
2fb480d8-ea3c-40a7-aff7-c98eb38f0059	3	120568836	131452104	5936	0.1257
2fb480d8-ea3c-40a7-aff7-c98eb38f0059	3	131453915	148971396	9439	0.0797
2fb480d8-ea3c-40a7-aff7-c98eb38f0059	3	148972320	151610402	1557	0.1335
2fb480d8-ea3c-40a7-aff7-c98eb38f0059	3	151611193	174154443	11511	0.0644
2fb480d8-ea3c-40a7-aff7-c98eb38f0059	3	174155380	174155654	2	-1.948
2fb480d8-ea3c-40a7-aff7-c98eb38f0059	3	174160311	182435648	4257	0.0711
2fb480d8-ea3c-40a7-aff7-c98eb38f0059	3	182436726	184981168	928	0.1378
2fb480d8-ea3c-40a7-aff7-c98eb38f0059	3	184984840	187757401	1894	0.0857
2fb480d8-ea3c-40a7-aff7-c98eb38f0059	3	187760655	189757895	1359	0.1347
2fb480d8-ea3c-40a7-aff7-c98eb38f0059	3	189759463	193581946	2328	0.0797
2fb480d8-ea3c-40a7-aff7-c98eb38f0059	3	193582357	197812401	1509	0.1537
2fb480d8-ea3c-40a7-aff7-c98eb38f0059	4	1059384	3747009	1082	0.2497
2fb480d8-ea3c-40a7-aff7-c98eb38f0059	4	3748558	6343842	1726	0.1459
2fb480d8-ea3c-40a7-aff7-c98eb38f0059	4	6344948	8692078	1515	0.2026
2fb480d8-ea3c-40a7-aff7-c98eb38f0059	4	8692113	15591204	4474	0.099
2fb480d8-ea3c-40a7-aff7-c98eb38f0059	4	15593209	18640545	2127	0.1555
2fb480d8-ea3c-40a7-aff7-c98eb38f0059	4	18642237	19141106	322	0.1083
2fb480d8-ea3c-40a7-aff7-c98eb38f0059	4	19141845	23611211	2800	0.0734
2fb480d8-ea3c-40a7-aff7-c98eb38f0059	4	23611513	26477165	1973	0.1462
2fb480d8-ea3c-40a7-aff7-c98eb38f0059	4	26478536	26478794	2	-1.2237
2fb480d8-ea3c-40a7-aff7-c98eb38f0059	4	26481674	36759879	6042	0.1127
2fb480d8-ea3c-40a7-aff7-c98eb38f0059	4	36762566	40868889	2484	0.2211
2fb480d8-ea3c-40a7-aff7-c98eb38f0059	4	40869970	43623654	1527	0.15
2fb480d8-ea3c-40a7-aff7-c98eb38f0059	4	43628254	47178196	1722	0.0967
2fb480d8-ea3c-40a7-aff7-c98eb38f0059	4	47178395	51960659	580	0.1585
2fb480d8-ea3c-40a7-aff7-c98eb38f0059	4	51963859	54984851	2125	0.1248
2fb480d8-ea3c-40a7-aff7-c98eb38f0059	4	54985745	57243218	1244	0.1648
2fb480d8-ea3c-40a7-aff7-c98eb38f0059	4	57243851	73691862	8483	0.1013
2fb480d8-ea3c-40a7-aff7-c98eb38f0059	4	73692188	74321658	418	0.1319
2fb480d8-ea3c-40a7-aff7-c98eb38f0059	4	74322587	81922250	4618	0.1537
2fb480d8-ea3c-40a7-aff7-c98eb38f0059	4	81922817	83328932	832	0.2191
2fb480d8-ea3c-40a7-aff7-c98eb38f0059	4	83331267	87038362	2208	0.1491
2fb480d8-ea3c-40a7-aff7-c98eb38f0059	4	87039001	89451513	1530	0.2016
2fb480d8-ea3c-40a7-aff7-c98eb38f0059	4	89451696	91890724	1298	0.1393
2fb480d8-ea3c-40a7-aff7-c98eb38f0059	4	91892842	92098318	73	0.8538
2fb480d8-ea3c-40a7-aff7-c98eb38f0059	4	92105556	95943310	2157	0.5739
2fb480d8-ea3c-40a7-aff7-c98eb38f0059	4	95947952	99749900	2015	0.6235
2fb480d8-ea3c-40a7-aff7-c98eb38f0059	4	99749967	101804798	1204	0.5389
2fb480d8-ea3c-40a7-aff7-c98eb38f0059	4	101804848	107278270	2960	0.5918
2fb480d8-ea3c-40a7-aff7-c98eb38f0059	4	107280936	107281176	3	-0.5201
2fb480d8-ea3c-40a7-aff7-c98eb38f0059	4	107281809	107761754	286	0.6013
2fb480d8-ea3c-40a7-aff7-c98eb38f0059	4	107768095	107970830	96	-0.5939
2fb480d8-ea3c-40a7-aff7-c98eb38f0059	4	107973856	108794296	475	0.5559
2fb480d8-ea3c-40a7-aff7-c98eb38f0059	4	108795097	108881273	50	-0.568
2fb480d8-ea3c-40a7-aff7-c98eb38f0059	4	108886071	109056073	116	0.557
2fb480d8-ea3c-40a7-aff7-c98eb38f0059	4	109057669	109418817	198	0.0934
2fb480d8-ea3c-40a7-aff7-c98eb38f0059	4	109419070	109482007	31	0.5295
2fb480d8-ea3c-40a7-aff7-c98eb38f0059	4	109485701	109525591	18	-0.4524
2fb480d8-ea3c-40a7-aff7-c98eb38f0059	4	109529502	109849493	165	0.5612
2fb480d8-ea3c-40a7-aff7-c98eb38f0059	4	109850295	109918798	43	-0.5811
2fb480d8-ea3c-40a7-aff7-c98eb38f0059	4	109922272	115412508	3303	0.5764
2fb480d8-ea3c-40a7-aff7-c98eb38f0059	4	115417444	115674246	141	-0.5813
2fb480d8-ea3c-40a7-aff7-c98eb38f0059	4	115679493	116930354	647	0.5739
2fb480d8-ea3c-40a7-aff7-c98eb38f0059	4	116966550	117231302	141	-0.5774
2fb480d8-ea3c-40a7-aff7-c98eb38f0059	4	117238042	117255025	10	0.6319
2fb480d8-ea3c-40a7-aff7-c98eb38f0059	4	117256710	117348468	24	-0.5251
2fb480d8-ea3c-40a7-aff7-c98eb38f0059	4	117352498	117542241	140	0.6014
2fb480d8-ea3c-40a7-aff7-c98eb38f0059	4	117548173	117607215	42	-0.6492
2fb480d8-ea3c-40a7-aff7-c98eb38f0059	4	117610840	117699400	88	0.5562
2fb480d8-ea3c-40a7-aff7-c98eb38f0059	4	117699771	117948054	170	-0.6937
2fb480d8-ea3c-40a7-aff7-c98eb38f0059	4	117954535	118999759	475	0.5428
2fb480d8-ea3c-40a7-aff7-c98eb38f0059	4	119005820	119372098	238	-0.6226
2fb480d8-ea3c-40a7-aff7-c98eb38f0059	4	119375448	119468877	22	-0.2184
2fb480d8-ea3c-40a7-aff7-c98eb38f0059	4	119469039	119490588	23	-0.5597
2fb480d8-ea3c-40a7-aff7-c98eb38f0059	4	119492811	119993000	295	0.5801
2fb480d8-ea3c-40a7-aff7-c98eb38f0059	4	120002061	120341804	276	-0.5814
2fb480d8-ea3c-40a7-aff7-c98eb38f0059	4	120348710	120382469	39	0.612
2fb480d8-ea3c-40a7-aff7-c98eb38f0059	4	120384118	138414191	9185	-0.6119
2fb480d8-ea3c-40a7-aff7-c98eb38f0059	4	138417261	187842528	26919	0.1408
2fb480d8-ea3c-40a7-aff7-c98eb38f0059	5	913983	2397530	538	-0.156
2fb480d8-ea3c-40a7-aff7-c98eb38f0059	5	2398516	9489295	5698	-0.2493
2fb480d8-ea3c-40a7-aff7-c98eb38f0059	5	9491130	11530937	1421	-0.1494
2fb480d8-ea3c-40a7-aff7-c98eb38f0059	5	11531278	11534314	3	-1.7034
2fb480d8-ea3c-40a7-aff7-c98eb38f0059	5	11539510	12098759	363	-0.1788
2fb480d8-ea3c-40a7-aff7-c98eb38f0059	5	12102515	16058218	1937	-0.1359
2fb480d8-ea3c-40a7-aff7-c98eb38f0059	5	16058441	32049391	8766	-0.1826
2fb480d8-ea3c-40a7-aff7-c98eb38f0059	5	32049415	32800857	452	-0.0976
2fb480d8-ea3c-40a7-aff7-c98eb38f0059	5	32801649	34865262	838	-0.1751
2fb480d8-ea3c-40a7-aff7-c98eb38f0059	5	34865423	37423016	1584	-0.1178
2fb480d8-ea3c-40a7-aff7-c98eb38f0059	5	37424262	41869256	2830	-0.1851
2fb480d8-ea3c-40a7-aff7-c98eb38f0059	5	41872411	43608985	849	-0.1128
2fb480d8-ea3c-40a7-aff7-c98eb38f0059	5	43609170	55366737	3570	-0.1686
2fb480d8-ea3c-40a7-aff7-c98eb38f0059	5	55366992	56201246	428	-0.5033
2fb480d8-ea3c-40a7-aff7-c98eb38f0059	5	56202513	56221975	13	-0.3175
2fb480d8-ea3c-40a7-aff7-c98eb38f0059	5	56227742	56459254	207	0.1742
2fb480d8-ea3c-40a7-aff7-c98eb38f0059	5	56466215	80155058	13065	-0.5654
2fb480d8-ea3c-40a7-aff7-c98eb38f0059	5	80158360	80434202	153	0.1253
2fb480d8-ea3c-40a7-aff7-c98eb38f0059	5	80436179	85352508	2759	-0.5594
2fb480d8-ea3c-40a7-aff7-c98eb38f0059	5	85353628	90399229	2511	-0.1527
2fb480d8-ea3c-40a7-aff7-c98eb38f0059	5	90401762	91049213	387	-0.5962
2fb480d8-ea3c-40a7-aff7-c98eb38f0059	5	91051145	105814208	6852	-0.5322
2fb480d8-ea3c-40a7-aff7-c98eb38f0059	5	105816415	108335411	1468	-0.5871
2fb480d8-ea3c-40a7-aff7-c98eb38f0059	5	108335635	108377552	26	-0.1493
2fb480d8-ea3c-40a7-aff7-c98eb38f0059	5	108383877	108397914	8	-0.7291
2fb480d8-ea3c-40a7-aff7-c98eb38f0059	5	108401952	112350255	2326	-0.1556
2fb480d8-ea3c-40a7-aff7-c98eb38f0059	5	112351113	113525051	967	0.1568
2fb480d8-ea3c-40a7-aff7-c98eb38f0059	5	113525718	114117957	357	-0.1548
2fb480d8-ea3c-40a7-aff7-c98eb38f0059	5	114118063	114200645	51	0.1074
2fb480d8-ea3c-40a7-aff7-c98eb38f0059	5	114204964	114348173	113	-0.1362
2fb480d8-ea3c-40a7-aff7-c98eb38f0059	5	114350365	114562504	157	0.0325
2fb480d8-ea3c-40a7-aff7-c98eb38f0059	5	114645562	118370022	2225	-0.1655
2fb480d8-ea3c-40a7-aff7-c98eb38f0059	5	118374401	118417998	18	-0.5425
2fb480d8-ea3c-40a7-aff7-c98eb38f0059	5	118418768	118434438	11	0.0077
2fb480d8-ea3c-40a7-aff7-c98eb38f0059	5	118434633	119889463	878	-0.554
2fb480d8-ea3c-40a7-aff7-c98eb38f0059	5	119894172	120009773	69	-0.3415
2fb480d8-ea3c-40a7-aff7-c98eb38f0059	5	120011002	120365130	175	-0.5398
2fb480d8-ea3c-40a7-aff7-c98eb38f0059	5	120365165	125609975	3073	-0.604
2fb480d8-ea3c-40a7-aff7-c98eb38f0059	5	125610696	130521381	2785	-0.5459
2fb480d8-ea3c-40a7-aff7-c98eb38f0059	5	130528970	133276740	1387	-0.4808
2fb480d8-ea3c-40a7-aff7-c98eb38f0059	5	133276951	134156709	722	-0.5693
2fb480d8-ea3c-40a7-aff7-c98eb38f0059	5	134158155	135108650	443	-0.4545
2fb480d8-ea3c-40a7-aff7-c98eb38f0059	5	135109330	137729538	1886	-0.6072
2fb480d8-ea3c-40a7-aff7-c98eb38f0059	5	137729635	143177028	2747	-0.5119
2fb480d8-ea3c-40a7-aff7-c98eb38f0059	5	143177523	146595287	2086	-0.5777
2fb480d8-ea3c-40a7-aff7-c98eb38f0059	5	146595380	146596593	3	-2.0048
2fb480d8-ea3c-40a7-aff7-c98eb38f0059	5	146597136	156149576	6314	-0.568
2fb480d8-ea3c-40a7-aff7-c98eb38f0059	5	156170444	170774446	9759	-0.6023
2fb480d8-ea3c-40a7-aff7-c98eb38f0059	5	170774535	176512311	3460	-0.5652
2fb480d8-ea3c-40a7-aff7-c98eb38f0059	5	176513754	177656348	399	-0.4216
2fb480d8-ea3c-40a7-aff7-c98eb38f0059	5	177664325	180934240	1523	-0.5474
2fb480d8-ea3c-40a7-aff7-c98eb38f0059	6	1011760	1593411	508	-0.232
2fb480d8-ea3c-40a7-aff7-c98eb38f0059	6	1596189	7464568	4182	-0.1618
2fb480d8-ea3c-40a7-aff7-c98eb38f0059	6	7464922	7467077	2	1.6922
2fb480d8-ea3c-40a7-aff7-c98eb38f0059	6	7467953	18594340	7716	-0.1737
2fb480d8-ea3c-40a7-aff7-c98eb38f0059	6	18594501	24591150	4296	-0.2026
2fb480d8-ea3c-40a7-aff7-c98eb38f0059	6	24592412	29678212	2085	-0.1585
2fb480d8-ea3c-40a7-aff7-c98eb38f0059	6	29678388	29681770	2	-1.6662
2fb480d8-ea3c-40a7-aff7-c98eb38f0059	6	29682345	29844728	87	-0.144
2fb480d8-ea3c-40a7-aff7-c98eb38f0059	6	29845030	38104336	3297	-0.0717
2fb480d8-ea3c-40a7-aff7-c98eb38f0059	6	38106468	39620248	1126	-0.1387
2fb480d8-ea3c-40a7-aff7-c98eb38f0059	6	39620676	41064231	1137	-0.1998
2fb480d8-ea3c-40a7-aff7-c98eb38f0059	6	41069031	44557478	1946	-0.0692
2fb480d8-ea3c-40a7-aff7-c98eb38f0059	6	44558252	45125111	285	-0.1534
2fb480d8-ea3c-40a7-aff7-c98eb38f0059	6	45125757	48359694	2028	-0.2071
2fb480d8-ea3c-40a7-aff7-c98eb38f0059	6	48361374	57309539	5328	-0.1649
2fb480d8-ea3c-40a7-aff7-c98eb38f0059	6	57310243	76986450	8626	-0.2001
2fb480d8-ea3c-40a7-aff7-c98eb38f0059	6	76986577	76987075	2	-1.5099
2fb480d8-ea3c-40a7-aff7-c98eb38f0059	6	76987681	79933957	1493	-0.187
2fb480d8-ea3c-40a7-aff7-c98eb38f0059	6	79934259	79934739	2	-1.927
2fb480d8-ea3c-40a7-aff7-c98eb38f0059	6	79935486	105773532	14184	-0.1929
2fb480d8-ea3c-40a7-aff7-c98eb38f0059	6	105774366	112112794	3863	-0.1419
2fb480d8-ea3c-40a7-aff7-c98eb38f0059	6	112113673	114461675	1517	-0.2136
2fb480d8-ea3c-40a7-aff7-c98eb38f0059	6	114464444	132698543	10382	-0.1758
2fb480d8-ea3c-40a7-aff7-c98eb38f0059	6	132699276	133710211	719	-0.2261
2fb480d8-ea3c-40a7-aff7-c98eb38f0059	6	133713900	133714466	2	-1.5962
2fb480d8-ea3c-40a7-aff7-c98eb38f0059	6	133717543	134075706	214	-0.2202
2fb480d8-ea3c-40a7-aff7-c98eb38f0059	6	134075889	146345622	7312	-0.1581
2fb480d8-ea3c-40a7-aff7-c98eb38f0059	6	146346946	148965462	1857	-0.2388
2fb480d8-ea3c-40a7-aff7-c98eb38f0059	6	148965546	153783508	3360	-0.1544
2fb480d8-ea3c-40a7-aff7-c98eb38f0059	6	153783876	155880465	1422	-0.2031
2fb480d8-ea3c-40a7-aff7-c98eb38f0059	6	155880632	156872116	687	-0.1578
2fb480d8-ea3c-40a7-aff7-c98eb38f0059	6	156874774	159110719	1186	-0.1004
2fb480d8-ea3c-40a7-aff7-c98eb38f0059	6	159110738	160797619	1211	-0.1857
2fb480d8-ea3c-40a7-aff7-c98eb38f0059	6	160802510	164553981	2162	-0.2865
2fb480d8-ea3c-40a7-aff7-c98eb38f0059	6	164554086	170596889	2645	-0.1999
2fb480d8-ea3c-40a7-aff7-c98eb38f0059	7	664936	785857	31	0.1176
2fb480d8-ea3c-40a7-aff7-c98eb38f0059	7	786149	3156936	866	0.2564
2fb480d8-ea3c-40a7-aff7-c98eb38f0059	7	3157831	4652236	660	0.1532
2fb480d8-ea3c-40a7-aff7-c98eb38f0059	7	4655371	7791730	1299	0.2373
2fb480d8-ea3c-40a7-aff7-c98eb38f0059	7	7791939	23400757	9082	0.159
2fb480d8-ea3c-40a7-aff7-c98eb38f0059	7	23404356	25477010	1559	0.0958
2fb480d8-ea3c-40a7-aff7-c98eb38f0059	7	25477181	36040870	6654	0.1678
2fb480d8-ea3c-40a7-aff7-c98eb38f0059	7	36041305	36538540	427	0.2439
2fb480d8-ea3c-40a7-aff7-c98eb38f0059	7	36541039	37016128	374	0.1894
2fb480d8-ea3c-40a7-aff7-c98eb38f0059	7	37016276	42425227	3554	0.1367
2fb480d8-ea3c-40a7-aff7-c98eb38f0059	7	42425329	45529392	1415	0.2271
2fb480d8-ea3c-40a7-aff7-c98eb38f0059	7	45529506	48319997	1962	0.1422
2fb480d8-ea3c-40a7-aff7-c98eb38f0059	7	48320740	49771614	1003	0.0959
2fb480d8-ea3c-40a7-aff7-c98eb38f0059	7	49773257	52791463	2250	0.1684
2fb480d8-ea3c-40a7-aff7-c98eb38f0059	7	52792614	63927106	2410	0.0948
2fb480d8-ea3c-40a7-aff7-c98eb38f0059	7	63927122	67075488	845	0.1805
2fb480d8-ea3c-40a7-aff7-c98eb38f0059	7	67095780	72880997	3204	0.0848
2fb480d8-ea3c-40a7-aff7-c98eb38f0059	7	72889156	78155325	1567	0.2309
2fb480d8-ea3c-40a7-aff7-c98eb38f0059	7	78156120	85051621	4407	0.1403
2fb480d8-ea3c-40a7-aff7-c98eb38f0059	7	85053978	86600286	688	0.1647
2fb480d8-ea3c-40a7-aff7-c98eb38f0059	7	86604868	86615738	2	-0.9116
2fb480d8-ea3c-40a7-aff7-c98eb38f0059	7	86622960	87965246	717	0.1735
2fb480d8-ea3c-40a7-aff7-c98eb38f0059	7	87968165	87974428	5	-0.1206
2fb480d8-ea3c-40a7-aff7-c98eb38f0059	7	87979671	91150620	821	0.141
2fb480d8-ea3c-40a7-aff7-c98eb38f0059	7	91153128	91161829	13	-0.1279
2fb480d8-ea3c-40a7-aff7-c98eb38f0059	7	91165098	93550129	1504	0.1865
2fb480d8-ea3c-40a7-aff7-c98eb38f0059	7	93550529	98814077	3022	0.1227
2fb480d8-ea3c-40a7-aff7-c98eb38f0059	7	98814357	102449027	1322	0.2241
2fb480d8-ea3c-40a7-aff7-c98eb38f0059	7	102449522	104552309	1081	0.1571
2fb480d8-ea3c-40a7-aff7-c98eb38f0059	7	104552676	107894647	1976	0.1997
2fb480d8-ea3c-40a7-aff7-c98eb38f0059	7	107895853	111135042	1854	0.1432
2fb480d8-ea3c-40a7-aff7-c98eb38f0059	7	111135533	111877421	109	0.5584
2fb480d8-ea3c-40a7-aff7-c98eb38f0059	7	111877884	119806867	4158	0.1356
2fb480d8-ea3c-40a7-aff7-c98eb38f0059	7	119807154	120680775	452	0.2092
2fb480d8-ea3c-40a7-aff7-c98eb38f0059	7	120681264	127227393	3655	0.1408
2fb480d8-ea3c-40a7-aff7-c98eb38f0059	7	127228628	131772384	2358	0.2191
2fb480d8-ea3c-40a7-aff7-c98eb38f0059	7	131773247	138399139	4137	0.1471
2fb480d8-ea3c-40a7-aff7-c98eb38f0059	7	138399583	142768623	2160	0.2175
2fb480d8-ea3c-40a7-aff7-c98eb38f0059	7	142810364	143958955	403	0.1588
2fb480d8-ea3c-40a7-aff7-c98eb38f0059	7	143959489	148171166	2417	0.1072
2fb480d8-ea3c-40a7-aff7-c98eb38f0059	7	148171189	148718587	390	0.1756
2fb480d8-ea3c-40a7-aff7-c98eb38f0059	7	148719571	152153346	1591	0.2471
2fb480d8-ea3c-40a7-aff7-c98eb38f0059	7	152157529	153100321	452	0.1875
2fb480d8-ea3c-40a7-aff7-c98eb38f0059	7	153101233	155197793	1039	0.124
2fb480d8-ea3c-40a7-aff7-c98eb38f0059	7	155203439	158592540	1867	0.2098
2fb480d8-ea3c-40a7-aff7-c98eb38f0059	8	667625	824816	83	-0.6151
2fb480d8-ea3c-40a7-aff7-c98eb38f0059	8	824979	1265445	90	-0.7595
2fb480d8-ea3c-40a7-aff7-c98eb38f0059	8	1268533	1270024	3	-2.2267
2fb480d8-ea3c-40a7-aff7-c98eb38f0059	8	1270581	6602667	2726	-0.7277
2fb480d8-ea3c-40a7-aff7-c98eb38f0059	8	6602703	21680874	9334	-0.6234
2fb480d8-ea3c-40a7-aff7-c98eb38f0059	8	21681689	31663068	6328	-0.5884
2fb480d8-ea3c-40a7-aff7-c98eb38f0059	8	31663628	35140618	2160	-0.6611
2fb480d8-ea3c-40a7-aff7-c98eb38f0059	8	35250447	35729273	263	1.5963
2fb480d8-ea3c-40a7-aff7-c98eb38f0059	8	35729403	36117038	173	1.8707
2fb480d8-ea3c-40a7-aff7-c98eb38f0059	8	36122284	36135193	4	1.3372
2fb480d8-ea3c-40a7-aff7-c98eb38f0059	8	36136189	36818874	269	2.0891
2fb480d8-ea3c-40a7-aff7-c98eb38f0059	8	36820944	37189552	241	2.4376
2fb480d8-ea3c-40a7-aff7-c98eb38f0059	8	37189638	37189709	2	0.0779
2fb480d8-ea3c-40a7-aff7-c98eb38f0059	8	37190115	37388429	167	2.2845
2fb480d8-ea3c-40a7-aff7-c98eb38f0059	8	37388598	39092465	738	2.5167
2fb480d8-ea3c-40a7-aff7-c98eb38f0059	8	39095476	39754789	268	2.1744
2fb480d8-ea3c-40a7-aff7-c98eb38f0059	8	39756323	40197844	301	1.7693
2fb480d8-ea3c-40a7-aff7-c98eb38f0059	8	40202131	40819256	483	1.5079
2fb480d8-ea3c-40a7-aff7-c98eb38f0059	8	40819997	41808837	620	1.6491
2fb480d8-ea3c-40a7-aff7-c98eb38f0059	8	41809270	42131661	173	1.5121
2fb480d8-ea3c-40a7-aff7-c98eb38f0059	8	42134058	42259530	73	1.4017
2fb480d8-ea3c-40a7-aff7-c98eb38f0059	8	42275584	42298312	47	1.0772
2fb480d8-ea3c-40a7-aff7-c98eb38f0059	8	42298469	42336024	95	1.3587
2fb480d8-ea3c-40a7-aff7-c98eb38f0059	8	42341917	42800292	217	1.6727
2fb480d8-ea3c-40a7-aff7-c98eb38f0059	8	42805261	42928572	46	1.3046
2fb480d8-ea3c-40a7-aff7-c98eb38f0059	8	42934585	42938451	3	0.4182
2fb480d8-ea3c-40a7-aff7-c98eb38f0059	8	42942814	43024369	31	1.2131
2fb480d8-ea3c-40a7-aff7-c98eb38f0059	8	43025271	43080575	21	0.8083
2fb480d8-ea3c-40a7-aff7-c98eb38f0059	8	46547532	57681558	6076	-0.2389
2fb480d8-ea3c-40a7-aff7-c98eb38f0059	8	57682606	57762718	59	0.707
2fb480d8-ea3c-40a7-aff7-c98eb38f0059	8	57765635	58681348	637	1.7998
2fb480d8-ea3c-40a7-aff7-c98eb38f0059	8	58682719	58733373	36	2.3058
2fb480d8-ea3c-40a7-aff7-c98eb38f0059	8	58733974	60409156	1035	1.9861
2fb480d8-ea3c-40a7-aff7-c98eb38f0059	8	60411173	60504841	40	1.7623
2fb480d8-ea3c-40a7-aff7-c98eb38f0059	8	60507155	60791524	184	1.2965
2fb480d8-ea3c-40a7-aff7-c98eb38f0059	8	60792258	61072108	188	1.0977
2fb480d8-ea3c-40a7-aff7-c98eb38f0059	8	61074622	61437936	266	0.402
2fb480d8-ea3c-40a7-aff7-c98eb38f0059	8	61442575	61467029	16	1.0002
2fb480d8-ea3c-40a7-aff7-c98eb38f0059	8	61489435	64357166	1701	0.3428
2fb480d8-ea3c-40a7-aff7-c98eb38f0059	8	64359921	65112688	376	1.9175
2fb480d8-ea3c-40a7-aff7-c98eb38f0059	8	65118195	65624793	305	0.3737
2fb480d8-ea3c-40a7-aff7-c98eb38f0059	8	65638386	65744582	37	-0.1083
2fb480d8-ea3c-40a7-aff7-c98eb38f0059	8	65745714	66718567	504	0.3774
2fb480d8-ea3c-40a7-aff7-c98eb38f0059	8	66720094	67008123	110	1.88
2fb480d8-ea3c-40a7-aff7-c98eb38f0059	8	67020990	67811714	397	-0.1576
2fb480d8-ea3c-40a7-aff7-c98eb38f0059	8	67816296	69994644	1423	-0.217
2fb480d8-ea3c-40a7-aff7-c98eb38f0059	8	69995354	70827129	432	-0.1531
2fb480d8-ea3c-40a7-aff7-c98eb38f0059	8	70837114	74906692	2681	0.3482
2fb480d8-ea3c-40a7-aff7-c98eb38f0059	8	74907116	81961079	3853	0.2887
2fb480d8-ea3c-40a7-aff7-c98eb38f0059	8	81961171	85192519	1653	-0.1655
2fb480d8-ea3c-40a7-aff7-c98eb38f0059	8	85192633	85209076	12	0.1608
2fb480d8-ea3c-40a7-aff7-c98eb38f0059	8	85209234	85405133	95	0.4869
2fb480d8-ea3c-40a7-aff7-c98eb38f0059	8	85409564	85913118	198	1.0256
2fb480d8-ea3c-40a7-aff7-c98eb38f0059	8	85913639	86567322	266	0.5594
2fb480d8-ea3c-40a7-aff7-c98eb38f0059	8	86570265	86578666	9	1.022
2fb480d8-ea3c-40a7-aff7-c98eb38f0059	8	86581023	86755364	118	0.5739
2fb480d8-ea3c-40a7-aff7-c98eb38f0059	8	86755632	87231014	251	0.4527
2fb480d8-ea3c-40a7-aff7-c98eb38f0059	8	87231509	88403858	637	0.9585
2fb480d8-ea3c-40a7-aff7-c98eb38f0059	8	88407268	89121183	414	1.1428
2fb480d8-ea3c-40a7-aff7-c98eb38f0059	8	89121354	89415271	238	0.7565
2fb480d8-ea3c-40a7-aff7-c98eb38f0059	8	89417476	90811761	799	1.2733
2fb480d8-ea3c-40a7-aff7-c98eb38f0059	8	90814479	92007424	613	1.6258
2fb480d8-ea3c-40a7-aff7-c98eb38f0059	8	92007733	92007901	4	0.2849
2fb480d8-ea3c-40a7-aff7-c98eb38f0059	8	92008360	93365691	780	1.5712
2fb480d8-ea3c-40a7-aff7-c98eb38f0059	8	93366023	93504660	82	1.3723
2fb480d8-ea3c-40a7-aff7-c98eb38f0059	8	93505769	93753487	133	1.294
2fb480d8-ea3c-40a7-aff7-c98eb38f0059	8	93760091	94244675	350	1.0659
2fb480d8-ea3c-40a7-aff7-c98eb38f0059	8	94245837	94633689	207	1.3579
2fb480d8-ea3c-40a7-aff7-c98eb38f0059	8	94634189	95565546	614	1.2006
2fb480d8-ea3c-40a7-aff7-c98eb38f0059	8	95572330	98067526	1593	1.482
2fb480d8-ea3c-40a7-aff7-c98eb38f0059	8	98074658	98180191	80	1.1445
2fb480d8-ea3c-40a7-aff7-c98eb38f0059	8	98180369	98707735	289	1.4205
2fb480d8-ea3c-40a7-aff7-c98eb38f0059	8	98708603	101410459	1426	1.916
2fb480d8-ea3c-40a7-aff7-c98eb38f0059	8	101410502	102496670	665	1.7734
2fb480d8-ea3c-40a7-aff7-c98eb38f0059	8	102497397	103025453	311	1.6169
2fb480d8-ea3c-40a7-aff7-c98eb38f0059	8	103025766	103071423	30	1.8007
2fb480d8-ea3c-40a7-aff7-c98eb38f0059	8	103071558	103279068	168	1.4323
2fb480d8-ea3c-40a7-aff7-c98eb38f0059	8	103280737	103739884	232	0.5327
2fb480d8-ea3c-40a7-aff7-c98eb38f0059	8	103741298	103741708	3	-0.2833
2fb480d8-ea3c-40a7-aff7-c98eb38f0059	8	103744534	103933754	93	0.4948
2fb480d8-ea3c-40a7-aff7-c98eb38f0059	8	103934628	104082280	67	0.9856
2fb480d8-ea3c-40a7-aff7-c98eb38f0059	8	104089619	104739564	402	0.5035
2fb480d8-ea3c-40a7-aff7-c98eb38f0059	8	104751416	104887245	88	-0.6113
2fb480d8-ea3c-40a7-aff7-c98eb38f0059	8	104889804	104927967	27	0.3321
2fb480d8-ea3c-40a7-aff7-c98eb38f0059	8	104931067	105082136	99	-0.5343
2fb480d8-ea3c-40a7-aff7-c98eb38f0059	8	105086425	105333624	159	0.6595
2fb480d8-ea3c-40a7-aff7-c98eb38f0059	8	105336577	107365328	930	0.3413
2fb480d8-ea3c-40a7-aff7-c98eb38f0059	8	107372600	107415732	33	0.9425
2fb480d8-ea3c-40a7-aff7-c98eb38f0059	8	107417635	111715697	2285	0.3443
2fb480d8-ea3c-40a7-aff7-c98eb38f0059	8	111716404	111732857	9	0.5633
2fb480d8-ea3c-40a7-aff7-c98eb38f0059	8	111734410	112573587	454	-0.1701
2fb480d8-ea3c-40a7-aff7-c98eb38f0059	8	112573999	112803434	111	0.8948
2fb480d8-ea3c-40a7-aff7-c98eb38f0059	8	112806417	113300775	239	0.3821
2fb480d8-ea3c-40a7-aff7-c98eb38f0059	8	113305443	113591938	155	-0.086
2fb480d8-ea3c-40a7-aff7-c98eb38f0059	8	113594850	114000220	247	0.405
2fb480d8-ea3c-40a7-aff7-c98eb38f0059	8	114003711	114006709	2	-0.4212
2fb480d8-ea3c-40a7-aff7-c98eb38f0059	8	114009512	114300583	155	0.3724
2fb480d8-ea3c-40a7-aff7-c98eb38f0059	8	114370289	116320112	1013	-0.0665
2fb480d8-ea3c-40a7-aff7-c98eb38f0059	8	116320456	116332831	10	-1.1382
2fb480d8-ea3c-40a7-aff7-c98eb38f0059	8	116337856	119744930	2436	-0.0894
2fb480d8-ea3c-40a7-aff7-c98eb38f0059	8	119756068	119796196	22	0.7587
2fb480d8-ea3c-40a7-aff7-c98eb38f0059	8	119799435	121118416	816	-0.1271
2fb480d8-ea3c-40a7-aff7-c98eb38f0059	8	121127312	122322253	736	0.7393
2fb480d8-ea3c-40a7-aff7-c98eb38f0059	8	122322992	122685632	270	-0.1176
2fb480d8-ea3c-40a7-aff7-c98eb38f0059	8	122691500	122984838	222	0.8339
2fb480d8-ea3c-40a7-aff7-c98eb38f0059	8	122988101	124118725	716	0.4643
2fb480d8-ea3c-40a7-aff7-c98eb38f0059	8	124119662	124935437	547	0.7822
2fb480d8-ea3c-40a7-aff7-c98eb38f0059	8	124935690	125949454	723	0.4277
2fb480d8-ea3c-40a7-aff7-c98eb38f0059	8	125950362	126862840	627	1.012
2fb480d8-ea3c-40a7-aff7-c98eb38f0059	8	126863532	126993696	124	0.3819
2fb480d8-ea3c-40a7-aff7-c98eb38f0059	8	126997405	127097685	74	1.9937
2fb480d8-ea3c-40a7-aff7-c98eb38f0059	8	127102216	127285011	130	1.0863
2fb480d8-ea3c-40a7-aff7-c98eb38f0059	8	127291743	127305340	16	2.0409
2fb480d8-ea3c-40a7-aff7-c98eb38f0059	8	127321656	127547405	173	1.0237
2fb480d8-ea3c-40a7-aff7-c98eb38f0059	8	127549994	129279216	1187	2.1644
2fb480d8-ea3c-40a7-aff7-c98eb38f0059	8	129279728	129887784	422	1.0014
2fb480d8-ea3c-40a7-aff7-c98eb38f0059	8	129906289	129947039	14	0.7734
2fb480d8-ea3c-40a7-aff7-c98eb38f0059	8	129951013	130249225	172	1.2368
2fb480d8-ea3c-40a7-aff7-c98eb38f0059	8	130249395	130273423	15	1.0543
2fb480d8-ea3c-40a7-aff7-c98eb38f0059	8	130274027	131070505	641	1.4857
2fb480d8-ea3c-40a7-aff7-c98eb38f0059	8	131070723	131602432	337	2.192
2fb480d8-ea3c-40a7-aff7-c98eb38f0059	8	131605064	132199502	422	1.4417
2fb480d8-ea3c-40a7-aff7-c98eb38f0059	8	132200837	133086876	694	2.0847
2fb480d8-ea3c-40a7-aff7-c98eb38f0059	8	133088155	133371235	259	1.8752
2fb480d8-ea3c-40a7-aff7-c98eb38f0059	8	133372962	133990986	503	2.2058
2fb480d8-ea3c-40a7-aff7-c98eb38f0059	8	133991300	133995509	13	3.0857
2fb480d8-ea3c-40a7-aff7-c98eb38f0059	8	134000605	134117424	114	2.1911
2fb480d8-ea3c-40a7-aff7-c98eb38f0059	8	134117556	134171265	86	1.9291
2fb480d8-ea3c-40a7-aff7-c98eb38f0059	8	134172264	134234454	48	2.2315
2fb480d8-ea3c-40a7-aff7-c98eb38f0059	8	134237171	135477536	935	1.8001
2fb480d8-ea3c-40a7-aff7-c98eb38f0059	8	135477901	135887598	266	2.005
2fb480d8-ea3c-40a7-aff7-c98eb38f0059	8	135888023	136501819	503	1.8342
2fb480d8-ea3c-40a7-aff7-c98eb38f0059	8	136503073	137454810	514	1.9436
2fb480d8-ea3c-40a7-aff7-c98eb38f0059	8	137456516	137603415	145	1.8311
2fb480d8-ea3c-40a7-aff7-c98eb38f0059	8	137606764	138162512	445	2.3312
2fb480d8-ea3c-40a7-aff7-c98eb38f0059	8	138162816	139098174	759	1.7536
2fb480d8-ea3c-40a7-aff7-c98eb38f0059	8	139105176	139745211	579	1.4271
2fb480d8-ea3c-40a7-aff7-c98eb38f0059	8	139748767	144182542	1110	-0.5625
2fb480d8-ea3c-40a7-aff7-c98eb38f0059	9	789794	857511	73	-0.1309
2fb480d8-ea3c-40a7-aff7-c98eb38f0059	9	858429	1540009	82	-0.5854
2fb480d8-ea3c-40a7-aff7-c98eb38f0059	9	1540026	4357357	2413	-0.1787
2fb480d8-ea3c-40a7-aff7-c98eb38f0059	9	4357693	5722792	818	-0.1085
2fb480d8-ea3c-40a7-aff7-c98eb38f0059	9	5728918	6256144	299	-0.1741
2fb480d8-ea3c-40a7-aff7-c98eb38f0059	9	6256586	7802916	605	0.1291
2fb480d8-ea3c-40a7-aff7-c98eb38f0059	9	7804131	7970004	123	-0.2447
2fb480d8-ea3c-40a7-aff7-c98eb38f0059	9	7970367	7978514	8	-0.0061
2fb480d8-ea3c-40a7-aff7-c98eb38f0059	9	7980982	7989445	7	0.2232
2fb480d8-ea3c-40a7-aff7-c98eb38f0059	9	7990651	8028400	23	-0.1572
2fb480d8-ea3c-40a7-aff7-c98eb38f0059	9	8029507	9232365	851	-0.264
2fb480d8-ea3c-40a7-aff7-c98eb38f0059	9	9232484	14149050	2195	-0.1769
2fb480d8-ea3c-40a7-aff7-c98eb38f0059	9	14152660	14417240	228	0.141
2fb480d8-ea3c-40a7-aff7-c98eb38f0059	9	14419830	15049345	521	-0.1981
2fb480d8-ea3c-40a7-aff7-c98eb38f0059	9	15057175	18624890	2847	0.0864
2fb480d8-ea3c-40a7-aff7-c98eb38f0059	9	18624928	23492306	3516	0.1346
2fb480d8-ea3c-40a7-aff7-c98eb38f0059	9	23495185	32003876	4756	0.0968
2fb480d8-ea3c-40a7-aff7-c98eb38f0059	9	32003950	38382343	3844	0.2053
2fb480d8-ea3c-40a7-aff7-c98eb38f0059	9	38382472	76413513	5931	0.1161
2fb480d8-ea3c-40a7-aff7-c98eb38f0059	9	76413705	77650288	934	0.1572
2fb480d8-ea3c-40a7-aff7-c98eb38f0059	9	77651129	77651414	2	1.174
2fb480d8-ea3c-40a7-aff7-c98eb38f0059	9	77654920	78316848	358	0.1672
2fb480d8-ea3c-40a7-aff7-c98eb38f0059	9	78317599	78761205	292	0.1143
2fb480d8-ea3c-40a7-aff7-c98eb38f0059	9	78764333	82445090	2529	0.0813
2fb480d8-ea3c-40a7-aff7-c98eb38f0059	9	82447144	89151818	4716	0.1257
2fb480d8-ea3c-40a7-aff7-c98eb38f0059	9	89152071	92316570	2194	0.1671
2fb480d8-ea3c-40a7-aff7-c98eb38f0059	9	92316840	94517588	1066	0.2337
2fb480d8-ea3c-40a7-aff7-c98eb38f0059	9	94518056	99237116	3144	0.1767
2fb480d8-ea3c-40a7-aff7-c98eb38f0059	9	99240885	111068718	7883	0.1346
2fb480d8-ea3c-40a7-aff7-c98eb38f0059	9	111069039	115078463	2594	0.194
2fb480d8-ea3c-40a7-aff7-c98eb38f0059	9	115078643	115093835	15	0.0321
2fb480d8-ea3c-40a7-aff7-c98eb38f0059	9	115093851	115095887	3	-0.9177
2fb480d8-ea3c-40a7-aff7-c98eb38f0059	9	115096477	120541286	4116	0.1385
2fb480d8-ea3c-40a7-aff7-c98eb38f0059	9	120542540	126622646	3668	0.2044
2fb480d8-ea3c-40a7-aff7-c98eb38f0059	9	126623548	129841635	1556	0.2862
2fb480d8-ea3c-40a7-aff7-c98eb38f0059	9	129841741	135913852	3564	0.2449
2fb480d8-ea3c-40a7-aff7-c98eb38f0059	9	135915320	137599242	376	0.3449
2fb480d8-ea3c-40a7-aff7-c98eb38f0059	9	137616769	138044505	191	0.2263
2fb480d8-ea3c-40a7-aff7-c98eb38f0059	10	366509	5146970	3138	0.1549
2fb480d8-ea3c-40a7-aff7-c98eb38f0059	10	5153642	6454474	900	0.242
2fb480d8-ea3c-40a7-aff7-c98eb38f0059	10	6454587	8114532	1267	0.1712
2fb480d8-ea3c-40a7-aff7-c98eb38f0059	10	8114594	9812188	1216	0.2189
2fb480d8-ea3c-40a7-aff7-c98eb38f0059	10	9814397	11377582	1365	0.1386
2fb480d8-ea3c-40a7-aff7-c98eb38f0059	10	11378819	12688020	793	0.2239
2fb480d8-ea3c-40a7-aff7-c98eb38f0059	10	12699977	15520919	2382	0.1681
2fb480d8-ea3c-40a7-aff7-c98eb38f0059	10	15522690	21605738	4363	0.1228
2fb480d8-ea3c-40a7-aff7-c98eb38f0059	10	21607804	38770921	10772	0.16
2fb480d8-ea3c-40a7-aff7-c98eb38f0059	10	42450960	71753176	16292	-0.5773
2fb480d8-ea3c-40a7-aff7-c98eb38f0059	10	71755041	75351661	1611	-0.4675
2fb480d8-ea3c-40a7-aff7-c98eb38f0059	10	75352542	86397082	7560	-0.5948
2fb480d8-ea3c-40a7-aff7-c98eb38f0059	10	86397115	87843240	588	-0.539
2fb480d8-ea3c-40a7-aff7-c98eb38f0059	10	87843403	87981745	206	-0.3383
2fb480d8-ea3c-40a7-aff7-c98eb38f0059	10	87982049	100889892	7717	-0.55
2fb480d8-ea3c-40a7-aff7-c98eb38f0059	10	100890487	104443847	1746	-0.4747
2fb480d8-ea3c-40a7-aff7-c98eb38f0059	10	104443975	108604347	2868	-0.6299
2fb480d8-ea3c-40a7-aff7-c98eb38f0059	10	108604899	120260509	7786	-0.5695
2fb480d8-ea3c-40a7-aff7-c98eb38f0059	10	120260759	120801562	486	-0.62
2fb480d8-ea3c-40a7-aff7-c98eb38f0059	10	120802366	121078040	204	0.1296
2fb480d8-ea3c-40a7-aff7-c98eb38f0059	10	121078067	121217052	164	0.4246
2fb480d8-ea3c-40a7-aff7-c98eb38f0059	10	121217291	121703327	499	0.103
2fb480d8-ea3c-40a7-aff7-c98eb38f0059	10	121703806	122311050	466	0.2018
2fb480d8-ea3c-40a7-aff7-c98eb38f0059	10	122311416	122818080	308	0.1452
2fb480d8-ea3c-40a7-aff7-c98eb38f0059	10	122818241	122818365	2	-0.6509
2fb480d8-ea3c-40a7-aff7-c98eb38f0059	10	122819819	123556786	578	0.1482
2fb480d8-ea3c-40a7-aff7-c98eb38f0059	10	123559934	125353416	1080	0.2176
2fb480d8-ea3c-40a7-aff7-c98eb38f0059	10	125353471	126545432	889	0.1514
2fb480d8-ea3c-40a7-aff7-c98eb38f0059	10	126545998	131235586	3096	0.0704
2fb480d8-ea3c-40a7-aff7-c98eb38f0059	10	131236421	133312629	548	0.184
2fb480d8-ea3c-40a7-aff7-c98eb38f0059	10	133339792	133411599	32	-0.7588
2fb480d8-ea3c-40a7-aff7-c98eb38f0059	11	456012	5682640	2450	-0.5271
2fb480d8-ea3c-40a7-aff7-c98eb38f0059	11	5687798	7553143	1162	0.2005
2fb480d8-ea3c-40a7-aff7-c98eb38f0059	11	7562783	8625123	753	0.6253
2fb480d8-ea3c-40a7-aff7-c98eb38f0059	11	8629585	11129564	1580	0.2254
2fb480d8-ea3c-40a7-aff7-c98eb38f0059	11	11135176	11241071	97	0.6235
2fb480d8-ea3c-40a7-aff7-c98eb38f0059	11	11247351	11386102	189	0.1687
2fb480d8-ea3c-40a7-aff7-c98eb38f0059	11	11390633	11396393	11	0.5934
2fb480d8-ea3c-40a7-aff7-c98eb38f0059	11	11397847	11456463	65	0.1818
2fb480d8-ea3c-40a7-aff7-c98eb38f0059	11	11458319	11476863	21	0.6288
2fb480d8-ea3c-40a7-aff7-c98eb38f0059	11	11477436	11890889	350	0.2172
2fb480d8-ea3c-40a7-aff7-c98eb38f0059	11	11893772	11983501	55	0.5725
2fb480d8-ea3c-40a7-aff7-c98eb38f0059	11	11985530	11996840	22	0.2457
2fb480d8-ea3c-40a7-aff7-c98eb38f0059	11	12007535	12029105	19	0.5746
2fb480d8-ea3c-40a7-aff7-c98eb38f0059	11	12030150	14737534	2007	0.1969
2fb480d8-ea3c-40a7-aff7-c98eb38f0059	11	14742553	14790913	17	0.5218
2fb480d8-ea3c-40a7-aff7-c98eb38f0059	11	14794699	14805300	5	0.0064
2fb480d8-ea3c-40a7-aff7-c98eb38f0059	11	14806994	15076521	121	0.5329
2fb480d8-ea3c-40a7-aff7-c98eb38f0059	11	15079724	15111964	21	0.9426
2fb480d8-ea3c-40a7-aff7-c98eb38f0059	11	15114454	15136461	10	0.5729
2fb480d8-ea3c-40a7-aff7-c98eb38f0059	11	15137775	16429550	873	0.1594
2fb480d8-ea3c-40a7-aff7-c98eb38f0059	11	16432546	17978648	1032	0.6464
2fb480d8-ea3c-40a7-aff7-c98eb38f0059	11	17986829	18086998	53	0.902
2fb480d8-ea3c-40a7-aff7-c98eb38f0059	11	18091180	18660642	313	0.646
2fb480d8-ea3c-40a7-aff7-c98eb38f0059	11	18665369	19085196	297	0.9383
2fb480d8-ea3c-40a7-aff7-c98eb38f0059	11	19085683	19181618	66	0.5845
2fb480d8-ea3c-40a7-aff7-c98eb38f0059	11	19183389	19591783	409	0.9053
2fb480d8-ea3c-40a7-aff7-c98eb38f0059	11	19593101	19963955	344	1.1053
2fb480d8-ea3c-40a7-aff7-c98eb38f0059	11	19965209	20294647	289	1.2379
2fb480d8-ea3c-40a7-aff7-c98eb38f0059	11	20294669	20880229	485	1.1007
2fb480d8-ea3c-40a7-aff7-c98eb38f0059	11	20881926	21145586	284	0.8919
2fb480d8-ea3c-40a7-aff7-c98eb38f0059	11	21148310	23039805	1199	1.1209
2fb480d8-ea3c-40a7-aff7-c98eb38f0059	11	23039964	23079628	39	1.4389
2fb480d8-ea3c-40a7-aff7-c98eb38f0059	11	23080096	23114912	28	1.1834
2fb480d8-ea3c-40a7-aff7-c98eb38f0059	11	23115064	23219707	82	1.4457
2fb480d8-ea3c-40a7-aff7-c98eb38f0059	11	23221908	24070223	568	1.1037
2fb480d8-ea3c-40a7-aff7-c98eb38f0059	11	24076777	24176449	69	1.3487
2fb480d8-ea3c-40a7-aff7-c98eb38f0059	11	24243232	25112297	586	1.1323
2fb480d8-ea3c-40a7-aff7-c98eb38f0059	11	25274907	25274946	6	0.2417
2fb480d8-ea3c-40a7-aff7-c98eb38f0059	11	25274947	26663606	982	1.1032
2fb480d8-ea3c-40a7-aff7-c98eb38f0059	11	26663850	27602064	625	1.2128
2fb480d8-ea3c-40a7-aff7-c98eb38f0059	11	27602177	29368769	967	0.8986
2fb480d8-ea3c-40a7-aff7-c98eb38f0059	11	29369642	30141002	462	1.1171
2fb480d8-ea3c-40a7-aff7-c98eb38f0059	11	30141094	30512075	259	0.9061
2fb480d8-ea3c-40a7-aff7-c98eb38f0059	11	30512241	30985004	323	1.124
2fb480d8-ea3c-40a7-aff7-c98eb38f0059	11	30985143	31191020	126	0.9217
2fb480d8-ea3c-40a7-aff7-c98eb38f0059	11	31194040	31260355	37	0.7297
2fb480d8-ea3c-40a7-aff7-c98eb38f0059	11	31263165	31742845	211	0.5726
2fb480d8-ea3c-40a7-aff7-c98eb38f0059	11	31750239	31793141	34	0.9238
2fb480d8-ea3c-40a7-aff7-c98eb38f0059	11	31801110	33607487	1095	0.5995
2fb480d8-ea3c-40a7-aff7-c98eb38f0059	11	33607674	34617953	819	0.6766
2fb480d8-ea3c-40a7-aff7-c98eb38f0059	11	34767796	35354540	588	0.2956
2fb480d8-ea3c-40a7-aff7-c98eb38f0059	11	35355264	35357402	3	1.1007
2fb480d8-ea3c-40a7-aff7-c98eb38f0059	11	35357729	35849457	374	0.2279
2fb480d8-ea3c-40a7-aff7-c98eb38f0059	11	35849666	35909139	39	0.7032
2fb480d8-ea3c-40a7-aff7-c98eb38f0059	11	35912925	35936955	15	0.9439
2fb480d8-ea3c-40a7-aff7-c98eb38f0059	11	35939773	36110910	150	0.6656
2fb480d8-ea3c-40a7-aff7-c98eb38f0059	11	36113120	36126655	19	0.3171
2fb480d8-ea3c-40a7-aff7-c98eb38f0059	11	36127119	39532991	1598	0.1873
2fb480d8-ea3c-40a7-aff7-c98eb38f0059	11	39535580	39579891	15	0.5664
2fb480d8-ea3c-40a7-aff7-c98eb38f0059	11	39584318	43745183	2842	0.1817
2fb480d8-ea3c-40a7-aff7-c98eb38f0059	11	43745352	43749056	4	0.3258
2fb480d8-ea3c-40a7-aff7-c98eb38f0059	11	43761574	43771041	10	0.7101
2fb480d8-ea3c-40a7-aff7-c98eb38f0059	11	43774107	43883380	71	0.2505
2fb480d8-ea3c-40a7-aff7-c98eb38f0059	11	43885146	44048039	146	0.6651
2fb480d8-ea3c-40a7-aff7-c98eb38f0059	11	44049720	45221961	878	0.2827
2fb480d8-ea3c-40a7-aff7-c98eb38f0059	11	45221992	45378354	108	0.676
2fb480d8-ea3c-40a7-aff7-c98eb38f0059	11	45379862	45603517	149	0.478
2fb480d8-ea3c-40a7-aff7-c98eb38f0059	11	45603593	45767190	99	0.7147
2fb480d8-ea3c-40a7-aff7-c98eb38f0059	11	45770333	47714762	806	0.3194
2fb480d8-ea3c-40a7-aff7-c98eb38f0059	11	47715536	57278271	1395	-0.4228
2fb480d8-ea3c-40a7-aff7-c98eb38f0059	11	57279421	57561240	136	0.2547
2fb480d8-ea3c-40a7-aff7-c98eb38f0059	11	57561929	62514147	2716	-0.3971
2fb480d8-ea3c-40a7-aff7-c98eb38f0059	11	62522054	68599490	1851	-0.2986
2fb480d8-ea3c-40a7-aff7-c98eb38f0059	11	68599539	68680729	33	-0.4585
2fb480d8-ea3c-40a7-aff7-c98eb38f0059	11	68680823	70402794	976	-0.0137
2fb480d8-ea3c-40a7-aff7-c98eb38f0059	11	70403081	70405706	2	-1.7361
2fb480d8-ea3c-40a7-aff7-c98eb38f0059	11	70409269	71308720	469	-0.0665
2fb480d8-ea3c-40a7-aff7-c98eb38f0059	11	71309303	75789059	2290	0.0181
2fb480d8-ea3c-40a7-aff7-c98eb38f0059	11	75799139	77257873	782	0.5239
2fb480d8-ea3c-40a7-aff7-c98eb38f0059	11	77265967	77623894	162	0.813
2fb480d8-ea3c-40a7-aff7-c98eb38f0059	11	77624191	78016333	183	0.5279
2fb480d8-ea3c-40a7-aff7-c98eb38f0059	11	78016877	78414200	228	0.9067
2fb480d8-ea3c-40a7-aff7-c98eb38f0059	11	78423016	79189924	610	0.4383
2fb480d8-ea3c-40a7-aff7-c98eb38f0059	11	79199013	81518895	1717	-0.1367
2fb480d8-ea3c-40a7-aff7-c98eb38f0059	11	81519014	85013751	1962	-0.0861
2fb480d8-ea3c-40a7-aff7-c98eb38f0059	11	85013889	88268782	2086	-0.0474
2fb480d8-ea3c-40a7-aff7-c98eb38f0059	11	88275178	100170446	7248	-0.1214
2fb480d8-ea3c-40a7-aff7-c98eb38f0059	11	100172688	103732953	2279	-0.0669
2fb480d8-ea3c-40a7-aff7-c98eb38f0059	11	103733264	105230449	923	-0.1397
2fb480d8-ea3c-40a7-aff7-c98eb38f0059	11	105231552	114582733	5847	-0.0844
2fb480d8-ea3c-40a7-aff7-c98eb38f0059	11	114583369	116360255	1268	-0.1167
2fb480d8-ea3c-40a7-aff7-c98eb38f0059	11	116360446	118035520	1164	-0.0409
2fb480d8-ea3c-40a7-aff7-c98eb38f0059	11	118037613	119382547	852	0.0218
2fb480d8-ea3c-40a7-aff7-c98eb38f0059	11	119383276	121714203	1716	-0.0494
2fb480d8-ea3c-40a7-aff7-c98eb38f0059	11	121714223	125428925	2641	-0.1133
2fb480d8-ea3c-40a7-aff7-c98eb38f0059	11	125434113	126440224	648	-0.0307
2fb480d8-ea3c-40a7-aff7-c98eb38f0059	11	126445832	128271641	1376	-0.1335
2fb480d8-ea3c-40a7-aff7-c98eb38f0059	11	128274383	130770102	1667	-0.0688
2fb480d8-ea3c-40a7-aff7-c98eb38f0059	11	130771756	131030159	196	-0.1184
2fb480d8-ea3c-40a7-aff7-c98eb38f0059	11	131030779	132925743	1594	-0.1676
2fb480d8-ea3c-40a7-aff7-c98eb38f0059	11	132930674	134272740	493	-0.1093
2fb480d8-ea3c-40a7-aff7-c98eb38f0059	12	780472	1752621	209	-0.4397
2fb480d8-ea3c-40a7-aff7-c98eb38f0059	12	1752814	1802664	32	-0.0912
2fb480d8-ea3c-40a7-aff7-c98eb38f0059	12	1802694	1910449	33	-0.4697
2fb480d8-ea3c-40a7-aff7-c98eb38f0059	12	1910879	6071022	3120	-0.5963
2fb480d8-ea3c-40a7-aff7-c98eb38f0059	12	6073587	18462238	6698	-0.5179
2fb480d8-ea3c-40a7-aff7-c98eb38f0059	12	18467405	38827290	9519	-0.5802
2fb480d8-ea3c-40a7-aff7-c98eb38f0059	12	38829764	45500531	3667	-0.15
2fb480d8-ea3c-40a7-aff7-c98eb38f0059	12	45500590	47839704	1316	-0.0928
2fb480d8-ea3c-40a7-aff7-c98eb38f0059	12	47840661	57883216	5151	-0.048
2fb480d8-ea3c-40a7-aff7-c98eb38f0059	12	57886170	93786916	21762	-0.1404
2fb480d8-ea3c-40a7-aff7-c98eb38f0059	12	93786926	93786975	2	-2.6309
2fb480d8-ea3c-40a7-aff7-c98eb38f0059	12	93787277	107981643	9479	-0.1281
2fb480d8-ea3c-40a7-aff7-c98eb38f0059	12	107981841	108240488	125	-0.3112
2fb480d8-ea3c-40a7-aff7-c98eb38f0059	12	108241683	108596952	328	-0.1305
2fb480d8-ea3c-40a7-aff7-c98eb38f0059	12	108597614	112369266	1659	-0.072
2fb480d8-ea3c-40a7-aff7-c98eb38f0059	12	112372047	112373648	2	-1.1402
2fb480d8-ea3c-40a7-aff7-c98eb38f0059	12	112379078	112618157	230	-0.0741
2fb480d8-ea3c-40a7-aff7-c98eb38f0059	12	112618366	119728692	4745	-0.1527
2fb480d8-ea3c-40a7-aff7-c98eb38f0059	12	119728827	125043053	2548	-0.0438
2fb480d8-ea3c-40a7-aff7-c98eb38f0059	12	125044073	126113935	832	-0.1597
2fb480d8-ea3c-40a7-aff7-c98eb38f0059	12	126114167	130849778	1933	-0.2572
2fb480d8-ea3c-40a7-aff7-c98eb38f0059	12	130849809	132605822	714	-0.1274
2fb480d8-ea3c-40a7-aff7-c98eb38f0059	13	18874255	30112214	6709	0.138
2fb480d8-ea3c-40a7-aff7-c98eb38f0059	13	30113586	34732913	3166	0.1711
2fb480d8-ea3c-40a7-aff7-c98eb38f0059	13	34732929	40345377	3852	0.1221
2fb480d8-ea3c-40a7-aff7-c98eb38f0059	13	40345808	42127667	1031	0.1985
2fb480d8-ea3c-40a7-aff7-c98eb38f0059	13	42127805	48776007	4361	0.1619
2fb480d8-ea3c-40a7-aff7-c98eb38f0059	13	48777509	52640733	1258	0.2232
2fb480d8-ea3c-40a7-aff7-c98eb38f0059	13	52644063	61243961	4456	0.1342
2fb480d8-ea3c-40a7-aff7-c98eb38f0059	13	61244469	68983411	3491	0.1021
2fb480d8-ea3c-40a7-aff7-c98eb38f0059	13	68986111	78386679	6106	0.145
2fb480d8-ea3c-40a7-aff7-c98eb38f0059	13	78387977	95197656	10114	0.1032
2fb480d8-ea3c-40a7-aff7-c98eb38f0059	13	95198544	100504239	3183	0.1729
2fb480d8-ea3c-40a7-aff7-c98eb38f0059	13	100504391	112121661	8290	0.1323
2fb480d8-ea3c-40a7-aff7-c98eb38f0059	13	112124887	114226675	823	0.205
2fb480d8-ea3c-40a7-aff7-c98eb38f0059	14	20033191	24741731	1873	0.2498
2fb480d8-ea3c-40a7-aff7-c98eb38f0059	14	24742015	28696114	2350	0.1818
2fb480d8-ea3c-40a7-aff7-c98eb38f0059	14	28696222	30180256	815	0.1369
2fb480d8-ea3c-40a7-aff7-c98eb38f0059	14	30182579	41417740	6618	0.1894
2fb480d8-ea3c-40a7-aff7-c98eb38f0059	14	41423135	48173908	2844	0.1315
2fb480d8-ea3c-40a7-aff7-c98eb38f0059	14	48174970	49487908	678	0.1797
2fb480d8-ea3c-40a7-aff7-c98eb38f0059	14	49488297	52556889	2002	0.2212
2fb480d8-ea3c-40a7-aff7-c98eb38f0059	14	52556940	59820625	4732	0.1695
2fb480d8-ea3c-40a7-aff7-c98eb38f0059	14	59829008	63470992	2159	0.2157
2fb480d8-ea3c-40a7-aff7-c98eb38f0059	14	63471114	63471452	2	-0.8729
2fb480d8-ea3c-40a7-aff7-c98eb38f0059	14	63475287	65415838	1259	0.2363
2fb480d8-ea3c-40a7-aff7-c98eb38f0059	14	65416575	66845642	685	0.1851
2fb480d8-ea3c-40a7-aff7-c98eb38f0059	14	66848211	69712264	1605	0.2531
2fb480d8-ea3c-40a7-aff7-c98eb38f0059	14	69712423	72492612	1859	0.1854
2fb480d8-ea3c-40a7-aff7-c98eb38f0059	14	72498387	77914966	3248	0.2416
2fb480d8-ea3c-40a7-aff7-c98eb38f0059	14	77914995	81059040	2184	0.1656
2fb480d8-ea3c-40a7-aff7-c98eb38f0059	14	81061746	88179513	4503	0.1029
2fb480d8-ea3c-40a7-aff7-c98eb38f0059	14	88180315	93849085	3259	0.2347
2fb480d8-ea3c-40a7-aff7-c98eb38f0059	14	93849429	99097037	4035	0.1882
2fb480d8-ea3c-40a7-aff7-c98eb38f0059	14	99097345	105533894	2978	0.2583
2fb480d8-ea3c-40a7-aff7-c98eb38f0059	15	23437561	23996195	409	0.921
2fb480d8-ea3c-40a7-aff7-c98eb38f0059	15	23997070	30839824	2318	0.8604
2fb480d8-ea3c-40a7-aff7-c98eb38f0059	15	30842699	31361441	333	1.045
2fb480d8-ea3c-40a7-aff7-c98eb38f0059	15	31363005	34301584	1592	0.9529
2fb480d8-ea3c-40a7-aff7-c98eb38f0059	15	34301660	34359780	51	1.0721
2fb480d8-ea3c-40a7-aff7-c98eb38f0059	15	34360482	36151157	1007	0.8905
2fb480d8-ea3c-40a7-aff7-c98eb38f0059	15	36151222	36362486	112	1.1276
2fb480d8-ea3c-40a7-aff7-c98eb38f0059	15	36362861	36481730	107	0.9033
2fb480d8-ea3c-40a7-aff7-c98eb38f0059	15	36483861	36502670	19	1.275
2fb480d8-ea3c-40a7-aff7-c98eb38f0059	15	36505628	36754336	183	0.8826
2fb480d8-ea3c-40a7-aff7-c98eb38f0059	15	36761719	36817737	37	0.3863
2fb480d8-ea3c-40a7-aff7-c98eb38f0059	15	36821811	36854434	33	-0.2886
2fb480d8-ea3c-40a7-aff7-c98eb38f0059	15	36854617	36871699	11	0.4333
2fb480d8-ea3c-40a7-aff7-c98eb38f0059	15	36873048	36875074	7	-0.0984
2fb480d8-ea3c-40a7-aff7-c98eb38f0059	15	36876103	39129882	1558	-0.1758
2fb480d8-ea3c-40a7-aff7-c98eb38f0059	15	39133920	42928377	1988	-0.0767
2fb480d8-ea3c-40a7-aff7-c98eb38f0059	15	42930807	45220009	830	0.4482
2fb480d8-ea3c-40a7-aff7-c98eb38f0059	15	45221952	45390193	111	0.1679
2fb480d8-ea3c-40a7-aff7-c98eb38f0059	15	45391597	45695890	152	-0.1636
2fb480d8-ea3c-40a7-aff7-c98eb38f0059	15	45702383	47094622	910	0.1178
2fb480d8-ea3c-40a7-aff7-c98eb38f0059	15	47100214	47353964	163	-0.2269
2fb480d8-ea3c-40a7-aff7-c98eb38f0059	15	47355320	49698012	1465	0.379
2fb480d8-ea3c-40a7-aff7-c98eb38f0059	15	49705099	50062854	252	-0.1629
2fb480d8-ea3c-40a7-aff7-c98eb38f0059	15	50063407	50063429	2	-1.5907
2fb480d8-ea3c-40a7-aff7-c98eb38f0059	15	50064149	51579912	862	-0.1366
2fb480d8-ea3c-40a7-aff7-c98eb38f0059	15	51580976	53390241	1205	0.4448
2fb480d8-ea3c-40a7-aff7-c98eb38f0059	15	53390840	56101132	1842	0.1346
2fb480d8-ea3c-40a7-aff7-c98eb38f0059	15	56101385	58371323	1334	-0.1628
2fb480d8-ea3c-40a7-aff7-c98eb38f0059	15	58374591	60022056	1112	-0.1206
2fb480d8-ea3c-40a7-aff7-c98eb38f0059	15	60022167	63071702	2494	-0.1846
2fb480d8-ea3c-40a7-aff7-c98eb38f0059	15	63071930	71035800	4716	-0.1
2fb480d8-ea3c-40a7-aff7-c98eb38f0059	15	71036895	74904658	2173	-0.1357
2fb480d8-ea3c-40a7-aff7-c98eb38f0059	15	74909018	75073842	64	0.5096
2fb480d8-ea3c-40a7-aff7-c98eb38f0059	15	75077277	76339456	500	-0.0853
2fb480d8-ea3c-40a7-aff7-c98eb38f0059	15	76342005	76342339	2	-1.132
2fb480d8-ea3c-40a7-aff7-c98eb38f0059	15	76354234	77384627	420	-0.0891
2fb480d8-ea3c-40a7-aff7-c98eb38f0059	15	77388234	82196339	3048	-0.148
2fb480d8-ea3c-40a7-aff7-c98eb38f0059	15	82203118	86577624	2043	1.0163
2fb480d8-ea3c-40a7-aff7-c98eb38f0059	15	86580204	87630461	755	0.9469
2fb480d8-ea3c-40a7-aff7-c98eb38f0059	15	87634099	88407456	546	1.0107
2fb480d8-ea3c-40a7-aff7-c98eb38f0059	15	88412636	90404326	1141	1.0956
2fb480d8-ea3c-40a7-aff7-c98eb38f0059	15	90410416	90415782	6	-0.3518
2fb480d8-ea3c-40a7-aff7-c98eb38f0059	15	90418159	92261205	1393	1.0459
2fb480d8-ea3c-40a7-aff7-c98eb38f0059	15	92261369	92261851	9	0.45
2fb480d8-ea3c-40a7-aff7-c98eb38f0059	15	92261879	93848522	728	1.0289
2fb480d8-ea3c-40a7-aff7-c98eb38f0059	15	93848843	99734542	4023	0.9383
2fb480d8-ea3c-40a7-aff7-c98eb38f0059	15	99737090	99968164	39	-0.126
2fb480d8-ea3c-40a7-aff7-c98eb38f0059	15	100204464	101344124	594	0.4208
2fb480d8-ea3c-40a7-aff7-c98eb38f0059	16	603333	5042090	1676	0.3103
2fb480d8-ea3c-40a7-aff7-c98eb38f0059	16	5042117	5761747	469	0.1698
2fb480d8-ea3c-40a7-aff7-c98eb38f0059	16	5763320	8146066	1271	0.0923
2fb480d8-ea3c-40a7-aff7-c98eb38f0059	16	8146336	10286291	1782	0.1423
2fb480d8-ea3c-40a7-aff7-c98eb38f0059	16	10286569	11125184	536	0.2163
2fb480d8-ea3c-40a7-aff7-c98eb38f0059	16	11126126	11868489	451	0.2841
2fb480d8-ea3c-40a7-aff7-c98eb38f0059	16	11868601	25305283	4994	0.1841
2fb480d8-ea3c-40a7-aff7-c98eb38f0059	16	25306527	27081728	1416	0.1022
2fb480d8-ea3c-40a7-aff7-c98eb38f0059	16	27082053	27984073	491	0.1997
2fb480d8-ea3c-40a7-aff7-c98eb38f0059	16	27987544	31507932	776	0.2759
2fb480d8-ea3c-40a7-aff7-c98eb38f0059	16	31509880	47278511	468	0.1763
2fb480d8-ea3c-40a7-aff7-c98eb38f0059	16	47282441	52575004	3463	0.1093
2fb480d8-ea3c-40a7-aff7-c98eb38f0059	16	52575121	54839890	1769	0.1567
2fb480d8-ea3c-40a7-aff7-c98eb38f0059	16	54842702	55868994	771	0.1245
2fb480d8-ea3c-40a7-aff7-c98eb38f0059	16	55869092	58092574	1319	0.2041
2fb480d8-ea3c-40a7-aff7-c98eb38f0059	16	58095614	59372607	818	0.1342
2fb480d8-ea3c-40a7-aff7-c98eb38f0059	16	59380712	65243897	3741	0.0812
2fb480d8-ea3c-40a7-aff7-c98eb38f0059	16	65243981	66228991	789	0.1286
2fb480d8-ea3c-40a7-aff7-c98eb38f0059	16	66229190	71374645	2131	0.2287
2fb480d8-ea3c-40a7-aff7-c98eb38f0059	16	71375037	76392323	2900	0.1581
2fb480d8-ea3c-40a7-aff7-c98eb38f0059	16	76392537	80040246	3287	0.118
2fb480d8-ea3c-40a7-aff7-c98eb38f0059	16	80041242	81301670	878	0.1587
2fb480d8-ea3c-40a7-aff7-c98eb38f0059	16	81302152	81707858	284	0.2415
2fb480d8-ea3c-40a7-aff7-c98eb38f0059	16	81710612	82460948	664	0.15
2fb480d8-ea3c-40a7-aff7-c98eb38f0059	16	82461150	83691027	1175	0.083
2fb480d8-ea3c-40a7-aff7-c98eb38f0059	16	83691287	84136867	330	0.1371
2fb480d8-ea3c-40a7-aff7-c98eb38f0059	16	84137154	86002114	673	0.2319
2fb480d8-ea3c-40a7-aff7-c98eb38f0059	16	86002334	87108560	1095	0.1219
2fb480d8-ea3c-40a7-aff7-c98eb38f0059	16	87109331	88270827	605	0.2069
2fb480d8-ea3c-40a7-aff7-c98eb38f0059	16	88271492	89317317	108	0.2639
2fb480d8-ea3c-40a7-aff7-c98eb38f0059	17	1074619	5590688	1973	-0.4558
2fb480d8-ea3c-40a7-aff7-c98eb38f0059	17	5591159	6789810	869	-0.5554
2fb480d8-ea3c-40a7-aff7-c98eb38f0059	17	6789851	7031942	85	-0.4894
2fb480d8-ea3c-40a7-aff7-c98eb38f0059	17	7034313	8357224	539	-0.3927
2fb480d8-ea3c-40a7-aff7-c98eb38f0059	17	8358022	9425792	705	-0.5169
2fb480d8-ea3c-40a7-aff7-c98eb38f0059	17	9427690	15685870	3347	-0.6169
2fb480d8-ea3c-40a7-aff7-c98eb38f0059	17	15778279	16397871	256	-0.478
2fb480d8-ea3c-40a7-aff7-c98eb38f0059	17	16398188	16398447	2	-2.0344
2fb480d8-ea3c-40a7-aff7-c98eb38f0059	17	16400717	21774057	1903	-0.498
2fb480d8-ea3c-40a7-aff7-c98eb38f0059	17	26943491	28205828	628	0.1684
2fb480d8-ea3c-40a7-aff7-c98eb38f0059	17	28209829	31939909	1544	0.2575
2fb480d8-ea3c-40a7-aff7-c98eb38f0059	17	31940132	32279282	151	0.2076
2fb480d8-ea3c-40a7-aff7-c98eb38f0059	17	32285794	34770576	1147	0.1479
2fb480d8-ea3c-40a7-aff7-c98eb38f0059	17	34770690	38622776	1646	0.216
2fb480d8-ea3c-40a7-aff7-c98eb38f0059	17	38625668	38628859	6	0.7799
2fb480d8-ea3c-40a7-aff7-c98eb38f0059	17	38629789	39243087	281	0.2863
2fb480d8-ea3c-40a7-aff7-c98eb38f0059	17	39244798	40473508	537	0.6875
2fb480d8-ea3c-40a7-aff7-c98eb38f0059	17	40475061	40701246	115	0.2816
2fb480d8-ea3c-40a7-aff7-c98eb38f0059	17	40711435	41224178	305	-0.4987
2fb480d8-ea3c-40a7-aff7-c98eb38f0059	17	41284704	41837496	313	0.685
2fb480d8-ea3c-40a7-aff7-c98eb38f0059	17	41841719	42314231	220	-0.3869
2fb480d8-ea3c-40a7-aff7-c98eb38f0059	17	42317564	42604836	137	0.7309
2fb480d8-ea3c-40a7-aff7-c98eb38f0059	17	42605595	43437078	299	0.2507
2fb480d8-ea3c-40a7-aff7-c98eb38f0059	17	43444725	43776302	229	0.6873
2fb480d8-ea3c-40a7-aff7-c98eb38f0059	17	43782692	44118534	164	0.2456
2fb480d8-ea3c-40a7-aff7-c98eb38f0059	17	44120061	45461373	562	-0.4201
2fb480d8-ea3c-40a7-aff7-c98eb38f0059	17	46733528	47151194	217	0.6661
2fb480d8-ea3c-40a7-aff7-c98eb38f0059	17	47163702	47968271	386	0.2447
2fb480d8-ea3c-40a7-aff7-c98eb38f0059	17	47972167	47973589	9	0.8782
2fb480d8-ea3c-40a7-aff7-c98eb38f0059	17	47977670	48052957	58	0.2482
2fb480d8-ea3c-40a7-aff7-c98eb38f0059	17	48061847	48534681	258	0.6634
2fb480d8-ea3c-40a7-aff7-c98eb38f0059	17	48538882	48566799	12	0.2566
2fb480d8-ea3c-40a7-aff7-c98eb38f0059	17	48589942	48860874	100	0.6539
2fb480d8-ea3c-40a7-aff7-c98eb38f0059	17	48867346	48871602	7	-0.3341
2fb480d8-ea3c-40a7-aff7-c98eb38f0059	17	48877431	51229965	1193	0.6846
2fb480d8-ea3c-40a7-aff7-c98eb38f0059	17	51233881	53434932	1167	0.573
2fb480d8-ea3c-40a7-aff7-c98eb38f0059	17	53437087	54207798	469	0.4903
2fb480d8-ea3c-40a7-aff7-c98eb38f0059	17	54209130	56623425	1752	0.5727
2fb480d8-ea3c-40a7-aff7-c98eb38f0059	17	56624222	56792112	179	0.6311
2fb480d8-ea3c-40a7-aff7-c98eb38f0059	17	56794394	57404976	433	0.2239
2fb480d8-ea3c-40a7-aff7-c98eb38f0059	17	57415105	57760549	278	-0.5416
2fb480d8-ea3c-40a7-aff7-c98eb38f0059	17	57761315	57761347	2	-1.9712
2fb480d8-ea3c-40a7-aff7-c98eb38f0059	17	57762288	58027671	161	-0.4593
2fb480d8-ea3c-40a7-aff7-c98eb38f0059	17	58029222	58360571	186	0.2377
2fb480d8-ea3c-40a7-aff7-c98eb38f0059	17	58363181	58408454	26	0.6185
2fb480d8-ea3c-40a7-aff7-c98eb38f0059	17	58408852	58976060	248	0.2158
2fb480d8-ea3c-40a7-aff7-c98eb38f0059	17	59093350	61709013	1279	0.6293
2fb480d8-ea3c-40a7-aff7-c98eb38f0059	17	61710576	63671956	854	0.222
2fb480d8-ea3c-40a7-aff7-c98eb38f0059	17	63672794	63795093	56	0.6507
2fb480d8-ea3c-40a7-aff7-c98eb38f0059	17	63795947	64056128	104	0.7692
2fb480d8-ea3c-40a7-aff7-c98eb38f0059	17	64056377	66233675	1162	0.6133
2fb480d8-ea3c-40a7-aff7-c98eb38f0059	17	66235413	66499061	123	0.1404
2fb480d8-ea3c-40a7-aff7-c98eb38f0059	17	66499129	66552855	53	0.6989
2fb480d8-ea3c-40a7-aff7-c98eb38f0059	17	66565600	68833380	1378	0.2055
2fb480d8-ea3c-40a7-aff7-c98eb38f0059	17	68837167	69325814	291	-0.5371
2fb480d8-ea3c-40a7-aff7-c98eb38f0059	17	69328858	71231214	1381	0.0831
2fb480d8-ea3c-40a7-aff7-c98eb38f0059	17	71231454	73770018	1932	0.1705
2fb480d8-ea3c-40a7-aff7-c98eb38f0059	17	73771985	77855384	1480	0.3038
2fb480d8-ea3c-40a7-aff7-c98eb38f0059	17	77857196	77872544	2	-0.8148
2fb480d8-ea3c-40a7-aff7-c98eb38f0059	17	77873894	79159586	548	0.2958
2fb480d8-ea3c-40a7-aff7-c98eb38f0059	17	79162921	79461640	172	0.2004
2fb480d8-ea3c-40a7-aff7-c98eb38f0059	17	79462939	82959812	1273	0.3099
2fb480d8-ea3c-40a7-aff7-c98eb38f0059	18	326691	2162726	573	0.2922
2fb480d8-ea3c-40a7-aff7-c98eb38f0059	18	2163157	3824077	940	0.3754
2fb480d8-ea3c-40a7-aff7-c98eb38f0059	18	3824165	5151624	938	0.3126
2fb480d8-ea3c-40a7-aff7-c98eb38f0059	18	5155398	8425441	1920	0.2067
2fb480d8-ea3c-40a7-aff7-c98eb38f0059	18	8427065	8978474	486	0.2936
2fb480d8-ea3c-40a7-aff7-c98eb38f0059	18	8978754	24834149	5507	0.3341
2fb480d8-ea3c-40a7-aff7-c98eb38f0059	18	24835177	33731428	5527	0.2873
2fb480d8-ea3c-40a7-aff7-c98eb38f0059	18	33731639	36365808	1440	0.3325
2fb480d8-ea3c-40a7-aff7-c98eb38f0059	18	36366617	42141115	3643	0.2766
2fb480d8-ea3c-40a7-aff7-c98eb38f0059	18	42148082	45485606	1972	0.0233
2fb480d8-ea3c-40a7-aff7-c98eb38f0059	18	45488110	50828545	3613	0.0684
2fb480d8-ea3c-40a7-aff7-c98eb38f0059	18	50828908	51896671	771	0.0248
2fb480d8-ea3c-40a7-aff7-c98eb38f0059	18	51899635	56649972	2944	-0.0061
2fb480d8-ea3c-40a7-aff7-c98eb38f0059	18	56651096	58689624	1359	0.0687
2fb480d8-ea3c-40a7-aff7-c98eb38f0059	18	58691159	61478918	1858	0.032
2fb480d8-ea3c-40a7-aff7-c98eb38f0059	18	61481408	63610838	1458	0.0748
2fb480d8-ea3c-40a7-aff7-c98eb38f0059	18	63614414	63614464	2	-0.7265
2fb480d8-ea3c-40a7-aff7-c98eb38f0059	18	63614731	63981936	258	0.1033
2fb480d8-ea3c-40a7-aff7-c98eb38f0059	18	63987063	76141189	5669	0.0276
2fb480d8-ea3c-40a7-aff7-c98eb38f0059	18	76141485	77621503	955	0.0734
2fb480d8-ea3c-40a7-aff7-c98eb38f0059	18	77624729	78982920	825	-0.0164
2fb480d8-ea3c-40a7-aff7-c98eb38f0059	18	78983237	79349796	205	0.0422
2fb480d8-ea3c-40a7-aff7-c98eb38f0059	19	283868	6176583	1621	-0.4224
2fb480d8-ea3c-40a7-aff7-c98eb38f0059	19	6180545	6187646	4	-2.0367
2fb480d8-ea3c-40a7-aff7-c98eb38f0059	19	6190959	8710020	997	-0.4171
2fb480d8-ea3c-40a7-aff7-c98eb38f0059	19	8710514	9191318	288	-0.5353
2fb480d8-ea3c-40a7-aff7-c98eb38f0059	19	9191611	21478235	4990	-0.4049
2fb480d8-ea3c-40a7-aff7-c98eb38f0059	19	21483408	23863050	1094	-0.5026
2fb480d8-ea3c-40a7-aff7-c98eb38f0059	19	23863120	32264884	3353	-0.6577
2fb480d8-ea3c-40a7-aff7-c98eb38f0059	19	32267221	35194181	1812	-0.4891
2fb480d8-ea3c-40a7-aff7-c98eb38f0059	19	35194212	50564172	6520	-0.4345
2fb480d8-ea3c-40a7-aff7-c98eb38f0059	19	50564685	54033825	1263	-0.4836
2fb480d8-ea3c-40a7-aff7-c98eb38f0059	19	54046913	54111156	49	-0.1764
2fb480d8-ea3c-40a7-aff7-c98eb38f0059	19	54111207	58370362	2042	-0.4876
2fb480d8-ea3c-40a7-aff7-c98eb38f0059	20	472817	6119457	3388	0.2285
2fb480d8-ea3c-40a7-aff7-c98eb38f0059	20	6119583	11587823	3737	0.1497
2fb480d8-ea3c-40a7-aff7-c98eb38f0059	20	11588600	12985227	895	0.0854
2fb480d8-ea3c-40a7-aff7-c98eb38f0059	20	12985403	16367082	2130	0.1313
2fb480d8-ea3c-40a7-aff7-c98eb38f0059	20	16368375	21173053	3844	0.1703
2fb480d8-ea3c-40a7-aff7-c98eb38f0059	20	21173142	25038237	2449	0.1188
2fb480d8-ea3c-40a7-aff7-c98eb38f0059	20	25038463	31247668	482	0.1938
2fb480d8-ea3c-40a7-aff7-c98eb38f0059	20	31256075	36896959	2629	0.4891
2fb480d8-ea3c-40a7-aff7-c98eb38f0059	20	36898585	37147626	207	0.3424
2fb480d8-ea3c-40a7-aff7-c98eb38f0059	20	37148663	38703838	961	0.4693
2fb480d8-ea3c-40a7-aff7-c98eb38f0059	20	38704143	39674703	670	0.3766
2fb480d8-ea3c-40a7-aff7-c98eb38f0059	20	39674820	39675229	2	1.2424
2fb480d8-ea3c-40a7-aff7-c98eb38f0059	20	39675331	40472055	561	0.3607
2fb480d8-ea3c-40a7-aff7-c98eb38f0059	20	40474003	41470730	594	0.4342
2fb480d8-ea3c-40a7-aff7-c98eb38f0059	20	41470834	43798226	1659	0.3789
2fb480d8-ea3c-40a7-aff7-c98eb38f0059	20	43800193	47137458	2241	0.4809
2fb480d8-ea3c-40a7-aff7-c98eb38f0059	20	47137580	48449135	954	0.4208
2fb480d8-ea3c-40a7-aff7-c98eb38f0059	20	48454783	51009480	1411	0.4823
2fb480d8-ea3c-40a7-aff7-c98eb38f0059	20	51011742	51439079	327	0.3963
2fb480d8-ea3c-40a7-aff7-c98eb38f0059	20	51439882	51444777	5	1.1033
2fb480d8-ea3c-40a7-aff7-c98eb38f0059	20	51447067	52230305	523	0.4161
2fb480d8-ea3c-40a7-aff7-c98eb38f0059	20	52230410	53167766	656	0.3599
2fb480d8-ea3c-40a7-aff7-c98eb38f0059	20	53167831	54190682	713	0.418
2fb480d8-ea3c-40a7-aff7-c98eb38f0059	20	54190887	61783213	5763	0.3579
2fb480d8-ea3c-40a7-aff7-c98eb38f0059	20	61789636	63588502	702	0.505
2fb480d8-ea3c-40a7-aff7-c98eb38f0059	21	13974127	14222050	104	0.1385
2fb480d8-ea3c-40a7-aff7-c98eb38f0059	21	14222144	15378105	845	0.2302
2fb480d8-ea3c-40a7-aff7-c98eb38f0059	21	15378770	15417934	22	0.1485
2fb480d8-ea3c-40a7-aff7-c98eb38f0059	21	15418480	15419055	4	-0.48
2fb480d8-ea3c-40a7-aff7-c98eb38f0059	21	15422260	16449779	538	0.1679
2fb480d8-ea3c-40a7-aff7-c98eb38f0059	21	16449916	18863515	1497	-0.599
2fb480d8-ea3c-40a7-aff7-c98eb38f0059	21	18863758	22698424	2467	-0.5228
2fb480d8-ea3c-40a7-aff7-c98eb38f0059	21	22699761	25792327	1799	-0.5915
2fb480d8-ea3c-40a7-aff7-c98eb38f0059	21	25794607	28781376	2160	-0.6333
2fb480d8-ea3c-40a7-aff7-c98eb38f0059	21	28781580	32686897	2516	-0.5689
2fb480d8-ea3c-40a7-aff7-c98eb38f0059	21	32686989	32922014	141	-0.1393
2fb480d8-ea3c-40a7-aff7-c98eb38f0059	21	32924053	34644536	1034	-0.0707
2fb480d8-ea3c-40a7-aff7-c98eb38f0059	21	34644923	35343365	543	-0.1513
2fb480d8-ea3c-40a7-aff7-c98eb38f0059	21	35343463	36887933	981	-0.5231
2fb480d8-ea3c-40a7-aff7-c98eb38f0059	21	36891035	37029503	74	-0.1881
2fb480d8-ea3c-40a7-aff7-c98eb38f0059	21	37029682	39450951	1837	-0.0961
2fb480d8-ea3c-40a7-aff7-c98eb38f0059	21	39452235	40375526	745	-0.152
2fb480d8-ea3c-40a7-aff7-c98eb38f0059	21	40376132	40376170	2	-1.1916
2fb480d8-ea3c-40a7-aff7-c98eb38f0059	21	40385583	41765820	1195	-0.1102
2fb480d8-ea3c-40a7-aff7-c98eb38f0059	21	41770368	45864978	1822	-0.0425
2fb480d8-ea3c-40a7-aff7-c98eb38f0059	21	45865032	46262057	177	-0.0952
2fb480d8-ea3c-40a7-aff7-c98eb38f0059	22	16934932	17519777	349	-3.2873
2fb480d8-ea3c-40a7-aff7-c98eb38f0059	22	17520833	17547967	27	-1.8542
2fb480d8-ea3c-40a7-aff7-c98eb38f0059	22	17549861	24339545	865	-0.5039
2fb480d8-ea3c-40a7-aff7-c98eb38f0059	22	24489781	24514161	15	0.3216
2fb480d8-ea3c-40a7-aff7-c98eb38f0059	22	24514419	26098646	936	-0.5634
2fb480d8-ea3c-40a7-aff7-c98eb38f0059	22	26099899	26232139	112	0.1225
2fb480d8-ea3c-40a7-aff7-c98eb38f0059	22	26233129	26256964	38	-0.719
2fb480d8-ea3c-40a7-aff7-c98eb38f0059	22	26261698	26273200	14	-0.1725
2fb480d8-ea3c-40a7-aff7-c98eb38f0059	22	26274097	26381128	107	-0.6701
2fb480d8-ea3c-40a7-aff7-c98eb38f0059	22	26382495	26401260	17	0.0688
2fb480d8-ea3c-40a7-aff7-c98eb38f0059	22	26402808	26410220	9	-0.5385
2fb480d8-ea3c-40a7-aff7-c98eb38f0059	22	26410486	26440814	14	-0.1242
2fb480d8-ea3c-40a7-aff7-c98eb38f0059	22	26444511	26998352	515	-0.6147
2fb480d8-ea3c-40a7-aff7-c98eb38f0059	22	27000916	27064687	99	0.0951
2fb480d8-ea3c-40a7-aff7-c98eb38f0059	22	27068071	28009361	841	-0.6466
2fb480d8-ea3c-40a7-aff7-c98eb38f0059	22	28010444	30424562	1305	-0.4958
2fb480d8-ea3c-40a7-aff7-c98eb38f0059	22	30425618	30469350	32	0.1904
2fb480d8-ea3c-40a7-aff7-c98eb38f0059	22	30469352	30472115	4	-0.6777
2fb480d8-ea3c-40a7-aff7-c98eb38f0059	22	30473349	30510571	23	0.1814
2fb480d8-ea3c-40a7-aff7-c98eb38f0059	22	30516341	32131650	851	-0.4778
2fb480d8-ea3c-40a7-aff7-c98eb38f0059	22	32134861	34751454	2274	-0.6432
2fb480d8-ea3c-40a7-aff7-c98eb38f0059	22	34756605	34766327	14	-0.4556
2fb480d8-ea3c-40a7-aff7-c98eb38f0059	22	34766504	34838078	58	0.1436
2fb480d8-ea3c-40a7-aff7-c98eb38f0059	22	34841375	35413611	498	-0.5795
2fb480d8-ea3c-40a7-aff7-c98eb38f0059	22	35419616	35436769	11	0.2218
2fb480d8-ea3c-40a7-aff7-c98eb38f0059	22	35440186	37421109	1026	-0.5082
2fb480d8-ea3c-40a7-aff7-c98eb38f0059	22	37422073	39172990	758	-0.4278
2fb480d8-ea3c-40a7-aff7-c98eb38f0059	22	39180863	39205268	11	0.3246
2fb480d8-ea3c-40a7-aff7-c98eb38f0059	22	39228047	42729122	1673	-0.4421
2fb480d8-ea3c-40a7-aff7-c98eb38f0059	22	42730542	44595209	1384	-0.5565
2fb480d8-ea3c-40a7-aff7-c98eb38f0059	22	44600319	44617353	13	0.2852
2fb480d8-ea3c-40a7-aff7-c98eb38f0059	22	44621827	44692090	44	-0.1111
2fb480d8-ea3c-40a7-aff7-c98eb38f0059	22	44694735	46407877	1077	-0.5147
2fb480d8-ea3c-40a7-aff7-c98eb38f0059	22	46411025	46464166	31	0.2356
2fb480d8-ea3c-40a7-aff7-c98eb38f0059	22	46467277	46853655	240	-0.5509
2fb480d8-ea3c-40a7-aff7-c98eb38f0059	22	46858722	46913455	64	0.1445
2fb480d8-ea3c-40a7-aff7-c98eb38f0059	22	46914194	46921739	10	-0.5038
2fb480d8-ea3c-40a7-aff7-c98eb38f0059	22	46921996	47326810	301	-0.629
2fb480d8-ea3c-40a7-aff7-c98eb38f0059	22	47327583	47385912	53	-0.1912
2fb480d8-ea3c-40a7-aff7-c98eb38f0059	22	47388220	48940621	1274	-0.6713
2fb480d8-ea3c-40a7-aff7-c98eb38f0059	X	3236359	6470514	729	-0.4135
2fb480d8-ea3c-40a7-aff7-c98eb38f0059	X	6470640	11130984	1402	-0.3024
2fb480d8-ea3c-40a7-aff7-c98eb38f0059	X	11134001	15071951	2632	-0.3482
2fb480d8-ea3c-40a7-aff7-c98eb38f0059	X	15075983	17789235	1174	-0.2852
2fb480d8-ea3c-40a7-aff7-c98eb38f0059	X	17790652	18646459	381	0.122
2fb480d8-ea3c-40a7-aff7-c98eb38f0059	X	18648646	20068264	435	-0.2714
2fb480d8-ea3c-40a7-aff7-c98eb38f0059	X	20069658	21585667	663	0.1126
2fb480d8-ea3c-40a7-aff7-c98eb38f0059	X	21587984	21698554	49	0.3596
2fb480d8-ea3c-40a7-aff7-c98eb38f0059	X	21698690	25820302	2197	0.0997
2fb480d8-ea3c-40a7-aff7-c98eb38f0059	X	25820459	25838655	14	-0.39
2fb480d8-ea3c-40a7-aff7-c98eb38f0059	X	25839288	25916249	52	0.0809
2fb480d8-ea3c-40a7-aff7-c98eb38f0059	X	25920504	25923142	8	-0.778
2fb480d8-ea3c-40a7-aff7-c98eb38f0059	X	25923950	32505927	3817	-0.3315
2fb480d8-ea3c-40a7-aff7-c98eb38f0059	X	32510625	32751001	127	-2.7548
2fb480d8-ea3c-40a7-aff7-c98eb38f0059	X	32752549	32850241	81	-0.9474
2fb480d8-ea3c-40a7-aff7-c98eb38f0059	X	32850303	39874589	2738	0.0747
2fb480d8-ea3c-40a7-aff7-c98eb38f0059	X	39877536	42489885	1249	0.1435
2fb480d8-ea3c-40a7-aff7-c98eb38f0059	X	42490269	46048639	1573	0.0669
2fb480d8-ea3c-40a7-aff7-c98eb38f0059	X	46049153	50137848	1594	0.1327
2fb480d8-ea3c-40a7-aff7-c98eb38f0059	X	50142837	51282849	606	0.0577
2fb480d8-ea3c-40a7-aff7-c98eb38f0059	X	51283735	51286450	2	-0.908
2fb480d8-ea3c-40a7-aff7-c98eb38f0059	X	51286510	52973354	437	0.0373
2fb480d8-ea3c-40a7-aff7-c98eb38f0059	X	52976553	54170814	336	0.16
2fb480d8-ea3c-40a7-aff7-c98eb38f0059	X	54171885	70952379	4774	0.066
2fb480d8-ea3c-40a7-aff7-c98eb38f0059	X	70957413	73076957	752	0.1288
2fb480d8-ea3c-40a7-aff7-c98eb38f0059	X	73088087	93108617	7607	0.0688
2fb480d8-ea3c-40a7-aff7-c98eb38f0059	X	93109169	94998041	887	0.1304
2fb480d8-ea3c-40a7-aff7-c98eb38f0059	X	94998561	98743699	1367	0.0466
2fb480d8-ea3c-40a7-aff7-c98eb38f0059	X	98744539	110391817	5333	0.0949
2fb480d8-ea3c-40a7-aff7-c98eb38f0059	X	110391862	116733865	2982	0.0627
2fb480d8-ea3c-40a7-aff7-c98eb38f0059	X	116734341	120515215	1972	0.1186
2fb480d8-ea3c-40a7-aff7-c98eb38f0059	X	120521903	153583001	15495	0.0722
2fb480d8-ea3c-40a7-aff7-c98eb38f0059	X	153583678	155677414	323	0.1838
