GDC_Aliquot	Chromosome	Start	End	Num_Probes	Segment_Mean
cd00934b-6df0-467f-ae7d-ea7f4632e77c	1	3301765	41889811	20791	0.0555
cd00934b-6df0-467f-ae7d-ea7f4632e77c	1	41889969	75205272	20330	0.0174
cd00934b-6df0-467f-ae7d-ea7f4632e77c	1	75208706	100877302	15818	0.0362
cd00934b-6df0-467f-ae7d-ea7f4632e77c	1	100877708	104882833	1999	0.0215
cd00934b-6df0-467f-ae7d-ea7f4632e77c	1	104883739	119981332	9218	0.0437
cd00934b-6df0-467f-ae7d-ea7f4632e77c	1	119984738	165124030	8845	0.4044
cd00934b-6df0-467f-ae7d-ea7f4632e77c	1	165124242	165151396	25	0.0113
cd00934b-6df0-467f-ae7d-ea7f4632e77c	1	165155668	247650984	52793	0.3933
cd00934b-6df0-467f-ae7d-ea7f4632e77c	2	480597	27027914	16729	-0.5201
cd00934b-6df0-467f-ae7d-ea7f4632e77c	2	27040254	101630275	37042	0.034
cd00934b-6df0-467f-ae7d-ea7f4632e77c	2	101631847	122829866	11459	0.008
cd00934b-6df0-467f-ae7d-ea7f4632e77c	2	122831210	241537572	66999	0.0299
cd00934b-6df0-467f-ae7d-ea7f4632e77c	3	2170634	15868478	8387	0.0447
cd00934b-6df0-467f-ae7d-ea7f4632e77c	3	15875151	15884686	9	-0.7649
cd00934b-6df0-467f-ae7d-ea7f4632e77c	3	15889207	28891734	7428	0.025
cd00934b-6df0-467f-ae7d-ea7f4632e77c	3	28892292	28893256	2	-1.6177
cd00934b-6df0-467f-ae7d-ea7f4632e77c	3	28893659	72588623	26313	0.0327
cd00934b-6df0-467f-ae7d-ea7f4632e77c	3	72590078	72590181	2	-1.7735
cd00934b-6df0-467f-ae7d-ea7f4632e77c	3	72592265	104886681	14967	0.0272
cd00934b-6df0-467f-ae7d-ea7f4632e77c	3	104889388	104889670	2	2.0242
cd00934b-6df0-467f-ae7d-ea7f4632e77c	3	104891273	176928163	39122	0.0171
cd00934b-6df0-467f-ae7d-ea7f4632e77c	3	176933046	177610534	287	0.4095
cd00934b-6df0-467f-ae7d-ea7f4632e77c	3	177615010	197812401	10709	0.0315
cd00934b-6df0-467f-ae7d-ea7f4632e77c	4	1059384	187842528	103542	0.0281
cd00934b-6df0-467f-ae7d-ea7f4632e77c	5	914118	43704122	25428	0.0249
cd00934b-6df0-467f-ae7d-ea7f4632e77c	5	43707298	45257231	674	0.4248
cd00934b-6df0-467f-ae7d-ea7f4632e77c	5	45260242	54223313	2087	0.0006
cd00934b-6df0-467f-ae7d-ea7f4632e77c	5	54225783	156327002	57839	0.026
cd00934b-6df0-467f-ae7d-ea7f4632e77c	5	156329289	164304721	5125	0.0053
cd00934b-6df0-467f-ae7d-ea7f4632e77c	5	164306682	180471700	9853	0.0424
cd00934b-6df0-467f-ae7d-ea7f4632e77c	5	180475042	180934240	152	-0.0192
cd00934b-6df0-467f-ae7d-ea7f4632e77c	6	1011760	62269585	34454	0.0361
cd00934b-6df0-467f-ae7d-ea7f4632e77c	6	62272192	170596889	62696	-0.5157
cd00934b-6df0-467f-ae7d-ea7f4632e77c	7	664936	28141753	15255	0.0308
cd00934b-6df0-467f-ae7d-ea7f4632e77c	7	28142151	28148753	4	-1.2699
cd00934b-6df0-467f-ae7d-ea7f4632e77c	7	28149930	138080681	56244	0.0265
cd00934b-6df0-467f-ae7d-ea7f4632e77c	7	138081070	158592540	10478	0.0456
cd00934b-6df0-467f-ae7d-ea7f4632e77c	8	667625	34496293	20508	-0.5134
cd00934b-6df0-467f-ae7d-ea7f4632e77c	8	34521560	38433805	1898	1.2741
cd00934b-6df0-467f-ae7d-ea7f4632e77c	8	38433828	38433974	7	0.4794
cd00934b-6df0-467f-ae7d-ea7f4632e77c	8	38434429	39779983	580	1.2956
cd00934b-6df0-467f-ae7d-ea7f4632e77c	8	39780618	67240127	13731	1.1024
cd00934b-6df0-467f-ae7d-ea7f4632e77c	8	67249288	67249467	2	-0.6378
cd00934b-6df0-467f-ae7d-ea7f4632e77c	8	67258697	69294368	1321	1.0943
cd00934b-6df0-467f-ae7d-ea7f4632e77c	8	69295362	69296082	7	0.161
cd00934b-6df0-467f-ae7d-ea7f4632e77c	8	69299337	144182542	44196	1.1
cd00934b-6df0-467f-ae7d-ea7f4632e77c	9	789794	16158348	9108	0.048
cd00934b-6df0-467f-ae7d-ea7f4632e77c	9	16160245	89053472	28907	0.0248
cd00934b-6df0-467f-ae7d-ea7f4632e77c	9	89054263	138044505	30491	0.0422
cd00934b-6df0-467f-ae7d-ea7f4632e77c	10	366509	133411599	81318	0.0391
cd00934b-6df0-467f-ae7d-ea7f4632e77c	11	456012	26303008	16724	0.0308
cd00934b-6df0-467f-ae7d-ea7f4632e77c	11	26305044	30756638	2775	-0.0108
cd00934b-6df0-467f-ae7d-ea7f4632e77c	11	30759384	134272740	58106	0.029
cd00934b-6df0-467f-ae7d-ea7f4632e77c	12	780472	2809596	863	-0.5336
cd00934b-6df0-467f-ae7d-ea7f4632e77c	12	2810295	9590931	3894	0.0433
cd00934b-6df0-467f-ae7d-ea7f4632e77c	12	9591203	12524679	1785	-0.5041
cd00934b-6df0-467f-ae7d-ea7f4632e77c	12	12526557	12640953	72	0.0083
cd00934b-6df0-467f-ae7d-ea7f4632e77c	12	12645734	12812431	103	-0.5073
cd00934b-6df0-467f-ae7d-ea7f4632e77c	12	12814033	25412552	7832	0.045
cd00934b-6df0-467f-ae7d-ea7f4632e77c	12	25412854	25413429	2	-1.704
cd00934b-6df0-467f-ae7d-ea7f4632e77c	12	25414375	40668503	6225	0.0345
cd00934b-6df0-467f-ae7d-ea7f4632e77c	12	40679662	40685662	5	1.8742
cd00934b-6df0-467f-ae7d-ea7f4632e77c	12	40686255	132605822	53602	0.0276
cd00934b-6df0-467f-ae7d-ea7f4632e77c	13	18874255	114226675	56967	-0.506
cd00934b-6df0-467f-ae7d-ea7f4632e77c	14	20033191	98303124	46258	0.0383
cd00934b-6df0-467f-ae7d-ea7f4632e77c	14	98304272	99729380	985	0.4307
cd00934b-6df0-467f-ae7d-ea7f4632e77c	14	99732599	105533894	2572	0.061
cd00934b-6df0-467f-ae7d-ea7f4632e77c	15	23437561	56478477	17797	0.0299
cd00934b-6df0-467f-ae7d-ea7f4632e77c	15	56478619	56479042	2	-1.4716
cd00934b-6df0-467f-ae7d-ea7f4632e77c	15	56479047	101344124	27005	0.0465
cd00934b-6df0-467f-ae7d-ea7f4632e77c	16	603333	29415091	13466	0.0485
cd00934b-6df0-467f-ae7d-ea7f4632e77c	16	29417218	89317317	27731	-0.4962
cd00934b-6df0-467f-ae7d-ea7f4632e77c	17	1074619	33119020	12568	-0.4946
cd00934b-6df0-467f-ae7d-ea7f4632e77c	17	33120252	33121216	3	-2.0062
cd00934b-6df0-467f-ae7d-ea7f4632e77c	17	33121710	35891322	1218	-0.5278
cd00934b-6df0-467f-ae7d-ea7f4632e77c	17	35900191	36567187	121	0.0191
cd00934b-6df0-467f-ae7d-ea7f4632e77c	17	36567203	39502603	1331	-0.4949
cd00934b-6df0-467f-ae7d-ea7f4632e77c	17	39504749	47899199	3348	0.0507
cd00934b-6df0-467f-ae7d-ea7f4632e77c	17	47905107	47930940	19	-0.4321
cd00934b-6df0-467f-ae7d-ea7f4632e77c	17	47931818	59668173	6848	0.0434
cd00934b-6df0-467f-ae7d-ea7f4632e77c	17	59673861	60156662	203	0.374
cd00934b-6df0-467f-ae7d-ea7f4632e77c	17	60163681	82959812	11620	0.0482
cd00934b-6df0-467f-ae7d-ea7f4632e77c	18	326691	8888419	4811	0.0437
cd00934b-6df0-467f-ae7d-ea7f4632e77c	18	8892908	57072593	25801	0.029
cd00934b-6df0-467f-ae7d-ea7f4632e77c	18	57074410	79349796	12373	0.0459
cd00934b-6df0-467f-ae7d-ea7f4632e77c	19	283868	23820138	9017	0.0572
cd00934b-6df0-467f-ae7d-ea7f4632e77c	19	23820275	31446180	2822	0.0056
cd00934b-6df0-467f-ae7d-ea7f4632e77c	19	31446436	51656816	9558	0.0469
cd00934b-6df0-467f-ae7d-ea7f4632e77c	19	51657052	52702132	383	0.3897
cd00934b-6df0-467f-ae7d-ea7f4632e77c	19	52982662	58370362	2386	0.0403
cd00934b-6df0-467f-ae7d-ea7f4632e77c	20	472817	5122512	2917	-0.511
cd00934b-6df0-467f-ae7d-ea7f4632e77c	20	5131143	5372773	157	0.0014
cd00934b-6df0-467f-ae7d-ea7f4632e77c	20	5372826	6012241	245	0.3854
cd00934b-6df0-467f-ae7d-ea7f4632e77c	20	6020203	7274047	848	0.6671
cd00934b-6df0-467f-ae7d-ea7f4632e77c	20	7274160	8737900	699	0.3733
cd00934b-6df0-467f-ae7d-ea7f4632e77c	20	8739284	12072879	2596	0.0438
cd00934b-6df0-467f-ae7d-ea7f4632e77c	20	12077011	26215250	9494	-0.5132
cd00934b-6df0-467f-ae7d-ea7f4632e77c	20	26215627	63588502	20605	0.0405
cd00934b-6df0-467f-ae7d-ea7f4632e77c	21	13974127	24763407	6654	-0.4916
cd00934b-6df0-467f-ae7d-ea7f4632e77c	21	24764717	24766157	2	-2.3976
cd00934b-6df0-467f-ae7d-ea7f4632e77c	21	24768248	30220748	3856	-0.5019
cd00934b-6df0-467f-ae7d-ea7f4632e77c	21	30221247	30221515	2	-2.5035
cd00934b-6df0-467f-ae7d-ea7f4632e77c	21	30225516	46262057	10074	-0.5033
cd00934b-6df0-467f-ae7d-ea7f4632e77c	22	16934932	48940621	17100	0.0571
cd00934b-6df0-467f-ae7d-ea7f4632e77c	X	3236359	35509972	14406	0.3992
cd00934b-6df0-467f-ae7d-ea7f4632e77c	X	35518052	43514023	3648	-0.1489
cd00934b-6df0-467f-ae7d-ea7f4632e77c	X	43526117	43593649	46	0.4852
cd00934b-6df0-467f-ae7d-ea7f4632e77c	X	43599927	57011249	5439	-0.1427
cd00934b-6df0-467f-ae7d-ea7f4632e77c	X	57019280	70359527	3369	0.3823
cd00934b-6df0-467f-ae7d-ea7f4632e77c	X	70360153	70361618	2	1.7502
cd00934b-6df0-467f-ae7d-ea7f4632e77c	X	70362479	71798070	519	0.4202
cd00934b-6df0-467f-ae7d-ea7f4632e77c	X	71803832	120667875	20735	-0.1483
cd00934b-6df0-467f-ae7d-ea7f4632e77c	X	120668292	120668766	2	-2.8738
cd00934b-6df0-467f-ae7d-ea7f4632e77c	X	120672543	155677414	15804	-0.1514
