GDC_Aliquot	Chromosome	Start	End	Num_Probes	Segment_Mean
90cc0bf8-5e04-4c34-bc2d-7d9d3b98569c	1	3301765	107059990	60079	-0.2249
90cc0bf8-5e04-4c34-bc2d-7d9d3b98569c	1	107060227	107920797	647	0.1407
90cc0bf8-5e04-4c34-bc2d-7d9d3b98569c	1	107931912	108789550	370	-0.2345
90cc0bf8-5e04-4c34-bc2d-7d9d3b98569c	1	108791632	110950522	1229	0.0782
90cc0bf8-5e04-4c34-bc2d-7d9d3b98569c	1	110950819	111121721	88	0.335
90cc0bf8-5e04-4c34-bc2d-7d9d3b98569c	1	111124496	113762492	1741	0.0751
90cc0bf8-5e04-4c34-bc2d-7d9d3b98569c	1	113766234	183552201	24883	0.3267
90cc0bf8-5e04-4c34-bc2d-7d9d3b98569c	1	183552761	200883983	10265	0.37
90cc0bf8-5e04-4c34-bc2d-7d9d3b98569c	1	200884305	205947395	3411	0.3189
90cc0bf8-5e04-4c34-bc2d-7d9d3b98569c	1	205949558	207658012	892	0.0868
90cc0bf8-5e04-4c34-bc2d-7d9d3b98569c	1	207665341	213090488	3852	0.3458
90cc0bf8-5e04-4c34-bc2d-7d9d3b98569c	1	213095840	218758894	3902	0.1059
90cc0bf8-5e04-4c34-bc2d-7d9d3b98569c	1	218760158	219896797	826	0.3568
90cc0bf8-5e04-4c34-bc2d-7d9d3b98569c	1	219900189	247650984	17504	0.0802
90cc0bf8-5e04-4c34-bc2d-7d9d3b98569c	2	480597	33870208	20409	-0.2593
90cc0bf8-5e04-4c34-bc2d-7d9d3b98569c	2	33871292	48327011	8585	0.2643
90cc0bf8-5e04-4c34-bc2d-7d9d3b98569c	2	48327052	59576684	6101	0.287
90cc0bf8-5e04-4c34-bc2d-7d9d3b98569c	2	59577168	96615677	16155	0.2505
90cc0bf8-5e04-4c34-bc2d-7d9d3b98569c	2	96615952	111190770	7798	0.0309
90cc0bf8-5e04-4c34-bc2d-7d9d3b98569c	2	111191232	116624545	2664	0.3076
90cc0bf8-5e04-4c34-bc2d-7d9d3b98569c	2	116625329	116643505	14	0.0829
90cc0bf8-5e04-4c34-bc2d-7d9d3b98569c	2	116649010	117532971	167	-0.2557
90cc0bf8-5e04-4c34-bc2d-7d9d3b98569c	2	117539741	153557943	19528	0.0431
90cc0bf8-5e04-4c34-bc2d-7d9d3b98569c	2	153558577	154646191	613	0.136
90cc0bf8-5e04-4c34-bc2d-7d9d3b98569c	2	154649549	154969723	166	0.6713
90cc0bf8-5e04-4c34-bc2d-7d9d3b98569c	2	154971061	208602301	29888	0.0558
90cc0bf8-5e04-4c34-bc2d-7d9d3b98569c	2	208602319	213222255	2786	0.1002
90cc0bf8-5e04-4c34-bc2d-7d9d3b98569c	2	213223017	229191675	10108	0.048
90cc0bf8-5e04-4c34-bc2d-7d9d3b98569c	2	229191818	241537572	7140	0.0099
90cc0bf8-5e04-4c34-bc2d-7d9d3b98569c	3	2170634	8605392	3691	0.3586
90cc0bf8-5e04-4c34-bc2d-7d9d3b98569c	3	8605522	17244223	5657	0.3156
90cc0bf8-5e04-4c34-bc2d-7d9d3b98569c	3	17245325	40191121	13592	0.361
90cc0bf8-5e04-4c34-bc2d-7d9d3b98569c	3	40196577	47693495	4074	-0.697
90cc0bf8-5e04-4c34-bc2d-7d9d3b98569c	3	47694059	52218224	1776	-0.6295
90cc0bf8-5e04-4c34-bc2d-7d9d3b98569c	3	52223619	88598657	21511	-0.7229
90cc0bf8-5e04-4c34-bc2d-7d9d3b98569c	3	88598737	88642066	23	-0.2237
90cc0bf8-5e04-4c34-bc2d-7d9d3b98569c	3	88644311	89503594	547	0.1145
90cc0bf8-5e04-4c34-bc2d-7d9d3b98569c	3	89506877	91390926	276	0.3793
90cc0bf8-5e04-4c34-bc2d-7d9d3b98569c	3	91462299	191743572	53355	-0.235
90cc0bf8-5e04-4c34-bc2d-7d9d3b98569c	3	191746660	193795363	1116	0.6174
90cc0bf8-5e04-4c34-bc2d-7d9d3b98569c	3	193797111	197812401	1370	0.5249
90cc0bf8-5e04-4c34-bc2d-7d9d3b98569c	4	1059384	16400153	9402	0.0708
90cc0bf8-5e04-4c34-bc2d-7d9d3b98569c	4	16401039	35253449	11774	0.1117
90cc0bf8-5e04-4c34-bc2d-7d9d3b98569c	4	35253794	57018269	10503	0.0881
90cc0bf8-5e04-4c34-bc2d-7d9d3b98569c	4	57018415	92826257	19962	0.1136
90cc0bf8-5e04-4c34-bc2d-7d9d3b98569c	4	92830150	92911496	2	-1.8163
90cc0bf8-5e04-4c34-bc2d-7d9d3b98569c	4	92911637	101641346	4972	0.119
90cc0bf8-5e04-4c34-bc2d-7d9d3b98569c	4	101645554	101646129	2	-6.5883
90cc0bf8-5e04-4c34-bc2d-7d9d3b98569c	4	101646487	101648818	4	-0.3791
90cc0bf8-5e04-4c34-bc2d-7d9d3b98569c	4	101649292	123859753	12520	0.1157
90cc0bf8-5e04-4c34-bc2d-7d9d3b98569c	4	123860301	127193378	1901	0.1739
90cc0bf8-5e04-4c34-bc2d-7d9d3b98569c	4	127203998	180375673	28964	0.1154
90cc0bf8-5e04-4c34-bc2d-7d9d3b98569c	4	180382359	180600698	206	-0.2185
90cc0bf8-5e04-4c34-bc2d-7d9d3b98569c	4	180603978	181293647	110	-0.7959
90cc0bf8-5e04-4c34-bc2d-7d9d3b98569c	4	181293762	181389971	101	-1.9589
90cc0bf8-5e04-4c34-bc2d-7d9d3b98569c	4	181391528	181511208	84	-0.8219
90cc0bf8-5e04-4c34-bc2d-7d9d3b98569c	4	181511566	181652596	73	-0.2641
90cc0bf8-5e04-4c34-bc2d-7d9d3b98569c	4	181655250	181661032	7	-1.1712
90cc0bf8-5e04-4c34-bc2d-7d9d3b98569c	4	181661536	181789098	140	-0.2097
90cc0bf8-5e04-4c34-bc2d-7d9d3b98569c	4	181789649	187842528	2728	0.1027
90cc0bf8-5e04-4c34-bc2d-7d9d3b98569c	5	914118	11335261	7510	0.063
90cc0bf8-5e04-4c34-bc2d-7d9d3b98569c	5	11336288	15049081	2312	0.1296
90cc0bf8-5e04-4c34-bc2d-7d9d3b98569c	5	15052908	16048599	166	0.0638
90cc0bf8-5e04-4c34-bc2d-7d9d3b98569c	5	16049191	50829022	16123	-0.244
90cc0bf8-5e04-4c34-bc2d-7d9d3b98569c	5	50837510	62488562	7200	-0.7304
90cc0bf8-5e04-4c34-bc2d-7d9d3b98569c	5	62491479	69448492	3931	-0.036
90cc0bf8-5e04-4c34-bc2d-7d9d3b98569c	5	71364924	76475599	3246	-0.7307
90cc0bf8-5e04-4c34-bc2d-7d9d3b98569c	5	76482351	129578847	29109	-0.2268
90cc0bf8-5e04-4c34-bc2d-7d9d3b98569c	5	129588590	131059524	748	0.1409
90cc0bf8-5e04-4c34-bc2d-7d9d3b98569c	5	131062866	137310960	3941	-0.2237
90cc0bf8-5e04-4c34-bc2d-7d9d3b98569c	5	137311415	149694425	7238	0.0849
90cc0bf8-5e04-4c34-bc2d-7d9d3b98569c	5	149694750	180934240	19446	-0.2445
90cc0bf8-5e04-4c34-bc2d-7d9d3b98569c	6	1011760	8561443	5597	0.084
90cc0bf8-5e04-4c34-bc2d-7d9d3b98569c	6	8561471	8794317	148	0.1532
90cc0bf8-5e04-4c34-bc2d-7d9d3b98569c	6	8794376	8794995	3	-0.9742
90cc0bf8-5e04-4c34-bc2d-7d9d3b98569c	6	8795421	10152143	916	0.1495
90cc0bf8-5e04-4c34-bc2d-7d9d3b98569c	6	10152297	17670268	5150	0.0677
90cc0bf8-5e04-4c34-bc2d-7d9d3b98569c	6	17670404	24408967	4781	0.1092
90cc0bf8-5e04-4c34-bc2d-7d9d3b98569c	6	24409678	47170060	11447	0.0719
90cc0bf8-5e04-4c34-bc2d-7d9d3b98569c	6	47170260	61910192	6212	0.1199
90cc0bf8-5e04-4c34-bc2d-7d9d3b98569c	6	61913818	78038636	9127	-0.228
90cc0bf8-5e04-4c34-bc2d-7d9d3b98569c	6	78039972	78040375	2	-2.5755
90cc0bf8-5e04-4c34-bc2d-7d9d3b98569c	6	78040466	160421505	48634	-0.2314
90cc0bf8-5e04-4c34-bc2d-7d9d3b98569c	6	160424782	164156693	2173	-0.289
90cc0bf8-5e04-4c34-bc2d-7d9d3b98569c	6	164157151	165682623	983	-0.2212
90cc0bf8-5e04-4c34-bc2d-7d9d3b98569c	6	165682765	165683590	2	-1.7993
90cc0bf8-5e04-4c34-bc2d-7d9d3b98569c	6	165688397	170596889	1903	-0.2518
90cc0bf8-5e04-4c34-bc2d-7d9d3b98569c	7	664936	6625354	2261	0.0561
90cc0bf8-5e04-4c34-bc2d-7d9d3b98569c	7	6626870	16981548	6210	0.132
90cc0bf8-5e04-4c34-bc2d-7d9d3b98569c	7	16981618	17759976	24	-0.0751
90cc0bf8-5e04-4c34-bc2d-7d9d3b98569c	7	17761192	23163810	3323	0.5643
90cc0bf8-5e04-4c34-bc2d-7d9d3b98569c	7	23170510	24057354	542	0.4882
90cc0bf8-5e04-4c34-bc2d-7d9d3b98569c	7	24076114	24103755	17	0.0673
90cc0bf8-5e04-4c34-bc2d-7d9d3b98569c	7	24103839	25241491	950	0.4832
90cc0bf8-5e04-4c34-bc2d-7d9d3b98569c	7	25241599	51195187	16680	0.5504
90cc0bf8-5e04-4c34-bc2d-7d9d3b98569c	7	51204037	54117015	1996	0.607
90cc0bf8-5e04-4c34-bc2d-7d9d3b98569c	7	54117146	64845761	1956	0.5267
90cc0bf8-5e04-4c34-bc2d-7d9d3b98569c	7	64857763	66169741	223	0.0888
90cc0bf8-5e04-4c34-bc2d-7d9d3b98569c	7	66170692	66171577	2	-3.641
90cc0bf8-5e04-4c34-bc2d-7d9d3b98569c	7	66173573	77184039	4428	0.0496
90cc0bf8-5e04-4c34-bc2d-7d9d3b98569c	7	77186233	158592540	43285	-0.24
90cc0bf8-5e04-4c34-bc2d-7d9d3b98569c	8	667625	4259912	1885	-0.7649
90cc0bf8-5e04-4c34-bc2d-7d9d3b98569c	8	4351875	35759510	19200	-0.2475
90cc0bf8-5e04-4c34-bc2d-7d9d3b98569c	8	35763872	35776174	13	0.1976
90cc0bf8-5e04-4c34-bc2d-7d9d3b98569c	8	35781975	35807040	16	0.8138
90cc0bf8-5e04-4c34-bc2d-7d9d3b98569c	8	35808961	36369125	264	0.4023
90cc0bf8-5e04-4c34-bc2d-7d9d3b98569c	8	36371625	37809500	746	1.0803
90cc0bf8-5e04-4c34-bc2d-7d9d3b98569c	8	37817347	69268016	15860	0.085
90cc0bf8-5e04-4c34-bc2d-7d9d3b98569c	8	69268337	69585373	223	0.5546
90cc0bf8-5e04-4c34-bc2d-7d9d3b98569c	8	69587956	71281354	971	0.0965
90cc0bf8-5e04-4c34-bc2d-7d9d3b98569c	8	71282345	71708952	276	0.6006
90cc0bf8-5e04-4c34-bc2d-7d9d3b98569c	8	71709959	75310987	2309	0.0983
90cc0bf8-5e04-4c34-bc2d-7d9d3b98569c	8	75313281	75313941	2	-1.6016
90cc0bf8-5e04-4c34-bc2d-7d9d3b98569c	8	75316060	77195798	1073	0.1211
90cc0bf8-5e04-4c34-bc2d-7d9d3b98569c	8	77198057	77211747	2	-1.5305
90cc0bf8-5e04-4c34-bc2d-7d9d3b98569c	8	77212195	77363843	108	0.1197
90cc0bf8-5e04-4c34-bc2d-7d9d3b98569c	8	77371029	77412128	33	0.7212
90cc0bf8-5e04-4c34-bc2d-7d9d3b98569c	8	77413197	78204445	394	0.1362
90cc0bf8-5e04-4c34-bc2d-7d9d3b98569c	8	78206928	82093014	2136	0.5423
90cc0bf8-5e04-4c34-bc2d-7d9d3b98569c	8	82097018	82917712	410	0.9416
90cc0bf8-5e04-4c34-bc2d-7d9d3b98569c	8	82918182	83166271	137	0.6141
90cc0bf8-5e04-4c34-bc2d-7d9d3b98569c	8	83175188	84788559	863	-0.2094
90cc0bf8-5e04-4c34-bc2d-7d9d3b98569c	8	84796401	93830977	4861	0.543
90cc0bf8-5e04-4c34-bc2d-7d9d3b98569c	8	93831453	103902657	6022	0.8249
90cc0bf8-5e04-4c34-bc2d-7d9d3b98569c	8	103903171	104141558	120	1.4236
90cc0bf8-5e04-4c34-bc2d-7d9d3b98569c	8	104142796	111394699	3825	0.8641
90cc0bf8-5e04-4c34-bc2d-7d9d3b98569c	8	111401567	112128034	369	1.259
90cc0bf8-5e04-4c34-bc2d-7d9d3b98569c	8	112133999	113561897	763	1.4697
90cc0bf8-5e04-4c34-bc2d-7d9d3b98569c	8	113567382	113567383	2	-0.3837
90cc0bf8-5e04-4c34-bc2d-7d9d3b98569c	8	113580472	114150772	343	1.4661
90cc0bf8-5e04-4c34-bc2d-7d9d3b98569c	8	114151333	114156672	9	0.6605
90cc0bf8-5e04-4c34-bc2d-7d9d3b98569c	8	114169343	115439858	576	1.4608
90cc0bf8-5e04-4c34-bc2d-7d9d3b98569c	8	115440112	116444899	577	0.869
90cc0bf8-5e04-4c34-bc2d-7d9d3b98569c	8	116448233	116724156	173	1.0161
90cc0bf8-5e04-4c34-bc2d-7d9d3b98569c	8	116728124	116906911	115	0.7727
90cc0bf8-5e04-4c34-bc2d-7d9d3b98569c	8	116909416	116967932	46	1.2647
90cc0bf8-5e04-4c34-bc2d-7d9d3b98569c	8	116969105	117249436	188	0.8833
90cc0bf8-5e04-4c34-bc2d-7d9d3b98569c	8	117249610	118256310	741	1.3357
90cc0bf8-5e04-4c34-bc2d-7d9d3b98569c	8	118260254	118753330	387	1.0515
90cc0bf8-5e04-4c34-bc2d-7d9d3b98569c	8	118756372	121722464	1947	1.3194
90cc0bf8-5e04-4c34-bc2d-7d9d3b98569c	8	121724077	122731684	653	1.6781
90cc0bf8-5e04-4c34-bc2d-7d9d3b98569c	8	122732498	123461899	458	1.2993
90cc0bf8-5e04-4c34-bc2d-7d9d3b98569c	8	123462660	123711391	205	1.4551
90cc0bf8-5e04-4c34-bc2d-7d9d3b98569c	8	123711540	125333905	1051	1.6252
90cc0bf8-5e04-4c34-bc2d-7d9d3b98569c	8	125334028	125391856	27	1.3363
90cc0bf8-5e04-4c34-bc2d-7d9d3b98569c	8	125394022	125609591	178	1.0529
90cc0bf8-5e04-4c34-bc2d-7d9d3b98569c	8	125609667	126163891	409	1.1959
90cc0bf8-5e04-4c34-bc2d-7d9d3b98569c	8	126163988	126892869	538	1.024
90cc0bf8-5e04-4c34-bc2d-7d9d3b98569c	8	126895932	127990248	775	1.5437
90cc0bf8-5e04-4c34-bc2d-7d9d3b98569c	8	127990871	128020402	23	1.2731
90cc0bf8-5e04-4c34-bc2d-7d9d3b98569c	8	128021626	128056513	35	0.9711
90cc0bf8-5e04-4c34-bc2d-7d9d3b98569c	8	128056781	129055773	690	1.3599
90cc0bf8-5e04-4c34-bc2d-7d9d3b98569c	8	129055794	129435114	259	1.6379
90cc0bf8-5e04-4c34-bc2d-7d9d3b98569c	8	129437075	129907336	308	0.8116
90cc0bf8-5e04-4c34-bc2d-7d9d3b98569c	8	129909567	130140821	115	1.3141
90cc0bf8-5e04-4c34-bc2d-7d9d3b98569c	8	130143627	133355962	2419	0.7908
90cc0bf8-5e04-4c34-bc2d-7d9d3b98569c	8	133356965	134238631	789	0.9775
90cc0bf8-5e04-4c34-bc2d-7d9d3b98569c	8	134239268	136189423	1483	0.8003
90cc0bf8-5e04-4c34-bc2d-7d9d3b98569c	8	136199016	144182542	3771	-0.2631
90cc0bf8-5e04-4c34-bc2d-7d9d3b98569c	9	789794	9216980	5293	-0.248
90cc0bf8-5e04-4c34-bc2d-7d9d3b98569c	9	9219787	9683238	215	-0.7441
90cc0bf8-5e04-4c34-bc2d-7d9d3b98569c	9	9683566	37454877	17118	-0.2087
90cc0bf8-5e04-4c34-bc2d-7d9d3b98569c	9	37455158	38752071	939	0.5611
90cc0bf8-5e04-4c34-bc2d-7d9d3b98569c	9	68423153	98738158	20511	-0.0349
90cc0bf8-5e04-4c34-bc2d-7d9d3b98569c	9	98739218	138044505	24358	0.1511
90cc0bf8-5e04-4c34-bc2d-7d9d3b98569c	10	366509	8135415	5338	0.2712
90cc0bf8-5e04-4c34-bc2d-7d9d3b98569c	10	8138885	10118883	1413	0.3294
90cc0bf8-5e04-4c34-bc2d-7d9d3b98569c	10	10119312	15768811	4544	0.2579
90cc0bf8-5e04-4c34-bc2d-7d9d3b98569c	10	15772218	34767111	12873	0.0145
90cc0bf8-5e04-4c34-bc2d-7d9d3b98569c	10	34771506	133411599	57052	-0.2299
90cc0bf8-5e04-4c34-bc2d-7d9d3b98569c	11	456012	16340036	9804	0.088
90cc0bf8-5e04-4c34-bc2d-7d9d3b98569c	11	16340892	23225371	4981	0.5333
90cc0bf8-5e04-4c34-bc2d-7d9d3b98569c	11	23225617	24094649	575	0.372
90cc0bf8-5e04-4c34-bc2d-7d9d3b98569c	11	24097060	25716908	885	0.189
90cc0bf8-5e04-4c34-bc2d-7d9d3b98569c	11	25717265	27064972	1008	0.2955
90cc0bf8-5e04-4c34-bc2d-7d9d3b98569c	11	27077665	27219530	129	0.7042
90cc0bf8-5e04-4c34-bc2d-7d9d3b98569c	11	27226269	47689705	12491	0.328
90cc0bf8-5e04-4c34-bc2d-7d9d3b98569c	11	47697234	60792379	3358	-0.2575
90cc0bf8-5e04-4c34-bc2d-7d9d3b98569c	11	60797331	61130533	223	1.0444
90cc0bf8-5e04-4c34-bc2d-7d9d3b98569c	11	61131504	62633142	735	-0.24
90cc0bf8-5e04-4c34-bc2d-7d9d3b98569c	11	62637854	62651415	2	1.3422
90cc0bf8-5e04-4c34-bc2d-7d9d3b98569c	11	62654715	69228491	2177	-0.2424
90cc0bf8-5e04-4c34-bc2d-7d9d3b98569c	11	69228976	69229315	4	0.2112
90cc0bf8-5e04-4c34-bc2d-7d9d3b98569c	11	69230205	69620859	238	1.107
90cc0bf8-5e04-4c34-bc2d-7d9d3b98569c	11	69625586	72681075	1535	0.7334
90cc0bf8-5e04-4c34-bc2d-7d9d3b98569c	11	72683401	75854227	1679	-0.25
90cc0bf8-5e04-4c34-bc2d-7d9d3b98569c	11	75862533	75880859	8	0.8856
90cc0bf8-5e04-4c34-bc2d-7d9d3b98569c	11	75883147	75944196	21	1.3481
90cc0bf8-5e04-4c34-bc2d-7d9d3b98569c	11	75944394	77847087	989	0.7464
90cc0bf8-5e04-4c34-bc2d-7d9d3b98569c	11	77850882	79774093	1392	-0.2725
90cc0bf8-5e04-4c34-bc2d-7d9d3b98569c	11	79774764	82142180	1636	0.8401
90cc0bf8-5e04-4c34-bc2d-7d9d3b98569c	11	82146845	82311989	124	1.0128
90cc0bf8-5e04-4c34-bc2d-7d9d3b98569c	11	82314176	83017572	345	0.764
90cc0bf8-5e04-4c34-bc2d-7d9d3b98569c	11	83019480	119699122	23020	-0.2394
90cc0bf8-5e04-4c34-bc2d-7d9d3b98569c	11	119702155	119702679	2	-2.3814
90cc0bf8-5e04-4c34-bc2d-7d9d3b98569c	11	119705014	134272740	10141	-0.2618
90cc0bf8-5e04-4c34-bc2d-7d9d3b98569c	12	780472	23813467	13512	-0.2344
90cc0bf8-5e04-4c34-bc2d-7d9d3b98569c	12	23813681	33365705	6179	0.0961
90cc0bf8-5e04-4c34-bc2d-7d9d3b98569c	12	33365925	41324736	1479	0.3275
90cc0bf8-5e04-4c34-bc2d-7d9d3b98569c	12	41325411	43507530	1095	0.5632
90cc0bf8-5e04-4c34-bc2d-7d9d3b98569c	12	43508398	69880499	15253	0.3179
90cc0bf8-5e04-4c34-bc2d-7d9d3b98569c	12	69880898	90858715	12319	0.3622
90cc0bf8-5e04-4c34-bc2d-7d9d3b98569c	12	90859999	95307016	2996	0.298
90cc0bf8-5e04-4c34-bc2d-7d9d3b98569c	12	95310266	104133667	5670	0.3252
90cc0bf8-5e04-4c34-bc2d-7d9d3b98569c	12	104134251	127622732	14185	0.2861
90cc0bf8-5e04-4c34-bc2d-7d9d3b98569c	12	127623599	129170090	585	0.1954
90cc0bf8-5e04-4c34-bc2d-7d9d3b98569c	12	129170262	132605822	1044	0.3007
90cc0bf8-5e04-4c34-bc2d-7d9d3b98569c	13	18874255	49042843	19275	-0.2401
90cc0bf8-5e04-4c34-bc2d-7d9d3b98569c	13	49045206	100385310	28448	-0.2151
90cc0bf8-5e04-4c34-bc2d-7d9d3b98569c	13	100388907	114226675	9202	-0.2452
90cc0bf8-5e04-4c34-bc2d-7d9d3b98569c	14	20033191	68828581	27179	0.0841
90cc0bf8-5e04-4c34-bc2d-7d9d3b98569c	14	68830425	105354932	22549	0.0393
90cc0bf8-5e04-4c34-bc2d-7d9d3b98569c	14	105360751	105468051	25	0.3425
90cc0bf8-5e04-4c34-bc2d-7d9d3b98569c	14	105468704	105533894	15	-0.0199
90cc0bf8-5e04-4c34-bc2d-7d9d3b98569c	15	23437561	54131962	16351	0.2939
90cc0bf8-5e04-4c34-bc2d-7d9d3b98569c	15	54133183	54133384	2	-1.4911
90cc0bf8-5e04-4c34-bc2d-7d9d3b98569c	15	54133600	59459562	3309	0.3043
90cc0bf8-5e04-4c34-bc2d-7d9d3b98569c	15	59461274	60233458	556	0.4958
90cc0bf8-5e04-4c34-bc2d-7d9d3b98569c	15	60234955	65506159	3517	0.2852
90cc0bf8-5e04-4c34-bc2d-7d9d3b98569c	15	65507549	65734325	90	0.4969
90cc0bf8-5e04-4c34-bc2d-7d9d3b98569c	15	65740154	70885869	3391	0.2708
90cc0bf8-5e04-4c34-bc2d-7d9d3b98569c	15	70888143	71017254	51	0.6168
90cc0bf8-5e04-4c34-bc2d-7d9d3b98569c	15	71017289	101344124	17513	0.2767
90cc0bf8-5e04-4c34-bc2d-7d9d3b98569c	16	603333	29417224	13464	0.3102
90cc0bf8-5e04-4c34-bc2d-7d9d3b98569c	16	30295647	31841585	577	0.972
90cc0bf8-5e04-4c34-bc2d-7d9d3b98569c	16	46470502	46489505	7	0.0721
90cc0bf8-5e04-4c34-bc2d-7d9d3b98569c	16	46498075	46815946	108	-0.2254
90cc0bf8-5e04-4c34-bc2d-7d9d3b98569c	16	46816493	47945801	455	-0.6245
90cc0bf8-5e04-4c34-bc2d-7d9d3b98569c	16	47946356	49641896	1159	-0.2413
90cc0bf8-5e04-4c34-bc2d-7d9d3b98569c	16	49642475	50057645	268	-0.7036
90cc0bf8-5e04-4c34-bc2d-7d9d3b98569c	16	50060704	50062219	2	-2.7159
90cc0bf8-5e04-4c34-bc2d-7d9d3b98569c	16	50062310	50747819	385	-0.6344
90cc0bf8-5e04-4c34-bc2d-7d9d3b98569c	16	50747891	52210854	1112	-0.2529
90cc0bf8-5e04-4c34-bc2d-7d9d3b98569c	16	52211056	53049492	652	0.1012
90cc0bf8-5e04-4c34-bc2d-7d9d3b98569c	16	53049621	54734215	1303	-0.2235
90cc0bf8-5e04-4c34-bc2d-7d9d3b98569c	16	54734252	55605542	678	0.101
90cc0bf8-5e04-4c34-bc2d-7d9d3b98569c	16	55605628	57707813	1278	-0.2237
90cc0bf8-5e04-4c34-bc2d-7d9d3b98569c	16	57707984	57880901	93	0.0421
90cc0bf8-5e04-4c34-bc2d-7d9d3b98569c	16	57881503	59433574	984	-0.2243
90cc0bf8-5e04-4c34-bc2d-7d9d3b98569c	16	59435525	89317317	18563	-0.7098
90cc0bf8-5e04-4c34-bc2d-7d9d3b98569c	17	1074619	28057419	10275	-0.2439
90cc0bf8-5e04-4c34-bc2d-7d9d3b98569c	17	28057983	71525589	21816	0.0796
90cc0bf8-5e04-4c34-bc2d-7d9d3b98569c	17	71534517	82946072	5152	0.3057
90cc0bf8-5e04-4c34-bc2d-7d9d3b98569c	17	82947423	82959812	12	0.0529
90cc0bf8-5e04-4c34-bc2d-7d9d3b98569c	18	326691	5247433	2539	-0.038
90cc0bf8-5e04-4c34-bc2d-7d9d3b98569c	18	5248646	7902816	1453	-0.1054
90cc0bf8-5e04-4c34-bc2d-7d9d3b98569c	18	7905636	8331684	303	0.4191
90cc0bf8-5e04-4c34-bc2d-7d9d3b98569c	18	8332402	10894906	1974	-0.0742
90cc0bf8-5e04-4c34-bc2d-7d9d3b98569c	18	10898907	10899030	2	-1.6781
90cc0bf8-5e04-4c34-bc2d-7d9d3b98569c	18	10899388	11594936	468	-0.0726
90cc0bf8-5e04-4c34-bc2d-7d9d3b98569c	18	11598991	12714218	572	0.4427
90cc0bf8-5e04-4c34-bc2d-7d9d3b98569c	18	12728128	25977719	3846	-0.0471
90cc0bf8-5e04-4c34-bc2d-7d9d3b98569c	18	25980457	26070118	45	0.8737
90cc0bf8-5e04-4c34-bc2d-7d9d3b98569c	18	26085719	26284388	88	0.0048
90cc0bf8-5e04-4c34-bc2d-7d9d3b98569c	18	26293742	26576461	188	0.8063
90cc0bf8-5e04-4c34-bc2d-7d9d3b98569c	18	26578560	28616887	1331	0.9559
90cc0bf8-5e04-4c34-bc2d-7d9d3b98569c	18	28621763	36279718	4494	-0.0324
90cc0bf8-5e04-4c34-bc2d-7d9d3b98569c	18	36279798	36280421	2	-1.7426
90cc0bf8-5e04-4c34-bc2d-7d9d3b98569c	18	36281873	48372228	7617	-0.0445
90cc0bf8-5e04-4c34-bc2d-7d9d3b98569c	18	48372876	49642949	765	0.8567
90cc0bf8-5e04-4c34-bc2d-7d9d3b98569c	18	49643314	49875629	160	1.2978
90cc0bf8-5e04-4c34-bc2d-7d9d3b98569c	18	49875815	58718592	5867	-0.0496
90cc0bf8-5e04-4c34-bc2d-7d9d3b98569c	18	58762812	65532809	4433	0.4576
90cc0bf8-5e04-4c34-bc2d-7d9d3b98569c	18	66065592	77023590	5340	-0.0401
90cc0bf8-5e04-4c34-bc2d-7d9d3b98569c	18	77024629	77234506	115	1.2913
90cc0bf8-5e04-4c34-bc2d-7d9d3b98569c	18	77234704	79349796	1335	0.8308
90cc0bf8-5e04-4c34-bc2d-7d9d3b98569c	19	283868	23712628	8923	-0.2206
90cc0bf8-5e04-4c34-bc2d-7d9d3b98569c	19	23714988	32507901	3627	-0.2739
90cc0bf8-5e04-4c34-bc2d-7d9d3b98569c	19	32509870	37361604	2737	-0.2179
90cc0bf8-5e04-4c34-bc2d-7d9d3b98569c	19	37362291	37833146	226	-0.6994
90cc0bf8-5e04-4c34-bc2d-7d9d3b98569c	19	37834896	51120105	5499	-0.2179
90cc0bf8-5e04-4c34-bc2d-7d9d3b98569c	19	51123685	51142526	2	1.5536
90cc0bf8-5e04-4c34-bc2d-7d9d3b98569c	19	51148092	58370362	3115	-0.257
90cc0bf8-5e04-4c34-bc2d-7d9d3b98569c	20	472817	5059124	2873	0.4999
90cc0bf8-5e04-4c34-bc2d-7d9d3b98569c	20	5059406	17341580	8138	0.5614
90cc0bf8-5e04-4c34-bc2d-7d9d3b98569c	20	17341740	57193166	22347	0.503
90cc0bf8-5e04-4c34-bc2d-7d9d3b98569c	20	57197525	63588502	4200	0.4611
90cc0bf8-5e04-4c34-bc2d-7d9d3b98569c	21	13974127	19178502	3241	-0.7232
90cc0bf8-5e04-4c34-bc2d-7d9d3b98569c	21	19178787	19186326	2	-4.2261
90cc0bf8-5e04-4c34-bc2d-7d9d3b98569c	21	19188903	26229181	4336	-0.7175
90cc0bf8-5e04-4c34-bc2d-7d9d3b98569c	21	26234132	27270981	878	0.0702
90cc0bf8-5e04-4c34-bc2d-7d9d3b98569c	21	27272623	28601975	836	-0.2502
90cc0bf8-5e04-4c34-bc2d-7d9d3b98569c	21	28603973	28787736	161	0.0755
90cc0bf8-5e04-4c34-bc2d-7d9d3b98569c	21	28789467	40047625	7583	-0.2485
90cc0bf8-5e04-4c34-bc2d-7d9d3b98569c	21	40047697	43888657	2582	0.0733
90cc0bf8-5e04-4c34-bc2d-7d9d3b98569c	21	43889659	45227667	600	0.3168
90cc0bf8-5e04-4c34-bc2d-7d9d3b98569c	21	45670561	46262057	321	0.5383
90cc0bf8-5e04-4c34-bc2d-7d9d3b98569c	22	16934932	32626901	6579	-0.2477
90cc0bf8-5e04-4c34-bc2d-7d9d3b98569c	22	32627759	34241101	1453	-0.3134
90cc0bf8-5e04-4c34-bc2d-7d9d3b98569c	22	34242550	42167302	4315	-0.2327
90cc0bf8-5e04-4c34-bc2d-7d9d3b98569c	22	42172405	42183541	8	0.6529
90cc0bf8-5e04-4c34-bc2d-7d9d3b98569c	22	42196233	44270333	1329	-0.2459
90cc0bf8-5e04-4c34-bc2d-7d9d3b98569c	22	44272270	44288159	14	0.5229
90cc0bf8-5e04-4c34-bc2d-7d9d3b98569c	22	44293292	46419908	1389	-0.234
90cc0bf8-5e04-4c34-bc2d-7d9d3b98569c	22	46424387	48940621	1983	0.4674
90cc0bf8-5e04-4c34-bc2d-7d9d3b98569c	X	3236359	3527415	210	0.2709
90cc0bf8-5e04-4c34-bc2d-7d9d3b98569c	X	3527652	14097018	3972	0.3378
90cc0bf8-5e04-4c34-bc2d-7d9d3b98569c	X	14099554	38524198	11564	0.371
90cc0bf8-5e04-4c34-bc2d-7d9d3b98569c	X	38524241	49750550	5065	0.3356
90cc0bf8-5e04-4c34-bc2d-7d9d3b98569c	X	49754018	52426450	1118	0.2222
90cc0bf8-5e04-4c34-bc2d-7d9d3b98569c	X	52544810	55102557	814	0.3257
90cc0bf8-5e04-4c34-bc2d-7d9d3b98569c	X	55104607	58291715	1237	0.2259
90cc0bf8-5e04-4c34-bc2d-7d9d3b98569c	X	62952913	64825773	623	-0.1998
90cc0bf8-5e04-4c34-bc2d-7d9d3b98569c	X	64826925	65010254	82	0.2358
90cc0bf8-5e04-4c34-bc2d-7d9d3b98569c	X	65010396	80228526	5647	-0.2342
90cc0bf8-5e04-4c34-bc2d-7d9d3b98569c	X	80229040	80229681	2	-4.5777
90cc0bf8-5e04-4c34-bc2d-7d9d3b98569c	X	80230232	118650757	16649	-0.2339
90cc0bf8-5e04-4c34-bc2d-7d9d3b98569c	X	118654203	120303492	827	-0.0819
90cc0bf8-5e04-4c34-bc2d-7d9d3b98569c	X	120305947	121192852	493	-0.2921
90cc0bf8-5e04-4c34-bc2d-7d9d3b98569c	X	121193513	122368619	398	-0.0397
90cc0bf8-5e04-4c34-bc2d-7d9d3b98569c	X	122379507	124520823	1300	-0.228
90cc0bf8-5e04-4c34-bc2d-7d9d3b98569c	X	124522223	126736763	1089	-0.0721
90cc0bf8-5e04-4c34-bc2d-7d9d3b98569c	X	126737080	127946021	510	-0.2647
90cc0bf8-5e04-4c34-bc2d-7d9d3b98569c	X	127946558	142381106	6027	-0.07
90cc0bf8-5e04-4c34-bc2d-7d9d3b98569c	X	142381121	143231133	427	-0.2427
90cc0bf8-5e04-4c34-bc2d-7d9d3b98569c	X	143231218	143231498	2	-3.9537
90cc0bf8-5e04-4c34-bc2d-7d9d3b98569c	X	143232722	155677414	5715	-0.2585
