GDC_Aliquot	Chromosome	Start	End	Num_Probes	Segment_Mean
a3f4ad97-3d59-4568-84e8-674280b1f04a	1	3302046	46643656	23062	-0.2374
a3f4ad97-3d59-4568-84e8-674280b1f04a	1	46644513	89819631	26962	-0.198
a3f4ad97-3d59-4568-84e8-674280b1f04a	1	89835044	91321022	904	0.8854
a3f4ad97-3d59-4568-84e8-674280b1f04a	1	91327260	91333702	16	0.4955
a3f4ad97-3d59-4568-84e8-674280b1f04a	1	91333712	91377806	31	0.8796
a3f4ad97-3d59-4568-84e8-674280b1f04a	1	91379423	93165502	921	-0.1844
a3f4ad97-3d59-4568-84e8-674280b1f04a	1	93174578	95612790	1618	0.8962
a3f4ad97-3d59-4568-84e8-674280b1f04a	1	95616207	101406099	3497	-0.2056
a3f4ad97-3d59-4568-84e8-674280b1f04a	1	101408163	115742032	8232	0.8603
a3f4ad97-3d59-4568-84e8-674280b1f04a	1	115745955	119801421	2515	0.5792
a3f4ad97-3d59-4568-84e8-674280b1f04a	1	119801482	151759607	826	0.4867
a3f4ad97-3d59-4568-84e8-674280b1f04a	1	151760224	153342229	971	0.5858
a3f4ad97-3d59-4568-84e8-674280b1f04a	1	153342346	159709846	3463	0.5239
a3f4ad97-3d59-4568-84e8-674280b1f04a	1	159710195	160232589	324	0.2907
a3f4ad97-3d59-4568-84e8-674280b1f04a	1	160233179	161980084	940	0.2272
a3f4ad97-3d59-4568-84e8-674280b1f04a	1	161980661	169524488	5796	0.3058
a3f4ad97-3d59-4568-84e8-674280b1f04a	1	169527231	180488885	6640	-0.2049
a3f4ad97-3d59-4568-84e8-674280b1f04a	1	180499955	183436403	2036	0.3225
a3f4ad97-3d59-4568-84e8-674280b1f04a	1	183436407	208055682	14923	0.2817
a3f4ad97-3d59-4568-84e8-674280b1f04a	1	208056031	218760158	7470	0.3226
a3f4ad97-3d59-4568-84e8-674280b1f04a	1	218760221	230105653	6791	0.2909
a3f4ad97-3d59-4568-84e8-674280b1f04a	1	230105709	233243473	2200	0.3258
a3f4ad97-3d59-4568-84e8-674280b1f04a	1	233243504	233390445	146	-0.197
a3f4ad97-3d59-4568-84e8-674280b1f04a	1	233390965	234281877	745	0.3243
a3f4ad97-3d59-4568-84e8-674280b1f04a	1	234284483	247650984	8416	-0.2185
a3f4ad97-3d59-4568-84e8-674280b1f04a	2	480597	241537572	131834	-0.148
a3f4ad97-3d59-4568-84e8-674280b1f04a	3	2170634	7578085	2854	0.1006
a3f4ad97-3d59-4568-84e8-674280b1f04a	3	7578695	7579141	3	-1.573
a3f4ad97-3d59-4568-84e8-674280b1f04a	3	7579471	54062173	26927	0.0813
a3f4ad97-3d59-4568-84e8-674280b1f04a	3	54064625	86307845	19481	0.1096
a3f4ad97-3d59-4568-84e8-674280b1f04a	3	86309425	156621921	36698	0.0846
a3f4ad97-3d59-4568-84e8-674280b1f04a	3	156622932	156623472	2	-1.9974
a3f4ad97-3d59-4568-84e8-674280b1f04a	3	156623894	172523209	8064	0.0786
a3f4ad97-3d59-4568-84e8-674280b1f04a	3	172524198	172530666	4	-0.8925
a3f4ad97-3d59-4568-84e8-674280b1f04a	3	172536663	178196382	2681	0.0867
a3f4ad97-3d59-4568-84e8-674280b1f04a	3	178199515	178210186	4	-1.0032
a3f4ad97-3d59-4568-84e8-674280b1f04a	3	178210690	184296282	2933	0.0888
a3f4ad97-3d59-4568-84e8-674280b1f04a	3	184296693	188407553	2650	0.0488
a3f4ad97-3d59-4568-84e8-674280b1f04a	3	188407660	197812401	4751	0.0931
a3f4ad97-3d59-4568-84e8-674280b1f04a	4	1059384	187842528	103404	0.099
a3f4ad97-3d59-4568-84e8-674280b1f04a	5	914118	19525982	11890	0.2451
a3f4ad97-3d59-4568-84e8-674280b1f04a	5	19527644	167696867	81352	0.2242
a3f4ad97-3d59-4568-84e8-674280b1f04a	5	167697158	180934240	7801	0.2428
a3f4ad97-3d59-4568-84e8-674280b1f04a	6	1011760	18225070	12119	0.733
a3f4ad97-3d59-4568-84e8-674280b1f04a	6	18226470	18238671	13	0.1896
a3f4ad97-3d59-4568-84e8-674280b1f04a	6	18238736	24586524	4628	0.7382
a3f4ad97-3d59-4568-84e8-674280b1f04a	6	24591150	37463864	5075	0.6896
a3f4ad97-3d59-4568-84e8-674280b1f04a	6	37463981	57347009	12303	0.7312
a3f4ad97-3d59-4568-84e8-674280b1f04a	6	61527062	81335526	10890	-0.5154
a3f4ad97-3d59-4568-84e8-674280b1f04a	6	81341174	81352647	4	-2.9938
a3f4ad97-3d59-4568-84e8-674280b1f04a	6	81353027	150949549	40428	-0.5322
a3f4ad97-3d59-4568-84e8-674280b1f04a	6	150949805	152249905	956	-0.4266
a3f4ad97-3d59-4568-84e8-674280b1f04a	6	152250791	166850453	9321	-0.5573
a3f4ad97-3d59-4568-84e8-674280b1f04a	6	166850613	166853857	4	-3.6783
a3f4ad97-3d59-4568-84e8-674280b1f04a	6	166853942	170596889	1000	-0.5745
a3f4ad97-3d59-4568-84e8-674280b1f04a	7	664936	6416236	2162	0.0594
a3f4ad97-3d59-4568-84e8-674280b1f04a	7	6422572	6423015	3	-1.3053
a3f4ad97-3d59-4568-84e8-674280b1f04a	7	6423420	35548166	17705	0.0877
a3f4ad97-3d59-4568-84e8-674280b1f04a	7	35552498	37945678	1781	0.0372
a3f4ad97-3d59-4568-84e8-674280b1f04a	7	37946730	72880997	15962	0.0956
a3f4ad97-3d59-4568-84e8-674280b1f04a	7	72889156	77752300	1289	0.0433
a3f4ad97-3d59-4568-84e8-674280b1f04a	7	77752844	81191895	2283	0.1281
a3f4ad97-3d59-4568-84e8-674280b1f04a	7	81194125	98015093	8819	0.085
a3f4ad97-3d59-4568-84e8-674280b1f04a	7	98015139	98122456	49	0.1902
a3f4ad97-3d59-4568-84e8-674280b1f04a	7	98122820	102839770	1677	0.04
a3f4ad97-3d59-4568-84e8-674280b1f04a	7	102840310	116020483	7030	0.0831
a3f4ad97-3d59-4568-84e8-674280b1f04a	7	116022264	116571372	354	-0.5394
a3f4ad97-3d59-4568-84e8-674280b1f04a	7	116574636	134407497	9851	0.0865
a3f4ad97-3d59-4568-84e8-674280b1f04a	7	134407916	135434586	712	-0.0879
a3f4ad97-3d59-4568-84e8-674280b1f04a	7	135434669	155942136	10772	0.0866
a3f4ad97-3d59-4568-84e8-674280b1f04a	7	155942187	155942499	2	-1.7602
a3f4ad97-3d59-4568-84e8-674280b1f04a	7	155942533	158592540	1380	0.095
a3f4ad97-3d59-4568-84e8-674280b1f04a	8	667625	36308274	21187	-0.5525
a3f4ad97-3d59-4568-84e8-674280b1f04a	8	36309466	58407558	10328	0.7414
a3f4ad97-3d59-4568-84e8-674280b1f04a	8	58413503	137762981	47709	0.7188
a3f4ad97-3d59-4568-84e8-674280b1f04a	8	137763100	143209006	2563	0.7555
a3f4ad97-3d59-4568-84e8-674280b1f04a	8	143228432	143228447	2	-0.7819
a3f4ad97-3d59-4568-84e8-674280b1f04a	8	143232207	144182542	226	0.6873
a3f4ad97-3d59-4568-84e8-674280b1f04a	9	789794	16264619	9162	-0.5275
a3f4ad97-3d59-4568-84e8-674280b1f04a	9	16264735	16265080	2	-3.0402
a3f4ad97-3d59-4568-84e8-674280b1f04a	9	16265821	18272702	1601	-0.5333
a3f4ad97-3d59-4568-84e8-674280b1f04a	9	18272758	18277620	4	-3.9283
a3f4ad97-3d59-4568-84e8-674280b1f04a	9	18279178	124029680	50038	-0.5288
a3f4ad97-3d59-4568-84e8-674280b1f04a	9	124029726	133858544	5581	-0.5922
a3f4ad97-3d59-4568-84e8-674280b1f04a	9	133859892	133861504	2	-4.8917
a3f4ad97-3d59-4568-84e8-674280b1f04a	9	133861519	138044505	1487	-0.6092
a3f4ad97-3d59-4568-84e8-674280b1f04a	10	366509	38757759	26174	-0.0614
a3f4ad97-3d59-4568-84e8-674280b1f04a	10	38770504	133411599	54829	-0.1267
a3f4ad97-3d59-4568-84e8-674280b1f04a	11	456012	11271776	6102	0.3945
a3f4ad97-3d59-4568-84e8-674280b1f04a	11	11272017	11272063	2	-1.0047
a3f4ad97-3d59-4568-84e8-674280b1f04a	11	11272119	36942730	17604	0.4033
a3f4ad97-3d59-4568-84e8-674280b1f04a	11	37635347	38699877	601	-0.5118
a3f4ad97-3d59-4568-84e8-674280b1f04a	11	38704876	39301111	315	0.4028
a3f4ad97-3d59-4568-84e8-674280b1f04a	11	39306975	43486771	2812	-0.5123
a3f4ad97-3d59-4568-84e8-674280b1f04a	11	43495477	43857990	231	-0.0969
a3f4ad97-3d59-4568-84e8-674280b1f04a	11	43858810	44551685	516	0.4307
a3f4ad97-3d59-4568-84e8-674280b1f04a	11	44560043	45888300	947	0.7906
a3f4ad97-3d59-4568-84e8-674280b1f04a	11	45888622	46980583	470	0.3423
a3f4ad97-3d59-4568-84e8-674280b1f04a	11	46984082	47098658	29	-0.1131
a3f4ad97-3d59-4568-84e8-674280b1f04a	11	47103590	47336076	86	-0.6011
a3f4ad97-3d59-4568-84e8-674280b1f04a	11	47338155	47404084	30	-0.2368
a3f4ad97-3d59-4568-84e8-674280b1f04a	11	47407014	47547272	46	0.3526
a3f4ad97-3d59-4568-84e8-674280b1f04a	11	47551582	47886253	147	0.6569
a3f4ad97-3d59-4568-84e8-674280b1f04a	11	47889271	48213328	176	-0.6046
a3f4ad97-3d59-4568-84e8-674280b1f04a	11	48215001	56453599	643	-0.4473
a3f4ad97-3d59-4568-84e8-674280b1f04a	11	56453639	61585305	2846	-0.5537
a3f4ad97-3d59-4568-84e8-674280b1f04a	11	61593828	63546966	1018	0.3548
a3f4ad97-3d59-4568-84e8-674280b1f04a	11	63548288	66558891	727	-0.6175
a3f4ad97-3d59-4568-84e8-674280b1f04a	11	66562261	69037338	829	0.3652
a3f4ad97-3d59-4568-84e8-674280b1f04a	11	69048055	69461097	284	1.4759
a3f4ad97-3d59-4568-84e8-674280b1f04a	11	69462310	69569215	61	1.7201
a3f4ad97-3d59-4568-84e8-674280b1f04a	11	69570083	69984330	202	1.3607
a3f4ad97-3d59-4568-84e8-674280b1f04a	11	69991152	70349872	212	1.6671
a3f4ad97-3d59-4568-84e8-674280b1f04a	11	70351252	70469157	61	1.2127
a3f4ad97-3d59-4568-84e8-674280b1f04a	11	70469880	72197463	856	0.4064
a3f4ad97-3d59-4568-84e8-674280b1f04a	11	72197581	72311659	48	1.0255
a3f4ad97-3d59-4568-84e8-674280b1f04a	11	72312784	75638863	1726	0.356
a3f4ad97-3d59-4568-84e8-674280b1f04a	11	75641235	77245781	871	-0.5659
a3f4ad97-3d59-4568-84e8-674280b1f04a	11	77246788	77565463	152	1.0716
a3f4ad97-3d59-4568-84e8-674280b1f04a	11	77573003	79763222	1519	1.2363
a3f4ad97-3d59-4568-84e8-674280b1f04a	11	79763562	80692014	694	1.0206
a3f4ad97-3d59-4568-84e8-674280b1f04a	11	80693503	81941302	818	-0.5085
a3f4ad97-3d59-4568-84e8-674280b1f04a	11	81941879	81974087	2	-2.5092
a3f4ad97-3d59-4568-84e8-674280b1f04a	11	81974268	82524136	371	-0.4784
a3f4ad97-3d59-4568-84e8-674280b1f04a	11	82648805	83001576	203	0.9912
a3f4ad97-3d59-4568-84e8-674280b1f04a	11	83005231	86355989	1875	-0.5178
a3f4ad97-3d59-4568-84e8-674280b1f04a	11	86359054	89137907	1865	0.4083
a3f4ad97-3d59-4568-84e8-674280b1f04a	11	89147397	89189199	24	-0.5397
a3f4ad97-3d59-4568-84e8-674280b1f04a	11	89194964	89695811	254	0.4025
a3f4ad97-3d59-4568-84e8-674280b1f04a	11	90098873	90257741	96	-0.4319
a3f4ad97-3d59-4568-84e8-674280b1f04a	11	90275625	90666128	288	0.3963
a3f4ad97-3d59-4568-84e8-674280b1f04a	11	90670513	91540629	572	-0.5654
a3f4ad97-3d59-4568-84e8-674280b1f04a	11	91542245	92025187	313	0.3971
a3f4ad97-3d59-4568-84e8-674280b1f04a	11	92170971	97187949	3224	-0.5587
a3f4ad97-3d59-4568-84e8-674280b1f04a	11	97192595	97276384	68	1.0436
a3f4ad97-3d59-4568-84e8-674280b1f04a	11	97277352	98606545	715	0.7482
a3f4ad97-3d59-4568-84e8-674280b1f04a	11	98615330	99119480	386	-0.4928
a3f4ad97-3d59-4568-84e8-674280b1f04a	11	99119651	99120382	3	-2.8837
a3f4ad97-3d59-4568-84e8-674280b1f04a	11	99122202	105697643	4197	-0.5126
a3f4ad97-3d59-4568-84e8-674280b1f04a	11	105697685	105698630	3	-2.5206
a3f4ad97-3d59-4568-84e8-674280b1f04a	11	105701441	116561953	7002	-0.5375
a3f4ad97-3d59-4568-84e8-674280b1f04a	11	116562995	116563712	2	-5.6804
a3f4ad97-3d59-4568-84e8-674280b1f04a	11	116565423	117723728	741	-0.5672
a3f4ad97-3d59-4568-84e8-674280b1f04a	11	117731672	117742085	13	0.9975
a3f4ad97-3d59-4568-84e8-674280b1f04a	11	117743066	118718449	755	-0.5832
a3f4ad97-3d59-4568-84e8-674280b1f04a	11	118731998	118969999	107	0.8813
a3f4ad97-3d59-4568-84e8-674280b1f04a	11	118971542	119237402	144	0.6019
a3f4ad97-3d59-4568-84e8-674280b1f04a	11	119238138	134272740	10318	-0.5614
a3f4ad97-3d59-4568-84e8-674280b1f04a	12	780472	13433559	7056	0.0838
a3f4ad97-3d59-4568-84e8-674280b1f04a	12	13436730	13521424	81	-0.5111
a3f4ad97-3d59-4568-84e8-674280b1f04a	12	13523432	132605822	67088	0.0899
a3f4ad97-3d59-4568-84e8-674280b1f04a	13	18874255	114226675	56927	0.0583
a3f4ad97-3d59-4568-84e8-674280b1f04a	14	20033191	56540705	19804	0.102
a3f4ad97-3d59-4568-84e8-674280b1f04a	14	56540788	56542188	3	-1.4897
a3f4ad97-3d59-4568-84e8-674280b1f04a	14	56542364	105533894	29899	0.0968
a3f4ad97-3d59-4568-84e8-674280b1f04a	15	23437561	40160874	8445	0.1009
a3f4ad97-3d59-4568-84e8-674280b1f04a	15	40162149	44589530	1963	0.0542
a3f4ad97-3d59-4568-84e8-674280b1f04a	15	44592337	63031527	12057	0.0934
a3f4ad97-3d59-4568-84e8-674280b1f04a	15	63031580	70345170	4344	0.0566
a3f4ad97-3d59-4568-84e8-674280b1f04a	15	70352723	71789955	961	0.1199
a3f4ad97-3d59-4568-84e8-674280b1f04a	15	71790285	80149954	4323	0.0604
a3f4ad97-3d59-4568-84e8-674280b1f04a	15	80150694	89327020	5266	0.0932
a3f4ad97-3d59-4568-84e8-674280b1f04a	15	89327392	91095729	914	0.016
a3f4ad97-3d59-4568-84e8-674280b1f04a	15	91099041	101344124	6433	0.0859
a3f4ad97-3d59-4568-84e8-674280b1f04a	16	603333	4710228	1471	0.3449
a3f4ad97-3d59-4568-84e8-674280b1f04a	16	4713855	26946375	11039	0.4212
a3f4ad97-3d59-4568-84e8-674280b1f04a	16	26947479	31841585	1524	0.3474
a3f4ad97-3d59-4568-84e8-674280b1f04a	16	46470502	87562592	26475	-0.541
a3f4ad97-3d59-4568-84e8-674280b1f04a	16	87563024	87570039	5	-3.2652
a3f4ad97-3d59-4568-84e8-674280b1f04a	16	87570058	89317317	415	-0.6438
a3f4ad97-3d59-4568-84e8-674280b1f04a	17	1074619	8425125	3510	0.102
a3f4ad97-3d59-4568-84e8-674280b1f04a	17	8426647	14209753	4017	0.1622
a3f4ad97-3d59-4568-84e8-674280b1f04a	17	14220940	21359367	2167	0.1125
a3f4ad97-3d59-4568-84e8-674280b1f04a	17	21361139	32745649	2590	0.1938
a3f4ad97-3d59-4568-84e8-674280b1f04a	17	32745975	34702755	854	0.2551
a3f4ad97-3d59-4568-84e8-674280b1f04a	17	34702779	51188568	7084	0.1817
a3f4ad97-3d59-4568-84e8-674280b1f04a	17	51193998	57544236	4134	0.2383
a3f4ad97-3d59-4568-84e8-674280b1f04a	17	57556107	70267955	6703	0.2048
a3f4ad97-3d59-4568-84e8-674280b1f04a	17	70268144	73740831	2686	0.2455
a3f4ad97-3d59-4568-84e8-674280b1f04a	17	73740937	82959812	3480	0.1772
a3f4ad97-3d59-4568-84e8-674280b1f04a	18	326691	79349796	42642	-0.4253
a3f4ad97-3d59-4568-84e8-674280b1f04a	19	283868	22043639	8209	0.006
a3f4ad97-3d59-4568-84e8-674280b1f04a	19	22046519	35561527	6246	0.0539
a3f4ad97-3d59-4568-84e8-674280b1f04a	19	35562550	58370362	9647	0.013
a3f4ad97-3d59-4568-84e8-674280b1f04a	20	472817	5300098	3015	0.3425
a3f4ad97-3d59-4568-84e8-674280b1f04a	20	5300180	33478024	15102	0.3861
a3f4ad97-3d59-4568-84e8-674280b1f04a	20	33479079	38179212	2290	0.3085
a3f4ad97-3d59-4568-84e8-674280b1f04a	20	38180062	48911906	7286	0.3775
a3f4ad97-3d59-4568-84e8-674280b1f04a	20	48912952	50797655	1006	0.301
a3f4ad97-3d59-4568-84e8-674280b1f04a	20	50799165	63588502	8837	0.3835
a3f4ad97-3d59-4568-84e8-674280b1f04a	21	13974127	31212984	11028	0.1099
a3f4ad97-3d59-4568-84e8-674280b1f04a	21	31214439	37665503	4138	0.0766
a3f4ad97-3d59-4568-84e8-674280b1f04a	21	37665865	41756639	3396	0.1253
a3f4ad97-3d59-4568-84e8-674280b1f04a	21	41760221	46262057	2012	0.0616
a3f4ad97-3d59-4568-84e8-674280b1f04a	22	16934932	24776346	1357	0.0428
a3f4ad97-3d59-4568-84e8-674280b1f04a	22	24781230	25836649	547	0.0833
a3f4ad97-3d59-4568-84e8-674280b1f04a	22	25837143	25841989	10	-0.5661
a3f4ad97-3d59-4568-84e8-674280b1f04a	22	25842744	28962231	2538	0.1018
a3f4ad97-3d59-4568-84e8-674280b1f04a	22	28962637	31925677	1617	0.0362
a3f4ad97-3d59-4568-84e8-674280b1f04a	22	31926231	36209285	3280	0.1083
a3f4ad97-3d59-4568-84e8-674280b1f04a	22	36209931	42729122	3175	0.0322
a3f4ad97-3d59-4568-84e8-674280b1f04a	22	42730542	42734273	2	-2.1188
a3f4ad97-3d59-4568-84e8-674280b1f04a	22	42734392	48653086	4310	0.0949
a3f4ad97-3d59-4568-84e8-674280b1f04a	22	48653192	48658782	3	-1.4335
a3f4ad97-3d59-4568-84e8-674280b1f04a	22	48663270	48940621	207	0.0873
a3f4ad97-3d59-4568-84e8-674280b1f04a	X	3236359	155677414	63913	0.0211
