GDC_Aliquot	Chromosome	Start	End	Num_Probes	Segment_Mean
2430260f-1a0f-477e-83a4-4b18babf2a98	1	62920	4057494	1142	-0.5251
2430260f-1a0f-477e-83a4-4b18babf2a98	1	4059101	5806760	1505	-0.7252
2430260f-1a0f-477e-83a4-4b18babf2a98	1	5811391	12663382	3719	-0.5841
2430260f-1a0f-477e-83a4-4b18babf2a98	1	12664920	14701433	1116	-0.7202
2430260f-1a0f-477e-83a4-4b18babf2a98	1	14701850	14942159	197	-3.8423
2430260f-1a0f-477e-83a4-4b18babf2a98	1	14942945	16883108	973	-0.5936
2430260f-1a0f-477e-83a4-4b18babf2a98	1	16884157	16935752	50	-0.0266
2430260f-1a0f-477e-83a4-4b18babf2a98	1	16949746	17766120	537	-0.5566
2430260f-1a0f-477e-83a4-4b18babf2a98	1	17772058	18428852	568	-0.725
2430260f-1a0f-477e-83a4-4b18babf2a98	1	18429810	18430086	2	-3.3226
2430260f-1a0f-477e-83a4-4b18babf2a98	1	18431692	19380808	618	-0.7109
2430260f-1a0f-477e-83a4-4b18babf2a98	1	19381365	29438288	5266	-0.5969
2430260f-1a0f-477e-83a4-4b18babf2a98	1	29439090	30542027	872	-0.6932
2430260f-1a0f-477e-83a4-4b18babf2a98	1	30542880	33334283	1349	0.3024
2430260f-1a0f-477e-83a4-4b18babf2a98	1	33334621	34606697	965	0.1864
2430260f-1a0f-477e-83a4-4b18babf2a98	1	34606786	44837025	5797	0.2479
2430260f-1a0f-477e-83a4-4b18babf2a98	1	44837700	46048154	572	0.1781
2430260f-1a0f-477e-83a4-4b18babf2a98	1	46053881	46474688	179	0.3258
2430260f-1a0f-477e-83a4-4b18babf2a98	1	46477318	46515473	28	0.9158
2430260f-1a0f-477e-83a4-4b18babf2a98	1	46516783	47330628	440	0.2782
2430260f-1a0f-477e-83a4-4b18babf2a98	1	47331951	47374457	19	0.8459
2430260f-1a0f-477e-83a4-4b18babf2a98	1	47374859	48208216	656	0.2843
2430260f-1a0f-477e-83a4-4b18babf2a98	1	48208264	49465177	743	0.1772
2430260f-1a0f-477e-83a4-4b18babf2a98	1	49470995	49659290	68	-0.3061
2430260f-1a0f-477e-83a4-4b18babf2a98	1	49663015	54624527	2566	0.2288
2430260f-1a0f-477e-83a4-4b18babf2a98	1	54627618	54628716	2	-2.2224
2430260f-1a0f-477e-83a4-4b18babf2a98	1	54630777	56687341	1603	0.2181
2430260f-1a0f-477e-83a4-4b18babf2a98	1	56689874	61320284	3559	0.1409
2430260f-1a0f-477e-83a4-4b18babf2a98	1	61329772	66814365	4151	0.1975
2430260f-1a0f-477e-83a4-4b18babf2a98	1	66817756	66979280	82	-0.6337
2430260f-1a0f-477e-83a4-4b18babf2a98	1	66987352	69420631	1581	0.2043
2430260f-1a0f-477e-83a4-4b18babf2a98	1	69421019	69434093	11	-0.3997
2430260f-1a0f-477e-83a4-4b18babf2a98	1	69434158	70140536	435	0.1872
2430260f-1a0f-477e-83a4-4b18babf2a98	1	70141342	70200439	25	-0.7268
2430260f-1a0f-477e-83a4-4b18babf2a98	1	70202611	72303233	1280	0.1785
2430260f-1a0f-477e-83a4-4b18babf2a98	1	72303253	72345465	45	-1.5975
2430260f-1a0f-477e-83a4-4b18babf2a98	1	72346221	75585159	1930	0.1753
2430260f-1a0f-477e-83a4-4b18babf2a98	1	75589078	75599491	8	-0.1325
2430260f-1a0f-477e-83a4-4b18babf2a98	1	75599505	77310086	1271	0.7122
2430260f-1a0f-477e-83a4-4b18babf2a98	1	77312923	85903464	5623	0.1975
2430260f-1a0f-477e-83a4-4b18babf2a98	1	85904250	92527990	4304	0.1526
2430260f-1a0f-477e-83a4-4b18babf2a98	1	92528285	96791716	2706	0.2353
2430260f-1a0f-477e-83a4-4b18babf2a98	1	96792218	99237245	1437	0.1568
2430260f-1a0f-477e-83a4-4b18babf2a98	1	99237722	103570917	2722	0.2294
2430260f-1a0f-477e-83a4-4b18babf2a98	1	103573727	103620877	22	-0.3305
2430260f-1a0f-477e-83a4-4b18babf2a98	1	103621165	105476861	928	0.199
2430260f-1a0f-477e-83a4-4b18babf2a98	1	105478582	105479231	8	-0.7844
2430260f-1a0f-477e-83a4-4b18babf2a98	1	105479468	108652273	2118	0.1856
2430260f-1a0f-477e-83a4-4b18babf2a98	1	108658962	110108732	794	0.31
2430260f-1a0f-477e-83a4-4b18babf2a98	1	110109264	110859070	633	0.2276
2430260f-1a0f-477e-83a4-4b18babf2a98	1	110859082	119519936	5768	0.1694
2430260f-1a0f-477e-83a4-4b18babf2a98	1	119520310	152582700	2910	0.2308
2430260f-1a0f-477e-83a4-4b18babf2a98	1	152583051	152614118	36	1.3553
2430260f-1a0f-477e-83a4-4b18babf2a98	1	152618018	152787202	167	0.1637
2430260f-1a0f-477e-83a4-4b18babf2a98	1	152789447	152795805	33	0.7208
2430260f-1a0f-477e-83a4-4b18babf2a98	1	152795862	153322177	422	0.1778
2430260f-1a0f-477e-83a4-4b18babf2a98	1	153329051	157174685	1853	0.2807
2430260f-1a0f-477e-83a4-4b18babf2a98	1	157175435	196745743	27189	0.2029
2430260f-1a0f-477e-83a4-4b18babf2a98	1	196758720	196846661	61	-1.7339
2430260f-1a0f-477e-83a4-4b18babf2a98	1	196847600	201417428	2982	0.2109
2430260f-1a0f-477e-83a4-4b18babf2a98	1	201420557	202314539	570	0.3223
2430260f-1a0f-477e-83a4-4b18babf2a98	1	202315889	209897717	5225	0.2295
2430260f-1a0f-477e-83a4-4b18babf2a98	1	209908268	209910639	3	-3.1468
2430260f-1a0f-477e-83a4-4b18babf2a98	1	209913207	212831113	1941	0.2202
2430260f-1a0f-477e-83a4-4b18babf2a98	1	212831670	212837094	7	-0.8959
2430260f-1a0f-477e-83a4-4b18babf2a98	1	212841111	221509077	6100	0.2208
2430260f-1a0f-477e-83a4-4b18babf2a98	1	221510944	222686889	796	0.13
2430260f-1a0f-477e-83a4-4b18babf2a98	1	222690479	248930189	18158	0.2146
2430260f-1a0f-477e-83a4-4b18babf2a98	2	12784	291901	177	0.1236
2430260f-1a0f-477e-83a4-4b18babf2a98	2	291915	296852	6	-1.069
2430260f-1a0f-477e-83a4-4b18babf2a98	2	300879	8470156	6512	0.1514
2430260f-1a0f-477e-83a4-4b18babf2a98	2	8472951	12957300	3244	0.2373
2430260f-1a0f-477e-83a4-4b18babf2a98	2	12967267	29134494	10413	0.1818
2430260f-1a0f-477e-83a4-4b18babf2a98	2	29134615	31220875	1681	0.1074
2430260f-1a0f-477e-83a4-4b18babf2a98	2	31222406	34427804	2042	0.2083
2430260f-1a0f-477e-83a4-4b18babf2a98	2	34434869	34511990	57	0.6723
2430260f-1a0f-477e-83a4-4b18babf2a98	2	34512096	35079807	383	0.1221
2430260f-1a0f-477e-83a4-4b18babf2a98	2	35079873	38799007	2834	0.2182
2430260f-1a0f-477e-83a4-4b18babf2a98	2	38799542	41773521	2215	0.1399
2430260f-1a0f-477e-83a4-4b18babf2a98	2	41773808	43743148	1366	0.2148
2430260f-1a0f-477e-83a4-4b18babf2a98	2	43743333	46622592	2237	0.1439
2430260f-1a0f-477e-83a4-4b18babf2a98	2	46624728	47821929	767	0.2471
2430260f-1a0f-477e-83a4-4b18babf2a98	2	47824607	52531803	3207	0.1447
2430260f-1a0f-477e-83a4-4b18babf2a98	2	52531878	52554188	21	-0.6252
2430260f-1a0f-477e-83a4-4b18babf2a98	2	52554236	74743810	14155	0.1622
2430260f-1a0f-477e-83a4-4b18babf2a98	2	74744258	75728588	801	0.2483
2430260f-1a0f-477e-83a4-4b18babf2a98	2	75728879	85287594	6125	0.1685
2430260f-1a0f-477e-83a4-4b18babf2a98	2	85288948	86523496	753	0.2788
2430260f-1a0f-477e-83a4-4b18babf2a98	2	86526460	86710564	81	0.1676
2430260f-1a0f-477e-83a4-4b18babf2a98	2	86725947	86726731	2	2.8316
2430260f-1a0f-477e-83a4-4b18babf2a98	2	86743283	89305244	853	0.186
2430260f-1a0f-477e-83a4-4b18babf2a98	2	89896149	89936810	6	-0.9532
2430260f-1a0f-477e-83a4-4b18babf2a98	2	89956227	97207299	1048	0.2038
2430260f-1a0f-477e-83a4-4b18babf2a98	2	97210040	97211436	6	-1.1081
2430260f-1a0f-477e-83a4-4b18babf2a98	2	97310327	97357159	11	0.1453
2430260f-1a0f-477e-83a4-4b18babf2a98	2	97359380	97592964	23	0.8865
2430260f-1a0f-477e-83a4-4b18babf2a98	2	97600326	107332851	6250	0.1545
2430260f-1a0f-477e-83a4-4b18babf2a98	2	107336160	114000355	3314	0.2006
2430260f-1a0f-477e-83a4-4b18babf2a98	2	114000811	114778337	505	0.1345
2430260f-1a0f-477e-83a4-4b18babf2a98	2	114778592	114781802	10	-0.6424
2430260f-1a0f-477e-83a4-4b18babf2a98	2	114781818	118822557	2569	0.1267
2430260f-1a0f-477e-83a4-4b18babf2a98	2	118822859	122116338	1958	0.2157
2430260f-1a0f-477e-83a4-4b18babf2a98	2	122118709	140677504	11443	0.1479
2430260f-1a0f-477e-83a4-4b18babf2a98	2	140682144	140682243	2	-4.0692
2430260f-1a0f-477e-83a4-4b18babf2a98	2	140682269	143127800	1619	0.1602
2430260f-1a0f-477e-83a4-4b18babf2a98	2	143128647	146013223	1656	0.0713
2430260f-1a0f-477e-83a4-4b18babf2a98	2	146014937	146104517	51	0.1724
2430260f-1a0f-477e-83a4-4b18babf2a98	2	146106836	146108653	16	0.8881
2430260f-1a0f-477e-83a4-4b18babf2a98	2	146108698	152171633	3683	0.1621
2430260f-1a0f-477e-83a4-4b18babf2a98	2	152174916	153032062	589	0.6913
2430260f-1a0f-477e-83a4-4b18babf2a98	2	153032878	153033105	2	-1.8536
2430260f-1a0f-477e-83a4-4b18babf2a98	2	153038654	171062245	10870	0.6979
2430260f-1a0f-477e-83a4-4b18babf2a98	2	171063711	171189792	60	1.0675
2430260f-1a0f-477e-83a4-4b18babf2a98	2	171190333	176074369	3070	0.6567
2430260f-1a0f-477e-83a4-4b18babf2a98	2	176074954	202787119	15718	0.7041
2430260f-1a0f-477e-83a4-4b18babf2a98	2	202791748	206705079	2459	0.648
2430260f-1a0f-477e-83a4-4b18babf2a98	2	206705398	206709843	2	-2.5269
2430260f-1a0f-477e-83a4-4b18babf2a98	2	206710220	207490231	528	0.6698
2430260f-1a0f-477e-83a4-4b18babf2a98	2	207490454	207494612	16	-0.7093
2430260f-1a0f-477e-83a4-4b18babf2a98	2	207494752	211421312	2399	0.7029
2430260f-1a0f-477e-83a4-4b18babf2a98	2	211421396	212661691	905	0.2535
2430260f-1a0f-477e-83a4-4b18babf2a98	2	212664442	217889603	3523	0.1725
2430260f-1a0f-477e-83a4-4b18babf2a98	2	217890917	217938606	24	0.3961
2430260f-1a0f-477e-83a4-4b18babf2a98	2	217945023	218019802	47	-0.6809
2430260f-1a0f-477e-83a4-4b18babf2a98	2	218024766	219463237	687	0.2157
2430260f-1a0f-477e-83a4-4b18babf2a98	2	219466416	226127110	4502	-0.7248
2430260f-1a0f-477e-83a4-4b18babf2a98	2	226133903	233467512	4430	0.1606
2430260f-1a0f-477e-83a4-4b18babf2a98	2	233467708	240449842	4795	0.1042
2430260f-1a0f-477e-83a4-4b18babf2a98	2	240451608	242147305	747	0.1731
2430260f-1a0f-477e-83a4-4b18babf2a98	3	20930	182919	153	-0.0215
2430260f-1a0f-477e-83a4-4b18babf2a98	3	188339	190956	3	-3.1368
2430260f-1a0f-477e-83a4-4b18babf2a98	3	191117	4600228	3969	0.1779
2430260f-1a0f-477e-83a4-4b18babf2a98	3	4602953	4605872	8	-0.89
2430260f-1a0f-477e-83a4-4b18babf2a98	3	4609522	6603914	1681	0.2114
2430260f-1a0f-477e-83a4-4b18babf2a98	3	6604856	6613391	25	-0.7388
2430260f-1a0f-477e-83a4-4b18babf2a98	3	6613561	8014309	1257	0.1844
2430260f-1a0f-477e-83a4-4b18babf2a98	3	8014980	15838778	5535	0.2501
2430260f-1a0f-477e-83a4-4b18babf2a98	3	15839494	21299320	3307	0.1906
2430260f-1a0f-477e-83a4-4b18babf2a98	3	21299371	21337247	25	-0.5214
2430260f-1a0f-477e-83a4-4b18babf2a98	3	21338599	22666350	1174	0.1506
2430260f-1a0f-477e-83a4-4b18babf2a98	3	22666644	26535989	2851	0.2529
2430260f-1a0f-477e-83a4-4b18babf2a98	3	26536035	26574458	35	-0.3564
2430260f-1a0f-477e-83a4-4b18babf2a98	3	26574479	37934624	7599	0.211
2430260f-1a0f-477e-83a4-4b18babf2a98	3	37934757	37948629	32	0.7519
2430260f-1a0f-477e-83a4-4b18babf2a98	3	37948652	47378941	5816	0.2013
2430260f-1a0f-477e-83a4-4b18babf2a98	3	47389195	50756696	1290	0.2891
2430260f-1a0f-477e-83a4-4b18babf2a98	3	50760365	52015851	528	0.2101
2430260f-1a0f-477e-83a4-4b18babf2a98	3	52022322	55769073	2559	-0.6235
2430260f-1a0f-477e-83a4-4b18babf2a98	3	55769407	55771419	3	-4.2767
2430260f-1a0f-477e-83a4-4b18babf2a98	3	55773043	56495089	496	-0.6501
2430260f-1a0f-477e-83a4-4b18babf2a98	3	56498988	59092237	1429	-0.5486
2430260f-1a0f-477e-83a4-4b18babf2a98	3	59093641	61106963	2047	-0.669
2430260f-1a0f-477e-83a4-4b18babf2a98	3	61109290	61344418	197	-3.1063
2430260f-1a0f-477e-83a4-4b18babf2a98	3	61347238	66759221	4403	-0.6092
2430260f-1a0f-477e-83a4-4b18babf2a98	3	66759518	68697013	1331	0.1926
2430260f-1a0f-477e-83a4-4b18babf2a98	3	68697108	68698262	14	-1.379
2430260f-1a0f-477e-83a4-4b18babf2a98	3	68699607	89609257	12790	0.2155
2430260f-1a0f-477e-83a4-4b18babf2a98	3	89611164	89620865	3	-1.5278
2430260f-1a0f-477e-83a4-4b18babf2a98	3	89622183	107959919	8340	0.2101
2430260f-1a0f-477e-83a4-4b18babf2a98	3	107960668	107995710	69	0.5098
2430260f-1a0f-477e-83a4-4b18babf2a98	3	107995784	112380800	2681	0.1831
2430260f-1a0f-477e-83a4-4b18babf2a98	3	112384674	112408199	35	0.6086
2430260f-1a0f-477e-83a4-4b18babf2a98	3	112408270	114239844	1079	0.2299
2430260f-1a0f-477e-83a4-4b18babf2a98	3	114240125	118986944	3192	0.1464
2430260f-1a0f-477e-83a4-4b18babf2a98	3	118987317	122891011	2144	0.2046
2430260f-1a0f-477e-83a4-4b18babf2a98	3	122892533	126288281	2197	-0.6819
2430260f-1a0f-477e-83a4-4b18babf2a98	3	126289800	128372282	1278	-0.7691
2430260f-1a0f-477e-83a4-4b18babf2a98	3	128373059	129776064	683	-0.6088
2430260f-1a0f-477e-83a4-4b18babf2a98	3	129778037	174826618	27716	0.1975
2430260f-1a0f-477e-83a4-4b18babf2a98	3	174828895	174883280	49	-0.6452
2430260f-1a0f-477e-83a4-4b18babf2a98	3	174890867	175046181	109	0.2486
2430260f-1a0f-477e-83a4-4b18babf2a98	3	175046277	175147509	60	-0.6558
2430260f-1a0f-477e-83a4-4b18babf2a98	3	175151349	175217916	55	-3.5584
2430260f-1a0f-477e-83a4-4b18babf2a98	3	175222949	175238089	40	-1.7506
2430260f-1a0f-477e-83a4-4b18babf2a98	3	175238972	175333326	75	-3.8852
2430260f-1a0f-477e-83a4-4b18babf2a98	3	175333425	176908074	1026	-0.6975
2430260f-1a0f-477e-83a4-4b18babf2a98	3	176909307	177511542	354	-0.4877
2430260f-1a0f-477e-83a4-4b18babf2a98	3	177512300	179169846	1044	-0.6531
2430260f-1a0f-477e-83a4-4b18babf2a98	3	179170135	179174436	8	0.5766
2430260f-1a0f-477e-83a4-4b18babf2a98	3	179174457	187076315	4674	-0.6583
2430260f-1a0f-477e-83a4-4b18babf2a98	3	187076722	189051567	1476	-0.7435
2430260f-1a0f-477e-83a4-4b18babf2a98	3	189052456	193133056	2893	-0.6474
2430260f-1a0f-477e-83a4-4b18babf2a98	3	193133076	193133115	2	-3.3059
2430260f-1a0f-477e-83a4-4b18babf2a98	3	193133574	193160113	29	-0.62
2430260f-1a0f-477e-83a4-4b18babf2a98	3	193160173	193165114	19	2.0279
2430260f-1a0f-477e-83a4-4b18babf2a98	3	193168646	193416144	174	-0.7221
2430260f-1a0f-477e-83a4-4b18babf2a98	3	193416346	193432644	20	-0.085
2430260f-1a0f-477e-83a4-4b18babf2a98	3	193432780	194822177	886	-0.6294
2430260f-1a0f-477e-83a4-4b18babf2a98	3	194822241	195558822	397	0.1862
2430260f-1a0f-477e-83a4-4b18babf2a98	3	195559056	195728637	27	0.884
2430260f-1a0f-477e-83a4-4b18babf2a98	3	195728990	198169247	1183	0.248
2430260f-1a0f-477e-83a4-4b18babf2a98	4	68929	4320314	1765	-0.6039
2430260f-1a0f-477e-83a4-4b18babf2a98	4	4321317	6408561	1714	-0.7264
2430260f-1a0f-477e-83a4-4b18babf2a98	4	6409019	10208766	2196	-0.608
2430260f-1a0f-477e-83a4-4b18babf2a98	4	10221792	10227303	8	-1.5023
2430260f-1a0f-477e-83a4-4b18babf2a98	4	10227493	10233644	27	-2.5309
2430260f-1a0f-477e-83a4-4b18babf2a98	4	10234518	20438853	7491	-0.6835
2430260f-1a0f-477e-83a4-4b18babf2a98	4	20445221	20534122	54	0.2625
2430260f-1a0f-477e-83a4-4b18babf2a98	4	20534253	22130041	1249	-0.6507
2430260f-1a0f-477e-83a4-4b18babf2a98	4	22133701	22219182	60	-3.2384
2430260f-1a0f-477e-83a4-4b18babf2a98	4	22221892	25014129	1922	-0.7094
2430260f-1a0f-477e-83a4-4b18babf2a98	4	25015209	25016113	2	-3.6538
2430260f-1a0f-477e-83a4-4b18babf2a98	4	25018572	27138062	1368	-0.6707
2430260f-1a0f-477e-83a4-4b18babf2a98	4	27139305	27147136	5	-2.0132
2430260f-1a0f-477e-83a4-4b18babf2a98	4	27147412	34777353	4761	-0.6635
2430260f-1a0f-477e-83a4-4b18babf2a98	4	34777382	34830245	49	-0.1988
2430260f-1a0f-477e-83a4-4b18babf2a98	4	34833940	36854599	1325	-0.6873
2430260f-1a0f-477e-83a4-4b18babf2a98	4	36862260	36873905	9	-1.8563
2430260f-1a0f-477e-83a4-4b18babf2a98	4	36874189	38491144	1254	-0.6857
2430260f-1a0f-477e-83a4-4b18babf2a98	4	38491330	42336259	2330	0.2563
2430260f-1a0f-477e-83a4-4b18babf2a98	4	42336669	43123003	573	0.1917
2430260f-1a0f-477e-83a4-4b18babf2a98	4	43123053	43148055	24	-0.357
2430260f-1a0f-477e-83a4-4b18babf2a98	4	43154418	46194361	1756	0.1896
2430260f-1a0f-477e-83a4-4b18babf2a98	4	46202166	46203069	2	-2.0382
2430260f-1a0f-477e-83a4-4b18babf2a98	4	46204657	47818942	884	0.1922
2430260f-1a0f-477e-83a4-4b18babf2a98	4	47819380	49214614	796	0.2992
2430260f-1a0f-477e-83a4-4b18babf2a98	4	49289175	49289338	2	-2.0624
2430260f-1a0f-477e-83a4-4b18babf2a98	4	49295203	68354665	10461	0.2005
2430260f-1a0f-477e-83a4-4b18babf2a98	4	68361130	68620261	89	0.6164
2430260f-1a0f-477e-83a4-4b18babf2a98	4	68623617	69445504	416	0.1856
2430260f-1a0f-477e-83a4-4b18babf2a98	4	69445657	69450639	3	-1.6108
2430260f-1a0f-477e-83a4-4b18babf2a98	4	69452478	75396283	3609	0.1894
2430260f-1a0f-477e-83a4-4b18babf2a98	4	75398065	114252472	23597	-0.671
2430260f-1a0f-477e-83a4-4b18babf2a98	4	114252500	114261019	25	0.2799
2430260f-1a0f-477e-83a4-4b18babf2a98	4	114263073	117196432	1788	-0.6637
2430260f-1a0f-477e-83a4-4b18babf2a98	4	117202864	121360818	2546	0.2015
2430260f-1a0f-477e-83a4-4b18babf2a98	4	121361313	121363014	24	-0.7633
2430260f-1a0f-477e-83a4-4b18babf2a98	4	121363400	146129034	14454	0.2013
2430260f-1a0f-477e-83a4-4b18babf2a98	4	146131000	146134466	2	-2.6648
2430260f-1a0f-477e-83a4-4b18babf2a98	4	146134736	160958972	9139	0.1896
2430260f-1a0f-477e-83a4-4b18babf2a98	4	160958989	160963815	22	-0.3698
2430260f-1a0f-477e-83a4-4b18babf2a98	4	160963825	164952305	2628	0.1796
2430260f-1a0f-477e-83a4-4b18babf2a98	4	164961141	170347043	3351	0.2596
2430260f-1a0f-477e-83a4-4b18babf2a98	4	170347051	171447291	684	0.1802
2430260f-1a0f-477e-83a4-4b18babf2a98	4	171447380	171456559	12	-0.5415
2430260f-1a0f-477e-83a4-4b18babf2a98	4	171456573	176301465	2831	0.1906
2430260f-1a0f-477e-83a4-4b18babf2a98	4	176303298	190106768	9626	-0.707
2430260f-1a0f-477e-83a4-4b18babf2a98	5	15532	37013	12	0.3216
2430260f-1a0f-477e-83a4-4b18babf2a98	5	40030	438449	184	0.7289
2430260f-1a0f-477e-83a4-4b18babf2a98	5	445158	1800744	673	0.8282
2430260f-1a0f-477e-83a4-4b18babf2a98	5	1801070	2825635	923	0.6863
2430260f-1a0f-477e-83a4-4b18babf2a98	5	2827506	9919208	6244	0.1619
2430260f-1a0f-477e-83a4-4b18babf2a98	5	9921262	10889771	801	0.2807
2430260f-1a0f-477e-83a4-4b18babf2a98	5	10892342	12800777	1349	0.1643
2430260f-1a0f-477e-83a4-4b18babf2a98	5	12815668	12826538	11	1.1629
2430260f-1a0f-477e-83a4-4b18babf2a98	5	12833745	14943347	1523	0.2084
2430260f-1a0f-477e-83a4-4b18babf2a98	5	14946745	15155209	134	1.1467
2430260f-1a0f-477e-83a4-4b18babf2a98	5	15160727	16672323	999	0.1738
2430260f-1a0f-477e-83a4-4b18babf2a98	5	16672530	17200006	327	0.3287
2430260f-1a0f-477e-83a4-4b18babf2a98	5	17200080	21451168	2527	0.1869
2430260f-1a0f-477e-83a4-4b18babf2a98	5	21451855	21451889	2	-2.9688
2430260f-1a0f-477e-83a4-4b18babf2a98	5	21452329	27509274	3529	0.1945
2430260f-1a0f-477e-83a4-4b18babf2a98	5	27521042	27533552	16	-0.6435
2430260f-1a0f-477e-83a4-4b18babf2a98	5	27535302	30849231	1958	0.1923
2430260f-1a0f-477e-83a4-4b18babf2a98	5	30853136	33527913	1955	0.2649
2430260f-1a0f-477e-83a4-4b18babf2a98	5	33529158	58025819	12568	0.1741
2430260f-1a0f-477e-83a4-4b18babf2a98	5	58030200	58037706	32	1.6518
2430260f-1a0f-477e-83a4-4b18babf2a98	5	58042530	58371088	267	0.2026
2430260f-1a0f-477e-83a4-4b18babf2a98	5	58371676	69528390	7005	-0.6989
2430260f-1a0f-477e-83a4-4b18babf2a98	5	69529174	71376112	38	-0.0662
2430260f-1a0f-477e-83a4-4b18babf2a98	5	71384301	118039850	28787	-0.6911
2430260f-1a0f-477e-83a4-4b18babf2a98	5	118042957	119000035	648	0.1912
2430260f-1a0f-477e-83a4-4b18babf2a98	5	119009539	119063517	26	-0.4928
2430260f-1a0f-477e-83a4-4b18babf2a98	5	119068601	126753817	5085	0.1845
2430260f-1a0f-477e-83a4-4b18babf2a98	5	126757736	126797777	16	-0.6691
2430260f-1a0f-477e-83a4-4b18babf2a98	5	126801418	156231796	18409	0.1824
2430260f-1a0f-477e-83a4-4b18babf2a98	5	156234455	165775327	6265	0.1432
2430260f-1a0f-477e-83a4-4b18babf2a98	5	165778306	165783100	8	-0.7744
2430260f-1a0f-477e-83a4-4b18babf2a98	5	165786160	166881648	838	0.1418
2430260f-1a0f-477e-83a4-4b18babf2a98	5	166881864	168229270	1022	0.1915
2430260f-1a0f-477e-83a4-4b18babf2a98	5	168231597	168514985	209	0.3538
2430260f-1a0f-477e-83a4-4b18babf2a98	5	168515593	168738394	134	0.1812
2430260f-1a0f-477e-83a4-4b18babf2a98	5	168743570	168753618	17	1.0728
2430260f-1a0f-477e-83a4-4b18babf2a98	5	168754627	171908150	2451	0.6889
2430260f-1a0f-477e-83a4-4b18babf2a98	5	171908509	172092326	101	0.878
2430260f-1a0f-477e-83a4-4b18babf2a98	5	172092472	172163545	68	0.3373
2430260f-1a0f-477e-83a4-4b18babf2a98	5	172163675	173183241	679	0.8058
2430260f-1a0f-477e-83a4-4b18babf2a98	5	173183907	175727757	2032	0.6683
2430260f-1a0f-477e-83a4-4b18babf2a98	5	175728253	180947484	2662	0.7533
2430260f-1a0f-477e-83a4-4b18babf2a98	5	180947523	181015400	23	-0.25
2430260f-1a0f-477e-83a4-4b18babf2a98	5	181015441	181363319	167	0.7175
2430260f-1a0f-477e-83a4-4b18babf2a98	6	149661	5902435	4743	0.1417
2430260f-1a0f-477e-83a4-4b18babf2a98	6	5903761	5919469	14	0.7998
2430260f-1a0f-477e-83a4-4b18babf2a98	6	5919511	29869295	16900	1.0694
2430260f-1a0f-477e-83a4-4b18babf2a98	6	29869410	29953350	53	1.4282
2430260f-1a0f-477e-83a4-4b18babf2a98	6	29953446	30730154	299	0.9794
2430260f-1a0f-477e-83a4-4b18babf2a98	6	30746702	31208825	248	1.1597
2430260f-1a0f-477e-83a4-4b18babf2a98	6	31210138	31313046	78	0.9805
2430260f-1a0f-477e-83a4-4b18babf2a98	6	31318499	31328176	8	-1.8838
2430260f-1a0f-477e-83a4-4b18babf2a98	6	31328210	32089711	282	1.0741
2430260f-1a0f-477e-83a4-4b18babf2a98	6	32089726	32656814	280	0.5869
2430260f-1a0f-477e-83a4-4b18babf2a98	6	32657318	32658841	4	-1.9777
2430260f-1a0f-477e-83a4-4b18babf2a98	6	32682835	37969955	3153	0.7485
2430260f-1a0f-477e-83a4-4b18babf2a98	6	37976298	41283223	2505	0.1289
2430260f-1a0f-477e-83a4-4b18babf2a98	6	41283346	44347110	1697	0.2601
2430260f-1a0f-477e-83a4-4b18babf2a98	6	44349492	66715796	12030	0.1917
2430260f-1a0f-477e-83a4-4b18babf2a98	6	66716011	66971529	215	0.2557
2430260f-1a0f-477e-83a4-4b18babf2a98	6	66971531	66974638	11	-0.7936
2430260f-1a0f-477e-83a4-4b18babf2a98	6	66978190	67756677	551	0.2369
2430260f-1a0f-477e-83a4-4b18babf2a98	6	67757466	67765638	5	-0.9493
2430260f-1a0f-477e-83a4-4b18babf2a98	6	67767870	68484031	457	0.2009
2430260f-1a0f-477e-83a4-4b18babf2a98	6	68484975	68513342	18	-0.7969
2430260f-1a0f-477e-83a4-4b18babf2a98	6	68514739	72153222	2354	0.1783
2430260f-1a0f-477e-83a4-4b18babf2a98	6	72156821	72157169	2	-3.4014
2430260f-1a0f-477e-83a4-4b18babf2a98	6	72158860	76710720	2858	0.2184
2430260f-1a0f-477e-83a4-4b18babf2a98	6	76711665	76742956	30	-0.4756
2430260f-1a0f-477e-83a4-4b18babf2a98	6	76742972	78252909	977	0.2055
2430260f-1a0f-477e-83a4-4b18babf2a98	6	78253157	78263059	16	-0.6567
2430260f-1a0f-477e-83a4-4b18babf2a98	6	78263079	78336185	106	-0.2049
2430260f-1a0f-477e-83a4-4b18babf2a98	6	78336944	91561103	8371	0.2073
2430260f-1a0f-477e-83a4-4b18babf2a98	6	91570352	99340399	4735	0.156
2430260f-1a0f-477e-83a4-4b18babf2a98	6	99343630	125360456	15947	0.1986
2430260f-1a0f-477e-83a4-4b18babf2a98	6	125360506	125506689	119	-0.6988
2430260f-1a0f-477e-83a4-4b18babf2a98	6	125512602	125607195	55	-3.4686
2430260f-1a0f-477e-83a4-4b18babf2a98	6	125611549	125862546	174	-0.6616
2430260f-1a0f-477e-83a4-4b18babf2a98	6	125865048	125865630	2	-2.9344
2430260f-1a0f-477e-83a4-4b18babf2a98	6	125867747	125990618	68	-0.6892
2430260f-1a0f-477e-83a4-4b18babf2a98	6	125994759	128658577	1438	0.2164
2430260f-1a0f-477e-83a4-4b18babf2a98	6	128658668	148102235	12831	0.1729
2430260f-1a0f-477e-83a4-4b18babf2a98	6	148102317	154057342	4329	0.232
2430260f-1a0f-477e-83a4-4b18babf2a98	6	154060762	154201527	119	0.7614
2430260f-1a0f-477e-83a4-4b18babf2a98	6	154203091	155190980	633	0.2962
2430260f-1a0f-477e-83a4-4b18babf2a98	6	155191446	157358463	1457	0.1762
2430260f-1a0f-477e-83a4-4b18babf2a98	6	157360232	157408585	8	1.4323
2430260f-1a0f-477e-83a4-4b18babf2a98	6	157414539	163434033	4366	0.2135
2430260f-1a0f-477e-83a4-4b18babf2a98	6	163435750	163451877	6	-1.3259
2430260f-1a0f-477e-83a4-4b18babf2a98	6	163454429	163540537	45	-0.1941
2430260f-1a0f-477e-83a4-4b18babf2a98	6	163542684	170605661	4962	0.2047
2430260f-1a0f-477e-83a4-4b18babf2a98	6	170608943	170741917	3	-0.7148
2430260f-1a0f-477e-83a4-4b18babf2a98	7	43355	2953838	1061	-0.6231
2430260f-1a0f-477e-83a4-4b18babf2a98	7	2956823	4520589	1338	-0.7855
2430260f-1a0f-477e-83a4-4b18babf2a98	7	4526963	20844105	12359	-0.6684
2430260f-1a0f-477e-83a4-4b18babf2a98	7	20846814	24138623	2431	0.6865
2430260f-1a0f-477e-83a4-4b18babf2a98	7	24139272	24139446	4	-0.5702
2430260f-1a0f-477e-83a4-4b18babf2a98	7	24140042	25661511	1270	0.6374
2430260f-1a0f-477e-83a4-4b18babf2a98	7	25664139	25816675	124	1.287
2430260f-1a0f-477e-83a4-4b18babf2a98	7	25821518	31866001	4313	0.702
2430260f-1a0f-477e-83a4-4b18babf2a98	7	31869064	47312360	10441	0.1687
2430260f-1a0f-477e-83a4-4b18babf2a98	7	47313430	47650800	234	0.3808
2430260f-1a0f-477e-83a4-4b18babf2a98	7	47651805	54305455	4840	0.1863
2430260f-1a0f-477e-83a4-4b18babf2a98	7	54318812	54318824	6	-2.0329
2430260f-1a0f-477e-83a4-4b18babf2a98	7	54325795	55532206	1033	0.2107
2430260f-1a0f-477e-83a4-4b18babf2a98	7	55535058	56277980	344	0.331
2430260f-1a0f-477e-83a4-4b18babf2a98	7	56280182	68934786	3530	0.1721
2430260f-1a0f-477e-83a4-4b18babf2a98	7	68941073	68942063	2	-2.6358
2430260f-1a0f-477e-83a4-4b18babf2a98	7	68942209	70955452	1215	0.1321
2430260f-1a0f-477e-83a4-4b18babf2a98	7	70958264	70961155	2	-2.2399
2430260f-1a0f-477e-83a4-4b18babf2a98	7	70963257	72577927	1083	0.157
2430260f-1a0f-477e-83a4-4b18babf2a98	7	72578056	76818403	1151	0.3066
2430260f-1a0f-477e-83a4-4b18babf2a98	7	76818417	83405749	4428	0.1947
2430260f-1a0f-477e-83a4-4b18babf2a98	7	83406011	84789749	978	0.2765
2430260f-1a0f-477e-83a4-4b18babf2a98	7	84789831	92834562	5003	0.1888
2430260f-1a0f-477e-83a4-4b18babf2a98	7	92838421	97095273	2630	0.1316
2430260f-1a0f-477e-83a4-4b18babf2a98	7	97095975	105946044	4524	0.1922
2430260f-1a0f-477e-83a4-4b18babf2a98	7	105946407	105946772	5	-1.9693
2430260f-1a0f-477e-83a4-4b18babf2a98	7	105946995	107565224	1006	0.1515
2430260f-1a0f-477e-83a4-4b18babf2a98	7	107567074	107724973	87	0.6683
2430260f-1a0f-477e-83a4-4b18babf2a98	7	107728069	109793741	1404	0.2066
2430260f-1a0f-477e-83a4-4b18babf2a98	7	109797035	109800866	23	0.7903
2430260f-1a0f-477e-83a4-4b18babf2a98	7	109801155	116511411	4025	0.1863
2430260f-1a0f-477e-83a4-4b18babf2a98	7	116511730	126404920	6016	0.7355
2430260f-1a0f-477e-83a4-4b18babf2a98	7	126405428	126406561	12	-0.735
2430260f-1a0f-477e-83a4-4b18babf2a98	7	126406822	130875506	2473	0.7184
2430260f-1a0f-477e-83a4-4b18babf2a98	7	130877319	130895299	24	1.4138
2430260f-1a0f-477e-83a4-4b18babf2a98	7	130895584	131729905	561	0.7447
2430260f-1a0f-477e-83a4-4b18babf2a98	7	131731169	134433121	1932	0.6429
2430260f-1a0f-477e-83a4-4b18babf2a98	7	134433731	142069843	4939	0.7263
2430260f-1a0f-477e-83a4-4b18babf2a98	7	142069880	142092307	33	-0.3709
2430260f-1a0f-477e-83a4-4b18babf2a98	7	142099190	150643123	5086	0.7235
2430260f-1a0f-477e-83a4-4b18babf2a98	7	150643707	150644630	3	-1.0529
2430260f-1a0f-477e-83a4-4b18babf2a98	7	150644773	150775090	104	0.6777
2430260f-1a0f-477e-83a4-4b18babf2a98	7	150777850	152949771	1153	0.7812
2430260f-1a0f-477e-83a4-4b18babf2a98	7	152951856	159334314	4515	0.6903
2430260f-1a0f-477e-83a4-4b18babf2a98	8	81254	162796	2	0.5677
2430260f-1a0f-477e-83a4-4b18babf2a98	8	163380	644973	319	-0.7608
2430260f-1a0f-477e-83a4-4b18babf2a98	8	645220	645908	8	2.1651
2430260f-1a0f-477e-83a4-4b18babf2a98	8	656117	6116367	6125	-0.7385
2430260f-1a0f-477e-83a4-4b18babf2a98	8	6119244	6956923	1097	-0.6445
2430260f-1a0f-477e-83a4-4b18babf2a98	8	6957134	6957806	5	-2.2288
2430260f-1a0f-477e-83a4-4b18babf2a98	8	6958057	7473830	163	-0.6384
2430260f-1a0f-477e-83a4-4b18babf2a98	8	7477487	7930192	18	-1.7127
2430260f-1a0f-477e-83a4-4b18babf2a98	8	7941868	8374627	157	-0.4162
2430260f-1a0f-477e-83a4-4b18babf2a98	8	8374755	8527826	145	-0.6832
2430260f-1a0f-477e-83a4-4b18babf2a98	8	8528133	8528932	7	0.312
2430260f-1a0f-477e-83a4-4b18babf2a98	8	8530797	9350884	805	-0.6216
2430260f-1a0f-477e-83a4-4b18babf2a98	8	9351551	9354213	2	-2.479
2430260f-1a0f-477e-83a4-4b18babf2a98	8	9356189	9549887	174	-0.671
2430260f-1a0f-477e-83a4-4b18babf2a98	8	9550080	9613550	38	-0.4552
2430260f-1a0f-477e-83a4-4b18babf2a98	8	9613947	12374772	1904	-0.7117
2430260f-1a0f-477e-83a4-4b18babf2a98	8	12374907	12382326	8	-2.7258
2430260f-1a0f-477e-83a4-4b18babf2a98	8	12382653	12385031	10	-0.6583
2430260f-1a0f-477e-83a4-4b18babf2a98	8	12387683	12389977	7	-2.3068
2430260f-1a0f-477e-83a4-4b18babf2a98	8	12418301	16404738	3523	-0.6719
2430260f-1a0f-477e-83a4-4b18babf2a98	8	16404755	16417152	26	-1.8056
2430260f-1a0f-477e-83a4-4b18babf2a98	8	16421186	20437237	3562	-0.6477
2430260f-1a0f-477e-83a4-4b18babf2a98	8	20442261	21632647	1086	-0.7548
2430260f-1a0f-477e-83a4-4b18babf2a98	8	21636972	24446786	1643	-0.6405
2430260f-1a0f-477e-83a4-4b18babf2a98	8	24448470	24579532	107	0.2269
2430260f-1a0f-477e-83a4-4b18babf2a98	8	24584704	24994066	347	0.1135
2430260f-1a0f-477e-83a4-4b18babf2a98	8	24997964	31522403	4506	0.242
2430260f-1a0f-477e-83a4-4b18babf2a98	8	31528233	36975154	3325	0.1741
2430260f-1a0f-477e-83a4-4b18babf2a98	8	36984444	39373140	1295	0.278
2430260f-1a0f-477e-83a4-4b18babf2a98	8	39378084	39529446	58	-2.1793
2430260f-1a0f-477e-83a4-4b18babf2a98	8	39530780	55815420	8333	0.1968
2430260f-1a0f-477e-83a4-4b18babf2a98	8	55816364	56176722	207	0.3636
2430260f-1a0f-477e-83a4-4b18babf2a98	8	56177276	77225417	13180	0.1849
2430260f-1a0f-477e-83a4-4b18babf2a98	8	77239271	77262565	21	-0.6766
2430260f-1a0f-477e-83a4-4b18babf2a98	8	77265858	93559875	9366	0.1769
2430260f-1a0f-477e-83a4-4b18babf2a98	8	93571425	93882715	163	0.736
2430260f-1a0f-477e-83a4-4b18babf2a98	8	93883205	93943611	38	1.0019
2430260f-1a0f-477e-83a4-4b18babf2a98	8	93944253	95235040	828	0.6965
2430260f-1a0f-477e-83a4-4b18babf2a98	8	95237258	99896706	2866	0.6386
2430260f-1a0f-477e-83a4-4b18babf2a98	8	99900424	99930962	16	1.2131
2430260f-1a0f-477e-83a4-4b18babf2a98	8	99938162	105945957	3737	0.6518
2430260f-1a0f-477e-83a4-4b18babf2a98	8	105946859	106419617	313	0.7304
2430260f-1a0f-477e-83a4-4b18babf2a98	8	106421260	110512893	2506	1.0271
2430260f-1a0f-477e-83a4-4b18babf2a98	8	110513440	110618810	72	0.636
2430260f-1a0f-477e-83a4-4b18babf2a98	8	110628685	111279265	342	1.0816
2430260f-1a0f-477e-83a4-4b18babf2a98	8	111282050	111283031	10	-0.4758
2430260f-1a0f-477e-83a4-4b18babf2a98	8	111288052	123313525	7739	1.0491
2430260f-1a0f-477e-83a4-4b18babf2a98	8	123316871	139708638	12622	1.3154
2430260f-1a0f-477e-83a4-4b18babf2a98	8	139708796	143222462	1915	1.4613
2430260f-1a0f-477e-83a4-4b18babf2a98	8	143227585	143227843	6	-0.1679
2430260f-1a0f-477e-83a4-4b18babf2a98	8	143228213	145072769	636	1.4929
2430260f-1a0f-477e-83a4-4b18babf2a98	9	46587	203310	20	0.1378
2430260f-1a0f-477e-83a4-4b18babf2a98	9	208366	489338	352	0.6987
2430260f-1a0f-477e-83a4-4b18babf2a98	9	491571	2736539	2566	0.157
2430260f-1a0f-477e-83a4-4b18babf2a98	9	2736707	7564646	4375	0.2115
2430260f-1a0f-477e-83a4-4b18babf2a98	9	7565416	10523295	2739	0.1604
2430260f-1a0f-477e-83a4-4b18babf2a98	9	10523383	10523685	2	-4.1605
2430260f-1a0f-477e-83a4-4b18babf2a98	9	10524041	11992604	1187	0.1839
2430260f-1a0f-477e-83a4-4b18babf2a98	9	11995297	12526333	425	-0.9016
2430260f-1a0f-477e-83a4-4b18babf2a98	9	12527414	24504127	9552	0.21
2430260f-1a0f-477e-83a4-4b18babf2a98	9	24504670	24517684	18	-0.7541
2430260f-1a0f-477e-83a4-4b18babf2a98	9	24519686	27800125	2466	0.1983
2430260f-1a0f-477e-83a4-4b18babf2a98	9	27802615	27901737	101	-0.7036
2430260f-1a0f-477e-83a4-4b18babf2a98	9	27905144	30286208	1802	0.1411
2430260f-1a0f-477e-83a4-4b18babf2a98	9	30288267	41644133	5653	0.2191
2430260f-1a0f-477e-83a4-4b18babf2a98	9	41644288	41646850	4	-1.1685
2430260f-1a0f-477e-83a4-4b18babf2a98	9	41659472	76639885	6356	0.2046
2430260f-1a0f-477e-83a4-4b18babf2a98	9	76643479	76962091	279	0.3565
2430260f-1a0f-477e-83a4-4b18babf2a98	9	76962145	84387897	5241	0.2037
2430260f-1a0f-477e-83a4-4b18babf2a98	9	84388847	85472596	875	0.1127
2430260f-1a0f-477e-83a4-4b18babf2a98	9	85473420	88998595	2419	0.1934
2430260f-1a0f-477e-83a4-4b18babf2a98	9	89001037	90868271	1389	0.1306
2430260f-1a0f-477e-83a4-4b18babf2a98	9	90868775	90869638	2	-1.5304
2430260f-1a0f-477e-83a4-4b18babf2a98	9	90873988	91639986	620	0.1422
2430260f-1a0f-477e-83a4-4b18babf2a98	9	91640036	91641163	14	-0.6869
2430260f-1a0f-477e-83a4-4b18babf2a98	9	91641263	117098238	18167	0.1877
2430260f-1a0f-477e-83a4-4b18babf2a98	9	117098528	118670101	1288	0.112
2430260f-1a0f-477e-83a4-4b18babf2a98	9	118670808	119761731	964	0.187
2430260f-1a0f-477e-83a4-4b18babf2a98	9	119761996	124481221	3065	0.2281
2430260f-1a0f-477e-83a4-4b18babf2a98	9	124481855	124567145	40	-0.6008
2430260f-1a0f-477e-83a4-4b18babf2a98	9	124573639	127452970	1780	0.2216
2430260f-1a0f-477e-83a4-4b18babf2a98	9	127453000	130590303	1478	0.3177
2430260f-1a0f-477e-83a4-4b18babf2a98	9	130593035	130899385	335	0.2317
2430260f-1a0f-477e-83a4-4b18babf2a98	9	130901156	135839085	3031	-0.633
2430260f-1a0f-477e-83a4-4b18babf2a98	9	135847529	137749858	558	-0.4933
2430260f-1a0f-477e-83a4-4b18babf2a98	9	137749999	138200944	266	-0.6321
2430260f-1a0f-477e-83a4-4b18babf2a98	10	45792	4934982	4287	0.1904
2430260f-1a0f-477e-83a4-4b18babf2a98	10	4941398	6369412	1111	0.2675
2430260f-1a0f-477e-83a4-4b18babf2a98	10	6369488	6369519	3	1.4477
2430260f-1a0f-477e-83a4-4b18babf2a98	10	6376792	6754117	413	0.2643
2430260f-1a0f-477e-83a4-4b18babf2a98	10	6755973	11350668	3930	0.1667
2430260f-1a0f-477e-83a4-4b18babf2a98	10	11351190	13007885	1162	0.2675
2430260f-1a0f-477e-83a4-4b18babf2a98	10	13008005	13008170	5	-1.0648
2430260f-1a0f-477e-83a4-4b18babf2a98	10	13008428	15422995	2091	0.2416
2430260f-1a0f-477e-83a4-4b18babf2a98	10	15423292	20551945	3978	0.1763
2430260f-1a0f-477e-83a4-4b18babf2a98	10	20561183	20564574	5	-1.336
2430260f-1a0f-477e-83a4-4b18babf2a98	10	20564605	29576149	6122	0.1889
2430260f-1a0f-477e-83a4-4b18babf2a98	10	29576166	29589093	17	0.5814
2430260f-1a0f-477e-83a4-4b18babf2a98	10	29590302	29801297	174	0.2816
2430260f-1a0f-477e-83a4-4b18babf2a98	10	29801849	29862302	54	0.4975
2430260f-1a0f-477e-83a4-4b18babf2a98	10	29865526	29912918	47	0.005
2430260f-1a0f-477e-83a4-4b18babf2a98	10	29913317	30825207	723	0.2494
2430260f-1a0f-477e-83a4-4b18babf2a98	10	30825256	30957563	80	0.072
2430260f-1a0f-477e-83a4-4b18babf2a98	10	30957581	30962956	14	-0.5279
2430260f-1a0f-477e-83a4-4b18babf2a98	10	30963480	32308048	863	0.1578
2430260f-1a0f-477e-83a4-4b18babf2a98	10	32308403	32314786	8	-0.7577
2430260f-1a0f-477e-83a4-4b18babf2a98	10	32316012	45574604	6272	0.2035
2430260f-1a0f-477e-83a4-4b18babf2a98	10	45577424	45592613	13	-0.5139
2430260f-1a0f-477e-83a4-4b18babf2a98	10	45593515	46489651	281	0.1947
2430260f-1a0f-477e-83a4-4b18babf2a98	10	46514459	46554143	33	0.7303
2430260f-1a0f-477e-83a4-4b18babf2a98	10	46554197	46810571	22	-0.1926
2430260f-1a0f-477e-83a4-4b18babf2a98	10	46836986	47460004	287	0.157
2430260f-1a0f-477e-83a4-4b18babf2a98	10	47559592	47724261	10	1.0623
2430260f-1a0f-477e-83a4-4b18babf2a98	10	47729691	48187568	19	0.3329
2430260f-1a0f-477e-83a4-4b18babf2a98	10	48188464	49533205	1119	0.1414
2430260f-1a0f-477e-83a4-4b18babf2a98	10	49535103	50931992	724	0.2536
2430260f-1a0f-477e-83a4-4b18babf2a98	10	50934320	51002704	51	0.7079
2430260f-1a0f-477e-83a4-4b18babf2a98	10	51003127	55878059	3771	0.18
2430260f-1a0f-477e-83a4-4b18babf2a98	10	55878709	55894343	7	-1.0879
2430260f-1a0f-477e-83a4-4b18babf2a98	10	55895847	62225624	4564	0.2145
2430260f-1a0f-477e-83a4-4b18babf2a98	10	62228697	62259392	18	-0.7838
2430260f-1a0f-477e-83a4-4b18babf2a98	10	62262988	65546518	2113	0.1926
2430260f-1a0f-477e-83a4-4b18babf2a98	10	65548165	65566308	32	0.9253
2430260f-1a0f-477e-83a4-4b18babf2a98	10	65566389	67756381	1537	0.1718
2430260f-1a0f-477e-83a4-4b18babf2a98	10	67763257	70722088	1976	0.2548
2430260f-1a0f-477e-83a4-4b18babf2a98	10	70722700	70725154	5	-0.7247
2430260f-1a0f-477e-83a4-4b18babf2a98	10	70725187	72268339	1131	0.254
2430260f-1a0f-477e-83a4-4b18babf2a98	10	72275697	76020098	1766	0.2092
2430260f-1a0f-477e-83a4-4b18babf2a98	10	76021388	76027189	8	-0.8254
2430260f-1a0f-477e-83a4-4b18babf2a98	10	76028502	93456263	12079	0.1933
2430260f-1a0f-477e-83a4-4b18babf2a98	10	93457307	101539510	4993	-0.6386
2430260f-1a0f-477e-83a4-4b18babf2a98	10	101544355	104400052	1453	0.2562
2430260f-1a0f-477e-83a4-4b18babf2a98	10	104403279	108301267	2967	0.1751
2430260f-1a0f-477e-83a4-4b18babf2a98	10	108302999	119100409	7503	0.2241
2430260f-1a0f-477e-83a4-4b18babf2a98	10	119100747	119100817	2	-2.3595
2430260f-1a0f-477e-83a4-4b18babf2a98	10	119101108	130527105	8805	0.2192
2430260f-1a0f-477e-83a4-4b18babf2a98	10	130527121	130739913	168	0.015
2430260f-1a0f-477e-83a4-4b18babf2a98	10	130739931	130813061	91	0.1677
2430260f-1a0f-477e-83a4-4b18babf2a98	10	130813346	130836995	30	-4.5427
2430260f-1a0f-477e-83a4-4b18babf2a98	10	130837155	130840294	2	-1.9764
2430260f-1a0f-477e-83a4-4b18babf2a98	10	130840748	132071254	957	0.1701
2430260f-1a0f-477e-83a4-4b18babf2a98	10	132071713	133440461	558	0.3322
2430260f-1a0f-477e-83a4-4b18babf2a98	10	133444046	133621047	134	0.1241
2430260f-1a0f-477e-83a4-4b18babf2a98	10	133635853	133654968	3	-1.6317
2430260f-1a0f-477e-83a4-4b18babf2a98	11	198510	4949137	2411	-0.5973
2430260f-1a0f-477e-83a4-4b18babf2a98	11	4950775	4955042	23	-1.6362
2430260f-1a0f-477e-83a4-4b18babf2a98	11	4955781	5766175	781	-0.7094
2430260f-1a0f-477e-83a4-4b18babf2a98	11	5766850	5787909	32	-2.3948
2430260f-1a0f-477e-83a4-4b18babf2a98	11	5788108	9982567	2922	-0.6341
2430260f-1a0f-477e-83a4-4b18babf2a98	11	9988704	14195502	3500	0.7328
2430260f-1a0f-477e-83a4-4b18babf2a98	11	14196328	18919323	2973	0.2078
2430260f-1a0f-477e-83a4-4b18babf2a98	11	18927525	18940469	46	-0.9794
2430260f-1a0f-477e-83a4-4b18babf2a98	11	18940586	20884506	1737	0.2471
2430260f-1a0f-477e-83a4-4b18babf2a98	11	20885333	25474808	3432	0.1676
2430260f-1a0f-477e-83a4-4b18babf2a98	11	25475492	27382406	1501	0.2416
2430260f-1a0f-477e-83a4-4b18babf2a98	11	27382677	27468741	44	-0.682
2430260f-1a0f-477e-83a4-4b18babf2a98	11	27468883	43586350	11016	0.2116
2430260f-1a0f-477e-83a4-4b18babf2a98	11	43590276	48999554	2982	0.2587
2430260f-1a0f-477e-83a4-4b18babf2a98	11	49000027	54765950	760	0.1671
2430260f-1a0f-477e-83a4-4b18babf2a98	11	54766290	54790492	9	0.8918
2430260f-1a0f-477e-83a4-4b18babf2a98	11	54790493	54891697	25	0.2582
2430260f-1a0f-477e-83a4-4b18babf2a98	11	54891768	55573164	234	0.0197
2430260f-1a0f-477e-83a4-4b18babf2a98	11	55573277	60769381	3186	0.2196
2430260f-1a0f-477e-83a4-4b18babf2a98	11	60771911	62806406	1094	0.3172
2430260f-1a0f-477e-83a4-4b18babf2a98	11	62810056	64079894	609	0.2039
2430260f-1a0f-477e-83a4-4b18babf2a98	11	64081858	68458551	1685	0.3135
2430260f-1a0f-477e-83a4-4b18babf2a98	11	68462557	78808578	5575	0.2244
2430260f-1a0f-477e-83a4-4b18babf2a98	11	78812543	78931976	96	-0.6608
2430260f-1a0f-477e-83a4-4b18babf2a98	11	78932297	80265116	1098	0.2224
2430260f-1a0f-477e-83a4-4b18babf2a98	11	80265163	85745660	3856	0.1635
2430260f-1a0f-477e-83a4-4b18babf2a98	11	85745806	95451191	6575	0.2141
2430260f-1a0f-477e-83a4-4b18babf2a98	11	95452865	95453749	4	-2.0193
2430260f-1a0f-477e-83a4-4b18babf2a98	11	95455006	101723653	4848	0.2274
2430260f-1a0f-477e-83a4-4b18babf2a98	11	101727129	101727233	4	1.3829
2430260f-1a0f-477e-83a4-4b18babf2a98	11	101727481	102158098	269	0.2368
2430260f-1a0f-477e-83a4-4b18babf2a98	11	102165644	102198873	23	0.8098
2430260f-1a0f-477e-83a4-4b18babf2a98	11	102199292	119379350	11611	0.1972
2430260f-1a0f-477e-83a4-4b18babf2a98	11	119382547	122126102	1998	0.7104
2430260f-1a0f-477e-83a4-4b18babf2a98	11	122128322	122374405	178	1.1223
2430260f-1a0f-477e-83a4-4b18babf2a98	11	122376609	124608429	1703	0.7192
2430260f-1a0f-477e-83a4-4b18babf2a98	11	124609741	126547315	1309	0.8017
2430260f-1a0f-477e-83a4-4b18babf2a98	11	126547978	128089145	1218	0.685
2430260f-1a0f-477e-83a4-4b18babf2a98	11	128092367	128099570	5	-0.5959
2430260f-1a0f-477e-83a4-4b18babf2a98	11	128102158	128873123	791	0.734
2430260f-1a0f-477e-83a4-4b18babf2a98	11	128874185	130794396	1192	0.8172
2430260f-1a0f-477e-83a4-4b18babf2a98	11	130797832	133017004	1878	0.6864
2430260f-1a0f-477e-83a4-4b18babf2a98	11	133017370	133019762	2	-1.2237
2430260f-1a0f-477e-83a4-4b18babf2a98	11	133021163	134739672	1275	0.7112
2430260f-1a0f-477e-83a4-4b18babf2a98	11	134740048	135074876	276	0.5368
2430260f-1a0f-477e-83a4-4b18babf2a98	12	51460	5988174	4426	0.1639
2430260f-1a0f-477e-83a4-4b18babf2a98	12	5989286	8029476	1012	0.2802
2430260f-1a0f-477e-83a4-4b18babf2a98	12	8035010	9477960	731	0.1476
2430260f-1a0f-477e-83a4-4b18babf2a98	12	9481274	9562969	23	-1.9225
2430260f-1a0f-477e-83a4-4b18babf2a98	12	9575696	11351008	1175	0.1848
2430260f-1a0f-477e-83a4-4b18babf2a98	12	11351041	11399258	32	-0.8082
2430260f-1a0f-477e-83a4-4b18babf2a98	12	11399668	11575403	134	0.1804
2430260f-1a0f-477e-83a4-4b18babf2a98	12	11576085	11579407	4	0.9801
2430260f-1a0f-477e-83a4-4b18babf2a98	12	11579791	11650322	36	0.1307
2430260f-1a0f-477e-83a4-4b18babf2a98	12	11650686	11654250	5	0.9461
2430260f-1a0f-477e-83a4-4b18babf2a98	12	11655636	11657349	5	-1.406
2430260f-1a0f-477e-83a4-4b18babf2a98	12	11657624	11681115	36	-0.6839
2430260f-1a0f-477e-83a4-4b18babf2a98	12	11681714	11699561	26	0.0239
2430260f-1a0f-477e-83a4-4b18babf2a98	12	11699991	14750108	2332	-0.6722
2430260f-1a0f-477e-83a4-4b18babf2a98	12	14753490	16328213	992	0.1915
2430260f-1a0f-477e-83a4-4b18babf2a98	12	16334102	16387368	30	0.7669
2430260f-1a0f-477e-83a4-4b18babf2a98	12	16387371	30082648	9485	0.1924
2430260f-1a0f-477e-83a4-4b18babf2a98	12	30086334	30091000	26	-0.5217
2430260f-1a0f-477e-83a4-4b18babf2a98	12	30091017	33141726	2252	0.2137
2430260f-1a0f-477e-83a4-4b18babf2a98	12	33148472	33154440	27	-0.5589
2430260f-1a0f-477e-83a4-4b18babf2a98	12	33155426	46429861	6122	0.1882
2430260f-1a0f-477e-83a4-4b18babf2a98	12	46432146	47878732	892	-0.6538
2430260f-1a0f-477e-83a4-4b18babf2a98	12	47879931	47880031	2	-3.1458
2430260f-1a0f-477e-83a4-4b18babf2a98	12	47881534	66266238	10663	-0.6017
2430260f-1a0f-477e-83a4-4b18babf2a98	12	66267393	68580826	1781	-0.7057
2430260f-1a0f-477e-83a4-4b18babf2a98	12	68581069	91061307	13927	-0.6116
2430260f-1a0f-477e-83a4-4b18babf2a98	12	91064442	91069244	8	-5.4537
2430260f-1a0f-477e-83a4-4b18babf2a98	12	91072668	106085474	10304	-0.6483
2430260f-1a0f-477e-83a4-4b18babf2a98	12	106086351	107206990	734	0.2356
2430260f-1a0f-477e-83a4-4b18babf2a98	12	107208027	107958569	551	0.1247
2430260f-1a0f-477e-83a4-4b18babf2a98	12	107960532	113964574	3549	0.2465
2430260f-1a0f-477e-83a4-4b18babf2a98	12	113964762	114178040	238	0.0927
2430260f-1a0f-477e-83a4-4b18babf2a98	12	114178384	114200104	11	-0.5485
2430260f-1a0f-477e-83a4-4b18babf2a98	12	114201059	115845575	1490	0.1601
2430260f-1a0f-477e-83a4-4b18babf2a98	12	115845805	118548435	1823	0.2791
2430260f-1a0f-477e-83a4-4b18babf2a98	12	118548785	119034422	388	0.1155
2430260f-1a0f-477e-83a4-4b18babf2a98	12	119039831	119543772	359	0.2132
2430260f-1a0f-477e-83a4-4b18babf2a98	12	119544168	124317362	2329	0.2917
2430260f-1a0f-477e-83a4-4b18babf2a98	12	124317934	124756046	256	0.5107
2430260f-1a0f-477e-83a4-4b18babf2a98	12	124756449	125271479	333	0.3271
2430260f-1a0f-477e-83a4-4b18babf2a98	12	125272264	130061187	4261	0.1881
2430260f-1a0f-477e-83a4-4b18babf2a98	12	130061320	130272576	192	0.3776
2430260f-1a0f-477e-83a4-4b18babf2a98	12	130272718	130423477	146	0.1968
2430260f-1a0f-477e-83a4-4b18babf2a98	12	130423892	130488928	49	-0.2187
2430260f-1a0f-477e-83a4-4b18babf2a98	12	130494249	131636170	920	0.2803
2430260f-1a0f-477e-83a4-4b18babf2a98	12	131648039	131648790	13	-2.4442
2430260f-1a0f-477e-83a4-4b18babf2a98	12	131657925	133201603	559	0.309
2430260f-1a0f-477e-83a4-4b18babf2a98	13	18452809	20313721	908	-0.5942
2430260f-1a0f-477e-83a4-4b18babf2a98	13	20314239	20363048	47	-0.8103
2430260f-1a0f-477e-83a4-4b18babf2a98	13	20363772	20364084	2	-4.8169
2430260f-1a0f-477e-83a4-4b18babf2a98	13	20364866	30935928	7784	-0.729
2430260f-1a0f-477e-83a4-4b18babf2a98	13	30937518	30938267	2	-4.189
2430260f-1a0f-477e-83a4-4b18babf2a98	13	30938349	36861013	4229	-0.6953
2430260f-1a0f-477e-83a4-4b18babf2a98	13	36862130	36939466	54	0.1564
2430260f-1a0f-477e-83a4-4b18babf2a98	13	36942023	48312693	7814	-0.713
2430260f-1a0f-477e-83a4-4b18babf2a98	13	48314337	72317130	14392	-0.6564
2430260f-1a0f-477e-83a4-4b18babf2a98	13	72317872	72324442	6	-2.3805
2430260f-1a0f-477e-83a4-4b18babf2a98	13	72329817	92667690	13105	-0.6557
2430260f-1a0f-477e-83a4-4b18babf2a98	13	92670481	92695925	12	-2.3535
2430260f-1a0f-477e-83a4-4b18babf2a98	13	92696008	92701580	3	-0.6719
2430260f-1a0f-477e-83a4-4b18babf2a98	13	92701839	92728055	17	-3.872
2430260f-1a0f-477e-83a4-4b18babf2a98	13	92728260	114342922	15475	-0.6799
2430260f-1a0f-477e-83a4-4b18babf2a98	14	18239283	23710558	2696	0.2228
2430260f-1a0f-477e-83a4-4b18babf2a98	14	23714995	23945088	166	-0.6911
2430260f-1a0f-477e-83a4-4b18babf2a98	14	23945103	24031630	64	-0.287
2430260f-1a0f-477e-83a4-4b18babf2a98	14	24031792	26314697	1578	-0.6716
2430260f-1a0f-477e-83a4-4b18babf2a98	14	26314707	26314712	6	0.5025
2430260f-1a0f-477e-83a4-4b18babf2a98	14	26315707	33154991	4040	-0.6801
2430260f-1a0f-477e-83a4-4b18babf2a98	14	33155634	33156479	2	-2.9952
2430260f-1a0f-477e-83a4-4b18babf2a98	14	33158026	37081836	2741	-0.6556
2430260f-1a0f-477e-83a4-4b18babf2a98	14	37083615	37084058	5	-2.4155
2430260f-1a0f-477e-83a4-4b18babf2a98	14	37087152	41168226	2442	-0.6508
2430260f-1a0f-477e-83a4-4b18babf2a98	14	41168612	41184774	2	-4.1605
2430260f-1a0f-477e-83a4-4b18babf2a98	14	41188046	48504373	4324	-0.6512
2430260f-1a0f-477e-83a4-4b18babf2a98	14	48505126	51219134	1556	0.1819
2430260f-1a0f-477e-83a4-4b18babf2a98	14	51219857	52454935	1002	0.0918
2430260f-1a0f-477e-83a4-4b18babf2a98	14	52455334	56592711	2830	0.1679
2430260f-1a0f-477e-83a4-4b18babf2a98	14	56598305	56660245	49	-0.7179
2430260f-1a0f-477e-83a4-4b18babf2a98	14	56660271	60589222	2468	0.1536
2430260f-1a0f-477e-83a4-4b18babf2a98	14	60591424	60592418	2	-2.2758
2430260f-1a0f-477e-83a4-4b18babf2a98	14	60599500	61441575	443	0.2218
2430260f-1a0f-477e-83a4-4b18babf2a98	14	61446739	61704251	255	-3.9097
2430260f-1a0f-477e-83a4-4b18babf2a98	14	61706469	73534419	7502	0.1751
2430260f-1a0f-477e-83a4-4b18babf2a98	14	73540003	73554275	8	-2.1872
2430260f-1a0f-477e-83a4-4b18babf2a98	14	73563196	85099129	7598	0.1836
2430260f-1a0f-477e-83a4-4b18babf2a98	14	85099150	88524969	2334	0.1266
2430260f-1a0f-477e-83a4-4b18babf2a98	14	88527805	89829353	851	0.1729
2430260f-1a0f-477e-83a4-4b18babf2a98	14	89831882	92132457	1338	0.2527
2430260f-1a0f-477e-83a4-4b18babf2a98	14	92133833	96634650	3302	0.1626
2430260f-1a0f-477e-83a4-4b18babf2a98	14	96634902	98862289	1851	0.0841
2430260f-1a0f-477e-83a4-4b18babf2a98	14	98862606	102936420	2360	0.1966
2430260f-1a0f-477e-83a4-4b18babf2a98	14	102937387	104384306	657	0.2818
2430260f-1a0f-477e-83a4-4b18babf2a98	14	104390160	104395990	2	-1.3097
2430260f-1a0f-477e-83a4-4b18babf2a98	14	104400350	105613310	353	0.3116
2430260f-1a0f-477e-83a4-4b18babf2a98	14	105616252	106236294	179	0.0897
2430260f-1a0f-477e-83a4-4b18babf2a98	14	106236842	106346129	50	-0.423
2430260f-1a0f-477e-83a4-4b18babf2a98	14	106360014	106418444	31	0.4058
2430260f-1a0f-477e-83a4-4b18babf2a98	14	106423925	106462183	47	-2.0996
2430260f-1a0f-477e-83a4-4b18babf2a98	14	106462724	106877229	195	0.0724
2430260f-1a0f-477e-83a4-4b18babf2a98	15	19811075	20373168	88	0.2401
2430260f-1a0f-477e-83a4-4b18babf2a98	15	20376198	20376202	5	-0.9477
2430260f-1a0f-477e-83a4-4b18babf2a98	15	20376309	20670516	57	0.2029
2430260f-1a0f-477e-83a4-4b18babf2a98	15	20670989	21078947	15	0.8468
2430260f-1a0f-477e-83a4-4b18babf2a98	15	21085447	23809194	650	0.2245
2430260f-1a0f-477e-83a4-4b18babf2a98	15	23809640	23814160	21	-1.1899
2430260f-1a0f-477e-83a4-4b18babf2a98	15	23820546	25174845	855	0.1573
2430260f-1a0f-477e-83a4-4b18babf2a98	15	25176460	25185096	7	-0.9273
2430260f-1a0f-477e-83a4-4b18babf2a98	15	25188158	25392238	108	0.1885
2430260f-1a0f-477e-83a4-4b18babf2a98	15	25395638	25423409	11	-0.6858
2430260f-1a0f-477e-83a4-4b18babf2a98	15	25428560	30252720	3020	0.1922
2430260f-1a0f-477e-83a4-4b18babf2a98	15	30253290	30259942	3	-1.6945
2430260f-1a0f-477e-83a4-4b18babf2a98	15	30269364	30500366	18	0.2925
2430260f-1a0f-477e-83a4-4b18babf2a98	15	30503586	30633402	7	-0.8467
2430260f-1a0f-477e-83a4-4b18babf2a98	15	30638297	51213796	12689	0.199
2430260f-1a0f-477e-83a4-4b18babf2a98	15	51214114	51376047	141	0.742
2430260f-1a0f-477e-83a4-4b18babf2a98	15	51376371	59750722	5708	0.2222
2430260f-1a0f-477e-83a4-4b18babf2a98	15	59753443	61836460	1799	0.1583
2430260f-1a0f-477e-83a4-4b18babf2a98	15	61841180	63945957	1445	0.2464
2430260f-1a0f-477e-83a4-4b18babf2a98	15	63947464	63947492	2	-1.6468
2430260f-1a0f-477e-83a4-4b18babf2a98	15	63949043	76599170	7248	0.2292
2430260f-1a0f-477e-83a4-4b18babf2a98	15	76599286	76602857	12	-2.4267
2430260f-1a0f-477e-83a4-4b18babf2a98	15	76603003	76603434	8	-0.7702
2430260f-1a0f-477e-83a4-4b18babf2a98	15	76609838	79027236	1236	0.2406
2430260f-1a0f-477e-83a4-4b18babf2a98	15	79028813	80481524	1191	0.139
2430260f-1a0f-477e-83a4-4b18babf2a98	15	80482441	86469021	3496	0.2417
2430260f-1a0f-477e-83a4-4b18babf2a98	15	86471233	88384213	1597	0.6733
2430260f-1a0f-477e-83a4-4b18babf2a98	15	88384519	91116714	1693	0.7805
2430260f-1a0f-477e-83a4-4b18babf2a98	15	91120132	92590467	1368	0.6982
2430260f-1a0f-477e-83a4-4b18babf2a98	15	92592462	93293075	543	0.7968
2430260f-1a0f-477e-83a4-4b18babf2a98	15	93298946	93425153	129	0.6204
2430260f-1a0f-477e-83a4-4b18babf2a98	15	93426467	93426666	2	-3.4411
2430260f-1a0f-477e-83a4-4b18babf2a98	15	93426720	95569640	1683	0.7036
2430260f-1a0f-477e-83a4-4b18babf2a98	15	95569972	95570194	3	-1.5769
2430260f-1a0f-477e-83a4-4b18babf2a98	15	95572392	101928837	4665	0.6994
2430260f-1a0f-477e-83a4-4b18babf2a98	16	10777	5558658	2612	-0.5884
2430260f-1a0f-477e-83a4-4b18babf2a98	16	5558679	6818510	1543	-0.7922
2430260f-1a0f-477e-83a4-4b18babf2a98	16	6818720	8078056	1520	0.1359
2430260f-1a0f-477e-83a4-4b18babf2a98	16	8078628	16200861	6041	0.2344
2430260f-1a0f-477e-83a4-4b18babf2a98	16	16201950	18688534	1041	0.0912
2430260f-1a0f-477e-83a4-4b18babf2a98	16	18704933	19917232	667	0.2522
2430260f-1a0f-477e-83a4-4b18babf2a98	16	19924510	19933041	10	-0.1409
2430260f-1a0f-477e-83a4-4b18babf2a98	16	19934328	19956040	29	-3.854
2430260f-1a0f-477e-83a4-4b18babf2a98	16	19958932	20046578	68	0.1727
2430260f-1a0f-477e-83a4-4b18babf2a98	16	20047451	20047761	3	-1.2883
2430260f-1a0f-477e-83a4-4b18babf2a98	16	20048355	20489224	331	0.1262
2430260f-1a0f-477e-83a4-4b18babf2a98	16	20501459	25448158	2739	0.2044
2430260f-1a0f-477e-83a4-4b18babf2a98	16	25448730	27191791	1451	0.1274
2430260f-1a0f-477e-83a4-4b18babf2a98	16	27192688	31509880	1647	0.2602
2430260f-1a0f-477e-83a4-4b18babf2a98	16	31509955	35214932	418	0.1456
2430260f-1a0f-477e-83a4-4b18babf2a98	16	35214946	35522700	174	0.5863
2430260f-1a0f-477e-83a4-4b18babf2a98	16	35526596	46712474	229	0.2245
2430260f-1a0f-477e-83a4-4b18babf2a98	16	46713913	55761039	6343	-0.6694
2430260f-1a0f-477e-83a4-4b18babf2a98	16	55761136	55764867	8	-1.4606
2430260f-1a0f-477e-83a4-4b18babf2a98	16	55770436	55782734	11	-2.8574
2430260f-1a0f-477e-83a4-4b18babf2a98	16	55782793	55808470	6	-1.0086
2430260f-1a0f-477e-83a4-4b18babf2a98	16	55808544	55824881	11	0.1967
2430260f-1a0f-477e-83a4-4b18babf2a98	16	55834527	57147857	823	-0.6642
2430260f-1a0f-477e-83a4-4b18babf2a98	16	57148024	58872913	1014	-0.5551
2430260f-1a0f-477e-83a4-4b18babf2a98	16	58880602	62966272	2624	-0.6696
2430260f-1a0f-477e-83a4-4b18babf2a98	16	62969579	62990529	15	-2.9298
2430260f-1a0f-477e-83a4-4b18babf2a98	16	62992479	66001840	2228	-0.6922
2430260f-1a0f-477e-83a4-4b18babf2a98	16	66002241	66002860	3	-3.3482
2430260f-1a0f-477e-83a4-4b18babf2a98	16	66009478	66248729	233	-0.6829
2430260f-1a0f-477e-83a4-4b18babf2a98	16	66250215	69943506	1731	-0.5673
2430260f-1a0f-477e-83a4-4b18babf2a98	16	69943532	70212430	55	-0.1664
2430260f-1a0f-477e-83a4-4b18babf2a98	16	70212436	71305441	357	-0.5386
2430260f-1a0f-477e-83a4-4b18babf2a98	16	71308968	71368704	45	-0.7405
2430260f-1a0f-477e-83a4-4b18babf2a98	16	71369180	71369332	2	-3.5345
2430260f-1a0f-477e-83a4-4b18babf2a98	16	71373479	74684357	2022	-0.66
2430260f-1a0f-477e-83a4-4b18babf2a98	16	74685565	74723289	25	0.2031
2430260f-1a0f-477e-83a4-4b18babf2a98	16	74725985	78337711	3028	-0.6647
2430260f-1a0f-477e-83a4-4b18babf2a98	16	78338543	78347366	14	-2.2151
2430260f-1a0f-477e-83a4-4b18babf2a98	16	78349243	80745284	2813	-0.7055
2430260f-1a0f-477e-83a4-4b18babf2a98	16	80745300	80745434	2	-3.2219
2430260f-1a0f-477e-83a4-4b18babf2a98	16	80745666	82546792	1690	-0.6518
2430260f-1a0f-477e-83a4-4b18babf2a98	16	82546952	82547264	2	-2.9797
2430260f-1a0f-477e-83a4-4b18babf2a98	16	82547266	83692135	1427	-0.7331
2430260f-1a0f-477e-83a4-4b18babf2a98	16	83697950	85919323	1830	-0.535
2430260f-1a0f-477e-83a4-4b18babf2a98	16	85919345	86080024	193	-0.6183
2430260f-1a0f-477e-83a4-4b18babf2a98	16	86080647	87484494	1411	-0.7099
2430260f-1a0f-477e-83a4-4b18babf2a98	16	87485193	89179547	706	-0.5318
2430260f-1a0f-477e-83a4-4b18babf2a98	16	89188966	89566015	228	0.8125
2430260f-1a0f-477e-83a4-4b18babf2a98	16	89578428	90096867	236	1.1854
2430260f-1a0f-477e-83a4-4b18babf2a98	17	150733	326553	106	-0.6132
2430260f-1a0f-477e-83a4-4b18babf2a98	17	331041	355168	14	-1.707
2430260f-1a0f-477e-83a4-4b18babf2a98	17	359124	5363048	2615	-0.5799
2430260f-1a0f-477e-83a4-4b18babf2a98	17	5368406	7031563	1211	-0.6974
2430260f-1a0f-477e-83a4-4b18babf2a98	17	7031942	9894757	1658	-0.5937
2430260f-1a0f-477e-83a4-4b18babf2a98	17	9895302	9911870	14	-1.0334
2430260f-1a0f-477e-83a4-4b18babf2a98	17	9912043	9913314	3	-4.3703
2430260f-1a0f-477e-83a4-4b18babf2a98	17	9916380	12117171	1616	-0.7052
2430260f-1a0f-477e-83a4-4b18babf2a98	17	12117967	12121697	5	-3.4304
2430260f-1a0f-477e-83a4-4b18babf2a98	17	12121922	15689448	2726	-0.7453
2430260f-1a0f-477e-83a4-4b18babf2a98	17	15690340	18414080	1366	-0.6148
2430260f-1a0f-477e-83a4-4b18babf2a98	17	18452078	18550123	25	-1.8639
2430260f-1a0f-477e-83a4-4b18babf2a98	17	18561272	32457016	4011	-0.5963
2430260f-1a0f-477e-83a4-4b18babf2a98	17	32457029	35036589	2169	-0.7283
2430260f-1a0f-477e-83a4-4b18babf2a98	17	35038508	41265456	3176	-0.6263
2430260f-1a0f-477e-83a4-4b18babf2a98	17	41266762	41274279	24	0.8451
2430260f-1a0f-477e-83a4-4b18babf2a98	17	41276472	46100092	2505	-0.5335
2430260f-1a0f-477e-83a4-4b18babf2a98	17	46103588	64044785	10239	-0.6214
2430260f-1a0f-477e-83a4-4b18babf2a98	17	64045317	64045662	2	-3.5003
2430260f-1a0f-477e-83a4-4b18babf2a98	17	64054297	73851784	6630	-0.6117
2430260f-1a0f-477e-83a4-4b18babf2a98	17	73852783	73853350	2	-3.2185
2430260f-1a0f-477e-83a4-4b18babf2a98	17	73853561	74656792	518	-0.6759
2430260f-1a0f-477e-83a4-4b18babf2a98	17	74657093	76045102	585	-0.5011
2430260f-1a0f-477e-83a4-4b18babf2a98	17	76049143	77089301	575	0.8043
2430260f-1a0f-477e-83a4-4b18babf2a98	17	77089352	77089572	2	-1.1848
2430260f-1a0f-477e-83a4-4b18babf2a98	17	77091639	78285287	729	0.7958
2430260f-1a0f-477e-83a4-4b18babf2a98	17	78286051	78286887	2	2.8904
2430260f-1a0f-477e-83a4-4b18babf2a98	17	78290662	79240451	568	0.8194
2430260f-1a0f-477e-83a4-4b18babf2a98	17	79240493	79250962	17	-0.1431
2430260f-1a0f-477e-83a4-4b18babf2a98	17	79251108	80568800	714	0.8063
2430260f-1a0f-477e-83a4-4b18babf2a98	17	80575639	80752492	127	0.6028
2430260f-1a0f-477e-83a4-4b18babf2a98	17	80752775	83091923	888	0.8345
2430260f-1a0f-477e-83a4-4b18babf2a98	18	48133	3585158	2484	-0.6925
2430260f-1a0f-477e-83a4-4b18babf2a98	18	3588497	3641647	31	-3.4637
2430260f-1a0f-477e-83a4-4b18babf2a98	18	3644122	3867290	196	-0.56
2430260f-1a0f-477e-83a4-4b18babf2a98	18	3868775	14104214	7283	-0.6977
2430260f-1a0f-477e-83a4-4b18babf2a98	18	14108789	21702482	651	-0.585
2430260f-1a0f-477e-83a4-4b18babf2a98	18	21707999	21843545	58	0.1976
2430260f-1a0f-477e-83a4-4b18babf2a98	18	21847965	30859232	5640	-0.6627
2430260f-1a0f-477e-83a4-4b18babf2a98	18	30859245	33403082	1719	-0.5917
2430260f-1a0f-477e-83a4-4b18babf2a98	18	33405148	45220183	7590	-0.6661
2430260f-1a0f-477e-83a4-4b18babf2a98	18	45222045	45237470	9	-2.0986
2430260f-1a0f-477e-83a4-4b18babf2a98	18	45239315	51947154	4734	-0.6653
2430260f-1a0f-477e-83a4-4b18babf2a98	18	51947264	53991436	1418	-0.7585
2430260f-1a0f-477e-83a4-4b18babf2a98	18	53991564	57590578	2300	-0.6969
2430260f-1a0f-477e-83a4-4b18babf2a98	18	57591382	57864118	171	-0.4669
2430260f-1a0f-477e-83a4-4b18babf2a98	18	57864227	59126709	887	-0.6726
2430260f-1a0f-477e-83a4-4b18babf2a98	18	59127141	59128512	3	-3.0503
2430260f-1a0f-477e-83a4-4b18babf2a98	18	59129623	66482125	5313	-0.676
2430260f-1a0f-477e-83a4-4b18babf2a98	18	66482464	66483059	2	-3.6436
2430260f-1a0f-477e-83a4-4b18babf2a98	18	66485434	67916185	955	-0.6585
2430260f-1a0f-477e-83a4-4b18babf2a98	18	67919394	68069547	139	-0.9859
2430260f-1a0f-477e-83a4-4b18babf2a98	18	68071600	80257174	8935	-0.6967
2430260f-1a0f-477e-83a4-4b18babf2a98	19	90910	8948231	3235	-0.4999
2430260f-1a0f-477e-83a4-4b18babf2a98	19	8948556	10004943	577	0.2856
2430260f-1a0f-477e-83a4-4b18babf2a98	19	10005400	10555436	207	0.4468
2430260f-1a0f-477e-83a4-4b18babf2a98	19	10555704	10754166	89	0.2586
2430260f-1a0f-477e-83a4-4b18babf2a98	19	10754927	11123101	163	0.4507
2430260f-1a0f-477e-83a4-4b18babf2a98	19	11126128	11132298	7	-0.2682
2430260f-1a0f-477e-83a4-4b18babf2a98	19	11137314	11693055	254	0.382
2430260f-1a0f-477e-83a4-4b18babf2a98	19	11696225	20672792	4530	0.2916
2430260f-1a0f-477e-83a4-4b18babf2a98	19	20675606	30082682	3982	0.2237
2430260f-1a0f-477e-83a4-4b18babf2a98	19	30085249	32240720	1637	0.1329
2430260f-1a0f-477e-83a4-4b18babf2a98	19	32241136	34915453	1697	0.2462
2430260f-1a0f-477e-83a4-4b18babf2a98	19	34915917	36314803	766	0.3358
2430260f-1a0f-477e-83a4-4b18babf2a98	19	36315613	36356789	20	-0.3752
2430260f-1a0f-477e-83a4-4b18babf2a98	19	36356859	39115242	1424	0.2854
2430260f-1a0f-477e-83a4-4b18babf2a98	19	39117513	43828345	2336	-0.5887
2430260f-1a0f-477e-83a4-4b18babf2a98	19	43829590	44392440	396	-0.7651
2430260f-1a0f-477e-83a4-4b18babf2a98	19	44392599	47838134	1516	-0.5226
2430260f-1a0f-477e-83a4-4b18babf2a98	19	47843003	48061830	165	-0.7998
2430260f-1a0f-477e-83a4-4b18babf2a98	19	48062780	50829130	1161	-0.5154
2430260f-1a0f-477e-83a4-4b18babf2a98	19	50829225	50835951	5	-4.6532
2430260f-1a0f-477e-83a4-4b18babf2a98	19	50842312	58586487	4873	-0.6357
2430260f-1a0f-477e-83a4-4b18babf2a98	20	80664	1586808	1205	0.1676
2430260f-1a0f-477e-83a4-4b18babf2a98	20	1587007	1601561	33	-0.4119
2430260f-1a0f-477e-83a4-4b18babf2a98	20	1609611	1617460	7	-1.0995
2430260f-1a0f-477e-83a4-4b18babf2a98	20	1617690	3967546	1635	0.182
2430260f-1a0f-477e-83a4-4b18babf2a98	20	3967652	4332667	278	0.3628
2430260f-1a0f-477e-83a4-4b18babf2a98	20	4336262	6423795	1587	0.2277
2430260f-1a0f-477e-83a4-4b18babf2a98	20	6427756	24282014	14148	0.1704
2430260f-1a0f-477e-83a4-4b18babf2a98	20	24285015	24303006	13	-0.6695
2430260f-1a0f-477e-83a4-4b18babf2a98	20	24303665	24623664	247	0.1565
2430260f-1a0f-477e-83a4-4b18babf2a98	20	24623677	32238710	1367	0.2438
2430260f-1a0f-477e-83a4-4b18babf2a98	20	32239315	32333946	36	0.6557
2430260f-1a0f-477e-83a4-4b18babf2a98	20	32334686	39131713	3628	0.2288
2430260f-1a0f-477e-83a4-4b18babf2a98	20	39133685	43444817	3301	0.15
2430260f-1a0f-477e-83a4-4b18babf2a98	20	43444965	54685284	7963	0.2364
2430260f-1a0f-477e-83a4-4b18babf2a98	20	54685297	56499567	1487	0.1732
2430260f-1a0f-477e-83a4-4b18babf2a98	20	56503517	57822739	1045	0.2863
2430260f-1a0f-477e-83a4-4b18babf2a98	20	57825065	59148075	983	0.1962
2430260f-1a0f-477e-83a4-4b18babf2a98	20	59149990	59209221	47	0.3245
2430260f-1a0f-477e-83a4-4b18babf2a98	20	59209846	61321544	1896	0.1303
2430260f-1a0f-477e-83a4-4b18babf2a98	20	61322106	63317594	1056	0.2827
2430260f-1a0f-477e-83a4-4b18babf2a98	20	63326464	64324800	390	0.7939
2430260f-1a0f-477e-83a4-4b18babf2a98	21	10354168	13273538	131	-0.1476
2430260f-1a0f-477e-83a4-4b18babf2a98	21	13277477	13850551	161	0.1523
2430260f-1a0f-477e-83a4-4b18babf2a98	21	13883107	13883478	2	-1.5339
2430260f-1a0f-477e-83a4-4b18babf2a98	21	13913132	15407801	1007	0.1689
2430260f-1a0f-477e-83a4-4b18babf2a98	21	15408817	18906502	2422	0.2682
2430260f-1a0f-477e-83a4-4b18babf2a98	21	18906853	25447979	5013	0.1582
2430260f-1a0f-477e-83a4-4b18babf2a98	21	25451900	25459938	7	0.6369
2430260f-1a0f-477e-83a4-4b18babf2a98	21	25460297	31054913	4134	0.2047
2430260f-1a0f-477e-83a4-4b18babf2a98	21	31057340	34516806	2304	0.2626
2430260f-1a0f-477e-83a4-4b18babf2a98	21	34516950	41047070	5296	0.1909
2430260f-1a0f-477e-83a4-4b18babf2a98	21	41047149	41929607	765	0.2941
2430260f-1a0f-477e-83a4-4b18babf2a98	21	41933539	41933616	2	-1.705
2430260f-1a0f-477e-83a4-4b18babf2a98	21	41935354	44357867	1276	0.295
2430260f-1a0f-477e-83a4-4b18babf2a98	21	44358312	44363690	5	-0.4088
2430260f-1a0f-477e-83a4-4b18babf2a98	21	44365130	44376578	3	-2.4273
2430260f-1a0f-477e-83a4-4b18babf2a98	21	44378678	45499218	636	0.2829
2430260f-1a0f-477e-83a4-4b18babf2a98	21	45499966	46677045	694	0.1327
2430260f-1a0f-477e-83a4-4b18babf2a98	22	15294547	15869820	36	-0.1671
2430260f-1a0f-477e-83a4-4b18babf2a98	22	15925481	17014661	264	-0.6576
2430260f-1a0f-477e-83a4-4b18babf2a98	22	17018144	17018618	2	2.5713
2430260f-1a0f-477e-83a4-4b18babf2a98	22	17019000	25535705	5195	-0.6089
2430260f-1a0f-477e-83a4-4b18babf2a98	22	25536575	28555990	2668	-0.7119
2430260f-1a0f-477e-83a4-4b18babf2a98	22	28558834	28909355	160	-0.6112
2430260f-1a0f-477e-83a4-4b18babf2a98	22	28911170	28919846	2	-7.0184
2430260f-1a0f-477e-83a4-4b18babf2a98	22	28921462	32156850	1850	-0.5855
2430260f-1a0f-477e-83a4-4b18babf2a98	22	32158998	35140972	2702	-0.705
2430260f-1a0f-477e-83a4-4b18babf2a98	22	35141043	43260696	4631	-0.5687
2430260f-1a0f-477e-83a4-4b18babf2a98	22	43260873	43883435	446	-0.7298
2430260f-1a0f-477e-83a4-4b18babf2a98	22	43884514	47356572	2544	-0.5825
2430260f-1a0f-477e-83a4-4b18babf2a98	22	47357741	48062386	667	-0.7074
2430260f-1a0f-477e-83a4-4b18babf2a98	22	48062921	48121051	54	-0.4585
2430260f-1a0f-477e-83a4-4b18babf2a98	22	48122017	49641339	1406	-0.7951
2430260f-1a0f-477e-83a4-4b18babf2a98	22	49655653	50796027	513	-0.5911
2430260f-1a0f-477e-83a4-4b18babf2a98	X	251810	7493173	3627	-0.7502
2430260f-1a0f-477e-83a4-4b18babf2a98	X	7496177	7636789	108	-3.3869
2430260f-1a0f-477e-83a4-4b18babf2a98	X	7639205	7643274	9	-6.487
2430260f-1a0f-477e-83a4-4b18babf2a98	X	7643674	7718359	62	-2.8756
2430260f-1a0f-477e-83a4-4b18babf2a98	X	7720841	8084469	281	-0.6521
2430260f-1a0f-477e-83a4-4b18babf2a98	X	8084803	9857048	1340	-0.818
2430260f-1a0f-477e-83a4-4b18babf2a98	X	9857069	10350719	418	-0.6365
2430260f-1a0f-477e-83a4-4b18babf2a98	X	10350946	15144386	3342	-0.8552
2430260f-1a0f-477e-83a4-4b18babf2a98	X	15144659	17840281	1660	-0.778
2430260f-1a0f-477e-83a4-4b18babf2a98	X	17840533	18077676	122	-0.0323
2430260f-1a0f-477e-83a4-4b18babf2a98	X	18081337	18122666	21	0.5982
2430260f-1a0f-477e-83a4-4b18babf2a98	X	18123446	18816453	335	0.0085
2430260f-1a0f-477e-83a4-4b18babf2a98	X	18818670	19288269	267	0.2472
2430260f-1a0f-477e-83a4-4b18babf2a98	X	19288417	33293651	9094	0.0476
2430260f-1a0f-477e-83a4-4b18babf2a98	X	33298570	34365103	754	0.153
2430260f-1a0f-477e-83a4-4b18babf2a98	X	34365435	34592660	146	-0.7198
2430260f-1a0f-477e-83a4-4b18babf2a98	X	34593445	37743528	1618	0.0241
2430260f-1a0f-477e-83a4-4b18babf2a98	X	37746279	37850312	75	0.5163
2430260f-1a0f-477e-83a4-4b18babf2a98	X	37851496	37855604	3	-0.9006
2430260f-1a0f-477e-83a4-4b18babf2a98	X	37855706	37986661	90	0.6447
2430260f-1a0f-477e-83a4-4b18babf2a98	X	37990405	47943469	5536	0.0399
2430260f-1a0f-477e-83a4-4b18babf2a98	X	47945220	48119621	111	0.2954
2430260f-1a0f-477e-83a4-4b18babf2a98	X	48120275	58103835	4237	0.0528
2430260f-1a0f-477e-83a4-4b18babf2a98	X	58113794	62913934	168	0.3126
2430260f-1a0f-477e-83a4-4b18babf2a98	X	62916133	75116171	5325	0.0486
2430260f-1a0f-477e-83a4-4b18babf2a98	X	75116203	76153513	495	0.1757
2430260f-1a0f-477e-83a4-4b18babf2a98	X	76153567	76904960	383	0.0311
2430260f-1a0f-477e-83a4-4b18babf2a98	X	76905433	76906608	2	-1.7585
2430260f-1a0f-477e-83a4-4b18babf2a98	X	76906952	83591068	3172	0.0522
2430260f-1a0f-477e-83a4-4b18babf2a98	X	83594821	84410298	411	0.6102
2430260f-1a0f-477e-83a4-4b18babf2a98	X	84416345	84457844	23	1.0285
2430260f-1a0f-477e-83a4-4b18babf2a98	X	84463770	84886605	269	0.6037
2430260f-1a0f-477e-83a4-4b18babf2a98	X	84886848	85094440	133	0.8319
2430260f-1a0f-477e-83a4-4b18babf2a98	X	85095004	85382547	160	0.6465
2430260f-1a0f-477e-83a4-4b18babf2a98	X	85385133	90369592	2918	0.0424
2430260f-1a0f-477e-83a4-4b18babf2a98	X	90370484	91524751	453	0.1735
2430260f-1a0f-477e-83a4-4b18babf2a98	X	91530448	94517005	1471	0.0574
2430260f-1a0f-477e-83a4-4b18babf2a98	X	94518086	96362347	1021	0.1517
2430260f-1a0f-477e-83a4-4b18babf2a98	X	96362391	96809841	282	0.025
2430260f-1a0f-477e-83a4-4b18babf2a98	X	96820056	96844257	16	-0.7451
2430260f-1a0f-477e-83a4-4b18babf2a98	X	96846585	114869419	9588	0.0307
2430260f-1a0f-477e-83a4-4b18babf2a98	X	114872441	117465773	1479	0.1196
2430260f-1a0f-477e-83a4-4b18babf2a98	X	117466671	131254432	8012	0.0385
2430260f-1a0f-477e-83a4-4b18babf2a98	X	131256339	131845588	338	0.1901
2430260f-1a0f-477e-83a4-4b18babf2a98	X	131846023	132965227	585	-0.018
2430260f-1a0f-477e-83a4-4b18babf2a98	X	132965750	132965960	2	-1.5269
2430260f-1a0f-477e-83a4-4b18babf2a98	X	132969376	135109766	1054	0.0109
2430260f-1a0f-477e-83a4-4b18babf2a98	X	135109866	135943073	393	0.2032
2430260f-1a0f-477e-83a4-4b18babf2a98	X	135943090	136214451	155	-0.0063
2430260f-1a0f-477e-83a4-4b18babf2a98	X	136215321	139788579	2222	0.5744
2430260f-1a0f-477e-83a4-4b18babf2a98	X	139789560	141870673	1145	0.6893
2430260f-1a0f-477e-83a4-4b18babf2a98	X	141870854	147554424	4039	0.5902
2430260f-1a0f-477e-83a4-4b18babf2a98	X	147562445	147562764	2	-1.319
2430260f-1a0f-477e-83a4-4b18babf2a98	X	147567957	149541910	1343	0.6163
2430260f-1a0f-477e-83a4-4b18babf2a98	X	149547035	149957359	158	0.8082
2430260f-1a0f-477e-83a4-4b18babf2a98	X	149960871	151048849	695	0.6128
2430260f-1a0f-477e-83a4-4b18babf2a98	X	151049875	151064598	23	0.9743
2430260f-1a0f-477e-83a4-4b18babf2a98	X	151064734	151124426	44	0.5866
2430260f-1a0f-477e-83a4-4b18babf2a98	X	151125462	151126987	2	-1.9502
2430260f-1a0f-477e-83a4-4b18babf2a98	X	151128083	152458434	894	0.5719
2430260f-1a0f-477e-83a4-4b18babf2a98	X	152462121	154352308	899	0.7744
2430260f-1a0f-477e-83a4-4b18babf2a98	X	154353302	154353382	3	2.1376
2430260f-1a0f-477e-83a4-4b18babf2a98	X	154353448	154359750	11	1.0846
2430260f-1a0f-477e-83a4-4b18babf2a98	X	154359788	154365810	6	1.7447
2430260f-1a0f-477e-83a4-4b18babf2a98	X	154367050	155403210	401	0.8118
2430260f-1a0f-477e-83a4-4b18babf2a98	X	155403981	155952689	148	0.6528
2430260f-1a0f-477e-83a4-4b18babf2a98	Y	2782397	3442606	212	-2.9803
2430260f-1a0f-477e-83a4-4b18babf2a98	Y	3460727	6071948	505	-2.5569
2430260f-1a0f-477e-83a4-4b18babf2a98	Y	6075631	8484811	1137	-3.1807
2430260f-1a0f-477e-83a4-4b18babf2a98	Y	8485666	9554586	397	-3.6694
2430260f-1a0f-477e-83a4-4b18babf2a98	Y	9555122	56872112	4384	-3.1566
