GDC_Aliquot	Chromosome	Start	End	Num_Probes	Segment_Mean
e22edca1-493b-4d79-a311-3d5027d1e509	1	3301765	3634034	147	0.0051
e22edca1-493b-4d79-a311-3d5027d1e509	1	3635887	4533554	671	0.2003
e22edca1-493b-4d79-a311-3d5027d1e509	1	4533603	6373069	1239	0.0272
e22edca1-493b-4d79-a311-3d5027d1e509	1	6389578	6867870	237	0.3697
e22edca1-493b-4d79-a311-3d5027d1e509	1	6873021	6975929	62	0.7456
e22edca1-493b-4d79-a311-3d5027d1e509	1	6976742	7937960	641	0.3694
e22edca1-493b-4d79-a311-3d5027d1e509	1	7938957	8075687	74	-0.1683
e22edca1-493b-4d79-a311-3d5027d1e509	1	8075912	8548047	219	0.1944
e22edca1-493b-4d79-a311-3d5027d1e509	1	8549111	9118064	313	-0.1776
e22edca1-493b-4d79-a311-3d5027d1e509	1	9122874	9407475	119	0.6338
e22edca1-493b-4d79-a311-3d5027d1e509	1	9409030	10007374	226	0.4811
e22edca1-493b-4d79-a311-3d5027d1e509	1	10008117	10175981	68	0.3259
e22edca1-493b-4d79-a311-3d5027d1e509	1	10176344	10398321	122	0.647
e22edca1-493b-4d79-a311-3d5027d1e509	1	10398382	10981907	282	0.3482
e22edca1-493b-4d79-a311-3d5027d1e509	1	10989197	12084377	562	-0.1909
e22edca1-493b-4d79-a311-3d5027d1e509	1	12087665	12245863	103	0.2129
e22edca1-493b-4d79-a311-3d5027d1e509	1	12247090	12774144	276	-0.1982
e22edca1-493b-4d79-a311-3d5027d1e509	1	12774437	13810426	239	0.2781
e22edca1-493b-4d79-a311-3d5027d1e509	1	13812729	14534249	614	0.051
e22edca1-493b-4d79-a311-3d5027d1e509	1	14536310	15761822	807	-0.1826
e22edca1-493b-4d79-a311-3d5027d1e509	1	15770261	15896500	57	0.4569
e22edca1-493b-4d79-a311-3d5027d1e509	1	15900378	16080825	64	0.6738
e22edca1-493b-4d79-a311-3d5027d1e509	1	16082309	16157918	31	0.1773
e22edca1-493b-4d79-a311-3d5027d1e509	1	16158861	17202816	296	-0.1671
e22edca1-493b-4d79-a311-3d5027d1e509	1	17205087	17215953	2	-1.3108
e22edca1-493b-4d79-a311-3d5027d1e509	1	17220095	17330569	77	-0.1932
e22edca1-493b-4d79-a311-3d5027d1e509	1	17331121	17335310	4	-0.88
e22edca1-493b-4d79-a311-3d5027d1e509	1	17335501	17640549	167	-0.1699
e22edca1-493b-4d79-a311-3d5027d1e509	1	17641264	17914967	177	-0.0171
e22edca1-493b-4d79-a311-3d5027d1e509	1	17915960	17931398	18	0.276
e22edca1-493b-4d79-a311-3d5027d1e509	1	17932749	18451435	478	0.8752
e22edca1-493b-4d79-a311-3d5027d1e509	1	18451599	18589987	103	0.3489
e22edca1-493b-4d79-a311-3d5027d1e509	1	18593065	18697624	67	-0.0128
e22edca1-493b-4d79-a311-3d5027d1e509	1	18701308	18896973	148	-0.2052
e22edca1-493b-4d79-a311-3d5027d1e509	1	18899793	18903769	2	0.8487
e22edca1-493b-4d79-a311-3d5027d1e509	1	18905539	20318259	924	-0.1776
e22edca1-493b-4d79-a311-3d5027d1e509	1	20318455	30802156	5173	-0.0037
e22edca1-493b-4d79-a311-3d5027d1e509	1	30803715	30965182	102	0.1519
e22edca1-493b-4d79-a311-3d5027d1e509	1	30967408	39516785	4543	0.0082
e22edca1-493b-4d79-a311-3d5027d1e509	1	39517829	40420160	409	0.3204
e22edca1-493b-4d79-a311-3d5027d1e509	1	40420462	40780629	181	0.0215
e22edca1-493b-4d79-a311-3d5027d1e509	1	40789448	41304640	261	0.2704
e22edca1-493b-4d79-a311-3d5027d1e509	1	41308682	41309583	2	-0.8818
e22edca1-493b-4d79-a311-3d5027d1e509	1	41317411	41690008	276	0.1797
e22edca1-493b-4d79-a311-3d5027d1e509	1	41694266	44218012	1521	0.3495
e22edca1-493b-4d79-a311-3d5027d1e509	1	44218370	44847195	369	-0.0033
e22edca1-493b-4d79-a311-3d5027d1e509	1	44852877	45765823	396	0.5585
e22edca1-493b-4d79-a311-3d5027d1e509	1	45767963	47111064	549	0.3368
e22edca1-493b-4d79-a311-3d5027d1e509	1	47111158	51339059	2209	-0.0035
e22edca1-493b-4d79-a311-3d5027d1e509	1	51345652	53406815	1041	0.3199
e22edca1-493b-4d79-a311-3d5027d1e509	1	53407883	74074190	13837	0.1808
e22edca1-493b-4d79-a311-3d5027d1e509	1	74075049	74563616	231	0.3237
e22edca1-493b-4d79-a311-3d5027d1e509	1	74563651	106604113	19042	0.1718
e22edca1-493b-4d79-a311-3d5027d1e509	1	106605662	106936019	231	0.3066
e22edca1-493b-4d79-a311-3d5027d1e509	1	106936242	177176229	24759	0.1694
e22edca1-493b-4d79-a311-3d5027d1e509	1	177176589	177176639	2	-1.0733
e22edca1-493b-4d79-a311-3d5027d1e509	1	177177772	186076148	5824	0.1665
e22edca1-493b-4d79-a311-3d5027d1e509	1	186080024	198960230	7513	0.1487
e22edca1-493b-4d79-a311-3d5027d1e509	1	198971146	244150193	29996	0.1746
e22edca1-493b-4d79-a311-3d5027d1e509	1	244152616	244153694	4	-0.6418
e22edca1-493b-4d79-a311-3d5027d1e509	1	244154983	247650984	1530	0.1712
e22edca1-493b-4d79-a311-3d5027d1e509	2	480597	46592890	27995	0.0268
e22edca1-493b-4d79-a311-3d5027d1e509	2	46593771	51309666	2597	-0.014
e22edca1-493b-4d79-a311-3d5027d1e509	2	51311298	51313307	2	-1.3114
e22edca1-493b-4d79-a311-3d5027d1e509	2	51320013	52139478	476	0.0021
e22edca1-493b-4d79-a311-3d5027d1e509	2	52139868	54479198	1005	0.0216
e22edca1-493b-4d79-a311-3d5027d1e509	2	54479420	55126921	437	0.1726
e22edca1-493b-4d79-a311-3d5027d1e509	2	55127330	66425500	6450	0
e22edca1-493b-4d79-a311-3d5027d1e509	2	66425823	66438014	4	-0.7957
e22edca1-493b-4d79-a311-3d5027d1e509	2	66438031	71053680	2954	0.0081
e22edca1-493b-4d79-a311-3d5027d1e509	2	71054851	71643909	418	0.1656
e22edca1-493b-4d79-a311-3d5027d1e509	2	71645103	72332038	365	-0.0064
e22edca1-493b-4d79-a311-3d5027d1e509	2	72332397	73426010	433	0.1623
e22edca1-493b-4d79-a311-3d5027d1e509	2	73427762	74051354	292	0.0099
e22edca1-493b-4d79-a311-3d5027d1e509	2	74053791	75828855	1045	0.1556
e22edca1-493b-4d79-a311-3d5027d1e509	2	75833604	76730025	539	0.2876
e22edca1-493b-4d79-a311-3d5027d1e509	2	76730270	81279714	2358	0.1558
e22edca1-493b-4d79-a311-3d5027d1e509	2	81280182	81731608	220	-0.008
e22edca1-493b-4d79-a311-3d5027d1e509	2	81734969	82993539	639	0.1479
e22edca1-493b-4d79-a311-3d5027d1e509	2	82994412	84692880	994	0.3061
e22edca1-493b-4d79-a311-3d5027d1e509	2	84692917	86881088	1050	0.1582
e22edca1-493b-4d79-a311-3d5027d1e509	2	87894092	88394648	212	0.3183
e22edca1-493b-4d79-a311-3d5027d1e509	2	88395860	99715425	1936	0.1305
e22edca1-493b-4d79-a311-3d5027d1e509	2	99715542	99938713	163	0.3329
e22edca1-493b-4d79-a311-3d5027d1e509	2	99943907	100871006	652	0.1465
e22edca1-493b-4d79-a311-3d5027d1e509	2	100874796	102210783	808	0.2787
e22edca1-493b-4d79-a311-3d5027d1e509	2	102210871	102603313	277	0.167
e22edca1-493b-4d79-a311-3d5027d1e509	2	102604608	163446188	32544	0.137
e22edca1-493b-4d79-a311-3d5027d1e509	2	163446271	165157772	947	0.1703
e22edca1-493b-4d79-a311-3d5027d1e509	2	165158666	165161707	2	-0.985
e22edca1-493b-4d79-a311-3d5027d1e509	2	165161745	167651086	1451	0.1631
e22edca1-493b-4d79-a311-3d5027d1e509	2	167651513	175945977	5330	0.2063
e22edca1-493b-4d79-a311-3d5027d1e509	2	175947899	176247091	131	0.0577
e22edca1-493b-4d79-a311-3d5027d1e509	2	176247449	178280728	1363	0.2046
e22edca1-493b-4d79-a311-3d5027d1e509	2	178282156	178611425	177	0.1219
e22edca1-493b-4d79-a311-3d5027d1e509	2	178612065	187941935	4746	0.1667
e22edca1-493b-4d79-a311-3d5027d1e509	2	187941952	190792203	1479	0.1044
e22edca1-493b-4d79-a311-3d5027d1e509	2	190792373	207136098	8641	0.0602
e22edca1-493b-4d79-a311-3d5027d1e509	2	207136360	223880998	10410	0.0241
e22edca1-493b-4d79-a311-3d5027d1e509	2	223884671	227397115	2226	-0.1672
e22edca1-493b-4d79-a311-3d5027d1e509	2	227398322	241537572	8270	0.0028
e22edca1-493b-4d79-a311-3d5027d1e509	3	2170634	14867506	7785	-0.0041
e22edca1-493b-4d79-a311-3d5027d1e509	3	14867873	14867949	2	-1.221
e22edca1-493b-4d79-a311-3d5027d1e509	3	14868562	73095984	34594	-0.0047
e22edca1-493b-4d79-a311-3d5027d1e509	3	73098105	171533554	51220	-0.0179
e22edca1-493b-4d79-a311-3d5027d1e509	3	171534436	171535967	3	-1.1928
e22edca1-493b-4d79-a311-3d5027d1e509	3	171538125	192342822	11244	-0.0176
e22edca1-493b-4d79-a311-3d5027d1e509	3	192342878	197812401	2221	-0.0044
e22edca1-493b-4d79-a311-3d5027d1e509	4	1059384	35604603	21355	-0.0138
e22edca1-493b-4d79-a311-3d5027d1e509	4	35605227	35605362	2	1.268
e22edca1-493b-4d79-a311-3d5027d1e509	4	35613324	36305790	400	-0.0225
e22edca1-493b-4d79-a311-3d5027d1e509	4	36308427	36308431	2	-1.515
e22edca1-493b-4d79-a311-3d5027d1e509	4	36311710	59041305	11094	-0.0109
e22edca1-493b-4d79-a311-3d5027d1e509	4	59045064	59329386	192	0.2271
e22edca1-493b-4d79-a311-3d5027d1e509	4	59329424	59454052	72	0.0206
e22edca1-493b-4d79-a311-3d5027d1e509	4	59465817	59997736	335	-0.1843
e22edca1-493b-4d79-a311-3d5027d1e509	4	60003780	60162791	84	-0.0092
e22edca1-493b-4d79-a311-3d5027d1e509	4	60162815	60678897	317	-0.1914
e22edca1-493b-4d79-a311-3d5027d1e509	4	60687215	60708467	12	0.8142
e22edca1-493b-4d79-a311-3d5027d1e509	4	60709900	61303786	347	-0.0142
e22edca1-493b-4d79-a311-3d5027d1e509	4	61306533	62371555	541	-0.1776
e22edca1-493b-4d79-a311-3d5027d1e509	4	62371884	62530987	55	0.1825
e22edca1-493b-4d79-a311-3d5027d1e509	4	62531647	62754757	119	0.0019
e22edca1-493b-4d79-a311-3d5027d1e509	4	62755821	62777962	10	0.1672
e22edca1-493b-4d79-a311-3d5027d1e509	4	62781420	63093980	164	0.3753
e22edca1-493b-4d79-a311-3d5027d1e509	4	63255715	64456879	591	0.9465
e22edca1-493b-4d79-a311-3d5027d1e509	4	64458431	65662904	749	1.1454
e22edca1-493b-4d79-a311-3d5027d1e509	4	65669116	66512370	476	0.8596
e22edca1-493b-4d79-a311-3d5027d1e509	4	66514883	67220733	447	1.0648
e22edca1-493b-4d79-a311-3d5027d1e509	4	67224326	67533393	167	1.3578
e22edca1-493b-4d79-a311-3d5027d1e509	4	67533869	67937068	251	0.9885
e22edca1-493b-4d79-a311-3d5027d1e509	4	67937544	67966739	38	1.3594
e22edca1-493b-4d79-a311-3d5027d1e509	4	67967116	69453762	129	0.9956
e22edca1-493b-4d79-a311-3d5027d1e509	4	69456094	70091814	389	1.3195
e22edca1-493b-4d79-a311-3d5027d1e509	4	70093489	70190420	56	-0.1556
e22edca1-493b-4d79-a311-3d5027d1e509	4	70198163	70247916	32	0.4727
e22edca1-493b-4d79-a311-3d5027d1e509	4	70249106	70251805	10	0.654
e22edca1-493b-4d79-a311-3d5027d1e509	4	70274327	70279181	6	1.302
e22edca1-493b-4d79-a311-3d5027d1e509	4	70280269	70668133	221	1.4728
e22edca1-493b-4d79-a311-3d5027d1e509	4	70668500	70891432	98	1.6933
e22edca1-493b-4d79-a311-3d5027d1e509	4	70894585	71309683	231	1.5418
e22edca1-493b-4d79-a311-3d5027d1e509	4	71313640	71710379	138	1.8244
e22edca1-493b-4d79-a311-3d5027d1e509	4	71711609	71736358	13	2.3109
e22edca1-493b-4d79-a311-3d5027d1e509	4	71736535	72506265	442	1.7747
e22edca1-493b-4d79-a311-3d5027d1e509	4	72512658	73009451	349	1.5812
e22edca1-493b-4d79-a311-3d5027d1e509	4	73009728	73453821	192	1.7617
e22edca1-493b-4d79-a311-3d5027d1e509	4	73454177	73509367	43	1.5111
e22edca1-493b-4d79-a311-3d5027d1e509	4	73509730	74076919	354	1.1931
e22edca1-493b-4d79-a311-3d5027d1e509	4	74078732	74222796	81	1.007
e22edca1-493b-4d79-a311-3d5027d1e509	4	74222811	74223326	5	0.2247
e22edca1-493b-4d79-a311-3d5027d1e509	4	74223528	74224091	10	0.7633
e22edca1-493b-4d79-a311-3d5027d1e509	4	74224153	74242769	33	1.083
e22edca1-493b-4d79-a311-3d5027d1e509	4	74243291	74276008	13	0.7999
e22edca1-493b-4d79-a311-3d5027d1e509	4	74283205	74343022	41	1.2376
e22edca1-493b-4d79-a311-3d5027d1e509	4	74347006	187842528	62660	-0.1966
e22edca1-493b-4d79-a311-3d5027d1e509	5	914118	15000159	9775	0.1619
e22edca1-493b-4d79-a311-3d5027d1e509	5	15002380	15125439	87	0.3133
e22edca1-493b-4d79-a311-3d5027d1e509	5	15126431	17771111	1048	0.1719
e22edca1-493b-4d79-a311-3d5027d1e509	5	17771678	30941160	6935	0.1377
e22edca1-493b-4d79-a311-3d5027d1e509	5	30944190	50837542	8268	0.1612
e22edca1-493b-4d79-a311-3d5027d1e509	5	50837635	53641289	1676	-0.1971
e22edca1-493b-4d79-a311-3d5027d1e509	5	53653555	53823579	90	0.0353
e22edca1-493b-4d79-a311-3d5027d1e509	5	53825769	54946381	819	-0.1952
e22edca1-493b-4d79-a311-3d5027d1e509	5	54947792	55150375	126	-0.0153
e22edca1-493b-4d79-a311-3d5027d1e509	5	55151147	120838054	35710	-0.1891
e22edca1-493b-4d79-a311-3d5027d1e509	5	120838981	120860890	19	-0.6877
e22edca1-493b-4d79-a311-3d5027d1e509	5	120870954	178917744	35409	-0.1843
e22edca1-493b-4d79-a311-3d5027d1e509	5	178919214	180934240	1019	0.0059
e22edca1-493b-4d79-a311-3d5027d1e509	6	1011760	89989809	49985	-0.1853
e22edca1-493b-4d79-a311-3d5027d1e509	6	89992706	90416016	279	0.4195
e22edca1-493b-4d79-a311-3d5027d1e509	6	90418960	90843026	340	0.3142
e22edca1-493b-4d79-a311-3d5027d1e509	6	90845382	91106316	195	0.1907
e22edca1-493b-4d79-a311-3d5027d1e509	6	91107797	91221728	65	0.3272
e22edca1-493b-4d79-a311-3d5027d1e509	6	91229013	92647209	768	-0.1871
e22edca1-493b-4d79-a311-3d5027d1e509	6	92648353	92834107	107	0.8208
e22edca1-493b-4d79-a311-3d5027d1e509	6	92840678	93026032	179	0.311
e22edca1-493b-4d79-a311-3d5027d1e509	6	93029802	95386776	527	-0.1844
e22edca1-493b-4d79-a311-3d5027d1e509	6	95388284	95417053	26	0.3912
e22edca1-493b-4d79-a311-3d5027d1e509	6	95418946	99369022	2368	-0.1934
e22edca1-493b-4d79-a311-3d5027d1e509	6	99369725	99478293	72	0.0853
e22edca1-493b-4d79-a311-3d5027d1e509	6	99481198	99481601	3	-0.3124
e22edca1-493b-4d79-a311-3d5027d1e509	6	99486298	99500924	10	1.1354
e22edca1-493b-4d79-a311-3d5027d1e509	6	99503182	105276766	3182	-0.1778
e22edca1-493b-4d79-a311-3d5027d1e509	6	105278161	105284360	10	1.0621
e22edca1-493b-4d79-a311-3d5027d1e509	6	105286534	105297313	7	-0.1664
e22edca1-493b-4d79-a311-3d5027d1e509	6	105297939	105562277	168	1.4844
e22edca1-493b-4d79-a311-3d5027d1e509	6	105563141	106486141	633	1.6496
e22edca1-493b-4d79-a311-3d5027d1e509	6	106488510	107008069	292	1.5408
e22edca1-493b-4d79-a311-3d5027d1e509	6	107009660	107079451	46	1.9204
e22edca1-493b-4d79-a311-3d5027d1e509	6	107079839	107205873	77	1.5542
e22edca1-493b-4d79-a311-3d5027d1e509	6	107211956	107307441	51	-0.0245
e22edca1-493b-4d79-a311-3d5027d1e509	6	107312082	107314466	5	1.4049
e22edca1-493b-4d79-a311-3d5027d1e509	6	107317365	107475649	77	-0.1393
e22edca1-493b-4d79-a311-3d5027d1e509	6	107477585	107531096	29	0.3007
e22edca1-493b-4d79-a311-3d5027d1e509	6	107534314	108387376	578	-0.1871
e22edca1-493b-4d79-a311-3d5027d1e509	6	108396172	108409104	5	1.1655
e22edca1-493b-4d79-a311-3d5027d1e509	6	108417336	111425802	1769	-0.1773
e22edca1-493b-4d79-a311-3d5027d1e509	6	111425880	111474902	18	0.3349
e22edca1-493b-4d79-a311-3d5027d1e509	6	111481590	112686303	793	-0.2018
e22edca1-493b-4d79-a311-3d5027d1e509	6	112690170	113750518	737	0.1681
e22edca1-493b-4d79-a311-3d5027d1e509	6	113750569	115878435	1103	-0.197
e22edca1-493b-4d79-a311-3d5027d1e509	6	115882264	115886658	7	1.073
e22edca1-493b-4d79-a311-3d5027d1e509	6	115887231	116148421	147	1.4964
e22edca1-493b-4d79-a311-3d5027d1e509	6	116148767	116956024	455	1.0147
e22edca1-493b-4d79-a311-3d5027d1e509	6	116956057	117502126	312	-0.1666
e22edca1-493b-4d79-a311-3d5027d1e509	6	117503329	117506804	5	1.5577
e22edca1-493b-4d79-a311-3d5027d1e509	6	117511116	117522406	10	-0.1773
e22edca1-493b-4d79-a311-3d5027d1e509	6	117523664	118227934	412	0.9083
e22edca1-493b-4d79-a311-3d5027d1e509	6	118816495	119227379	210	-0.1939
e22edca1-493b-4d79-a311-3d5027d1e509	6	119231009	119303422	39	0.6093
e22edca1-493b-4d79-a311-3d5027d1e509	6	119303801	119696269	237	0.995
e22edca1-493b-4d79-a311-3d5027d1e509	6	119699357	120438462	428	-0.1605
e22edca1-493b-4d79-a311-3d5027d1e509	6	120446871	120450885	8	1.0209
e22edca1-493b-4d79-a311-3d5027d1e509	6	120454480	122271957	988	-0.1824
e22edca1-493b-4d79-a311-3d5027d1e509	6	122273681	122291474	8	0.2999
e22edca1-493b-4d79-a311-3d5027d1e509	6	122294279	122301932	8	0.315
e22edca1-493b-4d79-a311-3d5027d1e509	6	122303328	122600980	165	1.287
e22edca1-493b-4d79-a311-3d5027d1e509	6	122601087	122736987	77	1.0575
e22edca1-493b-4d79-a311-3d5027d1e509	6	122737807	123696368	531	-0.0104
e22edca1-493b-4d79-a311-3d5027d1e509	6	123697068	123698586	2	0.1548
e22edca1-493b-4d79-a311-3d5027d1e509	6	123700791	123744262	34	0.8251
e22edca1-493b-4d79-a311-3d5027d1e509	6	123744852	124033622	164	0.0367
e22edca1-493b-4d79-a311-3d5027d1e509	6	124034061	124529546	315	0.2935
e22edca1-493b-4d79-a311-3d5027d1e509	6	124531397	124539023	7	1.2092
e22edca1-493b-4d79-a311-3d5027d1e509	6	124540692	124662077	97	0.345
e22edca1-493b-4d79-a311-3d5027d1e509	6	124662431	124769272	46	1.2819
e22edca1-493b-4d79-a311-3d5027d1e509	6	124769454	124966415	121	1.0355
e22edca1-493b-4d79-a311-3d5027d1e509	6	124968560	125156099	155	1.1821
e22edca1-493b-4d79-a311-3d5027d1e509	6	125158657	125976754	538	0.7023
e22edca1-493b-4d79-a311-3d5027d1e509	6	125978649	126028971	23	0.3846
e22edca1-493b-4d79-a311-3d5027d1e509	6	126029596	126051219	8	0.5661
e22edca1-493b-4d79-a311-3d5027d1e509	6	126054943	126088618	19	0.9926
e22edca1-493b-4d79-a311-3d5027d1e509	6	126088836	126133007	36	0.5328
e22edca1-493b-4d79-a311-3d5027d1e509	6	126143475	127023778	415	1.2935
e22edca1-493b-4d79-a311-3d5027d1e509	6	127025567	127196738	104	1.5392
e22edca1-493b-4d79-a311-3d5027d1e509	6	127199912	127300506	47	1.309
e22edca1-493b-4d79-a311-3d5027d1e509	6	127300603	127332553	17	0.6643
e22edca1-493b-4d79-a311-3d5027d1e509	6	127354337	127485967	79	1.0013
e22edca1-493b-4d79-a311-3d5027d1e509	6	127486807	127537552	37	0.677
e22edca1-493b-4d79-a311-3d5027d1e509	6	127537832	127778974	152	1.0198
e22edca1-493b-4d79-a311-3d5027d1e509	6	127778992	128135292	207	0.5528
e22edca1-493b-4d79-a311-3d5027d1e509	6	128138119	128304688	101	1.6554
e22edca1-493b-4d79-a311-3d5027d1e509	6	128305325	128559067	134	1.9704
e22edca1-493b-4d79-a311-3d5027d1e509	6	128559224	129623214	721	1.6225
e22edca1-493b-4d79-a311-3d5027d1e509	6	129624216	130002361	306	1.2178
e22edca1-493b-4d79-a311-3d5027d1e509	6	130006412	130565907	373	1.6659
e22edca1-493b-4d79-a311-3d5027d1e509	6	130568234	130760633	147	1.1955
e22edca1-493b-4d79-a311-3d5027d1e509	6	130760785	130867172	78	1.418
e22edca1-493b-4d79-a311-3d5027d1e509	6	130867934	130874805	9	1.0189
e22edca1-493b-4d79-a311-3d5027d1e509	6	130875892	130891377	6	1.6156
e22edca1-493b-4d79-a311-3d5027d1e509	6	130891382	130968215	52	1.1149
e22edca1-493b-4d79-a311-3d5027d1e509	6	130968777	131629658	392	0.7539
e22edca1-493b-4d79-a311-3d5027d1e509	6	131630131	131644680	8	1.1658
e22edca1-493b-4d79-a311-3d5027d1e509	6	131649528	131958664	183	0.7747
e22edca1-493b-4d79-a311-3d5027d1e509	6	131958700	132923167	709	1.0062
e22edca1-493b-4d79-a311-3d5027d1e509	6	132924395	133873231	658	0.455
e22edca1-493b-4d79-a311-3d5027d1e509	6	133876692	134333950	271	0.311
e22edca1-493b-4d79-a311-3d5027d1e509	6	134334281	134703941	265	0.1474
e22edca1-493b-4d79-a311-3d5027d1e509	6	134704615	134959124	177	0.3459
e22edca1-493b-4d79-a311-3d5027d1e509	6	134962872	135661985	491	0.185
e22edca1-493b-4d79-a311-3d5027d1e509	6	135672395	137844944	1457	-0.1913
e22edca1-493b-4d79-a311-3d5027d1e509	6	137851836	138074598	126	1.1017
e22edca1-493b-4d79-a311-3d5027d1e509	6	138075038	138112431	38	1.5082
e22edca1-493b-4d79-a311-3d5027d1e509	6	138117776	138307931	144	1.0875
e22edca1-493b-4d79-a311-3d5027d1e509	6	138311197	138875724	358	-0.1751
e22edca1-493b-4d79-a311-3d5027d1e509	6	138877400	139324158	261	0.022
e22edca1-493b-4d79-a311-3d5027d1e509	6	139325381	139458208	92	1.0902
e22edca1-493b-4d79-a311-3d5027d1e509	6	139461493	139601164	89	1.7209
e22edca1-493b-4d79-a311-3d5027d1e509	6	139601833	140147034	309	1.2483
e22edca1-493b-4d79-a311-3d5027d1e509	6	140153111	140459356	133	0.8516
e22edca1-493b-4d79-a311-3d5027d1e509	6	140589502	140643171	23	1.6223
e22edca1-493b-4d79-a311-3d5027d1e509	6	140644477	141132673	107	0.453
e22edca1-493b-4d79-a311-3d5027d1e509	6	141132909	141220187	55	1.7857
e22edca1-493b-4d79-a311-3d5027d1e509	6	141221134	141232524	7	1.1268
e22edca1-493b-4d79-a311-3d5027d1e509	6	141233568	141355266	37	0.5074
e22edca1-493b-4d79-a311-3d5027d1e509	6	141355997	141373964	8	-0.2343
e22edca1-493b-4d79-a311-3d5027d1e509	6	141378368	141573398	113	0.1754
e22edca1-493b-4d79-a311-3d5027d1e509	6	141574727	141615786	21	-0.1771
e22edca1-493b-4d79-a311-3d5027d1e509	6	141616744	141736245	59	1.091
e22edca1-493b-4d79-a311-3d5027d1e509	6	141736331	141802106	24	1.3495
e22edca1-493b-4d79-a311-3d5027d1e509	6	141802409	142117973	142	1.0832
e22edca1-493b-4d79-a311-3d5027d1e509	6	142118599	142525818	210	0.9486
e22edca1-493b-4d79-a311-3d5027d1e509	6	142526802	142567236	37	1.127
e22edca1-493b-4d79-a311-3d5027d1e509	6	142568467	142640330	37	0.6857
e22edca1-493b-4d79-a311-3d5027d1e509	6	142640572	142667820	25	0.4308
e22edca1-493b-4d79-a311-3d5027d1e509	6	142669945	142765866	90	1.8251
e22edca1-493b-4d79-a311-3d5027d1e509	6	142766254	142925744	101	2.0824
e22edca1-493b-4d79-a311-3d5027d1e509	6	142931433	143230057	165	0.6348
e22edca1-493b-4d79-a311-3d5027d1e509	6	143230153	143250140	19	0.895
e22edca1-493b-4d79-a311-3d5027d1e509	6	143255858	143361636	76	1.439
e22edca1-493b-4d79-a311-3d5027d1e509	6	143366384	143481090	85	0.9422
e22edca1-493b-4d79-a311-3d5027d1e509	6	143484202	144072508	469	-0.1844
e22edca1-493b-4d79-a311-3d5027d1e509	6	144078940	144388113	183	0.3292
e22edca1-493b-4d79-a311-3d5027d1e509	6	144388469	144471428	50	1.1573
e22edca1-493b-4d79-a311-3d5027d1e509	6	144471636	144580427	59	0.8284
e22edca1-493b-4d79-a311-3d5027d1e509	6	144581001	144590222	9	0.4061
e22edca1-493b-4d79-a311-3d5027d1e509	6	144590773	144637320	24	0.9225
e22edca1-493b-4d79-a311-3d5027d1e509	6	144637520	145105515	341	0.6519
e22edca1-493b-4d79-a311-3d5027d1e509	6	145105746	145263349	63	0.4357
e22edca1-493b-4d79-a311-3d5027d1e509	6	145264345	146056400	441	0.6503
e22edca1-493b-4d79-a311-3d5027d1e509	6	146061756	147079729	644	-0.1719
e22edca1-493b-4d79-a311-3d5027d1e509	6	147084488	147199829	83	0.294
e22edca1-493b-4d79-a311-3d5027d1e509	6	147205673	147313918	45	0.6896
e22edca1-493b-4d79-a311-3d5027d1e509	6	147314249	147386175	45	0.2939
e22edca1-493b-4d79-a311-3d5027d1e509	6	147389640	147395203	4	0.8053
e22edca1-493b-4d79-a311-3d5027d1e509	6	147398235	147408341	5	0.3148
e22edca1-493b-4d79-a311-3d5027d1e509	6	147409996	147442244	27	0.8548
e22edca1-493b-4d79-a311-3d5027d1e509	6	147443131	147935071	337	1.1836
e22edca1-493b-4d79-a311-3d5027d1e509	6	147935185	148078267	167	0.903
e22edca1-493b-4d79-a311-3d5027d1e509	6	148078382	148458462	260	0.7614
e22edca1-493b-4d79-a311-3d5027d1e509	6	148458534	148923211	346	0.8646
e22edca1-493b-4d79-a311-3d5027d1e509	6	148923482	149172957	204	0.5127
e22edca1-493b-4d79-a311-3d5027d1e509	6	149173773	149753911	327	0.3266
e22edca1-493b-4d79-a311-3d5027d1e509	6	149754048	149956082	112	0.0195
e22edca1-493b-4d79-a311-3d5027d1e509	6	149959765	150056185	64	0.8686
e22edca1-493b-4d79-a311-3d5027d1e509	6	150061437	150273136	140	0.0034
e22edca1-493b-4d79-a311-3d5027d1e509	6	150275007	150423670	128	0.2119
e22edca1-493b-4d79-a311-3d5027d1e509	6	150423701	150431803	10	-0.0228
e22edca1-493b-4d79-a311-3d5027d1e509	6	150433021	150457024	23	1.281
e22edca1-493b-4d79-a311-3d5027d1e509	6	150458061	152347170	1376	0.1779
e22edca1-493b-4d79-a311-3d5027d1e509	6	152350309	152617882	200	0.0103
e22edca1-493b-4d79-a311-3d5027d1e509	6	152618281	152908536	239	0.172
e22edca1-493b-4d79-a311-3d5027d1e509	6	152913852	153375556	319	0.3294
e22edca1-493b-4d79-a311-3d5027d1e509	6	153377780	154654106	898	0.4495
e22edca1-493b-4d79-a311-3d5027d1e509	6	154657477	155514113	546	-0.1767
e22edca1-493b-4d79-a311-3d5027d1e509	6	155516416	155547911	16	0.52
e22edca1-493b-4d79-a311-3d5027d1e509	6	155550751	161971816	4244	-0.18
e22edca1-493b-4d79-a311-3d5027d1e509	6	161972597	163009205	245	0.03
e22edca1-493b-4d79-a311-3d5027d1e509	6	163015220	163975756	747	-0.1764
e22edca1-493b-4d79-a311-3d5027d1e509	6	164142925	164391556	133	0.8601
e22edca1-493b-4d79-a311-3d5027d1e509	6	164392152	164501249	72	1.1304
e22edca1-493b-4d79-a311-3d5027d1e509	6	164502064	165295609	513	0.8281
e22edca1-493b-4d79-a311-3d5027d1e509	6	165295817	165938284	466	1.0617
e22edca1-493b-4d79-a311-3d5027d1e509	6	165938724	165990503	40	0.6332
e22edca1-493b-4d79-a311-3d5027d1e509	6	165990847	166048358	34	0.2598
e22edca1-493b-4d79-a311-3d5027d1e509	6	166048755	166165269	89	0.5554
e22edca1-493b-4d79-a311-3d5027d1e509	6	166166001	166326367	119	1.061
e22edca1-493b-4d79-a311-3d5027d1e509	6	166328343	169132344	733	-0.182
e22edca1-493b-4d79-a311-3d5027d1e509	6	169136415	169137159	2	-1.307
e22edca1-493b-4d79-a311-3d5027d1e509	6	169138593	170596889	696	-0.1603
e22edca1-493b-4d79-a311-3d5027d1e509	7	664936	106615856	54109	0.1484
e22edca1-493b-4d79-a311-3d5027d1e509	7	106616577	106616640	2	2.0901
e22edca1-493b-4d79-a311-3d5027d1e509	7	106616740	110433492	2110	0.1573
e22edca1-493b-4d79-a311-3d5027d1e509	7	110438901	127265034	8841	0.1381
e22edca1-493b-4d79-a311-3d5027d1e509	7	127265203	158592540	16792	0.1584
e22edca1-493b-4d79-a311-3d5027d1e509	8	667625	26910388	15613	-0.1923
e22edca1-493b-4d79-a311-3d5027d1e509	8	26911126	27767023	625	0.0068
e22edca1-493b-4d79-a311-3d5027d1e509	8	27767423	30727137	1869	-0.2009
e22edca1-493b-4d79-a311-3d5027d1e509	8	30731321	31921749	734	0.0024
e22edca1-493b-4d79-a311-3d5027d1e509	8	31924572	33674608	1194	-0.1931
e22edca1-493b-4d79-a311-3d5027d1e509	8	33674635	33868214	96	0.0227
e22edca1-493b-4d79-a311-3d5027d1e509	8	33868899	34708740	472	-0.1736
e22edca1-493b-4d79-a311-3d5027d1e509	8	34709574	47991696	5031	0.0021
e22edca1-493b-4d79-a311-3d5027d1e509	8	47991903	118987904	40556	-0.0096
e22edca1-493b-4d79-a311-3d5027d1e509	8	118988364	144182542	15935	0.0029
e22edca1-493b-4d79-a311-3d5027d1e509	9	789794	68429974	23580	0.0889
e22edca1-493b-4d79-a311-3d5027d1e509	9	68430606	82225364	9629	-0.1952
e22edca1-493b-4d79-a311-3d5027d1e509	9	82226134	107528976	16215	-0.1798
e22edca1-493b-4d79-a311-3d5027d1e509	9	107530328	116608709	6458	-0.2057
e22edca1-493b-4d79-a311-3d5027d1e509	9	116609529	119091787	1898	0.2966
e22edca1-493b-4d79-a311-3d5027d1e509	9	119092015	134488918	9313	0.0901
e22edca1-493b-4d79-a311-3d5027d1e509	9	134495183	135776227	657	-0.244
e22edca1-493b-4d79-a311-3d5027d1e509	9	135779866	138044505	626	0.0486
e22edca1-493b-4d79-a311-3d5027d1e509	10	366509	48440789	28586	-0.0046
e22edca1-493b-4d79-a311-3d5027d1e509	10	48441974	49351731	799	0.1979
e22edca1-493b-4d79-a311-3d5027d1e509	10	49353186	49359445	8	-0.0554
e22edca1-493b-4d79-a311-3d5027d1e509	10	49362637	72825714	13741	-0.2007
e22edca1-493b-4d79-a311-3d5027d1e509	10	72828352	75410382	1121	0.0069
e22edca1-493b-4d79-a311-3d5027d1e509	10	75410927	75424236	5	0.7798
e22edca1-493b-4d79-a311-3d5027d1e509	10	75432647	76432732	732	0.0022
e22edca1-493b-4d79-a311-3d5027d1e509	10	76436662	78334115	1440	0.3347
e22edca1-493b-4d79-a311-3d5027d1e509	10	78337276	78654317	311	0.5862
e22edca1-493b-4d79-a311-3d5027d1e509	10	78654426	78899394	233	0.4297
e22edca1-493b-4d79-a311-3d5027d1e509	10	78899588	79367725	350	0.576
e22edca1-493b-4d79-a311-3d5027d1e509	10	79367893	80248789	92	0.8667
e22edca1-493b-4d79-a311-3d5027d1e509	10	80252343	81601321	896	-0.011
e22edca1-493b-4d79-a311-3d5027d1e509	10	81603117	81957146	244	-0.1755
e22edca1-493b-4d79-a311-3d5027d1e509	10	81960132	82592270	479	-0.0139
e22edca1-493b-4d79-a311-3d5027d1e509	10	82594878	85835756	2358	-0.2027
e22edca1-493b-4d79-a311-3d5027d1e509	10	85837150	86148895	240	0.025
e22edca1-493b-4d79-a311-3d5027d1e509	10	86149188	94543944	4913	-0.1919
e22edca1-493b-4d79-a311-3d5027d1e509	10	94549578	95455274	464	-0.0078
e22edca1-493b-4d79-a311-3d5027d1e509	10	95456597	95924816	297	0.3536
e22edca1-493b-4d79-a311-3d5027d1e509	10	95928542	96850984	647	0.1868
e22edca1-493b-4d79-a311-3d5027d1e509	10	96855342	96903215	27	0.6074
e22edca1-493b-4d79-a311-3d5027d1e509	10	96903640	97170667	203	0.4504
e22edca1-493b-4d79-a311-3d5027d1e509	10	97174002	97394547	127	0.6449
e22edca1-493b-4d79-a311-3d5027d1e509	10	97400112	100877461	2042	0.0026
e22edca1-493b-4d79-a311-3d5027d1e509	10	100878074	117622633	10667	-0.1912
e22edca1-493b-4d79-a311-3d5027d1e509	10	117622896	119645034	1386	-0.0012
e22edca1-493b-4d79-a311-3d5027d1e509	10	119648469	119648559	2	-1.1537
e22edca1-493b-4d79-a311-3d5027d1e509	10	119649612	123179512	2763	0.007
e22edca1-493b-4d79-a311-3d5027d1e509	10	123182435	123182832	2	-1.1339
e22edca1-493b-4d79-a311-3d5027d1e509	10	123185699	133411599	6003	-0.0051
e22edca1-493b-4d79-a311-3d5027d1e509	11	456012	3244903	950	-0.0367
e22edca1-493b-4d79-a311-3d5027d1e509	11	3245901	48116503	29107	0.1348
e22edca1-493b-4d79-a311-3d5027d1e509	11	48121336	48122562	2	-3.9661
e22edca1-493b-4d79-a311-3d5027d1e509	11	48122743	50088070	572	0.1313
e22edca1-493b-4d79-a311-3d5027d1e509	11	50091552	125998375	41203	-0.0088
e22edca1-493b-4d79-a311-3d5027d1e509	11	125998489	125998738	2	-1.3876
e22edca1-493b-4d79-a311-3d5027d1e509	11	125998820	134272740	5655	-0.0024
e22edca1-493b-4d79-a311-3d5027d1e509	12	780472	38827290	19707	0.1317
e22edca1-493b-4d79-a311-3d5027d1e509	12	38829764	104450927	38963	-0.0095
e22edca1-493b-4d79-a311-3d5027d1e509	12	104453536	104453705	2	-1.399
e22edca1-493b-4d79-a311-3d5027d1e509	12	104454631	124648042	11850	0.0028
e22edca1-493b-4d79-a311-3d5027d1e509	12	124653032	124729524	55	0.2137
e22edca1-493b-4d79-a311-3d5027d1e509	12	124731521	132605822	3686	-0.0001
e22edca1-493b-4d79-a311-3d5027d1e509	13	18874255	21722846	1175	-0.1731
e22edca1-493b-4d79-a311-3d5027d1e509	13	21726940	42542560	13919	0.0056
e22edca1-493b-4d79-a311-3d5027d1e509	13	42542995	42545193	3	-1.257
e22edca1-493b-4d79-a311-3d5027d1e509	13	42545201	53226292	5678	0.0022
e22edca1-493b-4d79-a311-3d5027d1e509	13	53229173	54384759	678	-0.4276
e22edca1-493b-4d79-a311-3d5027d1e509	13	54385011	54385769	2	-2.0899
e22edca1-493b-4d79-a311-3d5027d1e509	13	54385787	55654757	513	-0.3913
e22edca1-493b-4d79-a311-3d5027d1e509	13	55663586	56228164	236	-0.0025
e22edca1-493b-4d79-a311-3d5027d1e509	13	56229231	56321464	42	-0.4635
e22edca1-493b-4d79-a311-3d5027d1e509	13	56322079	114226675	34690	0.0209
e22edca1-493b-4d79-a311-3d5027d1e509	14	20033191	31190810	5587	-0.006
e22edca1-493b-4d79-a311-3d5027d1e509	14	31191654	34217872	2177	0.3075
e22edca1-493b-4d79-a311-3d5027d1e509	14	34217942	34279324	79	0.6452
e22edca1-493b-4d79-a311-3d5027d1e509	14	34279842	34384812	80	0.4482
e22edca1-493b-4d79-a311-3d5027d1e509	14	34385120	35255033	316	0.0117
e22edca1-493b-4d79-a311-3d5027d1e509	14	35266692	35423234	74	0.1355
e22edca1-493b-4d79-a311-3d5027d1e509	14	35424419	36531251	655	-0.0102
e22edca1-493b-4d79-a311-3d5027d1e509	14	36531576	36705861	150	0.3516
e22edca1-493b-4d79-a311-3d5027d1e509	14	36707680	37425197	504	0.2037
e22edca1-493b-4d79-a311-3d5027d1e509	14	37425262	37448191	14	0.0532
e22edca1-493b-4d79-a311-3d5027d1e509	14	37459560	37827292	164	0.783
e22edca1-493b-4d79-a311-3d5027d1e509	14	37839669	39296505	814	0.0188
e22edca1-493b-4d79-a311-3d5027d1e509	14	39297148	41798023	1280	0.2895
e22edca1-493b-4d79-a311-3d5027d1e509	14	41801412	41802022	6	-0.5921
e22edca1-493b-4d79-a311-3d5027d1e509	14	41803854	42046187	155	0.2649
e22edca1-493b-4d79-a311-3d5027d1e509	14	42049888	42098887	24	0.5363
e22edca1-493b-4d79-a311-3d5027d1e509	14	42104631	42496594	208	0.2964
e22edca1-493b-4d79-a311-3d5027d1e509	14	42622221	42717926	56	0.6446
e22edca1-493b-4d79-a311-3d5027d1e509	14	42718050	43350726	336	0.2969
e22edca1-493b-4d79-a311-3d5027d1e509	14	43779976	43847089	40	0.5278
e22edca1-493b-4d79-a311-3d5027d1e509	14	43852156	46926598	1052	0.2886
e22edca1-493b-4d79-a311-3d5027d1e509	14	46926933	47126827	125	0.5105
e22edca1-493b-4d79-a311-3d5027d1e509	14	47130723	50224871	1667	0.2901
e22edca1-493b-4d79-a311-3d5027d1e509	14	50226573	51665025	980	0.4434
e22edca1-493b-4d79-a311-3d5027d1e509	14	51665038	52013524	263	0.5718
e22edca1-493b-4d79-a311-3d5027d1e509	14	52013879	52220228	191	0.4276
e22edca1-493b-4d79-a311-3d5027d1e509	14	52225273	52433777	155	0.1885
e22edca1-493b-4d79-a311-3d5027d1e509	14	52435312	52724383	145	0.3074
e22edca1-493b-4d79-a311-3d5027d1e509	14	52728358	56681453	2620	-0.194
e22edca1-493b-4d79-a311-3d5027d1e509	14	56686195	56959516	192	0.4293
e22edca1-493b-4d79-a311-3d5027d1e509	14	56959968	59793316	1816	-0.199
e22edca1-493b-4d79-a311-3d5027d1e509	14	59796022	60143046	170	0.3161
e22edca1-493b-4d79-a311-3d5027d1e509	14	60147744	60512641	210	0.1405
e22edca1-493b-4d79-a311-3d5027d1e509	14	60516348	103031501	26550	-0.1913
e22edca1-493b-4d79-a311-3d5027d1e509	14	103037093	105533894	847	-0.0092
e22edca1-493b-4d79-a311-3d5027d1e509	15	23437561	101344124	44710	-0.1892
e22edca1-493b-4d79-a311-3d5027d1e509	16	603333	89317317	41149	-0.0114
e22edca1-493b-4d79-a311-3d5027d1e509	17	1074619	27014516	9739	-0.1981
e22edca1-493b-4d79-a311-3d5027d1e509	17	27015487	27654523	286	0.1137
e22edca1-493b-4d79-a311-3d5027d1e509	17	27657079	27975454	201	0.7509
e22edca1-493b-4d79-a311-3d5027d1e509	17	27976208	28410952	187	0.0622
e22edca1-493b-4d79-a311-3d5027d1e509	17	28412122	29627159	515	0.3047
e22edca1-493b-4d79-a311-3d5027d1e509	17	29628743	30148795	214	0.7965
e22edca1-493b-4d79-a311-3d5027d1e509	17	30149440	30418016	132	0.5986
e22edca1-493b-4d79-a311-3d5027d1e509	17	30419362	32170335	691	-0.1866
e22edca1-493b-4d79-a311-3d5027d1e509	17	32170993	37763774	2702	-0.4078
e22edca1-493b-4d79-a311-3d5027d1e509	17	38254377	38339536	24	0.8626
e22edca1-493b-4d79-a311-3d5027d1e509	17	38341114	39063108	345	-0.4258
e22edca1-493b-4d79-a311-3d5027d1e509	17	39066041	39108502	30	0.5299
e22edca1-493b-4d79-a311-3d5027d1e509	17	39110808	39157452	24	1.2937
e22edca1-493b-4d79-a311-3d5027d1e509	17	39164233	39363461	85	0.6089
e22edca1-493b-4d79-a311-3d5027d1e509	17	39366443	39487527	41	1.2672
e22edca1-493b-4d79-a311-3d5027d1e509	17	39495286	39720645	133	1.7957
e22edca1-493b-4d79-a311-3d5027d1e509	17	39720681	39725020	4	0.7025
e22edca1-493b-4d79-a311-3d5027d1e509	17	39725118	40271954	219	1.8441
e22edca1-493b-4d79-a311-3d5027d1e509	17	40280824	40321019	20	1.3243
e22edca1-493b-4d79-a311-3d5027d1e509	17	40324405	40388192	28	0.9298
e22edca1-493b-4d79-a311-3d5027d1e509	17	40394210	40607624	107	1.4574
e22edca1-493b-4d79-a311-3d5027d1e509	17	40616114	48798620	3276	-0.4118
e22edca1-493b-4d79-a311-3d5027d1e509	17	48800520	48845844	21	1.6058
e22edca1-493b-4d79-a311-3d5027d1e509	17	48845890	49081640	121	1.3501
e22edca1-493b-4d79-a311-3d5027d1e509	17	49084985	49749005	362	1.6046
e22edca1-493b-4d79-a311-3d5027d1e509	17	49752189	50142774	204	0.5993
e22edca1-493b-4d79-a311-3d5027d1e509	17	50146312	50406600	132	0.3091
e22edca1-493b-4d79-a311-3d5027d1e509	17	50407514	50502765	60	1.209
e22edca1-493b-4d79-a311-3d5027d1e509	17	50502896	51028744	259	0.3418
e22edca1-493b-4d79-a311-3d5027d1e509	17	51028988	51059417	11	0.0535
e22edca1-493b-4d79-a311-3d5027d1e509	17	51062237	51086323	12	1.1143
e22edca1-493b-4d79-a311-3d5027d1e509	17	51088048	51097751	5	0.1775
e22edca1-493b-4d79-a311-3d5027d1e509	17	51100270	52169756	608	0.0104
e22edca1-493b-4d79-a311-3d5027d1e509	17	52169778	52440377	189	-0.3806
e22edca1-493b-4d79-a311-3d5027d1e509	17	52441479	63911447	6370	-0.074
e22edca1-493b-4d79-a311-3d5027d1e509	17	63911563	64994766	468	-0.4087
e22edca1-493b-4d79-a311-3d5027d1e509	17	64996439	79724849	8150	-0.0802
e22edca1-493b-4d79-a311-3d5027d1e509	17	79727803	79875697	76	-0.3465
e22edca1-493b-4d79-a311-3d5027d1e509	17	79877288	82613629	980	-0.0966
e22edca1-493b-4d79-a311-3d5027d1e509	17	82613819	82614057	2	0.7957
e22edca1-493b-4d79-a311-3d5027d1e509	17	82616656	82959812	179	-0.0813
e22edca1-493b-4d79-a311-3d5027d1e509	18	326691	12831325	7362	-0.3924
e22edca1-493b-4d79-a311-3d5027d1e509	18	12834005	13162451	191	-0.1589
e22edca1-493b-4d79-a311-3d5027d1e509	18	13170819	14648458	680	-0.408
e22edca1-493b-4d79-a311-3d5027d1e509	18	14653029	28999837	4729	-0.1704
e22edca1-493b-4d79-a311-3d5027d1e509	18	29000080	31215133	1313	0.0039
e22edca1-493b-4d79-a311-3d5027d1e509	18	31215320	33282783	1347	-0.1707
e22edca1-493b-4d79-a311-3d5027d1e509	18	33282852	79322151	27256	0.0155
e22edca1-493b-4d79-a311-3d5027d1e509	18	79322184	79349796	12	-0.1517
e22edca1-493b-4d79-a311-3d5027d1e509	19	283868	43490890	17727	-0.0043
e22edca1-493b-4d79-a311-3d5027d1e509	19	43491087	52162736	3743	0.1529
e22edca1-493b-4d79-a311-3d5027d1e509	19	52165116	55061669	958	0.2758
e22edca1-493b-4d79-a311-3d5027d1e509	19	55062265	55909827	378	0.5557
e22edca1-493b-4d79-a311-3d5027d1e509	19	55910380	56243973	110	0.9772
e22edca1-493b-4d79-a311-3d5027d1e509	19	56247597	56303859	34	0.4908
e22edca1-493b-4d79-a311-3d5027d1e509	19	56305666	56615673	227	0.7774
e22edca1-493b-4d79-a311-3d5027d1e509	19	56616129	56996614	231	0.5468
e22edca1-493b-4d79-a311-3d5027d1e509	19	57000902	57783618	425	0.3072
e22edca1-493b-4d79-a311-3d5027d1e509	19	57840921	58255802	230	0.5413
e22edca1-493b-4d79-a311-3d5027d1e509	19	58256105	58370362	62	0.0155
e22edca1-493b-4d79-a311-3d5027d1e509	20	472817	1878032	831	0.003
e22edca1-493b-4d79-a311-3d5027d1e509	20	1878595	2363290	420	0.5683
e22edca1-493b-4d79-a311-3d5027d1e509	20	2364281	19110904	11115	0.0033
e22edca1-493b-4d79-a311-3d5027d1e509	20	19113658	19121778	15	2.1818
e22edca1-493b-4d79-a311-3d5027d1e509	20	19130612	21750126	1924	0.0063
e22edca1-493b-4d79-a311-3d5027d1e509	20	21754120	21877913	86	1.1876
e22edca1-493b-4d79-a311-3d5027d1e509	20	21882591	21945423	40	1.0562
e22edca1-493b-4d79-a311-3d5027d1e509	20	21947013	22029210	37	0.3868
e22edca1-493b-4d79-a311-3d5027d1e509	20	22031749	22067927	26	1.1015
e22edca1-493b-4d79-a311-3d5027d1e509	20	22069590	22598081	411	0.7267
e22edca1-493b-4d79-a311-3d5027d1e509	20	22598100	22699339	74	0.9022
e22edca1-493b-4d79-a311-3d5027d1e509	20	22699895	23168338	430	1.367
e22edca1-493b-4d79-a311-3d5027d1e509	20	23180161	23423302	201	1.975
e22edca1-493b-4d79-a311-3d5027d1e509	20	23596117	24080550	255	0.0051
e22edca1-493b-4d79-a311-3d5027d1e509	20	24080709	63588502	21644	0.1473
e22edca1-493b-4d79-a311-3d5027d1e509	21	13974127	46262057	20575	-0.0185
e22edca1-493b-4d79-a311-3d5027d1e509	22	16934932	34436532	8209	0.1417
e22edca1-493b-4d79-a311-3d5027d1e509	22	34436658	34438686	2	-1.8831
e22edca1-493b-4d79-a311-3d5027d1e509	22	34438906	48940621	8856	0.1368
e22edca1-493b-4d79-a311-3d5027d1e509	X	3236359	18814070	6431	-0.1751
e22edca1-493b-4d79-a311-3d5027d1e509	X	19272754	20481758	539	0.7041
e22edca1-493b-4d79-a311-3d5027d1e509	X	20484759	20632658	95	-0.0084
e22edca1-493b-4d79-a311-3d5027d1e509	X	20636799	20640834	3	0.7815
e22edca1-493b-4d79-a311-3d5027d1e509	X	20643772	20818206	84	1.0846
e22edca1-493b-4d79-a311-3d5027d1e509	X	20821808	21413245	226	1.4918
e22edca1-493b-4d79-a311-3d5027d1e509	X	21416549	21608001	74	1.8289
e22edca1-493b-4d79-a311-3d5027d1e509	X	21610138	21638239	14	1.2191
e22edca1-493b-4d79-a311-3d5027d1e509	X	21640870	22055544	213	0.8874
e22edca1-493b-4d79-a311-3d5027d1e509	X	22057223	22284160	215	0.6562
e22edca1-493b-4d79-a311-3d5027d1e509	X	22284244	22466506	175	0.8832
e22edca1-493b-4d79-a311-3d5027d1e509	X	22479632	22521442	58	0.6641
e22edca1-493b-4d79-a311-3d5027d1e509	X	22522329	22568310	36	0.8416
e22edca1-493b-4d79-a311-3d5027d1e509	X	22570552	23110810	166	0.2743
e22edca1-493b-4d79-a311-3d5027d1e509	X	23274947	23708688	330	0.1378
e22edca1-493b-4d79-a311-3d5027d1e509	X	23710287	23778289	50	0.3621
e22edca1-493b-4d79-a311-3d5027d1e509	X	23785081	23984684	116	0.8599
e22edca1-493b-4d79-a311-3d5027d1e509	X	23994264	24080457	34	0.3421
e22edca1-493b-4d79-a311-3d5027d1e509	X	24086529	24184855	38	0.8289
e22edca1-493b-4d79-a311-3d5027d1e509	X	24187015	24382830	131	1.2079
e22edca1-493b-4d79-a311-3d5027d1e509	X	24387221	26903987	1279	-0.1682
e22edca1-493b-4d79-a311-3d5027d1e509	X	26904534	28205954	829	-0.2244
e22edca1-493b-4d79-a311-3d5027d1e509	X	28214936	34624287	2761	-0.1801
e22edca1-493b-4d79-a311-3d5027d1e509	X	34626703	35130416	283	0.0005
e22edca1-493b-4d79-a311-3d5027d1e509	X	35130905	45091569	4690	0.139
e22edca1-493b-4d79-a311-3d5027d1e509	X	45092488	46941310	932	-0.0067
e22edca1-493b-4d79-a311-3d5027d1e509	X	46945687	46961259	14	0.1366
e22edca1-493b-4d79-a311-3d5027d1e509	X	46969506	47464679	232	0.6405
e22edca1-493b-4d79-a311-3d5027d1e509	X	47466350	47483855	7	0.4279
e22edca1-493b-4d79-a311-3d5027d1e509	X	47490964	47628721	95	0.0034
e22edca1-493b-4d79-a311-3d5027d1e509	X	47633740	48161732	179	0.1379
e22edca1-493b-4d79-a311-3d5027d1e509	X	48164172	49685430	443	-0.043
e22edca1-493b-4d79-a311-3d5027d1e509	X	49686209	51357799	844	0.0193
e22edca1-493b-4d79-a311-3d5027d1e509	X	51363103	52230525	262	-0.0525
e22edca1-493b-4d79-a311-3d5027d1e509	X	52231742	52336818	44	0.1832
e22edca1-493b-4d79-a311-3d5027d1e509	X	52342538	52868400	101	-0.0214
e22edca1-493b-4d79-a311-3d5027d1e509	X	52973354	53269027	141	0.6043
e22edca1-493b-4d79-a311-3d5027d1e509	X	53272598	155677414	41783	-0.0043
