GDC_Aliquot	Chromosome	Start	End	Num_Probes	Segment_Mean
b9fdf03c-d0d2-4b11-bbe6-f6996d403e90	1	3301765	21556327	10270	-0.3312
b9fdf03c-d0d2-4b11-bbe6-f6996d403e90	1	21564762	21610824	30	0.1804
b9fdf03c-d0d2-4b11-bbe6-f6996d403e90	1	21612222	24486932	1545	-0.3418
b9fdf03c-d0d2-4b11-bbe6-f6996d403e90	1	24487532	27141528	1094	0.0288
b9fdf03c-d0d2-4b11-bbe6-f6996d403e90	1	27146307	40810401	7132	-0.1284
b9fdf03c-d0d2-4b11-bbe6-f6996d403e90	1	40810826	46583377	3096	0.3352
b9fdf03c-d0d2-4b11-bbe6-f6996d403e90	1	46586251	49779186	1844	0.3829
b9fdf03c-d0d2-4b11-bbe6-f6996d403e90	1	49784108	51150707	561	0.5216
b9fdf03c-d0d2-4b11-bbe6-f6996d403e90	1	51158241	52694189	668	0.3499
b9fdf03c-d0d2-4b11-bbe6-f6996d403e90	1	52695948	54491560	1130	0.4955
b9fdf03c-d0d2-4b11-bbe6-f6996d403e90	1	54493621	54830591	172	0.2628
b9fdf03c-d0d2-4b11-bbe6-f6996d403e90	1	54830859	54994518	129	0.5256
b9fdf03c-d0d2-4b11-bbe6-f6996d403e90	1	54995454	55644617	537	0.5811
b9fdf03c-d0d2-4b11-bbe6-f6996d403e90	1	55647101	55654613	13	1.1118
b9fdf03c-d0d2-4b11-bbe6-f6996d403e90	1	55655100	67829939	8872	0.5856
b9fdf03c-d0d2-4b11-bbe6-f6996d403e90	1	67830421	69067501	776	0.5091
b9fdf03c-d0d2-4b11-bbe6-f6996d403e90	1	69072946	72648264	1852	0.3472
b9fdf03c-d0d2-4b11-bbe6-f6996d403e90	1	72648418	73258430	334	0.4524
b9fdf03c-d0d2-4b11-bbe6-f6996d403e90	1	73261216	77104895	2317	0.3208
b9fdf03c-d0d2-4b11-bbe6-f6996d403e90	1	77106135	86921436	5923	-0.2581
b9fdf03c-d0d2-4b11-bbe6-f6996d403e90	1	86925258	87897484	729	0.0692
b9fdf03c-d0d2-4b11-bbe6-f6996d403e90	1	87897606	88682820	528	-0.2592
b9fdf03c-d0d2-4b11-bbe6-f6996d403e90	1	88683110	92599718	2295	-0.4026
b9fdf03c-d0d2-4b11-bbe6-f6996d403e90	1	92600426	108535290	9144	-0.3082
b9fdf03c-d0d2-4b11-bbe6-f6996d403e90	1	108537722	110656583	1199	-0.096
b9fdf03c-d0d2-4b11-bbe6-f6996d403e90	1	110659537	110666245	7	-1.0527
b9fdf03c-d0d2-4b11-bbe6-f6996d403e90	1	110671306	110695063	18	-0.0448
b9fdf03c-d0d2-4b11-bbe6-f6996d403e90	1	110695302	119979137	5883	0.0522
b9fdf03c-d0d2-4b11-bbe6-f6996d403e90	1	119979978	150314364	165	0.3707
b9fdf03c-d0d2-4b11-bbe6-f6996d403e90	1	150315150	151437026	372	0.279
b9fdf03c-d0d2-4b11-bbe6-f6996d403e90	1	151437367	158804850	4052	0.3795
b9fdf03c-d0d2-4b11-bbe6-f6996d403e90	1	158836417	158872663	20	-0.0729
b9fdf03c-d0d2-4b11-bbe6-f6996d403e90	1	158872739	161770103	1657	0.3782
b9fdf03c-d0d2-4b11-bbe6-f6996d403e90	1	161770624	169119441	5675	0.4305
b9fdf03c-d0d2-4b11-bbe6-f6996d403e90	1	169120376	169137992	17	-0.104
b9fdf03c-d0d2-4b11-bbe6-f6996d403e90	1	169141602	172399617	2197	0.4289
b9fdf03c-d0d2-4b11-bbe6-f6996d403e90	1	172399827	172851234	310	0.5258
b9fdf03c-d0d2-4b11-bbe6-f6996d403e90	1	172852144	181595689	5148	0.4142
b9fdf03c-d0d2-4b11-bbe6-f6996d403e90	1	181598911	182683907	811	0.3823
b9fdf03c-d0d2-4b11-bbe6-f6996d403e90	1	182689739	183596965	582	0.6456
b9fdf03c-d0d2-4b11-bbe6-f6996d403e90	1	183597296	185945642	1469	0.4101
b9fdf03c-d0d2-4b11-bbe6-f6996d403e90	1	185946184	195176812	5597	0.0361
b9fdf03c-d0d2-4b11-bbe6-f6996d403e90	1	195178627	199693582	2449	0.5149
b9fdf03c-d0d2-4b11-bbe6-f6996d403e90	1	199711195	206178584	4176	0.0156
b9fdf03c-d0d2-4b11-bbe6-f6996d403e90	1	206366301	207509802	764	0.2567
b9fdf03c-d0d2-4b11-bbe6-f6996d403e90	1	207511477	210784849	2510	0.0468
b9fdf03c-d0d2-4b11-bbe6-f6996d403e90	1	210784951	211208678	262	0.3074
b9fdf03c-d0d2-4b11-bbe6-f6996d403e90	1	211210742	211605708	217	0.0161
b9fdf03c-d0d2-4b11-bbe6-f6996d403e90	1	211606105	212240501	383	0.2714
b9fdf03c-d0d2-4b11-bbe6-f6996d403e90	1	212242736	215790032	2361	0.0482
b9fdf03c-d0d2-4b11-bbe6-f6996d403e90	1	215794723	215794736	2	-1.5686
b9fdf03c-d0d2-4b11-bbe6-f6996d403e90	1	215795121	224017234	5402	0.0511
b9fdf03c-d0d2-4b11-bbe6-f6996d403e90	1	224037069	224466419	259	0.5112
b9fdf03c-d0d2-4b11-bbe6-f6996d403e90	1	224468514	226452976	1097	0.0418
b9fdf03c-d0d2-4b11-bbe6-f6996d403e90	1	226455368	233012767	4148	0.4052
b9fdf03c-d0d2-4b11-bbe6-f6996d403e90	1	233012793	233064595	36	0.2239
b9fdf03c-d0d2-4b11-bbe6-f6996d403e90	1	233065121	234772540	1395	-0.1105
b9fdf03c-d0d2-4b11-bbe6-f6996d403e90	1	234776541	234780167	3	-1.5005
b9fdf03c-d0d2-4b11-bbe6-f6996d403e90	1	234794424	247437274	7934	-0.1348
b9fdf03c-d0d2-4b11-bbe6-f6996d403e90	1	247437858	247438293	3	-1.24
b9fdf03c-d0d2-4b11-bbe6-f6996d403e90	1	247439666	247650984	138	-0.0819
b9fdf03c-d0d2-4b11-bbe6-f6996d403e90	2	480597	2910612	938	0.0076
b9fdf03c-d0d2-4b11-bbe6-f6996d403e90	2	2912784	16434525	9308	0.0439
b9fdf03c-d0d2-4b11-bbe6-f6996d403e90	2	16435741	17288387	649	0.0731
b9fdf03c-d0d2-4b11-bbe6-f6996d403e90	2	17288546	17288569	2	-1.1222
b9fdf03c-d0d2-4b11-bbe6-f6996d403e90	2	17289010	21238610	2722	0.0858
b9fdf03c-d0d2-4b11-bbe6-f6996d403e90	2	21239224	38808699	9325	0.0367
b9fdf03c-d0d2-4b11-bbe6-f6996d403e90	2	38812836	42505020	2273	0.0851
b9fdf03c-d0d2-4b11-bbe6-f6996d403e90	2	42507004	46160269	2420	-0.0235
b9fdf03c-d0d2-4b11-bbe6-f6996d403e90	2	46160906	46964822	650	0.4078
b9fdf03c-d0d2-4b11-bbe6-f6996d403e90	2	46964872	47014206	32	0.1143
b9fdf03c-d0d2-4b11-bbe6-f6996d403e90	2	47019760	48274724	669	0.4033
b9fdf03c-d0d2-4b11-bbe6-f6996d403e90	2	48276931	49994037	996	-0.0345
b9fdf03c-d0d2-4b11-bbe6-f6996d403e90	2	49998196	75742817	14496	0.2092
b9fdf03c-d0d2-4b11-bbe6-f6996d403e90	2	75747559	76168931	255	0.6695
b9fdf03c-d0d2-4b11-bbe6-f6996d403e90	2	76170482	84070391	4180	0.1986
b9fdf03c-d0d2-4b11-bbe6-f6996d403e90	2	84081985	84675559	370	-0.0038
b9fdf03c-d0d2-4b11-bbe6-f6996d403e90	2	84675610	88826632	1485	-0.0755
b9fdf03c-d0d2-4b11-bbe6-f6996d403e90	2	88826703	103459962	4139	0.0362
b9fdf03c-d0d2-4b11-bbe6-f6996d403e90	2	103460942	114199010	5549	0.2113
b9fdf03c-d0d2-4b11-bbe6-f6996d403e90	2	114199397	118733242	2237	0.3198
b9fdf03c-d0d2-4b11-bbe6-f6996d403e90	2	118741091	129474142	5776	-0.3102
b9fdf03c-d0d2-4b11-bbe6-f6996d403e90	2	129480331	129484044	6	-2.5837
b9fdf03c-d0d2-4b11-bbe6-f6996d403e90	2	129497608	172278770	23834	-0.3001
b9fdf03c-d0d2-4b11-bbe6-f6996d403e90	2	172278794	172278804	2	-2.0107
b9fdf03c-d0d2-4b11-bbe6-f6996d403e90	2	172281727	180060478	4967	-0.3167
b9fdf03c-d0d2-4b11-bbe6-f6996d403e90	2	180065971	181279665	771	0.0022
b9fdf03c-d0d2-4b11-bbe6-f6996d403e90	2	181280415	183159734	1125	0.584
b9fdf03c-d0d2-4b11-bbe6-f6996d403e90	2	183161223	183928505	364	-0.0342
b9fdf03c-d0d2-4b11-bbe6-f6996d403e90	2	183946220	185433497	659	0.5607
b9fdf03c-d0d2-4b11-bbe6-f6996d403e90	2	185433729	186524205	271	-0.0193
b9fdf03c-d0d2-4b11-bbe6-f6996d403e90	2	186529028	187964910	670	0.5777
b9fdf03c-d0d2-4b11-bbe6-f6996d403e90	2	187966131	187966150	2	-0.807
b9fdf03c-d0d2-4b11-bbe6-f6996d403e90	2	187971117	188579287	207	0.5737
b9fdf03c-d0d2-4b11-bbe6-f6996d403e90	2	188585038	227902703	22852	-0.0543
b9fdf03c-d0d2-4b11-bbe6-f6996d403e90	2	227907381	229407946	994	0.4152
b9fdf03c-d0d2-4b11-bbe6-f6996d403e90	2	229410354	229417777	3	-0.0684
b9fdf03c-d0d2-4b11-bbe6-f6996d403e90	2	229421935	241537572	6973	-0.318
b9fdf03c-d0d2-4b11-bbe6-f6996d403e90	3	2170634	3598172	884	0.4815
b9fdf03c-d0d2-4b11-bbe6-f6996d403e90	3	3598587	3599731	2	-0.9807
b9fdf03c-d0d2-4b11-bbe6-f6996d403e90	3	3599765	8489062	2705	0.4745
b9fdf03c-d0d2-4b11-bbe6-f6996d403e90	3	8489727	9461128	712	0.684
b9fdf03c-d0d2-4b11-bbe6-f6996d403e90	3	9461410	12568438	1935	0.4679
b9fdf03c-d0d2-4b11-bbe6-f6996d403e90	3	12570079	12756627	158	0.2862
b9fdf03c-d0d2-4b11-bbe6-f6996d403e90	3	12758846	22726888	5639	0.4579
b9fdf03c-d0d2-4b11-bbe6-f6996d403e90	3	22728020	25704534	2135	0.2898
b9fdf03c-d0d2-4b11-bbe6-f6996d403e90	3	25704749	25704752	2	-1.2194
b9fdf03c-d0d2-4b11-bbe6-f6996d403e90	3	25711353	33100824	4450	0.2677
b9fdf03c-d0d2-4b11-bbe6-f6996d403e90	3	33102962	37415957	2497	-0.2709
b9fdf03c-d0d2-4b11-bbe6-f6996d403e90	3	37417687	37471873	46	0.286
b9fdf03c-d0d2-4b11-bbe6-f6996d403e90	3	37473850	45952481	5029	-0.2906
b9fdf03c-d0d2-4b11-bbe6-f6996d403e90	3	45953018	54185081	3716	-0.3493
b9fdf03c-d0d2-4b11-bbe6-f6996d403e90	3	54185097	54886530	566	-0.314
b9fdf03c-d0d2-4b11-bbe6-f6996d403e90	3	54887876	56033392	974	0.2486
b9fdf03c-d0d2-4b11-bbe6-f6996d403e90	3	56039105	70159640	8954	-0.3102
b9fdf03c-d0d2-4b11-bbe6-f6996d403e90	3	70159967	70413894	173	-0.5737
b9fdf03c-d0d2-4b11-bbe6-f6996d403e90	3	70413909	79785066	5498	-0.3201
b9fdf03c-d0d2-4b11-bbe6-f6996d403e90	3	79799239	101854208	9226	0.2526
b9fdf03c-d0d2-4b11-bbe6-f6996d403e90	3	101855059	104300875	1338	0.6018
b9fdf03c-d0d2-4b11-bbe6-f6996d403e90	3	104304024	107131574	1738	0.2528
b9fdf03c-d0d2-4b11-bbe6-f6996d403e90	3	107134636	115425372	4606	0.4912
b9fdf03c-d0d2-4b11-bbe6-f6996d403e90	3	115425648	129697805	8451	0.4561
b9fdf03c-d0d2-4b11-bbe6-f6996d403e90	3	129699625	129890955	64	0.5596
b9fdf03c-d0d2-4b11-bbe6-f6996d403e90	3	129891110	133764045	2381	0.3331
b9fdf03c-d0d2-4b11-bbe6-f6996d403e90	3	133765868	138136406	2359	0.5087
b9fdf03c-d0d2-4b11-bbe6-f6996d403e90	3	138139696	138215780	40	0.7817
b9fdf03c-d0d2-4b11-bbe6-f6996d403e90	3	138218445	152668053	7707	0.4823
b9fdf03c-d0d2-4b11-bbe6-f6996d403e90	3	152668187	155500472	1521	0.6155
b9fdf03c-d0d2-4b11-bbe6-f6996d403e90	3	155501154	158261915	1508	0.4753
b9fdf03c-d0d2-4b11-bbe6-f6996d403e90	3	158262894	159076834	452	0.6075
b9fdf03c-d0d2-4b11-bbe6-f6996d403e90	3	159077048	163264685	2050	0.7069
b9fdf03c-d0d2-4b11-bbe6-f6996d403e90	3	163265393	163273076	3	-0.281
b9fdf03c-d0d2-4b11-bbe6-f6996d403e90	3	163273441	163676555	155	0.7058
b9fdf03c-d0d2-4b11-bbe6-f6996d403e90	3	163679609	164884296	620	0.6439
b9fdf03c-d0d2-4b11-bbe6-f6996d403e90	3	164886505	164890493	2	-0.645
b9fdf03c-d0d2-4b11-bbe6-f6996d403e90	3	164892478	165304048	105	0.6551
b9fdf03c-d0d2-4b11-bbe6-f6996d403e90	3	165304486	165305126	2	-0.7894
b9fdf03c-d0d2-4b11-bbe6-f6996d403e90	3	165312891	185290786	9831	0.6955
b9fdf03c-d0d2-4b11-bbe6-f6996d403e90	3	185293083	186102980	499	0.9339
b9fdf03c-d0d2-4b11-bbe6-f6996d403e90	3	186103099	190017672	2779	0.9813
b9fdf03c-d0d2-4b11-bbe6-f6996d403e90	3	190017674	190017698	2	-0.573
b9fdf03c-d0d2-4b11-bbe6-f6996d403e90	3	190017717	192662841	1648	0.9824
b9fdf03c-d0d2-4b11-bbe6-f6996d403e90	3	192663823	194759628	1219	0.9138
b9fdf03c-d0d2-4b11-bbe6-f6996d403e90	3	194762648	196619435	622	0.8255
b9fdf03c-d0d2-4b11-bbe6-f6996d403e90	3	196620566	197812401	166	0.9258
b9fdf03c-d0d2-4b11-bbe6-f6996d403e90	4	1059384	4361807	1275	-0.3831
b9fdf03c-d0d2-4b11-bbe6-f6996d403e90	4	4366319	43918571	24992	-0.3232
b9fdf03c-d0d2-4b11-bbe6-f6996d403e90	4	43918677	44348216	200	-0.3768
b9fdf03c-d0d2-4b11-bbe6-f6996d403e90	4	44348458	44614706	105	-0.0233
b9fdf03c-d0d2-4b11-bbe6-f6996d403e90	4	44615900	44753972	77	-0.3448
b9fdf03c-d0d2-4b11-bbe6-f6996d403e90	4	44754070	47391647	1291	-0.0122
b9fdf03c-d0d2-4b11-bbe6-f6996d403e90	4	47395406	48067890	403	0.4742
b9fdf03c-d0d2-4b11-bbe6-f6996d403e90	4	51832470	109275839	32480	-0.0021
b9fdf03c-d0d2-4b11-bbe6-f6996d403e90	4	109277104	109277391	2	-1.7234
b9fdf03c-d0d2-4b11-bbe6-f6996d403e90	4	109283191	113901423	2739	0.0072
b9fdf03c-d0d2-4b11-bbe6-f6996d403e90	4	113901640	114323981	266	0.5143
b9fdf03c-d0d2-4b11-bbe6-f6996d403e90	4	114324611	137663836	12117	-0.0202
b9fdf03c-d0d2-4b11-bbe6-f6996d403e90	4	137668154	147792152	5953	-0.3242
b9fdf03c-d0d2-4b11-bbe6-f6996d403e90	4	147792937	148007062	130	-0.5888
b9fdf03c-d0d2-4b11-bbe6-f6996d403e90	4	148007221	171651320	13288	-0.3146
b9fdf03c-d0d2-4b11-bbe6-f6996d403e90	4	171657004	171787990	63	0.3236
b9fdf03c-d0d2-4b11-bbe6-f6996d403e90	4	171788036	171788564	2	-1.7943
b9fdf03c-d0d2-4b11-bbe6-f6996d403e90	4	171788579	173319924	717	0.2682
b9fdf03c-d0d2-4b11-bbe6-f6996d403e90	4	173324118	180604429	4114	-0.3039
b9fdf03c-d0d2-4b11-bbe6-f6996d403e90	4	181157671	181530477	310	-0.6245
b9fdf03c-d0d2-4b11-bbe6-f6996d403e90	4	181531009	187842528	2930	-0.3109
b9fdf03c-d0d2-4b11-bbe6-f6996d403e90	5	913983	6061224	3651	0.4397
b9fdf03c-d0d2-4b11-bbe6-f6996d403e90	5	6066773	9615878	2716	0.8629
b9fdf03c-d0d2-4b11-bbe6-f6996d403e90	5	9617833	10266978	535	0.7383
b9fdf03c-d0d2-4b11-bbe6-f6996d403e90	5	10267110	10279535	5	1.4531
b9fdf03c-d0d2-4b11-bbe6-f6996d403e90	5	10280234	10348200	37	0.6899
b9fdf03c-d0d2-4b11-bbe6-f6996d403e90	5	10349092	12533559	1330	0.8717
b9fdf03c-d0d2-4b11-bbe6-f6996d403e90	5	12534140	14512660	1224	0.959
b9fdf03c-d0d2-4b11-bbe6-f6996d403e90	5	14512710	19943816	2637	0.8937
b9fdf03c-d0d2-4b11-bbe6-f6996d403e90	5	19944162	19945091	3	-0.6047
b9fdf03c-d0d2-4b11-bbe6-f6996d403e90	5	19949041	22138936	927	0.8551
b9fdf03c-d0d2-4b11-bbe6-f6996d403e90	5	22141493	25077135	1667	0.406
b9fdf03c-d0d2-4b11-bbe6-f6996d403e90	5	25077162	26626637	749	0.5579
b9fdf03c-d0d2-4b11-bbe6-f6996d403e90	5	26626685	28391793	946	0.4784
b9fdf03c-d0d2-4b11-bbe6-f6996d403e90	5	28392326	30285494	1047	0.619
b9fdf03c-d0d2-4b11-bbe6-f6996d403e90	5	30291906	32635287	1647	0.5515
b9fdf03c-d0d2-4b11-bbe6-f6996d403e90	5	32635303	33073832	311	0.6234
b9fdf03c-d0d2-4b11-bbe6-f6996d403e90	5	33074172	33233723	85	0.1856
b9fdf03c-d0d2-4b11-bbe6-f6996d403e90	5	33234475	33551504	220	0.0895
b9fdf03c-d0d2-4b11-bbe6-f6996d403e90	5	33554004	36866812	1726	0.2238
b9fdf03c-d0d2-4b11-bbe6-f6996d403e90	5	36867457	37010659	66	-0.1785
b9fdf03c-d0d2-4b11-bbe6-f6996d403e90	5	37015447	37339348	118	0.2023
b9fdf03c-d0d2-4b11-bbe6-f6996d403e90	5	37341163	38401867	637	0.3206
b9fdf03c-d0d2-4b11-bbe6-f6996d403e90	5	38404094	40085850	1141	0.2064
b9fdf03c-d0d2-4b11-bbe6-f6996d403e90	5	40086250	41103015	636	0.0497
b9fdf03c-d0d2-4b11-bbe6-f6996d403e90	5	41104564	41792144	430	0.212
b9fdf03c-d0d2-4b11-bbe6-f6996d403e90	5	41798838	43098983	657	0.4041
b9fdf03c-d0d2-4b11-bbe6-f6996d403e90	5	43101962	43310713	103	0.5683
b9fdf03c-d0d2-4b11-bbe6-f6996d403e90	5	43319019	43886138	252	0.4226
b9fdf03c-d0d2-4b11-bbe6-f6996d403e90	5	43888186	45029285	499	0.2537
b9fdf03c-d0d2-4b11-bbe6-f6996d403e90	5	45029674	45161330	57	0.6451
b9fdf03c-d0d2-4b11-bbe6-f6996d403e90	5	45162551	45353165	62	0.8726
b9fdf03c-d0d2-4b11-bbe6-f6996d403e90	5	45353842	45383300	11	0.3757
b9fdf03c-d0d2-4b11-bbe6-f6996d403e90	5	50828231	54286218	2087	-0.3539
b9fdf03c-d0d2-4b11-bbe6-f6996d403e90	5	54291527	54300397	11	0.254
b9fdf03c-d0d2-4b11-bbe6-f6996d403e90	5	54301103	55183188	638	-0.3468
b9fdf03c-d0d2-4b11-bbe6-f6996d403e90	5	55183748	55183993	3	-2.8787
b9fdf03c-d0d2-4b11-bbe6-f6996d403e90	5	55184099	73531795	9748	-0.3377
b9fdf03c-d0d2-4b11-bbe6-f6996d403e90	5	73534141	120486261	25765	-0.2675
b9fdf03c-d0d2-4b11-bbe6-f6996d403e90	5	120499873	121817047	664	-1.398
b9fdf03c-d0d2-4b11-bbe6-f6996d403e90	5	121821082	123305379	921	-0.2679
b9fdf03c-d0d2-4b11-bbe6-f6996d403e90	5	123310359	123315274	8	-1.2895
b9fdf03c-d0d2-4b11-bbe6-f6996d403e90	5	123321173	136225533	7648	-0.2804
b9fdf03c-d0d2-4b11-bbe6-f6996d403e90	5	136227956	142918788	3576	0.3083
b9fdf03c-d0d2-4b11-bbe6-f6996d403e90	5	142922299	149256533	4134	0.3474
b9fdf03c-d0d2-4b11-bbe6-f6996d403e90	5	149258075	166581285	11199	0.3019
b9fdf03c-d0d2-4b11-bbe6-f6996d403e90	5	166583862	166584080	3	-2.9376
b9fdf03c-d0d2-4b11-bbe6-f6996d403e90	5	166587315	171584495	3547	0.3118
b9fdf03c-d0d2-4b11-bbe6-f6996d403e90	5	171585541	172291695	337	0.1841
b9fdf03c-d0d2-4b11-bbe6-f6996d403e90	5	172292504	174462495	1575	0.3102
b9fdf03c-d0d2-4b11-bbe6-f6996d403e90	5	174471878	175919594	1034	0.2032
b9fdf03c-d0d2-4b11-bbe6-f6996d403e90	5	175919625	175919649	2	-1.8364
b9fdf03c-d0d2-4b11-bbe6-f6996d403e90	5	175919787	180367208	1862	0.1969
b9fdf03c-d0d2-4b11-bbe6-f6996d403e90	5	180370429	180372342	2	0.3305
b9fdf03c-d0d2-4b11-bbe6-f6996d403e90	5	180374588	180383889	12	0.8836
b9fdf03c-d0d2-4b11-bbe6-f6996d403e90	5	180406485	180934240	177	0.223
b9fdf03c-d0d2-4b11-bbe6-f6996d403e90	6	1011760	30914736	19208	-0.1765
b9fdf03c-d0d2-4b11-bbe6-f6996d403e90	6	30919567	32899215	176	-0.4285
b9fdf03c-d0d2-4b11-bbe6-f6996d403e90	6	32901268	34131784	705	0.1845
b9fdf03c-d0d2-4b11-bbe6-f6996d403e90	6	34135885	34313533	63	0.7034
b9fdf03c-d0d2-4b11-bbe6-f6996d403e90	6	34317832	34542395	114	0.21
b9fdf03c-d0d2-4b11-bbe6-f6996d403e90	6	34544785	35358680	340	-0.3736
b9fdf03c-d0d2-4b11-bbe6-f6996d403e90	6	35359687	37802927	1479	0.3707
b9fdf03c-d0d2-4b11-bbe6-f6996d403e90	6	37804142	41835369	2905	0.4346
b9fdf03c-d0d2-4b11-bbe6-f6996d403e90	6	41845954	44225969	1239	0.3782
b9fdf03c-d0d2-4b11-bbe6-f6996d403e90	6	44228269	47201196	1836	-0.3373
b9fdf03c-d0d2-4b11-bbe6-f6996d403e90	6	47203935	49565982	1247	-1.3554
b9fdf03c-d0d2-4b11-bbe6-f6996d403e90	6	49566575	49572992	3	-6.4449
b9fdf03c-d0d2-4b11-bbe6-f6996d403e90	6	49573438	50408015	498	-1.3637
b9fdf03c-d0d2-4b11-bbe6-f6996d403e90	6	50414666	51772913	791	-0.2779
b9fdf03c-d0d2-4b11-bbe6-f6996d403e90	6	51773363	52372525	428	-0.0689
b9fdf03c-d0d2-4b11-bbe6-f6996d403e90	6	52373126	53092924	462	0.0681
b9fdf03c-d0d2-4b11-bbe6-f6996d403e90	6	53095558	53954353	612	-0.2954
b9fdf03c-d0d2-4b11-bbe6-f6996d403e90	6	53955893	56027752	1306	-0.7364
b9fdf03c-d0d2-4b11-bbe6-f6996d403e90	6	56029387	57347009	701	0.2931
b9fdf03c-d0d2-4b11-bbe6-f6996d403e90	6	61527062	70435475	4885	0.9224
b9fdf03c-d0d2-4b11-bbe6-f6996d403e90	6	70446318	70446523	2	-0.8552
b9fdf03c-d0d2-4b11-bbe6-f6996d403e90	6	70449364	76215521	3319	0.9585
b9fdf03c-d0d2-4b11-bbe6-f6996d403e90	6	76219847	112832584	20493	-0.3143
b9fdf03c-d0d2-4b11-bbe6-f6996d403e90	6	112833334	112837230	16	-0.8722
b9fdf03c-d0d2-4b11-bbe6-f6996d403e90	6	112837279	118821899	3092	-0.3038
b9fdf03c-d0d2-4b11-bbe6-f6996d403e90	6	118824820	119312460	258	0.2694
b9fdf03c-d0d2-4b11-bbe6-f6996d403e90	6	119313824	150016610	18870	-0.3109
b9fdf03c-d0d2-4b11-bbe6-f6996d403e90	6	150018899	158201093	5501	-0.4914
b9fdf03c-d0d2-4b11-bbe6-f6996d403e90	6	158201238	158205300	3	-3.1091
b9fdf03c-d0d2-4b11-bbe6-f6996d403e90	6	158207173	170596889	6553	-0.5151
b9fdf03c-d0d2-4b11-bbe6-f6996d403e90	7	664936	3217341	950	0.9589
b9fdf03c-d0d2-4b11-bbe6-f6996d403e90	7	3218856	4048534	256	-0.0345
b9fdf03c-d0d2-4b11-bbe6-f6996d403e90	7	4050551	7115182	1100	-0.102
b9fdf03c-d0d2-4b11-bbe6-f6996d403e90	7	7115256	11948856	2553	-0.0221
b9fdf03c-d0d2-4b11-bbe6-f6996d403e90	7	11950168	11950238	2	-2.4839
b9fdf03c-d0d2-4b11-bbe6-f6996d403e90	7	11952230	21614290	5772	-0.03
b9fdf03c-d0d2-4b11-bbe6-f6996d403e90	7	21614495	22534931	711	0.4517
b9fdf03c-d0d2-4b11-bbe6-f6996d403e90	7	22538399	22538413	2	-0.9542
b9fdf03c-d0d2-4b11-bbe6-f6996d403e90	7	22538771	24340016	1330	0.411
b9fdf03c-d0d2-4b11-bbe6-f6996d403e90	7	24342791	53885933	19175	-0.0178
b9fdf03c-d0d2-4b11-bbe6-f6996d403e90	7	53924140	55969290	1428	0.1894
b9fdf03c-d0d2-4b11-bbe6-f6996d403e90	7	55970609	67854298	1564	-0.009
b9fdf03c-d0d2-4b11-bbe6-f6996d403e90	7	67855941	68292185	259	0.1811
b9fdf03c-d0d2-4b11-bbe6-f6996d403e90	7	68292276	70692896	1505	0.2466
b9fdf03c-d0d2-4b11-bbe6-f6996d403e90	7	70697928	71161488	243	0.6205
b9fdf03c-d0d2-4b11-bbe6-f6996d403e90	7	71165281	76424254	1728	0.189
b9fdf03c-d0d2-4b11-bbe6-f6996d403e90	7	76424968	82583491	3471	0.268
b9fdf03c-d0d2-4b11-bbe6-f6996d403e90	7	82584277	84622680	1375	0.138
b9fdf03c-d0d2-4b11-bbe6-f6996d403e90	7	84623209	90871801	2270	0.3823
b9fdf03c-d0d2-4b11-bbe6-f6996d403e90	7	90879544	91344718	357	0.6132
b9fdf03c-d0d2-4b11-bbe6-f6996d403e90	7	91345052	93887533	1572	0.3911
b9fdf03c-d0d2-4b11-bbe6-f6996d403e90	7	93887750	93959622	54	0.1416
b9fdf03c-d0d2-4b11-bbe6-f6996d403e90	7	93962260	98056161	2416	0.3936
b9fdf03c-d0d2-4b11-bbe6-f6996d403e90	7	98064401	99036047	359	1.0123
b9fdf03c-d0d2-4b11-bbe6-f6996d403e90	7	99037978	100181287	518	1.17
b9fdf03c-d0d2-4b11-bbe6-f6996d403e90	7	100184404	100857389	169	0.9643
b9fdf03c-d0d2-4b11-bbe6-f6996d403e90	7	100859734	103241492	823	0.3233
b9fdf03c-d0d2-4b11-bbe6-f6996d403e90	7	103243595	104320443	702	0.0516
b9fdf03c-d0d2-4b11-bbe6-f6996d403e90	7	104321846	104335327	5	0.4847
b9fdf03c-d0d2-4b11-bbe6-f6996d403e90	7	104336794	105044725	514	0.5873
b9fdf03c-d0d2-4b11-bbe6-f6996d403e90	7	105046306	106357598	779	0.8793
b9fdf03c-d0d2-4b11-bbe6-f6996d403e90	7	106365391	106647333	214	0.5572
b9fdf03c-d0d2-4b11-bbe6-f6996d403e90	7	106648673	109327108	1483	0.7327
b9fdf03c-d0d2-4b11-bbe6-f6996d403e90	7	109329976	109749275	242	0.9134
b9fdf03c-d0d2-4b11-bbe6-f6996d403e90	7	109754021	110086798	154	1.079
b9fdf03c-d0d2-4b11-bbe6-f6996d403e90	7	110087001	110438901	216	0.974
b9fdf03c-d0d2-4b11-bbe6-f6996d403e90	7	110439384	111135042	426	1.1756
b9fdf03c-d0d2-4b11-bbe6-f6996d403e90	7	111135533	113692352	939	0.8918
b9fdf03c-d0d2-4b11-bbe6-f6996d403e90	7	113694004	118938630	2957	0.1219
b9fdf03c-d0d2-4b11-bbe6-f6996d403e90	7	118938882	119433344	227	0.3728
b9fdf03c-d0d2-4b11-bbe6-f6996d403e90	7	119433396	119442162	7	-0.3814
b9fdf03c-d0d2-4b11-bbe6-f6996d403e90	7	119444871	143216476	13157	0.3271
b9fdf03c-d0d2-4b11-bbe6-f6996d403e90	7	143220438	154559155	5524	0.0784
b9fdf03c-d0d2-4b11-bbe6-f6996d403e90	7	154561168	155434928	688	-0.6036
b9fdf03c-d0d2-4b11-bbe6-f6996d403e90	7	155436467	155441367	7	-1.6895
b9fdf03c-d0d2-4b11-bbe6-f6996d403e90	7	155443446	158592540	1735	-0.6108
b9fdf03c-d0d2-4b11-bbe6-f6996d403e90	8	667625	2033793	693	-1.5462
b9fdf03c-d0d2-4b11-bbe6-f6996d403e90	8	2034484	2048444	9	-4.5141
b9fdf03c-d0d2-4b11-bbe6-f6996d403e90	8	2049423	2867495	94	-1.4975
b9fdf03c-d0d2-4b11-bbe6-f6996d403e90	8	2870491	3039751	99	0.2751
b9fdf03c-d0d2-4b11-bbe6-f6996d403e90	8	3041754	23104835	12076	-0.3155
b9fdf03c-d0d2-4b11-bbe6-f6996d403e90	8	23105040	23111578	2	-2.0058
b9fdf03c-d0d2-4b11-bbe6-f6996d403e90	8	23113675	40894724	10834	-0.3174
b9fdf03c-d0d2-4b11-bbe6-f6996d403e90	8	40899031	41706273	484	0.6201
b9fdf03c-d0d2-4b11-bbe6-f6996d403e90	8	41709593	41914872	148	-0.3573
b9fdf03c-d0d2-4b11-bbe6-f6996d403e90	8	41919201	42259530	175	0.6308
b9fdf03c-d0d2-4b11-bbe6-f6996d403e90	8	42275584	42336024	142	-0.315
b9fdf03c-d0d2-4b11-bbe6-f6996d403e90	8	42341917	42515173	79	0.6313
b9fdf03c-d0d2-4b11-bbe6-f6996d403e90	8	42516255	42538785	10	-0.3756
b9fdf03c-d0d2-4b11-bbe6-f6996d403e90	8	42545269	42555582	9	0.4986
b9fdf03c-d0d2-4b11-bbe6-f6996d403e90	8	42564653	42663625	55	-0.2633
b9fdf03c-d0d2-4b11-bbe6-f6996d403e90	8	42665203	50319136	1896	0.641
b9fdf03c-d0d2-4b11-bbe6-f6996d403e90	8	50322653	61417465	6787	-0.3684
b9fdf03c-d0d2-4b11-bbe6-f6996d403e90	8	61419769	61420255	2	-2.1223
b9fdf03c-d0d2-4b11-bbe6-f6996d403e90	8	61421662	64495068	1814	-0.3502
b9fdf03c-d0d2-4b11-bbe6-f6996d403e90	8	64498035	68883136	2361	0.6098
b9fdf03c-d0d2-4b11-bbe6-f6996d403e90	8	68886847	71197029	1384	0.166
b9fdf03c-d0d2-4b11-bbe6-f6996d403e90	8	71202194	73792915	1762	0.2981
b9fdf03c-d0d2-4b11-bbe6-f6996d403e90	8	73793800	73995578	98	-0.144
b9fdf03c-d0d2-4b11-bbe6-f6996d403e90	8	74005188	82815624	4910	0.3817
b9fdf03c-d0d2-4b11-bbe6-f6996d403e90	8	82821630	84748862	1008	0.6613
b9fdf03c-d0d2-4b11-bbe6-f6996d403e90	8	84751175	85361016	286	0.8678
b9fdf03c-d0d2-4b11-bbe6-f6996d403e90	8	85361801	88084924	1314	0.6573
b9fdf03c-d0d2-4b11-bbe6-f6996d403e90	8	88087415	88087643	2	-0.8126
b9fdf03c-d0d2-4b11-bbe6-f6996d403e90	8	88089819	88922150	442	0.6534
b9fdf03c-d0d2-4b11-bbe6-f6996d403e90	8	88924068	105808019	10006	0.7173
b9fdf03c-d0d2-4b11-bbe6-f6996d403e90	8	105809062	109236662	1705	1.2556
b9fdf03c-d0d2-4b11-bbe6-f6996d403e90	8	109238709	109273040	16	-0.3525
b9fdf03c-d0d2-4b11-bbe6-f6996d403e90	8	109275448	114691105	2759	1.2377
b9fdf03c-d0d2-4b11-bbe6-f6996d403e90	8	114696039	122783942	5263	0.6666
b9fdf03c-d0d2-4b11-bbe6-f6996d403e90	8	122784128	144182542	13487	0.6185
b9fdf03c-d0d2-4b11-bbe6-f6996d403e90	9	789794	8294052	4623	-0.1085
b9fdf03c-d0d2-4b11-bbe6-f6996d403e90	9	8309710	8393996	70	0.4817
b9fdf03c-d0d2-4b11-bbe6-f6996d403e90	9	8396388	9423558	647	-0.0927
b9fdf03c-d0d2-4b11-bbe6-f6996d403e90	9	9423704	9423938	2	-1.5235
b9fdf03c-d0d2-4b11-bbe6-f6996d403e90	9	9424519	9544525	99	-0.2079
b9fdf03c-d0d2-4b11-bbe6-f6996d403e90	9	9551773	15404270	3145	0.1959
b9fdf03c-d0d2-4b11-bbe6-f6996d403e90	9	15410385	18754213	2657	0.0606
b9fdf03c-d0d2-4b11-bbe6-f6996d403e90	9	18756979	18778191	33	0.7158
b9fdf03c-d0d2-4b11-bbe6-f6996d403e90	9	18778725	20688158	1499	0.0512
b9fdf03c-d0d2-4b11-bbe6-f6996d403e90	9	20692439	20821777	122	-0.6501
b9fdf03c-d0d2-4b11-bbe6-f6996d403e90	9	20828752	31164433	5980	0.0353
b9fdf03c-d0d2-4b11-bbe6-f6996d403e90	9	31172352	31197753	30	0.5113
b9fdf03c-d0d2-4b11-bbe6-f6996d403e90	9	31199947	34134677	1908	0.0395
b9fdf03c-d0d2-4b11-bbe6-f6996d403e90	9	34146647	34384065	95	-0.0198
b9fdf03c-d0d2-4b11-bbe6-f6996d403e90	9	34385714	35002134	342	0.4964
b9fdf03c-d0d2-4b11-bbe6-f6996d403e90	9	35007339	35012736	2	-0.6011
b9fdf03c-d0d2-4b11-bbe6-f6996d403e90	9	35014362	38752071	2334	0.5324
b9fdf03c-d0d2-4b11-bbe6-f6996d403e90	9	68423153	71494808	2318	0.2243
b9fdf03c-d0d2-4b11-bbe6-f6996d403e90	9	71501821	71541955	41	0.6384
b9fdf03c-d0d2-4b11-bbe6-f6996d403e90	9	71543856	72821769	828	0.1962
b9fdf03c-d0d2-4b11-bbe6-f6996d403e90	9	72822167	72822175	2	-1.2442
b9fdf03c-d0d2-4b11-bbe6-f6996d403e90	9	72822510	75198668	1461	0.2552
b9fdf03c-d0d2-4b11-bbe6-f6996d403e90	9	75198804	80938324	4198	0.1572
b9fdf03c-d0d2-4b11-bbe6-f6996d403e90	9	80938794	81067700	118	0.238
b9fdf03c-d0d2-4b11-bbe6-f6996d403e90	9	81067801	82606270	911	-0.2707
b9fdf03c-d0d2-4b11-bbe6-f6996d403e90	9	82612459	82802128	131	0.3846
b9fdf03c-d0d2-4b11-bbe6-f6996d403e90	9	82805227	82866348	49	-0.2884
b9fdf03c-d0d2-4b11-bbe6-f6996d403e90	9	82866948	83639378	597	0.3655
b9fdf03c-d0d2-4b11-bbe6-f6996d403e90	9	83639383	83643770	5	0.0988
b9fdf03c-d0d2-4b11-bbe6-f6996d403e90	9	83645603	84579658	664	-0.266
b9fdf03c-d0d2-4b11-bbe6-f6996d403e90	9	84581761	103989761	12173	0.0038
b9fdf03c-d0d2-4b11-bbe6-f6996d403e90	9	103994104	104001508	7	-1.383
b9fdf03c-d0d2-4b11-bbe6-f6996d403e90	9	104003813	104537378	346	-0.0079
b9fdf03c-d0d2-4b11-bbe6-f6996d403e90	9	104539650	105305634	658	0.2273
b9fdf03c-d0d2-4b11-bbe6-f6996d403e90	9	105306489	110937585	4163	0.2689
b9fdf03c-d0d2-4b11-bbe6-f6996d403e90	9	110937600	127438518	11007	0.235
b9fdf03c-d0d2-4b11-bbe6-f6996d403e90	9	127439399	137744155	5076	0.172
b9fdf03c-d0d2-4b11-bbe6-f6996d403e90	9	137745070	138044505	127	0.242
b9fdf03c-d0d2-4b11-bbe6-f6996d403e90	10	366509	4614787	2733	0.6041
b9fdf03c-d0d2-4b11-bbe6-f6996d403e90	10	4616390	5902059	814	0.6843
b9fdf03c-d0d2-4b11-bbe6-f6996d403e90	10	5902167	7932378	1651	0.5893
b9fdf03c-d0d2-4b11-bbe6-f6996d403e90	10	7933216	9120072	964	1.0137
b9fdf03c-d0d2-4b11-bbe6-f6996d403e90	10	9120915	14598293	4287	0.5592
b9fdf03c-d0d2-4b11-bbe6-f6996d403e90	10	14598580	14598747	3	1.5858
b9fdf03c-d0d2-4b11-bbe6-f6996d403e90	10	14599360	15725003	809	0.5502
b9fdf03c-d0d2-4b11-bbe6-f6996d403e90	10	15734146	19898568	2932	0.4163
b9fdf03c-d0d2-4b11-bbe6-f6996d403e90	10	19900798	21259537	1103	0.48
b9fdf03c-d0d2-4b11-bbe6-f6996d403e90	10	21259717	24600972	2016	0.4172
b9fdf03c-d0d2-4b11-bbe6-f6996d403e90	10	24601293	34719934	6838	0.2456
b9fdf03c-d0d2-4b11-bbe6-f6996d403e90	10	34720516	34734955	13	0.4492
b9fdf03c-d0d2-4b11-bbe6-f6996d403e90	10	34736556	35856993	503	0.6868
b9fdf03c-d0d2-4b11-bbe6-f6996d403e90	10	35857701	35946196	67	0.2471
b9fdf03c-d0d2-4b11-bbe6-f6996d403e90	10	35946895	36330214	281	0.3312
b9fdf03c-d0d2-4b11-bbe6-f6996d403e90	10	36330529	38770504	1242	0.2249
b9fdf03c-d0d2-4b11-bbe6-f6996d403e90	10	38770824	60677139	9725	-0.2823
b9fdf03c-d0d2-4b11-bbe6-f6996d403e90	10	60677264	75376315	8311	-0.3228
b9fdf03c-d0d2-4b11-bbe6-f6996d403e90	10	75377367	86965126	7864	-0.2743
b9fdf03c-d0d2-4b11-bbe6-f6996d403e90	10	86965660	86972719	4	-1.7652
b9fdf03c-d0d2-4b11-bbe6-f6996d403e90	10	86973393	87920792	417	-0.2491
b9fdf03c-d0d2-4b11-bbe6-f6996d403e90	10	87920879	87926752	4	-1.677
b9fdf03c-d0d2-4b11-bbe6-f6996d403e90	10	87940914	91062346	2171	-0.2549
b9fdf03c-d0d2-4b11-bbe6-f6996d403e90	10	91062859	91063524	2	-1.5884
b9fdf03c-d0d2-4b11-bbe6-f6996d403e90	10	91063593	95558392	2407	-0.2517
b9fdf03c-d0d2-4b11-bbe6-f6996d403e90	10	95563778	95585712	26	-1.504
b9fdf03c-d0d2-4b11-bbe6-f6996d403e90	10	95588103	112988752	10734	-0.2752
b9fdf03c-d0d2-4b11-bbe6-f6996d403e90	10	112989246	113112495	67	0.3467
b9fdf03c-d0d2-4b11-bbe6-f6996d403e90	10	113118973	113516181	312	0.5442
b9fdf03c-d0d2-4b11-bbe6-f6996d403e90	10	113517217	114258162	536	0.3323
b9fdf03c-d0d2-4b11-bbe6-f6996d403e90	10	114260389	121586602	5341	-0.2691
b9fdf03c-d0d2-4b11-bbe6-f6996d403e90	10	121586676	121933226	227	0.0738
b9fdf03c-d0d2-4b11-bbe6-f6996d403e90	10	121942036	133411599	6851	-0.293
b9fdf03c-d0d2-4b11-bbe6-f6996d403e90	11	456012	4755277	1740	-0.3617
b9fdf03c-d0d2-4b11-bbe6-f6996d403e90	11	4756847	5597778	680	-0.2897
b9fdf03c-d0d2-4b11-bbe6-f6996d403e90	11	5607989	5631378	17	-0.789
b9fdf03c-d0d2-4b11-bbe6-f6996d403e90	11	5634163	11216976	3602	-0.3055
b9fdf03c-d0d2-4b11-bbe6-f6996d403e90	11	11219474	11496113	332	-0.3554
b9fdf03c-d0d2-4b11-bbe6-f6996d403e90	11	11498144	11502432	2	-2.0016
b9fdf03c-d0d2-4b11-bbe6-f6996d403e90	11	11502583	21689838	7367	-0.299
b9fdf03c-d0d2-4b11-bbe6-f6996d403e90	11	21692916	21756033	30	0.2766
b9fdf03c-d0d2-4b11-bbe6-f6996d403e90	11	21757678	23511516	1236	-0.3088
b9fdf03c-d0d2-4b11-bbe6-f6996d403e90	11	23514037	25052251	952	0.4279
b9fdf03c-d0d2-4b11-bbe6-f6996d403e90	11	25065008	25680327	256	0.0041
b9fdf03c-d0d2-4b11-bbe6-f6996d403e90	11	25700531	27353029	1252	0.2804
b9fdf03c-d0d2-4b11-bbe6-f6996d403e90	11	27355925	27773991	252	0.0271
b9fdf03c-d0d2-4b11-bbe6-f6996d403e90	11	27774697	27945377	101	-0.0219
b9fdf03c-d0d2-4b11-bbe6-f6996d403e90	11	27953809	29223458	676	-0.2968
b9fdf03c-d0d2-4b11-bbe6-f6996d403e90	11	29223708	29293834	47	-1.4788
b9fdf03c-d0d2-4b11-bbe6-f6996d403e90	11	29300659	29462832	104	-0.32
b9fdf03c-d0d2-4b11-bbe6-f6996d403e90	11	29463831	29463967	3	-1.3705
b9fdf03c-d0d2-4b11-bbe6-f6996d403e90	11	29464753	34348391	3023	-0.3108
b9fdf03c-d0d2-4b11-bbe6-f6996d403e90	11	34348689	34395119	38	0.2229
b9fdf03c-d0d2-4b11-bbe6-f6996d403e90	11	34399269	50091552	8929	-0.3249
b9fdf03c-d0d2-4b11-bbe6-f6996d403e90	11	50092125	56661330	234	0.045
b9fdf03c-d0d2-4b11-bbe6-f6996d403e90	11	56662353	56701604	24	-0.6803
b9fdf03c-d0d2-4b11-bbe6-f6996d403e90	11	56703718	58794945	1204	-0.0106
b9fdf03c-d0d2-4b11-bbe6-f6996d403e90	11	58795173	63949244	2691	-0.1559
b9fdf03c-d0d2-4b11-bbe6-f6996d403e90	11	63987039	64304733	108	-0.8735
b9fdf03c-d0d2-4b11-bbe6-f6996d403e90	11	64304772	66504766	480	-0.2074
b9fdf03c-d0d2-4b11-bbe6-f6996d403e90	11	66505353	73100979	2922	-0.4057
b9fdf03c-d0d2-4b11-bbe6-f6996d403e90	11	73107160	73324754	116	-0.0986
b9fdf03c-d0d2-4b11-bbe6-f6996d403e90	11	73325519	73955168	296	-0.3307
b9fdf03c-d0d2-4b11-bbe6-f6996d403e90	11	73965382	85551741	6998	-0.7408
b9fdf03c-d0d2-4b11-bbe6-f6996d403e90	11	85556322	86282742	430	-0.2958
b9fdf03c-d0d2-4b11-bbe6-f6996d403e90	11	86283196	88320888	1402	-0.7089
b9fdf03c-d0d2-4b11-bbe6-f6996d403e90	11	88321664	88747520	297	-0.2764
b9fdf03c-d0d2-4b11-bbe6-f6996d403e90	11	88757738	94326356	2940	-0.7319
b9fdf03c-d0d2-4b11-bbe6-f6996d403e90	11	94327236	94340336	14	-1.4245
b9fdf03c-d0d2-4b11-bbe6-f6996d403e90	11	94342960	115925584	13952	-0.7268
b9fdf03c-d0d2-4b11-bbe6-f6996d403e90	11	115925951	118731998	2065	-0.1424
b9fdf03c-d0d2-4b11-bbe6-f6996d403e90	11	118732490	134272740	10669	-0.3564
b9fdf03c-d0d2-4b11-bbe6-f6996d403e90	12	780472	8535275	4355	0.177
b9fdf03c-d0d2-4b11-bbe6-f6996d403e90	12	8535479	12064151	1882	-0.381
b9fdf03c-d0d2-4b11-bbe6-f6996d403e90	12	12064616	13529452	913	-0.6156
b9fdf03c-d0d2-4b11-bbe6-f6996d403e90	12	13532808	13532882	2	-2.2731
b9fdf03c-d0d2-4b11-bbe6-f6996d403e90	12	13533300	14226318	511	-0.5912
b9fdf03c-d0d2-4b11-bbe6-f6996d403e90	12	14230578	16418514	1291	-0.3631
b9fdf03c-d0d2-4b11-bbe6-f6996d403e90	12	16418689	26188295	6171	-0.2827
b9fdf03c-d0d2-4b11-bbe6-f6996d403e90	12	26190055	29177910	1869	0.1774
b9fdf03c-d0d2-4b11-bbe6-f6996d403e90	12	29180784	38838242	2717	0.1245
b9fdf03c-d0d2-4b11-bbe6-f6996d403e90	12	38838654	39913950	538	0.0013
b9fdf03c-d0d2-4b11-bbe6-f6996d403e90	12	39913969	39920568	14	-0.5544
b9fdf03c-d0d2-4b11-bbe6-f6996d403e90	12	39920782	45748004	3277	0.0028
b9fdf03c-d0d2-4b11-bbe6-f6996d403e90	12	45751717	45981202	100	-0.3022
b9fdf03c-d0d2-4b11-bbe6-f6996d403e90	12	45982185	55298712	4977	-0.0235
b9fdf03c-d0d2-4b11-bbe6-f6996d403e90	12	55299645	55302761	3	-1.3768
b9fdf03c-d0d2-4b11-bbe6-f6996d403e90	12	55302774	57829725	1210	-0.0319
b9fdf03c-d0d2-4b11-bbe6-f6996d403e90	12	57832121	67074356	5680	0.0237
b9fdf03c-d0d2-4b11-bbe6-f6996d403e90	12	67076149	67163000	80	0.2376
b9fdf03c-d0d2-4b11-bbe6-f6996d403e90	12	67164156	68274587	844	0.0823
b9fdf03c-d0d2-4b11-bbe6-f6996d403e90	12	68274604	68276938	6	0.3571
b9fdf03c-d0d2-4b11-bbe6-f6996d403e90	12	68278505	72478469	2654	-0.2454
b9fdf03c-d0d2-4b11-bbe6-f6996d403e90	12	72479540	74884573	1223	-0.0919
b9fdf03c-d0d2-4b11-bbe6-f6996d403e90	12	74884665	79419049	3010	0.0046
b9fdf03c-d0d2-4b11-bbe6-f6996d403e90	12	79422055	79422067	2	-1.5767
b9fdf03c-d0d2-4b11-bbe6-f6996d403e90	12	79422873	83557897	2459	0.0071
b9fdf03c-d0d2-4b11-bbe6-f6996d403e90	12	83566735	84326280	455	-0.3466
b9fdf03c-d0d2-4b11-bbe6-f6996d403e90	12	84326687	84350802	19	-1.2609
b9fdf03c-d0d2-4b11-bbe6-f6996d403e90	12	84350823	84382381	20	-0.4614
b9fdf03c-d0d2-4b11-bbe6-f6996d403e90	12	84392129	84415199	13	-1.4202
b9fdf03c-d0d2-4b11-bbe6-f6996d403e90	12	84416796	106812981	14164	-0.3084
b9fdf03c-d0d2-4b11-bbe6-f6996d403e90	12	106816343	112456405	2921	-0.3509
b9fdf03c-d0d2-4b11-bbe6-f6996d403e90	12	112456420	118099050	3881	-0.3186
b9fdf03c-d0d2-4b11-bbe6-f6996d403e90	12	118108243	118295626	90	-1.3371
b9fdf03c-d0d2-4b11-bbe6-f6996d403e90	12	118300649	120932157	1519	-0.3255
b9fdf03c-d0d2-4b11-bbe6-f6996d403e90	12	120933222	120951159	14	-0.9604
b9fdf03c-d0d2-4b11-bbe6-f6996d403e90	12	120958617	122858338	830	-0.3773
b9fdf03c-d0d2-4b11-bbe6-f6996d403e90	12	122863062	132605822	4604	-0.0035
b9fdf03c-d0d2-4b11-bbe6-f6996d403e90	13	18874255	48335065	18729	-0.2874
b9fdf03c-d0d2-4b11-bbe6-f6996d403e90	13	48337128	48356775	34	0.5255
b9fdf03c-d0d2-4b11-bbe6-f6996d403e90	13	48356789	56909504	3752	-0.0728
b9fdf03c-d0d2-4b11-bbe6-f6996d403e90	13	56912780	56913136	2	-3.0389
b9fdf03c-d0d2-4b11-bbe6-f6996d403e90	13	56915183	67420266	5062	-0.0767
b9fdf03c-d0d2-4b11-bbe6-f6996d403e90	13	67424830	67528751	37	0.4083
b9fdf03c-d0d2-4b11-bbe6-f6996d403e90	13	67530722	68699767	535	-0.0709
b9fdf03c-d0d2-4b11-bbe6-f6996d403e90	13	68700967	68756232	27	0.5217
b9fdf03c-d0d2-4b11-bbe6-f6996d403e90	13	68766489	75463904	4390	-0.064
b9fdf03c-d0d2-4b11-bbe6-f6996d403e90	13	75466389	78485161	2029	0.5557
b9fdf03c-d0d2-4b11-bbe6-f6996d403e90	13	78485284	96264545	10548	-0.0757
b9fdf03c-d0d2-4b11-bbe6-f6996d403e90	13	96268590	96271802	4	-1.6242
b9fdf03c-d0d2-4b11-bbe6-f6996d403e90	13	96274387	114226675	11823	-0.0825
b9fdf03c-d0d2-4b11-bbe6-f6996d403e90	14	20033191	20354936	196	-0.1356
b9fdf03c-d0d2-4b11-bbe6-f6996d403e90	14	20355053	24688228	1639	-0.1924
b9fdf03c-d0d2-4b11-bbe6-f6996d403e90	14	24690229	55934961	17464	-0.1396
b9fdf03c-d0d2-4b11-bbe6-f6996d403e90	14	55935049	56478309	465	0.1375
b9fdf03c-d0d2-4b11-bbe6-f6996d403e90	14	56479270	58672545	1388	-0.1526
b9fdf03c-d0d2-4b11-bbe6-f6996d403e90	14	58675718	59137405	384	0.0242
b9fdf03c-d0d2-4b11-bbe6-f6996d403e90	14	59138798	59969249	488	-0.1293
b9fdf03c-d0d2-4b11-bbe6-f6996d403e90	14	59969413	66758328	4010	-0.3095
b9fdf03c-d0d2-4b11-bbe6-f6996d403e90	14	66759981	67146227	143	0.2361
b9fdf03c-d0d2-4b11-bbe6-f6996d403e90	14	67146675	74139474	4252	-0.338
b9fdf03c-d0d2-4b11-bbe6-f6996d403e90	14	74139507	74820585	386	0.1769
b9fdf03c-d0d2-4b11-bbe6-f6996d403e90	14	74824242	75091528	122	-0.314
b9fdf03c-d0d2-4b11-bbe6-f6996d403e90	14	75094085	78652642	2461	0.1999
b9fdf03c-d0d2-4b11-bbe6-f6996d403e90	14	78656342	78932380	194	-0.3168
b9fdf03c-d0d2-4b11-bbe6-f6996d403e90	14	78933673	78940561	8	-0.7672
b9fdf03c-d0d2-4b11-bbe6-f6996d403e90	14	78940905	79012021	55	-0.3271
b9fdf03c-d0d2-4b11-bbe6-f6996d403e90	14	79012307	82172198	2011	0.2305
b9fdf03c-d0d2-4b11-bbe6-f6996d403e90	14	82172436	82190018	11	-0.3887
b9fdf03c-d0d2-4b11-bbe6-f6996d403e90	14	82190194	85258998	2012	0.2205
b9fdf03c-d0d2-4b11-bbe6-f6996d403e90	14	85266658	85911162	467	0.5933
b9fdf03c-d0d2-4b11-bbe6-f6996d403e90	14	85911794	87296528	813	0.2073
b9fdf03c-d0d2-4b11-bbe6-f6996d403e90	14	87299245	89840393	1448	0.5982
b9fdf03c-d0d2-4b11-bbe6-f6996d403e90	14	89846628	91105512	725	0.8302
b9fdf03c-d0d2-4b11-bbe6-f6996d403e90	14	91105624	97316813	4282	0.5707
b9fdf03c-d0d2-4b11-bbe6-f6996d403e90	14	97321606	97589545	198	1.6541
b9fdf03c-d0d2-4b11-bbe6-f6996d403e90	14	97591813	99862168	1668	1.0331
b9fdf03c-d0d2-4b11-bbe6-f6996d403e90	14	99862344	102581427	1408	0.7698
b9fdf03c-d0d2-4b11-bbe6-f6996d403e90	14	102585868	103291405	349	0.9568
b9fdf03c-d0d2-4b11-bbe6-f6996d403e90	14	103291983	103935736	314	0.8448
b9fdf03c-d0d2-4b11-bbe6-f6996d403e90	14	103936510	104559156	160	0.9803
b9fdf03c-d0d2-4b11-bbe6-f6996d403e90	14	104568156	105194398	162	0.7722
b9fdf03c-d0d2-4b11-bbe6-f6996d403e90	14	105203023	105533894	91	0.7113
b9fdf03c-d0d2-4b11-bbe6-f6996d403e90	15	23437561	32833976	3447	-0.3401
b9fdf03c-d0d2-4b11-bbe6-f6996d403e90	15	32834253	36188803	2288	-0.2858
b9fdf03c-d0d2-4b11-bbe6-f6996d403e90	15	36189270	36357119	87	0.2701
b9fdf03c-d0d2-4b11-bbe6-f6996d403e90	15	36362396	81081790	27026	-0.3037
b9fdf03c-d0d2-4b11-bbe6-f6996d403e90	15	81082110	81135031	30	0.4269
b9fdf03c-d0d2-4b11-bbe6-f6996d403e90	15	81137729	86071595	2245	-0.2881
b9fdf03c-d0d2-4b11-bbe6-f6996d403e90	15	86075441	86103947	20	-1.4687
b9fdf03c-d0d2-4b11-bbe6-f6996d403e90	15	86104574	97973522	7789	-0.3024
b9fdf03c-d0d2-4b11-bbe6-f6996d403e90	15	97983591	99180136	856	0.2695
b9fdf03c-d0d2-4b11-bbe6-f6996d403e90	15	99180229	101344124	967	-0.2982
b9fdf03c-d0d2-4b11-bbe6-f6996d403e90	16	603333	1528983	154	0.4671
b9fdf03c-d0d2-4b11-bbe6-f6996d403e90	16	1529010	4973415	1471	0.3822
b9fdf03c-d0d2-4b11-bbe6-f6996d403e90	16	4981093	8839164	2391	0.462
b9fdf03c-d0d2-4b11-bbe6-f6996d403e90	16	9132117	11062402	1671	0.174
b9fdf03c-d0d2-4b11-bbe6-f6996d403e90	16	11063429	12525819	979	0.5056
b9fdf03c-d0d2-4b11-bbe6-f6996d403e90	16	12526879	25427832	4603	0.1847
b9fdf03c-d0d2-4b11-bbe6-f6996d403e90	16	25428026	25458965	27	0.5652
b9fdf03c-d0d2-4b11-bbe6-f6996d403e90	16	25459289	48780587	3764	0.1767
b9fdf03c-d0d2-4b11-bbe6-f6996d403e90	16	48785289	57227234	6110	-0.4969
b9fdf03c-d0d2-4b11-bbe6-f6996d403e90	16	57234776	57571540	182	0.0169
b9fdf03c-d0d2-4b11-bbe6-f6996d403e90	16	57575043	66318492	5741	-0.4556
b9fdf03c-d0d2-4b11-bbe6-f6996d403e90	16	66321930	68144548	767	0.1519
b9fdf03c-d0d2-4b11-bbe6-f6996d403e90	16	68145590	69015906	462	0.2713
b9fdf03c-d0d2-4b11-bbe6-f6996d403e90	16	69016178	70689037	633	0.5882
b9fdf03c-d0d2-4b11-bbe6-f6996d403e90	16	70689411	72031259	545	0.3138
b9fdf03c-d0d2-4b11-bbe6-f6996d403e90	16	72032114	72520233	262	0.5132
b9fdf03c-d0d2-4b11-bbe6-f6996d403e90	16	72525530	84900412	8962	0.3104
b9fdf03c-d0d2-4b11-bbe6-f6996d403e90	16	84903681	87141447	1786	0.4912
b9fdf03c-d0d2-4b11-bbe6-f6996d403e90	16	87141483	89317317	693	0.1094
b9fdf03c-d0d2-4b11-bbe6-f6996d403e90	17	1074619	2844748	748	-0.3994
b9fdf03c-d0d2-4b11-bbe6-f6996d403e90	17	2846227	2846396	2	-2.6726
b9fdf03c-d0d2-4b11-bbe6-f6996d403e90	17	2846914	9630240	3588	-0.3863
b9fdf03c-d0d2-4b11-bbe6-f6996d403e90	17	9637457	38287144	10361	-0.3485
b9fdf03c-d0d2-4b11-bbe6-f6996d403e90	17	38291398	41959862	1776	-0.3782
b9fdf03c-d0d2-4b11-bbe6-f6996d403e90	17	41961388	42579579	286	0.0014
b9fdf03c-d0d2-4b11-bbe6-f6996d403e90	17	42580712	44175503	721	0.4352
b9fdf03c-d0d2-4b11-bbe6-f6996d403e90	17	44177729	50104193	2237	0.0157
b9fdf03c-d0d2-4b11-bbe6-f6996d403e90	17	50107655	51667633	699	0.3256
b9fdf03c-d0d2-4b11-bbe6-f6996d403e90	17	51670198	56920215	3489	0.0762
b9fdf03c-d0d2-4b11-bbe6-f6996d403e90	17	56922427	59215465	1312	0.4536
b9fdf03c-d0d2-4b11-bbe6-f6996d403e90	17	59216375	59229899	3	1.3133
b9fdf03c-d0d2-4b11-bbe6-f6996d403e90	17	59230940	59269332	20	0.3905
b9fdf03c-d0d2-4b11-bbe6-f6996d403e90	17	59269345	59548899	149	-0.0143
b9fdf03c-d0d2-4b11-bbe6-f6996d403e90	17	59549241	64220911	2194	0.0458
b9fdf03c-d0d2-4b11-bbe6-f6996d403e90	17	64221759	64226560	2	-1.7917
b9fdf03c-d0d2-4b11-bbe6-f6996d403e90	17	64226762	67854352	2084	0.0507
b9fdf03c-d0d2-4b11-bbe6-f6996d403e90	17	67861922	68740098	419	-0.0443
b9fdf03c-d0d2-4b11-bbe6-f6996d403e90	17	68742764	68743340	3	-1.4829
b9fdf03c-d0d2-4b11-bbe6-f6996d403e90	17	68746019	71903193	2288	-0.0672
b9fdf03c-d0d2-4b11-bbe6-f6996d403e90	17	71904272	72750084	667	0.4879
b9fdf03c-d0d2-4b11-bbe6-f6996d403e90	17	72750844	72805334	58	0.1824
b9fdf03c-d0d2-4b11-bbe6-f6996d403e90	17	72806450	72830013	11	0.4619
b9fdf03c-d0d2-4b11-bbe6-f6996d403e90	17	72830619	74695492	713	0.6124
b9fdf03c-d0d2-4b11-bbe6-f6996d403e90	17	74695789	77990791	1491	0.2499
b9fdf03c-d0d2-4b11-bbe6-f6996d403e90	17	77991462	80399457	1039	0.3754
b9fdf03c-d0d2-4b11-bbe6-f6996d403e90	17	80403430	82959812	902	0.1823
b9fdf03c-d0d2-4b11-bbe6-f6996d403e90	18	326691	367725	45	0.2341
b9fdf03c-d0d2-4b11-bbe6-f6996d403e90	18	891647	1026688	117	-0.3503
b9fdf03c-d0d2-4b11-bbe6-f6996d403e90	18	1028690	3118016	922	0.6078
b9fdf03c-d0d2-4b11-bbe6-f6996d403e90	18	3122272	10762064	5099	0.2226
b9fdf03c-d0d2-4b11-bbe6-f6996d403e90	18	10762701	11527289	525	0.4618
b9fdf03c-d0d2-4b11-bbe6-f6996d403e90	18	11527372	13121954	849	0.2168
b9fdf03c-d0d2-4b11-bbe6-f6996d403e90	18	13122717	13142972	11	-0.3544
b9fdf03c-d0d2-4b11-bbe6-f6996d403e90	18	13145125	14648458	698	0.2254
b9fdf03c-d0d2-4b11-bbe6-f6996d403e90	18	14653029	25952647	2878	0.0083
b9fdf03c-d0d2-4b11-bbe6-f6996d403e90	18	25954801	25954804	2	-1.6881
b9fdf03c-d0d2-4b11-bbe6-f6996d403e90	18	25955629	27147708	773	-0.0057
b9fdf03c-d0d2-4b11-bbe6-f6996d403e90	18	27153889	34548512	4442	-0.3217
b9fdf03c-d0d2-4b11-bbe6-f6996d403e90	18	34552617	34661933	79	0.3007
b9fdf03c-d0d2-4b11-bbe6-f6996d403e90	18	34662777	35145791	313	-0.3138
b9fdf03c-d0d2-4b11-bbe6-f6996d403e90	18	35150870	38362555	2031	0.0289
b9fdf03c-d0d2-4b11-bbe6-f6996d403e90	18	38363010	39209820	550	0.2953
b9fdf03c-d0d2-4b11-bbe6-f6996d403e90	18	39211753	61132555	13958	-0.3309
b9fdf03c-d0d2-4b11-bbe6-f6996d403e90	18	61132912	61364625	192	0.2768
b9fdf03c-d0d2-4b11-bbe6-f6996d403e90	18	61368943	63006906	987	-0.3305
b9fdf03c-d0d2-4b11-bbe6-f6996d403e90	18	63007665	74545200	5279	-0.0344
b9fdf03c-d0d2-4b11-bbe6-f6996d403e90	18	74545837	79349796	3203	0.0287
b9fdf03c-d0d2-4b11-bbe6-f6996d403e90	19	283868	2376903	415	-0.4306
b9fdf03c-d0d2-4b11-bbe6-f6996d403e90	19	2377103	2734193	102	-0.1544
b9fdf03c-d0d2-4b11-bbe6-f6996d403e90	19	2741142	3571448	286	-0.4481
b9fdf03c-d0d2-4b11-bbe6-f6996d403e90	19	3593690	4965629	293	-0.1315
b9fdf03c-d0d2-4b11-bbe6-f6996d403e90	19	4967380	6771997	788	-0.4184
b9fdf03c-d0d2-4b11-bbe6-f6996d403e90	19	6782563	7718688	328	0.1078
b9fdf03c-d0d2-4b11-bbe6-f6996d403e90	19	7719309	7720812	2	-1.1573
b9fdf03c-d0d2-4b11-bbe6-f6996d403e90	19	7720827	9825002	1042	0.1363
b9fdf03c-d0d2-4b11-bbe6-f6996d403e90	19	9830545	13451636	1527	0.3216
b9fdf03c-d0d2-4b11-bbe6-f6996d403e90	19	13458742	13463891	13	0.941
b9fdf03c-d0d2-4b11-bbe6-f6996d403e90	19	13465360	15073035	732	0.3384
b9fdf03c-d0d2-4b11-bbe6-f6996d403e90	19	15073168	41624604	11761	0.1488
b9fdf03c-d0d2-4b11-bbe6-f6996d403e90	19	41626680	42632607	389	0.4588
b9fdf03c-d0d2-4b11-bbe6-f6996d403e90	19	42634903	48410921	2450	0.1417
b9fdf03c-d0d2-4b11-bbe6-f6996d403e90	19	48413775	49485199	337	0.0458
b9fdf03c-d0d2-4b11-bbe6-f6996d403e90	19	49488532	49527197	11	0.6256
b9fdf03c-d0d2-4b11-bbe6-f6996d403e90	19	49533187	50358476	234	0.045
b9fdf03c-d0d2-4b11-bbe6-f6996d403e90	19	50364745	52702132	1047	0.4855
b9fdf03c-d0d2-4b11-bbe6-f6996d403e90	19	52982662	57620208	2031	0.0363
b9fdf03c-d0d2-4b11-bbe6-f6996d403e90	19	57647522	58191718	250	0.4528
b9fdf03c-d0d2-4b11-bbe6-f6996d403e90	19	58192137	58370362	103	0.0309
b9fdf03c-d0d2-4b11-bbe6-f6996d403e90	20	472817	6200101	3448	-0.3682
b9fdf03c-d0d2-4b11-bbe6-f6996d403e90	20	6200424	13761613	5146	-0.318
b9fdf03c-d0d2-4b11-bbe6-f6996d403e90	20	13766542	14711021	467	-0.0351
b9fdf03c-d0d2-4b11-bbe6-f6996d403e90	20	15182862	15510183	250	-0.2409
b9fdf03c-d0d2-4b11-bbe6-f6996d403e90	20	15510749	15857832	348	0.0755
b9fdf03c-d0d2-4b11-bbe6-f6996d403e90	20	15859501	15893843	30	-0.5109
b9fdf03c-d0d2-4b11-bbe6-f6996d403e90	20	15894199	17450840	1431	0.0966
b9fdf03c-d0d2-4b11-bbe6-f6996d403e90	20	17451688	17889898	360	0.4657
b9fdf03c-d0d2-4b11-bbe6-f6996d403e90	20	17890079	19617849	1351	0.1005
b9fdf03c-d0d2-4b11-bbe6-f6996d403e90	20	19619185	22581800	2078	-0.1927
b9fdf03c-d0d2-4b11-bbe6-f6996d403e90	20	22587304	23246231	567	0.065
b9fdf03c-d0d2-4b11-bbe6-f6996d403e90	20	23246288	24418053	672	-0.2072
b9fdf03c-d0d2-4b11-bbe6-f6996d403e90	20	24419422	24736449	172	0.1073
b9fdf03c-d0d2-4b11-bbe6-f6996d403e90	20	24736472	25234823	273	-0.1813
b9fdf03c-d0d2-4b11-bbe6-f6996d403e90	20	25235073	26204548	350	0.0788
b9fdf03c-d0d2-4b11-bbe6-f6996d403e90	20	26205069	35038098	1821	0.2177
b9fdf03c-d0d2-4b11-bbe6-f6996d403e90	20	35038413	37149272	1031	0.1583
b9fdf03c-d0d2-4b11-bbe6-f6996d403e90	20	37151875	39073756	1182	0.2095
b9fdf03c-d0d2-4b11-bbe6-f6996d403e90	20	39075169	43329494	2993	0.2526
b9fdf03c-d0d2-4b11-bbe6-f6996d403e90	20	43332844	47503054	2709	0.212
b9fdf03c-d0d2-4b11-bbe6-f6996d403e90	20	47507588	47646584	74	-0.3978
b9fdf03c-d0d2-4b11-bbe6-f6996d403e90	20	47649429	51194759	2251	0.2147
b9fdf03c-d0d2-4b11-bbe6-f6996d403e90	20	51197795	51895640	491	-0.0397
b9fdf03c-d0d2-4b11-bbe6-f6996d403e90	20	51897607	51904697	10	-0.8153
b9fdf03c-d0d2-4b11-bbe6-f6996d403e90	20	51904751	52067371	103	-0.0112
b9fdf03c-d0d2-4b11-bbe6-f6996d403e90	20	52070191	52072744	4	-1.232
b9fdf03c-d0d2-4b11-bbe6-f6996d403e90	20	52075535	56149508	2923	-0.0153
b9fdf03c-d0d2-4b11-bbe6-f6996d403e90	20	56151000	63588502	5010	0.07
b9fdf03c-d0d2-4b11-bbe6-f6996d403e90	21	13974127	16239453	1384	0.1002
b9fdf03c-d0d2-4b11-bbe6-f6996d403e90	21	16252984	18398933	1356	0.5194
b9fdf03c-d0d2-4b11-bbe6-f6996d403e90	21	18399377	18403435	3	-0.6278
b9fdf03c-d0d2-4b11-bbe6-f6996d403e90	21	18403860	19108674	483	0.5198
b9fdf03c-d0d2-4b11-bbe6-f6996d403e90	21	19109464	19341022	172	0.6829
b9fdf03c-d0d2-4b11-bbe6-f6996d403e90	21	19343929	19933207	417	0.4676
b9fdf03c-d0d2-4b11-bbe6-f6996d403e90	21	19971271	20717647	462	0.1841
b9fdf03c-d0d2-4b11-bbe6-f6996d403e90	21	20719836	20722402	3	-0.8497
b9fdf03c-d0d2-4b11-bbe6-f6996d403e90	21	20726399	22358849	1162	0.2097
b9fdf03c-d0d2-4b11-bbe6-f6996d403e90	21	22359384	23733672	475	0.0975
b9fdf03c-d0d2-4b11-bbe6-f6996d403e90	21	23734300	23869165	28	0.2616
b9fdf03c-d0d2-4b11-bbe6-f6996d403e90	21	23869268	25886762	1399	0.5278
b9fdf03c-d0d2-4b11-bbe6-f6996d403e90	21	25887070	29583527	2685	0.3881
b9fdf03c-d0d2-4b11-bbe6-f6996d403e90	21	29592407	34831372	3295	0.1308
b9fdf03c-d0d2-4b11-bbe6-f6996d403e90	21	34831574	35034253	165	-0.0992
b9fdf03c-d0d2-4b11-bbe6-f6996d403e90	21	35037535	36267229	862	0.1492
b9fdf03c-d0d2-4b11-bbe6-f6996d403e90	21	36274124	38732027	1789	0.0069
b9fdf03c-d0d2-4b11-bbe6-f6996d403e90	21	38783137	41239282	1977	-0.3302
b9fdf03c-d0d2-4b11-bbe6-f6996d403e90	21	41247585	43733620	1469	0.2167
b9fdf03c-d0d2-4b11-bbe6-f6996d403e90	21	43742486	45220111	679	0.397
b9fdf03c-d0d2-4b11-bbe6-f6996d403e90	21	45221102	46262057	329	0.1907
b9fdf03c-d0d2-4b11-bbe6-f6996d403e90	22	16934932	18127343	767	-0.1326
b9fdf03c-d0d2-4b11-bbe6-f6996d403e90	22	18128031	29454772	4013	0.1453
b9fdf03c-d0d2-4b11-bbe6-f6996d403e90	22	29454970	31933100	1316	0.1027
b9fdf03c-d0d2-4b11-bbe6-f6996d403e90	22	31935565	44685379	7906	0.157
b9fdf03c-d0d2-4b11-bbe6-f6996d403e90	22	44685397	45028479	229	0.286
b9fdf03c-d0d2-4b11-bbe6-f6996d403e90	22	45029654	45029860	3	-0.7221
b9fdf03c-d0d2-4b11-bbe6-f6996d403e90	22	45029963	45945382	612	0.3035
b9fdf03c-d0d2-4b11-bbe6-f6996d403e90	22	45956611	46546172	323	0.4961
b9fdf03c-d0d2-4b11-bbe6-f6996d403e90	22	46547790	47856436	939	0.3075
b9fdf03c-d0d2-4b11-bbe6-f6996d403e90	22	47856957	48940621	977	0.469
b9fdf03c-d0d2-4b11-bbe6-f6996d403e90	X	3236359	10732129	1945	0.036
b9fdf03c-d0d2-4b11-bbe6-f6996d403e90	X	10733879	10834318	64	-1.0038
b9fdf03c-d0d2-4b11-bbe6-f6996d403e90	X	10849056	31169077	10581	0.0703
b9fdf03c-d0d2-4b11-bbe6-f6996d403e90	X	31172775	32163524	697	-1.0255
b9fdf03c-d0d2-4b11-bbe6-f6996d403e90	X	32172760	39095911	2718	0.0802
b9fdf03c-d0d2-4b11-bbe6-f6996d403e90	X	39100166	73122756	11825	-0.008
b9fdf03c-d0d2-4b11-bbe6-f6996d403e90	X	73125916	73163776	18	-0.7029
b9fdf03c-d0d2-4b11-bbe6-f6996d403e90	X	73177554	82910382	3605	-0.009
b9fdf03c-d0d2-4b11-bbe6-f6996d403e90	X	82911619	82911962	2	1.5211
b9fdf03c-d0d2-4b11-bbe6-f6996d403e90	X	82914629	107918269	10307	0.0028
b9fdf03c-d0d2-4b11-bbe6-f6996d403e90	X	107918782	109642992	841	0.1017
b9fdf03c-d0d2-4b11-bbe6-f6996d403e90	X	109652377	110831945	657	-0.0935
b9fdf03c-d0d2-4b11-bbe6-f6996d403e90	X	110840208	114496053	1974	0.0155
b9fdf03c-d0d2-4b11-bbe6-f6996d403e90	X	114500781	114552876	26	0.6501
b9fdf03c-d0d2-4b11-bbe6-f6996d403e90	X	114556349	127379268	6085	0.0134
b9fdf03c-d0d2-4b11-bbe6-f6996d403e90	X	127379495	128169101	285	-0.4184
b9fdf03c-d0d2-4b11-bbe6-f6996d403e90	X	128169281	146239821	8159	0.0067
b9fdf03c-d0d2-4b11-bbe6-f6996d403e90	X	146240357	146240800	3	-1.4115
b9fdf03c-d0d2-4b11-bbe6-f6996d403e90	X	146242218	155677414	3960	-0.0138
