GDC_Aliquot	Chromosome	Start	End	Num_Probes	Segment_Mean
ea568589-43f0-4539-acdf-c626aeb20446	1	3301765	162198326	74786	-0.0085
ea568589-43f0-4539-acdf-c626aeb20446	1	162198364	188487299	17502	0.1182
ea568589-43f0-4539-acdf-c626aeb20446	1	188490355	197638807	5136	0.0904
ea568589-43f0-4539-acdf-c626aeb20446	1	197638825	247650984	32408	0.1201
ea568589-43f0-4539-acdf-c626aeb20446	2	480597	132839960	69415	-0.0049
ea568589-43f0-4539-acdf-c626aeb20446	2	132844418	133142502	272	-0.1669
ea568589-43f0-4539-acdf-c626aeb20446	2	133142556	140978841	4303	-0.0103
ea568589-43f0-4539-acdf-c626aeb20446	2	140979734	140979827	2	-1.1767
ea568589-43f0-4539-acdf-c626aeb20446	2	140979848	206037509	36724	-0.0099
ea568589-43f0-4539-acdf-c626aeb20446	2	206038124	206039443	2	-1.2134
ea568589-43f0-4539-acdf-c626aeb20446	2	206040195	221606293	9548	-0.0113
ea568589-43f0-4539-acdf-c626aeb20446	2	221606740	221606796	2	1.454
ea568589-43f0-4539-acdf-c626aeb20446	2	221607842	230393900	5472	-0.0068
ea568589-43f0-4539-acdf-c626aeb20446	2	230400636	230401563	2	1.5756
ea568589-43f0-4539-acdf-c626aeb20446	2	230402928	237972043	4619	-0.003
ea568589-43f0-4539-acdf-c626aeb20446	2	237974288	237981394	6	-1.2654
ea568589-43f0-4539-acdf-c626aeb20446	2	237981598	241537572	1911	-0.0228
ea568589-43f0-4539-acdf-c626aeb20446	3	2170634	34559266	19432	-0.0042
ea568589-43f0-4539-acdf-c626aeb20446	3	34559620	35908554	724	-0.1135
ea568589-43f0-4539-acdf-c626aeb20446	3	35910731	40052632	2711	-0.0027
ea568589-43f0-4539-acdf-c626aeb20446	3	40053059	94025089	28454	-0.101
ea568589-43f0-4539-acdf-c626aeb20446	3	94037888	197812401	55922	-0.0096
ea568589-43f0-4539-acdf-c626aeb20446	4	1059384	187842528	103561	0.031
ea568589-43f0-4539-acdf-c626aeb20446	5	913983	1006126	44	0.0228
ea568589-43f0-4539-acdf-c626aeb20446	5	1011034	57942902	30584	-0.0575
ea568589-43f0-4539-acdf-c626aeb20446	5	57943143	57944940	2	-1.8123
ea568589-43f0-4539-acdf-c626aeb20446	5	57946985	151148996	52010	-0.0644
ea568589-43f0-4539-acdf-c626aeb20446	5	151149787	180934240	18537	0.0359
ea568589-43f0-4539-acdf-c626aeb20446	6	1011760	1229740	226	0.0851
ea568589-43f0-4539-acdf-c626aeb20446	6	1231572	4532499	2255	0.0433
ea568589-43f0-4539-acdf-c626aeb20446	6	4533940	79773089	41697	0.08
ea568589-43f0-4539-acdf-c626aeb20446	6	79773689	104427618	13584	-0.1107
ea568589-43f0-4539-acdf-c626aeb20446	6	104431398	104431489	2	-1.2995
ea568589-43f0-4539-acdf-c626aeb20446	6	104431715	135014291	18165	-0.1058
ea568589-43f0-4539-acdf-c626aeb20446	6	135021116	135022100	2	-1.403
ea568589-43f0-4539-acdf-c626aeb20446	6	135028432	158464159	14917	-0.1071
ea568589-43f0-4539-acdf-c626aeb20446	6	158464983	158464996	2	-1.8361
ea568589-43f0-4539-acdf-c626aeb20446	6	158465710	170596889	6363	-0.1114
ea568589-43f0-4539-acdf-c626aeb20446	7	664936	77472215	38851	0.0628
ea568589-43f0-4539-acdf-c626aeb20446	7	77477480	77722388	114	-0.1224
ea568589-43f0-4539-acdf-c626aeb20446	7	77725563	158592540	43015	0.0566
ea568589-43f0-4539-acdf-c626aeb20446	8	667625	43080575	25118	-0.1043
ea568589-43f0-4539-acdf-c626aeb20446	8	46547532	65709064	10969	0.2206
ea568589-43f0-4539-acdf-c626aeb20446	8	65712947	144182542	46197	0.4426
ea568589-43f0-4539-acdf-c626aeb20446	9	789794	75734628	28651	-0.1068
ea568589-43f0-4539-acdf-c626aeb20446	9	75735141	126053171	33781	-0.0914
ea568589-43f0-4539-acdf-c626aeb20446	9	126053201	138044505	6088	-0.1155
ea568589-43f0-4539-acdf-c626aeb20446	10	366509	19632107	14030	-0.1003
ea568589-43f0-4539-acdf-c626aeb20446	10	19632174	19632191	2	-1.8632
ea568589-43f0-4539-acdf-c626aeb20446	10	19632254	57236103	19485	-0.0975
ea568589-43f0-4539-acdf-c626aeb20446	10	57239945	79229325	13812	0.08
ea568589-43f0-4539-acdf-c626aeb20446	10	79231050	118519432	24500	-0.0957
ea568589-43f0-4539-acdf-c626aeb20446	10	118527499	118528644	3	-1.081
ea568589-43f0-4539-acdf-c626aeb20446	10	118528659	133411599	9499	-0.0908
ea568589-43f0-4539-acdf-c626aeb20446	11	456012	134272740	77613	0.0729
ea568589-43f0-4539-acdf-c626aeb20446	12	780472	38847438	19737	-0.1072
ea568589-43f0-4539-acdf-c626aeb20446	12	38849391	55978804	9260	0.0704
ea568589-43f0-4539-acdf-c626aeb20446	12	55983026	56210705	139	1.5343
ea568589-43f0-4539-acdf-c626aeb20446	12	56214143	63522127	4383	0.0699
ea568589-43f0-4539-acdf-c626aeb20446	12	63524891	63980359	112	0.5577
ea568589-43f0-4539-acdf-c626aeb20446	12	63980897	68740622	3146	0.082
ea568589-43f0-4539-acdf-c626aeb20446	12	68742645	69048276	218	1.1705
ea568589-43f0-4539-acdf-c626aeb20446	12	69051401	69061093	7	1.8256
ea568589-43f0-4539-acdf-c626aeb20446	12	69063073	70987361	1316	1.1146
ea568589-43f0-4539-acdf-c626aeb20446	12	70987768	71321951	200	0.9878
ea568589-43f0-4539-acdf-c626aeb20446	12	71328749	71341747	8	-0.0044
ea568589-43f0-4539-acdf-c626aeb20446	12	71472182	71591761	89	0.2464
ea568589-43f0-4539-acdf-c626aeb20446	12	71592718	72054151	277	-0.1117
ea568589-43f0-4539-acdf-c626aeb20446	12	72057052	72063078	4	-0.7307
ea568589-43f0-4539-acdf-c626aeb20446	12	72071277	72397711	195	0.8623
ea568589-43f0-4539-acdf-c626aeb20446	12	72399256	73486338	517	1.0376
ea568589-43f0-4539-acdf-c626aeb20446	12	73493598	74198424	321	0.2472
ea568589-43f0-4539-acdf-c626aeb20446	12	74203021	76064897	1240	-0.1131
ea568589-43f0-4539-acdf-c626aeb20446	12	76068718	76569882	260	1.4237
ea568589-43f0-4539-acdf-c626aeb20446	12	76579860	76921493	201	0.8756
ea568589-43f0-4539-acdf-c626aeb20446	12	76923080	77222825	215	-0.1067
ea568589-43f0-4539-acdf-c626aeb20446	12	77224987	77334945	80	0.2041
ea568589-43f0-4539-acdf-c626aeb20446	12	77335605	93075506	9448	-0.1072
ea568589-43f0-4539-acdf-c626aeb20446	12	93076282	93196668	60	1.6706
ea568589-43f0-4539-acdf-c626aeb20446	12	93201966	93326114	51	1.0592
ea568589-43f0-4539-acdf-c626aeb20446	12	93331530	93358559	18	1.5652
ea568589-43f0-4539-acdf-c626aeb20446	12	93361694	93775403	218	0.2263
ea568589-43f0-4539-acdf-c626aeb20446	12	93780186	121008943	17262	-0.0939
ea568589-43f0-4539-acdf-c626aeb20446	12	121011815	121012128	4	-1.4049
ea568589-43f0-4539-acdf-c626aeb20446	12	121013347	132605822	5397	-0.0963
ea568589-43f0-4539-acdf-c626aeb20446	13	18874255	103513271	50278	0.0275
ea568589-43f0-4539-acdf-c626aeb20446	13	103514642	103520940	6	-0.81
ea568589-43f0-4539-acdf-c626aeb20446	13	103522336	107516642	2566	0.0236
ea568589-43f0-4539-acdf-c626aeb20446	13	107516712	107516724	2	-1.2751
ea568589-43f0-4539-acdf-c626aeb20446	13	107518023	114226675	4178	0.0271
ea568589-43f0-4539-acdf-c626aeb20446	14	20033191	36399065	8892	-0.0043
ea568589-43f0-4539-acdf-c626aeb20446	14	36401678	36886931	421	0.0867
ea568589-43f0-4539-acdf-c626aeb20446	14	36886967	72819592	20500	-0.0058
ea568589-43f0-4539-acdf-c626aeb20446	14	72820125	105533894	20002	-0.1032
ea568589-43f0-4539-acdf-c626aeb20446	15	23437561	32799199	3423	-0.1875
ea568589-43f0-4539-acdf-c626aeb20446	15	32799416	32800306	3	-1.2238
ea568589-43f0-4539-acdf-c626aeb20446	15	32800533	46552906	8010	-0.1884
ea568589-43f0-4539-acdf-c626aeb20446	15	46553323	101344124	33372	0.0004
ea568589-43f0-4539-acdf-c626aeb20446	16	603333	716485	25	-0.0396
ea568589-43f0-4539-acdf-c626aeb20446	16	722842	5305178	1759	0.0442
ea568589-43f0-4539-acdf-c626aeb20446	16	5305349	28046762	11377	0.1014
ea568589-43f0-4539-acdf-c626aeb20446	16	28047007	31817777	880	0.0575
ea568589-43f0-4539-acdf-c626aeb20446	16	31825824	53436032	4352	0.1957
ea568589-43f0-4539-acdf-c626aeb20446	16	53436091	57051452	2699	-0.0843
ea568589-43f0-4539-acdf-c626aeb20446	16	57051635	57168022	81	-0.2987
ea568589-43f0-4539-acdf-c626aeb20446	16	57169239	89317317	20059	-0.085
ea568589-43f0-4539-acdf-c626aeb20446	17	1074619	39610186	15309	-0.1002
ea568589-43f0-4539-acdf-c626aeb20446	17	39623268	39720645	75	1.4683
ea568589-43f0-4539-acdf-c626aeb20446	17	39720681	39720995	3	0.2213
ea568589-43f0-4539-acdf-c626aeb20446	17	39725020	39786486	32	1.5343
ea568589-43f0-4539-acdf-c626aeb20446	17	39792621	39950842	69	1.2956
ea568589-43f0-4539-acdf-c626aeb20446	17	39953914	39966880	6	1.6132
ea568589-43f0-4539-acdf-c626aeb20446	17	39967185	40316368	131	1.1571
ea568589-43f0-4539-acdf-c626aeb20446	17	40320553	44018812	1809	-0.117
ea568589-43f0-4539-acdf-c626aeb20446	17	44020273	44025414	6	1.2252
ea568589-43f0-4539-acdf-c626aeb20446	17	44027825	47880225	1155	-0.1238
ea568589-43f0-4539-acdf-c626aeb20446	17	47881145	47888600	5	1.4439
ea568589-43f0-4539-acdf-c626aeb20446	17	47892239	47905160	5	-0.1684
ea568589-43f0-4539-acdf-c626aeb20446	17	47908962	48021669	82	1.5687
ea568589-43f0-4539-acdf-c626aeb20446	17	48022188	48342413	183	1.1334
ea568589-43f0-4539-acdf-c626aeb20446	17	48349798	48387571	20	0.7907
ea568589-43f0-4539-acdf-c626aeb20446	17	48388506	48900818	209	0.4703
ea568589-43f0-4539-acdf-c626aeb20446	17	48910682	49087966	93	1.8336
ea568589-43f0-4539-acdf-c626aeb20446	17	49105545	49300514	132	1.1649
ea568589-43f0-4539-acdf-c626aeb20446	17	49303539	49307054	4	0.1979
ea568589-43f0-4539-acdf-c626aeb20446	17	49311576	50390628	551	1.2565
ea568589-43f0-4539-acdf-c626aeb20446	17	50393101	50715869	175	1.7295
ea568589-43f0-4539-acdf-c626aeb20446	17	50718618	51809276	499	2.1445
ea568589-43f0-4539-acdf-c626aeb20446	17	51809341	51979756	143	1.3902
ea568589-43f0-4539-acdf-c626aeb20446	17	51980873	52114805	109	1.6097
ea568589-43f0-4539-acdf-c626aeb20446	17	52116427	52522023	307	0.5981
ea568589-43f0-4539-acdf-c626aeb20446	17	52526380	52872660	202	1.4578
ea568589-43f0-4539-acdf-c626aeb20446	17	53239515	53698794	286	1.0522
ea568589-43f0-4539-acdf-c626aeb20446	17	53699303	55309465	1045	0.2496
ea568589-43f0-4539-acdf-c626aeb20446	17	55311036	55836064	424	-0.0674
ea568589-43f0-4539-acdf-c626aeb20446	17	55840520	60311223	2669	0.2368
ea568589-43f0-4539-acdf-c626aeb20446	17	60312144	61580759	668	-0.0813
ea568589-43f0-4539-acdf-c626aeb20446	17	61581390	63658704	918	0.2442
ea568589-43f0-4539-acdf-c626aeb20446	17	63660917	64171026	252	-0.1196
ea568589-43f0-4539-acdf-c626aeb20446	17	64171139	64541908	154	0.2237
ea568589-43f0-4539-acdf-c626aeb20446	17	64542568	65328115	383	-0.029
ea568589-43f0-4539-acdf-c626aeb20446	17	65328308	65329396	3	-1.6519
ea568589-43f0-4539-acdf-c626aeb20446	17	65330079	74727679	5754	0.0094
ea568589-43f0-4539-acdf-c626aeb20446	17	74731034	77404655	1199	-0.0263
ea568589-43f0-4539-acdf-c626aeb20446	17	77405481	77405554	2	1.0442
ea568589-43f0-4539-acdf-c626aeb20446	17	77408026	82959812	2222	-0.0385
ea568589-43f0-4539-acdf-c626aeb20446	18	326691	3973509	1673	0.0101
ea568589-43f0-4539-acdf-c626aeb20446	18	3973988	3976855	2	-1.17
ea568589-43f0-4539-acdf-c626aeb20446	18	3977713	4911078	663	-0.0027
ea568589-43f0-4539-acdf-c626aeb20446	18	4911254	12953137	5108	0.0349
ea568589-43f0-4539-acdf-c626aeb20446	18	12957056	25172241	3191	-0.0004
ea568589-43f0-4539-acdf-c626aeb20446	18	25172775	26272310	661	-0.1133
ea568589-43f0-4539-acdf-c626aeb20446	18	26273738	27788112	1015	-0.0508
ea568589-43f0-4539-acdf-c626aeb20446	18	27789175	79325473	30668	-0.1035
ea568589-43f0-4539-acdf-c626aeb20446	18	79328225	79349796	9	0.1375
ea568589-43f0-4539-acdf-c626aeb20446	19	283868	19416503	7566	-0.0369
ea568589-43f0-4539-acdf-c626aeb20446	19	19419461	31343455	4196	-0.0047
ea568589-43f0-4539-acdf-c626aeb20446	19	31343648	33639323	1476	0.0806
ea568589-43f0-4539-acdf-c626aeb20446	19	33639430	34572537	620	0.2555
ea568589-43f0-4539-acdf-c626aeb20446	19	34572655	36029863	826	0.1248
ea568589-43f0-4539-acdf-c626aeb20446	19	36033088	45244986	4074	0.2212
ea568589-43f0-4539-acdf-c626aeb20446	19	45245096	45245997	2	-1.3663
ea568589-43f0-4539-acdf-c626aeb20446	19	45253118	56102269	4150	0.2203
ea568589-43f0-4539-acdf-c626aeb20446	19	56111819	56318448	93	-0.144
ea568589-43f0-4539-acdf-c626aeb20446	19	56324580	57220282	568	0.2403
ea568589-43f0-4539-acdf-c626aeb20446	19	57222041	57222496	2	-0.926
ea568589-43f0-4539-acdf-c626aeb20446	19	57223126	58100356	422	0.2137
ea568589-43f0-4539-acdf-c626aeb20446	19	58102654	58102722	2	-0.8082
ea568589-43f0-4539-acdf-c626aeb20446	19	58104889	58241829	98	0.2254
ea568589-43f0-4539-acdf-c626aeb20446	19	58245818	58370362	70	0.5135
ea568589-43f0-4539-acdf-c626aeb20446	20	472817	39405820	21212	0.2045
ea568589-43f0-4539-acdf-c626aeb20446	20	39410348	39413403	3	-0.8139
ea568589-43f0-4539-acdf-c626aeb20446	20	39417485	63588502	16362	0.2123
ea568589-43f0-4539-acdf-c626aeb20446	21	13974127	28649189	9380	-0.0477
ea568589-43f0-4539-acdf-c626aeb20446	21	28649388	42368120	9673	0.0043
ea568589-43f0-4539-acdf-c626aeb20446	21	42368564	46262057	1560	-0.0399
ea568589-43f0-4539-acdf-c626aeb20446	22	16934932	34841590	8568	-0.0863
ea568589-43f0-4539-acdf-c626aeb20446	22	34841605	46831424	6789	-0.1156
ea568589-43f0-4539-acdf-c626aeb20446	22	46833543	48370238	1312	-0.087
ea568589-43f0-4539-acdf-c626aeb20446	22	48370335	48372384	5	-0.8023
ea568589-43f0-4539-acdf-c626aeb20446	22	48375044	48940621	426	-0.1047
ea568589-43f0-4539-acdf-c626aeb20446	X	3236359	9616524	1495	0.0364
ea568589-43f0-4539-acdf-c626aeb20446	X	9616790	9964098	277	-0.1596
ea568589-43f0-4539-acdf-c626aeb20446	X	9964118	74404105	26648	0.0392
ea568589-43f0-4539-acdf-c626aeb20446	X	74410038	155677414	35574	-0.0054
