GDC_Aliquot	Chromosome	Start	End	Num_Probes	Segment_Mean
5b959054-e2d3-415a-98c1-123174cb3733	1	62920	3281183	709	0.0672
5b959054-e2d3-415a-98c1-123174cb3733	1	3282920	9528050	4023	0.1439
5b959054-e2d3-415a-98c1-123174cb3733	1	9529354	9544815	6	-0.9722
5b959054-e2d3-415a-98c1-123174cb3733	1	9548738	12119250	1276	0.1376
5b959054-e2d3-415a-98c1-123174cb3733	1	12119266	16643816	2499	0.0681
5b959054-e2d3-415a-98c1-123174cb3733	1	16643864	16721984	15	-0.7799
5b959054-e2d3-415a-98c1-123174cb3733	1	16766762	21108620	2866	0.0673
5b959054-e2d3-415a-98c1-123174cb3733	1	21111746	32055847	5763	-0.655
5b959054-e2d3-415a-98c1-123174cb3733	1	32068504	32378118	106	0.0275
5b959054-e2d3-415a-98c1-123174cb3733	1	32387714	33329330	403	0.533
5b959054-e2d3-415a-98c1-123174cb3733	1	33329452	40804544	4237	0.4614
5b959054-e2d3-415a-98c1-123174cb3733	1	40808470	46044681	2974	0.5266
5b959054-e2d3-415a-98c1-123174cb3733	1	46046603	46048154	2	-1.9803
5b959054-e2d3-415a-98c1-123174cb3733	1	46053881	52122626	3163	0.4925
5b959054-e2d3-415a-98c1-123174cb3733	1	52122771	55253369	1918	0.5566
5b959054-e2d3-415a-98c1-123174cb3733	1	55254617	75585159	14131	0.4787
5b959054-e2d3-415a-98c1-123174cb3733	1	75589078	75589169	2	2.6931
5b959054-e2d3-415a-98c1-123174cb3733	1	75593824	79748118	2686	0.4841
5b959054-e2d3-415a-98c1-123174cb3733	1	79748794	109684893	18802	-0.0582
5b959054-e2d3-415a-98c1-123174cb3733	1	109690352	109697556	13	-1.9906
5b959054-e2d3-415a-98c1-123174cb3733	1	109702376	112147626	1928	0.0071
5b959054-e2d3-415a-98c1-123174cb3733	1	112147704	112154591	23	0.8487
5b959054-e2d3-415a-98c1-123174cb3733	1	112154619	114289343	1317	-0.0166
5b959054-e2d3-415a-98c1-123174cb3733	1	114291004	114291088	2	-1.9802
5b959054-e2d3-415a-98c1-123174cb3733	1	114291180	117616331	2163	-0.0315
5b959054-e2d3-415a-98c1-123174cb3733	1	117618967	117629006	16	0.6353
5b959054-e2d3-415a-98c1-123174cb3733	1	117629599	144491166	1746	0.0094
5b959054-e2d3-415a-98c1-123174cb3733	1	144503849	146250588	168	0.7805
5b959054-e2d3-415a-98c1-123174cb3733	1	146716041	152583051	2104	0.073
5b959054-e2d3-415a-98c1-123174cb3733	1	152583230	152614118	35	-0.6767
5b959054-e2d3-415a-98c1-123174cb3733	1	152618018	155988209	1854	0.1005
5b959054-e2d3-415a-98c1-123174cb3733	1	156001901	156996223	468	0.7255
5b959054-e2d3-415a-98c1-123174cb3733	1	156997686	183986056	18763	0.5657
5b959054-e2d3-415a-98c1-123174cb3733	1	183986221	200937087	10945	0.0353
5b959054-e2d3-415a-98c1-123174cb3733	1	200937345	205044978	2832	0.1122
5b959054-e2d3-415a-98c1-123174cb3733	1	205045488	205080870	28	-0.06
5b959054-e2d3-415a-98c1-123174cb3733	1	205082583	213080359	5322	-0.5744
5b959054-e2d3-415a-98c1-123174cb3733	1	213089449	247305299	23731	0.1213
5b959054-e2d3-415a-98c1-123174cb3733	1	247307534	247313451	7	2.077
5b959054-e2d3-415a-98c1-123174cb3733	1	247313766	248446755	714	0.099
5b959054-e2d3-415a-98c1-123174cb3733	1	248447206	248475325	10	-1.3072
5b959054-e2d3-415a-98c1-123174cb3733	1	248477891	248930189	187	0.1678
5b959054-e2d3-415a-98c1-123174cb3733	2	12784	7990754	6209	0.565
5b959054-e2d3-415a-98c1-123174cb3733	2	7991449	12625904	3359	0.6209
5b959054-e2d3-415a-98c1-123174cb3733	2	12634203	14563570	1323	0.5352
5b959054-e2d3-415a-98c1-123174cb3733	2	14564825	14569968	12	-1.246
5b959054-e2d3-415a-98c1-123174cb3733	2	14570240	18079502	2574	0.5481
5b959054-e2d3-415a-98c1-123174cb3733	2	18081862	18649352	473	0.9195
5b959054-e2d3-415a-98c1-123174cb3733	2	18650866	22995916	2896	0.5587
5b959054-e2d3-415a-98c1-123174cb3733	2	22995998	28785926	3042	0.63
5b959054-e2d3-415a-98c1-123174cb3733	2	28791043	31620717	2111	0.5597
5b959054-e2d3-415a-98c1-123174cb3733	2	31622086	34295406	1694	0.0963
5b959054-e2d3-415a-98c1-123174cb3733	2	34298911	34300513	2	-2.7932
5b959054-e2d3-415a-98c1-123174cb3733	2	34300900	34466002	95	0.0582
5b959054-e2d3-415a-98c1-123174cb3733	2	34474248	34511990	46	0.9201
5b959054-e2d3-415a-98c1-123174cb3733	2	34512096	39516735	3557	0.1018
5b959054-e2d3-415a-98c1-123174cb3733	2	39519036	40105711	430	0.509
5b959054-e2d3-415a-98c1-123174cb3733	2	40108270	40108319	2	-1.1905
5b959054-e2d3-415a-98c1-123174cb3733	2	40108736	40341991	222	0.4397
5b959054-e2d3-415a-98c1-123174cb3733	2	40342625	40652330	254	0.8457
5b959054-e2d3-415a-98c1-123174cb3733	2	40655279	40655292	2	3.5182
5b959054-e2d3-415a-98c1-123174cb3733	2	40657785	41739174	890	0.8197
5b959054-e2d3-415a-98c1-123174cb3733	2	41742456	48804680	4858	0.9136
5b959054-e2d3-415a-98c1-123174cb3733	2	48804782	52516787	2657	0.8462
5b959054-e2d3-415a-98c1-123174cb3733	2	52527330	52527743	7	-1.2348
5b959054-e2d3-415a-98c1-123174cb3733	2	52531615	52554384	32	0.3484
5b959054-e2d3-415a-98c1-123174cb3733	2	52554404	53381534	694	0.8536
5b959054-e2d3-415a-98c1-123174cb3733	2	53382225	66531290	8301	0.413
5b959054-e2d3-415a-98c1-123174cb3733	2	66533006	69488784	2098	-0.1177
5b959054-e2d3-415a-98c1-123174cb3733	2	69489046	75673897	3680	-0.0539
5b959054-e2d3-415a-98c1-123174cb3733	2	75674542	75994721	175	-0.1564
5b959054-e2d3-415a-98c1-123174cb3733	2	75996175	87103855	6835	-0.0017
5b959054-e2d3-415a-98c1-123174cb3733	2	87110846	87695122	106	0.7413
5b959054-e2d3-415a-98c1-123174cb3733	2	87696853	97359380	1676	0.0336
5b959054-e2d3-415a-98c1-123174cb3733	2	97359885	97545726	10	-0.8851
5b959054-e2d3-415a-98c1-123174cb3733	2	97550415	106265083	5488	-0.02
5b959054-e2d3-415a-98c1-123174cb3733	2	106265177	106268901	9	0.8829
5b959054-e2d3-415a-98c1-123174cb3733	2	106270799	109053617	1661	-0.032
5b959054-e2d3-415a-98c1-123174cb3733	2	109054792	119116810	5533	0.4436
5b959054-e2d3-415a-98c1-123174cb3733	2	119117555	122331566	1868	0.512
5b959054-e2d3-415a-98c1-123174cb3733	2	122332748	125684646	2232	0.4146
5b959054-e2d3-415a-98c1-123174cb3733	2	125694074	125694336	2	-1.9281
5b959054-e2d3-415a-98c1-123174cb3733	2	125694355	135317459	5581	0.4433
5b959054-e2d3-415a-98c1-123174cb3733	2	135319694	135783877	191	-0.0651
5b959054-e2d3-415a-98c1-123174cb3733	2	135788274	159102108	14237	0.4146
5b959054-e2d3-415a-98c1-123174cb3733	2	159103831	159104461	2	-2.3538
5b959054-e2d3-415a-98c1-123174cb3733	2	159106775	171110068	7315	0.3924
5b959054-e2d3-415a-98c1-123174cb3733	2	171115527	179556094	5297	-0.1265
5b959054-e2d3-415a-98c1-123174cb3733	2	179556110	179556785	7	-1.3252
5b959054-e2d3-415a-98c1-123174cb3733	2	179557019	183929124	2748	-0.1305
5b959054-e2d3-415a-98c1-123174cb3733	2	183929673	183937714	17	-1.1139
5b959054-e2d3-415a-98c1-123174cb3733	2	183943862	203037323	10695	-0.1129
5b959054-e2d3-415a-98c1-123174cb3733	2	203039417	229767552	17199	-0.7229
5b959054-e2d3-415a-98c1-123174cb3733	2	229768047	229768047	2	-4.0464
5b959054-e2d3-415a-98c1-123174cb3733	2	229769398	236894723	4386	-0.7132
5b959054-e2d3-415a-98c1-123174cb3733	2	236894890	236895291	4	-4.0724
5b959054-e2d3-415a-98c1-123174cb3733	2	236895339	242147305	2990	-0.7334
5b959054-e2d3-415a-98c1-123174cb3733	3	20930	3492197	3114	0.0436
5b959054-e2d3-415a-98c1-123174cb3733	3	3493346	10180302	5479	0.0807
5b959054-e2d3-415a-98c1-123174cb3733	3	10184460	10250430	66	-0.2387
5b959054-e2d3-415a-98c1-123174cb3733	3	10250456	12937603	1986	0.0781
5b959054-e2d3-415a-98c1-123174cb3733	3	12937655	12945641	4	-1.2891
5b959054-e2d3-415a-98c1-123174cb3733	3	12945746	15053261	1468	0.1327
5b959054-e2d3-415a-98c1-123174cb3733	3	15057550	24903001	6419	0.0427
5b959054-e2d3-415a-98c1-123174cb3733	3	24905019	37935926	8958	-0.6903
5b959054-e2d3-415a-98c1-123174cb3733	3	37941181	37945437	16	-3.1425
5b959054-e2d3-415a-98c1-123174cb3733	3	37945615	46722296	5463	-0.7029
5b959054-e2d3-415a-98c1-123174cb3733	3	46729956	51069903	1734	-0.6188
5b959054-e2d3-415a-98c1-123174cb3733	3	51072755	55477647	2663	-0.7239
5b959054-e2d3-415a-98c1-123174cb3733	3	55478704	55479338	2	-3.3232
5b959054-e2d3-415a-98c1-123174cb3733	3	55488675	59756136	2682	-0.7237
5b959054-e2d3-415a-98c1-123174cb3733	3	59758937	59759975	2	-3.4749
5b959054-e2d3-415a-98c1-123174cb3733	3	59760347	64654556	4409	-0.7325
5b959054-e2d3-415a-98c1-123174cb3733	3	64655041	68697133	3018	0.0466
5b959054-e2d3-415a-98c1-123174cb3733	3	68697295	68698262	12	-1.2979
5b959054-e2d3-415a-98c1-123174cb3733	3	68699607	99225754	15849	0.0309
5b959054-e2d3-415a-98c1-123174cb3733	3	99225775	99230577	33	-0.7046
5b959054-e2d3-415a-98c1-123174cb3733	3	99232120	130047743	18620	0.0355
5b959054-e2d3-415a-98c1-123174cb3733	3	130057015	130087393	36	0.9423
5b959054-e2d3-415a-98c1-123174cb3733	3	130088081	131096678	586	0.027
5b959054-e2d3-415a-98c1-123174cb3733	3	131102250	131179384	37	-0.7128
5b959054-e2d3-415a-98c1-123174cb3733	3	131180574	136300257	3377	0.5579
5b959054-e2d3-415a-98c1-123174cb3733	3	136304109	136306584	2	-3.0051
5b959054-e2d3-415a-98c1-123174cb3733	3	136319699	140823697	2684	0.5838
5b959054-e2d3-415a-98c1-123174cb3733	3	140826859	140828142	2	-2.7279
5b959054-e2d3-415a-98c1-123174cb3733	3	140841776	141163193	159	0.5896
5b959054-e2d3-415a-98c1-123174cb3733	3	141168587	147695314	4041	0.9981
5b959054-e2d3-415a-98c1-123174cb3733	3	147697058	155758758	5009	0.5452
5b959054-e2d3-415a-98c1-123174cb3733	3	155763308	155795620	27	1.3077
5b959054-e2d3-415a-98c1-123174cb3733	3	155797707	157376690	941	0.5645
5b959054-e2d3-415a-98c1-123174cb3733	3	157377314	157377975	4	2.0172
5b959054-e2d3-415a-98c1-123174cb3733	3	157381189	162790480	3302	0.5639
5b959054-e2d3-415a-98c1-123174cb3733	3	162794869	162906109	68	-0.0608
5b959054-e2d3-415a-98c1-123174cb3733	3	162908192	163935640	576	0.5641
5b959054-e2d3-415a-98c1-123174cb3733	3	163941155	163941185	7	-0.3988
5b959054-e2d3-415a-98c1-123174cb3733	3	163944509	168816714	2725	0.5398
5b959054-e2d3-415a-98c1-123174cb3733	3	168817470	186697745	11078	1.0008
5b959054-e2d3-415a-98c1-123174cb3733	3	186698220	193156958	4709	0.562
5b959054-e2d3-415a-98c1-123174cb3733	3	193160113	193165114	20	-0.7965
5b959054-e2d3-415a-98c1-123174cb3733	3	193168646	195557541	1461	0.6431
5b959054-e2d3-415a-98c1-123174cb3733	3	195558822	195730018	36	0.0747
5b959054-e2d3-415a-98c1-123174cb3733	3	195733825	198111566	1150	0.5914
5b959054-e2d3-415a-98c1-123174cb3733	3	198118345	198169247	17	-0.4095
5b959054-e2d3-415a-98c1-123174cb3733	4	68929	9455251	5120	0.1243
5b959054-e2d3-415a-98c1-123174cb3733	4	9459504	9484440	7	1.2589
5b959054-e2d3-415a-98c1-123174cb3733	4	9494650	10212536	533	0.0984
5b959054-e2d3-415a-98c1-123174cb3733	4	10221792	10233644	35	-3.1682
5b959054-e2d3-415a-98c1-123174cb3733	4	10234518	10239089	6	0.5735
5b959054-e2d3-415a-98c1-123174cb3733	4	10242989	10390730	166	0.1061
5b959054-e2d3-415a-98c1-123174cb3733	4	10391530	10398532	13	0.8472
5b959054-e2d3-415a-98c1-123174cb3733	4	10398887	26481674	11623	0.0579
5b959054-e2d3-415a-98c1-123174cb3733	4	26484516	34777382	5096	0.0234
5b959054-e2d3-415a-98c1-123174cb3733	4	34777403	34823103	41	0.5219
5b959054-e2d3-415a-98c1-123174cb3733	4	34828250	40698556	3858	0.0211
5b959054-e2d3-415a-98c1-123174cb3733	4	40701994	40702175	3	1.9812
5b959054-e2d3-415a-98c1-123174cb3733	4	40702670	62802116	12056	0.017
5b959054-e2d3-415a-98c1-123174cb3733	4	62804218	62813912	9	-0.989
5b959054-e2d3-415a-98c1-123174cb3733	4	62818784	68931196	3650	0.0165
5b959054-e2d3-415a-98c1-123174cb3733	4	68935214	69257792	177	0.106
5b959054-e2d3-415a-98c1-123174cb3733	4	69261926	69366406	56	-2.4246
5b959054-e2d3-415a-98c1-123174cb3733	4	69370433	69459710	52	-0.111
5b959054-e2d3-415a-98c1-123174cb3733	4	69459889	95214862	15717	0.0387
5b959054-e2d3-415a-98c1-123174cb3733	4	95216526	106968403	6920	-0.0348
5b959054-e2d3-415a-98c1-123174cb3733	4	106969864	119393726	7609	0.014
5b959054-e2d3-415a-98c1-123174cb3733	4	119394491	119417504	5	-1.3232
5b959054-e2d3-415a-98c1-123174cb3733	4	119443400	121360818	1272	0.0124
5b959054-e2d3-415a-98c1-123174cb3733	4	121361313	121363980	28	-0.9725
5b959054-e2d3-415a-98c1-123174cb3733	4	121369976	129141596	4343	0.0178
5b959054-e2d3-415a-98c1-123174cb3733	4	129146391	129147005	2	-2.9649
5b959054-e2d3-415a-98c1-123174cb3733	4	129151408	137202169	4533	0.0224
5b959054-e2d3-415a-98c1-123174cb3733	4	137202779	172066777	21710	-0.0632
5b959054-e2d3-415a-98c1-123174cb3733	4	172067997	172068382	12	-1.5949
5b959054-e2d3-415a-98c1-123174cb3733	4	172074828	172532557	240	-0.047
5b959054-e2d3-415a-98c1-123174cb3733	4	172534095	172766934	135	-0.6946
5b959054-e2d3-415a-98c1-123174cb3733	4	172767374	182134079	6315	-0.5722
5b959054-e2d3-415a-98c1-123174cb3733	4	182134218	190098995	5311	-0.6876
5b959054-e2d3-415a-98c1-123174cb3733	5	15532	653751	286	0.0312
5b959054-e2d3-415a-98c1-123174cb3733	5	653950	654181	3	-1.7358
5b959054-e2d3-415a-98c1-123174cb3733	5	659295	698390	18	0.0052
5b959054-e2d3-415a-98c1-123174cb3733	5	717264	779766	25	0.841
5b959054-e2d3-415a-98c1-123174cb3733	5	800724	12800777	9787	0.0422
5b959054-e2d3-415a-98c1-123174cb3733	5	12815668	12838421	14	0.9538
5b959054-e2d3-415a-98c1-123174cb3733	5	12849089	46271006	20404	0.0462
5b959054-e2d3-415a-98c1-123174cb3733	5	46271828	46273400	6	1.5497
5b959054-e2d3-415a-98c1-123174cb3733	5	46278110	50779270	257	0.0507
5b959054-e2d3-415a-98c1-123174cb3733	5	50780158	52998721	1367	-0.0558
5b959054-e2d3-415a-98c1-123174cb3733	5	52999238	57517553	3061	0.0326
5b959054-e2d3-415a-98c1-123174cb3733	5	57521696	58025819	364	-0.7052
5b959054-e2d3-415a-98c1-123174cb3733	5	58030200	58037706	32	0.9056
5b959054-e2d3-415a-98c1-123174cb3733	5	58042530	77411788	11329	-0.7091
5b959054-e2d3-415a-98c1-123174cb3733	5	77415256	100792901	13244	-0.5545
5b959054-e2d3-415a-98c1-123174cb3733	5	100793474	100796434	2	-5.068
5b959054-e2d3-415a-98c1-123174cb3733	5	100796873	117076758	10821	-0.5344
5b959054-e2d3-415a-98c1-123174cb3733	5	117077166	118050922	684	-0.6431
5b959054-e2d3-415a-98c1-123174cb3733	5	118052727	118068645	12	-1.7116
5b959054-e2d3-415a-98c1-123174cb3733	5	118071110	121619798	2295	-0.6344
5b959054-e2d3-415a-98c1-123174cb3733	5	121620140	121675600	24	0.1103
5b959054-e2d3-415a-98c1-123174cb3733	5	121677646	137907761	10112	-0.6416
5b959054-e2d3-415a-98c1-123174cb3733	5	137911416	141855066	1797	-0.5295
5b959054-e2d3-415a-98c1-123174cb3733	5	141855349	143214625	997	-0.6238
5b959054-e2d3-415a-98c1-123174cb3733	5	143214956	143218355	3	-3.4998
5b959054-e2d3-415a-98c1-123174cb3733	5	143218928	180947523	25123	-0.6385
5b959054-e2d3-415a-98c1-123174cb3733	5	180951710	180991103	19	0.2537
5b959054-e2d3-415a-98c1-123174cb3733	5	181006225	181363319	169	-0.6376
5b959054-e2d3-415a-98c1-123174cb3733	6	149661	184604	21	0.636
5b959054-e2d3-415a-98c1-123174cb3733	6	184656	203308	10	1.4878
5b959054-e2d3-415a-98c1-123174cb3733	6	203845	251566	61	0.9764
5b959054-e2d3-415a-98c1-123174cb3733	6	251648	252049	2	2.0508
5b959054-e2d3-415a-98c1-123174cb3733	6	252145	496555	206	0.4679
5b959054-e2d3-415a-98c1-123174cb3733	6	500453	502108	2	-1.648
5b959054-e2d3-415a-98c1-123174cb3733	6	506231	5524349	4106	0.5356
5b959054-e2d3-415a-98c1-123174cb3733	6	5525404	5531775	3	-1.0901
5b959054-e2d3-415a-98c1-123174cb3733	6	5532002	7377362	1533	0.542
5b959054-e2d3-415a-98c1-123174cb3733	6	7377879	7382791	2	-1.4832
5b959054-e2d3-415a-98c1-123174cb3733	6	7383697	16209404	6635	0.5065
5b959054-e2d3-415a-98c1-123174cb3733	6	16209736	17851752	1169	0.9317
5b959054-e2d3-415a-98c1-123174cb3733	6	17860176	28816964	7335	0.4681
5b959054-e2d3-415a-98c1-123174cb3733	6	28828079	29881490	463	0.0138
5b959054-e2d3-415a-98c1-123174cb3733	6	29882419	29933799	20	-0.9292
5b959054-e2d3-415a-98c1-123174cb3733	6	29940692	31313046	642	0.0402
5b959054-e2d3-415a-98c1-123174cb3733	6	31318499	31328674	11	0.9962
5b959054-e2d3-415a-98c1-123174cb3733	6	31342147	32533522	514	-0.0303
5b959054-e2d3-415a-98c1-123174cb3733	6	32540699	32572834	11	-1.2572
5b959054-e2d3-415a-98c1-123174cb3733	6	32576532	32619680	18	-0.0823
5b959054-e2d3-415a-98c1-123174cb3733	6	32625244	32633540	5	-1.239
5b959054-e2d3-415a-98c1-123174cb3733	6	32634330	66328153	18967	0.0392
5b959054-e2d3-415a-98c1-123174cb3733	6	66331020	66333299	7	1.0725
5b959054-e2d3-415a-98c1-123174cb3733	6	66333342	73882142	5007	0.0339
5b959054-e2d3-415a-98c1-123174cb3733	6	73882509	73885038	7	1.1757
5b959054-e2d3-415a-98c1-123174cb3733	6	73887573	76726815	1767	0.0344
5b959054-e2d3-415a-98c1-123174cb3733	6	76730151	76742956	19	-0.5838
5b959054-e2d3-415a-98c1-123174cb3733	6	76742972	78261995	981	0.0386
5b959054-e2d3-415a-98c1-123174cb3733	6	78262064	78325468	108	0.8011
5b959054-e2d3-415a-98c1-123174cb3733	6	78329517	80575042	1431	0.0261
5b959054-e2d3-415a-98c1-123174cb3733	6	80575241	80575487	5	-0.816
5b959054-e2d3-415a-98c1-123174cb3733	6	80575502	80575664	4	-2.4152
5b959054-e2d3-415a-98c1-123174cb3733	6	80575676	80579817	18	-0.9694
5b959054-e2d3-415a-98c1-123174cb3733	6	80584624	84955243	2739	0.01
5b959054-e2d3-415a-98c1-123174cb3733	6	84956075	84958199	3	1.6518
5b959054-e2d3-415a-98c1-123174cb3733	6	84963668	91096910	3859	0.0405
5b959054-e2d3-415a-98c1-123174cb3733	6	91097139	91196048	55	0.5642
5b959054-e2d3-415a-98c1-123174cb3733	6	91197335	93873712	1821	0.0158
5b959054-e2d3-415a-98c1-123174cb3733	6	93875023	94285838	257	0.1793
5b959054-e2d3-415a-98c1-123174cb3733	6	94289125	148853418	33983	0.0373
5b959054-e2d3-415a-98c1-123174cb3733	6	148856316	148856684	2	-1.962
5b959054-e2d3-415a-98c1-123174cb3733	6	148858575	156098753	5184	0.0547
5b959054-e2d3-415a-98c1-123174cb3733	6	156100773	170741917	10067	-0.7035
5b959054-e2d3-415a-98c1-123174cb3733	7	43355	13862490	9016	-0.6398
5b959054-e2d3-415a-98c1-123174cb3733	7	13865523	19749731	4927	0.0399
5b959054-e2d3-415a-98c1-123174cb3733	7	19749760	29668219	7384	-0.0277
5b959054-e2d3-415a-98c1-123174cb3733	7	29670804	32713900	2123	-0.0904
5b959054-e2d3-415a-98c1-123174cb3733	7	32717282	33665879	517	-0.0245
5b959054-e2d3-415a-98c1-123174cb3733	7	33667535	64920491	17221	0.0042
5b959054-e2d3-415a-98c1-123174cb3733	7	64926721	70436839	2777	0.4736
5b959054-e2d3-415a-98c1-123174cb3733	7	70437166	70954832	371	0.1996
5b959054-e2d3-415a-98c1-123174cb3733	7	70955452	70961155	3	1.4884
5b959054-e2d3-415a-98c1-123174cb3733	7	70963257	72200555	834	0.1942
5b959054-e2d3-415a-98c1-123174cb3733	7	72205034	73583460	450	0.6385
5b959054-e2d3-415a-98c1-123174cb3733	7	73586988	73614324	11	1.4471
5b959054-e2d3-415a-98c1-123174cb3733	7	73614429	73970137	114	0.5798
5b959054-e2d3-415a-98c1-123174cb3733	7	73976113	74041054	27	0.1448
5b959054-e2d3-415a-98c1-123174cb3733	7	74042698	74287584	97	-0.5834
5b959054-e2d3-415a-98c1-123174cb3733	7	74288238	74347165	20	-0.0152
5b959054-e2d3-415a-98c1-123174cb3733	7	74354120	76426530	552	0.3309
5b959054-e2d3-415a-98c1-123174cb3733	7	76443274	90885809	9146	0.1874
5b959054-e2d3-415a-98c1-123174cb3733	7	90886718	91578827	539	0.4696
5b959054-e2d3-415a-98c1-123174cb3733	7	91589569	91589648	2	2.5175
5b959054-e2d3-415a-98c1-123174cb3733	7	91589817	98091335	4013	0.4142
5b959054-e2d3-415a-98c1-123174cb3733	7	98093268	102841444	1927	0.542
5b959054-e2d3-415a-98c1-123174cb3733	7	102841531	112390440	6204	0.4409
5b959054-e2d3-415a-98c1-123174cb3733	7	112391312	112437557	38	0.9488
5b959054-e2d3-415a-98c1-123174cb3733	7	112443070	126405502	8266	0.4352
5b959054-e2d3-415a-98c1-123174cb3733	7	126405597	126406823	12	1.6251
5b959054-e2d3-415a-98c1-123174cb3733	7	126406824	137544646	7097	0.4852
5b959054-e2d3-415a-98c1-123174cb3733	7	137549408	138131628	390	0.5452
5b959054-e2d3-415a-98c1-123174cb3733	7	138131986	138132879	3	-1.0277
5b959054-e2d3-415a-98c1-123174cb3733	7	138138924	142063324	2394	0.5781
5b959054-e2d3-415a-98c1-123174cb3733	7	142069843	142092307	31	-0.2303
5b959054-e2d3-415a-98c1-123174cb3733	7	142099190	144424650	1229	0.5921
5b959054-e2d3-415a-98c1-123174cb3733	7	144425820	148200888	2526	0.5155
5b959054-e2d3-415a-98c1-123174cb3733	7	148202586	154016029	3391	0.6132
5b959054-e2d3-415a-98c1-123174cb3733	7	154016143	154598185	440	0.9373
5b959054-e2d3-415a-98c1-123174cb3733	7	154601461	154607903	4	-2.2827
5b959054-e2d3-415a-98c1-123174cb3733	7	154609120	159334314	3210	0.9908
5b959054-e2d3-415a-98c1-123174cb3733	8	81254	212672	5	-0.6355
5b959054-e2d3-415a-98c1-123174cb3733	8	212832	644973	314	-0.1374
5b959054-e2d3-415a-98c1-123174cb3733	8	645220	645908	8	1.3684
5b959054-e2d3-415a-98c1-123174cb3733	8	656117	2674107	1510	-0.0887
5b959054-e2d3-415a-98c1-123174cb3733	8	2674632	2682544	4	-1.8531
5b959054-e2d3-415a-98c1-123174cb3733	8	2683216	7414835	5871	-0.0897
5b959054-e2d3-415a-98c1-123174cb3733	8	7422376	7433619	3	-2.6255
5b959054-e2d3-415a-98c1-123174cb3733	8	7440674	7890177	20	-0.3896
5b959054-e2d3-415a-98c1-123174cb3733	8	7919608	7941868	4	-1.7307
5b959054-e2d3-415a-98c1-123174cb3733	8	7974123	8132772	13	0.3473
5b959054-e2d3-415a-98c1-123174cb3733	8	8139659	8235660	7	-1.2715
5b959054-e2d3-415a-98c1-123174cb3733	8	8237241	12092042	3199	-0.0916
5b959054-e2d3-415a-98c1-123174cb3733	8	12130217	12143614	6	-1.4159
5b959054-e2d3-415a-98c1-123174cb3733	8	12176798	14171486	1503	-0.0924
5b959054-e2d3-415a-98c1-123174cb3733	8	14172478	14172796	2	-1.8669
5b959054-e2d3-415a-98c1-123174cb3733	8	14173115	15543669	1255	-0.1063
5b959054-e2d3-415a-98c1-123174cb3733	8	15545551	15555938	9	-1.2166
5b959054-e2d3-415a-98c1-123174cb3733	8	15565761	37224284	15541	-0.0895
5b959054-e2d3-415a-98c1-123174cb3733	8	37224948	40695208	2068	-0.0206
5b959054-e2d3-415a-98c1-123174cb3733	8	40697223	65550979	13514	0.0899
5b959054-e2d3-415a-98c1-123174cb3733	8	65551006	82401617	10181	0.1257
5b959054-e2d3-415a-98c1-123174cb3733	8	82405242	82586650	108	-0.8984
5b959054-e2d3-415a-98c1-123174cb3733	8	82587985	94781943	6993	0.1296
5b959054-e2d3-415a-98c1-123174cb3733	8	94782358	94786166	2	-1.914
5b959054-e2d3-415a-98c1-123174cb3733	8	94787143	111279265	10086	0.1288
5b959054-e2d3-415a-98c1-123174cb3733	8	111282050	111283031	10	-1.1842
5b959054-e2d3-415a-98c1-123174cb3733	8	111288052	134746967	16282	0.1314
5b959054-e2d3-415a-98c1-123174cb3733	8	134746993	145072769	6504	-0.5503
5b959054-e2d3-415a-98c1-123174cb3733	9	46587	95389	9	-0.227
5b959054-e2d3-415a-98c1-123174cb3733	9	96227	602903	488	-0.722
5b959054-e2d3-415a-98c1-123174cb3733	9	606699	659722	113	-1.0925
5b959054-e2d3-415a-98c1-123174cb3733	9	660290	30699184	25003	-0.6819
5b959054-e2d3-415a-98c1-123174cb3733	9	30699867	33728787	2140	0.439
5b959054-e2d3-415a-98c1-123174cb3733	9	33732859	33855467	105	1.2059
5b959054-e2d3-415a-98c1-123174cb3733	9	33855496	39214987	2972	0.4791
5b959054-e2d3-415a-98c1-123174cb3733	9	39242280	39455614	11	-0.3193
5b959054-e2d3-415a-98c1-123174cb3733	9	39456495	39807498	24	0.5908
5b959054-e2d3-415a-98c1-123174cb3733	9	39827488	40099921	6	1.6398
5b959054-e2d3-415a-98c1-123174cb3733	9	40189830	41533430	64	0.0172
5b959054-e2d3-415a-98c1-123174cb3733	9	41569586	41569587	2	-2.9661
5b959054-e2d3-415a-98c1-123174cb3733	9	41569588	41714376	20	0.1885
5b959054-e2d3-415a-98c1-123174cb3733	9	41741096	42726239	53	-0.393
5b959054-e2d3-415a-98c1-123174cb3733	9	42727685	63746895	146	0.1141
5b959054-e2d3-415a-98c1-123174cb3733	9	63746943	64493528	16	0.6484
5b959054-e2d3-415a-98c1-123174cb3733	9	64495298	76938265	6338	0.0319
5b959054-e2d3-415a-98c1-123174cb3733	9	76939544	76944420	5	-2.6551
5b959054-e2d3-415a-98c1-123174cb3733	9	76951948	120442703	31192	0.0079
5b959054-e2d3-415a-98c1-123174cb3733	9	120443267	126472543	3641	0.0973
5b959054-e2d3-415a-98c1-123174cb3733	9	126474407	133907134	4304	0.16
5b959054-e2d3-415a-98c1-123174cb3733	9	133909095	133914054	4	-1.4204
5b959054-e2d3-415a-98c1-123174cb3733	9	133916369	137951706	1727	0.1348
5b959054-e2d3-415a-98c1-123174cb3733	9	137957960	138200944	167	0.0258
5b959054-e2d3-415a-98c1-123174cb3733	10	45792	11175669	9431	-0.7215
5b959054-e2d3-415a-98c1-123174cb3733	10	11175759	24086334	9524	0.5642
5b959054-e2d3-415a-98c1-123174cb3733	10	24088745	24089125	11	-1.9437
5b959054-e2d3-415a-98c1-123174cb3733	10	24089979	27290867	2168	0.5689
5b959054-e2d3-415a-98c1-123174cb3733	10	27291041	27308509	4	-0.9548
5b959054-e2d3-415a-98c1-123174cb3733	10	27318256	30957581	2791	0.5916
5b959054-e2d3-415a-98c1-123174cb3733	10	30962405	30962753	7	1.7483
5b959054-e2d3-415a-98c1-123174cb3733	10	30962785	41717270	4783	0.5653
5b959054-e2d3-415a-98c1-123174cb3733	10	41737725	49792548	4200	0.018
5b959054-e2d3-415a-98c1-123174cb3733	10	49796090	49802852	5	-2.6261
5b959054-e2d3-415a-98c1-123174cb3733	10	49806996	50605079	396	0.0839
5b959054-e2d3-415a-98c1-123174cb3733	10	50605565	59606045	6621	0.0183
5b959054-e2d3-415a-98c1-123174cb3733	10	59606046	59606737	7	-0.9264
5b959054-e2d3-415a-98c1-123174cb3733	10	59609108	60899120	1009	0.0303
5b959054-e2d3-415a-98c1-123174cb3733	10	60899130	60899133	2	-2.0082
5b959054-e2d3-415a-98c1-123174cb3733	10	60902556	65546400	2968	0.0206
5b959054-e2d3-415a-98c1-123174cb3733	10	65546518	65554672	28	0.4497
5b959054-e2d3-415a-98c1-123174cb3733	10	65554688	66521359	756	0.004
5b959054-e2d3-415a-98c1-123174cb3733	10	66523104	70750322	2760	0.0615
5b959054-e2d3-415a-98c1-123174cb3733	10	70750507	70750576	2	-1.7143
5b959054-e2d3-415a-98c1-123174cb3733	10	70751073	72474840	1163	0.0852
5b959054-e2d3-415a-98c1-123174cb3733	10	72477583	110246710	24209	0.0201
5b959054-e2d3-415a-98c1-123174cb3733	10	110251072	110251726	3	-1.7887
5b959054-e2d3-415a-98c1-123174cb3733	10	110252494	112772855	1815	-0.0038
5b959054-e2d3-415a-98c1-123174cb3733	10	112780020	121413102	6152	0.0769
5b959054-e2d3-415a-98c1-123174cb3733	10	121413321	124735930	2482	1.0546
5b959054-e2d3-415a-98c1-123174cb3733	10	124736968	129165236	3358	0.6287
5b959054-e2d3-415a-98c1-123174cb3733	10	129167628	130411141	937	1.026
5b959054-e2d3-415a-98c1-123174cb3733	10	130414980	133654968	2010	0.1166
5b959054-e2d3-415a-98c1-123174cb3733	11	198510	14328967	9633	-0.6866
5b959054-e2d3-415a-98c1-123174cb3733	11	14329608	16980159	1594	0.557
5b959054-e2d3-415a-98c1-123174cb3733	11	16980508	44885892	19846	0.0287
5b959054-e2d3-415a-98c1-123174cb3733	11	44887942	48104179	1608	0.1024
5b959054-e2d3-415a-98c1-123174cb3733	11	48106291	48982389	352	0.0212
5b959054-e2d3-415a-98c1-123174cb3733	11	48982473	48985386	2	-2.1454
5b959054-e2d3-415a-98c1-123174cb3733	11	48985936	54924229	803	0.0563
5b959054-e2d3-415a-98c1-123174cb3733	11	54933825	54934156	3	-2.413
5b959054-e2d3-415a-98c1-123174cb3733	11	54940988	55609178	247	0.0907
5b959054-e2d3-415a-98c1-123174cb3733	11	55609186	55674842	35	0.5714
5b959054-e2d3-415a-98c1-123174cb3733	11	55676735	71674327	8193	0.0774
5b959054-e2d3-415a-98c1-123174cb3733	11	71675079	71677658	2	-1.922
5b959054-e2d3-415a-98c1-123174cb3733	11	71684623	71816501	35	0.0071
5b959054-e2d3-415a-98c1-123174cb3733	11	71816650	71915043	32	0.4373
5b959054-e2d3-415a-98c1-123174cb3733	11	71915556	79643658	4368	0.6426
5b959054-e2d3-415a-98c1-123174cb3733	11	79643864	80256460	440	0.5645
5b959054-e2d3-415a-98c1-123174cb3733	11	80256469	80256642	4	2.3542
5b959054-e2d3-415a-98c1-123174cb3733	11	80256657	95451191	10360	0.5408
5b959054-e2d3-415a-98c1-123174cb3733	11	95452865	124622176	20437	0.4675
5b959054-e2d3-415a-98c1-123174cb3733	11	124625466	135074876	7820	0.5823
5b959054-e2d3-415a-98c1-123174cb3733	12	51460	760032	411	-0.0502
5b959054-e2d3-415a-98c1-123174cb3733	12	760097	764863	16	-4.3732
5b959054-e2d3-415a-98c1-123174cb3733	12	766188	4276884	2397	0.039
5b959054-e2d3-415a-98c1-123174cb3733	12	4277067	4280335	12	-0.918
5b959054-e2d3-415a-98c1-123174cb3733	12	4283364	9481274	3225	0.0563
5b959054-e2d3-415a-98c1-123174cb3733	12	9485313	9575696	23	1.2041
5b959054-e2d3-415a-98c1-123174cb3733	12	9582373	10420401	625	0.0535
5b959054-e2d3-415a-98c1-123174cb3733	12	10426178	10446203	8	-0.9076
5b959054-e2d3-415a-98c1-123174cb3733	12	10446882	11068125	395	0.0427
5b959054-e2d3-415a-98c1-123174cb3733	12	11070111	11088933	9	-1.4864
5b959054-e2d3-415a-98c1-123174cb3733	12	11099275	11358644	132	0.0313
5b959054-e2d3-415a-98c1-123174cb3733	12	11359558	11390472	29	-1.1941
5b959054-e2d3-415a-98c1-123174cb3733	12	11399258	47005129	21653	0.0244
5b959054-e2d3-415a-98c1-123174cb3733	12	47005192	52119468	2681	0.0771
5b959054-e2d3-415a-98c1-123174cb3733	12	52122567	52141950	38	-0.3948
5b959054-e2d3-415a-98c1-123174cb3733	12	52142144	58643359	3822	0.0849
5b959054-e2d3-415a-98c1-123174cb3733	12	58643534	108822212	32406	0.0321
5b959054-e2d3-415a-98c1-123174cb3733	12	108823128	108823960	3	-1.7776
5b959054-e2d3-415a-98c1-123174cb3733	12	108833989	112726680	1995	0.0723
5b959054-e2d3-415a-98c1-123174cb3733	12	112726720	120518108	5593	0.603
5b959054-e2d3-415a-98c1-123174cb3733	12	120522110	131413152	7584	-0.7099
5b959054-e2d3-415a-98c1-123174cb3733	12	131413400	131413523	5	-3.0856
5b959054-e2d3-415a-98c1-123174cb3733	12	131415578	133201603	781	-0.681
5b959054-e2d3-415a-98c1-123174cb3733	13	18452809	18569684	12	-0.4669
5b959054-e2d3-415a-98c1-123174cb3733	13	18600494	29914284	7929	0.0122
5b959054-e2d3-415a-98c1-123174cb3733	13	29914389	37496998	5428	0.4458
5b959054-e2d3-415a-98c1-123174cb3733	13	37497899	37510620	16	-2.9344
5b959054-e2d3-415a-98c1-123174cb3733	13	37514193	42889163	3789	0.436
5b959054-e2d3-415a-98c1-123174cb3733	13	42891559	43080522	123	0.1889
5b959054-e2d3-415a-98c1-123174cb3733	13	43082307	77051345	21277	0.429
5b959054-e2d3-415a-98c1-123174cb3733	13	77051903	77058257	5	1.9262
5b959054-e2d3-415a-98c1-123174cb3733	13	77058335	82348682	3308	0.4355
5b959054-e2d3-415a-98c1-123174cb3733	13	82349873	91409815	5467	-0.008
5b959054-e2d3-415a-98c1-123174cb3733	13	91410077	99513088	5424	0.4353
5b959054-e2d3-415a-98c1-123174cb3733	13	99515039	112379006	9909	-0.7124
5b959054-e2d3-415a-98c1-123174cb3733	13	112380499	112473815	52	-1.9483
5b959054-e2d3-415a-98c1-123174cb3733	13	112474679	114342922	862	-0.7545
5b959054-e2d3-415a-98c1-123174cb3733	14	18239283	19744176	70	-0.0006
5b959054-e2d3-415a-98c1-123174cb3733	14	19746341	19921562	72	-0.5187
5b959054-e2d3-415a-98c1-123174cb3733	14	19922395	20896857	735	0.0756
5b959054-e2d3-415a-98c1-123174cb3733	14	20898253	20903615	3	-1.7705
5b959054-e2d3-415a-98c1-123174cb3733	14	20905658	20970317	25	-0.0388
5b959054-e2d3-415a-98c1-123174cb3733	14	20972304	22496204	1071	0.1275
5b959054-e2d3-415a-98c1-123174cb3733	14	22497429	22501577	18	0.8519
5b959054-e2d3-415a-98c1-123174cb3733	14	22501590	22751549	193	0.091
5b959054-e2d3-415a-98c1-123174cb3733	14	22752107	22760551	5	-1.125
5b959054-e2d3-415a-98c1-123174cb3733	14	22760765	25622125	1771	0.1121
5b959054-e2d3-415a-98c1-123174cb3733	14	25622491	26294421	461	0.0454
5b959054-e2d3-415a-98c1-123174cb3733	14	26300516	26300517	2	2.2342
5b959054-e2d3-415a-98c1-123174cb3733	14	26300519	41141293	9222	0.0324
5b959054-e2d3-415a-98c1-123174cb3733	14	41141487	41160039	6	-1.8404
5b959054-e2d3-415a-98c1-123174cb3733	14	41164182	41184774	6	-5.0329
5b959054-e2d3-415a-98c1-123174cb3733	14	41188046	41188146	2	-1.9314
5b959054-e2d3-415a-98c1-123174cb3733	14	41200899	43971905	1659	0.0303
5b959054-e2d3-415a-98c1-123174cb3733	14	43972123	43972259	2	2.4352
5b959054-e2d3-415a-98c1-123174cb3733	14	43972401	44020999	45	0.0325
5b959054-e2d3-415a-98c1-123174cb3733	14	44031914	44058213	17	-1.3115
5b959054-e2d3-415a-98c1-123174cb3733	14	44059121	60589222	10433	0.0333
5b959054-e2d3-415a-98c1-123174cb3733	14	60591424	60592418	2	-3.4173
5b959054-e2d3-415a-98c1-123174cb3733	14	60599500	71073552	6468	0.0464
5b959054-e2d3-415a-98c1-123174cb3733	14	71077136	73529070	1620	-0.6974
5b959054-e2d3-415a-98c1-123174cb3733	14	73534419	73554275	9	-2.2253
5b959054-e2d3-415a-98c1-123174cb3733	14	73563196	76615576	1829	-0.6774
5b959054-e2d3-415a-98c1-123174cb3733	14	76620878	78191410	1134	0.0794
5b959054-e2d3-415a-98c1-123174cb3733	14	78191463	87363137	6127	0.0005
5b959054-e2d3-415a-98c1-123174cb3733	14	87365502	102466742	10119	0.0422
5b959054-e2d3-415a-98c1-123174cb3733	14	102467716	105792304	1222	1.0597
5b959054-e2d3-415a-98c1-123174cb3733	14	105795472	106877229	458	0.8557
5b959054-e2d3-415a-98c1-123174cb3733	15	19811075	20190276	55	-0.1158
5b959054-e2d3-415a-98c1-123174cb3733	15	20206125	22385639	139	1.2194
5b959054-e2d3-415a-98c1-123174cb3733	15	22395047	24424598	972	0.0166
5b959054-e2d3-415a-98c1-123174cb3733	15	24429604	24473026	33	-2.584
5b959054-e2d3-415a-98c1-123174cb3733	15	24473449	38935921	9212	0.0375
5b959054-e2d3-415a-98c1-123174cb3733	15	38936222	45412798	3348	0.5006
5b959054-e2d3-415a-98c1-123174cb3733	15	45413373	57311948	7510	0.4533
5b959054-e2d3-415a-98c1-123174cb3733	15	57312204	57789074	461	0.5322
5b959054-e2d3-415a-98c1-123174cb3733	15	57789648	57791230	3	-1.3415
5b959054-e2d3-415a-98c1-123174cb3733	15	57796193	70403002	8493	0.5135
5b959054-e2d3-415a-98c1-123174cb3733	15	70410417	76191001	3035	0.1203
5b959054-e2d3-415a-98c1-123174cb3733	15	76192489	76192652	2	-1.9096
5b959054-e2d3-415a-98c1-123174cb3733	15	76193195	88628660	7834	0.0884
5b959054-e2d3-415a-98c1-123174cb3733	15	88629804	93124313	3209	0.1454
5b959054-e2d3-415a-98c1-123174cb3733	15	93124851	101928837	6619	0.0873
5b959054-e2d3-415a-98c1-123174cb3733	16	10777	41192	12	0.5278
5b959054-e2d3-415a-98c1-123174cb3733	16	44808	603862	262	-0.0605
5b959054-e2d3-415a-98c1-123174cb3733	16	605262	5225302	1939	0.1325
5b959054-e2d3-415a-98c1-123174cb3733	16	5225417	55764850	24293	0.0262
5b959054-e2d3-415a-98c1-123174cb3733	16	55764867	55808442	17	-0.7445
5b959054-e2d3-415a-98c1-123174cb3733	16	55808470	56576202	485	0.0352
5b959054-e2d3-415a-98c1-123174cb3733	16	56576463	59369150	1681	0.0924
5b959054-e2d3-415a-98c1-123174cb3733	16	59372607	75214869	9220	-0.5772
5b959054-e2d3-415a-98c1-123174cb3733	16	75218408	75377736	85	-0.0516
5b959054-e2d3-415a-98c1-123174cb3733	16	75381443	78337711	2617	-0.5911
5b959054-e2d3-415a-98c1-123174cb3733	16	78338543	78350868	17	0.6662
5b959054-e2d3-415a-98c1-123174cb3733	16	78351104	90096867	10425	-0.6175
5b959054-e2d3-415a-98c1-123174cb3733	17	150733	10011552	5591	0.101
5b959054-e2d3-415a-98c1-123174cb3733	17	10012133	15623842	4214	0.0123
5b959054-e2d3-415a-98c1-123174cb3733	17	15639847	15642600	2	-2.5786
5b959054-e2d3-415a-98c1-123174cb3733	17	15650964	16253606	227	0.0416
5b959054-e2d3-415a-98c1-123174cb3733	17	16254177	16834846	233	0.1107
5b959054-e2d3-415a-98c1-123174cb3733	17	16838201	16838470	3	-1.3579
5b959054-e2d3-415a-98c1-123174cb3733	17	16853833	18458372	881	0.123
5b959054-e2d3-415a-98c1-123174cb3733	17	18461528	18561272	22	0.7575
5b959054-e2d3-415a-98c1-123174cb3733	17	18561907	18810069	61	-0.0463
5b959054-e2d3-415a-98c1-123174cb3733	17	18819091	36740662	6906	-0.6836
5b959054-e2d3-415a-98c1-123174cb3733	17	36741408	39510553	1273	-0.5598
5b959054-e2d3-415a-98c1-123174cb3733	17	39515237	41266838	965	-0.0729
5b959054-e2d3-415a-98c1-123174cb3733	17	41266851	41274279	19	-0.7774
5b959054-e2d3-415a-98c1-123174cb3733	17	41276472	42884218	839	-0.0347
5b959054-e2d3-415a-98c1-123174cb3733	17	42884262	45117838	1110	0.078
5b959054-e2d3-415a-98c1-123174cb3733	17	45118296	45118446	3	-1.7277
5b959054-e2d3-415a-98c1-123174cb3733	17	45118614	45675182	198	0.0941
5b959054-e2d3-415a-98c1-123174cb3733	17	45676232	46085732	294	-0.0341
5b959054-e2d3-415a-98c1-123174cb3733	17	46088437	46284997	121	0.7447
5b959054-e2d3-415a-98c1-123174cb3733	17	46286804	50900288	2158	0.0753
5b959054-e2d3-415a-98c1-123174cb3733	17	50900314	57686292	4814	-0.0175
5b959054-e2d3-415a-98c1-123174cb3733	17	57686514	59909569	1116	0.039
5b959054-e2d3-415a-98c1-123174cb3733	17	59913308	63368646	1635	0.5241
5b959054-e2d3-415a-98c1-123174cb3733	17	63369515	64562797	563	0.6726
5b959054-e2d3-415a-98c1-123174cb3733	17	64571715	66007861	805	0.5402
5b959054-e2d3-415a-98c1-123174cb3733	17	66013885	66013886	2	-2.0765
5b959054-e2d3-415a-98c1-123174cb3733	17	66018457	66113571	55	0.3616
5b959054-e2d3-415a-98c1-123174cb3733	17	66114136	68605630	1525	0.5648
5b959054-e2d3-415a-98c1-123174cb3733	17	68605946	71964480	2497	0.4707
5b959054-e2d3-415a-98c1-123174cb3733	17	71965545	73247150	1011	0.5502
5b959054-e2d3-415a-98c1-123174cb3733	17	73248027	73535853	182	0.3011
5b959054-e2d3-415a-98c1-123174cb3733	17	73540606	74569580	700	0.7453
5b959054-e2d3-415a-98c1-123174cb3733	17	74570002	74652981	66	0.3354
5b959054-e2d3-415a-98c1-123174cb3733	17	74653324	83091923	4115	0.7847
5b959054-e2d3-415a-98c1-123174cb3733	18	58202	28613464	14902	0.0503
5b959054-e2d3-415a-98c1-123174cb3733	18	28613572	28616166	5	-1.3349
5b959054-e2d3-415a-98c1-123174cb3733	18	28616668	30076234	860	0.0818
5b959054-e2d3-415a-98c1-123174cb3733	18	30081880	42357439	7919	0.1278
5b959054-e2d3-415a-98c1-123174cb3733	18	42357516	42366050	10	-0.7846
5b959054-e2d3-415a-98c1-123174cb3733	18	42367211	52028689	6550	0.1626
5b959054-e2d3-415a-98c1-123174cb3733	18	52032516	52591876	408	0.0838
5b959054-e2d3-415a-98c1-123174cb3733	18	52593735	69541417	11847	-0.6732
5b959054-e2d3-415a-98c1-123174cb3733	18	69543096	69550035	5	-4.3233
5b959054-e2d3-415a-98c1-123174cb3733	18	69550306	70900067	875	-0.7072
5b959054-e2d3-415a-98c1-123174cb3733	18	70901254	72952109	1543	-0.594
5b959054-e2d3-415a-98c1-123174cb3733	18	72952510	80252853	5296	-0.7102
5b959054-e2d3-415a-98c1-123174cb3733	18	80256253	80257174	4	0.0743
5b959054-e2d3-415a-98c1-123174cb3733	19	90910	22545477	9899	-0.5872
5b959054-e2d3-415a-98c1-123174cb3733	19	22545786	34041931	5586	-0.7076
5b959054-e2d3-415a-98c1-123174cb3733	19	34042217	55760777	11128	-0.6069
5b959054-e2d3-415a-98c1-123174cb3733	19	55761691	55766684	2	-4.4704
5b959054-e2d3-415a-98c1-123174cb3733	19	55770704	55953429	181	-0.6816
5b959054-e2d3-415a-98c1-123174cb3733	19	55954758	55954861	2	-3.1717
5b959054-e2d3-415a-98c1-123174cb3733	19	55955315	57490865	1032	-0.6519
5b959054-e2d3-415a-98c1-123174cb3733	19	57490994	57491076	3	-3.1033
5b959054-e2d3-415a-98c1-123174cb3733	19	57491297	58586487	585	-0.6327
5b959054-e2d3-415a-98c1-123174cb3733	20	80664	1580353	1185	0.0426
5b959054-e2d3-415a-98c1-123174cb3733	20	1580934	1601561	36	1.5062
5b959054-e2d3-415a-98c1-123174cb3733	20	1609611	31283384	18610	0.0151
5b959054-e2d3-415a-98c1-123174cb3733	20	31286861	39166397	4052	0.0885
5b959054-e2d3-415a-98c1-123174cb3733	20	39167968	41756962	1767	-0.0009
5b959054-e2d3-415a-98c1-123174cb3733	20	41758772	43445301	1476	0.5757
5b959054-e2d3-415a-98c1-123174cb3733	20	43446358	51967153	5747	0.6573
5b959054-e2d3-415a-98c1-123174cb3733	20	51968444	57027994	4006	0.5662
5b959054-e2d3-415a-98c1-123174cb3733	20	57028287	60076655	2273	0.6419
5b959054-e2d3-415a-98c1-123174cb3733	20	60076936	61021897	919	0.5695
5b959054-e2d3-415a-98c1-123174cb3733	20	61026514	61027295	2	2.8164
5b959054-e2d3-415a-98c1-123174cb3733	20	61029644	61103637	82	0.529
5b959054-e2d3-415a-98c1-123174cb3733	20	61103858	61196514	93	1.0532
5b959054-e2d3-415a-98c1-123174cb3733	20	61196917	61217600	27	0.6964
5b959054-e2d3-415a-98c1-123174cb3733	20	61218375	61866825	468	1.1158
5b959054-e2d3-415a-98c1-123174cb3733	20	61867884	64191726	941	1.5032
5b959054-e2d3-415a-98c1-123174cb3733	20	64192549	64324292	72	1.273
5b959054-e2d3-415a-98c1-123174cb3733	21	10354468	28100710	10686	0.0213
5b959054-e2d3-415a-98c1-123174cb3733	21	28100805	28224450	94	-0.4411
5b959054-e2d3-415a-98c1-123174cb3733	21	28225342	38825063	7591	0.0477
5b959054-e2d3-415a-98c1-123174cb3733	21	38826219	41395119	2178	0.6153
5b959054-e2d3-415a-98c1-123174cb3733	21	41396370	42190230	696	0.1304
5b959054-e2d3-415a-98c1-123174cb3733	21	42199305	46677045	2319	-0.7299
5b959054-e2d3-415a-98c1-123174cb3733	22	15294547	36376708	13590	-0.7068
5b959054-e2d3-415a-98c1-123174cb3733	22	36379706	44737460	4961	-0.6232
5b959054-e2d3-415a-98c1-123174cb3733	22	44739926	44740755	3	-3.3297
5b959054-e2d3-415a-98c1-123174cb3733	22	44741026	46906411	1393	-0.6241
5b959054-e2d3-415a-98c1-123174cb3733	22	46906688	50796027	3015	-0.746
5b959054-e2d3-415a-98c1-123174cb3733	X	251810	23778289	14234	-0.5222
5b959054-e2d3-415a-98c1-123174cb3733	X	23785081	23837884	39	0.2801
5b959054-e2d3-415a-98c1-123174cb3733	X	23838948	57131000	18071	-0.5215
5b959054-e2d3-415a-98c1-123174cb3733	X	57132719	73766126	5258	0.2211
5b959054-e2d3-415a-98c1-123174cb3733	X	73766561	73783964	15	1.1667
5b959054-e2d3-415a-98c1-123174cb3733	X	73790800	114923175	21129	0.2111
5b959054-e2d3-415a-98c1-123174cb3733	X	114925400	135943073	11685	0.2722
5b959054-e2d3-415a-98c1-123174cb3733	X	135943090	136153494	114	0.1811
5b959054-e2d3-415a-98c1-123174cb3733	X	136158501	147505485	7306	0.6495
5b959054-e2d3-415a-98c1-123174cb3733	X	147507130	149454977	1311	1.0952
5b959054-e2d3-415a-98c1-123174cb3733	X	149456359	151019930	857	1.2219
5b959054-e2d3-415a-98c1-123174cb3733	X	151020287	152589605	1059	1.0765
5b959054-e2d3-415a-98c1-123174cb3733	X	152590432	155952689	1375	1.235
5b959054-e2d3-415a-98c1-123174cb3733	Y	2782397	6233384	778	-2.9598
5b959054-e2d3-415a-98c1-123174cb3733	Y	6249869	9327138	1431	-3.6146
5b959054-e2d3-415a-98c1-123174cb3733	Y	9329696	9554275	26	-5.6767
5b959054-e2d3-415a-98c1-123174cb3733	Y	9554586	23586854	4164	-3.4445
5b959054-e2d3-415a-98c1-123174cb3733	Y	23784615	56872112	189	-3.0496
