GDC_Aliquot	Chromosome	Start	End	Num_Probes	Segment_Mean
77cf9295-680b-433c-98b6-022747c28474	1	3301765	33657698	16095	-0.6216
77cf9295-680b-433c-98b6-022747c28474	1	33661915	50729476	9317	0.1659
77cf9295-680b-433c-98b6-022747c28474	1	50738900	63699819	8576	0.1395
77cf9295-680b-433c-98b6-022747c28474	1	63699874	63755972	52	0.2227
77cf9295-680b-433c-98b6-022747c28474	1	63756046	68166696	3265	0.0951
77cf9295-680b-433c-98b6-022747c28474	1	68169707	68170064	3	-1.0076
77cf9295-680b-433c-98b6-022747c28474	1	68173702	91453883	13877	0.0848
77cf9295-680b-433c-98b6-022747c28474	1	91453960	91483783	32	0.1988
77cf9295-680b-433c-98b6-022747c28474	1	91487748	91502825	14	-0.6322
77cf9295-680b-433c-98b6-022747c28474	1	91504050	91507327	4	0.1291
77cf9295-680b-433c-98b6-022747c28474	1	91515927	91806363	171	-0.7003
77cf9295-680b-433c-98b6-022747c28474	1	91807916	95810260	2390	0.1135
77cf9295-680b-433c-98b6-022747c28474	1	95810642	106703523	6031	0.0671
77cf9295-680b-433c-98b6-022747c28474	1	106704192	166941756	18519	0.1254
77cf9295-680b-433c-98b6-022747c28474	1	166941912	176165842	5825	0.5634
77cf9295-680b-433c-98b6-022747c28474	1	176167137	176167402	4	-0.4654
77cf9295-680b-433c-98b6-022747c28474	1	176175109	179174661	1887	0.6083
77cf9295-680b-433c-98b6-022747c28474	1	179180155	183762567	3093	1.1812
77cf9295-680b-433c-98b6-022747c28474	1	183762984	185117225	851	0.5764
77cf9295-680b-433c-98b6-022747c28474	1	185117859	199613109	8490	0.5345
77cf9295-680b-433c-98b6-022747c28474	1	199613684	209651481	6649	0.6098
77cf9295-680b-433c-98b6-022747c28474	1	209651494	210635953	734	0.5762
77cf9295-680b-433c-98b6-022747c28474	1	210636148	210636602	2	-0.7903
77cf9295-680b-433c-98b6-022747c28474	1	210636710	227723480	10932	0.5763
77cf9295-680b-433c-98b6-022747c28474	1	227726086	234629670	4648	0.609
77cf9295-680b-433c-98b6-022747c28474	1	234630270	245101325	7088	0.5666
77cf9295-680b-433c-98b6-022747c28474	1	245102091	247650984	1113	0.6202
77cf9295-680b-433c-98b6-022747c28474	2	480597	11971833	7272	0.1328
77cf9295-680b-433c-98b6-022747c28474	2	11972382	14021940	1365	0.0591
77cf9295-680b-433c-98b6-022747c28474	2	14022748	21402847	5105	0.1195
77cf9295-680b-433c-98b6-022747c28474	2	21406714	22880151	817	0.0563
77cf9295-680b-433c-98b6-022747c28474	2	22880404	31409221	4906	0.1209
77cf9295-680b-433c-98b6-022747c28474	2	31412285	44862526	7163	0.0872
77cf9295-680b-433c-98b6-022747c28474	2	44862541	47815090	2142	0.1351
77cf9295-680b-433c-98b6-022747c28474	2	47815422	70608926	12928	0.0812
77cf9295-680b-433c-98b6-022747c28474	2	70610804	75728588	2762	0.1234
77cf9295-680b-433c-98b6-022747c28474	2	75728879	84276046	4567	0.0651
77cf9295-680b-433c-98b6-022747c28474	2	84277423	103892652	6103	0.1117
77cf9295-680b-433c-98b6-022747c28474	2	103895472	103895768	2	-1.5259
77cf9295-680b-433c-98b6-022747c28474	2	103897049	120214420	8446	0.1009
77cf9295-680b-433c-98b6-022747c28474	2	120217920	121293654	697	0.1983
77cf9295-680b-433c-98b6-022747c28474	2	121296969	126684673	2439	0.0777
77cf9295-680b-433c-98b6-022747c28474	2	126685270	131065318	2256	0.1461
77cf9295-680b-433c-98b6-022747c28474	2	131077661	141929233	5676	0.0872
77cf9295-680b-433c-98b6-022747c28474	2	141929733	142236759	194	0.4124
77cf9295-680b-433c-98b6-022747c28474	2	142236813	142929061	395	0.1279
77cf9295-680b-433c-98b6-022747c28474	2	142929462	152585070	5620	0.0654
77cf9295-680b-433c-98b6-022747c28474	2	152587303	152592128	8	-0.8398
77cf9295-680b-433c-98b6-022747c28474	2	152592808	180129717	16458	0.0664
77cf9295-680b-433c-98b6-022747c28474	2	180130289	199218821	9373	0.0399
77cf9295-680b-433c-98b6-022747c28474	2	199222992	208579414	5406	0.0765
77cf9295-680b-433c-98b6-022747c28474	2	208583621	208587578	9	-0.6645
77cf9295-680b-433c-98b6-022747c28474	2	208587787	215848981	4326	0.0575
77cf9295-680b-433c-98b6-022747c28474	2	215852793	219945115	2529	0.1378
77cf9295-680b-433c-98b6-022747c28474	2	219945659	231350413	7181	0.083
77cf9295-680b-433c-98b6-022747c28474	2	231351383	241537572	6018	0.1592
77cf9295-680b-433c-98b6-022747c28474	3	2170634	7913901	3182	0.1043
77cf9295-680b-433c-98b6-022747c28474	3	7914907	12003230	2718	0.157
77cf9295-680b-433c-98b6-022747c28474	3	12003473	12971493	621	0.0947
77cf9295-680b-433c-98b6-022747c28474	3	12976763	12976988	2	-1.6944
77cf9295-680b-433c-98b6-022747c28474	3	12977485	15036386	1369	0.1715
77cf9295-680b-433c-98b6-022747c28474	3	15038479	24052652	4824	0.0645
77cf9295-680b-433c-98b6-022747c28474	3	24052660	25603930	1399	0.1122
77cf9295-680b-433c-98b6-022747c28474	3	25603994	31396156	3470	0.0685
77cf9295-680b-433c-98b6-022747c28474	3	31396592	34407609	1733	0.1151
77cf9295-680b-433c-98b6-022747c28474	3	34409261	37450647	1816	0.0705
77cf9295-680b-433c-98b6-022747c28474	3	37451015	71410999	20083	0.1214
77cf9295-680b-433c-98b6-022747c28474	3	71413646	71415181	2	-1.318
77cf9295-680b-433c-98b6-022747c28474	3	71415184	74068208	1958	0.1198
77cf9295-680b-433c-98b6-022747c28474	3	74068276	122760524	24176	0.0681
77cf9295-680b-433c-98b6-022747c28474	3	122760652	141394470	10847	0.1234
77cf9295-680b-433c-98b6-022747c28474	3	141400563	158688216	8966	0.0626
77cf9295-680b-433c-98b6-022747c28474	3	158690259	161880067	1764	0.1009
77cf9295-680b-433c-98b6-022747c28474	3	161880247	169249535	3290	0.0469
77cf9295-680b-433c-98b6-022747c28474	3	169250470	169739769	354	0.5612
77cf9295-680b-433c-98b6-022747c28474	3	169740411	182860421	6786	0.073
77cf9295-680b-433c-98b6-022747c28474	3	182860872	186964552	1956	0.1141
77cf9295-680b-433c-98b6-022747c28474	3	186964707	192841788	3908	0.0776
77cf9295-680b-433c-98b6-022747c28474	3	192842828	195097358	1308	0.1486
77cf9295-680b-433c-98b6-022747c28474	3	195098756	197812401	600	0.1047
77cf9295-680b-433c-98b6-022747c28474	4	1059384	5450094	2089	0.17
77cf9295-680b-433c-98b6-022747c28474	4	5452496	8661904	2226	0.2178
77cf9295-680b-433c-98b6-022747c28474	4	8664936	10348420	571	0.1635
77cf9295-680b-433c-98b6-022747c28474	4	10349324	23496789	9114	0.0915
77cf9295-680b-433c-98b6-022747c28474	4	23497292	26163845	1851	0.1289
77cf9295-680b-433c-98b6-022747c28474	4	26164101	27429927	742	0.089
77cf9295-680b-433c-98b6-022747c28474	4	27429944	37182831	5787	0.0643
77cf9295-680b-433c-98b6-022747c28474	4	37182846	42840445	3526	0.1051
77cf9295-680b-433c-98b6-022747c28474	4	42841140	47971689	2397	0.0655
77cf9295-680b-433c-98b6-022747c28474	4	47972049	57792960	3974	0.1102
77cf9295-680b-433c-98b6-022747c28474	4	57796242	180494408	67831	0.067
77cf9295-680b-433c-98b6-022747c28474	4	180498105	187688187	3275	0.1123
77cf9295-680b-433c-98b6-022747c28474	4	187689902	187842528	89	0.1619
77cf9295-680b-433c-98b6-022747c28474	5	913983	3825198	1810	0.1792
77cf9295-680b-433c-98b6-022747c28474	5	3825587	10358741	5132	0.1358
77cf9295-680b-433c-98b6-022747c28474	5	10362228	11215020	470	0.6294
77cf9295-680b-433c-98b6-022747c28474	5	11218376	11526425	262	0.1237
77cf9295-680b-433c-98b6-022747c28474	5	11526661	11531278	4	-0.9589
77cf9295-680b-433c-98b6-022747c28474	5	11534248	17316955	3134	0.1236
77cf9295-680b-433c-98b6-022747c28474	5	17325609	31040432	7108	0.0635
77cf9295-680b-433c-98b6-022747c28474	5	31042439	38931625	4736	0.1113
77cf9295-680b-433c-98b6-022747c28474	5	38932364	67716580	13580	0.0824
77cf9295-680b-433c-98b6-022747c28474	5	67716784	80387544	6604	0.1088
77cf9295-680b-433c-98b6-022747c28474	5	80387586	125805461	24659	0.0668
77cf9295-680b-433c-98b6-022747c28474	5	125807483	126547178	438	0.1064
77cf9295-680b-433c-98b6-022747c28474	5	126549182	126549242	2	-0.773
77cf9295-680b-433c-98b6-022747c28474	5	126549292	127121923	286	0.1099
77cf9295-680b-433c-98b6-022747c28474	5	127122434	127122625	2	-1.588
77cf9295-680b-433c-98b6-022747c28474	5	127127947	132595931	3014	0.0816
77cf9295-680b-433c-98b6-022747c28474	5	132598600	132936664	167	0.5802
77cf9295-680b-433c-98b6-022747c28474	5	132942382	137366530	2995	0.1442
77cf9295-680b-433c-98b6-022747c28474	5	137366841	142847327	2728	0.1119
77cf9295-680b-433c-98b6-022747c28474	5	142848492	145844879	1893	0.0606
77cf9295-680b-433c-98b6-022747c28474	5	145847427	148890168	2023	0.1008
77cf9295-680b-433c-98b6-022747c28474	5	148898672	150680641	1211	0.1459
77cf9295-680b-433c-98b6-022747c28474	5	150680802	167842408	11117	0.0787
77cf9295-680b-433c-98b6-022747c28474	5	167843004	180934240	7684	0.1523
77cf9295-680b-433c-98b6-022747c28474	6	1011760	6934914	4394	0.1325
77cf9295-680b-433c-98b6-022747c28474	6	6935117	6936338	2	1.462
77cf9295-680b-433c-98b6-022747c28474	6	6936428	8431006	1100	0.1352
77cf9295-680b-433c-98b6-022747c28474	6	8435650	33146394	14046	0.099
77cf9295-680b-433c-98b6-022747c28474	6	33154394	39159057	3493	0.1309
77cf9295-680b-433c-98b6-022747c28474	6	39159211	41743584	1923	0.1768
77cf9295-680b-433c-98b6-022747c28474	6	41744714	47184345	3099	0.1227
77cf9295-680b-433c-98b6-022747c28474	6	47184542	98188499	26037	0.0766
77cf9295-680b-433c-98b6-022747c28474	6	98192304	98193498	2	-1.6986
77cf9295-680b-433c-98b6-022747c28474	6	98193890	126314131	16197	0.0717
77cf9295-680b-433c-98b6-022747c28474	6	126315131	126407912	39	0.5161
77cf9295-680b-433c-98b6-022747c28474	6	126416158	147774230	13170	0.06
77cf9295-680b-433c-98b6-022747c28474	6	147774568	165447248	11538	0.101
77cf9295-680b-433c-98b6-022747c28474	6	165448346	169421449	1635	0.1551
77cf9295-680b-433c-98b6-022747c28474	6	169422063	170596889	456	0.1208
77cf9295-680b-433c-98b6-022747c28474	7	664936	6250904	2100	0.1823
77cf9295-680b-433c-98b6-022747c28474	7	6259468	7642453	658	0.1101
77cf9295-680b-433c-98b6-022747c28474	7	7642460	21838344	8083	0.0738
77cf9295-680b-433c-98b6-022747c28474	7	21841857	42401865	13688	0.1007
77cf9295-680b-433c-98b6-022747c28474	7	42405033	47932269	3198	0.1431
77cf9295-680b-433c-98b6-022747c28474	7	47933437	48541346	373	0.1089
77cf9295-680b-433c-98b6-022747c28474	7	48561249	50437264	1245	0.068
77cf9295-680b-433c-98b6-022747c28474	7	50437550	51922043	1165	0.1558
77cf9295-680b-433c-98b6-022747c28474	7	51923123	55059234	2119	0.0824
77cf9295-680b-433c-98b6-022747c28474	7	55059305	77138566	5944	0.1313
77cf9295-680b-433c-98b6-022747c28474	7	77140991	98144988	11545	0.071
77cf9295-680b-433c-98b6-022747c28474	7	98148918	99632145	582	0.1686
77cf9295-680b-433c-98b6-022747c28474	7	99633687	100093067	225	0.0864
77cf9295-680b-433c-98b6-022747c28474	7	100093384	100095929	2	-2.4679
77cf9295-680b-433c-98b6-022747c28474	7	100097508	100554333	113	0.0896
77cf9295-680b-433c-98b6-022747c28474	7	100555003	102446755	714	0.1587
77cf9295-680b-433c-98b6-022747c28474	7	102449027	110771115	4719	0.0816
77cf9295-680b-433c-98b6-022747c28474	7	110776556	127073296	8481	0.054
77cf9295-680b-433c-98b6-022747c28474	7	127074648	127963088	589	0.0876
77cf9295-680b-433c-98b6-022747c28474	7	127969377	131513025	1690	0.1067
77cf9295-680b-433c-98b6-022747c28474	7	131513769	132682471	778	0.1808
77cf9295-680b-433c-98b6-022747c28474	7	132682821	151000188	9909	0.0984
77cf9295-680b-433c-98b6-022747c28474	7	151003083	158592540	3987	0.1591
77cf9295-680b-433c-98b6-022747c28474	8	667625	14004915	6196	0.1482
77cf9295-680b-433c-98b6-022747c28474	8	14008541	16973425	2157	0.0848
77cf9295-680b-433c-98b6-022747c28474	8	16973517	23887761	5142	0.1475
77cf9295-680b-433c-98b6-022747c28474	8	23890396	24819977	617	0.0871
77cf9295-680b-433c-98b6-022747c28474	8	24820421	28442928	2654	0.154
77cf9295-680b-433c-98b6-022747c28474	8	28442943	36770290	4756	0.1031
77cf9295-680b-433c-98b6-022747c28474	8	36770459	49287403	4819	0.1366
77cf9295-680b-433c-98b6-022747c28474	8	49288121	57849447	4957	0.0997
77cf9295-680b-433c-98b6-022747c28474	8	57850007	64566525	4154	0.0691
77cf9295-680b-433c-98b6-022747c28474	8	64573733	74554463	5951	0.0929
77cf9295-680b-433c-98b6-022747c28474	8	74554572	93241826	10081	0.0669
77cf9295-680b-433c-98b6-022747c28474	8	93242011	103705390	6260	0.1059
77cf9295-680b-433c-98b6-022747c28474	8	103705643	116729674	6853	0.0635
77cf9295-680b-433c-98b6-022747c28474	8	116730041	130106943	9121	0.0994
77cf9295-680b-433c-98b6-022747c28474	8	130110354	138381383	6230	0.1256
77cf9295-680b-433c-98b6-022747c28474	8	138381666	140532651	1638	0.184
77cf9295-680b-433c-98b6-022747c28474	8	140536625	140537127	2	-0.9457
77cf9295-680b-433c-98b6-022747c28474	8	140539782	144182542	617	0.1922
77cf9295-680b-433c-98b6-022747c28474	9	789794	1882599	517	0.1697
77cf9295-680b-433c-98b6-022747c28474	9	1882721	2702703	786	0.1352
77cf9295-680b-433c-98b6-022747c28474	9	2702716	11131184	4958	0.0981
77cf9295-680b-433c-98b6-022747c28474	9	11131371	20338431	6286	0.1203
77cf9295-680b-433c-98b6-022747c28474	9	20338714	32588260	7271	0.0937
77cf9295-680b-433c-98b6-022747c28474	9	32588511	70817361	5571	0.1388
77cf9295-680b-433c-98b6-022747c28474	9	70820005	81528545	7489	0.0914
77cf9295-680b-433c-98b6-022747c28474	9	81539770	99411274	11693	0.1387
77cf9295-680b-433c-98b6-022747c28474	9	99411858	104663113	2958	0.0814
77cf9295-680b-433c-98b6-022747c28474	9	104665764	113945033	6510	0.1269
77cf9295-680b-433c-98b6-022747c28474	9	113946543	114430926	374	0.2165
77cf9295-680b-433c-98b6-022747c28474	9	114431336	121331736	5139	0.1317
77cf9295-680b-433c-98b6-022747c28474	9	121332993	133322504	7068	0.1637
77cf9295-680b-433c-98b6-022747c28474	9	133322603	135781784	1204	0.2321
77cf9295-680b-433c-98b6-022747c28474	9	135781793	138044505	625	0.1806
77cf9295-680b-433c-98b6-022747c28474	10	366509	3241869	1451	0.156
77cf9295-680b-433c-98b6-022747c28474	10	3242447	42450960	24795	0.1151
77cf9295-680b-433c-98b6-022747c28474	10	42452522	49821233	3454	0.1492
77cf9295-680b-433c-98b6-022747c28474	10	49828460	69285970	11150	0.0834
77cf9295-680b-433c-98b6-022747c28474	10	69286055	72002904	1957	0.1772
77cf9295-680b-433c-98b6-022747c28474	10	72003270	77404846	2998	0.1182
77cf9295-680b-433c-98b6-022747c28474	10	77404974	80806907	2075	0.1753
77cf9295-680b-433c-98b6-022747c28474	10	80806946	83817474	2122	0.0856
77cf9295-680b-433c-98b6-022747c28474	10	83819024	86967573	2148	0.1369
77cf9295-680b-433c-98b6-022747c28474	10	86972295	89777325	1731	0.068
77cf9295-680b-433c-98b6-022747c28474	10	89783913	102316561	7138	-0.6685
77cf9295-680b-433c-98b6-022747c28474	10	102317081	105771820	2067	0.1327
77cf9295-680b-433c-98b6-022747c28474	10	105783863	133411599	18072	-0.6746
77cf9295-680b-433c-98b6-022747c28474	11	456012	3830210	1118	-0.5948
77cf9295-680b-433c-98b6-022747c28474	11	3831916	11519263	5246	-0.6847
77cf9295-680b-433c-98b6-022747c28474	11	11520149	11881455	301	-0.6284
77cf9295-680b-433c-98b6-022747c28474	11	11881582	11881842	2	-4.1587
77cf9295-680b-433c-98b6-022747c28474	11	11885502	20093731	5788	-0.655
77cf9295-680b-433c-98b6-022747c28474	11	20093803	41833297	13817	-0.6906
77cf9295-680b-433c-98b6-022747c28474	11	41843060	80546524	16386	-0.6513
77cf9295-680b-433c-98b6-022747c28474	11	80546925	81941302	923	-0.7236
77cf9295-680b-433c-98b6-022747c28474	11	81941879	81974087	2	-3.1496
77cf9295-680b-433c-98b6-022747c28474	11	81974268	88425471	3859	-0.6922
77cf9295-680b-433c-98b6-022747c28474	11	88426478	88443118	10	-1.4965
77cf9295-680b-433c-98b6-022747c28474	11	88443366	111088556	13825	-0.7048
77cf9295-680b-433c-98b6-022747c28474	11	111089677	134272740	15972	-0.6644
77cf9295-680b-433c-98b6-022747c28474	12	780472	2018586	354	0.1134
77cf9295-680b-433c-98b6-022747c28474	12	2019816	3676957	1082	0.2061
77cf9295-680b-433c-98b6-022747c28474	12	3677549	4715337	769	0.1233
77cf9295-680b-433c-98b6-022747c28474	12	4717206	6105713	1233	0.1804
77cf9295-680b-433c-98b6-022747c28474	12	6109986	6509888	214	0.1302
77cf9295-680b-433c-98b6-022747c28474	12	6510260	16831887	5571	0.1036
77cf9295-680b-433c-98b6-022747c28474	12	16833608	25318506	5253	0.0627
77cf9295-680b-433c-98b6-022747c28474	12	25318546	51778851	12204	0.0961
77cf9295-680b-433c-98b6-022747c28474	12	51781520	52978521	784	0.188
77cf9295-680b-433c-98b6-022747c28474	12	52981050	72494407	11660	0.094
77cf9295-680b-433c-98b6-022747c28474	12	72494609	92971561	12154	0.0672
77cf9295-680b-433c-98b6-022747c28474	12	92971602	105288432	8049	0.1018
77cf9295-680b-433c-98b6-022747c28474	12	105288529	132605822	15015	0.1541
77cf9295-680b-433c-98b6-022747c28474	13	18874255	27224533	4557	-0.6833
77cf9295-680b-433c-98b6-022747c28474	13	27226689	27244981	13	-0.1611
77cf9295-680b-433c-98b6-022747c28474	13	27247325	27290656	35	0.1806
77cf9295-680b-433c-98b6-022747c28474	13	27293364	30140655	2108	-0.6939
77cf9295-680b-433c-98b6-022747c28474	13	30147227	30226428	45	0.1363
77cf9295-680b-433c-98b6-022747c28474	13	30228433	59126543	16648	-0.7052
77cf9295-680b-433c-98b6-022747c28474	13	59129343	59792000	479	0.129
77cf9295-680b-433c-98b6-022747c28474	13	59792749	93785642	19642	0.0691
77cf9295-680b-433c-98b6-022747c28474	13	93787741	100956102	4513	0.1108
77cf9295-680b-433c-98b6-022747c28474	13	100956119	105104119	3302	0.0643
77cf9295-680b-433c-98b6-022747c28474	13	105104217	106133050	297	0.1541
77cf9295-680b-433c-98b6-022747c28474	13	106136083	109848355	2875	0.1068
77cf9295-680b-433c-98b6-022747c28474	13	109849373	114226675	2348	0.1635
77cf9295-680b-433c-98b6-022747c28474	14	20033191	24796755	1926	0.1341
77cf9295-680b-433c-98b6-022747c28474	14	24796899	24814799	26	0.5459
77cf9295-680b-433c-98b6-022747c28474	14	24819442	25078026	216	0.1765
77cf9295-680b-433c-98b6-022747c28474	14	25078264	71718868	26697	0.1039
77cf9295-680b-433c-98b6-022747c28474	14	71721133	79004227	4787	0.1477
77cf9295-680b-433c-98b6-022747c28474	14	79004549	81014740	1304	0.1082
77cf9295-680b-433c-98b6-022747c28474	14	81014988	81015214	2	-0.9554
77cf9295-680b-433c-98b6-022747c28474	14	81018949	82014360	629	0.1121
77cf9295-680b-433c-98b6-022747c28474	14	82014971	86726641	3020	0.0705
77cf9295-680b-433c-98b6-022747c28474	14	86726781	89939229	1868	0.1099
77cf9295-680b-433c-98b6-022747c28474	14	89939658	89940309	3	-0.9958
77cf9295-680b-433c-98b6-022747c28474	14	89943009	93707972	2175	0.1217
77cf9295-680b-433c-98b6-022747c28474	14	93708304	96123023	1970	0.18
77cf9295-680b-433c-98b6-022747c28474	14	96123846	96125697	2	-0.9581
77cf9295-680b-433c-98b6-022747c28474	14	96126554	96268494	130	0.178
77cf9295-680b-433c-98b6-022747c28474	14	96269678	98696309	1823	0.1122
77cf9295-680b-433c-98b6-022747c28474	14	98696715	105533894	3189	0.1753
77cf9295-680b-433c-98b6-022747c28474	15	23437561	33400566	3937	0.0587
77cf9295-680b-433c-98b6-022747c28474	15	33400587	38709342	3482	0.0103
77cf9295-680b-433c-98b6-022747c28474	15	38710024	46883042	4249	0.0433
77cf9295-680b-433c-98b6-022747c28474	15	46883506	47109295	125	0.5143
77cf9295-680b-433c-98b6-022747c28474	15	47114619	47976546	647	0.0575
77cf9295-680b-433c-98b6-022747c28474	15	47976564	59427594	7184	0.023
77cf9295-680b-433c-98b6-022747c28474	15	59431054	59431066	2	-1.4758
77cf9295-680b-433c-98b6-022747c28474	15	59434411	60017243	399	0.0371
77cf9295-680b-433c-98b6-022747c28474	15	60017338	77571364	10509	0.0558
77cf9295-680b-433c-98b6-022747c28474	15	77571378	78004493	198	0.1677
77cf9295-680b-433c-98b6-022747c28474	15	78005137	101344124	14030	0.0498
77cf9295-680b-433c-98b6-022747c28474	16	603333	2317508	440	0.7044
77cf9295-680b-433c-98b6-022747c28474	16	2318012	4782255	1068	0.6151
77cf9295-680b-433c-98b6-022747c28474	16	4787003	8320623	2100	0.673
77cf9295-680b-433c-98b6-022747c28474	16	8343360	8788110	379	0.9744
77cf9295-680b-433c-98b6-022747c28474	16	8788795	23607165	6149	0.6513
77cf9295-680b-433c-98b6-022747c28474	16	23610245	31841585	3894	0.1582
77cf9295-680b-433c-98b6-022747c28474	16	46470502	56974816	6965	-0.64
77cf9295-680b-433c-98b6-022747c28474	16	56978467	57558341	325	0.6421
77cf9295-680b-433c-98b6-022747c28474	16	57559178	57607431	41	1.0434
77cf9295-680b-433c-98b6-022747c28474	16	57613483	59315628	1061	-0.6243
77cf9295-680b-433c-98b6-022747c28474	16	59316370	64842774	3443	-0.7026
77cf9295-680b-433c-98b6-022747c28474	16	64843797	73040113	4094	-0.6311
77cf9295-680b-433c-98b6-022747c28474	16	73043675	73043716	2	-3.064
77cf9295-680b-433c-98b6-022747c28474	16	73045313	86232426	9563	-0.6593
77cf9295-680b-433c-98b6-022747c28474	16	86270638	86962213	769	0.6762
77cf9295-680b-433c-98b6-022747c28474	16	86966284	86969540	13	0.2663
77cf9295-680b-433c-98b6-022747c28474	16	86973376	89317317	799	-0.5945
77cf9295-680b-433c-98b6-022747c28474	17	1074619	19481886	9039	-0.6408
77cf9295-680b-433c-98b6-022747c28474	17	19483500	26949301	678	0.1724
77cf9295-680b-433c-98b6-022747c28474	17	26955079	43091209	7243	-0.6268
77cf9295-680b-433c-98b6-022747c28474	17	43091267	43153395	53	0.0112
77cf9295-680b-433c-98b6-022747c28474	17	43153809	52076788	3691	0.1482
77cf9295-680b-433c-98b6-022747c28474	17	52077542	55744139	2224	0.107
77cf9295-680b-433c-98b6-022747c28474	17	55751949	61395042	3306	0.6142
77cf9295-680b-433c-98b6-022747c28474	17	61404012	71952194	6141	0.12
77cf9295-680b-433c-98b6-022747c28474	17	71954092	82815802	4747	0.1755
77cf9295-680b-433c-98b6-022747c28474	17	82816050	82959812	95	0.0832
77cf9295-680b-433c-98b6-022747c28474	18	326691	79349796	42806	-0.6832
77cf9295-680b-433c-98b6-022747c28474	19	283868	58370362	24149	0.1548
77cf9295-680b-433c-98b6-022747c28474	20	472817	14022877	8731	0.1466
77cf9295-680b-433c-98b6-022747c28474	20	14026542	14427081	200	-0.1211
77cf9295-680b-433c-98b6-022747c28474	20	14427444	16199886	1078	0.1294
77cf9295-680b-433c-98b6-022747c28474	20	16200100	52365810	19785	0.1692
77cf9295-680b-433c-98b6-022747c28474	20	52368397	56442244	3009	0.1365
77cf9295-680b-433c-98b6-022747c28474	20	56444194	61589644	3899	0.2005
77cf9295-680b-433c-98b6-022747c28474	20	61592662	61970102	250	0.2973
77cf9295-680b-433c-98b6-022747c28474	20	61970501	63588502	601	0.2096
77cf9295-680b-433c-98b6-022747c28474	21	13974127	30614968	10740	0.0853
77cf9295-680b-433c-98b6-022747c28474	21	30615194	32370828	1074	0.1616
77cf9295-680b-433c-98b6-022747c28474	21	32370953	38832700	4392	0.132
77cf9295-680b-433c-98b6-022747c28474	21	38832889	42134417	2656	0.1818
77cf9295-680b-433c-98b6-022747c28474	21	42137549	42139672	2	1.472
77cf9295-680b-433c-98b6-022747c28474	21	42139792	46262057	1725	0.1612
77cf9295-680b-433c-98b6-022747c28474	22	16934932	17988131	641	-0.6333
77cf9295-680b-433c-98b6-022747c28474	22	17989086	18032719	29	0.1165
77cf9295-680b-433c-98b6-022747c28474	22	18033553	23899579	386	-0.6062
77cf9295-680b-433c-98b6-022747c28474	22	24015674	24643225	247	0.6235
77cf9295-680b-433c-98b6-022747c28474	22	24663622	25005515	217	0.18
77cf9295-680b-433c-98b6-022747c28474	22	25005981	25245058	195	1.0184
77cf9295-680b-433c-98b6-022747c28474	22	25245198	27560444	1947	0.6713
77cf9295-680b-433c-98b6-022747c28474	22	27560595	28147084	391	1.0198
77cf9295-680b-433c-98b6-022747c28474	22	28152233	28222015	31	0.6906
77cf9295-680b-433c-98b6-022747c28474	22	28224553	48940621	12930	-0.6265
77cf9295-680b-433c-98b6-022747c28474	X	3236359	39199490	16067	-0.0142
77cf9295-680b-433c-98b6-022747c28474	X	39200503	66198051	8964	0.0266
77cf9295-680b-433c-98b6-022747c28474	X	66198947	66200767	3	-1.9354
77cf9295-680b-433c-98b6-022747c28474	X	66204446	76347586	3657	0.0362
77cf9295-680b-433c-98b6-022747c28474	X	76347867	98640307	8927	-0.0321
77cf9295-680b-433c-98b6-022747c28474	X	98641518	155677414	26139	0.0025
