GDC_Aliquot	Chromosome	Start	End	Num_Probes	Segment_Mean
a9266ff7-8563-45b1-914f-0855ecb4cddd	1	3301765	149910462	68003	-0.065
a9266ff7-8563-45b1-914f-0855ecb4cddd	1	149913375	247650984	61498	0.1027
a9266ff7-8563-45b1-914f-0855ecb4cddd	2	480597	34039318	20487	-0.0424
a9266ff7-8563-45b1-914f-0855ecb4cddd	2	34047201	34047512	2	-2.7896
a9266ff7-8563-45b1-914f-0855ecb4cddd	2	34047530	179623069	76222	-0.0418
a9266ff7-8563-45b1-914f-0855ecb4cddd	2	179623100	179625995	3	-2.6425
a9266ff7-8563-45b1-914f-0855ecb4cddd	2	179627676	241537572	35155	-0.0382
a9266ff7-8563-45b1-914f-0855ecb4cddd	3	2170634	119919067	65843	-0.0372
a9266ff7-8563-45b1-914f-0855ecb4cddd	3	119919390	120299367	200	0.2349
a9266ff7-8563-45b1-914f-0855ecb4cddd	3	120301642	197812401	40900	-0.0409
a9266ff7-8563-45b1-914f-0855ecb4cddd	4	1059384	187842528	103182	-0.0322
a9266ff7-8563-45b1-914f-0855ecb4cddd	5	914118	160362085	88515	0.2992
a9266ff7-8563-45b1-914f-0855ecb4cddd	5	160362314	162293367	1228	-0.0428
a9266ff7-8563-45b1-914f-0855ecb4cddd	5	162294238	162613635	213	0.336
a9266ff7-8563-45b1-914f-0855ecb4cddd	5	162616844	170391565	5253	-0.0499
a9266ff7-8563-45b1-914f-0855ecb4cddd	5	170394396	180934240	5737	0.3015
a9266ff7-8563-45b1-914f-0855ecb4cddd	6	1011760	6790632	4243	-0.4933
a9266ff7-8563-45b1-914f-0855ecb4cddd	6	6793469	7138973	292	0.8529
a9266ff7-8563-45b1-914f-0855ecb4cddd	6	7142842	9660021	1758	0.6007
a9266ff7-8563-45b1-914f-0855ecb4cddd	6	9660913	9835996	130	0.8683
a9266ff7-8563-45b1-914f-0855ecb4cddd	6	9837640	10437642	438	0.626
a9266ff7-8563-45b1-914f-0855ecb4cddd	6	10438064	12349505	1282	0.3324
a9266ff7-8563-45b1-914f-0855ecb4cddd	6	12350179	13716491	1045	0.6217
a9266ff7-8563-45b1-914f-0855ecb4cddd	6	13716535	14046895	197	0.3133
a9266ff7-8563-45b1-914f-0855ecb4cddd	6	14049041	19038361	3375	-0.0173
a9266ff7-8563-45b1-914f-0855ecb4cddd	6	19038395	19261531	132	0.344
a9266ff7-8563-45b1-914f-0855ecb4cddd	6	19261864	21974520	1836	-0.0145
a9266ff7-8563-45b1-914f-0855ecb4cddd	6	21977190	22647575	622	0.3316
a9266ff7-8563-45b1-914f-0855ecb4cddd	6	22649929	23209994	402	-0.0347
a9266ff7-8563-45b1-914f-0855ecb4cddd	6	23210005	24460479	868	0.3434
a9266ff7-8563-45b1-914f-0855ecb4cddd	6	24461199	26261790	1019	0.5955
a9266ff7-8563-45b1-914f-0855ecb4cddd	6	26264494	27019162	209	0.8368
a9266ff7-8563-45b1-914f-0855ecb4cddd	6	27019229	27742386	183	1.0463
a9266ff7-8563-45b1-914f-0855ecb4cddd	6	27742470	28065745	159	0.6129
a9266ff7-8563-45b1-914f-0855ecb4cddd	6	28071528	29800928	697	0.3672
a9266ff7-8563-45b1-914f-0855ecb4cddd	6	29836041	31176123	437	0.0401
a9266ff7-8563-45b1-914f-0855ecb4cddd	6	31178143	36581207	1897	0.3336
a9266ff7-8563-45b1-914f-0855ecb4cddd	6	36588239	37065153	352	0.6219
a9266ff7-8563-45b1-914f-0855ecb4cddd	6	37066076	37977218	558	0.3313
a9266ff7-8563-45b1-914f-0855ecb4cddd	6	37979871	61530738	11947	-0.0166
a9266ff7-8563-45b1-914f-0855ecb4cddd	6	61596503	124454559	34772	-0.4561
a9266ff7-8563-45b1-914f-0855ecb4cddd	6	124455270	170596889	27989	-0.0117
a9266ff7-8563-45b1-914f-0855ecb4cddd	7	664936	57876479	33538	0.3148
a9266ff7-8563-45b1-914f-0855ecb4cddd	7	63672748	69880542	2517	-0.4592
a9266ff7-8563-45b1-914f-0855ecb4cddd	7	69881589	70018520	74	-1.0762
a9266ff7-8563-45b1-914f-0855ecb4cddd	7	70018581	72889156	1485	-0.4813
a9266ff7-8563-45b1-914f-0855ecb4cddd	7	72897281	75067998	524	0.2596
a9266ff7-8563-45b1-914f-0855ecb4cddd	7	75115775	77985146	877	-0.0317
a9266ff7-8563-45b1-914f-0855ecb4cddd	7	77993234	79159758	930	0.29
a9266ff7-8563-45b1-914f-0855ecb4cddd	7	79160386	80139662	529	-0.0357
a9266ff7-8563-45b1-914f-0855ecb4cddd	7	80141120	83785271	2331	-0.4591
a9266ff7-8563-45b1-914f-0855ecb4cddd	7	83786626	86687209	1517	-0.0383
a9266ff7-8563-45b1-914f-0855ecb4cddd	7	86687663	88187203	787	0.2625
a9266ff7-8563-45b1-914f-0855ecb4cddd	7	88191552	88255095	32	-0.0066
a9266ff7-8563-45b1-914f-0855ecb4cddd	7	88258230	88517017	169	0.3214
a9266ff7-8563-45b1-914f-0855ecb4cddd	7	90266400	93362759	1904	-0.0622
a9266ff7-8563-45b1-914f-0855ecb4cddd	7	93363173	98816033	3145	-0.4622
a9266ff7-8563-45b1-914f-0855ecb4cddd	7	99033743	101190660	827	0.5886
a9266ff7-8563-45b1-914f-0855ecb4cddd	7	101200312	107334577	3252	-0.4615
a9266ff7-8563-45b1-914f-0855ecb4cddd	7	107338846	107350945	8	0.4941
a9266ff7-8563-45b1-914f-0855ecb4cddd	7	107363637	107374153	8	-0.5347
a9266ff7-8563-45b1-914f-0855ecb4cddd	7	107381747	108618349	641	0.5671
a9266ff7-8563-45b1-914f-0855ecb4cddd	7	108623722	143507648	18847	-0.4571
a9266ff7-8563-45b1-914f-0855ecb4cddd	7	143923163	145523059	874	0.5955
a9266ff7-8563-45b1-914f-0855ecb4cddd	7	145523475	154712742	4572	-0.4723
a9266ff7-8563-45b1-914f-0855ecb4cddd	7	154715590	155390561	538	0.5697
a9266ff7-8563-45b1-914f-0855ecb4cddd	7	155391137	155916659	375	0.7789
a9266ff7-8563-45b1-914f-0855ecb4cddd	7	155917433	156218923	200	-0.0067
a9266ff7-8563-45b1-914f-0855ecb4cddd	7	156219536	156392054	137	0.5697
a9266ff7-8563-45b1-914f-0855ecb4cddd	7	156395207	156652015	169	0.2803
a9266ff7-8563-45b1-914f-0855ecb4cddd	7	156658120	157138352	226	0.6128
a9266ff7-8563-45b1-914f-0855ecb4cddd	7	157141577	157828377	415	0.8348
a9266ff7-8563-45b1-914f-0855ecb4cddd	7	157845270	158592540	266	-0.5001
a9266ff7-8563-45b1-914f-0855ecb4cddd	8	667625	21167604	11824	0.3086
a9266ff7-8563-45b1-914f-0855ecb4cddd	8	21168167	21170431	6	-0.8691
a9266ff7-8563-45b1-914f-0855ecb4cddd	8	21170789	144182542	70293	0.3111
a9266ff7-8563-45b1-914f-0855ecb4cddd	9	789794	18443062	10939	-0.058
a9266ff7-8563-45b1-914f-0855ecb4cddd	9	18444713	18614151	143	0.225
a9266ff7-8563-45b1-914f-0855ecb4cddd	9	18614353	138044505	57259	-0.0512
a9266ff7-8563-45b1-914f-0855ecb4cddd	10	366509	133411599	81128	-0.029
a9266ff7-8563-45b1-914f-0855ecb4cddd	11	456012	29594211	18717	-0.022
a9266ff7-8563-45b1-914f-0855ecb4cddd	11	29595611	29596210	2	-2.1045
a9266ff7-8563-45b1-914f-0855ecb4cddd	11	29596439	85054514	26699	-0.0202
a9266ff7-8563-45b1-914f-0855ecb4cddd	11	85054827	85080090	2	-2.5612
a9266ff7-8563-45b1-914f-0855ecb4cddd	11	85083785	134272740	32004	-0.031
a9266ff7-8563-45b1-914f-0855ecb4cddd	12	780472	79611503	43320	-0.0218
a9266ff7-8563-45b1-914f-0855ecb4cddd	12	79612324	80356254	415	0.2071
a9266ff7-8563-45b1-914f-0855ecb4cddd	12	80361187	132605822	30436	-0.0225
a9266ff7-8563-45b1-914f-0855ecb4cddd	13	18874255	22670541	1928	-0.4583
a9266ff7-8563-45b1-914f-0855ecb4cddd	13	22674769	23246906	313	0.5936
a9266ff7-8563-45b1-914f-0855ecb4cddd	13	23249749	23456954	148	0.0185
a9266ff7-8563-45b1-914f-0855ecb4cddd	13	23461797	23496486	32	0.3524
a9266ff7-8563-45b1-914f-0855ecb4cddd	13	23496931	33019132	6226	-0.0147
a9266ff7-8563-45b1-914f-0855ecb4cddd	13	33025060	33727607	469	-0.4847
a9266ff7-8563-45b1-914f-0855ecb4cddd	13	33728040	35816750	1377	-0.0643
a9266ff7-8563-45b1-914f-0855ecb4cddd	13	35823724	37938395	1489	-0.4811
a9266ff7-8563-45b1-914f-0855ecb4cddd	13	37940201	37942644	5	-2.3863
a9266ff7-8563-45b1-914f-0855ecb4cddd	13	37942905	56091981	10083	-0.4611
a9266ff7-8563-45b1-914f-0855ecb4cddd	13	56092455	80987940	13959	-0.0405
a9266ff7-8563-45b1-914f-0855ecb4cddd	13	80988789	97796376	9894	-0.4461
a9266ff7-8563-45b1-914f-0855ecb4cddd	13	97796441	97797135	2	-2.87
a9266ff7-8563-45b1-914f-0855ecb4cddd	13	97797156	105128737	5345	-0.4747
a9266ff7-8563-45b1-914f-0855ecb4cddd	13	105778335	106145017	290	-0.0481
a9266ff7-8563-45b1-914f-0855ecb4cddd	13	106145270	106732887	450	-0.513
a9266ff7-8563-45b1-914f-0855ecb4cddd	13	106738750	107367064	450	-0.0315
a9266ff7-8563-45b1-914f-0855ecb4cddd	13	107370037	107372448	2	-1.5357
a9266ff7-8563-45b1-914f-0855ecb4cddd	13	107372700	114226675	4300	-0.0505
a9266ff7-8563-45b1-914f-0855ecb4cddd	14	20033191	105533894	49710	0.2649
a9266ff7-8563-45b1-914f-0855ecb4cddd	15	23437561	101344124	44686	-0.1332
a9266ff7-8563-45b1-914f-0855ecb4cddd	16	603333	31841585	14024	0.3309
a9266ff7-8563-45b1-914f-0855ecb4cddd	16	46470502	74974546	17152	-0.4443
a9266ff7-8563-45b1-914f-0855ecb4cddd	16	74978559	74980262	2	-3.7308
a9266ff7-8563-45b1-914f-0855ecb4cddd	16	74984530	89317317	9898	-0.4791
a9266ff7-8563-45b1-914f-0855ecb4cddd	17	1074619	9369620	4150	-0.4475
a9266ff7-8563-45b1-914f-0855ecb4cddd	17	9371480	9374443	3	1.0177
a9266ff7-8563-45b1-914f-0855ecb4cddd	17	9375130	10733813	858	-0.4626
a9266ff7-8563-45b1-914f-0855ecb4cddd	17	10735531	12054639	992	-0.0401
a9266ff7-8563-45b1-914f-0855ecb4cddd	17	12055184	12762697	499	-0.4649
a9266ff7-8563-45b1-914f-0855ecb4cddd	17	12765251	14231324	1031	-0.0603
a9266ff7-8563-45b1-914f-0855ecb4cddd	17	15654216	17028199	503	0.5924
a9266ff7-8563-45b1-914f-0855ecb4cddd	17	17030669	17438040	264	0.3229
a9266ff7-8563-45b1-914f-0855ecb4cddd	17	17438272	17743462	163	-0.4187
a9266ff7-8563-45b1-914f-0855ecb4cddd	17	17744082	17786776	25	0.2126
a9266ff7-8563-45b1-914f-0855ecb4cddd	17	17801230	21399695	1224	-0.4078
a9266ff7-8563-45b1-914f-0855ecb4cddd	17	21774057	29207547	1039	-0.011
a9266ff7-8563-45b1-914f-0855ecb4cddd	17	29209356	35188145	2676	-0.4287
a9266ff7-8563-45b1-914f-0855ecb4cddd	17	35197079	41993593	3035	-0.0021
a9266ff7-8563-45b1-914f-0855ecb4cddd	17	41998172	46966942	1694	-0.4065
a9266ff7-8563-45b1-914f-0855ecb4cddd	17	46967060	82959812	19069	0.0046
a9266ff7-8563-45b1-914f-0855ecb4cddd	18	326691	79349796	42828	-0.0461
a9266ff7-8563-45b1-914f-0855ecb4cddd	19	283868	48572202	20166	-0.044
a9266ff7-8563-45b1-914f-0855ecb4cddd	19	48572658	48949205	96	0.1816
a9266ff7-8563-45b1-914f-0855ecb4cddd	19	48951692	58370362	3859	-0.0381
a9266ff7-8563-45b1-914f-0855ecb4cddd	20	472817	53050295	30233	0.2918
a9266ff7-8563-45b1-914f-0855ecb4cddd	20	53052873	54130130	767	0.7728
a9266ff7-8563-45b1-914f-0855ecb4cddd	20	54130897	56541941	1832	0.293
a9266ff7-8563-45b1-914f-0855ecb4cddd	20	56558355	57457686	668	0.5842
a9266ff7-8563-45b1-914f-0855ecb4cddd	20	57461183	58644400	940	0.7851
a9266ff7-8563-45b1-914f-0855ecb4cddd	20	58645751	59663556	697	0.5768
a9266ff7-8563-45b1-914f-0855ecb4cddd	20	59664810	63588502	2386	0.7847
a9266ff7-8563-45b1-914f-0855ecb4cddd	21	13974127	46262057	20543	-0.0405
a9266ff7-8563-45b1-914f-0855ecb4cddd	22	16934932	23548649	923	-0.4629
a9266ff7-8563-45b1-914f-0855ecb4cddd	22	23553602	25245198	795	-0.0363
a9266ff7-8563-45b1-914f-0855ecb4cddd	22	25608728	26312505	676	-0.4632
a9266ff7-8563-45b1-914f-0855ecb4cddd	22	26312556	26871042	488	-0.0412
a9266ff7-8563-45b1-914f-0855ecb4cddd	22	26875382	27493180	714	0.2964
a9266ff7-8563-45b1-914f-0855ecb4cddd	22	27498779	28299046	541	0.9775
a9266ff7-8563-45b1-914f-0855ecb4cddd	22	28308902	29336949	551	-0.4552
a9266ff7-8563-45b1-914f-0855ecb4cddd	22	29337654	29559918	150	0.9784
a9266ff7-8563-45b1-914f-0855ecb4cddd	22	29560896	48940621	12197	-0.4558
a9266ff7-8563-45b1-914f-0855ecb4cddd	X	3236359	155677414	63855	-0.0003
