GDC_Aliquot	Chromosome	Start	End	Num_Probes	Segment_Mean
b567c843-1143-4bbf-842d-42ece6a80242	1	3301765	46754151	23287	-0.0465
b567c843-1143-4bbf-842d-42ece6a80242	1	46754387	50588335	2125	-0.089
b567c843-1143-4bbf-842d-42ece6a80242	1	50588650	55290378	2462	-0.051
b567c843-1143-4bbf-842d-42ece6a80242	1	55290849	60889725	4222	-0.0907
b567c843-1143-4bbf-842d-42ece6a80242	1	60890295	60890385	2	-1.8929
b567c843-1143-4bbf-842d-42ece6a80242	1	60893723	108961034	29123	-0.0838
b567c843-1143-4bbf-842d-42ece6a80242	1	108962041	117112236	5169	-0.0614
b567c843-1143-4bbf-842d-42ece6a80242	1	117113466	119984772	1693	0.2905
b567c843-1143-4bbf-842d-42ece6a80242	1	146716041	154335486	2056	0.7969
b567c843-1143-4bbf-842d-42ece6a80242	1	154336165	155348517	534	0.8663
b567c843-1143-4bbf-842d-42ece6a80242	1	155349209	158544421	1796	0.7993
b567c843-1143-4bbf-842d-42ece6a80242	1	158544436	158545233	10	0.263
b567c843-1143-4bbf-842d-42ece6a80242	1	158545295	227616411	44281	0.7918
b567c843-1143-4bbf-842d-42ece6a80242	1	227617044	228247099	298	0.9426
b567c843-1143-4bbf-842d-42ece6a80242	1	228247328	229673660	736	0.7822
b567c843-1143-4bbf-842d-42ece6a80242	1	229684738	229685207	3	-0.1524
b567c843-1143-4bbf-842d-42ece6a80242	1	229685255	236186082	4506	0.8028
b567c843-1143-4bbf-842d-42ece6a80242	1	236197455	247650984	7342	0.7745
b567c843-1143-4bbf-842d-42ece6a80242	2	480597	7614286	4312	-0.0699
b567c843-1143-4bbf-842d-42ece6a80242	2	7614327	12027949	3015	-0.032
b567c843-1143-4bbf-842d-42ece6a80242	2	12032521	169312699	83205	-0.0617
b567c843-1143-4bbf-842d-42ece6a80242	2	169316654	169530168	122	0.3505
b567c843-1143-4bbf-842d-42ece6a80242	2	169530773	174590624	3208	-0.0438
b567c843-1143-4bbf-842d-42ece6a80242	2	174593661	229710778	31495	-0.0634
b567c843-1143-4bbf-842d-42ece6a80242	2	229712080	241537572	6753	-0.0394
b567c843-1143-4bbf-842d-42ece6a80242	3	2170634	44882966	25449	-0.0071
b567c843-1143-4bbf-842d-42ece6a80242	3	44885118	53275437	3844	0.0286
b567c843-1143-4bbf-842d-42ece6a80242	3	53275657	197812401	77811	-0.0143
b567c843-1143-4bbf-842d-42ece6a80242	4	1059384	44767851	26669	-0.0133
b567c843-1143-4bbf-842d-42ece6a80242	4	44768205	44772998	5	-1.1299
b567c843-1143-4bbf-842d-42ece6a80242	4	44773429	124538250	42820	-0.0144
b567c843-1143-4bbf-842d-42ece6a80242	4	124539196	124541780	3	-1.3992
b567c843-1143-4bbf-842d-42ece6a80242	4	124541870	177958725	29295	-0.0162
b567c843-1143-4bbf-842d-42ece6a80242	4	177960342	177961009	6	-1.2545
b567c843-1143-4bbf-842d-42ece6a80242	4	177961127	180049352	914	-0.013
b567c843-1143-4bbf-842d-42ece6a80242	4	180050541	180052971	3	-1.1892
b567c843-1143-4bbf-842d-42ece6a80242	4	180053339	187842528	3704	-0.0211
b567c843-1143-4bbf-842d-42ece6a80242	5	913983	40778608	23810	0.3388
b567c843-1143-4bbf-842d-42ece6a80242	5	40780537	40783805	3	-0.785
b567c843-1143-4bbf-842d-42ece6a80242	5	40787944	45383300	2296	0.3378
b567c843-1143-4bbf-842d-42ece6a80242	5	50828231	109296648	31289	-0.0242
b567c843-1143-4bbf-842d-42ece6a80242	5	109301026	115567110	4085	0.3519
b567c843-1143-4bbf-842d-42ece6a80242	5	115570816	122376120	3840	-0.0356
b567c843-1143-4bbf-842d-42ece6a80242	5	122377406	180934240	35712	0.3594
b567c843-1143-4bbf-842d-42ece6a80242	6	1011760	25391901	17253	-0.5837
b567c843-1143-4bbf-842d-42ece6a80242	6	25392290	37545477	4601	-0.5274
b567c843-1143-4bbf-842d-42ece6a80242	6	37546722	40670123	2326	-0.5798
b567c843-1143-4bbf-842d-42ece6a80242	6	40672556	40673894	5	-1.4313
b567c843-1143-4bbf-842d-42ece6a80242	6	40674234	41093854	304	-0.599
b567c843-1143-4bbf-842d-42ece6a80242	6	41095101	46879937	3250	-0.5313
b567c843-1143-4bbf-842d-42ece6a80242	6	46881320	71544419	11744	-0.5672
b567c843-1143-4bbf-842d-42ece6a80242	6	71544599	71566964	4	-1.7061
b567c843-1143-4bbf-842d-42ece6a80242	6	71567348	72749403	755	-0.57
b567c843-1143-4bbf-842d-42ece6a80242	6	72749667	72749904	2	-2.6585
b567c843-1143-4bbf-842d-42ece6a80242	6	72750039	170596889	56762	-0.567
b567c843-1143-4bbf-842d-42ece6a80242	7	664936	1741977	243	0.3828
b567c843-1143-4bbf-842d-42ece6a80242	7	1757846	3039970	547	0.4446
b567c843-1143-4bbf-842d-42ece6a80242	7	3040259	35967902	19344	0.37
b567c843-1143-4bbf-842d-42ece6a80242	7	35969958	37507979	1197	0.411
b567c843-1143-4bbf-842d-42ece6a80242	7	37508128	67605680	13324	0.3577
b567c843-1143-4bbf-842d-42ece6a80242	7	67607546	71695709	2529	0.6139
b567c843-1143-4bbf-842d-42ece6a80242	7	71697062	71752151	25	0.4609
b567c843-1143-4bbf-842d-42ece6a80242	7	71754096	72454756	396	0.3346
b567c843-1143-4bbf-842d-42ece6a80242	7	72457559	72853922	45	0.5355
b567c843-1143-4bbf-842d-42ece6a80242	7	72854426	73351571	36	-0.0064
b567c843-1143-4bbf-842d-42ece6a80242	7	73355394	75961490	712	0.6428
b567c843-1143-4bbf-842d-42ece6a80242	7	75962111	76026671	29	0.9728
b567c843-1143-4bbf-842d-42ece6a80242	7	76027788	78759945	1279	-0.0121
b567c843-1143-4bbf-842d-42ece6a80242	7	78761222	78933111	119	0.8259
b567c843-1143-4bbf-842d-42ece6a80242	7	78940833	78962688	23	-0.0285
b567c843-1143-4bbf-842d-42ece6a80242	7	78964751	78985746	13	0.6784
b567c843-1143-4bbf-842d-42ece6a80242	7	78986104	108739693	15387	-0.0132
b567c843-1143-4bbf-842d-42ece6a80242	7	108739887	110013161	747	0.3725
b567c843-1143-4bbf-842d-42ece6a80242	7	110014156	123321416	6961	-0.0231
b567c843-1143-4bbf-842d-42ece6a80242	7	123323136	123352883	15	-0.8289
b567c843-1143-4bbf-842d-42ece6a80242	7	123355750	148923300	14064	-0.0116
b567c843-1143-4bbf-842d-42ece6a80242	7	148931270	151946958	1377	0.0328
b567c843-1143-4bbf-842d-42ece6a80242	7	151947078	158592540	3467	-0.0142
b567c843-1143-4bbf-842d-42ece6a80242	8	667625	943453	163	0.6115
b567c843-1143-4bbf-842d-42ece6a80242	8	980235	1265166	10	-0.0601
b567c843-1143-4bbf-842d-42ece6a80242	8	1265445	1268596	3	-0.9204
b567c843-1143-4bbf-842d-42ece6a80242	8	1270024	1452055	113	0.008
b567c843-1143-4bbf-842d-42ece6a80242	8	1458635	1843519	271	0.6442
b567c843-1143-4bbf-842d-42ece6a80242	8	1844694	1971482	98	0.8729
b567c843-1143-4bbf-842d-42ece6a80242	8	1972160	2026336	36	0.6027
b567c843-1143-4bbf-842d-42ece6a80242	8	2029164	2157903	75	0.8792
b567c843-1143-4bbf-842d-42ece6a80242	8	2161451	4616891	1330	-0.0393
b567c843-1143-4bbf-842d-42ece6a80242	8	4628763	30902809	16097	-0.0096
b567c843-1143-4bbf-842d-42ece6a80242	8	30904102	35924760	2992	-0.0346
b567c843-1143-4bbf-842d-42ece6a80242	8	35926798	37189552	597	0.8201
b567c843-1143-4bbf-842d-42ece6a80242	8	37189638	37189709	2	-0.3746
b567c843-1143-4bbf-842d-42ece6a80242	8	37190115	40216666	1503	0.8254
b567c843-1143-4bbf-842d-42ece6a80242	8	40218229	41698436	997	1.1396
b567c843-1143-4bbf-842d-42ece6a80242	8	41701380	42249587	322	1.3257
b567c843-1143-4bbf-842d-42ece6a80242	8	42252667	42296047	46	0.8519
b567c843-1143-4bbf-842d-42ece6a80242	8	42296063	42298312	5	0.1919
b567c843-1143-4bbf-842d-42ece6a80242	8	42298469	42515173	174	1.0477
b567c843-1143-4bbf-842d-42ece6a80242	8	42516255	43080575	240	1.2804
b567c843-1143-4bbf-842d-42ece6a80242	8	46547532	70040504	13459	1.0117
b567c843-1143-4bbf-842d-42ece6a80242	8	70041692	70048989	9	0.1755
b567c843-1143-4bbf-842d-42ece6a80242	8	70048999	144182542	43646	1.0019
b567c843-1143-4bbf-842d-42ece6a80242	9	789794	31010692	18737	-0.0735
b567c843-1143-4bbf-842d-42ece6a80242	9	31012417	115366238	36408	-0.058
b567c843-1143-4bbf-842d-42ece6a80242	9	115367325	120708967	4006	-0.0879
b567c843-1143-4bbf-842d-42ece6a80242	9	120709055	131662970	6326	-0.0223
b567c843-1143-4bbf-842d-42ece6a80242	9	131662999	131663019	2	-1.3023
b567c843-1143-4bbf-842d-42ece6a80242	9	131663502	138044505	2949	-0.0087
b567c843-1143-4bbf-842d-42ece6a80242	10	366509	5596333	3394	-0.0123
b567c843-1143-4bbf-842d-42ece6a80242	10	5678461	5694468	16	0.4884
b567c843-1143-4bbf-842d-42ece6a80242	10	5695800	19632341	10601	-0.0106
b567c843-1143-4bbf-842d-42ece6a80242	10	19636172	19696076	52	0.3281
b567c843-1143-4bbf-842d-42ece6a80242	10	19697986	22200693	1639	-0.019
b567c843-1143-4bbf-842d-42ece6a80242	10	22200898	22226913	12	0.406
b567c843-1143-4bbf-842d-42ece6a80242	10	22244615	22992705	459	0.0076
b567c843-1143-4bbf-842d-42ece6a80242	10	22993241	22994300	3	-0.8262
b567c843-1143-4bbf-842d-42ece6a80242	10	22997537	23066353	44	-0.0626
b567c843-1143-4bbf-842d-42ece6a80242	10	23069148	23111063	32	0.3667
b567c843-1143-4bbf-842d-42ece6a80242	10	23113703	26111231	1989	-0.0424
b567c843-1143-4bbf-842d-42ece6a80242	10	26112662	26150675	24	0.4112
b567c843-1143-4bbf-842d-42ece6a80242	10	26164239	62144456	18661	-0.013
b567c843-1143-4bbf-842d-42ece6a80242	10	62145165	67504839	2953	-0.5769
b567c843-1143-4bbf-842d-42ece6a80242	10	67505081	75888292	4712	-0.5354
b567c843-1143-4bbf-842d-42ece6a80242	10	75888731	82328877	4325	-0.5766
b567c843-1143-4bbf-842d-42ece6a80242	10	82329034	82341381	16	-0.0381
b567c843-1143-4bbf-842d-42ece6a80242	10	82350824	87857400	3501	-0.5844
b567c843-1143-4bbf-842d-42ece6a80242	10	87857644	87970890	189	-0.3955
b567c843-1143-4bbf-842d-42ece6a80242	10	87975840	89668436	1171	-0.5589
b567c843-1143-4bbf-842d-42ece6a80242	10	89668464	89668647	2	-2.7179
b567c843-1143-4bbf-842d-42ece6a80242	10	89669514	109852819	11926	-0.5707
b567c843-1143-4bbf-842d-42ece6a80242	10	109852908	109854535	3	-2.2427
b567c843-1143-4bbf-842d-42ece6a80242	10	109858224	120075053	6947	-0.5786
b567c843-1143-4bbf-842d-42ece6a80242	10	120075150	120101018	22	-0.0982
b567c843-1143-4bbf-842d-42ece6a80242	10	120102691	121557671	1396	-0.5933
b567c843-1143-4bbf-842d-42ece6a80242	10	121560810	121564448	10	0.0864
b567c843-1143-4bbf-842d-42ece6a80242	10	121566024	133203815	7043	-0.5827
b567c843-1143-4bbf-842d-42ece6a80242	10	133242960	133411599	59	-0.0207
b567c843-1143-4bbf-842d-42ece6a80242	11	456012	12550338	7286	0.0019
b567c843-1143-4bbf-842d-42ece6a80242	11	12559484	43861214	20389	-0.0256
b567c843-1143-4bbf-842d-42ece6a80242	11	43861344	48091938	2373	0.007
b567c843-1143-4bbf-842d-42ece6a80242	11	48093537	60355384	2950	-0.0322
b567c843-1143-4bbf-842d-42ece6a80242	11	60359925	76825038	7346	0.0176
b567c843-1143-4bbf-842d-42ece6a80242	11	76825866	99288276	13835	-0.0207
b567c843-1143-4bbf-842d-42ece6a80242	11	99288488	99293712	3	-0.9652
b567c843-1143-4bbf-842d-42ece6a80242	11	99299577	101089486	1408	-0.0291
b567c843-1143-4bbf-842d-42ece6a80242	11	101090280	101091096	2	0.9007
b567c843-1143-4bbf-842d-42ece6a80242	11	101092142	103294140	1344	-0.0251
b567c843-1143-4bbf-842d-42ece6a80242	11	103296463	103296959	2	-1.587
b567c843-1143-4bbf-842d-42ece6a80242	11	103297513	134272740	20593	-0.0115
b567c843-1143-4bbf-842d-42ece6a80242	12	780472	45688868	23494	0.0045
b567c843-1143-4bbf-842d-42ece6a80242	12	45689934	57262922	6065	0.0295
b567c843-1143-4bbf-842d-42ece6a80242	12	57263779	89096890	19210	-0.0036
b567c843-1143-4bbf-842d-42ece6a80242	12	89097084	112230755	14449	0.0108
b567c843-1143-4bbf-842d-42ece6a80242	12	112236196	120333758	5307	-0.0115
b567c843-1143-4bbf-842d-42ece6a80242	12	120335247	124978264	2248	0.0498
b567c843-1143-4bbf-842d-42ece6a80242	12	124982441	132605822	3514	-0.0049
b567c843-1143-4bbf-842d-42ece6a80242	13	18874255	37339184	11544	-0.5911
b567c843-1143-4bbf-842d-42ece6a80242	13	37340343	37340963	2	-2.15
b567c843-1143-4bbf-842d-42ece6a80242	13	37340981	38393431	735	-0.6099
b567c843-1143-4bbf-842d-42ece6a80242	13	38399401	38401755	2	-1.9979
b567c843-1143-4bbf-842d-42ece6a80242	13	38401773	44408024	3955	-0.59
b567c843-1143-4bbf-842d-42ece6a80242	13	44410725	52732829	4180	-0.5509
b567c843-1143-4bbf-842d-42ece6a80242	13	52733227	63681260	5585	-0.5826
b567c843-1143-4bbf-842d-42ece6a80242	13	64372045	67805121	1717	0.3532
b567c843-1143-4bbf-842d-42ece6a80242	13	67809275	68527861	287	-0.6067
b567c843-1143-4bbf-842d-42ece6a80242	13	68529596	69426849	610	0.3553
b567c843-1143-4bbf-842d-42ece6a80242	13	69429352	70443026	556	-0.5825
b567c843-1143-4bbf-842d-42ece6a80242	13	70446970	71704447	722	0.3795
b567c843-1143-4bbf-842d-42ece6a80242	13	71706134	72190379	345	-0.5784
b567c843-1143-4bbf-842d-42ece6a80242	13	72190939	72763783	395	0.3536
b567c843-1143-4bbf-842d-42ece6a80242	13	72767566	83145624	6690	-0.5846
b567c843-1143-4bbf-842d-42ece6a80242	13	83151173	83151203	2	-2.2449
b567c843-1143-4bbf-842d-42ece6a80242	13	83157838	114226675	19566	-0.5938
b567c843-1143-4bbf-842d-42ece6a80242	14	20033191	24823263	1956	0.0558
b567c843-1143-4bbf-842d-42ece6a80242	14	24825003	49890837	13406	0.0209
b567c843-1143-4bbf-842d-42ece6a80242	14	49904454	51106799	732	0.0668
b567c843-1143-4bbf-842d-42ece6a80242	14	51108547	51668074	445	0.4327
b567c843-1143-4bbf-842d-42ece6a80242	14	51673111	53514004	1212	0.0423
b567c843-1143-4bbf-842d-42ece6a80242	14	53519000	53741331	149	0.3805
b567c843-1143-4bbf-842d-42ece6a80242	14	53743125	54260517	373	0.03
b567c843-1143-4bbf-842d-42ece6a80242	14	54274562	54733130	327	0.3919
b567c843-1143-4bbf-842d-42ece6a80242	14	54733196	54967240	146	0.0234
b567c843-1143-4bbf-842d-42ece6a80242	14	54968074	55873273	471	0.3882
b567c843-1143-4bbf-842d-42ece6a80242	14	55874271	56967581	892	0.0239
b567c843-1143-4bbf-842d-42ece6a80242	14	56968100	57338290	235	0.3957
b567c843-1143-4bbf-842d-42ece6a80242	14	57347605	57431060	46	0.0006
b567c843-1143-4bbf-842d-42ece6a80242	14	57432710	57700342	173	0.3478
b567c843-1143-4bbf-842d-42ece6a80242	14	57705974	63514806	3547	-0.5328
b567c843-1143-4bbf-842d-42ece6a80242	14	63515200	69841075	3595	-0.4806
b567c843-1143-4bbf-842d-42ece6a80242	14	69841320	77965620	5099	-0.5096
b567c843-1143-4bbf-842d-42ece6a80242	14	77969814	88313533	6764	-0.5396
b567c843-1143-4bbf-842d-42ece6a80242	14	88314594	94642050	3827	-0.5051
b567c843-1143-4bbf-842d-42ece6a80242	14	94642460	94642484	2	-2.0659
b567c843-1143-4bbf-842d-42ece6a80242	14	94642815	103886034	5884	-0.5103
b567c843-1143-4bbf-842d-42ece6a80242	14	103890845	103892784	2	-1.8613
b567c843-1143-4bbf-842d-42ece6a80242	14	103893234	105533894	437	-0.4852
b567c843-1143-4bbf-842d-42ece6a80242	15	23437561	27325064	2313	-0.0615
b567c843-1143-4bbf-842d-42ece6a80242	15	27326584	27326696	2	1.0191
b567c843-1143-4bbf-842d-42ece6a80242	15	27327045	35847556	3142	-0.0536
b567c843-1143-4bbf-842d-42ece6a80242	15	35847585	35849751	2	-1.4002
b567c843-1143-4bbf-842d-42ece6a80242	15	35849778	62584578	16636	-0.0408
b567c843-1143-4bbf-842d-42ece6a80242	15	62585207	77627840	8463	-0.0127
b567c843-1143-4bbf-842d-42ece6a80242	15	77630867	87060608	5440	-0.0437
b567c843-1143-4bbf-842d-42ece6a80242	15	87064206	87070936	12	-0.8581
b567c843-1143-4bbf-842d-42ece6a80242	15	87074296	101344124	8745	-0.0425
b567c843-1143-4bbf-842d-42ece6a80242	16	603333	5012080	1653	0.4231
b567c843-1143-4bbf-842d-42ece6a80242	16	5012356	49481965	13996	0.3559
b567c843-1143-4bbf-842d-42ece6a80242	16	49486034	50645452	711	-0.5705
b567c843-1143-4bbf-842d-42ece6a80242	16	50647175	51287649	452	0.3787
b567c843-1143-4bbf-842d-42ece6a80242	16	51290803	53373977	1527	-0.6001
b567c843-1143-4bbf-842d-42ece6a80242	16	53374550	55410526	1668	0.3532
b567c843-1143-4bbf-842d-42ece6a80242	16	55411431	56420510	696	-0.5938
b567c843-1143-4bbf-842d-42ece6a80242	16	56426369	56901208	273	0.3793
b567c843-1143-4bbf-842d-42ece6a80242	16	56904332	66459275	6201	-0.5966
b567c843-1143-4bbf-842d-42ece6a80242	16	66467212	71867745	2232	-0.5368
b567c843-1143-4bbf-842d-42ece6a80242	16	71870927	82604209	7943	-0.5988
b567c843-1143-4bbf-842d-42ece6a80242	16	82604613	82606319	4	-2.0031
b567c843-1143-4bbf-842d-42ece6a80242	16	82609694	85961118	1949	-0.5861
b567c843-1143-4bbf-842d-42ece6a80242	16	85962689	85963675	2	-2.5308
b567c843-1143-4bbf-842d-42ece6a80242	16	85966386	89317317	1851	-0.579
b567c843-1143-4bbf-842d-42ece6a80242	17	1074619	8969275	3896	-0.5406
b567c843-1143-4bbf-842d-42ece6a80242	17	8969893	14079518	3550	-0.6028
b567c843-1143-4bbf-842d-42ece6a80242	17	14079767	18957997	1488	-0.5424
b567c843-1143-4bbf-842d-42ece6a80242	17	19246050	20350100	473	0.877
b567c843-1143-4bbf-842d-42ece6a80242	17	20367917	20716473	58	1.1256
b567c843-1143-4bbf-842d-42ece6a80242	17	20717534	21102632	143	0.8205
b567c843-1143-4bbf-842d-42ece6a80242	17	21109210	29027337	1071	0.3307
b567c843-1143-4bbf-842d-42ece6a80242	17	29031958	50907610	9460	0.374
b567c843-1143-4bbf-842d-42ece6a80242	17	50908082	55987814	3016	0.3286
b567c843-1143-4bbf-842d-42ece6a80242	17	55991381	70074066	7779	0.3569
b567c843-1143-4bbf-842d-42ece6a80242	17	70077509	73433222	2603	0.3298
b567c843-1143-4bbf-842d-42ece6a80242	17	73433637	82959812	3727	0.405
b567c843-1143-4bbf-842d-42ece6a80242	18	326691	8324957	4288	0.2722
b567c843-1143-4bbf-842d-42ece6a80242	18	8325432	8325445	2	-0.7591
b567c843-1143-4bbf-842d-42ece6a80242	18	8325815	29629431	9039	0.2785
b567c843-1143-4bbf-842d-42ece6a80242	18	29630027	41500669	7293	0.2583
b567c843-1143-4bbf-842d-42ece6a80242	18	41501325	79349796	22316	0.278
b567c843-1143-4bbf-842d-42ece6a80242	19	283868	4215086	953	-0.495
b567c843-1143-4bbf-842d-42ece6a80242	19	4223075	4673369	50	0.01
b567c843-1143-4bbf-842d-42ece6a80242	19	4673502	23872082	8042	-0.5048
b567c843-1143-4bbf-842d-42ece6a80242	19	27749470	37964871	6522	0.2866
b567c843-1143-4bbf-842d-42ece6a80242	19	37970567	56905688	7768	0.3216
b567c843-1143-4bbf-842d-42ece6a80242	19	56906028	58370362	799	0.2881
b567c843-1143-4bbf-842d-42ece6a80242	20	472817	4352780	2321	0.3666
b567c843-1143-4bbf-842d-42ece6a80242	20	4353684	26217263	14629	0.3321
b567c843-1143-4bbf-842d-42ece6a80242	20	26217295	39007071	3987	-0.0197
b567c843-1143-4bbf-842d-42ece6a80242	20	39008095	43401408	3076	-0.0569
b567c843-1143-4bbf-842d-42ece6a80242	20	43406210	49824631	4101	-0.0162
b567c843-1143-4bbf-842d-42ece6a80242	20	49826683	50439622	284	0.3796
b567c843-1143-4bbf-842d-42ece6a80242	20	50440599	50558490	174	-0.0591
b567c843-1143-4bbf-842d-42ece6a80242	20	50568465	52975018	1612	0.3628
b567c843-1143-4bbf-842d-42ece6a80242	20	52979977	56620734	2707	0.3318
b567c843-1143-4bbf-842d-42ece6a80242	20	56620760	63588502	4650	0.3683
b567c843-1143-4bbf-842d-42ece6a80242	21	13974127	41658722	18512	0.5173
b567c843-1143-4bbf-842d-42ece6a80242	21	41660551	46106805	2002	0.5664
b567c843-1143-4bbf-842d-42ece6a80242	21	46107355	46262057	73	0.4705
b567c843-1143-4bbf-842d-42ece6a80242	22	16934932	17694565	445	0.3728
b567c843-1143-4bbf-842d-42ece6a80242	22	17696628	17780001	59	-0.6214
b567c843-1143-4bbf-842d-42ece6a80242	22	17782984	18131162	267	0.3817
b567c843-1143-4bbf-842d-42ece6a80242	22	21741482	25800382	1105	-0.5386
b567c843-1143-4bbf-842d-42ece6a80242	22	25800450	27524006	1754	-0.6125
b567c843-1143-4bbf-842d-42ece6a80242	22	27524071	29413741	1115	-0.5713
b567c843-1143-4bbf-842d-42ece6a80242	22	29414300	31371346	1046	-0.5287
b567c843-1143-4bbf-842d-42ece6a80242	22	31371940	31414243	19	-0.1746
b567c843-1143-4bbf-842d-42ece6a80242	22	31414768	31893971	255	-0.514
b567c843-1143-4bbf-842d-42ece6a80242	22	31895405	37665443	4137	-0.5848
b567c843-1143-4bbf-842d-42ece6a80242	22	37665972	42201372	2167	-0.4984
b567c843-1143-4bbf-842d-42ece6a80242	22	42201809	48007674	3895	-0.5671
b567c843-1143-4bbf-842d-42ece6a80242	22	48013311	48940621	814	0.3545
b567c843-1143-4bbf-842d-42ece6a80242	X	3236359	17614427	5879	0.0173
b567c843-1143-4bbf-842d-42ece6a80242	X	17617020	18233891	310	-0.1744
b567c843-1143-4bbf-842d-42ece6a80242	X	18234797	155677414	57746	0.0153
