GDC_Aliquot	Chromosome	Start	End	Num_Probes	Segment_Mean
1d26df40-c4fd-4609-8f7d-a7ad6c39ea1e	1	3301765	37644061	18414	0.0329
1d26df40-c4fd-4609-8f7d-a7ad6c39ea1e	1	37644080	37650000	3	-1.6485
1d26df40-c4fd-4609-8f7d-a7ad6c39ea1e	1	37650288	247650984	111142	0.05
1d26df40-c4fd-4609-8f7d-a7ad6c39ea1e	2	480597	7247879	4134	-0.1328
1d26df40-c4fd-4609-8f7d-a7ad6c39ea1e	2	7248256	234259452	123384	-0.0966
1d26df40-c4fd-4609-8f7d-a7ad6c39ea1e	2	234260722	241537572	4418	-0.1193
1d26df40-c4fd-4609-8f7d-a7ad6c39ea1e	3	2170634	28756752	15670	-0.3176
1d26df40-c4fd-4609-8f7d-a7ad6c39ea1e	3	28756843	28758185	4	-2.1997
1d26df40-c4fd-4609-8f7d-a7ad6c39ea1e	3	28759878	94015345	35454	-0.3112
1d26df40-c4fd-4609-8f7d-a7ad6c39ea1e	3	94015827	140507131	26392	0.0666
1d26df40-c4fd-4609-8f7d-a7ad6c39ea1e	3	140507610	140509563	3	-1.2261
1d26df40-c4fd-4609-8f7d-a7ad6c39ea1e	3	140510432	170660620	15404	0.0663
1d26df40-c4fd-4609-8f7d-a7ad6c39ea1e	3	170660662	170669432	4	-1.8493
1d26df40-c4fd-4609-8f7d-a7ad6c39ea1e	3	170671842	186256437	7732	0.0707
1d26df40-c4fd-4609-8f7d-a7ad6c39ea1e	3	186258240	186258560	2	-1.2034
1d26df40-c4fd-4609-8f7d-a7ad6c39ea1e	3	186262413	197812401	6289	0.0684
1d26df40-c4fd-4609-8f7d-a7ad6c39ea1e	4	1059384	177827090	98667	0.0539
1d26df40-c4fd-4609-8f7d-a7ad6c39ea1e	4	177828892	187842528	4692	0.0202
1d26df40-c4fd-4609-8f7d-a7ad6c39ea1e	5	914118	8098942	5168	0.1653
1d26df40-c4fd-4609-8f7d-a7ad6c39ea1e	5	8099593	45383300	20925	0.1988
1d26df40-c4fd-4609-8f7d-a7ad6c39ea1e	5	50828231	180934240	74856	-0.111
1d26df40-c4fd-4609-8f7d-a7ad6c39ea1e	6	1011760	1494722	449	0.5444
1d26df40-c4fd-4609-8f7d-a7ad6c39ea1e	6	1495163	1628667	70	0.0034
1d26df40-c4fd-4609-8f7d-a7ad6c39ea1e	6	1629623	2176790	374	0.886
1d26df40-c4fd-4609-8f7d-a7ad6c39ea1e	6	2179044	3626138	1050	0.0413
1d26df40-c4fd-4609-8f7d-a7ad6c39ea1e	6	3626141	3626872	2	-1.2979
1d26df40-c4fd-4609-8f7d-a7ad6c39ea1e	6	3627389	6513890	2077	0.0347
1d26df40-c4fd-4609-8f7d-a7ad6c39ea1e	6	6514739	20898372	10081	0.5566
1d26df40-c4fd-4609-8f7d-a7ad6c39ea1e	6	20901184	20974149	39	0.0346
1d26df40-c4fd-4609-8f7d-a7ad6c39ea1e	6	20978267	27293592	3840	0.5465
1d26df40-c4fd-4609-8f7d-a7ad6c39ea1e	6	27295098	49416145	11253	0.0538
1d26df40-c4fd-4609-8f7d-a7ad6c39ea1e	6	49420523	61614639	4856	-0.3109
1d26df40-c4fd-4609-8f7d-a7ad6c39ea1e	6	61614827	166302452	61468	0.0637
1d26df40-c4fd-4609-8f7d-a7ad6c39ea1e	6	166313078	170484200	1369	0.3374
1d26df40-c4fd-4609-8f7d-a7ad6c39ea1e	6	170486852	170572042	60	0.0194
1d26df40-c4fd-4609-8f7d-a7ad6c39ea1e	6	170576704	170596889	14	0.3879
1d26df40-c4fd-4609-8f7d-a7ad6c39ea1e	7	664936	68863611	35454	0.0552
1d26df40-c4fd-4609-8f7d-a7ad6c39ea1e	7	68864358	70655958	1068	0.33
1d26df40-c4fd-4609-8f7d-a7ad6c39ea1e	7	70658687	70759323	85	0.569
1d26df40-c4fd-4609-8f7d-a7ad6c39ea1e	7	70759757	72931090	1025	0.3128
1d26df40-c4fd-4609-8f7d-a7ad6c39ea1e	7	72931874	74647486	469	0.5336
1d26df40-c4fd-4609-8f7d-a7ad6c39ea1e	7	74650961	75809462	197	-0.3082
1d26df40-c4fd-4609-8f7d-a7ad6c39ea1e	7	75810378	76417007	230	0.5584
1d26df40-c4fd-4609-8f7d-a7ad6c39ea1e	7	76420672	86113344	5520	-0.3088
1d26df40-c4fd-4609-8f7d-a7ad6c39ea1e	7	86118195	86374171	99	0.5676
1d26df40-c4fd-4609-8f7d-a7ad6c39ea1e	7	86381819	86385100	4	-0.384
1d26df40-c4fd-4609-8f7d-a7ad6c39ea1e	7	86387020	86388517	5	0.7392
1d26df40-c4fd-4609-8f7d-a7ad6c39ea1e	7	86391346	106075058	9536	-0.3135
1d26df40-c4fd-4609-8f7d-a7ad6c39ea1e	7	106076735	106092000	10	0.1444
1d26df40-c4fd-4609-8f7d-a7ad6c39ea1e	7	106094596	110248407	2355	0.3523
1d26df40-c4fd-4609-8f7d-a7ad6c39ea1e	7	110248742	118073166	4031	0.0618
1d26df40-c4fd-4609-8f7d-a7ad6c39ea1e	7	118073369	118073983	2	-1.421
1d26df40-c4fd-4609-8f7d-a7ad6c39ea1e	7	118076019	128764375	5670	0.0505
1d26df40-c4fd-4609-8f7d-a7ad6c39ea1e	7	128767848	136756493	4696	0.3414
1d26df40-c4fd-4609-8f7d-a7ad6c39ea1e	7	136756901	157465489	10875	0.5546
1d26df40-c4fd-4609-8f7d-a7ad6c39ea1e	7	157465940	157465965	2	-1.3215
1d26df40-c4fd-4609-8f7d-a7ad6c39ea1e	7	157467975	158576347	481	0.5495
1d26df40-c4fd-4609-8f7d-a7ad6c39ea1e	7	158578386	158592540	7	0.31
1d26df40-c4fd-4609-8f7d-a7ad6c39ea1e	8	667625	3874445	1646	-0.0234
1d26df40-c4fd-4609-8f7d-a7ad6c39ea1e	8	3874891	4393762	304	-0.2727
1d26df40-c4fd-4609-8f7d-a7ad6c39ea1e	8	4396048	92007846	48778	0.0474
1d26df40-c4fd-4609-8f7d-a7ad6c39ea1e	8	92007901	135755042	27258	0.3408
1d26df40-c4fd-4609-8f7d-a7ad6c39ea1e	8	135760057	135760094	2	-1.1055
1d26df40-c4fd-4609-8f7d-a7ad6c39ea1e	8	135762458	144182542	4134	0.3162
1d26df40-c4fd-4609-8f7d-a7ad6c39ea1e	9	789794	78758028	30763	0.0516
1d26df40-c4fd-4609-8f7d-a7ad6c39ea1e	9	78760777	78761205	3	-1.2442
1d26df40-c4fd-4609-8f7d-a7ad6c39ea1e	9	78764333	138044505	37633	0.0511
1d26df40-c4fd-4609-8f7d-a7ad6c39ea1e	10	366509	133411599	81114	-0.1169
1d26df40-c4fd-4609-8f7d-a7ad6c39ea1e	11	456012	41557043	26116	-0.1244
1d26df40-c4fd-4609-8f7d-a7ad6c39ea1e	11	41559119	41559929	5	-1.3128
1d26df40-c4fd-4609-8f7d-a7ad6c39ea1e	11	41564590	134272740	51283	-0.118
1d26df40-c4fd-4609-8f7d-a7ad6c39ea1e	12	780472	1976000	324	0.0299
1d26df40-c4fd-4609-8f7d-a7ad6c39ea1e	12	1976220	1977879	3	-2.0113
1d26df40-c4fd-4609-8f7d-a7ad6c39ea1e	12	1980064	21896359	11892	0.0477
1d26df40-c4fd-4609-8f7d-a7ad6c39ea1e	12	21896754	125590586	58890	0.0658
1d26df40-c4fd-4609-8f7d-a7ad6c39ea1e	12	125595019	132605822	3119	0.038
1d26df40-c4fd-4609-8f7d-a7ad6c39ea1e	13	18874255	114226675	56923	0.0549
1d26df40-c4fd-4609-8f7d-a7ad6c39ea1e	14	20033191	105533894	49711	0.0549
1d26df40-c4fd-4609-8f7d-a7ad6c39ea1e	15	23437561	53328806	15654	-0.3227
1d26df40-c4fd-4609-8f7d-a7ad6c39ea1e	15	53328839	53330896	2	-2.2227
1d26df40-c4fd-4609-8f7d-a7ad6c39ea1e	15	53331017	76989069	14571	-0.3191
1d26df40-c4fd-4609-8f7d-a7ad6c39ea1e	15	76989666	76991636	3	-2.0497
1d26df40-c4fd-4609-8f7d-a7ad6c39ea1e	15	76997700	101344124	14434	-0.3247
1d26df40-c4fd-4609-8f7d-a7ad6c39ea1e	16	603333	4726856	1477	0.0596
1d26df40-c4fd-4609-8f7d-a7ad6c39ea1e	16	4730261	8641724	2359	0.0099
1d26df40-c4fd-4609-8f7d-a7ad6c39ea1e	16	8644202	89317317	37315	0.0487
1d26df40-c4fd-4609-8f7d-a7ad6c39ea1e	17	1074619	21399695	9699	-0.3281
1d26df40-c4fd-4609-8f7d-a7ad6c39ea1e	17	21774057	28665349	800	0.0397
1d26df40-c4fd-4609-8f7d-a7ad6c39ea1e	17	28666144	29036975	159	0.9132
1d26df40-c4fd-4609-8f7d-a7ad6c39ea1e	17	29042364	34611015	2403	0.0438
1d26df40-c4fd-4609-8f7d-a7ad6c39ea1e	17	34616624	39339263	2077	-0.3116
1d26df40-c4fd-4609-8f7d-a7ad6c39ea1e	17	39339512	40044698	332	0.0619
1d26df40-c4fd-4609-8f7d-a7ad6c39ea1e	17	40045777	40672757	257	-0.2912
1d26df40-c4fd-4609-8f7d-a7ad6c39ea1e	17	40672771	40733942	42	0.091
1d26df40-c4fd-4609-8f7d-a7ad6c39ea1e	17	40733973	40749901	17	-0.3935
1d26df40-c4fd-4609-8f7d-a7ad6c39ea1e	17	40760061	40886951	71	0.067
1d26df40-c4fd-4609-8f7d-a7ad6c39ea1e	17	40889728	41510342	373	-0.3119
1d26df40-c4fd-4609-8f7d-a7ad6c39ea1e	17	41540812	41556332	14	0.2356
1d26df40-c4fd-4609-8f7d-a7ad6c39ea1e	17	41557666	45461373	1728	-0.3005
1d26df40-c4fd-4609-8f7d-a7ad6c39ea1e	17	46733528	48149151	721	0.0472
1d26df40-c4fd-4609-8f7d-a7ad6c39ea1e	17	48157173	48177730	18	-0.364
1d26df40-c4fd-4609-8f7d-a7ad6c39ea1e	17	48178308	48445177	129	0.018
1d26df40-c4fd-4609-8f7d-a7ad6c39ea1e	17	48446884	48501181	39	-0.2664
1d26df40-c4fd-4609-8f7d-a7ad6c39ea1e	17	48502550	51726035	1527	0.0548
1d26df40-c4fd-4609-8f7d-a7ad6c39ea1e	17	51726950	53506161	1026	-0.3301
1d26df40-c4fd-4609-8f7d-a7ad6c39ea1e	17	53513179	62969903	5514	0.0488
1d26df40-c4fd-4609-8f7d-a7ad6c39ea1e	17	62979274	64464879	662	0.3442
1d26df40-c4fd-4609-8f7d-a7ad6c39ea1e	17	64468704	65018886	200	0.7097
1d26df40-c4fd-4609-8f7d-a7ad6c39ea1e	17	65019891	73820787	5958	0.319
1d26df40-c4fd-4609-8f7d-a7ad6c39ea1e	17	73829384	75004738	143	0.0369
1d26df40-c4fd-4609-8f7d-a7ad6c39ea1e	17	75009435	75323706	137	0.3533
1d26df40-c4fd-4609-8f7d-a7ad6c39ea1e	17	75329035	75470162	71	0.7758
1d26df40-c4fd-4609-8f7d-a7ad6c39ea1e	17	75475238	75488246	8	1.2969
1d26df40-c4fd-4609-8f7d-a7ad6c39ea1e	17	75490714	75585895	24	0.8058
1d26df40-c4fd-4609-8f7d-a7ad6c39ea1e	17	75586707	75651788	26	1.1092
1d26df40-c4fd-4609-8f7d-a7ad6c39ea1e	17	75654606	75986113	122	0.8304
1d26df40-c4fd-4609-8f7d-a7ad6c39ea1e	17	75995916	76024659	10	0.2246
1d26df40-c4fd-4609-8f7d-a7ad6c39ea1e	17	76025223	82959812	2889	0.0596
1d26df40-c4fd-4609-8f7d-a7ad6c39ea1e	18	326691	13890200	8048	-0.3451
1d26df40-c4fd-4609-8f7d-a7ad6c39ea1e	18	13894342	48491876	16919	0.0572
1d26df40-c4fd-4609-8f7d-a7ad6c39ea1e	18	48492188	51692315	2225	-0.3143
1d26df40-c4fd-4609-8f7d-a7ad6c39ea1e	18	51693392	79349796	15676	0.052
1d26df40-c4fd-4609-8f7d-a7ad6c39ea1e	19	283868	27786025	9048	-0.3056
1d26df40-c4fd-4609-8f7d-a7ad6c39ea1e	19	27786591	28316162	423	-0.0065
1d26df40-c4fd-4609-8f7d-a7ad6c39ea1e	19	28317294	35226167	4774	0.1716
1d26df40-c4fd-4609-8f7d-a7ad6c39ea1e	19	35226532	47881800	5506	0.0444
1d26df40-c4fd-4609-8f7d-a7ad6c39ea1e	19	47883100	51555166	1516	0.1597
1d26df40-c4fd-4609-8f7d-a7ad6c39ea1e	19	51555401	52125358	171	0.3152
1d26df40-c4fd-4609-8f7d-a7ad6c39ea1e	19	52127660	52568835	224	0.4793
1d26df40-c4fd-4609-8f7d-a7ad6c39ea1e	19	52576480	58370362	2454	0.3199
1d26df40-c4fd-4609-8f7d-a7ad6c39ea1e	20	472817	2245223	1150	0.7266
1d26df40-c4fd-4609-8f7d-a7ad6c39ea1e	20	2245984	3473679	830	0.9992
1d26df40-c4fd-4609-8f7d-a7ad6c39ea1e	20	3478322	5261433	1005	0.7251
1d26df40-c4fd-4609-8f7d-a7ad6c39ea1e	20	5261913	5750553	128	1.0204
1d26df40-c4fd-4609-8f7d-a7ad6c39ea1e	20	5752029	5996966	197	1.2258
1d26df40-c4fd-4609-8f7d-a7ad6c39ea1e	20	5998408	6243758	170	1.0873
1d26df40-c4fd-4609-8f7d-a7ad6c39ea1e	20	6244336	6730925	410	0.8717
1d26df40-c4fd-4609-8f7d-a7ad6c39ea1e	20	6731216	7291860	295	1.1049
1d26df40-c4fd-4609-8f7d-a7ad6c39ea1e	20	7292426	7800943	356	1.1647
1d26df40-c4fd-4609-8f7d-a7ad6c39ea1e	20	7804596	9408850	831	1.5679
1d26df40-c4fd-4609-8f7d-a7ad6c39ea1e	20	9411425	10021410	515	1.717
1d26df40-c4fd-4609-8f7d-a7ad6c39ea1e	20	10028579	10968351	730	1.5985
1d26df40-c4fd-4609-8f7d-a7ad6c39ea1e	20	10969591	11006068	39	1.8227
1d26df40-c4fd-4609-8f7d-a7ad6c39ea1e	20	11008871	11177308	132	2.0744
1d26df40-c4fd-4609-8f7d-a7ad6c39ea1e	20	11177430	12020186	622	1.848
1d26df40-c4fd-4609-8f7d-a7ad6c39ea1e	20	12022989	12140414	74	1.6576
1d26df40-c4fd-4609-8f7d-a7ad6c39ea1e	20	12145074	12156751	11	1.199
1d26df40-c4fd-4609-8f7d-a7ad6c39ea1e	20	12159408	12660127	323	1.762
1d26df40-c4fd-4609-8f7d-a7ad6c39ea1e	20	12660505	12911119	162	1.3045
1d26df40-c4fd-4609-8f7d-a7ad6c39ea1e	20	12912540	13218652	272	1.6126
1d26df40-c4fd-4609-8f7d-a7ad6c39ea1e	20	13218760	13357080	120	2.0224
1d26df40-c4fd-4609-8f7d-a7ad6c39ea1e	20	13357702	15762297	1209	1.8482
1d26df40-c4fd-4609-8f7d-a7ad6c39ea1e	20	15762635	16366945	585	2.0535
1d26df40-c4fd-4609-8f7d-a7ad6c39ea1e	20	16367082	16451503	79	2.3263
1d26df40-c4fd-4609-8f7d-a7ad6c39ea1e	20	16451747	16673876	199	2.1078
1d26df40-c4fd-4609-8f7d-a7ad6c39ea1e	20	16673993	17017477	281	2.2953
1d26df40-c4fd-4609-8f7d-a7ad6c39ea1e	20	17017730	17604969	531	2.1316
1d26df40-c4fd-4609-8f7d-a7ad6c39ea1e	20	17606864	18694422	770	-0.3433
1d26df40-c4fd-4609-8f7d-a7ad6c39ea1e	20	18697340	36896408	7545	-0.1444
1d26df40-c4fd-4609-8f7d-a7ad6c39ea1e	20	36896959	37094427	191	2.2585
1d26df40-c4fd-4609-8f7d-a7ad6c39ea1e	20	37097999	37695804	351	2.4594
1d26df40-c4fd-4609-8f7d-a7ad6c39ea1e	20	37697005	37697413	3	1.0446
1d26df40-c4fd-4609-8f7d-a7ad6c39ea1e	20	37697445	38546645	538	2.5677
1d26df40-c4fd-4609-8f7d-a7ad6c39ea1e	20	38549522	38831387	165	2.121
1d26df40-c4fd-4609-8f7d-a7ad6c39ea1e	20	38831819	38934668	56	-0.3065
1d26df40-c4fd-4609-8f7d-a7ad6c39ea1e	20	38934709	40670238	1239	-0.1545
1d26df40-c4fd-4609-8f7d-a7ad6c39ea1e	20	40670323	42041090	866	-0.3403
1d26df40-c4fd-4609-8f7d-a7ad6c39ea1e	20	42041175	42921675	691	0.2758
1d26df40-c4fd-4609-8f7d-a7ad6c39ea1e	20	42921854	43888983	590	0.4976
1d26df40-c4fd-4609-8f7d-a7ad6c39ea1e	20	43892048	45235504	867	0.6922
1d26df40-c4fd-4609-8f7d-a7ad6c39ea1e	20	45238747	45389526	95	0.5246
1d26df40-c4fd-4609-8f7d-a7ad6c39ea1e	20	45392311	46395555	580	0.6742
1d26df40-c4fd-4609-8f7d-a7ad6c39ea1e	20	46395641	46668832	236	0.5536
1d26df40-c4fd-4609-8f7d-a7ad6c39ea1e	20	46671457	46956583	225	1.0285
1d26df40-c4fd-4609-8f7d-a7ad6c39ea1e	20	46957152	47590479	438	1.7623
1d26df40-c4fd-4609-8f7d-a7ad6c39ea1e	20	47598305	48925852	989	1.0078
1d26df40-c4fd-4609-8f7d-a7ad6c39ea1e	20	48930540	49231083	163	0.6992
1d26df40-c4fd-4609-8f7d-a7ad6c39ea1e	20	49235382	49241381	5	2.5306
1d26df40-c4fd-4609-8f7d-a7ad6c39ea1e	20	49242385	49529692	184	0.6783
1d26df40-c4fd-4609-8f7d-a7ad6c39ea1e	20	49622075	50545704	474	0.9897
1d26df40-c4fd-4609-8f7d-a7ad6c39ea1e	20	50545958	50546005	3	-0.1675
1d26df40-c4fd-4609-8f7d-a7ad6c39ea1e	20	50546040	51120465	383	0.9558
1d26df40-c4fd-4609-8f7d-a7ad6c39ea1e	20	51121928	51139689	18	1.4803
1d26df40-c4fd-4609-8f7d-a7ad6c39ea1e	20	51140869	51267557	107	1.2208
1d26df40-c4fd-4609-8f7d-a7ad6c39ea1e	20	51267901	51268832	3	1.8505
1d26df40-c4fd-4609-8f7d-a7ad6c39ea1e	20	51269770	51460204	136	0.8302
1d26df40-c4fd-4609-8f7d-a7ad6c39ea1e	20	51468230	51581487	87	0.5147
1d26df40-c4fd-4609-8f7d-a7ad6c39ea1e	20	51581808	52145709	382	0.9405
1d26df40-c4fd-4609-8f7d-a7ad6c39ea1e	20	52149563	52953967	511	0.485
1d26df40-c4fd-4609-8f7d-a7ad6c39ea1e	20	52957680	53280576	285	0.9456
1d26df40-c4fd-4609-8f7d-a7ad6c39ea1e	20	53291517	53540388	136	0.2977
1d26df40-c4fd-4609-8f7d-a7ad6c39ea1e	20	53545858	54054770	339	2.3808
1d26df40-c4fd-4609-8f7d-a7ad6c39ea1e	20	54056678	54326615	260	2.1186
1d26df40-c4fd-4609-8f7d-a7ad6c39ea1e	20	54331096	54680465	254	1.7763
1d26df40-c4fd-4609-8f7d-a7ad6c39ea1e	20	54680635	55098899	341	1.5806
1d26df40-c4fd-4609-8f7d-a7ad6c39ea1e	20	55104286	55478628	266	0.8511
1d26df40-c4fd-4609-8f7d-a7ad6c39ea1e	20	55478773	56151575	487	1.09
1d26df40-c4fd-4609-8f7d-a7ad6c39ea1e	20	56158572	56667414	383	0.2473
1d26df40-c4fd-4609-8f7d-a7ad6c39ea1e	20	56673474	56976391	231	0.8276
1d26df40-c4fd-4609-8f7d-a7ad6c39ea1e	20	56976426	57120782	139	1.2294
1d26df40-c4fd-4609-8f7d-a7ad6c39ea1e	20	57121595	57600534	329	0.8815
1d26df40-c4fd-4609-8f7d-a7ad6c39ea1e	20	57600696	57787496	140	1.1121
1d26df40-c4fd-4609-8f7d-a7ad6c39ea1e	20	57794957	57897078	92	0.2524
1d26df40-c4fd-4609-8f7d-a7ad6c39ea1e	20	57898770	58213032	247	0.4955
1d26df40-c4fd-4609-8f7d-a7ad6c39ea1e	20	58213073	59584176	1001	0.2895
1d26df40-c4fd-4609-8f7d-a7ad6c39ea1e	20	59585788	60749466	938	-0.3974
1d26df40-c4fd-4609-8f7d-a7ad6c39ea1e	20	60752864	60754043	6	0.2612
1d26df40-c4fd-4609-8f7d-a7ad6c39ea1e	20	60754854	60756284	5	-0.366
1d26df40-c4fd-4609-8f7d-a7ad6c39ea1e	20	60758229	62633163	1156	0.2882
1d26df40-c4fd-4609-8f7d-a7ad6c39ea1e	20	62636772	63345036	275	0.7173
1d26df40-c4fd-4609-8f7d-a7ad6c39ea1e	20	63357759	63588502	61	0.3388
1d26df40-c4fd-4609-8f7d-a7ad6c39ea1e	21	13974127	17490397	2088	-0.1229
1d26df40-c4fd-4609-8f7d-a7ad6c39ea1e	21	17491341	17837689	242	0.0545
1d26df40-c4fd-4609-8f7d-a7ad6c39ea1e	21	17841742	18786640	645	-0.1196
1d26df40-c4fd-4609-8f7d-a7ad6c39ea1e	21	18788804	19570894	591	-0.2941
1d26df40-c4fd-4609-8f7d-a7ad6c39ea1e	21	19570942	19728075	95	-0.1354
1d26df40-c4fd-4609-8f7d-a7ad6c39ea1e	21	19730914	21722805	1330	-0.3197
1d26df40-c4fd-4609-8f7d-a7ad6c39ea1e	21	21723150	22165872	362	-0.1202
1d26df40-c4fd-4609-8f7d-a7ad6c39ea1e	21	22166129	22874371	226	-0.3133
1d26df40-c4fd-4609-8f7d-a7ad6c39ea1e	21	22993657	23271478	38	0.0097
1d26df40-c4fd-4609-8f7d-a7ad6c39ea1e	21	23271867	23623024	196	-0.1255
1d26df40-c4fd-4609-8f7d-a7ad6c39ea1e	21	23623417	26654193	2119	0.0486
1d26df40-c4fd-4609-8f7d-a7ad6c39ea1e	21	26658381	26938408	272	-0.1609
1d26df40-c4fd-4609-8f7d-a7ad6c39ea1e	21	26938421	28438026	1013	0.0498
1d26df40-c4fd-4609-8f7d-a7ad6c39ea1e	21	28439087	31640777	2115	-0.1198
1d26df40-c4fd-4609-8f7d-a7ad6c39ea1e	21	31643677	32144322	308	0.0488
1d26df40-c4fd-4609-8f7d-a7ad6c39ea1e	21	32145542	32856308	448	0.1842
1d26df40-c4fd-4609-8f7d-a7ad6c39ea1e	21	32858923	33517561	462	0.0816
1d26df40-c4fd-4609-8f7d-a7ad6c39ea1e	21	33520052	35403301	1214	-0.1118
1d26df40-c4fd-4609-8f7d-a7ad6c39ea1e	21	35403424	37188655	1100	0.0465
1d26df40-c4fd-4609-8f7d-a7ad6c39ea1e	21	37189077	37819437	437	0.1964
1d26df40-c4fd-4609-8f7d-a7ad6c39ea1e	21	37819835	37843002	35	0.0664
1d26df40-c4fd-4609-8f7d-a7ad6c39ea1e	21	37844031	37845106	2	-1.3405
1d26df40-c4fd-4609-8f7d-a7ad6c39ea1e	21	37845355	42573505	3834	0.0432
1d26df40-c4fd-4609-8f7d-a7ad6c39ea1e	21	42573533	46173529	1338	-0.11
1d26df40-c4fd-4609-8f7d-a7ad6c39ea1e	21	46173586	46262057	52	0.0662
1d26df40-c4fd-4609-8f7d-a7ad6c39ea1e	22	16934932	48940621	17062	0.0378
1d26df40-c4fd-4609-8f7d-a7ad6c39ea1e	X	3236359	130668929	53010	0.0168
1d26df40-c4fd-4609-8f7d-a7ad6c39ea1e	X	130672366	155677414	10909	-0.0023
