GDC_Aliquot	Chromosome	Start	End	Num_Probes	Segment_Mean
d8e8db6d-4f38-4ef6-a77a-d3ea769cc78f	1	3301765	9221657	3663	-0.3399
d8e8db6d-4f38-4ef6-a77a-d3ea769cc78f	1	9225525	9225959	3	-1.8037
d8e8db6d-4f38-4ef6-a77a-d3ea769cc78f	1	9226329	31244722	11367	-0.3435
d8e8db6d-4f38-4ef6-a77a-d3ea769cc78f	1	31249109	31249774	4	-1.6601
d8e8db6d-4f38-4ef6-a77a-d3ea769cc78f	1	31251897	78202848	27861	-0.3511
d8e8db6d-4f38-4ef6-a77a-d3ea769cc78f	1	78208891	86607318	5216	0.0901
d8e8db6d-4f38-4ef6-a77a-d3ea769cc78f	1	86616161	86621580	7	0.9611
d8e8db6d-4f38-4ef6-a77a-d3ea769cc78f	1	86624971	149966973	19942	0.1012
d8e8db6d-4f38-4ef6-a77a-d3ea769cc78f	1	149967059	247650984	61529	0.2832
d8e8db6d-4f38-4ef6-a77a-d3ea769cc78f	2	480597	189443503	101657	-0.0448
d8e8db6d-4f38-4ef6-a77a-d3ea769cc78f	2	189444617	189640061	162	0.1808
d8e8db6d-4f38-4ef6-a77a-d3ea769cc78f	2	189649735	191696975	1246	0.4121
d8e8db6d-4f38-4ef6-a77a-d3ea769cc78f	2	191698844	191771076	45	0.1889
d8e8db6d-4f38-4ef6-a77a-d3ea769cc78f	2	191771437	192128852	192	0.1593
d8e8db6d-4f38-4ef6-a77a-d3ea769cc78f	2	192128871	193603800	568	-0.0521
d8e8db6d-4f38-4ef6-a77a-d3ea769cc78f	2	193605834	193704998	35	0.1642
d8e8db6d-4f38-4ef6-a77a-d3ea769cc78f	2	193722432	193787429	32	0.2519
d8e8db6d-4f38-4ef6-a77a-d3ea769cc78f	2	193788219	199753467	2912	0.4117
d8e8db6d-4f38-4ef6-a77a-d3ea769cc78f	2	199756024	201880073	1205	0.1889
d8e8db6d-4f38-4ef6-a77a-d3ea769cc78f	2	201880460	203938007	923	-0.0405
d8e8db6d-4f38-4ef6-a77a-d3ea769cc78f	2	203939399	203939745	2	-1.2904
d8e8db6d-4f38-4ef6-a77a-d3ea769cc78f	2	203941729	205393875	1040	-0.0422
d8e8db6d-4f38-4ef6-a77a-d3ea769cc78f	2	205394413	220952312	9530	0.207
d8e8db6d-4f38-4ef6-a77a-d3ea769cc78f	2	220952856	220963488	7	-0.0751
d8e8db6d-4f38-4ef6-a77a-d3ea769cc78f	2	220963745	235352211	8781	-0.3661
d8e8db6d-4f38-4ef6-a77a-d3ea769cc78f	2	235352880	235356895	6	-1.4489
d8e8db6d-4f38-4ef6-a77a-d3ea769cc78f	2	235357277	241537572	3655	-0.3731
d8e8db6d-4f38-4ef6-a77a-d3ea769cc78f	3	2170634	76385913	44069	0.0755
d8e8db6d-4f38-4ef6-a77a-d3ea769cc78f	3	76398516	76693875	239	-0.8696
d8e8db6d-4f38-4ef6-a77a-d3ea769cc78f	3	76694333	139250069	32293	0.0707
d8e8db6d-4f38-4ef6-a77a-d3ea769cc78f	3	139252188	139384133	93	-0.1157
d8e8db6d-4f38-4ef6-a77a-d3ea769cc78f	3	139384806	139705714	213	0.1046
d8e8db6d-4f38-4ef6-a77a-d3ea769cc78f	3	139706208	162254864	12103	-0.1294
d8e8db6d-4f38-4ef6-a77a-d3ea769cc78f	3	162255383	197812401	18015	0.1012
d8e8db6d-4f38-4ef6-a77a-d3ea769cc78f	4	1059384	187842528	103226	-0.3437
d8e8db6d-4f38-4ef6-a77a-d3ea769cc78f	5	914118	82367986	43911	-0.0886
d8e8db6d-4f38-4ef6-a77a-d3ea769cc78f	5	82426316	86827524	2409	0.1022
d8e8db6d-4f38-4ef6-a77a-d3ea769cc78f	5	86830824	100822455	6623	-0.0939
d8e8db6d-4f38-4ef6-a77a-d3ea769cc78f	5	100832744	100987662	81	0.063
d8e8db6d-4f38-4ef6-a77a-d3ea769cc78f	5	100990677	101063277	31	-0.1486
d8e8db6d-4f38-4ef6-a77a-d3ea769cc78f	5	101066817	101173537	50	0.093
d8e8db6d-4f38-4ef6-a77a-d3ea769cc78f	5	101175657	101619700	239	-0.0884
d8e8db6d-4f38-4ef6-a77a-d3ea769cc78f	5	101620194	104640774	1437	0.1484
d8e8db6d-4f38-4ef6-a77a-d3ea769cc78f	5	104642984	104643560	4	-0.8948
d8e8db6d-4f38-4ef6-a77a-d3ea769cc78f	5	104645292	180901809	46168	0.1478
d8e8db6d-4f38-4ef6-a77a-d3ea769cc78f	5	180902359	180934240	14	-0.0193
d8e8db6d-4f38-4ef6-a77a-d3ea769cc78f	6	1011760	27028141	17880	0.133
d8e8db6d-4f38-4ef6-a77a-d3ea769cc78f	6	27028232	27028271	2	1.6722
d8e8db6d-4f38-4ef6-a77a-d3ea769cc78f	6	27028352	64592835	17652	0.1378
d8e8db6d-4f38-4ef6-a77a-d3ea769cc78f	6	64593351	65940669	739	-0.068
d8e8db6d-4f38-4ef6-a77a-d3ea769cc78f	6	65941334	67586455	1037	0.1428
d8e8db6d-4f38-4ef6-a77a-d3ea769cc78f	6	67587114	68611795	541	-0.0774
d8e8db6d-4f38-4ef6-a77a-d3ea769cc78f	6	68618994	70561039	1168	0.131
d8e8db6d-4f38-4ef6-a77a-d3ea769cc78f	6	70564116	73481962	1688	-0.0998
d8e8db6d-4f38-4ef6-a77a-d3ea769cc78f	6	73487915	74221858	412	0.125
d8e8db6d-4f38-4ef6-a77a-d3ea769cc78f	6	74227475	90866098	9519	-0.0925
d8e8db6d-4f38-4ef6-a77a-d3ea769cc78f	6	90866835	90867151	2	-2.1196
d8e8db6d-4f38-4ef6-a77a-d3ea769cc78f	6	90868096	91046743	125	-0.0902
d8e8db6d-4f38-4ef6-a77a-d3ea769cc78f	6	91047094	129004606	20913	0.1704
d8e8db6d-4f38-4ef6-a77a-d3ea769cc78f	6	129006427	140412718	7553	-0.0402
d8e8db6d-4f38-4ef6-a77a-d3ea769cc78f	6	140413388	170596889	17790	-0.011
d8e8db6d-4f38-4ef6-a77a-d3ea769cc78f	7	664936	15177129	7234	0.1461
d8e8db6d-4f38-4ef6-a77a-d3ea769cc78f	7	15177323	15177576	3	-1.004
d8e8db6d-4f38-4ef6-a77a-d3ea769cc78f	7	15180390	16552789	915	0.1631
d8e8db6d-4f38-4ef6-a77a-d3ea769cc78f	7	16552873	46361399	18329	0.1295
d8e8db6d-4f38-4ef6-a77a-d3ea769cc78f	7	46362419	53569971	5132	0.1541
d8e8db6d-4f38-4ef6-a77a-d3ea769cc78f	7	53572114	53624592	41	0.7075
d8e8db6d-4f38-4ef6-a77a-d3ea769cc78f	7	53626030	53639719	17	0.2314
d8e8db6d-4f38-4ef6-a77a-d3ea769cc78f	7	53641723	53876098	139	0.7378
d8e8db6d-4f38-4ef6-a77a-d3ea769cc78f	7	53878567	64698195	2030	0.1491
d8e8db6d-4f38-4ef6-a77a-d3ea769cc78f	7	64700262	64706079	3	-1.0631
d8e8db6d-4f38-4ef6-a77a-d3ea769cc78f	7	64711042	64913367	102	0.2356
d8e8db6d-4f38-4ef6-a77a-d3ea769cc78f	7	64913835	83293179	8476	-0.0677
d8e8db6d-4f38-4ef6-a77a-d3ea769cc78f	7	83293382	109021502	12964	-0.0909
d8e8db6d-4f38-4ef6-a77a-d3ea769cc78f	7	109026806	137255671	15425	-0.0623
d8e8db6d-4f38-4ef6-a77a-d3ea769cc78f	7	137255813	137255832	2	-3.12
d8e8db6d-4f38-4ef6-a77a-d3ea769cc78f	7	137255889	150231466	6601	-0.0547
d8e8db6d-4f38-4ef6-a77a-d3ea769cc78f	7	150236603	150236617	2	-1.417
d8e8db6d-4f38-4ef6-a77a-d3ea769cc78f	7	150240296	157226780	3775	-0.0631
d8e8db6d-4f38-4ef6-a77a-d3ea769cc78f	7	157227856	157282962	34	-0.4401
d8e8db6d-4f38-4ef6-a77a-d3ea769cc78f	7	157283788	158592540	607	-0.036
d8e8db6d-4f38-4ef6-a77a-d3ea769cc78f	8	667625	942565	160	-0.3484
d8e8db6d-4f38-4ef6-a77a-d3ea769cc78f	8	943100	943453	2	-2.426
d8e8db6d-4f38-4ef6-a77a-d3ea769cc78f	8	980235	1274078	17	-0.1488
d8e8db6d-4f38-4ef6-a77a-d3ea769cc78f	8	1274284	33507108	19763	-0.3528
d8e8db6d-4f38-4ef6-a77a-d3ea769cc78f	8	33507770	49630380	6473	-0.3176
d8e8db6d-4f38-4ef6-a77a-d3ea769cc78f	8	49632606	49940581	167	-1.0858
d8e8db6d-4f38-4ef6-a77a-d3ea769cc78f	8	49944785	53833304	2233	-0.3309
d8e8db6d-4f38-4ef6-a77a-d3ea769cc78f	8	53835881	54186126	164	0.5145
d8e8db6d-4f38-4ef6-a77a-d3ea769cc78f	8	54189063	54457233	215	-0.3291
d8e8db6d-4f38-4ef6-a77a-d3ea769cc78f	8	54469507	54827964	210	0.1961
d8e8db6d-4f38-4ef6-a77a-d3ea769cc78f	8	54833399	57202716	1400	-0.3156
d8e8db6d-4f38-4ef6-a77a-d3ea769cc78f	8	57220239	57503010	191	0.1857
d8e8db6d-4f38-4ef6-a77a-d3ea769cc78f	8	57505301	57515844	12	-0.5854
d8e8db6d-4f38-4ef6-a77a-d3ea769cc78f	8	57518556	57547177	19	0.2025
d8e8db6d-4f38-4ef6-a77a-d3ea769cc78f	8	57547315	58042104	334	-0.3261
d8e8db6d-4f38-4ef6-a77a-d3ea769cc78f	8	58042649	58044126	3	0.6702
d8e8db6d-4f38-4ef6-a77a-d3ea769cc78f	8	58048994	60762382	1723	-0.3504
d8e8db6d-4f38-4ef6-a77a-d3ea769cc78f	8	60764967	60895901	92	0.5653
d8e8db6d-4f38-4ef6-a77a-d3ea769cc78f	8	60896274	61053507	96	0.9897
d8e8db6d-4f38-4ef6-a77a-d3ea769cc78f	8	61053560	61346418	223	0.8172
d8e8db6d-4f38-4ef6-a77a-d3ea769cc78f	8	61346517	61595857	173	1.0853
d8e8db6d-4f38-4ef6-a77a-d3ea769cc78f	8	61605018	64498497	1687	0.557
d8e8db6d-4f38-4ef6-a77a-d3ea769cc78f	8	64498688	64853369	166	-0.3568
d8e8db6d-4f38-4ef6-a77a-d3ea769cc78f	8	64853705	64856231	3	-1.1693
d8e8db6d-4f38-4ef6-a77a-d3ea769cc78f	8	64858433	64953775	38	-0.2752
d8e8db6d-4f38-4ef6-a77a-d3ea769cc78f	8	64960930	66806492	969	0.5405
d8e8db6d-4f38-4ef6-a77a-d3ea769cc78f	8	66810195	66810815	2	-0.608
d8e8db6d-4f38-4ef6-a77a-d3ea769cc78f	8	66812593	67628737	317	0.5439
d8e8db6d-4f38-4ef6-a77a-d3ea769cc78f	8	67629615	67892007	216	0.8277
d8e8db6d-4f38-4ef6-a77a-d3ea769cc78f	8	67906150	68519476	416	0.162
d8e8db6d-4f38-4ef6-a77a-d3ea769cc78f	8	68523761	70149663	1073	-0.337
d8e8db6d-4f38-4ef6-a77a-d3ea769cc78f	8	70150144	70594777	221	-1.0748
d8e8db6d-4f38-4ef6-a77a-d3ea769cc78f	8	70598397	71428696	463	-0.3436
d8e8db6d-4f38-4ef6-a77a-d3ea769cc78f	8	71430768	71644971	140	0.541
d8e8db6d-4f38-4ef6-a77a-d3ea769cc78f	8	71650548	72147314	384	-0.3127
d8e8db6d-4f38-4ef6-a77a-d3ea769cc78f	8	72153932	72155813	6	0.6761
d8e8db6d-4f38-4ef6-a77a-d3ea769cc78f	8	72157922	72930097	503	-0.3421
d8e8db6d-4f38-4ef6-a77a-d3ea769cc78f	8	72932080	80628700	4366	0.5576
d8e8db6d-4f38-4ef6-a77a-d3ea769cc78f	8	80630656	80984101	170	0.8462
d8e8db6d-4f38-4ef6-a77a-d3ea769cc78f	8	80984965	81130756	121	0.5164
d8e8db6d-4f38-4ef6-a77a-d3ea769cc78f	8	81134980	81179576	31	-0.2909
d8e8db6d-4f38-4ef6-a77a-d3ea769cc78f	8	81180254	111960948	17023	0.5489
d8e8db6d-4f38-4ef6-a77a-d3ea769cc78f	8	111961624	111968074	3	-0.6843
d8e8db6d-4f38-4ef6-a77a-d3ea769cc78f	8	111974605	112604916	363	0.548
d8e8db6d-4f38-4ef6-a77a-d3ea769cc78f	8	112604927	112882102	150	0.8495
d8e8db6d-4f38-4ef6-a77a-d3ea769cc78f	8	112920559	122988114	6280	0.5485
d8e8db6d-4f38-4ef6-a77a-d3ea769cc78f	8	122991939	122991946	2	-0.8846
d8e8db6d-4f38-4ef6-a77a-d3ea769cc78f	8	122992304	129558932	4525	0.5524
d8e8db6d-4f38-4ef6-a77a-d3ea769cc78f	8	129561180	129879680	219	0.8104
d8e8db6d-4f38-4ef6-a77a-d3ea769cc78f	8	129887784	129968725	22	0.4256
d8e8db6d-4f38-4ef6-a77a-d3ea769cc78f	8	129969402	133714521	2839	0.8066
d8e8db6d-4f38-4ef6-a77a-d3ea769cc78f	8	133718622	138976633	3932	0.5647
d8e8db6d-4f38-4ef6-a77a-d3ea769cc78f	8	138977554	139034959	40	0.8887
d8e8db6d-4f38-4ef6-a77a-d3ea769cc78f	8	139036133	139407444	319	0.5645
d8e8db6d-4f38-4ef6-a77a-d3ea769cc78f	8	139408921	139834628	377	0.8824
d8e8db6d-4f38-4ef6-a77a-d3ea769cc78f	8	139836739	144182542	1059	0.5789
d8e8db6d-4f38-4ef6-a77a-d3ea769cc78f	9	789794	2432562	1047	0.1768
d8e8db6d-4f38-4ef6-a77a-d3ea769cc78f	9	2433080	2433371	2	-1.0274
d8e8db6d-4f38-4ef6-a77a-d3ea769cc78f	9	2435209	5358892	2217	0.1809
d8e8db6d-4f38-4ef6-a77a-d3ea769cc78f	9	5359536	5362028	2	-1.8964
d8e8db6d-4f38-4ef6-a77a-d3ea769cc78f	9	5362762	19301573	8462	0.1764
d8e8db6d-4f38-4ef6-a77a-d3ea769cc78f	9	19302838	19345470	33	-0.2401
d8e8db6d-4f38-4ef6-a77a-d3ea769cc78f	9	19345649	21774259	1774	0.1587
d8e8db6d-4f38-4ef6-a77a-d3ea769cc78f	9	21775338	21776616	2	-1.3292
d8e8db6d-4f38-4ef6-a77a-d3ea769cc78f	9	21779685	38747691	10027	0.1742
d8e8db6d-4f38-4ef6-a77a-d3ea769cc78f	9	38752071	138044505	44827	-0.0765
d8e8db6d-4f38-4ef6-a77a-d3ea769cc78f	10	366509	1446369	378	-0.0753
d8e8db6d-4f38-4ef6-a77a-d3ea769cc78f	10	1446443	1447947	3	-1.4359
d8e8db6d-4f38-4ef6-a77a-d3ea769cc78f	10	1448764	31978018	21900	-0.0899
d8e8db6d-4f38-4ef6-a77a-d3ea769cc78f	10	31979460	43880187	4832	-0.0513
d8e8db6d-4f38-4ef6-a77a-d3ea769cc78f	10	43880232	43880464	3	-1.8279
d8e8db6d-4f38-4ef6-a77a-d3ea769cc78f	10	43880477	61563595	9371	-0.0539
d8e8db6d-4f38-4ef6-a77a-d3ea769cc78f	10	61571836	64346041	1702	-0.0752
d8e8db6d-4f38-4ef6-a77a-d3ea769cc78f	10	64346128	133411599	42989	0.1523
d8e8db6d-4f38-4ef6-a77a-d3ea769cc78f	11	456012	774078	77	-0.4028
d8e8db6d-4f38-4ef6-a77a-d3ea769cc78f	11	774512	4071224	1194	-0.0804
d8e8db6d-4f38-4ef6-a77a-d3ea769cc78f	11	4074561	4074576	2	-1.3243
d8e8db6d-4f38-4ef6-a77a-d3ea769cc78f	11	4075287	10273556	4014	-0.0935
d8e8db6d-4f38-4ef6-a77a-d3ea769cc78f	11	10273661	11668272	1225	-0.1738
d8e8db6d-4f38-4ef6-a77a-d3ea769cc78f	11	11669721	65903039	28586	-0.0915
d8e8db6d-4f38-4ef6-a77a-d3ea769cc78f	11	65906669	65911752	5	0.6967
d8e8db6d-4f38-4ef6-a77a-d3ea769cc78f	11	65916060	66262530	168	0.3473
d8e8db6d-4f38-4ef6-a77a-d3ea769cc78f	11	66264698	66324343	23	1.0521
d8e8db6d-4f38-4ef6-a77a-d3ea769cc78f	11	66328681	66882141	180	0.651
d8e8db6d-4f38-4ef6-a77a-d3ea769cc78f	11	66882589	67529387	242	0.8984
d8e8db6d-4f38-4ef6-a77a-d3ea769cc78f	11	68003122	68791429	349	-0.0907
d8e8db6d-4f38-4ef6-a77a-d3ea769cc78f	11	68798089	68823832	17	0.7903
d8e8db6d-4f38-4ef6-a77a-d3ea769cc78f	11	68825298	68919965	55	1.1
d8e8db6d-4f38-4ef6-a77a-d3ea769cc78f	11	68924603	69400081	300	1.2611
d8e8db6d-4f38-4ef6-a77a-d3ea769cc78f	11	69403510	69555054	100	1.0126
d8e8db6d-4f38-4ef6-a77a-d3ea769cc78f	11	69557015	70127876	312	0.749
d8e8db6d-4f38-4ef6-a77a-d3ea769cc78f	11	70128317	70588199	244	0.385
d8e8db6d-4f38-4ef6-a77a-d3ea769cc78f	11	70593048	134272740	40386	-0.0932
d8e8db6d-4f38-4ef6-a77a-d3ea769cc78f	12	780472	19177550	10602	-0.0946
d8e8db6d-4f38-4ef6-a77a-d3ea769cc78f	12	19183676	19911034	433	0.1515
d8e8db6d-4f38-4ef6-a77a-d3ea769cc78f	12	19915102	24414749	2916	-0.0942
d8e8db6d-4f38-4ef6-a77a-d3ea769cc78f	12	24414804	39904693	6252	0.1356
d8e8db6d-4f38-4ef6-a77a-d3ea769cc78f	12	39905445	39910119	17	-0.7225
d8e8db6d-4f38-4ef6-a77a-d3ea769cc78f	12	39913796	48966921	5104	0.1348
d8e8db6d-4f38-4ef6-a77a-d3ea769cc78f	12	48972367	49127889	52	0.456
d8e8db6d-4f38-4ef6-a77a-d3ea769cc78f	12	49135790	79759913	18059	0.1338
d8e8db6d-4f38-4ef6-a77a-d3ea769cc78f	12	79765255	79765300	3	1.3216
d8e8db6d-4f38-4ef6-a77a-d3ea769cc78f	12	79770335	83217377	2102	0.1393
d8e8db6d-4f38-4ef6-a77a-d3ea769cc78f	12	83219150	83222430	4	-1.3656
d8e8db6d-4f38-4ef6-a77a-d3ea769cc78f	12	83222467	98860602	9716	0.1293
d8e8db6d-4f38-4ef6-a77a-d3ea769cc78f	12	98861442	99427105	322	-0.071
d8e8db6d-4f38-4ef6-a77a-d3ea769cc78f	12	99427721	125789508	15717	0.1473
d8e8db6d-4f38-4ef6-a77a-d3ea769cc78f	12	125790254	126254534	407	-0.0501
d8e8db6d-4f38-4ef6-a77a-d3ea769cc78f	12	126256425	132605822	2532	0.1212
d8e8db6d-4f38-4ef6-a77a-d3ea769cc78f	13	18874255	45519526	16801	0.4818
d8e8db6d-4f38-4ef6-a77a-d3ea769cc78f	13	45524859	65202668	9661	-0.0803
d8e8db6d-4f38-4ef6-a77a-d3ea769cc78f	13	65207081	66926317	831	0.8688
d8e8db6d-4f38-4ef6-a77a-d3ea769cc78f	13	66926332	66952349	51	0.6545
d8e8db6d-4f38-4ef6-a77a-d3ea769cc78f	13	66952422	67174388	147	0.8955
d8e8db6d-4f38-4ef6-a77a-d3ea769cc78f	13	67174430	68112433	347	0.7494
d8e8db6d-4f38-4ef6-a77a-d3ea769cc78f	13	68116374	69248948	717	0.4797
d8e8db6d-4f38-4ef6-a77a-d3ea769cc78f	13	69249740	77544372	5358	-0.0855
d8e8db6d-4f38-4ef6-a77a-d3ea769cc78f	13	77545000	77967817	238	0.8739
d8e8db6d-4f38-4ef6-a77a-d3ea769cc78f	13	77968832	95787834	10739	-0.0828
d8e8db6d-4f38-4ef6-a77a-d3ea769cc78f	13	95788285	114226675	12015	0.1377
d8e8db6d-4f38-4ef6-a77a-d3ea769cc78f	14	20033191	47750079	14276	0.3157
d8e8db6d-4f38-4ef6-a77a-d3ea769cc78f	14	47754840	48705085	460	1.1592
d8e8db6d-4f38-4ef6-a77a-d3ea769cc78f	14	48709107	105533894	34990	0.3217
d8e8db6d-4f38-4ef6-a77a-d3ea769cc78f	15	23437561	101344124	44739	-0.0855
d8e8db6d-4f38-4ef6-a77a-d3ea769cc78f	16	603333	11808337	6162	0.3669
d8e8db6d-4f38-4ef6-a77a-d3ea769cc78f	16	11810314	11819526	5	1.5629
d8e8db6d-4f38-4ef6-a77a-d3ea769cc78f	16	11822053	31841585	7861	0.3624
d8e8db6d-4f38-4ef6-a77a-d3ea769cc78f	16	46470502	48091944	650	-0.314
d8e8db6d-4f38-4ef6-a77a-d3ea769cc78f	16	48104348	48169352	49	0.1886
d8e8db6d-4f38-4ef6-a77a-d3ea769cc78f	16	48180992	48625783	241	-0.3239
d8e8db6d-4f38-4ef6-a77a-d3ea769cc78f	16	48628764	48955258	221	0.1894
d8e8db6d-4f38-4ef6-a77a-d3ea769cc78f	16	48959446	51764825	1998	-0.3458
d8e8db6d-4f38-4ef6-a77a-d3ea769cc78f	16	51767919	51807981	31	0.2472
d8e8db6d-4f38-4ef6-a77a-d3ea769cc78f	16	51812756	57281121	3979	-0.335
d8e8db6d-4f38-4ef6-a77a-d3ea769cc78f	16	57285567	57552323	138	0.1628
d8e8db6d-4f38-4ef6-a77a-d3ea769cc78f	16	57556641	57575088	16	0.9922
d8e8db6d-4f38-4ef6-a77a-d3ea769cc78f	16	57576511	57746244	119	0.1646
d8e8db6d-4f38-4ef6-a77a-d3ea769cc78f	16	57747513	66002456	5370	-0.3239
d8e8db6d-4f38-4ef6-a77a-d3ea769cc78f	16	66002619	66009478	3	-1.3935
d8e8db6d-4f38-4ef6-a77a-d3ea769cc78f	16	66010002	68005937	956	-0.3242
d8e8db6d-4f38-4ef6-a77a-d3ea769cc78f	16	68017474	69205139	592	0.5047
d8e8db6d-4f38-4ef6-a77a-d3ea769cc78f	16	69212933	69633259	195	0.3006
d8e8db6d-4f38-4ef6-a77a-d3ea769cc78f	16	69639482	69942130	160	0.145
d8e8db6d-4f38-4ef6-a77a-d3ea769cc78f	16	69942576	77427248	4128	-0.326
d8e8db6d-4f38-4ef6-a77a-d3ea769cc78f	16	77427455	77427688	2	-3.5185
d8e8db6d-4f38-4ef6-a77a-d3ea769cc78f	16	77428378	89317317	8293	-0.348
d8e8db6d-4f38-4ef6-a77a-d3ea769cc78f	17	1074619	11303558	5457	-0.0743
d8e8db6d-4f38-4ef6-a77a-d3ea769cc78f	17	11303755	11306221	3	-1.1692
d8e8db6d-4f38-4ef6-a77a-d3ea769cc78f	17	11306475	15951833	2159	-0.0805
d8e8db6d-4f38-4ef6-a77a-d3ea769cc78f	17	15957524	34611015	5465	-0.3443
d8e8db6d-4f38-4ef6-a77a-d3ea769cc78f	17	34616624	35801520	646	0.1661
d8e8db6d-4f38-4ef6-a77a-d3ea769cc78f	17	35802116	37686988	882	-0.3352
d8e8db6d-4f38-4ef6-a77a-d3ea769cc78f	17	37687498	37692801	12	0.2535
d8e8db6d-4f38-4ef6-a77a-d3ea769cc78f	17	37696710	38719062	260	-0.3603
d8e8db6d-4f38-4ef6-a77a-d3ea769cc78f	17	38733306	38848196	73	0.5682
d8e8db6d-4f38-4ef6-a77a-d3ea769cc78f	17	38852975	40602670	785	1.0456
d8e8db6d-4f38-4ef6-a77a-d3ea769cc78f	17	40604746	41041508	274	0.8147
d8e8db6d-4f38-4ef6-a77a-d3ea769cc78f	17	41120530	46741267	2004	-0.3287
d8e8db6d-4f38-4ef6-a77a-d3ea769cc78f	17	46741531	46823447	52	0.2016
d8e8db6d-4f38-4ef6-a77a-d3ea769cc78f	17	46824224	48491062	845	-0.3085
d8e8db6d-4f38-4ef6-a77a-d3ea769cc78f	17	48491854	49087874	250	0.5082
d8e8db6d-4f38-4ef6-a77a-d3ea769cc78f	17	49087966	49692072	330	0.3647
d8e8db6d-4f38-4ef6-a77a-d3ea769cc78f	17	49693055	50488211	412	-0.0529
d8e8db6d-4f38-4ef6-a77a-d3ea769cc78f	17	50488316	52652862	1221	0.1651
d8e8db6d-4f38-4ef6-a77a-d3ea769cc78f	17	52654778	55499259	1625	-0.3135
d8e8db6d-4f38-4ef6-a77a-d3ea769cc78f	17	55499295	55499349	2	-1.7923
d8e8db6d-4f38-4ef6-a77a-d3ea769cc78f	17	55499428	55549879	31	-0.3674
d8e8db6d-4f38-4ef6-a77a-d3ea769cc78f	17	55550124	61368496	3457	0.1519
d8e8db6d-4f38-4ef6-a77a-d3ea769cc78f	17	61368834	61848230	255	-0.0794
d8e8db6d-4f38-4ef6-a77a-d3ea769cc78f	17	61848919	63014897	502	0.337
d8e8db6d-4f38-4ef6-a77a-d3ea769cc78f	17	63015392	63458947	190	0.5118
d8e8db6d-4f38-4ef6-a77a-d3ea769cc78f	17	63460041	64741771	595	-0.0803
d8e8db6d-4f38-4ef6-a77a-d3ea769cc78f	17	64741996	67292922	1542	0.1643
d8e8db6d-4f38-4ef6-a77a-d3ea769cc78f	17	67296473	68029767	388	-0.0452
d8e8db6d-4f38-4ef6-a77a-d3ea769cc78f	17	68041227	68578627	238	0.5536
d8e8db6d-4f38-4ef6-a77a-d3ea769cc78f	17	68579524	68833380	217	0.3161
d8e8db6d-4f38-4ef6-a77a-d3ea769cc78f	17	68837167	70249678	881	-0.0648
d8e8db6d-4f38-4ef6-a77a-d3ea769cc78f	17	70251266	70310696	56	-0.3563
d8e8db6d-4f38-4ef6-a77a-d3ea769cc78f	17	70311708	70635749	234	-0.0832
d8e8db6d-4f38-4ef6-a77a-d3ea769cc78f	17	70637721	70658939	21	0.2553
d8e8db6d-4f38-4ef6-a77a-d3ea769cc78f	17	70660827	70692866	30	0.4007
d8e8db6d-4f38-4ef6-a77a-d3ea769cc78f	17	70692949	70715909	16	0.7125
d8e8db6d-4f38-4ef6-a77a-d3ea769cc78f	17	70720897	71402448	565	0.3483
d8e8db6d-4f38-4ef6-a77a-d3ea769cc78f	17	71403045	71850214	353	0.7048
d8e8db6d-4f38-4ef6-a77a-d3ea769cc78f	17	71850393	71928830	55	0.381
d8e8db6d-4f38-4ef6-a77a-d3ea769cc78f	17	71929225	71935333	6	0.2485
d8e8db6d-4f38-4ef6-a77a-d3ea769cc78f	17	71936965	72511023	452	-0.3308
d8e8db6d-4f38-4ef6-a77a-d3ea769cc78f	17	72511214	73089213	489	0.1804
d8e8db6d-4f38-4ef6-a77a-d3ea769cc78f	17	73089352	73829384	484	0.3712
d8e8db6d-4f38-4ef6-a77a-d3ea769cc78f	17	74695492	75020526	151	0.5629
d8e8db6d-4f38-4ef6-a77a-d3ea769cc78f	17	75021866	75114763	45	0.3356
d8e8db6d-4f38-4ef6-a77a-d3ea769cc78f	17	75116672	75419687	127	-0.27
d8e8db6d-4f38-4ef6-a77a-d3ea769cc78f	17	75420704	76090843	246	0.1694
d8e8db6d-4f38-4ef6-a77a-d3ea769cc78f	17	76091886	82959812	2864	-0.3397
d8e8db6d-4f38-4ef6-a77a-d3ea769cc78f	18	326691	3680476	1435	0.3238
d8e8db6d-4f38-4ef6-a77a-d3ea769cc78f	18	3687828	4166298	400	-0.0977
d8e8db6d-4f38-4ef6-a77a-d3ea769cc78f	18	4166571	5959259	1177	0.3273
d8e8db6d-4f38-4ef6-a77a-d3ea769cc78f	18	6602285	10933613	3270	-0.1116
d8e8db6d-4f38-4ef6-a77a-d3ea769cc78f	18	10936515	14641845	1958	0.3382
d8e8db6d-4f38-4ef6-a77a-d3ea769cc78f	18	14642857	21790878	268	0.1499
d8e8db6d-4f38-4ef6-a77a-d3ea769cc78f	18	21795919	23344185	873	-0.3829
d8e8db6d-4f38-4ef6-a77a-d3ea769cc78f	18	23345113	23350166	3	-1.3669
d8e8db6d-4f38-4ef6-a77a-d3ea769cc78f	18	23355869	23835810	251	-0.3821
d8e8db6d-4f38-4ef6-a77a-d3ea769cc78f	18	23836428	24054822	132	0.1208
d8e8db6d-4f38-4ef6-a77a-d3ea769cc78f	18	24055619	26821912	1893	0.5244
d8e8db6d-4f38-4ef6-a77a-d3ea769cc78f	18	26824092	27217736	268	0.1484
d8e8db6d-4f38-4ef6-a77a-d3ea769cc78f	18	27221226	33853623	4051	-0.3642
d8e8db6d-4f38-4ef6-a77a-d3ea769cc78f	18	33864010	35513442	921	0.1349
d8e8db6d-4f38-4ef6-a77a-d3ea769cc78f	18	35516483	47506067	7243	-0.3759
d8e8db6d-4f38-4ef6-a77a-d3ea769cc78f	18	47506909	47507034	2	-2.1917
d8e8db6d-4f38-4ef6-a77a-d3ea769cc78f	18	47507115	74223917	15281	-0.366
d8e8db6d-4f38-4ef6-a77a-d3ea769cc78f	18	74224215	78082638	2738	-0.409
d8e8db6d-4f38-4ef6-a77a-d3ea769cc78f	18	78086089	79349796	693	-0.3616
d8e8db6d-4f38-4ef6-a77a-d3ea769cc78f	19	283868	10371675	3482	-0.325
d8e8db6d-4f38-4ef6-a77a-d3ea769cc78f	19	10373876	10390969	11	0.44
d8e8db6d-4f38-4ef6-a77a-d3ea769cc78f	19	10391453	36869660	11573	-0.3299
d8e8db6d-4f38-4ef6-a77a-d3ea769cc78f	19	36870458	58370362	9065	0.1001
d8e8db6d-4f38-4ef6-a77a-d3ea769cc78f	20	472817	2733019	1559	0.1358
d8e8db6d-4f38-4ef6-a77a-d3ea769cc78f	20	2734124	2796641	48	-0.3721
d8e8db6d-4f38-4ef6-a77a-d3ea769cc78f	20	2803545	26215250	15335	0.1336
d8e8db6d-4f38-4ef6-a77a-d3ea769cc78f	20	26215627	32570575	614	0.4965
d8e8db6d-4f38-4ef6-a77a-d3ea769cc78f	20	32579198	35152054	1273	0.147
d8e8db6d-4f38-4ef6-a77a-d3ea769cc78f	20	35155909	40515165	3166	0.4611
d8e8db6d-4f38-4ef6-a77a-d3ea769cc78f	20	40515646	41730880	732	0.7356
d8e8db6d-4f38-4ef6-a77a-d3ea769cc78f	20	41731384	41731388	5	0.0123
d8e8db6d-4f38-4ef6-a77a-d3ea769cc78f	20	41732145	42408378	608	0.7563
d8e8db6d-4f38-4ef6-a77a-d3ea769cc78f	20	42415071	46115629	2298	0.4753
d8e8db6d-4f38-4ef6-a77a-d3ea769cc78f	20	46116083	46275524	105	0.8306
d8e8db6d-4f38-4ef6-a77a-d3ea769cc78f	20	46276516	50568465	2819	0.7528
d8e8db6d-4f38-4ef6-a77a-d3ea769cc78f	20	50568484	61444691	8055	0.8762
d8e8db6d-4f38-4ef6-a77a-d3ea769cc78f	20	61444881	61901897	269	-0.0568
d8e8db6d-4f38-4ef6-a77a-d3ea769cc78f	20	61912753	62350803	232	0.9214
d8e8db6d-4f38-4ef6-a77a-d3ea769cc78f	20	62362541	63588502	412	-0.0574
d8e8db6d-4f38-4ef6-a77a-d3ea769cc78f	21	13974127	39255094	16528	-0.0824
d8e8db6d-4f38-4ef6-a77a-d3ea769cc78f	21	39256839	39343339	38	-0.72
d8e8db6d-4f38-4ef6-a77a-d3ea769cc78f	21	39345483	46262057	4001	-0.0791
d8e8db6d-4f38-4ef6-a77a-d3ea769cc78f	22	16934932	48940621	17064	-0.3373
d8e8db6d-4f38-4ef6-a77a-d3ea769cc78f	X	3236359	99415494	38113	0.0372
d8e8db6d-4f38-4ef6-a77a-d3ea769cc78f	X	99417583	99663393	107	0.4083
d8e8db6d-4f38-4ef6-a77a-d3ea769cc78f	X	99663449	99713835	25	0.099
d8e8db6d-4f38-4ef6-a77a-d3ea769cc78f	X	99713942	117175403	8031	-0.1983
d8e8db6d-4f38-4ef6-a77a-d3ea769cc78f	X	117176723	155677414	17645	0.0356
