GDC_Aliquot	Chromosome	Start	End	Num_Probes	Segment_Mean
3d4cd6eb-ca45-46e6-8aa0-62ec89bdc9a6	1	62920	16542868	8650	0.0068
3d4cd6eb-ca45-46e6-8aa0-62ec89bdc9a6	1	16544783	16685961	34	0.4012
3d4cd6eb-ca45-46e6-8aa0-62ec89bdc9a6	1	16686246	16721984	8	-0.6031
3d4cd6eb-ca45-46e6-8aa0-62ec89bdc9a6	1	16766762	16785682	11	0.1139
3d4cd6eb-ca45-46e6-8aa0-62ec89bdc9a6	1	16787932	16935737	57	-0.4964
3d4cd6eb-ca45-46e6-8aa0-62ec89bdc9a6	1	16935752	72297687	34031	0.0054
3d4cd6eb-ca45-46e6-8aa0-62ec89bdc9a6	1	72302735	72345465	48	1.3157
3d4cd6eb-ca45-46e6-8aa0-62ec89bdc9a6	1	72346221	108223733	22937	0.002
3d4cd6eb-ca45-46e6-8aa0-62ec89bdc9a6	1	108226680	108274557	2	-3.2373
3d4cd6eb-ca45-46e6-8aa0-62ec89bdc9a6	1	108310648	109684893	675	0.0096
3d4cd6eb-ca45-46e6-8aa0-62ec89bdc9a6	1	109690352	109702376	14	1.3336
3d4cd6eb-ca45-46e6-8aa0-62ec89bdc9a6	1	109703504	121593930	7132	0.0086
3d4cd6eb-ca45-46e6-8aa0-62ec89bdc9a6	1	121597150	143748012	102	-0.6618
3d4cd6eb-ca45-46e6-8aa0-62ec89bdc9a6	1	143748074	152582700	2344	0.01
3d4cd6eb-ca45-46e6-8aa0-62ec89bdc9a6	1	152583051	152614118	36	0.5243
3d4cd6eb-ca45-46e6-8aa0-62ec89bdc9a6	1	152618018	169247699	11493	0.0065
3d4cd6eb-ca45-46e6-8aa0-62ec89bdc9a6	1	169264736	169273163	8	0.7768
3d4cd6eb-ca45-46e6-8aa0-62ec89bdc9a6	1	169285639	174827128	3517	0.0092
3d4cd6eb-ca45-46e6-8aa0-62ec89bdc9a6	1	174827267	174828195	8	-0.9134
3d4cd6eb-ca45-46e6-8aa0-62ec89bdc9a6	1	174828247	185126692	6999	0.0058
3d4cd6eb-ca45-46e6-8aa0-62ec89bdc9a6	1	185127119	185160305	15	0.6464
3d4cd6eb-ca45-46e6-8aa0-62ec89bdc9a6	1	185164934	196761905	7642	-0.0011
3d4cd6eb-ca45-46e6-8aa0-62ec89bdc9a6	1	196762480	196846661	59	-0.3425
3d4cd6eb-ca45-46e6-8aa0-62ec89bdc9a6	1	196847600	199142235	1376	0.005
3d4cd6eb-ca45-46e6-8aa0-62ec89bdc9a6	1	199142298	199143883	7	-1.0243
3d4cd6eb-ca45-46e6-8aa0-62ec89bdc9a6	1	199144712	216484506	11885	0.0072
3d4cd6eb-ca45-46e6-8aa0-62ec89bdc9a6	1	216493016	216493379	2	-1.8373
3d4cd6eb-ca45-46e6-8aa0-62ec89bdc9a6	1	216493522	248930189	22556	0.0061
3d4cd6eb-ca45-46e6-8aa0-62ec89bdc9a6	2	12784	1287127	842	0.0448
3d4cd6eb-ca45-46e6-8aa0-62ec89bdc9a6	2	1287324	1289899	3	1.2528
3d4cd6eb-ca45-46e6-8aa0-62ec89bdc9a6	2	1290267	4169706	2151	0.0059
3d4cd6eb-ca45-46e6-8aa0-62ec89bdc9a6	2	4169966	4171952	13	-1.1545
3d4cd6eb-ca45-46e6-8aa0-62ec89bdc9a6	2	4172309	24386596	14936	0.005
3d4cd6eb-ca45-46e6-8aa0-62ec89bdc9a6	2	24386777	24387919	9	-1.0076
3d4cd6eb-ca45-46e6-8aa0-62ec89bdc9a6	2	24388259	35750907	7060	0.0044
3d4cd6eb-ca45-46e6-8aa0-62ec89bdc9a6	2	35752724	35762850	6	-1.9202
3d4cd6eb-ca45-46e6-8aa0-62ec89bdc9a6	2	35762881	40353778	3396	0.0148
3d4cd6eb-ca45-46e6-8aa0-62ec89bdc9a6	2	40353930	40353948	2	-1.7239
3d4cd6eb-ca45-46e6-8aa0-62ec89bdc9a6	2	40355918	52514599	8732	-0.0006
3d4cd6eb-ca45-46e6-8aa0-62ec89bdc9a6	2	52516787	52554188	34	0.5151
3d4cd6eb-ca45-46e6-8aa0-62ec89bdc9a6	2	52554236	87134049	22026	0.0081
3d4cd6eb-ca45-46e6-8aa0-62ec89bdc9a6	2	87146770	87747102	116	0.4681
3d4cd6eb-ca45-46e6-8aa0-62ec89bdc9a6	2	87835245	106263639	7306	-0.0024
3d4cd6eb-ca45-46e6-8aa0-62ec89bdc9a6	2	106264257	106270952	13	0.6156
3d4cd6eb-ca45-46e6-8aa0-62ec89bdc9a6	2	106271414	128880504	13393	0.006
3d4cd6eb-ca45-46e6-8aa0-62ec89bdc9a6	2	128880904	128882723	14	-0.8318
3d4cd6eb-ca45-46e6-8aa0-62ec89bdc9a6	2	128882741	146107526	10429	0.0046
3d4cd6eb-ca45-46e6-8aa0-62ec89bdc9a6	2	146107615	146109366	17	-1.9712
3d4cd6eb-ca45-46e6-8aa0-62ec89bdc9a6	2	146120238	188254196	25737	0.0014
3d4cd6eb-ca45-46e6-8aa0-62ec89bdc9a6	2	188255201	188262203	4	-2.5383
3d4cd6eb-ca45-46e6-8aa0-62ec89bdc9a6	2	188264331	193823021	3142	0.0091
3d4cd6eb-ca45-46e6-8aa0-62ec89bdc9a6	2	193825580	193829074	2	1.6203
3d4cd6eb-ca45-46e6-8aa0-62ec89bdc9a6	2	193837590	194451916	325	-0.0133
3d4cd6eb-ca45-46e6-8aa0-62ec89bdc9a6	2	194452517	194461120	3	-1.2515
3d4cd6eb-ca45-46e6-8aa0-62ec89bdc9a6	2	194465528	207485902	7767	0.0012
3d4cd6eb-ca45-46e6-8aa0-62ec89bdc9a6	2	207486030	207494795	21	0.4531
3d4cd6eb-ca45-46e6-8aa0-62ec89bdc9a6	2	207494836	213340209	3774	-0.0043
3d4cd6eb-ca45-46e6-8aa0-62ec89bdc9a6	2	213341323	213341353	2	-1.5877
3d4cd6eb-ca45-46e6-8aa0-62ec89bdc9a6	2	213344255	241841244	18183	0.0047
3d4cd6eb-ca45-46e6-8aa0-62ec89bdc9a6	2	241973315	242092368	102	-0.9738
3d4cd6eb-ca45-46e6-8aa0-62ec89bdc9a6	2	242095460	242147305	24	0.1253
3d4cd6eb-ca45-46e6-8aa0-62ec89bdc9a6	3	20930	47437019	33508	0.0006
3d4cd6eb-ca45-46e6-8aa0-62ec89bdc9a6	3	47450332	47451230	2	-2.956
3d4cd6eb-ca45-46e6-8aa0-62ec89bdc9a6	3	47455724	52997747	2227	0.0062
3d4cd6eb-ca45-46e6-8aa0-62ec89bdc9a6	3	52997793	53005247	35	-0.6449
3d4cd6eb-ca45-46e6-8aa0-62ec89bdc9a6	3	53005263	68697013	12038	0.0047
3d4cd6eb-ca45-46e6-8aa0-62ec89bdc9a6	3	68697108	68698262	14	-0.6625
3d4cd6eb-ca45-46e6-8aa0-62ec89bdc9a6	3	68699607	130044016	34667	0.0028
3d4cd6eb-ca45-46e6-8aa0-62ec89bdc9a6	3	130044855	130088081	39	0.6341
3d4cd6eb-ca45-46e6-8aa0-62ec89bdc9a6	3	130088155	162815162	20289	-0.0022
3d4cd6eb-ca45-46e6-8aa0-62ec89bdc9a6	3	162816942	162822702	6	2.0982
3d4cd6eb-ca45-46e6-8aa0-62ec89bdc9a6	3	162827928	189642489	16720	-0.0025
3d4cd6eb-ca45-46e6-8aa0-62ec89bdc9a6	3	189642965	189653199	13	-0.9305
3d4cd6eb-ca45-46e6-8aa0-62ec89bdc9a6	3	189653225	193156018	2489	0.0053
3d4cd6eb-ca45-46e6-8aa0-62ec89bdc9a6	3	193156958	193165114	21	0.4547
3d4cd6eb-ca45-46e6-8aa0-62ec89bdc9a6	3	193168646	195691392	1490	0.013
3d4cd6eb-ca45-46e6-8aa0-62ec89bdc9a6	3	195695418	195719726	16	0.603
3d4cd6eb-ca45-46e6-8aa0-62ec89bdc9a6	3	195719871	198169247	1188	-0.0132
3d4cd6eb-ca45-46e6-8aa0-62ec89bdc9a6	4	68929	5156957	2423	-0.0057
3d4cd6eb-ca45-46e6-8aa0-62ec89bdc9a6	4	5157525	5157927	2	-1.618
3d4cd6eb-ca45-46e6-8aa0-62ec89bdc9a6	4	5159044	9455251	2737	0.0047
3d4cd6eb-ca45-46e6-8aa0-62ec89bdc9a6	4	9459504	9463248	3	1.2644
3d4cd6eb-ca45-46e6-8aa0-62ec89bdc9a6	4	9469529	10208766	543	0.0379
3d4cd6eb-ca45-46e6-8aa0-62ec89bdc9a6	4	10212536	10229874	29	-1.7518
3d4cd6eb-ca45-46e6-8aa0-62ec89bdc9a6	4	10232590	10389091	178	0.0342
3d4cd6eb-ca45-46e6-8aa0-62ec89bdc9a6	4	10390730	10397677	11	0.6682
3d4cd6eb-ca45-46e6-8aa0-62ec89bdc9a6	4	10397711	32392452	15449	0.0033
3d4cd6eb-ca45-46e6-8aa0-62ec89bdc9a6	4	32398929	32399891	5	1.129
3d4cd6eb-ca45-46e6-8aa0-62ec89bdc9a6	4	32403692	34777353	1338	-0.0111
3d4cd6eb-ca45-46e6-8aa0-62ec89bdc9a6	4	34777382	34828306	45	-0.58
3d4cd6eb-ca45-46e6-8aa0-62ec89bdc9a6	4	34828327	63260711	16246	-0.0029
3d4cd6eb-ca45-46e6-8aa0-62ec89bdc9a6	4	63260746	63262869	2	-2.111
3d4cd6eb-ca45-46e6-8aa0-62ec89bdc9a6	4	63263204	63842099	341	-0.016
3d4cd6eb-ca45-46e6-8aa0-62ec89bdc9a6	4	63842411	63850713	5	-1.2378
3d4cd6eb-ca45-46e6-8aa0-62ec89bdc9a6	4	63851308	68418873	2859	-0.0024
3d4cd6eb-ca45-46e6-8aa0-62ec89bdc9a6	4	68422420	68422424	3	-2.0451
3d4cd6eb-ca45-46e6-8aa0-62ec89bdc9a6	4	68429081	69265628	398	-0.0359
3d4cd6eb-ca45-46e6-8aa0-62ec89bdc9a6	4	69266404	69436722	90	0.2522
3d4cd6eb-ca45-46e6-8aa0-62ec89bdc9a6	4	69437813	76368633	4216	0.0039
3d4cd6eb-ca45-46e6-8aa0-62ec89bdc9a6	4	76370923	76371213	4	-2.2155
3d4cd6eb-ca45-46e6-8aa0-62ec89bdc9a6	4	76371648	114254167	23076	0.0025
3d4cd6eb-ca45-46e6-8aa0-62ec89bdc9a6	4	114254188	114257771	7	0.82
3d4cd6eb-ca45-46e6-8aa0-62ec89bdc9a6	4	114257811	114260672	13	0.2881
3d4cd6eb-ca45-46e6-8aa0-62ec89bdc9a6	4	114260754	114263096	4	1.2959
3d4cd6eb-ca45-46e6-8aa0-62ec89bdc9a6	4	114263110	116395594	1288	-0.0187
3d4cd6eb-ca45-46e6-8aa0-62ec89bdc9a6	4	116399089	116414107	6	-0.8617
3d4cd6eb-ca45-46e6-8aa0-62ec89bdc9a6	4	116414452	116964099	364	0.0086
3d4cd6eb-ca45-46e6-8aa0-62ec89bdc9a6	4	116964403	116965730	2	-1.3268
3d4cd6eb-ca45-46e6-8aa0-62ec89bdc9a6	4	116966550	121360818	2678	-0.0002
3d4cd6eb-ca45-46e6-8aa0-62ec89bdc9a6	4	121361313	121363827	27	-0.7253
3d4cd6eb-ca45-46e6-8aa0-62ec89bdc9a6	4	121363980	126111475	2736	0.0027
3d4cd6eb-ca45-46e6-8aa0-62ec89bdc9a6	4	126112175	126112205	3	-1.2706
3d4cd6eb-ca45-46e6-8aa0-62ec89bdc9a6	4	126124841	137018622	6028	-0.0011
3d4cd6eb-ca45-46e6-8aa0-62ec89bdc9a6	4	137018642	137025215	12	-0.8128
3d4cd6eb-ca45-46e6-8aa0-62ec89bdc9a6	4	137027745	150957111	8464	-0.0029
3d4cd6eb-ca45-46e6-8aa0-62ec89bdc9a6	4	150957159	150963148	19	-0.8924
3d4cd6eb-ca45-46e6-8aa0-62ec89bdc9a6	4	150963154	160119586	5707	0.0004
3d4cd6eb-ca45-46e6-8aa0-62ec89bdc9a6	4	160120116	160149637	41	-1.0335
3d4cd6eb-ca45-46e6-8aa0-62ec89bdc9a6	4	160162718	166537623	4208	-0.0097
3d4cd6eb-ca45-46e6-8aa0-62ec89bdc9a6	4	166544564	166577301	17	-0.8844
3d4cd6eb-ca45-46e6-8aa0-62ec89bdc9a6	4	166579463	169922993	2082	0.0001
3d4cd6eb-ca45-46e6-8aa0-62ec89bdc9a6	4	169923329	169925890	4	-1.1196
3d4cd6eb-ca45-46e6-8aa0-62ec89bdc9a6	4	169926381	171448195	969	-0.0105
3d4cd6eb-ca45-46e6-8aa0-62ec89bdc9a6	4	171453733	171456559	10	-0.8312
3d4cd6eb-ca45-46e6-8aa0-62ec89bdc9a6	4	171456573	172068073	402	-0.0076
3d4cd6eb-ca45-46e6-8aa0-62ec89bdc9a6	4	172068149	172068382	9	-1.0068
3d4cd6eb-ca45-46e6-8aa0-62ec89bdc9a6	4	172074828	179151771	4365	0.007
3d4cd6eb-ca45-46e6-8aa0-62ec89bdc9a6	4	179151797	179156229	4	-1.1526
3d4cd6eb-ca45-46e6-8aa0-62ec89bdc9a6	4	179156338	180554553	1066	-0.0075
3d4cd6eb-ca45-46e6-8aa0-62ec89bdc9a6	4	180555299	180556671	4	-1.5473
3d4cd6eb-ca45-46e6-8aa0-62ec89bdc9a6	4	180557519	189267889	6290	0.0023
3d4cd6eb-ca45-46e6-8aa0-62ec89bdc9a6	4	189273964	189278110	4	-2.8701
3d4cd6eb-ca45-46e6-8aa0-62ec89bdc9a6	4	189278617	190106768	350	-0.0051
3d4cd6eb-ca45-46e6-8aa0-62ec89bdc9a6	5	15532	685389	305	0.0026
3d4cd6eb-ca45-46e6-8aa0-62ec89bdc9a6	5	685633	773453	28	0.6611
3d4cd6eb-ca45-46e6-8aa0-62ec89bdc9a6	5	779766	8702002	6608	0.0108
3d4cd6eb-ca45-46e6-8aa0-62ec89bdc9a6	5	8702128	8747030	48	-1.0478
3d4cd6eb-ca45-46e6-8aa0-62ec89bdc9a6	5	8749619	12819263	3210	-0.0016
3d4cd6eb-ca45-46e6-8aa0-62ec89bdc9a6	5	12819554	12826538	7	-1.3239
3d4cd6eb-ca45-46e6-8aa0-62ec89bdc9a6	5	12833745	58025819	25560	0.0004
3d4cd6eb-ca45-46e6-8aa0-62ec89bdc9a6	5	58030200	58037706	32	1.8658
3d4cd6eb-ca45-46e6-8aa0-62ec89bdc9a6	5	58042530	76144597	10439	0.0007
3d4cd6eb-ca45-46e6-8aa0-62ec89bdc9a6	5	76147403	76154319	15	0.5519
3d4cd6eb-ca45-46e6-8aa0-62ec89bdc9a6	5	76154351	99500868	13480	0.0036
3d4cd6eb-ca45-46e6-8aa0-62ec89bdc9a6	5	99504170	99504922	2	-2.1495
3d4cd6eb-ca45-46e6-8aa0-62ec89bdc9a6	5	99508633	181363319	53177	0.0028
3d4cd6eb-ca45-46e6-8aa0-62ec89bdc9a6	6	149661	29882603	21681	0.0042
3d4cd6eb-ca45-46e6-8aa0-62ec89bdc9a6	6	29903859	29933799	16	-0.6822
3d4cd6eb-ca45-46e6-8aa0-62ec89bdc9a6	6	29940692	31318499	644	0.0405
3d4cd6eb-ca45-46e6-8aa0-62ec89bdc9a6	6	31318528	31328176	7	-1.9672
3d4cd6eb-ca45-46e6-8aa0-62ec89bdc9a6	6	31328210	32533522	519	0.0407
3d4cd6eb-ca45-46e6-8aa0-62ec89bdc9a6	6	32540699	32572834	11	-1.3238
3d4cd6eb-ca45-46e6-8aa0-62ec89bdc9a6	6	32576532	32720838	73	0.0086
3d4cd6eb-ca45-46e6-8aa0-62ec89bdc9a6	6	32720855	32721076	2	-2.2956
3d4cd6eb-ca45-46e6-8aa0-62ec89bdc9a6	6	32721547	72508989	23210	0.0016
3d4cd6eb-ca45-46e6-8aa0-62ec89bdc9a6	6	72512139	72512361	2	-2.3404
3d4cd6eb-ca45-46e6-8aa0-62ec89bdc9a6	6	72518093	78252909	3621	-0.0023
3d4cd6eb-ca45-46e6-8aa0-62ec89bdc9a6	6	78253157	78322600	110	0.2891
3d4cd6eb-ca45-46e6-8aa0-62ec89bdc9a6	6	78322875	80574921	1438	-0.0279
3d4cd6eb-ca45-46e6-8aa0-62ec89bdc9a6	6	80574999	80584624	30	-1.0347
3d4cd6eb-ca45-46e6-8aa0-62ec89bdc9a6	6	80584682	170741917	58247	0.0026
3d4cd6eb-ca45-46e6-8aa0-62ec89bdc9a6	7	43355	70955452	44626	-0.0004
3d4cd6eb-ca45-46e6-8aa0-62ec89bdc9a6	7	70958264	70961155	2	-2.2611
3d4cd6eb-ca45-46e6-8aa0-62ec89bdc9a6	7	70963257	88872342	10014	-0.0008
3d4cd6eb-ca45-46e6-8aa0-62ec89bdc9a6	7	88881919	89159796	199	-0.1537
3d4cd6eb-ca45-46e6-8aa0-62ec89bdc9a6	7	89159948	109797043	12110	-0.0006
3d4cd6eb-ca45-46e6-8aa0-62ec89bdc9a6	7	109797044	109813853	28	0.4486
3d4cd6eb-ca45-46e6-8aa0-62ec89bdc9a6	7	109813925	111425236	1090	-0.0215
3d4cd6eb-ca45-46e6-8aa0-62ec89bdc9a6	7	111425438	111426603	5	-1.5471
3d4cd6eb-ca45-46e6-8aa0-62ec89bdc9a6	7	111429358	112468373	666	0.0086
3d4cd6eb-ca45-46e6-8aa0-62ec89bdc9a6	7	112469668	112495152	25	-0.4087
3d4cd6eb-ca45-46e6-8aa0-62ec89bdc9a6	7	112496231	144255800	19431	0.0025
3d4cd6eb-ca45-46e6-8aa0-62ec89bdc9a6	7	144255817	144312471	5	-1.4122
3d4cd6eb-ca45-46e6-8aa0-62ec89bdc9a6	7	144326306	159334314	9653	-0.0027
3d4cd6eb-ca45-46e6-8aa0-62ec89bdc9a6	8	81254	643041	321	0.0382
3d4cd6eb-ca45-46e6-8aa0-62ec89bdc9a6	8	644944	645908	10	1.2285
3d4cd6eb-ca45-46e6-8aa0-62ec89bdc9a6	8	656117	3929538	3023	0.0105
3d4cd6eb-ca45-46e6-8aa0-62ec89bdc9a6	8	3929561	3932584	23	-0.8103
3d4cd6eb-ca45-46e6-8aa0-62ec89bdc9a6	8	3933696	7982198	4407	0.016
3d4cd6eb-ca45-46e6-8aa0-62ec89bdc9a6	8	8007744	8214781	15	0.7549
3d4cd6eb-ca45-46e6-8aa0-62ec89bdc9a6	8	8234503	12143614	3228	0.0126
3d4cd6eb-ca45-46e6-8aa0-62ec89bdc9a6	8	12176798	12496221	36	-0.5146
3d4cd6eb-ca45-46e6-8aa0-62ec89bdc9a6	8	12496252	39373140	19470	0.0025
3d4cd6eb-ca45-46e6-8aa0-62ec89bdc9a6	8	39378084	39529446	59	0.8788
3d4cd6eb-ca45-46e6-8aa0-62ec89bdc9a6	8	39530780	50119451	4584	-0.0066
3d4cd6eb-ca45-46e6-8aa0-62ec89bdc9a6	8	50119464	50120863	8	-0.9605
3d4cd6eb-ca45-46e6-8aa0-62ec89bdc9a6	8	50126018	56133301	3941	0.0013
3d4cd6eb-ca45-46e6-8aa0-62ec89bdc9a6	8	56133754	56137759	3	-1.2346
3d4cd6eb-ca45-46e6-8aa0-62ec89bdc9a6	8	56139939	71303076	9368	0.0001
3d4cd6eb-ca45-46e6-8aa0-62ec89bdc9a6	8	71303129	71304364	6	-1.7977
3d4cd6eb-ca45-46e6-8aa0-62ec89bdc9a6	8	71307628	141555378	45572	0.0026
3d4cd6eb-ca45-46e6-8aa0-62ec89bdc9a6	8	141556387	141585696	36	0.3477
3d4cd6eb-ca45-46e6-8aa0-62ec89bdc9a6	8	141585817	145072769	1432	0.0054
3d4cd6eb-ca45-46e6-8aa0-62ec89bdc9a6	9	46587	5079156	5246	0.0228
3d4cd6eb-ca45-46e6-8aa0-62ec89bdc9a6	9	5081416	5083017	13	-0.8065
3d4cd6eb-ca45-46e6-8aa0-62ec89bdc9a6	9	5084226	22492890	14589	0.0009
3d4cd6eb-ca45-46e6-8aa0-62ec89bdc9a6	9	22501914	22502700	2	-4.7532
3d4cd6eb-ca45-46e6-8aa0-62ec89bdc9a6	9	22509341	23361807	581	-0.0119
3d4cd6eb-ca45-46e6-8aa0-62ec89bdc9a6	9	23363117	23373486	8	0.7967
3d4cd6eb-ca45-46e6-8aa0-62ec89bdc9a6	9	23378490	40189830	10761	0.0015
3d4cd6eb-ca45-46e6-8aa0-62ec89bdc9a6	9	40228981	41635766	82	-0.456
3d4cd6eb-ca45-46e6-8aa0-62ec89bdc9a6	9	41639988	42014203	15	-0.0194
3d4cd6eb-ca45-46e6-8aa0-62ec89bdc9a6	9	42037471	42501791	33	-1.6025
3d4cd6eb-ca45-46e6-8aa0-62ec89bdc9a6	9	42524983	61405110	59	-0.0189
3d4cd6eb-ca45-46e6-8aa0-62ec89bdc9a6	9	61520021	61692082	34	0.5859
3d4cd6eb-ca45-46e6-8aa0-62ec89bdc9a6	9	61692688	77155594	6676	0.0077
3d4cd6eb-ca45-46e6-8aa0-62ec89bdc9a6	9	77155713	77162488	27	0.6481
3d4cd6eb-ca45-46e6-8aa0-62ec89bdc9a6	9	77171212	103044712	17763	0.0035
3d4cd6eb-ca45-46e6-8aa0-62ec89bdc9a6	9	103047872	103084200	19	-0.5886
3d4cd6eb-ca45-46e6-8aa0-62ec89bdc9a6	9	103086527	110262162	5597	-0.0069
3d4cd6eb-ca45-46e6-8aa0-62ec89bdc9a6	9	110262509	110265889	2	-3.3573
3d4cd6eb-ca45-46e6-8aa0-62ec89bdc9a6	9	110270151	133074203	15612	0.0047
3d4cd6eb-ca45-46e6-8aa0-62ec89bdc9a6	9	133075508	133090275	8	0.7627
3d4cd6eb-ca45-46e6-8aa0-62ec89bdc9a6	9	133092215	138200944	2402	-0.0029
3d4cd6eb-ca45-46e6-8aa0-62ec89bdc9a6	10	45792	1878846	1324	0.0337
3d4cd6eb-ca45-46e6-8aa0-62ec89bdc9a6	10	1879212	1879226	2	-1.4705
3d4cd6eb-ca45-46e6-8aa0-62ec89bdc9a6	10	1880102	2027814	137	0.0158
3d4cd6eb-ca45-46e6-8aa0-62ec89bdc9a6	10	2030079	2030513	4	-0.9323
3d4cd6eb-ca45-46e6-8aa0-62ec89bdc9a6	10	2030559	6369253	3935	0.0175
3d4cd6eb-ca45-46e6-8aa0-62ec89bdc9a6	10	6369395	6369519	5	1.379
3d4cd6eb-ca45-46e6-8aa0-62ec89bdc9a6	10	6376792	46560525	26316	0.0046
3d4cd6eb-ca45-46e6-8aa0-62ec89bdc9a6	10	46606240	46632302	5	-1.201
3d4cd6eb-ca45-46e6-8aa0-62ec89bdc9a6	10	46657149	56756643	6551	-0.0015
3d4cd6eb-ca45-46e6-8aa0-62ec89bdc9a6	10	56756761	56766578	35	-0.8528
3d4cd6eb-ca45-46e6-8aa0-62ec89bdc9a6	10	56766637	130442171	50370	0.0072
3d4cd6eb-ca45-46e6-8aa0-62ec89bdc9a6	10	130442185	131092340	606	0.1027
3d4cd6eb-ca45-46e6-8aa0-62ec89bdc9a6	10	131096581	133432275	1273	0.0065
3d4cd6eb-ca45-46e6-8aa0-62ec89bdc9a6	10	133438612	133561696	103	-1.1193
3d4cd6eb-ca45-46e6-8aa0-62ec89bdc9a6	10	133562190	133654968	38	-0.1264
3d4cd6eb-ca45-46e6-8aa0-62ec89bdc9a6	11	198510	4280126	1753	0.0219
3d4cd6eb-ca45-46e6-8aa0-62ec89bdc9a6	11	4280138	4280161	3	-0.9882
3d4cd6eb-ca45-46e6-8aa0-62ec89bdc9a6	11	4286190	4314837	8	-0.211
3d4cd6eb-ca45-46e6-8aa0-62ec89bdc9a6	11	4325579	4337579	3	-1.3467
3d4cd6eb-ca45-46e6-8aa0-62ec89bdc9a6	11	4337826	4946021	648	-0.0152
3d4cd6eb-ca45-46e6-8aa0-62ec89bdc9a6	11	4946166	4949137	9	-0.7469
3d4cd6eb-ca45-46e6-8aa0-62ec89bdc9a6	11	4950775	4955042	23	-1.8212
3d4cd6eb-ca45-46e6-8aa0-62ec89bdc9a6	11	4955781	5773478	798	0.0178
3d4cd6eb-ca45-46e6-8aa0-62ec89bdc9a6	11	5776383	5787818	18	0.5593
3d4cd6eb-ca45-46e6-8aa0-62ec89bdc9a6	11	5787909	18919323	9412	0.0039
3d4cd6eb-ca45-46e6-8aa0-62ec89bdc9a6	11	18927525	18929959	13	-0.5095
3d4cd6eb-ca45-46e6-8aa0-62ec89bdc9a6	11	18930146	22447934	3015	0.0148
3d4cd6eb-ca45-46e6-8aa0-62ec89bdc9a6	11	22450055	22451212	4	-1.1902
3d4cd6eb-ca45-46e6-8aa0-62ec89bdc9a6	11	22451596	49737435	18056	0.005
3d4cd6eb-ca45-46e6-8aa0-62ec89bdc9a6	11	49738003	49739136	6	-1.004
3d4cd6eb-ca45-46e6-8aa0-62ec89bdc9a6	11	49744609	55609035	733	0.0034
3d4cd6eb-ca45-46e6-8aa0-62ec89bdc9a6	11	55609158	55674842	38	-0.4967
3d4cd6eb-ca45-46e6-8aa0-62ec89bdc9a6	11	55676735	81792426	14592	0.0051
3d4cd6eb-ca45-46e6-8aa0-62ec89bdc9a6	11	81792950	81806116	10	-1.0704
3d4cd6eb-ca45-46e6-8aa0-62ec89bdc9a6	11	81811590	100144453	12675	0.0028
3d4cd6eb-ca45-46e6-8aa0-62ec89bdc9a6	11	100146316	100158966	10	0.6646
3d4cd6eb-ca45-46e6-8aa0-62ec89bdc9a6	11	100160299	133940062	24198	0.0029
3d4cd6eb-ca45-46e6-8aa0-62ec89bdc9a6	11	133943731	135074876	845	0.0827
3d4cd6eb-ca45-46e6-8aa0-62ec89bdc9a6	12	51460	37593924	23646	0.0084
3d4cd6eb-ca45-46e6-8aa0-62ec89bdc9a6	12	37618765	37620216	2	-1.8964
3d4cd6eb-ca45-46e6-8aa0-62ec89bdc9a6	12	37640556	45510655	4762	-0.0002
3d4cd6eb-ca45-46e6-8aa0-62ec89bdc9a6	12	45512057	45515754	3	-2.8869
3d4cd6eb-ca45-46e6-8aa0-62ec89bdc9a6	12	45519509	127851922	52561	0.0044
3d4cd6eb-ca45-46e6-8aa0-62ec89bdc9a6	12	127853385	133201603	3900	0.0477
3d4cd6eb-ca45-46e6-8aa0-62ec89bdc9a6	13	18452809	24058001	3633	0.0152
3d4cd6eb-ca45-46e6-8aa0-62ec89bdc9a6	13	24058256	24058538	2	-2.2332
3d4cd6eb-ca45-46e6-8aa0-62ec89bdc9a6	13	24058911	24455250	352	0.0414
3d4cd6eb-ca45-46e6-8aa0-62ec89bdc9a6	13	24455263	24465919	17	-0.4508
3d4cd6eb-ca45-46e6-8aa0-62ec89bdc9a6	13	24465961	28087511	2681	0.0123
3d4cd6eb-ca45-46e6-8aa0-62ec89bdc9a6	13	28087561	28087694	4	-1.0688
3d4cd6eb-ca45-46e6-8aa0-62ec89bdc9a6	13	28087754	37496233	6798	0.0129
3d4cd6eb-ca45-46e6-8aa0-62ec89bdc9a6	13	37496998	37514250	20	0.6039
3d4cd6eb-ca45-46e6-8aa0-62ec89bdc9a6	13	37514472	38478674	698	0.0015
3d4cd6eb-ca45-46e6-8aa0-62ec89bdc9a6	13	38483435	38483919	2	-2.3007
3d4cd6eb-ca45-46e6-8aa0-62ec89bdc9a6	13	38490920	43173853	3309	-0.001
3d4cd6eb-ca45-46e6-8aa0-62ec89bdc9a6	13	43174154	43174360	2	-1.7474
3d4cd6eb-ca45-46e6-8aa0-62ec89bdc9a6	13	43174759	52520664	5891	0.0048
3d4cd6eb-ca45-46e6-8aa0-62ec89bdc9a6	13	52523849	52531650	3	-2.013
3d4cd6eb-ca45-46e6-8aa0-62ec89bdc9a6	13	52543744	82590399	18937	0.0045
3d4cd6eb-ca45-46e6-8aa0-62ec89bdc9a6	13	82594832	82596543	2	-4.2595
3d4cd6eb-ca45-46e6-8aa0-62ec89bdc9a6	13	82598520	111571776	20436	0.0043
3d4cd6eb-ca45-46e6-8aa0-62ec89bdc9a6	13	111574099	111574160	2	-1.8122
3d4cd6eb-ca45-46e6-8aa0-62ec89bdc9a6	13	111574465	114342922	1386	0.0209
3d4cd6eb-ca45-46e6-8aa0-62ec89bdc9a6	14	18239283	19675350	63	-0.0569
3d4cd6eb-ca45-46e6-8aa0-62ec89bdc9a6	14	19689684	19959454	112	0.2013
3d4cd6eb-ca45-46e6-8aa0-62ec89bdc9a6	14	19964642	20482024	371	-0.0211
3d4cd6eb-ca45-46e6-8aa0-62ec89bdc9a6	14	20482102	20492279	18	-0.45
3d4cd6eb-ca45-46e6-8aa0-62ec89bdc9a6	14	20492303	20707115	172	0.0142
3d4cd6eb-ca45-46e6-8aa0-62ec89bdc9a6	14	20707930	20707933	2	-1.9069
3d4cd6eb-ca45-46e6-8aa0-62ec89bdc9a6	14	20710239	22094521	911	-0.0035
3d4cd6eb-ca45-46e6-8aa0-62ec89bdc9a6	14	22095084	22095440	2	-1.7721
3d4cd6eb-ca45-46e6-8aa0-62ec89bdc9a6	14	22095895	106340774	53502	0.0065
3d4cd6eb-ca45-46e6-8aa0-62ec89bdc9a6	14	106345431	106370181	10	0.7051
3d4cd6eb-ca45-46e6-8aa0-62ec89bdc9a6	14	106370708	106423925	26	-0.0645
3d4cd6eb-ca45-46e6-8aa0-62ec89bdc9a6	14	106425447	106487827	51	-0.7861
3d4cd6eb-ca45-46e6-8aa0-62ec89bdc9a6	14	106492557	106877229	191	-0.0174
3d4cd6eb-ca45-46e6-8aa0-62ec89bdc9a6	15	19811075	20206773	58	0.038
3d4cd6eb-ca45-46e6-8aa0-62ec89bdc9a6	15	20207225	22262408	134	-0.2237
3d4cd6eb-ca45-46e6-8aa0-62ec89bdc9a6	15	22265258	34453518	7253	0.0094
3d4cd6eb-ca45-46e6-8aa0-62ec89bdc9a6	15	34453577	34454261	2	-2.5043
3d4cd6eb-ca45-46e6-8aa0-62ec89bdc9a6	15	34455142	43553224	5721	0.0088
3d4cd6eb-ca45-46e6-8aa0-62ec89bdc9a6	15	43553245	43646185	24	0.4111
3d4cd6eb-ca45-46e6-8aa0-62ec89bdc9a6	15	43646608	101928837	38378	0.0107
3d4cd6eb-ca45-46e6-8aa0-62ec89bdc9a6	16	10777	13034401	9891	0.0194
3d4cd6eb-ca45-46e6-8aa0-62ec89bdc9a6	16	13034451	13036431	5	-1.1033
3d4cd6eb-ca45-46e6-8aa0-62ec89bdc9a6	16	13036823	14887120	1218	0.0092
3d4cd6eb-ca45-46e6-8aa0-62ec89bdc9a6	16	14895982	15022400	53	-0.6794
3d4cd6eb-ca45-46e6-8aa0-62ec89bdc9a6	16	15031584	19933041	2302	0.0417
3d4cd6eb-ca45-46e6-8aa0-62ec89bdc9a6	16	19934328	19954553	28	-0.8269
3d4cd6eb-ca45-46e6-8aa0-62ec89bdc9a6	16	19956040	55761136	13443	0.0066
3d4cd6eb-ca45-46e6-8aa0-62ec89bdc9a6	16	55762477	55788532	22	-0.7521
3d4cd6eb-ca45-46e6-8aa0-62ec89bdc9a6	16	55808442	78777078	14848	-0.0005
3d4cd6eb-ca45-46e6-8aa0-62ec89bdc9a6	16	78777453	86737318	8280	0.0271
3d4cd6eb-ca45-46e6-8aa0-62ec89bdc9a6	16	86737463	86738239	3	1.4268
3d4cd6eb-ca45-46e6-8aa0-62ec89bdc9a6	16	86740718	90096867	1790	0.0285
3d4cd6eb-ca45-46e6-8aa0-62ec89bdc9a6	17	150733	15608819	10011	0.0118
3d4cd6eb-ca45-46e6-8aa0-62ec89bdc9a6	17	15609752	15643476	5	-1.1004
3d4cd6eb-ca45-46e6-8aa0-62ec89bdc9a6	17	15650964	16819487	473	0.0328
3d4cd6eb-ca45-46e6-8aa0-62ec89bdc9a6	17	16834846	16838470	4	1.2392
3d4cd6eb-ca45-46e6-8aa0-62ec89bdc9a6	17	16853833	36109735	7772	0.0094
3d4cd6eb-ca45-46e6-8aa0-62ec89bdc9a6	17	36112585	36460442	37	0.3987
3d4cd6eb-ca45-46e6-8aa0-62ec89bdc9a6	17	36463349	41258395	2521	0.0069
3d4cd6eb-ca45-46e6-8aa0-62ec89bdc9a6	17	41262120	41274279	27	0.6176
3d4cd6eb-ca45-46e6-8aa0-62ec89bdc9a6	17	41276472	45577724	2157	0.0116
3d4cd6eb-ca45-46e6-8aa0-62ec89bdc9a6	17	45579014	45582060	6	-1.288
3d4cd6eb-ca45-46e6-8aa0-62ec89bdc9a6	17	45587327	46099741	347	0.0123
3d4cd6eb-ca45-46e6-8aa0-62ec89bdc9a6	17	46100092	46284997	113	-0.5042
3d4cd6eb-ca45-46e6-8aa0-62ec89bdc9a6	17	46286804	46446360	5	1.3197
3d4cd6eb-ca45-46e6-8aa0-62ec89bdc9a6	17	46569894	51293134	2365	0.0069
3d4cd6eb-ca45-46e6-8aa0-62ec89bdc9a6	17	51294655	51408239	89	0.2023
3d4cd6eb-ca45-46e6-8aa0-62ec89bdc9a6	17	51409904	73943114	14444	0.0017
3d4cd6eb-ca45-46e6-8aa0-62ec89bdc9a6	17	73944079	74684398	482	0.0965
3d4cd6eb-ca45-46e6-8aa0-62ec89bdc9a6	17	74684915	80074189	2876	0.0204
3d4cd6eb-ca45-46e6-8aa0-62ec89bdc9a6	17	80080303	80080445	2	1.5303
3d4cd6eb-ca45-46e6-8aa0-62ec89bdc9a6	17	80080590	83091923	1321	0.0266
3d4cd6eb-ca45-46e6-8aa0-62ec89bdc9a6	18	48133	80257174	50763	0.0062
3d4cd6eb-ca45-46e6-8aa0-62ec89bdc9a6	19	90910	35358420	16717	-0.0031
3d4cd6eb-ca45-46e6-8aa0-62ec89bdc9a6	19	35364451	35370946	21	-1.8484
3d4cd6eb-ca45-46e6-8aa0-62ec89bdc9a6	19	35375842	58586487	12384	0.0083
3d4cd6eb-ca45-46e6-8aa0-62ec89bdc9a6	20	80664	1590158	1216	0.0548
3d4cd6eb-ca45-46e6-8aa0-62ec89bdc9a6	20	1590457	1590717	4	1.216
3d4cd6eb-ca45-46e6-8aa0-62ec89bdc9a6	20	1590732	1609809	21	0.0759
3d4cd6eb-ca45-46e6-8aa0-62ec89bdc9a6	20	1609888	1613247	3	-2.1088
3d4cd6eb-ca45-46e6-8aa0-62ec89bdc9a6	20	1617300	64324800	41149	0.0051
3d4cd6eb-ca45-46e6-8aa0-62ec89bdc9a6	21	10354168	10494350	19	0.0307
3d4cd6eb-ca45-46e6-8aa0-62ec89bdc9a6	21	10511939	10558331	33	-0.5224
3d4cd6eb-ca45-46e6-8aa0-62ec89bdc9a6	21	10559033	13583316	217	-0.0076
3d4cd6eb-ca45-46e6-8aa0-62ec89bdc9a6	21	13612103	13677975	4	1.1614
3d4cd6eb-ca45-46e6-8aa0-62ec89bdc9a6	21	13803967	43307100	21874	0.0043
3d4cd6eb-ca45-46e6-8aa0-62ec89bdc9a6	21	43309453	43313400	5	1.0377
3d4cd6eb-ca45-46e6-8aa0-62ec89bdc9a6	21	43319168	46677045	1720	0.0083
3d4cd6eb-ca45-46e6-8aa0-62ec89bdc9a6	22	15294547	23987520	4394	0.0124
3d4cd6eb-ca45-46e6-8aa0-62ec89bdc9a6	22	23988078	23989773	2	-3.4762
3d4cd6eb-ca45-46e6-8aa0-62ec89bdc9a6	22	23990431	25455068	991	0.0065
3d4cd6eb-ca45-46e6-8aa0-62ec89bdc9a6	22	25456974	25458821	2	-1.6984
3d4cd6eb-ca45-46e6-8aa0-62ec89bdc9a6	22	25458912	42321102	11664	0.0033
3d4cd6eb-ca45-46e6-8aa0-62ec89bdc9a6	22	42321598	42322229	2	-1.7922
3d4cd6eb-ca45-46e6-8aa0-62ec89bdc9a6	22	42327026	42483049	89	0.0449
3d4cd6eb-ca45-46e6-8aa0-62ec89bdc9a6	22	42488991	42511497	14	-0.3802
3d4cd6eb-ca45-46e6-8aa0-62ec89bdc9a6	22	42514763	42529608	12	-1.1495
3d4cd6eb-ca45-46e6-8aa0-62ec89bdc9a6	22	42536311	48407701	4494	0.0065
3d4cd6eb-ca45-46e6-8aa0-62ec89bdc9a6	22	48408100	48409865	7	-0.9101
3d4cd6eb-ca45-46e6-8aa0-62ec89bdc9a6	22	48409890	50796027	1607	0.0112
3d4cd6eb-ca45-46e6-8aa0-62ec89bdc9a6	X	251810	90269093	46727	0.0047
3d4cd6eb-ca45-46e6-8aa0-62ec89bdc9a6	X	90271385	90271648	2	-1.8281
3d4cd6eb-ca45-46e6-8aa0-62ec89bdc9a6	X	90271786	90640076	105	0.0245
3d4cd6eb-ca45-46e6-8aa0-62ec89bdc9a6	X	90640088	90656859	10	-0.7517
3d4cd6eb-ca45-46e6-8aa0-62ec89bdc9a6	X	90674980	139034021	26459	0.0061
3d4cd6eb-ca45-46e6-8aa0-62ec89bdc9a6	X	139034051	139034067	2	-1.7295
3d4cd6eb-ca45-46e6-8aa0-62ec89bdc9a6	X	139035014	151611214	8311	0.0101
3d4cd6eb-ca45-46e6-8aa0-62ec89bdc9a6	X	151615256	151622822	3	-1.611
3d4cd6eb-ca45-46e6-8aa0-62ec89bdc9a6	X	151623396	155952689	2045	0.0003
3d4cd6eb-ca45-46e6-8aa0-62ec89bdc9a6	Y	2782397	56872112	6639	-0.6119
