GDC_Aliquot	Chromosome	Start	End	Num_Probes	Segment_Mean
b06c444a-7c36-4e29-8d9c-5fd7d52faa47	1	62920	1154319	101	0.0427
b06c444a-7c36-4e29-8d9c-5fd7d52faa47	1	1154508	1251267	27	0.3582
b06c444a-7c36-4e29-8d9c-5fd7d52faa47	1	1252207	16505368	8518	0.0087
b06c444a-7c36-4e29-8d9c-5fd7d52faa47	1	16518437	16890908	69	0.2587
b06c444a-7c36-4e29-8d9c-5fd7d52faa47	1	16890985	25256850	5305	0.0056
b06c444a-7c36-4e29-8d9c-5fd7d52faa47	1	25266637	25320455	24	0.6957
b06c444a-7c36-4e29-8d9c-5fd7d52faa47	1	25336819	34626037	4950	0.0108
b06c444a-7c36-4e29-8d9c-5fd7d52faa47	1	34626073	34638890	21	-0.5825
b06c444a-7c36-4e29-8d9c-5fd7d52faa47	1	34648667	61647430	16470	0.0087
b06c444a-7c36-4e29-8d9c-5fd7d52faa47	1	61648334	61652515	4	-1.0042
b06c444a-7c36-4e29-8d9c-5fd7d52faa47	1	61654137	71362349	6731	0.0022
b06c444a-7c36-4e29-8d9c-5fd7d52faa47	1	71366065	71366101	2	1.6018
b06c444a-7c36-4e29-8d9c-5fd7d52faa47	1	71371696	72284670	553	0.0097
b06c444a-7c36-4e29-8d9c-5fd7d52faa47	1	72290430	72297687	9	-3.2674
b06c444a-7c36-4e29-8d9c-5fd7d52faa47	1	72302735	72345465	48	1.3258
b06c444a-7c36-4e29-8d9c-5fd7d52faa47	1	72346221	75585159	1932	-0.004
b06c444a-7c36-4e29-8d9c-5fd7d52faa47	1	75589078	75589169	2	-2.3887
b06c444a-7c36-4e29-8d9c-5fd7d52faa47	1	75593824	105470754	19028	0.0066
b06c444a-7c36-4e29-8d9c-5fd7d52faa47	1	105476583	105481468	20	-0.4306
b06c444a-7c36-4e29-8d9c-5fd7d52faa47	1	105481515	108178384	1932	-0.0008
b06c444a-7c36-4e29-8d9c-5fd7d52faa47	1	108178846	108196482	8	-0.6389
b06c444a-7c36-4e29-8d9c-5fd7d52faa47	1	108196549	109663865	684	-0.0002
b06c444a-7c36-4e29-8d9c-5fd7d52faa47	1	109664699	109697556	21	0.7673
b06c444a-7c36-4e29-8d9c-5fd7d52faa47	1	109702376	152583230	9581	0.0139
b06c444a-7c36-4e29-8d9c-5fd7d52faa47	1	152583291	152613762	30	-2.2715
b06c444a-7c36-4e29-8d9c-5fd7d52faa47	1	152613802	152614118	4	-0.9839
b06c444a-7c36-4e29-8d9c-5fd7d52faa47	1	152618018	158896783	3819	0.0088
b06c444a-7c36-4e29-8d9c-5fd7d52faa47	1	158898711	158899969	2	2.3496
b06c444a-7c36-4e29-8d9c-5fd7d52faa47	1	158905028	159479480	349	0.0088
b06c444a-7c36-4e29-8d9c-5fd7d52faa47	1	159482981	159483462	3	-1.201
b06c444a-7c36-4e29-8d9c-5fd7d52faa47	1	159486548	196737736	25501	0.0073
b06c444a-7c36-4e29-8d9c-5fd7d52faa47	1	196740093	196832525	64	-0.7623
b06c444a-7c36-4e29-8d9c-5fd7d52faa47	1	196832720	248930189	35830	0.0062
b06c444a-7c36-4e29-8d9c-5fd7d52faa47	2	12784	34438862	24089	0.0054
b06c444a-7c36-4e29-8d9c-5fd7d52faa47	2	34439683	34512489	54	-0.255
b06c444a-7c36-4e29-8d9c-5fd7d52faa47	2	34512965	35742319	868	0.0065
b06c444a-7c36-4e29-8d9c-5fd7d52faa47	2	35742970	35762850	8	-1.7257
b06c444a-7c36-4e29-8d9c-5fd7d52faa47	2	35762881	52516787	12129	0.0027
b06c444a-7c36-4e29-8d9c-5fd7d52faa47	2	52527330	52554384	39	0.3833
b06c444a-7c36-4e29-8d9c-5fd7d52faa47	2	52554404	79406292	17439	0.0053
b06c444a-7c36-4e29-8d9c-5fd7d52faa47	2	79406306	79406753	2	-1.8422
b06c444a-7c36-4e29-8d9c-5fd7d52faa47	2	79407783	85105322	3521	0.0047
b06c444a-7c36-4e29-8d9c-5fd7d52faa47	2	85105337	85106283	2	-2.0037
b06c444a-7c36-4e29-8d9c-5fd7d52faa47	2	85106853	89296555	1820	0.0071
b06c444a-7c36-4e29-8d9c-5fd7d52faa47	2	89305244	90228255	129	-0.9589
b06c444a-7c36-4e29-8d9c-5fd7d52faa47	2	90230139	242147305	89479	0.0038
b06c444a-7c36-4e29-8d9c-5fd7d52faa47	3	20930	6604856	5818	-0.004
b06c444a-7c36-4e29-8d9c-5fd7d52faa47	3	6609441	6611645	23	-0.8095
b06c444a-7c36-4e29-8d9c-5fd7d52faa47	3	6613391	23937812	12033	0.0031
b06c444a-7c36-4e29-8d9c-5fd7d52faa47	3	23939938	23940837	2	-4.0235
b06c444a-7c36-4e29-8d9c-5fd7d52faa47	3	23940839	26384700	2015	-0.0065
b06c444a-7c36-4e29-8d9c-5fd7d52faa47	3	26392633	26397852	5	-0.9663
b06c444a-7c36-4e29-8d9c-5fd7d52faa47	3	26404482	26559609	114	0.0336
b06c444a-7c36-4e29-8d9c-5fd7d52faa47	3	26560269	26570407	10	-0.8329
b06c444a-7c36-4e29-8d9c-5fd7d52faa47	3	26570470	34541375	5327	0.0035
b06c444a-7c36-4e29-8d9c-5fd7d52faa47	3	34543866	34544220	2	-1.3423
b06c444a-7c36-4e29-8d9c-5fd7d52faa47	3	34546376	37940617	2289	-0.0015
b06c444a-7c36-4e29-8d9c-5fd7d52faa47	3	37940970	37945437	17	-0.887
b06c444a-7c36-4e29-8d9c-5fd7d52faa47	3	37945615	46738600	5537	0.0097
b06c444a-7c36-4e29-8d9c-5fd7d52faa47	3	46741757	46806126	44	-0.7682
b06c444a-7c36-4e29-8d9c-5fd7d52faa47	3	46807689	68682877	14568	0.0076
b06c444a-7c36-4e29-8d9c-5fd7d52faa47	3	68697013	68698262	15	-1.0596
b06c444a-7c36-4e29-8d9c-5fd7d52faa47	3	68699607	75519398	4930	0.0053
b06c444a-7c36-4e29-8d9c-5fd7d52faa47	3	75523398	75559488	9	-1.4375
b06c444a-7c36-4e29-8d9c-5fd7d52faa47	3	75564023	89337896	7690	-0.0019
b06c444a-7c36-4e29-8d9c-5fd7d52faa47	3	89337951	89368137	49	-0.7767
b06c444a-7c36-4e29-8d9c-5fd7d52faa47	3	89370214	99218940	3235	-0.0024
b06c444a-7c36-4e29-8d9c-5fd7d52faa47	3	99225614	99225754	5	-0.9582
b06c444a-7c36-4e29-8d9c-5fd7d52faa47	3	99225775	99230464	31	-2.6515
b06c444a-7c36-4e29-8d9c-5fd7d52faa47	3	99230470	126175942	16521	0.0036
b06c444a-7c36-4e29-8d9c-5fd7d52faa47	3	126178695	126178732	2	-2.078
b06c444a-7c36-4e29-8d9c-5fd7d52faa47	3	126182075	162405578	22235	0.0044
b06c444a-7c36-4e29-8d9c-5fd7d52faa47	3	162419812	162424917	14	-1.1212
b06c444a-7c36-4e29-8d9c-5fd7d52faa47	3	162426460	162794869	259	0.0066
b06c444a-7c36-4e29-8d9c-5fd7d52faa47	3	162794951	162908207	69	0.8125
b06c444a-7c36-4e29-8d9c-5fd7d52faa47	3	162908784	189642965	16673	0.0023
b06c444a-7c36-4e29-8d9c-5fd7d52faa47	3	189645889	189653199	12	-0.8585
b06c444a-7c36-4e29-8d9c-5fd7d52faa47	3	189653225	193162684	2498	-0.0006
b06c444a-7c36-4e29-8d9c-5fd7d52faa47	3	193162798	193165114	12	-1.4534
b06c444a-7c36-4e29-8d9c-5fd7d52faa47	3	193168646	194913386	1158	0.0018
b06c444a-7c36-4e29-8d9c-5fd7d52faa47	3	194913439	194921751	8	-0.773
b06c444a-7c36-4e29-8d9c-5fd7d52faa47	3	194921899	195728990	344	0.0258
b06c444a-7c36-4e29-8d9c-5fd7d52faa47	3	195729005	195747892	17	-0.5272
b06c444a-7c36-4e29-8d9c-5fd7d52faa47	3	195751823	197099553	635	0.0131
b06c444a-7c36-4e29-8d9c-5fd7d52faa47	3	197099818	197099906	2	1.379
b06c444a-7c36-4e29-8d9c-5fd7d52faa47	3	197103658	198169247	529	0.0106
b06c444a-7c36-4e29-8d9c-5fd7d52faa47	4	68929	5313707	2530	0.0098
b06c444a-7c36-4e29-8d9c-5fd7d52faa47	4	5315008	5319207	3	-2.0994
b06c444a-7c36-4e29-8d9c-5fd7d52faa47	4	5321568	10208766	3173	0.0059
b06c444a-7c36-4e29-8d9c-5fd7d52faa47	4	10212536	10233644	36	0.3997
b06c444a-7c36-4e29-8d9c-5fd7d52faa47	4	10234518	10389091	171	-0.0047
b06c444a-7c36-4e29-8d9c-5fd7d52faa47	4	10390730	10399044	16	-0.8215
b06c444a-7c36-4e29-8d9c-5fd7d52faa47	4	10401094	25554958	11016	0.0049
b06c444a-7c36-4e29-8d9c-5fd7d52faa47	4	25555425	25584584	20	0.5813
b06c444a-7c36-4e29-8d9c-5fd7d52faa47	4	25588497	34777432	5755	0.0022
b06c444a-7c36-4e29-8d9c-5fd7d52faa47	4	34784878	34823103	38	-2.9135
b06c444a-7c36-4e29-8d9c-5fd7d52faa47	4	34828250	45003738	6642	0.0117
b06c444a-7c36-4e29-8d9c-5fd7d52faa47	4	45003835	45004318	4	-1.2408
b06c444a-7c36-4e29-8d9c-5fd7d52faa47	4	45008952	63828222	9922	0.0066
b06c444a-7c36-4e29-8d9c-5fd7d52faa47	4	63831751	63842540	28	-0.4722
b06c444a-7c36-4e29-8d9c-5fd7d52faa47	4	63850713	68509442	2878	0.0005
b06c444a-7c36-4e29-8d9c-5fd7d52faa47	4	68509630	68623617	63	0.4842
b06c444a-7c36-4e29-8d9c-5fd7d52faa47	4	68639397	77267550	5294	0.0008
b06c444a-7c36-4e29-8d9c-5fd7d52faa47	4	77267706	77267721	2	-3.053
b06c444a-7c36-4e29-8d9c-5fd7d52faa47	4	77267859	114254167	22410	0.0012
b06c444a-7c36-4e29-8d9c-5fd7d52faa47	4	114254188	114263073	23	0.7674
b06c444a-7c36-4e29-8d9c-5fd7d52faa47	4	114263096	156046936	24894	0.005
b06c444a-7c36-4e29-8d9c-5fd7d52faa47	4	156047028	156053545	15	-0.741
b06c444a-7c36-4e29-8d9c-5fd7d52faa47	4	156056476	160952848	3063	0.007
b06c444a-7c36-4e29-8d9c-5fd7d52faa47	4	160958866	160963756	21	-0.7418
b06c444a-7c36-4e29-8d9c-5fd7d52faa47	4	160963767	167691880	4238	0.0029
b06c444a-7c36-4e29-8d9c-5fd7d52faa47	4	167693814	167706262	13	-1.2164
b06c444a-7c36-4e29-8d9c-5fd7d52faa47	4	167710912	170539727	1842	0.0137
b06c444a-7c36-4e29-8d9c-5fd7d52faa47	4	170540386	170546379	6	-0.7777
b06c444a-7c36-4e29-8d9c-5fd7d52faa47	4	170550221	171448195	569	0.0047
b06c444a-7c36-4e29-8d9c-5fd7d52faa47	4	171453733	171456559	10	-1.1666
b06c444a-7c36-4e29-8d9c-5fd7d52faa47	4	171456573	172066777	399	-0.0021
b06c444a-7c36-4e29-8d9c-5fd7d52faa47	4	172067997	172068382	12	-1.6204
b06c444a-7c36-4e29-8d9c-5fd7d52faa47	4	172074828	190106768	12084	0.006
b06c444a-7c36-4e29-8d9c-5fd7d52faa47	5	15532	731654	319	0.0286
b06c444a-7c36-4e29-8d9c-5fd7d52faa47	5	731776	732788	2	-1.4812
b06c444a-7c36-4e29-8d9c-5fd7d52faa47	5	733497	3060797	1663	0.0355
b06c444a-7c36-4e29-8d9c-5fd7d52faa47	5	3060914	3060938	2	-1.8322
b06c444a-7c36-4e29-8d9c-5fd7d52faa47	5	3061235	12791608	8208	0.0061
b06c444a-7c36-4e29-8d9c-5fd7d52faa47	5	12800777	12819964	10	-1.5873
b06c444a-7c36-4e29-8d9c-5fd7d52faa47	5	12824299	15718383	1974	0.0025
b06c444a-7c36-4e29-8d9c-5fd7d52faa47	5	15719113	15720488	11	-1.043
b06c444a-7c36-4e29-8d9c-5fd7d52faa47	5	15723237	17601444	1193	0.0125
b06c444a-7c36-4e29-8d9c-5fd7d52faa47	5	17601619	17625524	10	-0.8029
b06c444a-7c36-4e29-8d9c-5fd7d52faa47	5	17629411	21376735	2278	-0.0053
b06c444a-7c36-4e29-8d9c-5fd7d52faa47	5	21377730	21377744	2	-1.9867
b06c444a-7c36-4e29-8d9c-5fd7d52faa47	5	21385957	35875852	9054	0.0095
b06c444a-7c36-4e29-8d9c-5fd7d52faa47	5	35877724	35878302	6	-0.928
b06c444a-7c36-4e29-8d9c-5fd7d52faa47	5	35878410	46271828	5947	0.0052
b06c444a-7c36-4e29-8d9c-5fd7d52faa47	5	46272419	46273400	5	-2.9885
b06c444a-7c36-4e29-8d9c-5fd7d52faa47	5	46278110	69822308	12412	0.0073
b06c444a-7c36-4e29-8d9c-5fd7d52faa47	5	69937600	71053366	18	0.492
b06c444a-7c36-4e29-8d9c-5fd7d52faa47	5	71095358	78812085	4941	0.0092
b06c444a-7c36-4e29-8d9c-5fd7d52faa47	5	78814168	78815348	3	-1.5369
b06c444a-7c36-4e29-8d9c-5fd7d52faa47	5	78819688	156049762	48040	0.0046
b06c444a-7c36-4e29-8d9c-5fd7d52faa47	5	156049910	156068240	14	-0.7173
b06c444a-7c36-4e29-8d9c-5fd7d52faa47	5	156068247	179638641	15856	0.0082
b06c444a-7c36-4e29-8d9c-5fd7d52faa47	5	179639005	179681196	34	0.3702
b06c444a-7c36-4e29-8d9c-5fd7d52faa47	5	179681247	180951888	718	0.0154
b06c444a-7c36-4e29-8d9c-5fd7d52faa47	5	180953203	180991103	17	-0.4746
b06c444a-7c36-4e29-8d9c-5fd7d52faa47	5	181006225	181363319	170	0.0371
b06c444a-7c36-4e29-8d9c-5fd7d52faa47	6	149661	32486746	22853	0.0061
b06c444a-7c36-4e29-8d9c-5fd7d52faa47	6	32488906	32533522	13	1.7077
b06c444a-7c36-4e29-8d9c-5fd7d52faa47	6	32540699	32606604	20	0.5264
b06c444a-7c36-4e29-8d9c-5fd7d52faa47	6	32610305	78253157	26901	0.0056
b06c444a-7c36-4e29-8d9c-5fd7d52faa47	6	78253172	78322600	108	-0.6764
b06c444a-7c36-4e29-8d9c-5fd7d52faa47	6	78322875	88568100	6446	-0.0024
b06c444a-7c36-4e29-8d9c-5fd7d52faa47	6	88573921	88573953	2	-1.5759
b06c444a-7c36-4e29-8d9c-5fd7d52faa47	6	88574395	170741917	53272	0.0071
b06c444a-7c36-4e29-8d9c-5fd7d52faa47	7	43355	65765	29	0.5535
b06c444a-7c36-4e29-8d9c-5fd7d52faa47	7	68316	148300	61	0.0792
b06c444a-7c36-4e29-8d9c-5fd7d52faa47	7	155066	158626	10	-1.0195
b06c444a-7c36-4e29-8d9c-5fd7d52faa47	7	161442	20228961	14290	0.0019
b06c444a-7c36-4e29-8d9c-5fd7d52faa47	7	20232365	20234881	5	-1.1989
b06c444a-7c36-4e29-8d9c-5fd7d52faa47	7	20237371	54318812	24097	0.0058
b06c444a-7c36-4e29-8d9c-5fd7d52faa47	7	54318816	54318824	5	-1.711
b06c444a-7c36-4e29-8d9c-5fd7d52faa47	7	54325795	70955452	6128	0.0095
b06c444a-7c36-4e29-8d9c-5fd7d52faa47	7	70958264	70961155	2	-2.7
b06c444a-7c36-4e29-8d9c-5fd7d52faa47	7	70963257	101409205	17259	0.0007
b06c444a-7c36-4e29-8d9c-5fd7d52faa47	7	101416451	101416668	2	-2.3092
b06c444a-7c36-4e29-8d9c-5fd7d52faa47	7	101419630	118385709	10327	0.0066
b06c444a-7c36-4e29-8d9c-5fd7d52faa47	7	118389201	118391925	2	-1.7108
b06c444a-7c36-4e29-8d9c-5fd7d52faa47	7	118395239	126404920	4790	-0.0023
b06c444a-7c36-4e29-8d9c-5fd7d52faa47	7	126405428	126406561	12	-1.1803
b06c444a-7c36-4e29-8d9c-5fd7d52faa47	7	126406822	133516016	4323	0.0084
b06c444a-7c36-4e29-8d9c-5fd7d52faa47	7	133516839	133519308	2	-1.3405
b06c444a-7c36-4e29-8d9c-5fd7d52faa47	7	133519742	134100424	377	-0.0191
b06c444a-7c36-4e29-8d9c-5fd7d52faa47	7	134100442	134114444	36	0.655
b06c444a-7c36-4e29-8d9c-5fd7d52faa47	7	134121491	142063324	5195	0.0044
b06c444a-7c36-4e29-8d9c-5fd7d52faa47	7	142069843	142092108	33	-0.7104
b06c444a-7c36-4e29-8d9c-5fd7d52faa47	7	142092307	159334314	10868	0.0018
b06c444a-7c36-4e29-8d9c-5fd7d52faa47	8	81254	644973	323	0.0657
b06c444a-7c36-4e29-8d9c-5fd7d52faa47	8	645220	645875	6	0.81
b06c444a-7c36-4e29-8d9c-5fd7d52faa47	8	645892	645908	2	3.9078
b06c444a-7c36-4e29-8d9c-5fd7d52faa47	8	656117	1418902	565	0.012
b06c444a-7c36-4e29-8d9c-5fd7d52faa47	8	1419196	1419436	2	-2.2362
b06c444a-7c36-4e29-8d9c-5fd7d52faa47	8	1419522	7433619	6862	0.0144
b06c444a-7c36-4e29-8d9c-5fd7d52faa47	8	7440674	7941868	24	0.9325
b06c444a-7c36-4e29-8d9c-5fd7d52faa47	8	7974123	8196822	15	0.313
b06c444a-7c36-4e29-8d9c-5fd7d52faa47	8	8197738	8214781	3	-1.4041
b06c444a-7c36-4e29-8d9c-5fd7d52faa47	8	8234503	12139586	3224	0.0115
b06c444a-7c36-4e29-8d9c-5fd7d52faa47	8	12142800	12496221	38	0.5217
b06c444a-7c36-4e29-8d9c-5fd7d52faa47	8	12496252	39373140	19467	0.0054
b06c444a-7c36-4e29-8d9c-5fd7d52faa47	8	39378084	39529446	59	0.7844
b06c444a-7c36-4e29-8d9c-5fd7d52faa47	8	39530780	46605390	2766	-0.0033
b06c444a-7c36-4e29-8d9c-5fd7d52faa47	8	46609495	46623644	10	0.7194
b06c444a-7c36-4e29-8d9c-5fd7d52faa47	8	46624924	97178401	30773	0.0068
b06c444a-7c36-4e29-8d9c-5fd7d52faa47	8	97179687	97197780	7	-1.1089
b06c444a-7c36-4e29-8d9c-5fd7d52faa47	8	97203924	111282065	8463	0.003
b06c444a-7c36-4e29-8d9c-5fd7d52faa47	8	111282237	111283031	8	1.4011
b06c444a-7c36-4e29-8d9c-5fd7d52faa47	8	111288052	114619814	1823	-0.0064
b06c444a-7c36-4e29-8d9c-5fd7d52faa47	8	114622258	114626238	16	-0.8764
b06c444a-7c36-4e29-8d9c-5fd7d52faa47	8	114626472	114628759	8	-0.0745
b06c444a-7c36-4e29-8d9c-5fd7d52faa47	8	114628773	114629502	11	-0.838
b06c444a-7c36-4e29-8d9c-5fd7d52faa47	8	114638468	145072769	21067	0.0074
b06c444a-7c36-4e29-8d9c-5fd7d52faa47	9	46587	29091099	24777	0.0049
b06c444a-7c36-4e29-8d9c-5fd7d52faa47	9	29094551	29097682	3	-1.3147
b06c444a-7c36-4e29-8d9c-5fd7d52faa47	9	29101434	42711956	6562	0.0073
b06c444a-7c36-4e29-8d9c-5fd7d52faa47	9	42715233	42715632	2	-1.9265
b06c444a-7c36-4e29-8d9c-5fd7d52faa47	9	42719891	61405110	45	-0.0012
b06c444a-7c36-4e29-8d9c-5fd7d52faa47	9	61520021	61647899	30	-1.5457
b06c444a-7c36-4e29-8d9c-5fd7d52faa47	9	61665362	72063626	3018	0.0107
b06c444a-7c36-4e29-8d9c-5fd7d52faa47	9	72064538	72068141	6	-1.1017
b06c444a-7c36-4e29-8d9c-5fd7d52faa47	9	72068168	138200944	45083	0.0075
b06c444a-7c36-4e29-8d9c-5fd7d52faa47	10	45792	3901087	3271	0.0121
b06c444a-7c36-4e29-8d9c-5fd7d52faa47	10	3904418	3904877	5	-1.2864
b06c444a-7c36-4e29-8d9c-5fd7d52faa47	10	3905635	6369412	2126	0.0192
b06c444a-7c36-4e29-8d9c-5fd7d52faa47	10	6369488	6369519	3	1.5552
b06c444a-7c36-4e29-8d9c-5fd7d52faa47	10	6376792	24086334	13796	0.0031
b06c444a-7c36-4e29-8d9c-5fd7d52faa47	10	24088745	24090110	15	0.8147
b06c444a-7c36-4e29-8d9c-5fd7d52faa47	10	24091731	50070600	14210	0.0102
b06c444a-7c36-4e29-8d9c-5fd7d52faa47	10	50081224	50107474	3	-1.6556
b06c444a-7c36-4e29-8d9c-5fd7d52faa47	10	50132160	79754434	20287	0.0066
b06c444a-7c36-4e29-8d9c-5fd7d52faa47	10	79763550	79838023	19	-0.787
b06c444a-7c36-4e29-8d9c-5fd7d52faa47	10	79838299	90700170	7662	0.0104
b06c444a-7c36-4e29-8d9c-5fd7d52faa47	10	90702958	90703534	4	-1.0843
b06c444a-7c36-4e29-8d9c-5fd7d52faa47	10	90711823	125375099	23280	0.0067
b06c444a-7c36-4e29-8d9c-5fd7d52faa47	10	125378921	125385491	4	-1.0597
b06c444a-7c36-4e29-8d9c-5fd7d52faa47	10	125390533	130448088	4008	0.0044
b06c444a-7c36-4e29-8d9c-5fd7d52faa47	10	130449900	130450432	2	-1.4237
b06c444a-7c36-4e29-8d9c-5fd7d52faa47	10	130452402	133415637	1865	0.034
b06c444a-7c36-4e29-8d9c-5fd7d52faa47	10	133416215	133416364	2	-3.3998
b06c444a-7c36-4e29-8d9c-5fd7d52faa47	10	133419150	133654968	148	-0.0228
b06c444a-7c36-4e29-8d9c-5fd7d52faa47	11	198510	5766862	3235	0.0003
b06c444a-7c36-4e29-8d9c-5fd7d52faa47	11	5768371	5787909	30	-0.5477
b06c444a-7c36-4e29-8d9c-5fd7d52faa47	11	5788108	18919323	9412	0.0145
b06c444a-7c36-4e29-8d9c-5fd7d52faa47	11	18927525	18940271	43	-0.3665
b06c444a-7c36-4e29-8d9c-5fd7d52faa47	11	18940375	20582027	1465	0.0191
b06c444a-7c36-4e29-8d9c-5fd7d52faa47	11	20583294	20584965	6	-0.9007
b06c444a-7c36-4e29-8d9c-5fd7d52faa47	11	20587243	21733139	1056	0.0015
b06c444a-7c36-4e29-8d9c-5fd7d52faa47	11	21735961	21741865	4	-1.237
b06c444a-7c36-4e29-8d9c-5fd7d52faa47	11	21742062	42791601	14659	0.0046
b06c444a-7c36-4e29-8d9c-5fd7d52faa47	11	42794936	42796489	2	-3.4158
b06c444a-7c36-4e29-8d9c-5fd7d52faa47	11	42799053	55609035	4596	0.0122
b06c444a-7c36-4e29-8d9c-5fd7d52faa47	11	55609158	55685501	48	-0.5069
b06c444a-7c36-4e29-8d9c-5fd7d52faa47	11	55685533	80256469	13265	0.0094
b06c444a-7c36-4e29-8d9c-5fd7d52faa47	11	80256504	80256520	2	-3.474
b06c444a-7c36-4e29-8d9c-5fd7d52faa47	11	80256642	90831876	7160	0.0066
b06c444a-7c36-4e29-8d9c-5fd7d52faa47	11	90833345	90837870	5	-1.0806
b06c444a-7c36-4e29-8d9c-5fd7d52faa47	11	90838996	104103360	9752	0.0083
b06c444a-7c36-4e29-8d9c-5fd7d52faa47	11	104104448	104104449	2	-1.5965
b06c444a-7c36-4e29-8d9c-5fd7d52faa47	11	104106219	107367930	2188	0.0106
b06c444a-7c36-4e29-8d9c-5fd7d52faa47	11	107367945	107368402	6	-2.2955
b06c444a-7c36-4e29-8d9c-5fd7d52faa47	11	107381636	135074876	19936	0.0127
b06c444a-7c36-4e29-8d9c-5fd7d52faa47	12	51460	11070111	7239	0.0088
b06c444a-7c36-4e29-8d9c-5fd7d52faa47	12	11072090	11088933	8	-1.6721
b06c444a-7c36-4e29-8d9c-5fd7d52faa47	12	11099275	30082488	13259	0.0085
b06c444a-7c36-4e29-8d9c-5fd7d52faa47	12	30082648	30090642	20	-0.695
b06c444a-7c36-4e29-8d9c-5fd7d52faa47	12	30090657	38719238	3575	0.0118
b06c444a-7c36-4e29-8d9c-5fd7d52faa47	12	38720457	38723441	3	-1.1707
b06c444a-7c36-4e29-8d9c-5fd7d52faa47	12	38725129	63527063	14940	0.0085
b06c444a-7c36-4e29-8d9c-5fd7d52faa47	12	63531025	63539183	2	-1.4782
b06c444a-7c36-4e29-8d9c-5fd7d52faa47	12	63545944	128744341	42744	0.0062
b06c444a-7c36-4e29-8d9c-5fd7d52faa47	12	128745968	128747597	5	-1.2423
b06c444a-7c36-4e29-8d9c-5fd7d52faa47	12	128748000	129516016	707	0.0085
b06c444a-7c36-4e29-8d9c-5fd7d52faa47	12	129516041	129519049	3	-2.2602
b06c444a-7c36-4e29-8d9c-5fd7d52faa47	12	129519225	131648039	1785	0.0131
b06c444a-7c36-4e29-8d9c-5fd7d52faa47	12	131648066	131657925	13	0.6515
b06c444a-7c36-4e29-8d9c-5fd7d52faa47	12	131658450	133201603	558	0.0598
b06c444a-7c36-4e29-8d9c-5fd7d52faa47	13	18452809	57184136	26036	0.0116
b06c444a-7c36-4e29-8d9c-5fd7d52faa47	13	57184155	57204246	33	-0.7048
b06c444a-7c36-4e29-8d9c-5fd7d52faa47	13	57215580	105663858	31943	0.0035
b06c444a-7c36-4e29-8d9c-5fd7d52faa47	13	105664476	105685859	12	-0.6325
b06c444a-7c36-4e29-8d9c-5fd7d52faa47	13	105686655	114342922	6149	0.011
b06c444a-7c36-4e29-8d9c-5fd7d52faa47	14	18239283	19294475	47	-0.1494
b06c444a-7c36-4e29-8d9c-5fd7d52faa47	14	19298389	19732222	19	0.6463
b06c444a-7c36-4e29-8d9c-5fd7d52faa47	14	19732250	21691428	1260	0.0104
b06c444a-7c36-4e29-8d9c-5fd7d52faa47	14	21691782	22524749	716	-0.0979
b06c444a-7c36-4e29-8d9c-5fd7d52faa47	14	22526139	26314697	2466	0.0074
b06c444a-7c36-4e29-8d9c-5fd7d52faa47	14	26314707	26314712	6	-1.0712
b06c444a-7c36-4e29-8d9c-5fd7d52faa47	14	26315707	106877229	50917	0.0044
b06c444a-7c36-4e29-8d9c-5fd7d52faa47	15	19811075	20235285	63	-0.0154
b06c444a-7c36-4e29-8d9c-5fd7d52faa47	15	20240885	20373168	25	-0.6143
b06c444a-7c36-4e29-8d9c-5fd7d52faa47	15	20376198	20380851	10	0.4681
b06c444a-7c36-4e29-8d9c-5fd7d52faa47	15	20381108	22413894	111	-0.4443
b06c444a-7c36-4e29-8d9c-5fd7d52faa47	15	22455811	23121974	310	0.0115
b06c444a-7c36-4e29-8d9c-5fd7d52faa47	15	23191818	23191992	2	-1.4817
b06c444a-7c36-4e29-8d9c-5fd7d52faa47	15	23199669	30231102	4318	0.0148
b06c444a-7c36-4e29-8d9c-5fd7d52faa47	15	30252720	30297594	10	-0.7574
b06c444a-7c36-4e29-8d9c-5fd7d52faa47	15	30300815	32520328	1091	0.0125
b06c444a-7c36-4e29-8d9c-5fd7d52faa47	15	32565281	32584783	4	-1.0208
b06c444a-7c36-4e29-8d9c-5fd7d52faa47	15	32610782	53492997	13171	0.0071
b06c444a-7c36-4e29-8d9c-5fd7d52faa47	15	53493066	53493082	2	-1.5291
b06c444a-7c36-4e29-8d9c-5fd7d52faa47	15	53498050	101928837	32449	0.0067
b06c444a-7c36-4e29-8d9c-5fd7d52faa47	16	10777	421035	192	0.081
b06c444a-7c36-4e29-8d9c-5fd7d52faa47	16	430467	14877558	10919	0.0118
b06c444a-7c36-4e29-8d9c-5fd7d52faa47	16	14879136	16268505	642	0.077
b06c444a-7c36-4e29-8d9c-5fd7d52faa47	16	16269368	16550385	17	0.8166
b06c444a-7c36-4e29-8d9c-5fd7d52faa47	16	16558842	18153433	999	0.0348
b06c444a-7c36-4e29-8d9c-5fd7d52faa47	16	18162067	18212128	5	-0.7969
b06c444a-7c36-4e29-8d9c-5fd7d52faa47	16	18260900	18730788	21	0.5639
b06c444a-7c36-4e29-8d9c-5fd7d52faa47	16	18731740	22546990	1984	0.0068
b06c444a-7c36-4e29-8d9c-5fd7d52faa47	16	22547676	22687537	63	-0.511
b06c444a-7c36-4e29-8d9c-5fd7d52faa47	16	22689861	32295899	5138	0.0195
b06c444a-7c36-4e29-8d9c-5fd7d52faa47	16	32383608	33340712	37	0.5651
b06c444a-7c36-4e29-8d9c-5fd7d52faa47	16	33640096	33776048	8	-0.4354
b06c444a-7c36-4e29-8d9c-5fd7d52faa47	16	33776810	55761136	6915	0.0101
b06c444a-7c36-4e29-8d9c-5fd7d52faa47	16	55762477	55788532	22	-0.8657
b06c444a-7c36-4e29-8d9c-5fd7d52faa47	16	55808442	78337711	14282	0.0048
b06c444a-7c36-4e29-8d9c-5fd7d52faa47	16	78338543	78349243	15	1.0553
b06c444a-7c36-4e29-8d9c-5fd7d52faa47	16	78350841	90096867	10623	0.0172
b06c444a-7c36-4e29-8d9c-5fd7d52faa47	17	150733	4637352	2436	0.0373
b06c444a-7c36-4e29-8d9c-5fd7d52faa47	17	4641036	4641171	2	-1.5411
b06c444a-7c36-4e29-8d9c-5fd7d52faa47	17	4643884	16750987	8041	0.0116
b06c444a-7c36-4e29-8d9c-5fd7d52faa47	17	16754017	16819487	10	-0.5736
b06c444a-7c36-4e29-8d9c-5fd7d52faa47	17	16834846	18414080	909	0.013
b06c444a-7c36-4e29-8d9c-5fd7d52faa47	17	18452078	18606845	35	0.5973
b06c444a-7c36-4e29-8d9c-5fd7d52faa47	17	18626375	36102943	6825	0.0097
b06c444a-7c36-4e29-8d9c-5fd7d52faa47	17	36103020	36157718	41	-0.4181
b06c444a-7c36-4e29-8d9c-5fd7d52faa47	17	36200725	41265456	2527	0.0114
b06c444a-7c36-4e29-8d9c-5fd7d52faa47	17	41266762	41273697	19	-0.6268
b06c444a-7c36-4e29-8d9c-5fd7d52faa47	17	41273905	41274198	4	-2.2647
b06c444a-7c36-4e29-8d9c-5fd7d52faa47	17	41274279	45568527	2155	0.0213
b06c444a-7c36-4e29-8d9c-5fd7d52faa47	17	45571138	45571174	2	-2.1997
b06c444a-7c36-4e29-8d9c-5fd7d52faa47	17	45577724	46136800	381	-0.0411
b06c444a-7c36-4e29-8d9c-5fd7d52faa47	17	46137998	46664059	94	0.5618
b06c444a-7c36-4e29-8d9c-5fd7d52faa47	17	46687628	49859954	1620	0.0049
b06c444a-7c36-4e29-8d9c-5fd7d52faa47	17	49861110	49864510	3	-1.9246
b06c444a-7c36-4e29-8d9c-5fd7d52faa47	17	49865012	83091923	19952	0.0065
b06c444a-7c36-4e29-8d9c-5fd7d52faa47	18	48133	15102757	10351	0.0047
b06c444a-7c36-4e29-8d9c-5fd7d52faa47	18	15106725	15106728	2	-1.62
b06c444a-7c36-4e29-8d9c-5fd7d52faa47	18	15107707	40680516	12448	0.0005
b06c444a-7c36-4e29-8d9c-5fd7d52faa47	18	40680526	40689848	17	-0.5489
b06c444a-7c36-4e29-8d9c-5fd7d52faa47	18	40690108	42323814	1092	0.0009
b06c444a-7c36-4e29-8d9c-5fd7d52faa47	18	42325134	42327425	3	-1.0569
b06c444a-7c36-4e29-8d9c-5fd7d52faa47	18	42328036	42471713	118	-0.021
b06c444a-7c36-4e29-8d9c-5fd7d52faa47	18	42476604	42477802	25	-0.8069
b06c444a-7c36-4e29-8d9c-5fd7d52faa47	18	42478430	44183900	1013	-0.0094
b06c444a-7c36-4e29-8d9c-5fd7d52faa47	18	44185756	44196615	11	-0.8586
b06c444a-7c36-4e29-8d9c-5fd7d52faa47	18	44197205	80257174	25678	0.0059
b06c444a-7c36-4e29-8d9c-5fd7d52faa47	19	90910	51628560	24770	0.0089
b06c444a-7c36-4e29-8d9c-5fd7d52faa47	19	51639099	51644944	11	0.6646
b06c444a-7c36-4e29-8d9c-5fd7d52faa47	19	51651652	54786431	2022	0.0262
b06c444a-7c36-4e29-8d9c-5fd7d52faa47	19	54787128	54836508	28	0.4904
b06c444a-7c36-4e29-8d9c-5fd7d52faa47	19	54837236	55770704	444	0.0294
b06c444a-7c36-4e29-8d9c-5fd7d52faa47	19	55771003	55771701	4	-2.1201
b06c444a-7c36-4e29-8d9c-5fd7d52faa47	19	55774927	58586487	1838	0.0138
b06c444a-7c36-4e29-8d9c-5fd7d52faa47	20	80664	1601561	1239	0.0097
b06c444a-7c36-4e29-8d9c-5fd7d52faa47	20	1609611	1613247	5	-1.8702
b06c444a-7c36-4e29-8d9c-5fd7d52faa47	20	1617300	5025037	2513	0.0089
b06c444a-7c36-4e29-8d9c-5fd7d52faa47	20	5026633	5036285	4	-1.0851
b06c444a-7c36-4e29-8d9c-5fd7d52faa47	20	5040498	50165997	28262	0.0081
b06c444a-7c36-4e29-8d9c-5fd7d52faa47	20	50175182	50176256	2	-1.7317
b06c444a-7c36-4e29-8d9c-5fd7d52faa47	20	50178380	64324800	10366	0.008
b06c444a-7c36-4e29-8d9c-5fd7d52faa47	21	10354168	13095038	102	-0.0486
b06c444a-7c36-4e29-8d9c-5fd7d52faa47	21	13095458	13189617	12	-0.7598
b06c444a-7c36-4e29-8d9c-5fd7d52faa47	21	13197963	46677045	23754	0.0083
b06c444a-7c36-4e29-8d9c-5fd7d52faa47	22	15294547	22119549	3120	0.0486
b06c444a-7c36-4e29-8d9c-5fd7d52faa47	22	22119654	22120255	5	-1.2055
b06c444a-7c36-4e29-8d9c-5fd7d52faa47	22	22127104	22398127	333	0.0112
b06c444a-7c36-4e29-8d9c-5fd7d52faa47	22	22398345	22402989	5	-1.6319
b06c444a-7c36-4e29-8d9c-5fd7d52faa47	22	22415587	42522346	13701	0.0128
b06c444a-7c36-4e29-8d9c-5fd7d52faa47	22	42522705	42577696	22	0.5803
b06c444a-7c36-4e29-8d9c-5fd7d52faa47	22	42579096	50796027	6094	0.0231
b06c444a-7c36-4e29-8d9c-5fd7d52faa47	X	251810	112468139	58252	0.0081
b06c444a-7c36-4e29-8d9c-5fd7d52faa47	X	112474685	112499268	15	-0.9679
b06c444a-7c36-4e29-8d9c-5fd7d52faa47	X	112499549	154156374	24787	0.0072
b06c444a-7c36-4e29-8d9c-5fd7d52faa47	X	154209234	154239991	2	1.7023
b06c444a-7c36-4e29-8d9c-5fd7d52faa47	X	154295951	155952689	613	0.0205
b06c444a-7c36-4e29-8d9c-5fd7d52faa47	Y	2782397	56872112	6639	-0.9221
