GDC_Aliquot	Chromosome	Start	End	Num_Probes	Segment_Mean
6549ca5a-c90d-4b15-8d7f-1e4e724d873c	1	62920	98602	13	0.3192
6549ca5a-c90d-4b15-8d7f-1e4e724d873c	1	259407	462894	6	-0.9525
6549ca5a-c90d-4b15-8d7f-1e4e724d873c	1	599171	15823420	8319	0.0075
6549ca5a-c90d-4b15-8d7f-1e4e724d873c	1	15827002	15827430	6	-2.613
6549ca5a-c90d-4b15-8d7f-1e4e724d873c	1	15827706	15828515	4	-0.7983
6549ca5a-c90d-4b15-8d7f-1e4e724d873c	1	15839166	16721984	339	-0.0003
6549ca5a-c90d-4b15-8d7f-1e4e724d873c	1	16766762	16788139	13	-0.5947
6549ca5a-c90d-4b15-8d7f-1e4e724d873c	1	16855942	21974983	3389	0.0109
6549ca5a-c90d-4b15-8d7f-1e4e724d873c	1	21975076	22010750	10	-1.1502
6549ca5a-c90d-4b15-8d7f-1e4e724d873c	1	22011632	25256850	1914	0.0142
6549ca5a-c90d-4b15-8d7f-1e4e724d873c	1	25266637	25320198	22	-0.5874
6549ca5a-c90d-4b15-8d7f-1e4e724d873c	1	25320253	34626073	4951	0.0157
6549ca5a-c90d-4b15-8d7f-1e4e724d873c	1	34637053	34638890	20	-0.7466
6549ca5a-c90d-4b15-8d7f-1e4e724d873c	1	34648667	63003832	17405	0.0131
6549ca5a-c90d-4b15-8d7f-1e4e724d873c	1	63005821	63006432	3	-1.1076
6549ca5a-c90d-4b15-8d7f-1e4e724d873c	1	63007197	98445432	23165	0.0086
6549ca5a-c90d-4b15-8d7f-1e4e724d873c	1	98446519	98449925	4	-0.9973
6549ca5a-c90d-4b15-8d7f-1e4e724d873c	1	98453488	103614539	3252	-0.0031
6549ca5a-c90d-4b15-8d7f-1e4e724d873c	1	103614695	103616762	5	-1.1503
6549ca5a-c90d-4b15-8d7f-1e4e724d873c	1	103620877	105470132	923	-0.018
6549ca5a-c90d-4b15-8d7f-1e4e724d873c	1	105470754	105479231	14	-0.8249
6549ca5a-c90d-4b15-8d7f-1e4e724d873c	1	105479468	109690352	2641	-0.001
6549ca5a-c90d-4b15-8d7f-1e4e724d873c	1	109690415	109697556	12	-2.0467
6549ca5a-c90d-4b15-8d7f-1e4e724d873c	1	109702376	110827908	829	0.0176
6549ca5a-c90d-4b15-8d7f-1e4e724d873c	1	110828100	110852766	54	0.1932
6549ca5a-c90d-4b15-8d7f-1e4e724d873c	1	110852785	112147704	1067	-0.0015
6549ca5a-c90d-4b15-8d7f-1e4e724d873c	1	112153343	112154591	22	0.4768
6549ca5a-c90d-4b15-8d7f-1e4e724d873c	1	112154619	152583051	7604	0.0055
6549ca5a-c90d-4b15-8d7f-1e4e724d873c	1	152583230	152614118	35	-2.8611
6549ca5a-c90d-4b15-8d7f-1e4e724d873c	1	152618018	152787202	167	-0.0011
6549ca5a-c90d-4b15-8d7f-1e4e724d873c	1	152789447	152796224	37	-2.1939
6549ca5a-c90d-4b15-8d7f-1e4e724d873c	1	152801429	165422145	8304	0.0127
6549ca5a-c90d-4b15-8d7f-1e4e724d873c	1	165422714	165423392	3	-1.3403
6549ca5a-c90d-4b15-8d7f-1e4e724d873c	1	165424608	193186662	18752	0.0082
6549ca5a-c90d-4b15-8d7f-1e4e724d873c	1	193187149	193187218	4	1.7042
6549ca5a-c90d-4b15-8d7f-1e4e724d873c	1	193190593	196762956	2398	-0.0079
6549ca5a-c90d-4b15-8d7f-1e4e724d873c	1	196769493	196846661	57	-0.579
6549ca5a-c90d-4b15-8d7f-1e4e724d873c	1	196847600	199114926	1341	-0.0031
6549ca5a-c90d-4b15-8d7f-1e4e724d873c	1	199120067	199120294	7	-0.7666
6549ca5a-c90d-4b15-8d7f-1e4e724d873c	1	199120933	209897717	7437	0.0085
6549ca5a-c90d-4b15-8d7f-1e4e724d873c	1	209908268	209910639	3	-2.485
6549ca5a-c90d-4b15-8d7f-1e4e724d873c	1	209913207	212831113	1947	0.0131
6549ca5a-c90d-4b15-8d7f-1e4e724d873c	1	212831670	212837094	7	-1.0651
6549ca5a-c90d-4b15-8d7f-1e4e724d873c	1	212841111	222589431	6857	0.0023
6549ca5a-c90d-4b15-8d7f-1e4e724d873c	1	222589873	222590319	2	-1.3965
6549ca5a-c90d-4b15-8d7f-1e4e724d873c	1	222591411	241270165	13167	0.0085
6549ca5a-c90d-4b15-8d7f-1e4e724d873c	1	241271060	241271168	2	-1.7862
6549ca5a-c90d-4b15-8d7f-1e4e724d873c	1	241272295	248930189	5048	0.0054
6549ca5a-c90d-4b15-8d7f-1e4e724d873c	2	12784	14563570	11040	-0.0012
6549ca5a-c90d-4b15-8d7f-1e4e724d873c	2	14564825	14569968	12	-5.9656
6549ca5a-c90d-4b15-8d7f-1e4e724d873c	2	14570240	27216883	8306	0.0051
6549ca5a-c90d-4b15-8d7f-1e4e724d873c	2	27218434	27218632	3	-1.1652
6549ca5a-c90d-4b15-8d7f-1e4e724d873c	2	27219036	34450400	4728	0.0123
6549ca5a-c90d-4b15-8d7f-1e4e724d873c	2	34456427	34498136	40	-0.3567
6549ca5a-c90d-4b15-8d7f-1e4e724d873c	2	34498234	35750907	880	-0.005
6549ca5a-c90d-4b15-8d7f-1e4e724d873c	2	35752724	35762850	6	-2.1054
6549ca5a-c90d-4b15-8d7f-1e4e724d873c	2	35762881	51044136	11103	0.0078
6549ca5a-c90d-4b15-8d7f-1e4e724d873c	2	51044929	51108917	61	-1.1165
6549ca5a-c90d-4b15-8d7f-1e4e724d873c	2	51110349	52527727	966	-0.0044
6549ca5a-c90d-4b15-8d7f-1e4e724d873c	2	52527743	52554404	34	-0.538
6549ca5a-c90d-4b15-8d7f-1e4e724d873c	2	52560811	242147305	112355	0.0075
6549ca5a-c90d-4b15-8d7f-1e4e724d873c	3	20930	335431	300	0.0051
6549ca5a-c90d-4b15-8d7f-1e4e724d873c	3	335566	336165	4	-1.0355
6549ca5a-c90d-4b15-8d7f-1e4e724d873c	3	336336	1054355	556	-0.0065
6549ca5a-c90d-4b15-8d7f-1e4e724d873c	3	1054493	1054567	2	-1.2927
6549ca5a-c90d-4b15-8d7f-1e4e724d873c	3	1057047	4619084	3283	0.0104
6549ca5a-c90d-4b15-8d7f-1e4e724d873c	3	4623037	4623070	2	-1.403
6549ca5a-c90d-4b15-8d7f-1e4e724d873c	3	4623238	11366589	5404	0.0118
6549ca5a-c90d-4b15-8d7f-1e4e724d873c	3	11371130	11371926	4	-1.2508
6549ca5a-c90d-4b15-8d7f-1e4e724d873c	3	11375791	17499108	4198	0.015
6549ca5a-c90d-4b15-8d7f-1e4e724d873c	3	17501710	17502521	2	-1.2473
6549ca5a-c90d-4b15-8d7f-1e4e724d873c	3	17504946	46761844	19431	0.0125
6549ca5a-c90d-4b15-8d7f-1e4e724d873c	3	46761943	46805751	29	-0.973
6549ca5a-c90d-4b15-8d7f-1e4e724d873c	3	46806048	47437019	273	0.0118
6549ca5a-c90d-4b15-8d7f-1e4e724d873c	3	47450332	47451230	2	-2.9455
6549ca5a-c90d-4b15-8d7f-1e4e724d873c	3	47455724	51622897	1645	0.0032
6549ca5a-c90d-4b15-8d7f-1e4e724d873c	3	51627068	51639847	7	0.5986
6549ca5a-c90d-4b15-8d7f-1e4e724d873c	3	51640476	52998022	584	-0.0028
6549ca5a-c90d-4b15-8d7f-1e4e724d873c	3	52999132	53000364	9	-1.1929
6549ca5a-c90d-4b15-8d7f-1e4e724d873c	3	53000433	53005100	15	-0.5861
6549ca5a-c90d-4b15-8d7f-1e4e724d873c	3	53005201	68697013	12039	0.0131
6549ca5a-c90d-4b15-8d7f-1e4e724d873c	3	68697108	68698262	14	-1.9441
6549ca5a-c90d-4b15-8d7f-1e4e724d873c	3	68699607	84650033	9912	0.0107
6549ca5a-c90d-4b15-8d7f-1e4e724d873c	3	84650533	84652985	14	-1.6353
6549ca5a-c90d-4b15-8d7f-1e4e724d873c	3	84653010	96875303	4707	-0.0015
6549ca5a-c90d-4b15-8d7f-1e4e724d873c	3	96880469	96886519	3	-1.1575
6549ca5a-c90d-4b15-8d7f-1e4e724d873c	3	96896539	99218940	1272	0.0136
6549ca5a-c90d-4b15-8d7f-1e4e724d873c	3	99225614	99226566	16	-0.5335
6549ca5a-c90d-4b15-8d7f-1e4e724d873c	3	99229557	99230187	9	-1.0989
6549ca5a-c90d-4b15-8d7f-1e4e724d873c	3	99230194	99230577	13	-0.4982
6549ca5a-c90d-4b15-8d7f-1e4e724d873c	3	99232120	131987852	19915	0.0098
6549ca5a-c90d-4b15-8d7f-1e4e724d873c	3	131989313	131989627	2	-2.7466
6549ca5a-c90d-4b15-8d7f-1e4e724d873c	3	131996155	140544380	5367	0.0135
6549ca5a-c90d-4b15-8d7f-1e4e724d873c	3	140551728	140560160	6	-0.7922
6549ca5a-c90d-4b15-8d7f-1e4e724d873c	3	140563242	151165315	6555	0.0081
6549ca5a-c90d-4b15-8d7f-1e4e724d873c	3	151167791	151168411	3	-1.1898
6549ca5a-c90d-4b15-8d7f-1e4e724d873c	3	151168999	152887231	1199	0.0141
6549ca5a-c90d-4b15-8d7f-1e4e724d873c	3	152887519	152889886	2	-1.6357
6549ca5a-c90d-4b15-8d7f-1e4e724d873c	3	152895514	162794951	5970	0.0045
6549ca5a-c90d-4b15-8d7f-1e4e724d873c	3	162795304	162807070	10	0.7217
6549ca5a-c90d-4b15-8d7f-1e4e724d873c	3	162810842	162822702	10	-1.1748
6549ca5a-c90d-4b15-8d7f-1e4e724d873c	3	162827928	162908207	48	0.4796
6549ca5a-c90d-4b15-8d7f-1e4e724d873c	3	162908784	173486475	6332	0.0032
6549ca5a-c90d-4b15-8d7f-1e4e724d873c	3	173491902	173501002	12	-1.1398
6549ca5a-c90d-4b15-8d7f-1e4e724d873c	3	173503003	193156958	12826	0.0052
6549ca5a-c90d-4b15-8d7f-1e4e724d873c	3	193160113	193165114	20	-1.4021
6549ca5a-c90d-4b15-8d7f-1e4e724d873c	3	193168646	195730018	1516	-0.0002
6549ca5a-c90d-4b15-8d7f-1e4e724d873c	3	195733825	195737995	7	0.6074
6549ca5a-c90d-4b15-8d7f-1e4e724d873c	3	195746925	198107849	1143	0.0197
6549ca5a-c90d-4b15-8d7f-1e4e724d873c	3	198107931	198169247	26	-0.2606
6549ca5a-c90d-4b15-8d7f-1e4e724d873c	4	68929	828000	281	-0.0194
6549ca5a-c90d-4b15-8d7f-1e4e724d873c	4	837393	837605	2	1.2752
6549ca5a-c90d-4b15-8d7f-1e4e724d873c	4	843485	4121101	1346	0.008
6549ca5a-c90d-4b15-8d7f-1e4e724d873c	4	4133219	4133854	4	-1.43
6549ca5a-c90d-4b15-8d7f-1e4e724d873c	4	4151033	10212536	4075	0.0085
6549ca5a-c90d-4b15-8d7f-1e4e724d873c	4	10221792	10233644	35	-1.2941
6549ca5a-c90d-4b15-8d7f-1e4e724d873c	4	10234518	34777432	16970	0.0029
6549ca5a-c90d-4b15-8d7f-1e4e724d873c	4	34784878	34822561	37	-0.8058
6549ca5a-c90d-4b15-8d7f-1e4e724d873c	4	34823103	49214614	8973	0.0076
6549ca5a-c90d-4b15-8d7f-1e4e724d873c	4	49289175	49289338	2	-1.6829
6549ca5a-c90d-4b15-8d7f-1e4e724d873c	4	49295203	63828222	7582	0.0044
6549ca5a-c90d-4b15-8d7f-1e4e724d873c	4	63831751	63838575	7	0.7147
6549ca5a-c90d-4b15-8d7f-1e4e724d873c	4	63839438	63841887	15	0.2334
6549ca5a-c90d-4b15-8d7f-1e4e724d873c	4	63842036	63842540	6	0.9227
6549ca5a-c90d-4b15-8d7f-1e4e724d873c	4	63850713	68394833	2856	0.0033
6549ca5a-c90d-4b15-8d7f-1e4e724d873c	4	68395346	68422424	6	-1.3812
6549ca5a-c90d-4b15-8d7f-1e4e724d873c	4	68429081	68506285	12	0.1307
6549ca5a-c90d-4b15-8d7f-1e4e724d873c	4	68509223	68671434	71	-0.2555
6549ca5a-c90d-4b15-8d7f-1e4e724d873c	4	68674307	97432453	17675	0.0115
6549ca5a-c90d-4b15-8d7f-1e4e724d873c	4	97436283	97437154	2	-1.3891
6549ca5a-c90d-4b15-8d7f-1e4e724d873c	4	97439635	101794782	2494	0
6549ca5a-c90d-4b15-8d7f-1e4e724d873c	4	101798493	101805771	10	-0.806
6549ca5a-c90d-4b15-8d7f-1e4e724d873c	4	101810943	114254167	7508	0.0062
6549ca5a-c90d-4b15-8d7f-1e4e724d873c	4	114254188	114261019	22	0.5753
6549ca5a-c90d-4b15-8d7f-1e4e724d873c	4	114263073	114586468	226	-0.0007
6549ca5a-c90d-4b15-8d7f-1e4e724d873c	4	114587010	114589298	3	-1.0793
6549ca5a-c90d-4b15-8d7f-1e4e724d873c	4	114593270	132267989	10284	0.0024
6549ca5a-c90d-4b15-8d7f-1e4e724d873c	4	132277177	132277486	2	-1.237
6549ca5a-c90d-4b15-8d7f-1e4e724d873c	4	132277997	132375426	57	-0.0274
6549ca5a-c90d-4b15-8d7f-1e4e724d873c	4	132375518	132375715	3	-1.6038
6549ca5a-c90d-4b15-8d7f-1e4e724d873c	4	132380796	137171085	2665	-0.0108
6549ca5a-c90d-4b15-8d7f-1e4e724d873c	4	137171266	137172260	13	-0.882
6549ca5a-c90d-4b15-8d7f-1e4e724d873c	4	137173804	144389986	4682	0.0055
6549ca5a-c90d-4b15-8d7f-1e4e724d873c	4	144397566	144398848	2	-1.5457
6549ca5a-c90d-4b15-8d7f-1e4e724d873c	4	144405258	160952848	10028	0.0067
6549ca5a-c90d-4b15-8d7f-1e4e724d873c	4	160958866	160963448	20	-0.8306
6549ca5a-c90d-4b15-8d7f-1e4e724d873c	4	160963756	161031076	59	0.0056
6549ca5a-c90d-4b15-8d7f-1e4e724d873c	4	161031261	161082114	41	0.5929
6549ca5a-c90d-4b15-8d7f-1e4e724d873c	4	161085672	168422631	4639	0.0006
6549ca5a-c90d-4b15-8d7f-1e4e724d873c	4	168426888	168431274	2	-1.3155
6549ca5a-c90d-4b15-8d7f-1e4e724d873c	4	168431916	170346793	1236	0.0041
6549ca5a-c90d-4b15-8d7f-1e4e724d873c	4	170346931	170352007	7	-0.6247
6549ca5a-c90d-4b15-8d7f-1e4e724d873c	4	170352863	170523301	101	-0.0533
6549ca5a-c90d-4b15-8d7f-1e4e724d873c	4	170524787	170526557	2	-1.4458
6549ca5a-c90d-4b15-8d7f-1e4e724d873c	4	170527083	171453876	584	-0.021
6549ca5a-c90d-4b15-8d7f-1e4e724d873c	4	171455823	171456625	9	-0.8638
6549ca5a-c90d-4b15-8d7f-1e4e724d873c	4	171459220	172066777	397	0.008
6549ca5a-c90d-4b15-8d7f-1e4e724d873c	4	172067997	172068382	12	0.7097
6549ca5a-c90d-4b15-8d7f-1e4e724d873c	4	172074828	190106768	12077	0.005
6549ca5a-c90d-4b15-8d7f-1e4e724d873c	5	15532	12800777	10192	0.0043
6549ca5a-c90d-4b15-8d7f-1e4e724d873c	5	12815668	12838421	14	-1.6243
6549ca5a-c90d-4b15-8d7f-1e4e724d873c	5	12849089	13032375	67	-0.091
6549ca5a-c90d-4b15-8d7f-1e4e724d873c	5	13042994	13043119	2	-1.862
6549ca5a-c90d-4b15-8d7f-1e4e724d873c	5	13079786	15718383	1901	0.0248
6549ca5a-c90d-4b15-8d7f-1e4e724d873c	5	15719113	15720488	11	-1.0126
6549ca5a-c90d-4b15-8d7f-1e4e724d873c	5	15723237	19454175	2384	0.011
6549ca5a-c90d-4b15-8d7f-1e4e724d873c	5	19458679	19459518	3	-1.3503
6549ca5a-c90d-4b15-8d7f-1e4e724d873c	5	19462162	21376735	1093	-0.0007
6549ca5a-c90d-4b15-8d7f-1e4e724d873c	5	21377730	21377744	2	-2.3565
6549ca5a-c90d-4b15-8d7f-1e4e724d873c	5	21385957	21451168	46	-0.0022
6549ca5a-c90d-4b15-8d7f-1e4e724d873c	5	21451855	21451889	2	-3.5536
6549ca5a-c90d-4b15-8d7f-1e4e724d873c	5	21452329	24777903	1895	-0.001
6549ca5a-c90d-4b15-8d7f-1e4e724d873c	5	24777997	24781719	16	-0.9113
6549ca5a-c90d-4b15-8d7f-1e4e724d873c	5	24786817	58025819	18126	0.0071
6549ca5a-c90d-4b15-8d7f-1e4e724d873c	5	58030200	58037128	29	-0.7023
6549ca5a-c90d-4b15-8d7f-1e4e724d873c	5	58037466	104515520	26832	0.0111
6549ca5a-c90d-4b15-8d7f-1e4e724d873c	5	104524672	104524903	4	-2.084
6549ca5a-c90d-4b15-8d7f-1e4e724d873c	5	104525348	156048095	33445	0.0111
6549ca5a-c90d-4b15-8d7f-1e4e724d873c	5	156049762	156055719	14	-0.6821
6549ca5a-c90d-4b15-8d7f-1e4e724d873c	5	156068240	172421365	11411	0.009
6549ca5a-c90d-4b15-8d7f-1e4e724d873c	5	172424930	172425356	4	-1.1533
6549ca5a-c90d-4b15-8d7f-1e4e724d873c	5	172425378	181363319	5373	0.0109
6549ca5a-c90d-4b15-8d7f-1e4e724d873c	6	149661	303121	127	-0.0269
6549ca5a-c90d-4b15-8d7f-1e4e724d873c	6	314962	381149	75	0.2264
6549ca5a-c90d-4b15-8d7f-1e4e724d873c	6	382559	29869295	21451	0.0107
6549ca5a-c90d-4b15-8d7f-1e4e724d873c	6	29869410	29882603	20	-1.2444
6549ca5a-c90d-4b15-8d7f-1e4e724d873c	6	29903859	31313046	659	0.009
6549ca5a-c90d-4b15-8d7f-1e4e724d873c	6	31318499	31328176	8	-1.3215
6549ca5a-c90d-4b15-8d7f-1e4e724d873c	6	31328210	32502142	508	0.0078
6549ca5a-c90d-4b15-8d7f-1e4e724d873c	6	32502190	32658841	57	-0.7382
6549ca5a-c90d-4b15-8d7f-1e4e724d873c	6	32682835	65684197	18631	0.008
6549ca5a-c90d-4b15-8d7f-1e4e724d873c	6	65689589	65693959	23	-0.7971
6549ca5a-c90d-4b15-8d7f-1e4e724d873c	6	65697234	66973928	957	-0.0032
6549ca5a-c90d-4b15-8d7f-1e4e724d873c	6	66973989	66974638	5	-0.5629
6549ca5a-c90d-4b15-8d7f-1e4e724d873c	6	66978190	67064173	89	0.004
6549ca5a-c90d-4b15-8d7f-1e4e724d873c	6	67064274	67065310	6	-0.454
6549ca5a-c90d-4b15-8d7f-1e4e724d873c	6	67065373	67222143	139	0.005
6549ca5a-c90d-4b15-8d7f-1e4e724d873c	6	67223562	67226913	2	-1.1529
6549ca5a-c90d-4b15-8d7f-1e4e724d873c	6	67227824	73882142	4241	0.0022
6549ca5a-c90d-4b15-8d7f-1e4e724d873c	6	73882509	73887625	9	1.0679
6549ca5a-c90d-4b15-8d7f-1e4e724d873c	6	73891694	76726815	1770	0.0133
6549ca5a-c90d-4b15-8d7f-1e4e724d873c	6	76730151	76743040	21	0.5459
6549ca5a-c90d-4b15-8d7f-1e4e724d873c	6	76751356	78252864	974	0.002
6549ca5a-c90d-4b15-8d7f-1e4e724d873c	6	78252909	78322875	112	0.452
6549ca5a-c90d-4b15-8d7f-1e4e724d873c	6	78325223	132385122	33469	0.0069
6549ca5a-c90d-4b15-8d7f-1e4e724d873c	6	132388218	132391904	5	-0.8534
6549ca5a-c90d-4b15-8d7f-1e4e724d873c	6	132398229	170741917	26222	0.0081
6549ca5a-c90d-4b15-8d7f-1e4e724d873c	7	43355	3349458	1425	-0.0032
6549ca5a-c90d-4b15-8d7f-1e4e724d873c	7	3355447	3355694	5	-0.97
6549ca5a-c90d-4b15-8d7f-1e4e724d873c	7	3359128	8800080	3652	0.0096
6549ca5a-c90d-4b15-8d7f-1e4e724d873c	7	8800669	8800677	2	-1.4624
6549ca5a-c90d-4b15-8d7f-1e4e724d873c	7	8803082	35486780	20187	0.0096
6549ca5a-c90d-4b15-8d7f-1e4e724d873c	7	35486940	35487529	2	-1.4203
6549ca5a-c90d-4b15-8d7f-1e4e724d873c	7	35487627	38258721	2093	0.0192
6549ca5a-c90d-4b15-8d7f-1e4e724d873c	7	38263519	38362895	123	-0.3028
6549ca5a-c90d-4b15-8d7f-1e4e724d873c	7	38364786	88035924	26557	0.0088
6549ca5a-c90d-4b15-8d7f-1e4e724d873c	7	88041426	88043077	17	-0.812
6549ca5a-c90d-4b15-8d7f-1e4e724d873c	7	88043631	109797612	12863	0.0105
6549ca5a-c90d-4b15-8d7f-1e4e724d873c	7	109797616	109813925	27	0.4787
6549ca5a-c90d-4b15-8d7f-1e4e724d873c	7	109814172	134100442	14745	0.0048
6549ca5a-c90d-4b15-8d7f-1e4e724d873c	7	134100458	134105657	22	0.5438
6549ca5a-c90d-4b15-8d7f-1e4e724d873c	7	134105690	142062894	5206	0.0032
6549ca5a-c90d-4b15-8d7f-1e4e724d873c	7	142063324	142099190	36	-0.7101
6549ca5a-c90d-4b15-8d7f-1e4e724d873c	7	142099360	142309951	156	0.0271
6549ca5a-c90d-4b15-8d7f-1e4e724d873c	7	142310376	142783144	284	-0.1023
6549ca5a-c90d-4b15-8d7f-1e4e724d873c	7	142783177	154598185	7183	0.006
6549ca5a-c90d-4b15-8d7f-1e4e724d873c	7	154601461	154607903	4	0.958
6549ca5a-c90d-4b15-8d7f-1e4e724d873c	7	154609120	159334314	3234	-0.0108
6549ca5a-c90d-4b15-8d7f-1e4e724d873c	8	81254	643041	322	0.0236
6549ca5a-c90d-4b15-8d7f-1e4e724d873c	8	644944	645908	10	-0.619
6549ca5a-c90d-4b15-8d7f-1e4e724d873c	8	656117	5716836	5636	0.0067
6549ca5a-c90d-4b15-8d7f-1e4e724d873c	8	5718947	5721259	9	-0.8288
6549ca5a-c90d-4b15-8d7f-1e4e724d873c	8	5721284	39373140	24543	0.0119
6549ca5a-c90d-4b15-8d7f-1e4e724d873c	8	39378084	39529446	58	-2.5523
6549ca5a-c90d-4b15-8d7f-1e4e724d873c	8	39530780	40326286	592	-0.001
6549ca5a-c90d-4b15-8d7f-1e4e724d873c	8	40326425	40331992	31	-1.033
6549ca5a-c90d-4b15-8d7f-1e4e724d873c	8	40335391	40914477	451	0.001
6549ca5a-c90d-4b15-8d7f-1e4e724d873c	8	40920333	40920952	2	-2.5397
6549ca5a-c90d-4b15-8d7f-1e4e724d873c	8	40926161	57005385	7988	0.0087
6549ca5a-c90d-4b15-8d7f-1e4e724d873c	8	57006920	57016644	7	-1.2104
6549ca5a-c90d-4b15-8d7f-1e4e724d873c	8	57025292	98281213	25215	0.0079
6549ca5a-c90d-4b15-8d7f-1e4e724d873c	8	98287889	98304758	14	-1.1776
6549ca5a-c90d-4b15-8d7f-1e4e724d873c	8	98306517	111282065	7711	0.0049
6549ca5a-c90d-4b15-8d7f-1e4e724d873c	8	111282237	111283031	8	1.3187
6549ca5a-c90d-4b15-8d7f-1e4e724d873c	8	111288052	143217232	22279	0.0116
6549ca5a-c90d-4b15-8d7f-1e4e724d873c	8	143217284	143217531	3	-1.1556
6549ca5a-c90d-4b15-8d7f-1e4e724d873c	8	143222462	145072769	643	-0.0042
6549ca5a-c90d-4b15-8d7f-1e4e724d873c	9	46587	23361807	20419	0.0012
6549ca5a-c90d-4b15-8d7f-1e4e724d873c	9	23363117	23373486	8	0.9069
6549ca5a-c90d-4b15-8d7f-1e4e724d873c	9	23378490	38805383	10677	0.0061
6549ca5a-c90d-4b15-8d7f-1e4e724d873c	9	38808961	39484471	60	-0.3212
6549ca5a-c90d-4b15-8d7f-1e4e724d873c	9	39487653	63580418	273	0.04
6549ca5a-c90d-4b15-8d7f-1e4e724d873c	9	63590317	63590323	4	2.2833
6549ca5a-c90d-4b15-8d7f-1e4e724d873c	9	63590325	66170759	95	-0.0029
6549ca5a-c90d-4b15-8d7f-1e4e724d873c	9	66189025	67770392	25	-0.3499
6549ca5a-c90d-4b15-8d7f-1e4e724d873c	9	67832316	68934019	481	0.0054
6549ca5a-c90d-4b15-8d7f-1e4e724d873c	9	68934085	68934166	2	-1.6474
6549ca5a-c90d-4b15-8d7f-1e4e724d873c	9	68934226	138200944	47448	0.0088
6549ca5a-c90d-4b15-8d7f-1e4e724d873c	10	45792	2030387	1464	0.004
6549ca5a-c90d-4b15-8d7f-1e4e724d873c	10	2030513	2030559	2	-1.7841
6549ca5a-c90d-4b15-8d7f-1e4e724d873c	10	2031213	6369412	3935	0.01
6549ca5a-c90d-4b15-8d7f-1e4e724d873c	10	6369488	6369519	3	1.6534
6549ca5a-c90d-4b15-8d7f-1e4e724d873c	10	6376792	13008005	5510	0.0089
6549ca5a-c90d-4b15-8d7f-1e4e724d873c	10	13008023	13008170	4	-1.2176
6549ca5a-c90d-4b15-8d7f-1e4e724d873c	10	13008428	16383896	2805	0.0104
6549ca5a-c90d-4b15-8d7f-1e4e724d873c	10	16384223	16387634	7	-0.9651
6549ca5a-c90d-4b15-8d7f-1e4e724d873c	10	16388504	24088745	5468	0.004
6549ca5a-c90d-4b15-8d7f-1e4e724d873c	10	24088746	24090110	14	-1.2785
6549ca5a-c90d-4b15-8d7f-1e4e724d873c	10	24091731	36412441	8657	0.0065
6549ca5a-c90d-4b15-8d7f-1e4e724d873c	10	36413642	36413712	2	-1.6292
6549ca5a-c90d-4b15-8d7f-1e4e724d873c	10	36414848	43093256	1712	0.0078
6549ca5a-c90d-4b15-8d7f-1e4e724d873c	10	43093462	43093473	2	-1.433
6549ca5a-c90d-4b15-8d7f-1e4e724d873c	10	43093484	46708198	2145	0.0067
6549ca5a-c90d-4b15-8d7f-1e4e724d873c	10	46780843	46810571	5	-1.1756
6549ca5a-c90d-4b15-8d7f-1e4e724d873c	10	46836986	47559596	290	0.0047
6549ca5a-c90d-4b15-8d7f-1e4e724d873c	10	47622159	48079548	11	-0.562
6549ca5a-c90d-4b15-8d7f-1e4e724d873c	10	48079560	57443289	6827	-0.0003
6549ca5a-c90d-4b15-8d7f-1e4e724d873c	10	57450745	57451013	4	-1.1138
6549ca5a-c90d-4b15-8d7f-1e4e724d873c	10	57458735	57970519	360	0.0038
6549ca5a-c90d-4b15-8d7f-1e4e724d873c	10	57970565	57972592	3	1.253
6549ca5a-c90d-4b15-8d7f-1e4e724d873c	10	57972633	65548951	5203	0.0125
6549ca5a-c90d-4b15-8d7f-1e4e724d873c	10	65548979	65554672	20	0.6353
6549ca5a-c90d-4b15-8d7f-1e4e724d873c	10	65554688	76493093	6782	0.0046
6549ca5a-c90d-4b15-8d7f-1e4e724d873c	10	76497303	76497852	2	-1.2761
6549ca5a-c90d-4b15-8d7f-1e4e724d873c	10	76501509	93202957	11543	0.0091
6549ca5a-c90d-4b15-8d7f-1e4e724d873c	10	93203627	93204187	2	-1.5786
6549ca5a-c90d-4b15-8d7f-1e4e724d873c	10	93208908	95109306	1151	0.0031
6549ca5a-c90d-4b15-8d7f-1e4e724d873c	10	95109317	95109949	5	-0.7924
6549ca5a-c90d-4b15-8d7f-1e4e724d873c	10	95115957	105296521	6182	0.0082
6549ca5a-c90d-4b15-8d7f-1e4e724d873c	10	105297280	105299412	3	-1.2183
6549ca5a-c90d-4b15-8d7f-1e4e724d873c	10	105302718	126867671	15687	0.0102
6549ca5a-c90d-4b15-8d7f-1e4e724d873c	10	126869492	126869513	2	1.7969
6549ca5a-c90d-4b15-8d7f-1e4e724d873c	10	126870553	133654968	4859	0.0046
6549ca5a-c90d-4b15-8d7f-1e4e724d873c	11	198510	1623675	484	-0.0112
6549ca5a-c90d-4b15-8d7f-1e4e724d873c	11	1624736	1628817	6	-0.8988
6549ca5a-c90d-4b15-8d7f-1e4e724d873c	11	1629309	5500921	2497	0.0029
6549ca5a-c90d-4b15-8d7f-1e4e724d873c	11	5500945	5502363	6	-0.7168
6549ca5a-c90d-4b15-8d7f-1e4e724d873c	11	5503234	5766175	237	0.0256
6549ca5a-c90d-4b15-8d7f-1e4e724d873c	11	5766850	5788108	33	-0.9505
6549ca5a-c90d-4b15-8d7f-1e4e724d873c	11	5788231	13706464	6055	0.0069
6549ca5a-c90d-4b15-8d7f-1e4e724d873c	11	13708012	13710095	3	-1.1895
6549ca5a-c90d-4b15-8d7f-1e4e724d873c	11	13717873	18928175	3356	0.0139
6549ca5a-c90d-4b15-8d7f-1e4e724d873c	11	18928190	18939855	32	-0.3892
6549ca5a-c90d-4b15-8d7f-1e4e724d873c	11	18940050	107367945	54196	0.0111
6549ca5a-c90d-4b15-8d7f-1e4e724d873c	11	107368040	107368402	5	-1.0737
6549ca5a-c90d-4b15-8d7f-1e4e724d873c	11	107381636	135074876	19921	0.0076
6549ca5a-c90d-4b15-8d7f-1e4e724d873c	12	51460	2126723	1263	0.025
6549ca5a-c90d-4b15-8d7f-1e4e724d873c	12	2136696	2148857	41	-0.9014
6549ca5a-c90d-4b15-8d7f-1e4e724d873c	12	2148938	9477960	4870	0.0076
6549ca5a-c90d-4b15-8d7f-1e4e724d873c	12	9481274	9575696	24	-1.9947
6549ca5a-c90d-4b15-8d7f-1e4e724d873c	12	9582373	20863997	7650	0.0037
6549ca5a-c90d-4b15-8d7f-1e4e724d873c	12	20864862	20877268	12	-1.1328
6549ca5a-c90d-4b15-8d7f-1e4e724d873c	12	20884733	27941830	5091	0.0094
6549ca5a-c90d-4b15-8d7f-1e4e724d873c	12	27941988	27944711	12	-1.0043
6549ca5a-c90d-4b15-8d7f-1e4e724d873c	12	27950527	29006848	757	0.0036
6549ca5a-c90d-4b15-8d7f-1e4e724d873c	12	29010695	29011589	3	-1.3915
6549ca5a-c90d-4b15-8d7f-1e4e724d873c	12	29015050	30238538	983	0.0194
6549ca5a-c90d-4b15-8d7f-1e4e724d873c	12	30238571	30257437	29	-0.3314
6549ca5a-c90d-4b15-8d7f-1e4e724d873c	12	30258129	33141726	2048	0.0092
6549ca5a-c90d-4b15-8d7f-1e4e724d873c	12	33148472	33154440	27	-0.775
6549ca5a-c90d-4b15-8d7f-1e4e724d873c	12	33155426	45510655	5588	0.0049
6549ca5a-c90d-4b15-8d7f-1e4e724d873c	12	45512057	45515754	3	-2.4424
6549ca5a-c90d-4b15-8d7f-1e4e724d873c	12	45519509	69953244	14840	0.0115
6549ca5a-c90d-4b15-8d7f-1e4e724d873c	12	69954180	69954234	2	-1.454
6549ca5a-c90d-4b15-8d7f-1e4e724d873c	12	69955878	131623604	41028	0.0086
6549ca5a-c90d-4b15-8d7f-1e4e724d873c	12	131630460	131670109	27	-0.3762
6549ca5a-c90d-4b15-8d7f-1e4e724d873c	12	131670329	133201603	551	-0.016
6549ca5a-c90d-4b15-8d7f-1e4e724d873c	13	18452809	21321896	1573	-0.0063
6549ca5a-c90d-4b15-8d7f-1e4e724d873c	13	21322180	21322360	2	1.4851
6549ca5a-c90d-4b15-8d7f-1e4e724d873c	13	21322617	32321274	8277	0.0074
6549ca5a-c90d-4b15-8d7f-1e4e724d873c	13	32321326	32321341	2	-1.4375
6549ca5a-c90d-4b15-8d7f-1e4e724d873c	13	32321416	37496998	3629	0.0051
6549ca5a-c90d-4b15-8d7f-1e4e724d873c	13	37497899	37510620	16	-0.589
6549ca5a-c90d-4b15-8d7f-1e4e724d873c	13	37514193	71902850	21548	0.0004
6549ca5a-c90d-4b15-8d7f-1e4e724d873c	13	71903417	71906418	4	1.168
6549ca5a-c90d-4b15-8d7f-1e4e724d873c	13	71906467	82590399	7276	0.006
6549ca5a-c90d-4b15-8d7f-1e4e724d873c	13	82594832	82596543	2	-1.4587
6549ca5a-c90d-4b15-8d7f-1e4e724d873c	13	82598520	114342922	21810	0.0029
6549ca5a-c90d-4b15-8d7f-1e4e724d873c	14	18239283	19197351	40	-0.0265
6549ca5a-c90d-4b15-8d7f-1e4e724d873c	14	19203845	19294475	7	0.9006
6549ca5a-c90d-4b15-8d7f-1e4e724d873c	14	19298389	19637253	12	0.3579
6549ca5a-c90d-4b15-8d7f-1e4e724d873c	14	19650668	19955213	107	0.9008
6549ca5a-c90d-4b15-8d7f-1e4e724d873c	14	19956767	21993537	1409	-0.0074
6549ca5a-c90d-4b15-8d7f-1e4e724d873c	14	21994156	22530666	473	-0.2545
6549ca5a-c90d-4b15-8d7f-1e4e724d873c	14	22530968	34957568	7886	0.0088
6549ca5a-c90d-4b15-8d7f-1e4e724d873c	14	34959789	34960540	3	-1.0354
6549ca5a-c90d-4b15-8d7f-1e4e724d873c	14	34965212	41139155	3826	0.0044
6549ca5a-c90d-4b15-8d7f-1e4e724d873c	14	41141293	41188146	15	-0.7074
6549ca5a-c90d-4b15-8d7f-1e4e724d873c	14	41200899	43971905	1668	0.0005
6549ca5a-c90d-4b15-8d7f-1e4e724d873c	14	43972123	43972259	2	1.3698
6549ca5a-c90d-4b15-8d7f-1e4e724d873c	14	43972401	64739718	13280	0.0122
6549ca5a-c90d-4b15-8d7f-1e4e724d873c	14	64740321	64740324	2	-1.5962
6549ca5a-c90d-4b15-8d7f-1e4e724d873c	14	64740470	73534419	5510	0.0137
6549ca5a-c90d-4b15-8d7f-1e4e724d873c	14	73540003	73563211	10	1.0573
6549ca5a-c90d-4b15-8d7f-1e4e724d873c	14	73564027	73765366	105	0.0008
6549ca5a-c90d-4b15-8d7f-1e4e724d873c	14	73777655	73778904	3	-1.2784
6549ca5a-c90d-4b15-8d7f-1e4e724d873c	14	73780707	90788374	11255	0.006
6549ca5a-c90d-4b15-8d7f-1e4e724d873c	14	90791431	90798376	7	-1.4018
6549ca5a-c90d-4b15-8d7f-1e4e724d873c	14	90799061	106877229	9790	0.0086
6549ca5a-c90d-4b15-8d7f-1e4e724d873c	15	19811075	20026653	47	-0.0122
6549ca5a-c90d-4b15-8d7f-1e4e724d873c	15	20041119	20064520	7	0.5362
6549ca5a-c90d-4b15-8d7f-1e4e724d873c	15	20187568	20240885	10	-0.1465
6549ca5a-c90d-4b15-8d7f-1e4e724d873c	15	20249006	20372799	21	0.6682
6549ca5a-c90d-4b15-8d7f-1e4e724d873c	15	20372811	21997003	92	0.1588
6549ca5a-c90d-4b15-8d7f-1e4e724d873c	15	21999319	22299523	29	0.7549
6549ca5a-c90d-4b15-8d7f-1e4e724d873c	15	22385639	24424598	993	-0.0099
6549ca5a-c90d-4b15-8d7f-1e4e724d873c	15	24429604	24473026	33	-2.2307
6549ca5a-c90d-4b15-8d7f-1e4e724d873c	15	24473449	34351833	6175	0.0057
6549ca5a-c90d-4b15-8d7f-1e4e724d873c	15	34355367	34520918	86	0.2059
6549ca5a-c90d-4b15-8d7f-1e4e724d873c	15	34522159	61392006	17299	0.0109
6549ca5a-c90d-4b15-8d7f-1e4e724d873c	15	61395970	61405782	17	-1.0872
6549ca5a-c90d-4b15-8d7f-1e4e724d873c	15	61408185	65521764	2563	0.0095
6549ca5a-c90d-4b15-8d7f-1e4e724d873c	15	65524604	65526049	3	-1.3065
6549ca5a-c90d-4b15-8d7f-1e4e724d873c	15	65530196	69037475	2295	0.0111
6549ca5a-c90d-4b15-8d7f-1e4e724d873c	15	69038945	69039020	2	1.9615
6549ca5a-c90d-4b15-8d7f-1e4e724d873c	15	69045335	76599170	4248	0.0049
6549ca5a-c90d-4b15-8d7f-1e4e724d873c	15	76599286	76599884	9	-3.656
6549ca5a-c90d-4b15-8d7f-1e4e724d873c	15	76602723	76603434	11	-1.2442
6549ca5a-c90d-4b15-8d7f-1e4e724d873c	15	76609838	78125865	725	0.0049
6549ca5a-c90d-4b15-8d7f-1e4e724d873c	15	78127134	78144672	12	0.5869
6549ca5a-c90d-4b15-8d7f-1e4e724d873c	15	78146676	82882631	3159	0.0189
6549ca5a-c90d-4b15-8d7f-1e4e724d873c	15	82889131	82889319	3	-1.4604
6549ca5a-c90d-4b15-8d7f-1e4e724d873c	15	82890669	101888798	13709	0.0043
6549ca5a-c90d-4b15-8d7f-1e4e724d873c	15	101888834	101928837	8	-1.1157
6549ca5a-c90d-4b15-8d7f-1e4e724d873c	16	10777	16269368	11750	0.0107
6549ca5a-c90d-4b15-8d7f-1e4e724d873c	16	16419234	16534205	11	-0.522
6549ca5a-c90d-4b15-8d7f-1e4e724d873c	16	16539504	18104860	999	0.0279
6549ca5a-c90d-4b15-8d7f-1e4e724d873c	16	18134261	18144432	2	-1.6443
6549ca5a-c90d-4b15-8d7f-1e4e724d873c	16	18148869	22407380	2002	0.017
6549ca5a-c90d-4b15-8d7f-1e4e724d873c	16	22408871	22706267	84	-0.2466
6549ca5a-c90d-4b15-8d7f-1e4e724d873c	16	22706983	32198553	5126	0.0088
6549ca5a-c90d-4b15-8d7f-1e4e724d873c	16	32198778	32513457	11	-0.8211
6549ca5a-c90d-4b15-8d7f-1e4e724d873c	16	32553191	90096867	31880	0.0094
6549ca5a-c90d-4b15-8d7f-1e4e724d873c	17	150733	36109735	18258	0.0122
6549ca5a-c90d-4b15-8d7f-1e4e724d873c	17	36112585	36157718	34	0.5867
6549ca5a-c90d-4b15-8d7f-1e4e724d873c	17	36200725	41265456	2526	0.0203
6549ca5a-c90d-4b15-8d7f-1e4e724d873c	17	41266762	41266838	5	0.3941
6549ca5a-c90d-4b15-8d7f-1e4e724d873c	17	41266851	41267053	5	1.7374
6549ca5a-c90d-4b15-8d7f-1e4e724d873c	17	41267068	41273905	10	0.3729
6549ca5a-c90d-4b15-8d7f-1e4e724d873c	17	41273921	41274198	3	3.3943
6549ca5a-c90d-4b15-8d7f-1e4e724d873c	17	41274279	83091923	24201	0.0139
6549ca5a-c90d-4b15-8d7f-1e4e724d873c	18	48133	58202	2	1.4289
6549ca5a-c90d-4b15-8d7f-1e4e724d873c	18	78315	53740491	31783	0.0057
6549ca5a-c90d-4b15-8d7f-1e4e724d873c	18	53740727	53741022	6	-1.2506
6549ca5a-c90d-4b15-8d7f-1e4e724d873c	18	53741814	66054343	8516	0.0071
6549ca5a-c90d-4b15-8d7f-1e4e724d873c	18	66060256	66061104	12	-0.4932
6549ca5a-c90d-4b15-8d7f-1e4e724d873c	18	66065502	80257174	10428	-0.0001
6549ca5a-c90d-4b15-8d7f-1e4e724d873c	19	90910	12581187	5044	0.0105
6549ca5a-c90d-4b15-8d7f-1e4e724d873c	19	12586552	12587288	2	-2.2387
6549ca5a-c90d-4b15-8d7f-1e4e724d873c	19	12589709	36336781	12125	0.0058
6549ca5a-c90d-4b15-8d7f-1e4e724d873c	19	36339409	36356596	12	-1.0985
6549ca5a-c90d-4b15-8d7f-1e4e724d873c	19	36356735	43190778	3413	0.0097
6549ca5a-c90d-4b15-8d7f-1e4e724d873c	19	43193181	43252085	23	-0.7818
6549ca5a-c90d-4b15-8d7f-1e4e724d873c	19	43262507	46400109	1657	0.0109
6549ca5a-c90d-4b15-8d7f-1e4e724d873c	19	46403740	46407870	2	-1.7346
6549ca5a-c90d-4b15-8d7f-1e4e724d873c	19	46407925	51628545	2485	0.0115
6549ca5a-c90d-4b15-8d7f-1e4e724d873c	19	51628560	51644944	12	-0.7654
6549ca5a-c90d-4b15-8d7f-1e4e724d873c	19	51651652	58586487	4335	0.0105
6549ca5a-c90d-4b15-8d7f-1e4e724d873c	20	80664	1580305	1203	0.0097
6549ca5a-c90d-4b15-8d7f-1e4e724d873c	20	1580353	1601561	37	1.5176
6549ca5a-c90d-4b15-8d7f-1e4e724d873c	20	1609611	60535987	38957	0.0125
6549ca5a-c90d-4b15-8d7f-1e4e724d873c	20	60538651	60547635	7	-1.1758
6549ca5a-c90d-4b15-8d7f-1e4e724d873c	20	60553323	64284715	2185	0.0055
6549ca5a-c90d-4b15-8d7f-1e4e724d873c	20	64323342	64324800	5	-3.509
6549ca5a-c90d-4b15-8d7f-1e4e724d873c	21	10354168	10459118	17	-0.0437
6549ca5a-c90d-4b15-8d7f-1e4e724d873c	21	10459828	10775586	70	-0.5398
6549ca5a-c90d-4b15-8d7f-1e4e724d873c	21	12973348	46677045	23782	0.0048
6549ca5a-c90d-4b15-8d7f-1e4e724d873c	22	15294547	15570064	12	-0.0508
6549ca5a-c90d-4b15-8d7f-1e4e724d873c	22	15583346	15696762	7	-0.8061
6549ca5a-c90d-4b15-8d7f-1e4e724d873c	22	15729257	23929558	4363	0.0054
6549ca5a-c90d-4b15-8d7f-1e4e724d873c	22	23940911	23946247	5	-1.37
6549ca5a-c90d-4b15-8d7f-1e4e724d873c	22	23950883	23988078	10	-0.0984
6549ca5a-c90d-4b15-8d7f-1e4e724d873c	22	23989773	23990739	3	-1.9814
6549ca5a-c90d-4b15-8d7f-1e4e724d873c	22	23995113	37346951	10029	0.0131
6549ca5a-c90d-4b15-8d7f-1e4e724d873c	22	37352689	37353906	4	-1.2743
6549ca5a-c90d-4b15-8d7f-1e4e724d873c	22	37354627	43915710	3639	0.0149
6549ca5a-c90d-4b15-8d7f-1e4e724d873c	22	43917969	43923283	4	-1.1416
6549ca5a-c90d-4b15-8d7f-1e4e724d873c	22	43926111	50796027	5203	0.0046
6549ca5a-c90d-4b15-8d7f-1e4e724d873c	X	251810	3286264	477	-0.0053
6549ca5a-c90d-4b15-8d7f-1e4e724d873c	X	3288703	3298666	14	-1.087
6549ca5a-c90d-4b15-8d7f-1e4e724d873c	X	3298682	5003660	1169	0.0022
6549ca5a-c90d-4b15-8d7f-1e4e724d873c	X	5003874	5004902	3	-1.3362
6549ca5a-c90d-4b15-8d7f-1e4e724d873c	X	5008487	67420006	33730	0.0105
6549ca5a-c90d-4b15-8d7f-1e4e724d873c	X	67421293	67507735	30	0.6177
6549ca5a-c90d-4b15-8d7f-1e4e724d873c	X	67514024	90333104	11315	0.0082
6549ca5a-c90d-4b15-8d7f-1e4e724d873c	X	90333454	90335620	2	-1.2689
6549ca5a-c90d-4b15-8d7f-1e4e724d873c	X	90338984	90918520	161	-0.0239
6549ca5a-c90d-4b15-8d7f-1e4e724d873c	X	90920291	90923048	2	-1.571
6549ca5a-c90d-4b15-8d7f-1e4e724d873c	X	90923751	111118268	10614	0.0111
6549ca5a-c90d-4b15-8d7f-1e4e724d873c	X	111118281	111118562	2	1.4469
6549ca5a-c90d-4b15-8d7f-1e4e724d873c	X	111123532	146560093	20779	0.0074
6549ca5a-c90d-4b15-8d7f-1e4e724d873c	X	146561980	146563077	2	-1.3581
6549ca5a-c90d-4b15-8d7f-1e4e724d873c	X	146563204	151124426	2978	0.0095
6549ca5a-c90d-4b15-8d7f-1e4e724d873c	X	151125462	151126987	2	1.1936
6549ca5a-c90d-4b15-8d7f-1e4e724d873c	X	151128083	151611143	315	-0.0094
6549ca5a-c90d-4b15-8d7f-1e4e724d873c	X	151611214	151622822	4	-0.7687
6549ca5a-c90d-4b15-8d7f-1e4e724d873c	X	151623396	155952689	2046	0.0042
6549ca5a-c90d-4b15-8d7f-1e4e724d873c	Y	2782397	56872112	6639	-1.205
