GDC_Aliquot	Chromosome	Start	End	Num_Probes	Segment_Mean
17d5600b-8927-444b-96b2-82a3c8a81001	1	62920	599171	20	-0.0949
17d5600b-8927-444b-96b2-82a3c8a81001	1	668210	6233415	2891	0.193
17d5600b-8927-444b-96b2-82a3c8a81001	1	6243719	7645084	853	-0.1214
17d5600b-8927-444b-96b2-82a3c8a81001	1	7647227	7981279	200	-0.4972
17d5600b-8927-444b-96b2-82a3c8a81001	1	7982676	8834930	440	-0.1686
17d5600b-8927-444b-96b2-82a3c8a81001	1	8838567	10041640	614	0.2053
17d5600b-8927-444b-96b2-82a3c8a81001	1	10042953	10163022	52	-0.089
17d5600b-8927-444b-96b2-82a3c8a81001	1	10164635	10482064	192	0.138
17d5600b-8927-444b-96b2-82a3c8a81001	1	10483779	10484931	4	-2.2665
17d5600b-8927-444b-96b2-82a3c8a81001	1	10484989	15157969	2634	0.1861
17d5600b-8927-444b-96b2-82a3c8a81001	1	15158643	15163790	16	-0.2886
17d5600b-8927-444b-96b2-82a3c8a81001	1	15167414	16604834	731	0.1808
17d5600b-8927-444b-96b2-82a3c8a81001	1	16605031	16958425	111	-0.1535
17d5600b-8927-444b-96b2-82a3c8a81001	1	16959715	19319485	1685	0.2042
17d5600b-8927-444b-96b2-82a3c8a81001	1	19320271	20340600	722	1.6253
17d5600b-8927-444b-96b2-82a3c8a81001	1	20352739	21497136	639	0.1744
17d5600b-8927-444b-96b2-82a3c8a81001	1	21497615	22381072	557	0.4123
17d5600b-8927-444b-96b2-82a3c8a81001	1	22382304	22561012	101	1.4652
17d5600b-8927-444b-96b2-82a3c8a81001	1	22563061	22755454	112	1.5613
17d5600b-8927-444b-96b2-82a3c8a81001	1	22755626	23163835	266	1.7378
17d5600b-8927-444b-96b2-82a3c8a81001	1	23166289	23355345	104	1.5689
17d5600b-8927-444b-96b2-82a3c8a81001	1	23358484	24340933	486	1.3272
17d5600b-8927-444b-96b2-82a3c8a81001	1	24343304	33718867	4836	0.1758
17d5600b-8927-444b-96b2-82a3c8a81001	1	33720493	33720593	2	-1.4563
17d5600b-8927-444b-96b2-82a3c8a81001	1	33721700	38003722	2495	0.1843
17d5600b-8927-444b-96b2-82a3c8a81001	1	38003828	40703733	1503	0.1271
17d5600b-8927-444b-96b2-82a3c8a81001	1	40706603	41540334	490	0.7273
17d5600b-8927-444b-96b2-82a3c8a81001	1	41542477	42503385	650	0.3753
17d5600b-8927-444b-96b2-82a3c8a81001	1	42504566	42689391	96	0.1408
17d5600b-8927-444b-96b2-82a3c8a81001	1	42692839	43626356	590	0.3964
17d5600b-8927-444b-96b2-82a3c8a81001	1	43630029	43948620	177	0.139
17d5600b-8927-444b-96b2-82a3c8a81001	1	43948819	55257768	6235	0.4086
17d5600b-8927-444b-96b2-82a3c8a81001	1	55258350	55258626	6	-0.7718
17d5600b-8927-444b-96b2-82a3c8a81001	1	55263695	59635787	3545	0.4023
17d5600b-8927-444b-96b2-82a3c8a81001	1	59639791	69744255	7170	0.589
17d5600b-8927-444b-96b2-82a3c8a81001	1	69746766	71989648	1329	0.1409
17d5600b-8927-444b-96b2-82a3c8a81001	1	71990149	72227630	150	-0.216
17d5600b-8927-444b-96b2-82a3c8a81001	1	72230572	72293529	44	0.1379
17d5600b-8927-444b-96b2-82a3c8a81001	1	72293826	72351072	56	0.749
17d5600b-8927-444b-96b2-82a3c8a81001	1	72351338	72542484	113	0.0777
17d5600b-8927-444b-96b2-82a3c8a81001	1	72546237	72618091	44	0.5112
17d5600b-8927-444b-96b2-82a3c8a81001	1	72619284	76944102	2851	0.1414
17d5600b-8927-444b-96b2-82a3c8a81001	1	76947220	77125377	81	-0.1981
17d5600b-8927-444b-96b2-82a3c8a81001	1	77126666	81422771	2681	0.1591
17d5600b-8927-444b-96b2-82a3c8a81001	1	81422917	81423009	5	1.159
17d5600b-8927-444b-96b2-82a3c8a81001	1	81423039	105470754	15163	0.1492
17d5600b-8927-444b-96b2-82a3c8a81001	1	105476583	105479753	17	-2.0076
17d5600b-8927-444b-96b2-82a3c8a81001	1	105481433	109684893	2632	0.1521
17d5600b-8927-444b-96b2-82a3c8a81001	1	109690352	109702376	14	-1.5496
17d5600b-8927-444b-96b2-82a3c8a81001	1	109703504	111707612	1548	0.1351
17d5600b-8927-444b-96b2-82a3c8a81001	1	111710590	111744921	22	1.3768
17d5600b-8927-444b-96b2-82a3c8a81001	1	111746496	112147589	376	0.1442
17d5600b-8927-444b-96b2-82a3c8a81001	1	112147626	112163572	36	0.5009
17d5600b-8927-444b-96b2-82a3c8a81001	1	112163576	117371418	3384	0.1489
17d5600b-8927-444b-96b2-82a3c8a81001	1	117372410	117512150	59	0.9132
17d5600b-8927-444b-96b2-82a3c8a81001	1	117515613	118477806	551	0.397
17d5600b-8927-444b-96b2-82a3c8a81001	1	118477995	118484811	6	1.6328
17d5600b-8927-444b-96b2-82a3c8a81001	1	118486443	119933053	999	0.1756
17d5600b-8927-444b-96b2-82a3c8a81001	1	119934039	120885477	59	1.4028
17d5600b-8927-444b-96b2-82a3c8a81001	1	120954128	143541857	99	0.2069
17d5600b-8927-444b-96b2-82a3c8a81001	1	143545399	143942271	125	0.6102
17d5600b-8927-444b-96b2-82a3c8a81001	1	144432083	152583051	2311	0.3802
17d5600b-8927-444b-96b2-82a3c8a81001	1	152583230	152613762	31	2.2911
17d5600b-8927-444b-96b2-82a3c8a81001	1	152613802	152614118	4	1.2693
17d5600b-8927-444b-96b2-82a3c8a81001	1	152618018	155691436	1756	0.3784
17d5600b-8927-444b-96b2-82a3c8a81001	1	155692180	155693566	2	-2.1927
17d5600b-8927-444b-96b2-82a3c8a81001	1	155697170	156370827	284	0.3285
17d5600b-8927-444b-96b2-82a3c8a81001	1	156371703	158844592	1737	-0.1934
17d5600b-8927-444b-96b2-82a3c8a81001	1	158846948	158896783	31	1.5068
17d5600b-8927-444b-96b2-82a3c8a81001	1	158898711	158905261	4	-0.0677
17d5600b-8927-444b-96b2-82a3c8a81001	1	158905753	158919634	16	1.5261
17d5600b-8927-444b-96b2-82a3c8a81001	1	158930485	162361137	2236	-0.2166
17d5600b-8927-444b-96b2-82a3c8a81001	1	162361618	166812485	3560	-0.1515
17d5600b-8927-444b-96b2-82a3c8a81001	1	166812704	169264736	1846	-0.2093
17d5600b-8927-444b-96b2-82a3c8a81001	1	169265291	169273163	7	0.813
17d5600b-8927-444b-96b2-82a3c8a81001	1	169285639	176302570	4510	-0.1901
17d5600b-8927-444b-96b2-82a3c8a81001	1	176302601	176327425	10	-0.9054
17d5600b-8927-444b-96b2-82a3c8a81001	1	176328572	176788686	254	1.4957
17d5600b-8927-444b-96b2-82a3c8a81001	1	176788953	178321672	1022	1.0641
17d5600b-8927-444b-96b2-82a3c8a81001	1	178323658	179165077	625	1.6232
17d5600b-8927-444b-96b2-82a3c8a81001	1	179167368	179354603	179	1.545
17d5600b-8927-444b-96b2-82a3c8a81001	1	179361393	179362247	2	-3.1305
17d5600b-8927-444b-96b2-82a3c8a81001	1	179364180	180385430	648	1.409
17d5600b-8927-444b-96b2-82a3c8a81001	1	180391765	185603915	3590	1.7254
17d5600b-8927-444b-96b2-82a3c8a81001	1	185604383	186553623	545	1.9189
17d5600b-8927-444b-96b2-82a3c8a81001	1	186561845	187004234	294	0.1308
17d5600b-8927-444b-96b2-82a3c8a81001	1	187006969	187241546	159	-0.1451
17d5600b-8927-444b-96b2-82a3c8a81001	1	187241943	187331953	46	0.0701
17d5600b-8927-444b-96b2-82a3c8a81001	1	187336153	190056785	1884	0.1739
17d5600b-8927-444b-96b2-82a3c8a81001	1	190059039	194415525	2900	0.1195
17d5600b-8927-444b-96b2-82a3c8a81001	1	194415546	194522323	70	0.2151
17d5600b-8927-444b-96b2-82a3c8a81001	1	194522938	196745743	1431	0.407
17d5600b-8927-444b-96b2-82a3c8a81001	1	196758720	196762956	4	-1.297
17d5600b-8927-444b-96b2-82a3c8a81001	1	196769493	196832525	53	0.1592
17d5600b-8927-444b-96b2-82a3c8a81001	1	196832720	197247502	210	0.5011
17d5600b-8927-444b-96b2-82a3c8a81001	1	197247551	198853306	985	0.3253
17d5600b-8927-444b-96b2-82a3c8a81001	1	198854253	200811577	1327	0.3907
17d5600b-8927-444b-96b2-82a3c8a81001	1	200815006	201506092	540	0.4629
17d5600b-8927-444b-96b2-82a3c8a81001	1	201506099	201506599	2	-0.6867
17d5600b-8927-444b-96b2-82a3c8a81001	1	201508884	202324788	502	0.4455
17d5600b-8927-444b-96b2-82a3c8a81001	1	202327665	203066122	436	0.3693
17d5600b-8927-444b-96b2-82a3c8a81001	1	203066237	204554743	1063	0.7708
17d5600b-8927-444b-96b2-82a3c8a81001	1	204560590	204569214	4	0.3846
17d5600b-8927-444b-96b2-82a3c8a81001	1	204570657	214320206	6645	-0.1971
17d5600b-8927-444b-96b2-82a3c8a81001	1	214321161	219894944	4065	-0.1526
17d5600b-8927-444b-96b2-82a3c8a81001	1	219895270	224151436	2716	-0.2008
17d5600b-8927-444b-96b2-82a3c8a81001	1	224154323	225875881	1096	-0.0239
17d5600b-8927-444b-96b2-82a3c8a81001	1	225876476	225877045	2	-2.2305
17d5600b-8927-444b-96b2-82a3c8a81001	1	225877146	229675422	2221	-0.0328
17d5600b-8927-444b-96b2-82a3c8a81001	1	229681109	229684449	3	-1.903
17d5600b-8927-444b-96b2-82a3c8a81001	1	229684709	230076786	290	-0.0458
17d5600b-8927-444b-96b2-82a3c8a81001	1	230077226	234477304	3478	-0.1019
17d5600b-8927-444b-96b2-82a3c8a81001	1	234477319	234521174	41	-0.1546
17d5600b-8927-444b-96b2-82a3c8a81001	1	234521843	234521927	2	-1.8133
17d5600b-8927-444b-96b2-82a3c8a81001	1	234524061	237993905	2511	-0.1612
17d5600b-8927-444b-96b2-82a3c8a81001	1	237995708	238586809	486	-0.0759
17d5600b-8927-444b-96b2-82a3c8a81001	1	238588320	238588637	5	-1.6787
17d5600b-8927-444b-96b2-82a3c8a81001	1	238589096	238599798	21	-0.2592
17d5600b-8927-444b-96b2-82a3c8a81001	1	238601440	241861550	2573	0.0025
17d5600b-8927-444b-96b2-82a3c8a81001	1	241861796	241861849	3	-1.2843
17d5600b-8927-444b-96b2-82a3c8a81001	1	241862241	242830333	725	-0.017
17d5600b-8927-444b-96b2-82a3c8a81001	1	242830924	248524544	3652	-0.1804
17d5600b-8927-444b-96b2-82a3c8a81001	1	248524859	248525314	5	-2.6261
17d5600b-8927-444b-96b2-82a3c8a81001	1	248546369	248930189	177	-0.2344
17d5600b-8927-444b-96b2-82a3c8a81001	2	12784	29630	9	-0.1588
17d5600b-8927-444b-96b2-82a3c8a81001	2	30143	4158097	2974	0.1259
17d5600b-8927-444b-96b2-82a3c8a81001	2	4166274	4176429	42	-0.546
17d5600b-8927-444b-96b2-82a3c8a81001	2	4182472	34474248	21049	0.1253
17d5600b-8927-444b-96b2-82a3c8a81001	2	34476327	34511446	44	0.6178
17d5600b-8927-444b-96b2-82a3c8a81001	2	34511990	35750907	873	0.1366
17d5600b-8927-444b-96b2-82a3c8a81001	2	35752724	35762881	7	-1.0168
17d5600b-8927-444b-96b2-82a3c8a81001	2	35772407	50668107	10849	0.12
17d5600b-8927-444b-96b2-82a3c8a81001	2	50669496	51044929	248	0.2529
17d5600b-8927-444b-96b2-82a3c8a81001	2	51044980	52531615	1027	0.1308
17d5600b-8927-444b-96b2-82a3c8a81001	2	52531630	52554384	31	0.4761
17d5600b-8927-444b-96b2-82a3c8a81001	2	52554404	55095759	1969	0.1216
17d5600b-8927-444b-96b2-82a3c8a81001	2	55097152	55103214	40	-0.6255
17d5600b-8927-444b-96b2-82a3c8a81001	2	55113676	60618425	3688	0.1164
17d5600b-8927-444b-96b2-82a3c8a81001	2	60619693	60776368	82	-0.1779
17d5600b-8927-444b-96b2-82a3c8a81001	2	60779671	65403117	2421	0.096
17d5600b-8927-444b-96b2-82a3c8a81001	2	65408072	67350776	1450	0.1537
17d5600b-8927-444b-96b2-82a3c8a81001	2	67351945	69557146	1601	0.0943
17d5600b-8927-444b-96b2-82a3c8a81001	2	69559056	70141891	336	-0.2477
17d5600b-8927-444b-96b2-82a3c8a81001	2	70144439	73915601	2089	0.1225
17d5600b-8927-444b-96b2-82a3c8a81001	2	73915656	74712775	450	0.3536
17d5600b-8927-444b-96b2-82a3c8a81001	2	74713161	97192190	9688	0.1255
17d5600b-8927-444b-96b2-82a3c8a81001	2	97199600	97211436	14	-0.5471
17d5600b-8927-444b-96b2-82a3c8a81001	2	97310327	97359885	13	0.371
17d5600b-8927-444b-96b2-82a3c8a81001	2	97524284	97545726	9	1.1745
17d5600b-8927-444b-96b2-82a3c8a81001	2	97550415	103795898	3777	0.1169
17d5600b-8927-444b-96b2-82a3c8a81001	2	103801690	104467606	422	0.3557
17d5600b-8927-444b-96b2-82a3c8a81001	2	104468833	104470042	2	-1.0803
17d5600b-8927-444b-96b2-82a3c8a81001	2	104470731	106265177	1360	0.3854
17d5600b-8927-444b-96b2-82a3c8a81001	2	106266773	106268901	8	1.1749
17d5600b-8927-444b-96b2-82a3c8a81001	2	106270799	106566316	115	0.3726
17d5600b-8927-444b-96b2-82a3c8a81001	2	106570386	107264303	533	1.0258
17d5600b-8927-444b-96b2-82a3c8a81001	2	107264402	107875632	346	1.329
17d5600b-8927-444b-96b2-82a3c8a81001	2	107885445	108257266	279	1.1363
17d5600b-8927-444b-96b2-82a3c8a81001	2	108258297	108258788	3	0.0774
17d5600b-8927-444b-96b2-82a3c8a81001	2	108263595	132589162	13894	-0.1731
17d5600b-8927-444b-96b2-82a3c8a81001	2	132590332	141041192	5538	0.1194
17d5600b-8927-444b-96b2-82a3c8a81001	2	141041482	141303789	157	-0.2394
17d5600b-8927-444b-96b2-82a3c8a81001	2	141304609	141731265	339	0.137
17d5600b-8927-444b-96b2-82a3c8a81001	2	141731887	141965856	204	0.3425
17d5600b-8927-444b-96b2-82a3c8a81001	2	141968576	141972556	3	1.0453
17d5600b-8927-444b-96b2-82a3c8a81001	2	141973821	142007753	24	0.4413
17d5600b-8927-444b-96b2-82a3c8a81001	2	142010666	142527289	308	1.2303
17d5600b-8927-444b-96b2-82a3c8a81001	2	142527838	146106861	2058	0.0707
17d5600b-8927-444b-96b2-82a3c8a81001	2	146106875	146109366	22	0.919
17d5600b-8927-444b-96b2-82a3c8a81001	2	146120238	149031753	1463	0.1001
17d5600b-8927-444b-96b2-82a3c8a81001	2	149032327	162460145	8337	-0.1926
17d5600b-8927-444b-96b2-82a3c8a81001	2	162464003	162517730	34	1.0437
17d5600b-8927-444b-96b2-82a3c8a81001	2	162518046	162553839	20	1.5664
17d5600b-8927-444b-96b2-82a3c8a81001	2	162559766	163373516	449	1.1324
17d5600b-8927-444b-96b2-82a3c8a81001	2	163377893	169488692	3835	-0.1975
17d5600b-8927-444b-96b2-82a3c8a81001	2	169488864	170196008	392	-0.6311
17d5600b-8927-444b-96b2-82a3c8a81001	2	170196899	176123974	3736	-0.1967
17d5600b-8927-444b-96b2-82a3c8a81001	2	176134094	176460846	203	1.2331
17d5600b-8927-444b-96b2-82a3c8a81001	2	176460962	176978032	451	1.4125
17d5600b-8927-444b-96b2-82a3c8a81001	2	176980989	179081696	1279	1.1692
17d5600b-8927-444b-96b2-82a3c8a81001	2	179087466	179548644	282	0.6975
17d5600b-8927-444b-96b2-82a3c8a81001	2	179553484	179557410	30	-0.495
17d5600b-8927-444b-96b2-82a3c8a81001	2	179560916	179768959	173	0.6713
17d5600b-8927-444b-96b2-82a3c8a81001	2	179769343	181976125	1394	0.4978
17d5600b-8927-444b-96b2-82a3c8a81001	2	181978484	182066030	75	0.6158
17d5600b-8927-444b-96b2-82a3c8a81001	2	182082565	182465845	261	1.2227
17d5600b-8927-444b-96b2-82a3c8a81001	2	182470187	194758953	6931	-0.1749
17d5600b-8927-444b-96b2-82a3c8a81001	2	194759671	195322138	340	-0.056
17d5600b-8927-444b-96b2-82a3c8a81001	2	195324304	202428368	4093	-0.2086
17d5600b-8927-444b-96b2-82a3c8a81001	2	202431052	202448759	42	-0.788
17d5600b-8927-444b-96b2-82a3c8a81001	2	202448774	212294095	6152	-0.1865
17d5600b-8927-444b-96b2-82a3c8a81001	2	212294228	212322478	33	0.1637
17d5600b-8927-444b-96b2-82a3c8a81001	2	212322531	212816249	364	-0.1734
17d5600b-8927-444b-96b2-82a3c8a81001	2	212816265	212930977	75	-0.6514
17d5600b-8927-444b-96b2-82a3c8a81001	2	212931696	229747735	11024	-0.1815
17d5600b-8927-444b-96b2-82a3c8a81001	2	229748324	229847374	42	0.4105
17d5600b-8927-444b-96b2-82a3c8a81001	2	229849309	231379723	829	-0.1859
17d5600b-8927-444b-96b2-82a3c8a81001	2	231383725	232186799	375	-0.6205
17d5600b-8927-444b-96b2-82a3c8a81001	2	232191911	242147305	6308	-0.1474
17d5600b-8927-444b-96b2-82a3c8a81001	3	20930	182919	153	0.512
17d5600b-8927-444b-96b2-82a3c8a81001	3	188339	191117	4	-4.2756
17d5600b-8927-444b-96b2-82a3c8a81001	3	193194	209075	12	0.4123
17d5600b-8927-444b-96b2-82a3c8a81001	3	210385	1455137	1071	0.5928
17d5600b-8927-444b-96b2-82a3c8a81001	3	1455969	1720723	284	0.8502
17d5600b-8927-444b-96b2-82a3c8a81001	3	1730425	1736985	9	-0.5213
17d5600b-8927-444b-96b2-82a3c8a81001	3	1739730	2068183	310	0.8375
17d5600b-8927-444b-96b2-82a3c8a81001	3	2068196	15127800	10357	0.5308
17d5600b-8927-444b-96b2-82a3c8a81001	3	15131971	20266298	3049	0.4733
17d5600b-8927-444b-96b2-82a3c8a81001	3	20271633	20273630	2	-1.0867
17d5600b-8927-444b-96b2-82a3c8a81001	3	20274591	20390052	62	0.4576
17d5600b-8927-444b-96b2-82a3c8a81001	3	20390827	20399617	11	0.8416
17d5600b-8927-444b-96b2-82a3c8a81001	3	20405351	20455449	38	0.3917
17d5600b-8927-444b-96b2-82a3c8a81001	3	20456343	36926856	11639	0.5134
17d5600b-8927-444b-96b2-82a3c8a81001	3	36927134	36930872	2	-2.2373
17d5600b-8927-444b-96b2-82a3c8a81001	3	36934640	47783227	6589	0.5025
17d5600b-8927-444b-96b2-82a3c8a81001	3	47783288	47933502	87	0.2391
17d5600b-8927-444b-96b2-82a3c8a81001	3	47938685	53796727	2602	0.4946
17d5600b-8927-444b-96b2-82a3c8a81001	3	53796740	56595877	2116	0.5374
17d5600b-8927-444b-96b2-82a3c8a81001	3	56596441	56599864	5	-0.505
17d5600b-8927-444b-96b2-82a3c8a81001	3	56611838	62191243	4320	0.5375
17d5600b-8927-444b-96b2-82a3c8a81001	3	62191434	62191584	5	-0.5336
17d5600b-8927-444b-96b2-82a3c8a81001	3	62191725	62980929	679	0.5606
17d5600b-8927-444b-96b2-82a3c8a81001	3	62981026	62984915	2	-1.1232
17d5600b-8927-444b-96b2-82a3c8a81001	3	62985533	67286528	3436	0.5564
17d5600b-8927-444b-96b2-82a3c8a81001	3	67288979	86640681	12018	0.5223
17d5600b-8927-444b-96b2-82a3c8a81001	3	86643142	86668086	19	1.1399
17d5600b-8927-444b-96b2-82a3c8a81001	3	86672451	86746311	36	0.8736
17d5600b-8927-444b-96b2-82a3c8a81001	3	86750894	96013014	3058	0.5179
17d5600b-8927-444b-96b2-82a3c8a81001	3	96017026	96533314	259	0.6866
17d5600b-8927-444b-96b2-82a3c8a81001	3	96542720	96746248	111	0.5384
17d5600b-8927-444b-96b2-82a3c8a81001	3	96747066	101195191	2548	0.4982
17d5600b-8927-444b-96b2-82a3c8a81001	3	101195310	101438634	119	0.248
17d5600b-8927-444b-96b2-82a3c8a81001	3	101440745	106992105	3342	0.4811
17d5600b-8927-444b-96b2-82a3c8a81001	3	107001838	107590508	322	0.1288
17d5600b-8927-444b-96b2-82a3c8a81001	3	107591007	108616657	706	0.456
17d5600b-8927-444b-96b2-82a3c8a81001	3	108616702	110908393	1352	0.5322
17d5600b-8927-444b-96b2-82a3c8a81001	3	110909862	116804449	3717	0.4672
17d5600b-8927-444b-96b2-82a3c8a81001	3	116804601	116808382	5	-0.604
17d5600b-8927-444b-96b2-82a3c8a81001	3	116808391	130067531	7978	0.4951
17d5600b-8927-444b-96b2-82a3c8a81001	3	130067896	130087393	29	0.8937
17d5600b-8927-444b-96b2-82a3c8a81001	3	130088081	135501122	3610	0.5013
17d5600b-8927-444b-96b2-82a3c8a81001	3	135503800	135504029	2	-1.1118
17d5600b-8927-444b-96b2-82a3c8a81001	3	135504480	147171868	7049	0.507
17d5600b-8927-444b-96b2-82a3c8a81001	3	147176131	147295986	71	0.7739
17d5600b-8927-444b-96b2-82a3c8a81001	3	147299009	153536636	3932	0.4905
17d5600b-8927-444b-96b2-82a3c8a81001	3	153536788	153707265	117	0.0905
17d5600b-8927-444b-96b2-82a3c8a81001	3	153711789	156130991	1359	0.4966
17d5600b-8927-444b-96b2-82a3c8a81001	3	156131304	156137201	3	-1.0195
17d5600b-8927-444b-96b2-82a3c8a81001	3	156138885	162374395	3831	0.4887
17d5600b-8927-444b-96b2-82a3c8a81001	3	162385286	162388527	2	-0.9359
17d5600b-8927-444b-96b2-82a3c8a81001	3	162390852	162790480	283	0.5788
17d5600b-8927-444b-96b2-82a3c8a81001	3	162794869	162908815	72	0.1133
17d5600b-8927-444b-96b2-82a3c8a81001	3	162910826	163941168	578	0.519
17d5600b-8927-444b-96b2-82a3c8a81001	3	163941170	163941185	3	-0.8065
17d5600b-8927-444b-96b2-82a3c8a81001	3	163944509	164973003	563	0.4907
17d5600b-8927-444b-96b2-82a3c8a81001	3	164974134	165134040	73	0.7414
17d5600b-8927-444b-96b2-82a3c8a81001	3	165138588	165341586	122	0.5434
17d5600b-8927-444b-96b2-82a3c8a81001	3	165341597	165347277	25	0.9387
17d5600b-8927-444b-96b2-82a3c8a81001	3	165347372	178266229	8093	0.5354
17d5600b-8927-444b-96b2-82a3c8a81001	3	178266372	193155915	9700	0.3081
17d5600b-8927-444b-96b2-82a3c8a81001	3	193156958	193165114	21	1.3822
17d5600b-8927-444b-96b2-82a3c8a81001	3	193168646	198169247	2691	0.3252
17d5600b-8927-444b-96b2-82a3c8a81001	4	68929	685692	237	-0.2362
17d5600b-8927-444b-96b2-82a3c8a81001	4	692774	939186	94	1.1415
17d5600b-8927-444b-96b2-82a3c8a81001	4	943938	1945597	355	1.9345
17d5600b-8927-444b-96b2-82a3c8a81001	4	1951266	1998512	18	2.4687
17d5600b-8927-444b-96b2-82a3c8a81001	4	1998531	2138964	49	1.8424
17d5600b-8927-444b-96b2-82a3c8a81001	4	2144709	2406417	127	0.9009
17d5600b-8927-444b-96b2-82a3c8a81001	4	2406684	10208766	4811	-0.2214
17d5600b-8927-444b-96b2-82a3c8a81001	4	10212536	10233644	36	-1.8746
17d5600b-8927-444b-96b2-82a3c8a81001	4	10234518	24574536	10479	-0.2229
17d5600b-8927-444b-96b2-82a3c8a81001	4	24575227	24688432	72	-0.6479
17d5600b-8927-444b-96b2-82a3c8a81001	4	24690264	32960408	5381	-0.2154
17d5600b-8927-444b-96b2-82a3c8a81001	4	32962842	33024278	39	0.0995
17d5600b-8927-444b-96b2-82a3c8a81001	4	33024455	34784878	994	-0.2247
17d5600b-8927-444b-96b2-82a3c8a81001	4	34785333	34823103	37	-1.0193
17d5600b-8927-444b-96b2-82a3c8a81001	4	34828250	41152000	4191	-0.2004
17d5600b-8927-444b-96b2-82a3c8a81001	4	41158383	43330326	1478	0.8988
17d5600b-8927-444b-96b2-82a3c8a81001	4	43331580	43333435	3	0.2724
17d5600b-8927-444b-96b2-82a3c8a81001	4	43336864	46084297	1561	-0.1935
17d5600b-8927-444b-96b2-82a3c8a81001	4	46093210	46249273	80	0.1972
17d5600b-8927-444b-96b2-82a3c8a81001	4	46250049	48092517	1017	0.0911
17d5600b-8927-444b-96b2-82a3c8a81001	4	48093110	48163145	94	0.2695
17d5600b-8927-444b-96b2-82a3c8a81001	4	48166411	48358118	235	-0.0858
17d5600b-8927-444b-96b2-82a3c8a81001	4	48361713	68389352	10775	0.175
17d5600b-8927-444b-96b2-82a3c8a81001	4	68391041	68395346	4	1.4885
17d5600b-8927-444b-96b2-82a3c8a81001	4	68416487	68655691	86	0.3675
17d5600b-8927-444b-96b2-82a3c8a81001	4	68663241	68674307	3	0.666
17d5600b-8927-444b-96b2-82a3c8a81001	4	68686026	69459710	417	-0.0659
17d5600b-8927-444b-96b2-82a3c8a81001	4	69459889	73273374	2256	-0.1869
17d5600b-8927-444b-96b2-82a3c8a81001	4	73280867	73430763	73	0.1083
17d5600b-8927-444b-96b2-82a3c8a81001	4	73434824	90775975	10941	-0.2018
17d5600b-8927-444b-96b2-82a3c8a81001	4	90778175	90803046	18	-0.0113
17d5600b-8927-444b-96b2-82a3c8a81001	4	90809174	91250336	298	-0.6471
17d5600b-8927-444b-96b2-82a3c8a81001	4	91255591	97000903	3411	-0.1981
17d5600b-8927-444b-96b2-82a3c8a81001	4	97001808	97002862	2	-3.2236
17d5600b-8927-444b-96b2-82a3c8a81001	4	97008156	103816585	3942	-0.2114
17d5600b-8927-444b-96b2-82a3c8a81001	4	103816683	103837346	32	0.1071
17d5600b-8927-444b-96b2-82a3c8a81001	4	103838757	107126757	1836	-0.2204
17d5600b-8927-444b-96b2-82a3c8a81001	4	107129064	107154401	38	0.0966
17d5600b-8927-444b-96b2-82a3c8a81001	4	107154866	110083229	1740	-0.1875
17d5600b-8927-444b-96b2-82a3c8a81001	4	110083291	110083850	5	-1.0622
17d5600b-8927-444b-96b2-82a3c8a81001	4	110085282	114252544	2664	-0.1894
17d5600b-8927-444b-96b2-82a3c8a81001	4	114254167	114261019	23	-1.68
17d5600b-8927-444b-96b2-82a3c8a81001	4	114263073	115244564	608	-0.1818
17d5600b-8927-444b-96b2-82a3c8a81001	4	115244637	115252079	13	0.5337
17d5600b-8927-444b-96b2-82a3c8a81001	4	115252113	116375336	650	-0.1933
17d5600b-8927-444b-96b2-82a3c8a81001	4	116375783	116433282	36	0.1148
17d5600b-8927-444b-96b2-82a3c8a81001	4	116436352	124720173	4915	-0.2092
17d5600b-8927-444b-96b2-82a3c8a81001	4	124723041	124724235	12	-1.0789
17d5600b-8927-444b-96b2-82a3c8a81001	4	124724803	131348087	3862	-0.1767
17d5600b-8927-444b-96b2-82a3c8a81001	4	131358440	131359873	2	-1.9077
17d5600b-8927-444b-96b2-82a3c8a81001	4	131362918	143911133	7585	-0.1868
17d5600b-8927-444b-96b2-82a3c8a81001	4	143920939	143996000	36	-0.6336
17d5600b-8927-444b-96b2-82a3c8a81001	4	143996159	148108886	2288	-0.2014
17d5600b-8927-444b-96b2-82a3c8a81001	4	148109043	148109437	2	-1.7984
17d5600b-8927-444b-96b2-82a3c8a81001	4	148114721	149983694	1054	-0.1895
17d5600b-8927-444b-96b2-82a3c8a81001	4	149984222	149984807	2	-3.6904
17d5600b-8927-444b-96b2-82a3c8a81001	4	149987908	150958512	539	-0.1906
17d5600b-8927-444b-96b2-82a3c8a81001	4	150958773	150963148	16	-0.9468
17d5600b-8927-444b-96b2-82a3c8a81001	4	150963154	160857877	6248	-0.1846
17d5600b-8927-444b-96b2-82a3c8a81001	4	160862028	160862378	5	-1.3161
17d5600b-8927-444b-96b2-82a3c8a81001	4	160864951	161174181	260	-0.0597
17d5600b-8927-444b-96b2-82a3c8a81001	4	161174755	169922993	5532	-0.1817
17d5600b-8927-444b-96b2-82a3c8a81001	4	169923329	169925402	3	-1.783
17d5600b-8927-444b-96b2-82a3c8a81001	4	169925890	171448195	970	-0.1946
17d5600b-8927-444b-96b2-82a3c8a81001	4	171453733	171456573	11	0.9412
17d5600b-8927-444b-96b2-82a3c8a81001	4	171456625	172068222	403	-0.1816
17d5600b-8927-444b-96b2-82a3c8a81001	4	172068257	172068354	5	-1.7462
17d5600b-8927-444b-96b2-82a3c8a81001	4	172068368	181786631	6439	-0.19
17d5600b-8927-444b-96b2-82a3c8a81001	4	181789098	182286187	411	-0.6323
17d5600b-8927-444b-96b2-82a3c8a81001	4	182290260	184193949	1255	-0.1581
17d5600b-8927-444b-96b2-82a3c8a81001	4	184194082	185064135	623	-0.2662
17d5600b-8927-444b-96b2-82a3c8a81001	4	185067897	188300104	2199	-0.1709
17d5600b-8927-444b-96b2-82a3c8a81001	4	188300206	188300285	4	1.994
17d5600b-8927-444b-96b2-82a3c8a81001	4	188301659	190106768	1140	-0.1511
17d5600b-8927-444b-96b2-82a3c8a81001	5	15532	30677	9	-0.146
17d5600b-8927-444b-96b2-82a3c8a81001	5	35793	82033	24	0.3704
17d5600b-8927-444b-96b2-82a3c8a81001	5	82480	825538	319	-0.2828
17d5600b-8927-444b-96b2-82a3c8a81001	5	833513	863682	3	1.2938
17d5600b-8927-444b-96b2-82a3c8a81001	5	866255	3092396	1675	-0.2007
17d5600b-8927-444b-96b2-82a3c8a81001	5	3092961	3099608	9	0.1814
17d5600b-8927-444b-96b2-82a3c8a81001	5	3100700	15718383	10125	0.4239
17d5600b-8927-444b-96b2-82a3c8a81001	5	15719113	15720488	11	-0.4399
17d5600b-8927-444b-96b2-82a3c8a81001	5	15723237	17342373	1082	0.4373
17d5600b-8927-444b-96b2-82a3c8a81001	5	17344127	17356130	8	-0.5951
17d5600b-8927-444b-96b2-82a3c8a81001	5	17358160	17692265	143	0.3622
17d5600b-8927-444b-96b2-82a3c8a81001	5	17696368	18427134	508	0.6005
17d5600b-8927-444b-96b2-82a3c8a81001	5	18427643	18431855	3	-0.2972
17d5600b-8927-444b-96b2-82a3c8a81001	5	18435576	19454175	638	0.6193
17d5600b-8927-444b-96b2-82a3c8a81001	5	19458679	19459518	4	-0.406
17d5600b-8927-444b-96b2-82a3c8a81001	5	19462162	22761211	1810	0.6238
17d5600b-8927-444b-96b2-82a3c8a81001	5	22761491	25976153	1969	0.1477
17d5600b-8927-444b-96b2-82a3c8a81001	5	25979327	25981623	2	-1.6094
17d5600b-8927-444b-96b2-82a3c8a81001	5	25981951	34282862	5304	0.1619
17d5600b-8927-444b-96b2-82a3c8a81001	5	34289219	34567277	155	0.3167
17d5600b-8927-444b-96b2-82a3c8a81001	5	34567386	50159802	6877	0.1506
17d5600b-8927-444b-96b2-82a3c8a81001	5	50163220	51015889	397	-0.1045
17d5600b-8927-444b-96b2-82a3c8a81001	5	51019830	54136066	1989	0.1543
17d5600b-8927-444b-96b2-82a3c8a81001	5	54137848	57420630	2222	-0.1801
17d5600b-8927-444b-96b2-82a3c8a81001	5	57423660	57432131	10	-1.2592
17d5600b-8927-444b-96b2-82a3c8a81001	5	57434533	58660999	906	-0.1921
17d5600b-8927-444b-96b2-82a3c8a81001	5	58661016	58663865	24	-0.9967
17d5600b-8927-444b-96b2-82a3c8a81001	5	58663939	99422605	23399	-0.1902
17d5600b-8927-444b-96b2-82a3c8a81001	5	99422743	99423328	2	-3.0092
17d5600b-8927-444b-96b2-82a3c8a81001	5	99432040	106731840	4258	-0.1511
17d5600b-8927-444b-96b2-82a3c8a81001	5	106732601	106948631	166	0.0409
17d5600b-8927-444b-96b2-82a3c8a81001	5	106958184	118050922	7918	-0.1757
17d5600b-8927-444b-96b2-82a3c8a81001	5	118052727	118053390	11	-0.8011
17d5600b-8927-444b-96b2-82a3c8a81001	5	118068645	138240621	12645	-0.1772
17d5600b-8927-444b-96b2-82a3c8a81001	5	138250641	138748659	271	0.0884
17d5600b-8927-444b-96b2-82a3c8a81001	5	138749407	150822643	7475	-0.1763
17d5600b-8927-444b-96b2-82a3c8a81001	5	150825938	150839042	8	-3.322
17d5600b-8927-444b-96b2-82a3c8a81001	5	150843825	171304585	14262	-0.1815
17d5600b-8927-444b-96b2-82a3c8a81001	5	171306187	177502733	4107	0.1492
17d5600b-8927-444b-96b2-82a3c8a81001	5	177507024	177687461	58	-0.2018
17d5600b-8927-444b-96b2-82a3c8a81001	5	177705442	177771448	11	0.1897
17d5600b-8927-444b-96b2-82a3c8a81001	5	177800550	177805604	3	2.0124
17d5600b-8927-444b-96b2-82a3c8a81001	5	177827964	177933867	14	0.2593
17d5600b-8927-444b-96b2-82a3c8a81001	5	177950647	181363319	1966	-0.1999
17d5600b-8927-444b-96b2-82a3c8a81001	6	149661	473248	287	0.5062
17d5600b-8927-444b-96b2-82a3c8a81001	6	473595	23057409	17414	0.5775
17d5600b-8927-444b-96b2-82a3c8a81001	6	23060763	23064026	4	-0.5657
17d5600b-8927-444b-96b2-82a3c8a81001	6	23067417	25739659	1919	0.5719
17d5600b-8927-444b-96b2-82a3c8a81001	6	25740101	29868462	2017	0.5146
17d5600b-8927-444b-96b2-82a3c8a81001	6	29868698	29868859	3	-1.2384
17d5600b-8927-444b-96b2-82a3c8a81001	6	29868926	29907031	26	0.5682
17d5600b-8927-444b-96b2-82a3c8a81001	6	29909182	29931120	7	-5.7549
17d5600b-8927-444b-96b2-82a3c8a81001	6	29931900	31053727	471	0.4669
17d5600b-8927-444b-96b2-82a3c8a81001	6	31054336	31318528	180	0.646
17d5600b-8927-444b-96b2-82a3c8a81001	6	31318754	31328674	9	-0.0267
17d5600b-8927-444b-96b2-82a3c8a81001	6	31342147	31513941	158	0.7199
17d5600b-8927-444b-96b2-82a3c8a81001	6	31516740	31686955	56	0.5321
17d5600b-8927-444b-96b2-82a3c8a81001	6	31689977	32463515	282	0.263
17d5600b-8927-444b-96b2-82a3c8a81001	6	32463775	32568621	28	-0.1818
17d5600b-8927-444b-96b2-82a3c8a81001	6	32570802	32656527	33	0.4341
17d5600b-8927-444b-96b2-82a3c8a81001	6	32656814	32658841	5	-0.7811
17d5600b-8927-444b-96b2-82a3c8a81001	6	32682835	32723053	47	0.2207
17d5600b-8927-444b-96b2-82a3c8a81001	6	32732907	32751604	22	0.5742
17d5600b-8927-444b-96b2-82a3c8a81001	6	32754977	39051727	3876	0.4171
17d5600b-8927-444b-96b2-82a3c8a81001	6	39052446	48964092	6443	0.4594
17d5600b-8927-444b-96b2-82a3c8a81001	6	48965433	48967338	2	-1.7347
17d5600b-8927-444b-96b2-82a3c8a81001	6	48967442	65000836	7773	0.457
17d5600b-8927-444b-96b2-82a3c8a81001	6	65001506	65003899	3	-1.1314
17d5600b-8927-444b-96b2-82a3c8a81001	6	65007491	66298393	863	0.4606
17d5600b-8927-444b-96b2-82a3c8a81001	6	66299130	66338736	54	-0.8629
17d5600b-8927-444b-96b2-82a3c8a81001	6	66339513	69491373	2154	0.4675
17d5600b-8927-444b-96b2-82a3c8a81001	6	69494721	69513415	15	1.0953
17d5600b-8927-444b-96b2-82a3c8a81001	6	69522312	76730151	4607	0.4641
17d5600b-8927-444b-96b2-82a3c8a81001	6	76730331	76743040	20	0.9679
17d5600b-8927-444b-96b2-82a3c8a81001	6	76751356	78262064	982	0.4593
17d5600b-8927-444b-96b2-82a3c8a81001	6	78262085	78336944	116	0.9
17d5600b-8927-444b-96b2-82a3c8a81001	6	78341897	85992372	4806	0.464
17d5600b-8927-444b-96b2-82a3c8a81001	6	85995537	85996204	3	-1.1902
17d5600b-8927-444b-96b2-82a3c8a81001	6	85998530	90416016	2730	0.4639
17d5600b-8927-444b-96b2-82a3c8a81001	6	90416570	90416954	6	-1.131
17d5600b-8927-444b-96b2-82a3c8a81001	6	90418960	90449791	36	0.4643
17d5600b-8927-444b-96b2-82a3c8a81001	6	90450805	90451374	2	-1.2195
17d5600b-8927-444b-96b2-82a3c8a81001	6	90451979	93879091	2379	0.4812
17d5600b-8927-444b-96b2-82a3c8a81001	6	93879612	94970302	715	0.596
17d5600b-8927-444b-96b2-82a3c8a81001	6	95386776	103286954	4783	0.4624
17d5600b-8927-444b-96b2-82a3c8a81001	6	103290101	103314186	46	-0.0744
17d5600b-8927-444b-96b2-82a3c8a81001	6	103317795	115057911	7299	0.4552
17d5600b-8927-444b-96b2-82a3c8a81001	6	115057996	115086809	3	-1.5275
17d5600b-8927-444b-96b2-82a3c8a81001	6	115087407	118313916	1895	0.4296
17d5600b-8927-444b-96b2-82a3c8a81001	6	118316273	118570419	139	0.6107
17d5600b-8927-444b-96b2-82a3c8a81001	6	118573305	124834978	3815	0.4556
17d5600b-8927-444b-96b2-82a3c8a81001	6	124835303	125227421	293	0.1965
17d5600b-8927-444b-96b2-82a3c8a81001	6	125229667	130131975	2995	0.4578
17d5600b-8927-444b-96b2-82a3c8a81001	6	130133179	130133694	2	-1.5778
17d5600b-8927-444b-96b2-82a3c8a81001	6	130136217	147554902	11315	0.4405
17d5600b-8927-444b-96b2-82a3c8a81001	6	147559865	154959115	5388	0.4815
17d5600b-8927-444b-96b2-82a3c8a81001	6	154960359	154960582	2	-1.5845
17d5600b-8927-444b-96b2-82a3c8a81001	6	154961842	157535098	1644	0.4387
17d5600b-8927-444b-96b2-82a3c8a81001	6	157535247	157535476	4	-0.7035
17d5600b-8927-444b-96b2-82a3c8a81001	6	157539671	159924077	1581	0.4317
17d5600b-8927-444b-96b2-82a3c8a81001	6	159926058	169108781	6828	0.4839
17d5600b-8927-444b-96b2-82a3c8a81001	6	169108943	169112552	18	-0.0227
17d5600b-8927-444b-96b2-82a3c8a81001	6	169112567	169844571	545	0.4964
17d5600b-8927-444b-96b2-82a3c8a81001	6	169845321	170741917	371	0.4153
17d5600b-8927-444b-96b2-82a3c8a81001	7	43355	1263425	367	-0.0362
17d5600b-8927-444b-96b2-82a3c8a81001	7	1271601	5897269	2687	0.09
17d5600b-8927-444b-96b2-82a3c8a81001	7	5900408	5911197	3	-1.4932
17d5600b-8927-444b-96b2-82a3c8a81001	7	5916628	6791305	352	0.1042
17d5600b-8927-444b-96b2-82a3c8a81001	7	6797375	6824616	8	0.7133
17d5600b-8927-444b-96b2-82a3c8a81001	7	6827447	6860976	12	0.0287
17d5600b-8927-444b-96b2-82a3c8a81001	7	6862089	6880649	7	-1.6614
17d5600b-8927-444b-96b2-82a3c8a81001	7	6889070	18900536	9712	0.1043
17d5600b-8927-444b-96b2-82a3c8a81001	7	18900867	19741573	868	0.2081
17d5600b-8927-444b-96b2-82a3c8a81001	7	19748494	21970980	1656	0.1032
17d5600b-8927-444b-96b2-82a3c8a81001	7	21981073	33785797	8516	0.3598
17d5600b-8927-444b-96b2-82a3c8a81001	7	33786547	38238544	3151	0.0863
17d5600b-8927-444b-96b2-82a3c8a81001	7	38239007	38368593	139	0.3076
17d5600b-8927-444b-96b2-82a3c8a81001	7	38368878	49602783	7470	0.1215
17d5600b-8927-444b-96b2-82a3c8a81001	7	49605372	49610018	3	-1.4872
17d5600b-8927-444b-96b2-82a3c8a81001	7	49611833	52193884	1924	0.11
17d5600b-8927-444b-96b2-82a3c8a81001	7	52193920	52194094	3	-2.0935
17d5600b-8927-444b-96b2-82a3c8a81001	7	52197442	61091469	3625	0.1423
17d5600b-8927-444b-96b2-82a3c8a81001	7	61093309	62332999	23	-0.4167
17d5600b-8927-444b-96b2-82a3c8a81001	7	62526795	65133963	950	0.1577
17d5600b-8927-444b-96b2-82a3c8a81001	7	65176750	65561579	181	-0.1053
17d5600b-8927-444b-96b2-82a3c8a81001	7	65586825	67172252	534	0.1138
17d5600b-8927-444b-96b2-82a3c8a81001	7	67176387	67182652	6	-0.8775
17d5600b-8927-444b-96b2-82a3c8a81001	7	67189590	69541288	1546	0.1625
17d5600b-8927-444b-96b2-82a3c8a81001	7	69543871	69801093	130	-0.2614
17d5600b-8927-444b-96b2-82a3c8a81001	7	69804315	69849979	27	-0.7745
17d5600b-8927-444b-96b2-82a3c8a81001	7	69856384	70795063	592	-0.1905
17d5600b-8927-444b-96b2-82a3c8a81001	7	70797150	70955452	90	0.1049
17d5600b-8927-444b-96b2-82a3c8a81001	7	70958264	70961155	2	-2.6848
17d5600b-8927-444b-96b2-82a3c8a81001	7	70963257	77559814	2590	0.1452
17d5600b-8927-444b-96b2-82a3c8a81001	7	77560262	77834078	136	-0.2092
17d5600b-8927-444b-96b2-82a3c8a81001	7	77837312	88636489	7086	0.129
17d5600b-8927-444b-96b2-82a3c8a81001	7	88637346	88785688	122	0.2569
17d5600b-8927-444b-96b2-82a3c8a81001	7	88788604	88791805	2	-1.3206
17d5600b-8927-444b-96b2-82a3c8a81001	7	88792091	89978760	753	0.2014
17d5600b-8927-444b-96b2-82a3c8a81001	7	89981498	97777749	5029	0.1131
17d5600b-8927-444b-96b2-82a3c8a81001	7	97788295	97791340	5	-0.7957
17d5600b-8927-444b-96b2-82a3c8a81001	7	97791778	100419831	1181	0.1147
17d5600b-8927-444b-96b2-82a3c8a81001	7	100420604	101379080	333	0.3627
17d5600b-8927-444b-96b2-82a3c8a81001	7	101381028	101382762	3	-1.4112
17d5600b-8927-444b-96b2-82a3c8a81001	7	101389060	102764986	535	0.3775
17d5600b-8927-444b-96b2-82a3c8a81001	7	102765997	103211151	194	0.0675
17d5600b-8927-444b-96b2-82a3c8a81001	7	103211707	105946044	1827	0.3558
17d5600b-8927-444b-96b2-82a3c8a81001	7	105946407	105946995	6	-0.8142
17d5600b-8927-444b-96b2-82a3c8a81001	7	105947907	109797036	2497	0.3572
17d5600b-8927-444b-96b2-82a3c8a81001	7	109797037	109797041	3	-0.8576
17d5600b-8927-444b-96b2-82a3c8a81001	7	109797042	109801155	19	0.2051
17d5600b-8927-444b-96b2-82a3c8a81001	7	109801187	109813853	11	-0.5803
17d5600b-8927-444b-96b2-82a3c8a81001	7	109813925	134100424	14738	0.355
17d5600b-8927-444b-96b2-82a3c8a81001	7	134100442	134114444	35	-1.4033
17d5600b-8927-444b-96b2-82a3c8a81001	7	134121491	144013116	6283	0.3784
17d5600b-8927-444b-96b2-82a3c8a81001	7	144013528	144014058	4	-0.9531
17d5600b-8927-444b-96b2-82a3c8a81001	7	144014076	144118714	101	0.3419
17d5600b-8927-444b-96b2-82a3c8a81001	7	144118992	144352208	52	-0.2001
17d5600b-8927-444b-96b2-82a3c8a81001	7	144377836	145006482	422	0.3208
17d5600b-8927-444b-96b2-82a3c8a81001	7	145008999	156956230	7784	0.3826
17d5600b-8927-444b-96b2-82a3c8a81001	7	156956342	159334314	1441	0.3296
17d5600b-8927-444b-96b2-82a3c8a81001	8	81254	643041	319	-0.7803
17d5600b-8927-444b-96b2-82a3c8a81001	8	644944	645908	10	1.2328
17d5600b-8927-444b-96b2-82a3c8a81001	8	656117	733275	59	-0.8406
17d5600b-8927-444b-96b2-82a3c8a81001	8	740103	2132302	1084	0.5667
17d5600b-8927-444b-96b2-82a3c8a81001	8	2132407	2134890	18	-0.5996
17d5600b-8927-444b-96b2-82a3c8a81001	8	2137191	2370575	151	0.5181
17d5600b-8927-444b-96b2-82a3c8a81001	8	2370724	2370816	2	2.2141
17d5600b-8927-444b-96b2-82a3c8a81001	8	2370865	2844412	393	0.5968
17d5600b-8927-444b-96b2-82a3c8a81001	8	2846011	2846377	7	-0.6397
17d5600b-8927-444b-96b2-82a3c8a81001	8	2849649	4137245	1646	0.6108
17d5600b-8927-444b-96b2-82a3c8a81001	8	4140085	4146769	29	-0.7004
17d5600b-8927-444b-96b2-82a3c8a81001	8	4146976	4531248	696	0.6288
17d5600b-8927-444b-96b2-82a3c8a81001	8	4531501	7513956	3346	-0.1711
17d5600b-8927-444b-96b2-82a3c8a81001	8	7514723	8214781	35	0.3408
17d5600b-8927-444b-96b2-82a3c8a81001	8	8234503	17535094	7755	-0.1607
17d5600b-8927-444b-96b2-82a3c8a81001	8	17535319	31912067	10416	-1.3792
17d5600b-8927-444b-96b2-82a3c8a81001	8	31912642	39373140	4360	0.2919
17d5600b-8927-444b-96b2-82a3c8a81001	8	39378084	39526605	55	1.1549
17d5600b-8927-444b-96b2-82a3c8a81001	8	39527181	46173831	2643	0.5966
17d5600b-8927-444b-96b2-82a3c8a81001	8	46177566	50531525	2218	0.4768
17d5600b-8927-444b-96b2-82a3c8a81001	8	50533232	54691179	2690	0.6753
17d5600b-8927-444b-96b2-82a3c8a81001	8	54697230	58228463	2383	0.2368
17d5600b-8927-444b-96b2-82a3c8a81001	8	58230713	58444852	190	-0.1615
17d5600b-8927-444b-96b2-82a3c8a81001	8	58444897	58526362	58	0.193
17d5600b-8927-444b-96b2-82a3c8a81001	8	58530830	68210650	5814	-0.1288
17d5600b-8927-444b-96b2-82a3c8a81001	8	68210993	69468910	796	-0.0466
17d5600b-8927-444b-96b2-82a3c8a81001	8	69468950	106081693	22033	-0.1155
17d5600b-8927-444b-96b2-82a3c8a81001	8	106082415	106424248	244	0.0031
17d5600b-8927-444b-96b2-82a3c8a81001	8	106424956	122045087	9782	-0.1119
17d5600b-8927-444b-96b2-82a3c8a81001	8	122046545	122057628	26	-0.5585
17d5600b-8927-444b-96b2-82a3c8a81001	8	122057897	126398352	3003	-0.1348
17d5600b-8927-444b-96b2-82a3c8a81001	8	126402714	127441520	766	1.6878
17d5600b-8927-444b-96b2-82a3c8a81001	8	127442177	128297168	691	1.8417
17d5600b-8927-444b-96b2-82a3c8a81001	8	128297237	129708400	954	0.1691
17d5600b-8927-444b-96b2-82a3c8a81001	8	129708630	131689316	1405	1.3639
17d5600b-8927-444b-96b2-82a3c8a81001	8	131691192	131695364	9	0.0162
17d5600b-8927-444b-96b2-82a3c8a81001	8	131697054	132764448	814	1.3648
17d5600b-8927-444b-96b2-82a3c8a81001	8	132764837	134135616	1279	1.5089
17d5600b-8927-444b-96b2-82a3c8a81001	8	134135661	134180803	64	1.3639
17d5600b-8927-444b-96b2-82a3c8a81001	8	134183835	145072769	7037	-0.1278
17d5600b-8927-444b-96b2-82a3c8a81001	9	46587	68920	7	-0.7331
17d5600b-8927-444b-96b2-82a3c8a81001	9	93270	1520634	1586	-0.1601
17d5600b-8927-444b-96b2-82a3c8a81001	9	1521163	1521275	4	1.2796
17d5600b-8927-444b-96b2-82a3c8a81001	9	1521527	3409113	1955	-0.1367
17d5600b-8927-444b-96b2-82a3c8a81001	9	3418251	4046250	580	-0.6172
17d5600b-8927-444b-96b2-82a3c8a81001	9	4046569	6695986	2237	-0.1463
17d5600b-8927-444b-96b2-82a3c8a81001	9	6701145	6708357	7	-1.4239
17d5600b-8927-444b-96b2-82a3c8a81001	9	6712314	9249231	2454	-0.1425
17d5600b-8927-444b-96b2-82a3c8a81001	9	9250314	9599760	331	-0.0266
17d5600b-8927-444b-96b2-82a3c8a81001	9	9601987	9650575	38	-0.1925
17d5600b-8927-444b-96b2-82a3c8a81001	9	9651477	9992348	411	-0.5425
17d5600b-8927-444b-96b2-82a3c8a81001	9	9992690	10637778	611	-0.0857
17d5600b-8927-444b-96b2-82a3c8a81001	9	10639459	10639916	5	-1.1235
17d5600b-8927-444b-96b2-82a3c8a81001	9	10640572	17720190	5744	-0.0916
17d5600b-8927-444b-96b2-82a3c8a81001	9	17720886	38398064	14781	-0.1361
17d5600b-8927-444b-96b2-82a3c8a81001	9	38398681	39840169	405	-0.0848
17d5600b-8927-444b-96b2-82a3c8a81001	9	40018947	40099921	3	1.3098
17d5600b-8927-444b-96b2-82a3c8a81001	9	40189830	42037471	99	-0.1084
17d5600b-8927-444b-96b2-82a3c8a81001	9	42042339	63614182	167	0.2125
17d5600b-8927-444b-96b2-82a3c8a81001	9	63614312	63661407	12	-0.291
17d5600b-8927-444b-96b2-82a3c8a81001	9	63667071	63687412	3	0.9045
17d5600b-8927-444b-96b2-82a3c8a81001	9	63692647	64493528	34	-0.0866
17d5600b-8927-444b-96b2-82a3c8a81001	9	64495298	64507211	7	-1.0821
17d5600b-8927-444b-96b2-82a3c8a81001	9	64510407	69570835	1116	-0.1224
17d5600b-8927-444b-96b2-82a3c8a81001	9	69572236	69617203	37	-0.5395
17d5600b-8927-444b-96b2-82a3c8a81001	9	69618266	110062586	28624	-0.1302
17d5600b-8927-444b-96b2-82a3c8a81001	9	110067939	110068334	3	-1.7835
17d5600b-8927-444b-96b2-82a3c8a81001	9	110069252	112653220	1888	-0.1524
17d5600b-8927-444b-96b2-82a3c8a81001	9	112653977	112654332	2	-2.4635
17d5600b-8927-444b-96b2-82a3c8a81001	9	112655611	122336846	7400	-0.1206
17d5600b-8927-444b-96b2-82a3c8a81001	9	122337186	122677498	255	-0.4431
17d5600b-8927-444b-96b2-82a3c8a81001	9	122677724	133307114	6331	-0.1456
17d5600b-8927-444b-96b2-82a3c8a81001	9	133307129	133307252	4	1.4617
17d5600b-8927-444b-96b2-82a3c8a81001	9	133316268	135319522	1173	-0.1363
17d5600b-8927-444b-96b2-82a3c8a81001	9	135322259	135323776	2	-1.916
17d5600b-8927-444b-96b2-82a3c8a81001	9	135324566	136532614	511	-0.1825
17d5600b-8927-444b-96b2-82a3c8a81001	9	136536903	136537300	3	-3.1163
17d5600b-8927-444b-96b2-82a3c8a81001	9	136539349	137358495	184	-0.1594
17d5600b-8927-444b-96b2-82a3c8a81001	9	137361190	137361381	3	1.176
17d5600b-8927-444b-96b2-82a3c8a81001	9	137378551	138200944	405	-0.1668
17d5600b-8927-444b-96b2-82a3c8a81001	10	45792	1601317	999	-1.471
17d5600b-8927-444b-96b2-82a3c8a81001	10	1602830	1779008	187	0.1614
17d5600b-8927-444b-96b2-82a3c8a81001	10	1785490	2470017	656	-1.3956
17d5600b-8927-444b-96b2-82a3c8a81001	10	2473533	2476938	2	-7.3231
17d5600b-8927-444b-96b2-82a3c8a81001	10	2477166	2533982	50	-1.5468
17d5600b-8927-444b-96b2-82a3c8a81001	10	2539213	3117338	624	-0.2229
17d5600b-8927-444b-96b2-82a3c8a81001	10	3120218	4244878	1024	0.2193
17d5600b-8927-444b-96b2-82a3c8a81001	10	4248622	4248824	4	1.2734
17d5600b-8927-444b-96b2-82a3c8a81001	10	4251879	4397494	200	0.1852
17d5600b-8927-444b-96b2-82a3c8a81001	10	4401637	4671861	261	1.1582
17d5600b-8927-444b-96b2-82a3c8a81001	10	4672080	6369412	1357	1.4405
17d5600b-8927-444b-96b2-82a3c8a81001	10	6369488	6369519	3	3.2011
17d5600b-8927-444b-96b2-82a3c8a81001	10	6376792	6403072	37	1.3084
17d5600b-8927-444b-96b2-82a3c8a81001	10	6405591	8731085	2121	0.8767
17d5600b-8927-444b-96b2-82a3c8a81001	10	8736128	9043663	255	1.2956
17d5600b-8927-444b-96b2-82a3c8a81001	10	9044897	10487074	1080	0.4315
17d5600b-8927-444b-96b2-82a3c8a81001	10	10492618	12112834	1289	-0.171
17d5600b-8927-444b-96b2-82a3c8a81001	10	12112962	12656523	392	0.3785
17d5600b-8927-444b-96b2-82a3c8a81001	10	12657034	12741925	72	0.1963
17d5600b-8927-444b-96b2-82a3c8a81001	10	12750526	16063620	2851	0.4172
17d5600b-8927-444b-96b2-82a3c8a81001	10	16066740	16772134	564	0.5738
17d5600b-8927-444b-96b2-82a3c8a81001	10	16774952	17106893	295	0.3605
17d5600b-8927-444b-96b2-82a3c8a81001	10	17114020	17181245	49	0.0949
17d5600b-8927-444b-96b2-82a3c8a81001	10	17181277	17181626	3	-0.6613
17d5600b-8927-444b-96b2-82a3c8a81001	10	17182359	17710317	397	0.1598
17d5600b-8927-444b-96b2-82a3c8a81001	10	17710732	17885034	34	0.0757
17d5600b-8927-444b-96b2-82a3c8a81001	10	17896194	17910884	3	-1.0669
17d5600b-8927-444b-96b2-82a3c8a81001	10	17929793	18195332	210	0.1591
17d5600b-8927-444b-96b2-82a3c8a81001	10	18197669	19731097	1230	-1.3156
17d5600b-8927-444b-96b2-82a3c8a81001	10	19736682	19924067	111	0.1217
17d5600b-8927-444b-96b2-82a3c8a81001	10	19925186	20062544	176	-1.2224
17d5600b-8927-444b-96b2-82a3c8a81001	10	20065254	22162245	1353	0.1569
17d5600b-8927-444b-96b2-82a3c8a81001	10	22162664	22492117	163	0.5754
17d5600b-8927-444b-96b2-82a3c8a81001	10	22492351	23512431	653	0.1004
17d5600b-8927-444b-96b2-82a3c8a81001	10	23515286	24086334	424	-0.1789
17d5600b-8927-444b-96b2-82a3c8a81001	10	24088745	24088992	10	0.7915
17d5600b-8927-444b-96b2-82a3c8a81001	10	24089125	24219562	109	-0.2239
17d5600b-8927-444b-96b2-82a3c8a81001	10	24234860	24267067	32	-1.5778
17d5600b-8927-444b-96b2-82a3c8a81001	10	24271412	28339904	2817	-0.0943
17d5600b-8927-444b-96b2-82a3c8a81001	10	28345165	28563531	133	-1.23
17d5600b-8927-444b-96b2-82a3c8a81001	10	28568878	30400387	1489	0.0471
17d5600b-8927-444b-96b2-82a3c8a81001	10	30401447	31823356	1021	1.2188
17d5600b-8927-444b-96b2-82a3c8a81001	10	31828158	32895748	635	1.6121
17d5600b-8927-444b-96b2-82a3c8a81001	10	32904264	32919193	9	-0.2827
17d5600b-8927-444b-96b2-82a3c8a81001	10	32921812	32994896	52	1.0793
17d5600b-8927-444b-96b2-82a3c8a81001	10	32998083	33022104	19	1.6329
17d5600b-8927-444b-96b2-82a3c8a81001	10	33024069	33472777	385	-0.2604
17d5600b-8927-444b-96b2-82a3c8a81001	10	33475071	34175345	509	-0.5286
17d5600b-8927-444b-96b2-82a3c8a81001	10	34177787	34178399	2	-2.9729
17d5600b-8927-444b-96b2-82a3c8a81001	10	34178973	42370837	2707	-0.5714
17d5600b-8927-444b-96b2-82a3c8a81001	10	42370860	49977695	4231	-0.7055
17d5600b-8927-444b-96b2-82a3c8a81001	10	49979906	56848177	4980	-0.2669
17d5600b-8927-444b-96b2-82a3c8a81001	10	56852921	58319035	1131	0.0355
17d5600b-8927-444b-96b2-82a3c8a81001	10	58319578	65546518	4924	-0.2915
17d5600b-8927-444b-96b2-82a3c8a81001	10	65548165	65554484	25	0.1761
17d5600b-8927-444b-96b2-82a3c8a81001	10	65554643	66797712	970	-0.2483
17d5600b-8927-444b-96b2-82a3c8a81001	10	66799596	68572915	989	0.0206
17d5600b-8927-444b-96b2-82a3c8a81001	10	68579163	70445017	1346	-0.2824
17d5600b-8927-444b-96b2-82a3c8a81001	10	70445205	71229388	606	0.0025
17d5600b-8927-444b-96b2-82a3c8a81001	10	71231338	71231615	2	-1.3217
17d5600b-8927-444b-96b2-82a3c8a81001	10	71231891	72976436	1030	-0.0057
17d5600b-8927-444b-96b2-82a3c8a81001	10	72980703	88033428	10039	-0.2854
17d5600b-8927-444b-96b2-82a3c8a81001	10	88040052	89769101	1289	-0.379
17d5600b-8927-444b-96b2-82a3c8a81001	10	89769728	90700170	635	-0.2914
17d5600b-8927-444b-96b2-82a3c8a81001	10	90702958	90703534	4	-3.9181
17d5600b-8927-444b-96b2-82a3c8a81001	10	90711823	95966491	3096	-0.2877
17d5600b-8927-444b-96b2-82a3c8a81001	10	95972847	97961048	1318	-0.0018
17d5600b-8927-444b-96b2-82a3c8a81001	10	97961709	119305567	14216	-0.2863
17d5600b-8927-444b-96b2-82a3c8a81001	10	119305873	119307022	6	-1.8019
17d5600b-8927-444b-96b2-82a3c8a81001	10	119308686	122584593	2730	-0.274
17d5600b-8927-444b-96b2-82a3c8a81001	10	122584707	122587462	4	-1.5985
17d5600b-8927-444b-96b2-82a3c8a81001	10	122597296	130620617	6020	-0.281
17d5600b-8927-444b-96b2-82a3c8a81001	10	130620645	133654968	1867	-0.3576
17d5600b-8927-444b-96b2-82a3c8a81001	11	198510	254064	38	-0.5691
17d5600b-8927-444b-96b2-82a3c8a81001	11	254256	254869	2	-2.3792
17d5600b-8927-444b-96b2-82a3c8a81001	11	256714	2543179	772	-0.6125
17d5600b-8927-444b-96b2-82a3c8a81001	11	2547753	2559507	3	-1.9059
17d5600b-8927-444b-96b2-82a3c8a81001	11	2564183	4228783	913	-0.5715
17d5600b-8927-444b-96b2-82a3c8a81001	11	4234899	4368371	36	-0.1773
17d5600b-8927-444b-96b2-82a3c8a81001	11	4369227	4946166	640	-0.6067
17d5600b-8927-444b-96b2-82a3c8a81001	11	4946420	4955042	31	0.1766
17d5600b-8927-444b-96b2-82a3c8a81001	11	4955781	5757293	772	-0.6007
17d5600b-8927-444b-96b2-82a3c8a81001	11	5761695	5787146	39	-0.0724
17d5600b-8927-444b-96b2-82a3c8a81001	11	5787818	18917623	9383	-0.586
17d5600b-8927-444b-96b2-82a3c8a81001	11	18918546	18949866	56	-0.1741
17d5600b-8927-444b-96b2-82a3c8a81001	11	18950075	19401081	377	-0.5908
17d5600b-8927-444b-96b2-82a3c8a81001	11	19401135	19401338	2	-2.8992
17d5600b-8927-444b-96b2-82a3c8a81001	11	19401570	45879352	18996	-0.5657
17d5600b-8927-444b-96b2-82a3c8a81001	11	45885279	55592077	2339	-0.1351
17d5600b-8927-444b-96b2-82a3c8a81001	11	55592092	55679856	60	0.2128
17d5600b-8927-444b-96b2-82a3c8a81001	11	55679989	56083055	308	-0.0684
17d5600b-8927-444b-96b2-82a3c8a81001	11	56083211	56220973	83	0.1018
17d5600b-8927-444b-96b2-82a3c8a81001	11	56230485	84107616	15702	-0.1366
17d5600b-8927-444b-96b2-82a3c8a81001	11	84117637	84203653	60	-0.518
17d5600b-8927-444b-96b2-82a3c8a81001	11	84207276	86264495	1352	-0.1627
17d5600b-8927-444b-96b2-82a3c8a81001	11	86264851	86425265	92	-0.5775
17d5600b-8927-444b-96b2-82a3c8a81001	11	86425628	86594771	149	-0.1054
17d5600b-8927-444b-96b2-82a3c8a81001	11	86594775	86595012	4	-1.4686
17d5600b-8927-444b-96b2-82a3c8a81001	11	86604132	104652607	12785	-0.1362
17d5600b-8927-444b-96b2-82a3c8a81001	11	104653717	104702790	34	-0.6416
17d5600b-8927-444b-96b2-82a3c8a81001	11	104702876	107460977	1843	-0.149
17d5600b-8927-444b-96b2-82a3c8a81001	11	107467227	107476508	32	-1.2836
17d5600b-8927-444b-96b2-82a3c8a81001	11	107481240	119913293	8372	-0.1411
17d5600b-8927-444b-96b2-82a3c8a81001	11	119913424	119913951	2	-1.8604
17d5600b-8927-444b-96b2-82a3c8a81001	11	119914356	128230615	6122	-0.128
17d5600b-8927-444b-96b2-82a3c8a81001	11	128230688	128463551	206	-0.2258
17d5600b-8927-444b-96b2-82a3c8a81001	11	128463624	128465155	8	-0.9324
17d5600b-8927-444b-96b2-82a3c8a81001	11	128467731	128793231	422	-0.2123
17d5600b-8927-444b-96b2-82a3c8a81001	11	128794343	133100571	3214	-0.1168
17d5600b-8927-444b-96b2-82a3c8a81001	11	133104121	133104244	2	-1.4853
17d5600b-8927-444b-96b2-82a3c8a81001	11	133105114	133120442	11	0.1772
17d5600b-8927-444b-96b2-82a3c8a81001	11	133120498	133401990	227	-0.2268
17d5600b-8927-444b-96b2-82a3c8a81001	11	133403903	133959691	407	-0.0816
17d5600b-8927-444b-96b2-82a3c8a81001	11	133959749	135074876	828	-0.2014
17d5600b-8927-444b-96b2-82a3c8a81001	12	51460	8404097	5593	0.3796
17d5600b-8927-444b-96b2-82a3c8a81001	12	8405892	8406509	5	1.8512
17d5600b-8927-444b-96b2-82a3c8a81001	12	8406526	9477960	570	0.3513
17d5600b-8927-444b-96b2-82a3c8a81001	12	9481274	9575696	24	1.2038
17d5600b-8927-444b-96b2-82a3c8a81001	12	9582373	11062773	1035	0.3657
17d5600b-8927-444b-96b2-82a3c8a81001	12	11064250	11204130	55	0.6726
17d5600b-8927-444b-96b2-82a3c8a81001	12	11208140	15411740	3115	0.3709
17d5600b-8927-444b-96b2-82a3c8a81001	12	15412761	15420709	7	-0.4832
17d5600b-8927-444b-96b2-82a3c8a81001	12	15422203	21978435	4147	0.3855
17d5600b-8927-444b-96b2-82a3c8a81001	12	21978757	22422812	373	0.6736
17d5600b-8927-444b-96b2-82a3c8a81001	12	22441289	27416130	3580	0.3682
17d5600b-8927-444b-96b2-82a3c8a81001	12	27416246	33227031	4338	0.5898
17d5600b-8927-444b-96b2-82a3c8a81001	12	33232895	33242483	7	-0.2604
17d5600b-8927-444b-96b2-82a3c8a81001	12	33246118	34608333	727	0.6124
17d5600b-8927-444b-96b2-82a3c8a81001	12	34619770	43568126	3672	0.4004
17d5600b-8927-444b-96b2-82a3c8a81001	12	43569835	44499831	543	0.1395
17d5600b-8927-444b-96b2-82a3c8a81001	12	44502746	44503748	2	-1.1568
17d5600b-8927-444b-96b2-82a3c8a81001	12	44504646	44531468	13	0.211
17d5600b-8927-444b-96b2-82a3c8a81001	12	44533557	44533822	2	-1.493
17d5600b-8927-444b-96b2-82a3c8a81001	12	44535381	46411348	1102	0.1259
17d5600b-8927-444b-96b2-82a3c8a81001	12	46420854	46507646	42	-0.3143
17d5600b-8927-444b-96b2-82a3c8a81001	12	46508103	58323655	6620	0.1209
17d5600b-8927-444b-96b2-82a3c8a81001	12	58327273	58337065	9	-0.7982
17d5600b-8927-444b-96b2-82a3c8a81001	12	58337114	60627805	1559	0.1276
17d5600b-8927-444b-96b2-82a3c8a81001	12	60628645	70672692	6572	0.5773
17d5600b-8927-444b-96b2-82a3c8a81001	12	70678344	74785641	2494	0.186
17d5600b-8927-444b-96b2-82a3c8a81001	12	74792132	74792534	3	-1.437
17d5600b-8927-444b-96b2-82a3c8a81001	12	74793920	89041400	8772	0.1841
17d5600b-8927-444b-96b2-82a3c8a81001	12	89045971	94615879	3697	0.1432
17d5600b-8927-444b-96b2-82a3c8a81001	12	94618671	97823827	2382	0.1743
17d5600b-8927-444b-96b2-82a3c8a81001	12	97824359	97824984	3	-1.1018
17d5600b-8927-444b-96b2-82a3c8a81001	12	97828480	98841716	676	0.1832
17d5600b-8927-444b-96b2-82a3c8a81001	12	98847057	98847542	3	-0.9134
17d5600b-8927-444b-96b2-82a3c8a81001	12	98848230	99398036	320	0.1519
17d5600b-8927-444b-96b2-82a3c8a81001	12	99401515	99404956	31	-0.7529
17d5600b-8927-444b-96b2-82a3c8a81001	12	99409315	111454701	7779	0.1816
17d5600b-8927-444b-96b2-82a3c8a81001	12	111455733	111678352	95	-0.1479
17d5600b-8927-444b-96b2-82a3c8a81001	12	111682856	111685760	4	-0.9597
17d5600b-8927-444b-96b2-82a3c8a81001	12	111687600	112067754	161	-0.1388
17d5600b-8927-444b-96b2-82a3c8a81001	12	112067797	120094778	5925	0.206
17d5600b-8927-444b-96b2-82a3c8a81001	12	120095892	120098830	3	-1.1785
17d5600b-8927-444b-96b2-82a3c8a81001	12	120099453	120649512	239	0.1966
17d5600b-8927-444b-96b2-82a3c8a81001	12	120651648	120651936	3	-1.2847
17d5600b-8927-444b-96b2-82a3c8a81001	12	120655746	125508672	2538	0.1835
17d5600b-8927-444b-96b2-82a3c8a81001	12	125514984	125515122	2	-1.4897
17d5600b-8927-444b-96b2-82a3c8a81001	12	125515339	133201603	5962	0.1906
17d5600b-8927-444b-96b2-82a3c8a81001	13	18452809	21148051	1447	-0.1221
17d5600b-8927-444b-96b2-82a3c8a81001	13	21148418	22591510	1080	-0.5798
17d5600b-8927-444b-96b2-82a3c8a81001	13	22592400	23055038	324	-0.0605
17d5600b-8927-444b-96b2-82a3c8a81001	13	23055048	23064056	15	0.5281
17d5600b-8927-444b-96b2-82a3c8a81001	13	23064071	23197057	136	-0.0407
17d5600b-8927-444b-96b2-82a3c8a81001	13	23200342	25356080	1575	-0.6181
17d5600b-8927-444b-96b2-82a3c8a81001	13	25356520	25359349	7	-5.4222
17d5600b-8927-444b-96b2-82a3c8a81001	13	25363737	40138553	10819	-0.6069
17d5600b-8927-444b-96b2-82a3c8a81001	13	40138703	40142123	2	0.2762
17d5600b-8927-444b-96b2-82a3c8a81001	13	40144944	40385357	221	-1.4562
17d5600b-8927-444b-96b2-82a3c8a81001	13	40386051	40390872	6	-4.2679
17d5600b-8927-444b-96b2-82a3c8a81001	13	40390923	42015093	897	-1.3415
17d5600b-8927-444b-96b2-82a3c8a81001	13	42015902	42015939	2	-6.619
17d5600b-8927-444b-96b2-82a3c8a81001	13	42016156	48242723	4221	-1.3685
17d5600b-8927-444b-96b2-82a3c8a81001	13	48243152	48284551	23	-3.6632
17d5600b-8927-444b-96b2-82a3c8a81001	13	48286605	48372295	122	-1.8997
17d5600b-8927-444b-96b2-82a3c8a81001	13	48375070	50269360	1063	-1.322
17d5600b-8927-444b-96b2-82a3c8a81001	13	50269628	50272612	5	-4.6962
17d5600b-8927-444b-96b2-82a3c8a81001	13	50273179	50704007	289	-1.2716
17d5600b-8927-444b-96b2-82a3c8a81001	13	50704602	50709329	5	-4.1957
17d5600b-8927-444b-96b2-82a3c8a81001	13	50709442	54373467	2098	-1.3057
17d5600b-8927-444b-96b2-82a3c8a81001	13	54373818	54381537	2	-6.9686
17d5600b-8927-444b-96b2-82a3c8a81001	13	54382282	66248984	6788	-1.2507
17d5600b-8927-444b-96b2-82a3c8a81001	13	66249337	66249449	2	-6.7381
17d5600b-8927-444b-96b2-82a3c8a81001	13	66249534	72813623	4282	-1.2711
17d5600b-8927-444b-96b2-82a3c8a81001	13	72815491	72821516	8	-4.4243
17d5600b-8927-444b-96b2-82a3c8a81001	13	72822521	73269732	271	-1.2927
17d5600b-8927-444b-96b2-82a3c8a81001	13	73269792	75531469	1678	-0.5702
17d5600b-8927-444b-96b2-82a3c8a81001	13	75535400	75543632	11	0.285
17d5600b-8927-444b-96b2-82a3c8a81001	13	75546492	90115994	9160	-0.5577
17d5600b-8927-444b-96b2-82a3c8a81001	13	90121507	92153084	1280	-0.1244
17d5600b-8927-444b-96b2-82a3c8a81001	13	92153584	92177925	16	-0.6266
17d5600b-8927-444b-96b2-82a3c8a81001	13	92180640	92337111	119	-0.1422
17d5600b-8927-444b-96b2-82a3c8a81001	13	92337688	92354703	6	-0.9051
17d5600b-8927-444b-96b2-82a3c8a81001	13	92357155	92366356	4	-2.1559
17d5600b-8927-444b-96b2-82a3c8a81001	13	92367085	92499744	109	-0.1394
17d5600b-8927-444b-96b2-82a3c8a81001	13	92500152	93336385	566	0.189
17d5600b-8927-444b-96b2-82a3c8a81001	13	93337665	93746404	323	-0.1262
17d5600b-8927-444b-96b2-82a3c8a81001	13	93746641	95259494	1130	0.1792
17d5600b-8927-444b-96b2-82a3c8a81001	13	95259659	95259789	3	-1.8764
17d5600b-8927-444b-96b2-82a3c8a81001	13	95262400	95367202	91	0.0742
17d5600b-8927-444b-96b2-82a3c8a81001	13	95367535	95371532	3	-2.3853
17d5600b-8927-444b-96b2-82a3c8a81001	13	95374731	99731849	2730	0.1926
17d5600b-8927-444b-96b2-82a3c8a81001	13	99732512	99733106	2	-2.7211
17d5600b-8927-444b-96b2-82a3c8a81001	13	99737478	101798154	1463	0.1784
17d5600b-8927-444b-96b2-82a3c8a81001	13	101798541	101798679	2	-1.6861
17d5600b-8927-444b-96b2-82a3c8a81001	13	101800174	104213958	2049	0.1788
17d5600b-8927-444b-96b2-82a3c8a81001	13	104214244	104215435	3	-1.2513
17d5600b-8927-444b-96b2-82a3c8a81001	13	104215903	105924980	1391	0.2134
17d5600b-8927-444b-96b2-82a3c8a81001	13	105925718	105930330	2	-1.6612
17d5600b-8927-444b-96b2-82a3c8a81001	13	105930442	114004969	5777	0.1973
17d5600b-8927-444b-96b2-82a3c8a81001	13	114016623	114342922	145	-1.7096
17d5600b-8927-444b-96b2-82a3c8a81001	14	18239283	18662134	20	0.1946
17d5600b-8927-444b-96b2-82a3c8a81001	14	18674599	19955213	147	0.7682
17d5600b-8927-444b-96b2-82a3c8a81001	14	19956767	21852699	1256	0.276
17d5600b-8927-444b-96b2-82a3c8a81001	14	21855405	22526139	621	0.3935
17d5600b-8927-444b-96b2-82a3c8a81001	14	22526849	28713667	3869	0.2324
17d5600b-8927-444b-96b2-82a3c8a81001	14	28716952	28880340	85	-0.1874
17d5600b-8927-444b-96b2-82a3c8a81001	14	28883776	29770303	502	0.3503
17d5600b-8927-444b-96b2-82a3c8a81001	14	29773779	30002781	111	0.7399
17d5600b-8927-444b-96b2-82a3c8a81001	14	30002914	30125647	79	1.1997
17d5600b-8927-444b-96b2-82a3c8a81001	14	30132239	30905547	455	1.528
17d5600b-8927-444b-96b2-82a3c8a81001	14	30907950	30912403	4	0.9133
17d5600b-8927-444b-96b2-82a3c8a81001	14	30913575	30914340	3	0.0797
17d5600b-8927-444b-96b2-82a3c8a81001	14	30919517	41141293	6608	-0.1547
17d5600b-8927-444b-96b2-82a3c8a81001	14	41141487	41207493	20	0.3475
17d5600b-8927-444b-96b2-82a3c8a81001	14	41207547	41798023	396	-0.186
17d5600b-8927-444b-96b2-82a3c8a81001	14	41801412	41952796	104	-0.7147
17d5600b-8927-444b-96b2-82a3c8a81001	14	41955403	45356894	1910	-0.1661
17d5600b-8927-444b-96b2-82a3c8a81001	14	45357534	45546515	92	-0.6577
17d5600b-8927-444b-96b2-82a3c8a81001	14	45554744	48193254	1656	-0.1489
17d5600b-8927-444b-96b2-82a3c8a81001	14	48193787	73542710	16284	-0.1966
17d5600b-8927-444b-96b2-82a3c8a81001	14	73546628	73554275	5	1.0036
17d5600b-8927-444b-96b2-82a3c8a81001	14	73563196	92522151	12435	-0.1905
17d5600b-8927-444b-96b2-82a3c8a81001	14	92522210	92526064	4	-1.4969
17d5600b-8927-444b-96b2-82a3c8a81001	14	92526141	103456053	7472	-0.2022
17d5600b-8927-444b-96b2-82a3c8a81001	14	103462482	104125137	284	-0.6103
17d5600b-8927-444b-96b2-82a3c8a81001	14	104126681	104494691	136	0.0422
17d5600b-8927-444b-96b2-82a3c8a81001	14	104495035	106877229	819	0.1057
17d5600b-8927-444b-96b2-82a3c8a81001	15	19811075	20373168	88	0.2954
17d5600b-8927-444b-96b2-82a3c8a81001	15	20376198	20376202	5	-0.7979
17d5600b-8927-444b-96b2-82a3c8a81001	15	20376309	23452110	450	0.1759
17d5600b-8927-444b-96b2-82a3c8a81001	15	23454876	24281891	605	0.2877
17d5600b-8927-444b-96b2-82a3c8a81001	15	24282194	24405917	47	0.1345
17d5600b-8927-444b-96b2-82a3c8a81001	15	24418615	24473026	37	-0.2247
17d5600b-8927-444b-96b2-82a3c8a81001	15	24473449	24788248	180	0.2645
17d5600b-8927-444b-96b2-82a3c8a81001	15	24792359	24794582	6	-0.6525
17d5600b-8927-444b-96b2-82a3c8a81001	15	24795181	26277695	1124	0.2695
17d5600b-8927-444b-96b2-82a3c8a81001	15	26279692	26293183	7	0.082
17d5600b-8927-444b-96b2-82a3c8a81001	15	26293295	26296570	5	-0.1841
17d5600b-8927-444b-96b2-82a3c8a81001	15	26298793	26308730	6	0.0189
17d5600b-8927-444b-96b2-82a3c8a81001	15	26310112	26317005	4	-0.7776
17d5600b-8927-444b-96b2-82a3c8a81001	15	26318009	26847107	385	0.0335
17d5600b-8927-444b-96b2-82a3c8a81001	15	26847208	26979174	68	0.2564
17d5600b-8927-444b-96b2-82a3c8a81001	15	26979759	27166780	160	-0.1983
17d5600b-8927-444b-96b2-82a3c8a81001	15	27167431	27168948	7	-1.0607
17d5600b-8927-444b-96b2-82a3c8a81001	15	27168964	32179735	2724	-0.1752
17d5600b-8927-444b-96b2-82a3c8a81001	15	32212063	32220019	9	-1.643
17d5600b-8927-444b-96b2-82a3c8a81001	15	32239115	37815207	3855	-0.1515
17d5600b-8927-444b-96b2-82a3c8a81001	15	37816448	37817575	2	-2.1884
17d5600b-8927-444b-96b2-82a3c8a81001	15	37819527	38943395	787	-0.1692
17d5600b-8927-444b-96b2-82a3c8a81001	15	38943970	38944046	2	1.4129
17d5600b-8927-444b-96b2-82a3c8a81001	15	38944169	44393579	2906	-0.1843
17d5600b-8927-444b-96b2-82a3c8a81001	15	44396407	44664563	110	-0.5995
17d5600b-8927-444b-96b2-82a3c8a81001	15	44666914	68673965	15856	-0.1763
17d5600b-8927-444b-96b2-82a3c8a81001	15	68674395	68674944	2	-3.3299
17d5600b-8927-444b-96b2-82a3c8a81001	15	68675080	70999407	1514	-0.2003
17d5600b-8927-444b-96b2-82a3c8a81001	15	71001306	72175072	747	-0.6055
17d5600b-8927-444b-96b2-82a3c8a81001	15	72177592	76599170	2198	-0.1858
17d5600b-8927-444b-96b2-82a3c8a81001	15	76599286	76603434	20	0.7385
17d5600b-8927-444b-96b2-82a3c8a81001	15	76609838	83874133	4410	-0.174
17d5600b-8927-444b-96b2-82a3c8a81001	15	83874498	83878795	6	-1.7494
17d5600b-8927-444b-96b2-82a3c8a81001	15	83879115	101928837	13181	-0.1767
17d5600b-8927-444b-96b2-82a3c8a81001	16	10777	11588	2	-0.8444
17d5600b-8927-444b-96b2-82a3c8a81001	16	12016	738277	309	-0.2039
17d5600b-8927-444b-96b2-82a3c8a81001	16	747786	749384	3	-2.2451
17d5600b-8927-444b-96b2-82a3c8a81001	16	781121	6150327	3012	-0.0977
17d5600b-8927-444b-96b2-82a3c8a81001	16	6150561	6150849	2	-2.3188
17d5600b-8927-444b-96b2-82a3c8a81001	16	6152205	7323469	1479	-0.113
17d5600b-8927-444b-96b2-82a3c8a81001	16	7326241	10095664	2742	-0.0348
17d5600b-8927-444b-96b2-82a3c8a81001	16	10097751	10502551	347	-0.1201
17d5600b-8927-444b-96b2-82a3c8a81001	16	10503542	10504436	2	-2.1331
17d5600b-8927-444b-96b2-82a3c8a81001	16	10504798	10795763	216	-0.0932
17d5600b-8927-444b-96b2-82a3c8a81001	16	10802176	10802912	3	-1.6036
17d5600b-8927-444b-96b2-82a3c8a81001	16	10804991	14887120	2972	-0.1541
17d5600b-8927-444b-96b2-82a3c8a81001	16	14895982	14993319	48	-0.7735
17d5600b-8927-444b-96b2-82a3c8a81001	16	14993320	16200861	583	-0.1417
17d5600b-8927-444b-96b2-82a3c8a81001	16	16201950	17887919	840	-0.6635
17d5600b-8927-444b-96b2-82a3c8a81001	16	17888642	50967849	10481	-0.5664
17d5600b-8927-444b-96b2-82a3c8a81001	16	50971186	50972124	2	-3.289
17d5600b-8927-444b-96b2-82a3c8a81001	16	50972207	66100698	10670	-0.5819
17d5600b-8927-444b-96b2-82a3c8a81001	16	66101762	66128326	34	0.1275
17d5600b-8927-444b-96b2-82a3c8a81001	16	66128551	78372292	7431	-0.5741
17d5600b-8927-444b-96b2-82a3c8a81001	16	78372626	90096867	10518	-0.649
17d5600b-8927-444b-96b2-82a3c8a81001	17	150733	373191	126	0.0221
17d5600b-8927-444b-96b2-82a3c8a81001	17	373984	831802	238	0.142
17d5600b-8927-444b-96b2-82a3c8a81001	17	832061	2154489	587	0.3275
17d5600b-8927-444b-96b2-82a3c8a81001	17	2157256	3189298	612	0.113
17d5600b-8927-444b-96b2-82a3c8a81001	17	3191799	3701030	337	0.3249
17d5600b-8927-444b-96b2-82a3c8a81001	17	3701043	3743174	31	0.1139
17d5600b-8927-444b-96b2-82a3c8a81001	17	3744919	3748787	3	-0.5344
17d5600b-8927-444b-96b2-82a3c8a81001	17	3751112	3795557	31	0.1521
17d5600b-8927-444b-96b2-82a3c8a81001	17	3796825	6055381	1280	0.3798
17d5600b-8927-444b-96b2-82a3c8a81001	17	6057529	6059063	4	-4.9696
17d5600b-8927-444b-96b2-82a3c8a81001	17	6060639	7680735	991	0.3748
17d5600b-8927-444b-96b2-82a3c8a81001	17	7688443	8339592	293	0.6976
17d5600b-8927-444b-96b2-82a3c8a81001	17	8344229	8344415	2	-1.9106
17d5600b-8927-444b-96b2-82a3c8a81001	17	8346140	8761869	272	0.8298
17d5600b-8927-444b-96b2-82a3c8a81001	17	8766753	9254018	327	0.5918
17d5600b-8927-444b-96b2-82a3c8a81001	17	9261474	9293662	28	0.4565
17d5600b-8927-444b-96b2-82a3c8a81001	17	9295365	10143828	662	0.1525
17d5600b-8927-444b-96b2-82a3c8a81001	17	10144295	10206334	56	0.4582
17d5600b-8927-444b-96b2-82a3c8a81001	17	10206678	11415665	919	0.1705
17d5600b-8927-444b-96b2-82a3c8a81001	17	11419494	11893325	352	-0.1552
17d5600b-8927-444b-96b2-82a3c8a81001	17	11894334	13571022	1206	0.363
17d5600b-8927-444b-96b2-82a3c8a81001	17	13571435	13571555	2	-1.7423
17d5600b-8927-444b-96b2-82a3c8a81001	17	13572120	14287229	579	0.3058
17d5600b-8927-444b-96b2-82a3c8a81001	17	14291585	15491081	1014	0.544
17d5600b-8927-444b-96b2-82a3c8a81001	17	15499771	16866487	529	0.1385
17d5600b-8927-444b-96b2-82a3c8a81001	17	16868964	18414080	901	0.3782
17d5600b-8927-444b-96b2-82a3c8a81001	17	18452078	18565883	28	1.1331
17d5600b-8927-444b-96b2-82a3c8a81001	17	18571332	20293093	755	0.3742
17d5600b-8927-444b-96b2-82a3c8a81001	17	20294847	22243555	529	0.5847
17d5600b-8927-444b-96b2-82a3c8a81001	17	22252534	22253232	2	-1.7443
17d5600b-8927-444b-96b2-82a3c8a81001	17	22260722	22719870	182	0.5354
17d5600b-8927-444b-96b2-82a3c8a81001	17	22720241	27076842	63	-0.0173
17d5600b-8927-444b-96b2-82a3c8a81001	17	27077023	27083795	4	-1.8641
17d5600b-8927-444b-96b2-82a3c8a81001	17	27086210	27921504	475	-0.1572
17d5600b-8927-444b-96b2-82a3c8a81001	17	27927923	30228726	1002	0.233
17d5600b-8927-444b-96b2-82a3c8a81001	17	30230191	31673385	623	-0.1795
17d5600b-8927-444b-96b2-82a3c8a81001	17	31674816	32733510	551	0.3389
17d5600b-8927-444b-96b2-82a3c8a81001	17	32735161	32833441	59	0.6766
17d5600b-8927-444b-96b2-82a3c8a81001	17	32834086	32849022	7	1.1637
17d5600b-8927-444b-96b2-82a3c8a81001	17	32851582	33238250	333	0.6775
17d5600b-8927-444b-96b2-82a3c8a81001	17	33239531	33295499	56	1.0213
17d5600b-8927-444b-96b2-82a3c8a81001	17	33299129	33430493	144	0.7231
17d5600b-8927-444b-96b2-82a3c8a81001	17	33431120	33827218	391	0.9359
17d5600b-8927-444b-96b2-82a3c8a81001	17	33827331	33833687	7	0.6021
17d5600b-8927-444b-96b2-82a3c8a81001	17	33834483	34704063	814	1.2399
17d5600b-8927-444b-96b2-82a3c8a81001	17	34704629	35582705	506	0.3668
17d5600b-8927-444b-96b2-82a3c8a81001	17	35583439	41224178	2871	-0.1744
17d5600b-8927-444b-96b2-82a3c8a81001	17	41231308	41234024	4	-2.9384
17d5600b-8927-444b-96b2-82a3c8a81001	17	41237517	41265456	13	-0.157
17d5600b-8927-444b-96b2-82a3c8a81001	17	41266762	41274279	24	0.871
17d5600b-8927-444b-96b2-82a3c8a81001	17	41276472	46137998	2533	-0.1478
17d5600b-8927-444b-96b2-82a3c8a81001	17	46138108	46446345	89	-0.725
17d5600b-8927-444b-96b2-82a3c8a81001	17	46446360	52860662	3560	-0.1447
17d5600b-8927-444b-96b2-82a3c8a81001	17	52861230	52868536	4	-1.5631
17d5600b-8927-444b-96b2-82a3c8a81001	17	52870155	61344579	5313	-0.1439
17d5600b-8927-444b-96b2-82a3c8a81001	17	61346059	61346454	2	-1.7915
17d5600b-8927-444b-96b2-82a3c8a81001	17	61346878	62811238	693	-0.1408
17d5600b-8927-444b-96b2-82a3c8a81001	17	62812502	63431383	292	-0.4418
17d5600b-8927-444b-96b2-82a3c8a81001	17	63440859	69889125	3800	-0.1535
17d5600b-8927-444b-96b2-82a3c8a81001	17	69889342	69895785	3	-1.6844
17d5600b-8927-444b-96b2-82a3c8a81001	17	69895877	71122495	1001	-0.1477
17d5600b-8927-444b-96b2-82a3c8a81001	17	71123360	71123831	2	-1.5982
17d5600b-8927-444b-96b2-82a3c8a81001	17	71124019	73085096	1605	-0.0944
17d5600b-8927-444b-96b2-82a3c8a81001	17	73087199	73087973	2	-2.1234
17d5600b-8927-444b-96b2-82a3c8a81001	17	73089213	73747641	438	-0.0965
17d5600b-8927-444b-96b2-82a3c8a81001	17	73749837	73751471	17	-4.5664
17d5600b-8927-444b-96b2-82a3c8a81001	17	73751886	76789516	1592	-0.1906
17d5600b-8927-444b-96b2-82a3c8a81001	17	76792055	76792592	2	-2.5278
17d5600b-8927-444b-96b2-82a3c8a81001	17	76802292	77394155	374	-0.1936
17d5600b-8927-444b-96b2-82a3c8a81001	17	77394582	77394593	2	-2.7544
17d5600b-8927-444b-96b2-82a3c8a81001	17	77394822	80019297	1488	-0.1909
17d5600b-8927-444b-96b2-82a3c8a81001	17	80021511	80022981	2	-3.5893
17d5600b-8927-444b-96b2-82a3c8a81001	17	80030294	80822068	498	-0.1956
17d5600b-8927-444b-96b2-82a3c8a81001	17	80823171	80824354	3	-2.075
17d5600b-8927-444b-96b2-82a3c8a81001	17	80824774	81418592	211	-0.1369
17d5600b-8927-444b-96b2-82a3c8a81001	17	81418623	81418840	5	1.4165
17d5600b-8927-444b-96b2-82a3c8a81001	17	81418872	83091923	619	-0.1806
17d5600b-8927-444b-96b2-82a3c8a81001	18	48133	478887	309	-0.2392
17d5600b-8927-444b-96b2-82a3c8a81001	18	479816	483753	3	-1.5866
17d5600b-8927-444b-96b2-82a3c8a81001	18	485410	3595952	2190	-0.209
17d5600b-8927-444b-96b2-82a3c8a81001	18	3597005	14426537	7624	-0.0833
17d5600b-8927-444b-96b2-82a3c8a81001	18	14427980	27799426	4430	-0.0029
17d5600b-8927-444b-96b2-82a3c8a81001	18	27801541	32429685	2939	-0.3895
17d5600b-8927-444b-96b2-82a3c8a81001	18	32429737	40229475	4937	-0.3321
17d5600b-8927-444b-96b2-82a3c8a81001	18	40233450	40282406	28	-0.4752
17d5600b-8927-444b-96b2-82a3c8a81001	18	40283494	40678118	302	-0.2612
17d5600b-8927-444b-96b2-82a3c8a81001	18	40678132	40685425	32	0.299
17d5600b-8927-444b-96b2-82a3c8a81001	18	40688060	42471713	1213	-0.2523
17d5600b-8927-444b-96b2-82a3c8a81001	18	42476604	42482352	29	0.1105
17d5600b-8927-444b-96b2-82a3c8a81001	18	42485248	50029265	5032	-0.2782
17d5600b-8927-444b-96b2-82a3c8a81001	18	50029307	56920763	4616	-0.3483
17d5600b-8927-444b-96b2-82a3c8a81001	18	56922402	56959345	23	-0.9271
17d5600b-8927-444b-96b2-82a3c8a81001	18	56959373	61577264	3411	-0.3311
17d5600b-8927-444b-96b2-82a3c8a81001	18	61577457	64537942	2113	-0.3932
17d5600b-8927-444b-96b2-82a3c8a81001	18	64543194	65808566	841	-0.3361
17d5600b-8927-444b-96b2-82a3c8a81001	18	65808863	65809574	2	-2.4492
17d5600b-8927-444b-96b2-82a3c8a81001	18	65809956	72694400	5003	-0.3193
17d5600b-8927-444b-96b2-82a3c8a81001	18	72697407	72697944	2	-4.1063
17d5600b-8927-444b-96b2-82a3c8a81001	18	72698599	79553095	5246	-0.3482
17d5600b-8927-444b-96b2-82a3c8a81001	18	79562146	80257174	362	-0.4966
17d5600b-8927-444b-96b2-82a3c8a81001	19	90910	257392	6	-0.1041
17d5600b-8927-444b-96b2-82a3c8a81001	19	258084	5666910	1657	-0.6204
17d5600b-8927-444b-96b2-82a3c8a81001	19	5670547	8319222	1257	-0.1752
17d5600b-8927-444b-96b2-82a3c8a81001	19	8321817	8603648	107	0.1203
17d5600b-8927-444b-96b2-82a3c8a81001	19	8603862	9256072	409	-0.1554
17d5600b-8927-444b-96b2-82a3c8a81001	19	9261530	9712491	245	0.7133
17d5600b-8927-444b-96b2-82a3c8a81001	19	9713410	10919371	509	0.8619
17d5600b-8927-444b-96b2-82a3c8a81001	19	10919955	11943974	512	0.9922
17d5600b-8927-444b-96b2-82a3c8a81001	19	11944146	15118931	1514	1.1606
17d5600b-8927-444b-96b2-82a3c8a81001	19	15122747	15709528	398	0.9401
17d5600b-8927-444b-96b2-82a3c8a81001	19	15712794	15714133	4	-0.3656
17d5600b-8927-444b-96b2-82a3c8a81001	19	15714788	15784543	72	0.8906
17d5600b-8927-444b-96b2-82a3c8a81001	19	15788412	15845138	34	1.1906
17d5600b-8927-444b-96b2-82a3c8a81001	19	15845767	16180536	209	0.8966
17d5600b-8927-444b-96b2-82a3c8a81001	19	16180805	16453404	144	0.357
17d5600b-8927-444b-96b2-82a3c8a81001	19	16454059	16921714	230	0.893
17d5600b-8927-444b-96b2-82a3c8a81001	19	16922273	17719125	346	0.3835
17d5600b-8927-444b-96b2-82a3c8a81001	19	17729362	18065440	158	0.1155
17d5600b-8927-444b-96b2-82a3c8a81001	19	18069426	19522464	593	0.3804
17d5600b-8927-444b-96b2-82a3c8a81001	19	19528548	20213484	391	0.6234
17d5600b-8927-444b-96b2-82a3c8a81001	19	20215557	20538428	189	-0.3859
17d5600b-8927-444b-96b2-82a3c8a81001	19	20538656	20644170	62	-0.0154
17d5600b-8927-444b-96b2-82a3c8a81001	19	20646785	21879386	682	-0.5333
17d5600b-8927-444b-96b2-82a3c8a81001	19	21879712	22246060	232	0.4042
17d5600b-8927-444b-96b2-82a3c8a81001	19	22249035	28186842	1608	-0.1154
17d5600b-8927-444b-96b2-82a3c8a81001	19	28187590	33341379	3749	-0.5765
17d5600b-8927-444b-96b2-82a3c8a81001	19	33345289	34713099	916	-0.1253
17d5600b-8927-444b-96b2-82a3c8a81001	19	34713181	34720935	2	-1.3588
17d5600b-8927-444b-96b2-82a3c8a81001	19	34720951	34791247	59	-0.1884
17d5600b-8927-444b-96b2-82a3c8a81001	19	34797803	35358420	394	0.1392
17d5600b-8927-444b-96b2-82a3c8a81001	19	35364451	35370877	20	0.5349
17d5600b-8927-444b-96b2-82a3c8a81001	19	35370946	37194288	912	0.1154
17d5600b-8927-444b-96b2-82a3c8a81001	19	37196127	37902572	334	-0.1424
17d5600b-8927-444b-96b2-82a3c8a81001	19	37916993	38016283	73	-0.5791
17d5600b-8927-444b-96b2-82a3c8a81001	19	38017462	40298396	1209	-0.1546
17d5600b-8927-444b-96b2-82a3c8a81001	19	40303944	40709536	171	0.1092
17d5600b-8927-444b-96b2-82a3c8a81001	19	40711181	41348181	363	-0.1691
17d5600b-8927-444b-96b2-82a3c8a81001	19	41359738	42805160	630	-0.603
17d5600b-8927-444b-96b2-82a3c8a81001	19	42811459	43230258	184	-1.3413
17d5600b-8927-444b-96b2-82a3c8a81001	19	43231593	50294160	3383	-0.5986
17d5600b-8927-444b-96b2-82a3c8a81001	19	50294879	52975482	1684	-0.2189
17d5600b-8927-444b-96b2-82a3c8a81001	19	52982493	53191888	152	-0.6817
17d5600b-8927-444b-96b2-82a3c8a81001	19	53198957	54111207	609	-0.4526
17d5600b-8927-444b-96b2-82a3c8a81001	19	54112306	56423153	1300	-0.616
17d5600b-8927-444b-96b2-82a3c8a81001	19	56425782	57878843	947	-1.331
17d5600b-8927-444b-96b2-82a3c8a81001	19	57884476	57973778	45	-0.6059
17d5600b-8927-444b-96b2-82a3c8a81001	19	57974041	58420687	278	-0.1637
17d5600b-8927-444b-96b2-82a3c8a81001	19	58426381	58586487	59	0.0226
17d5600b-8927-444b-96b2-82a3c8a81001	20	80664	961022	704	0.5498
17d5600b-8927-444b-96b2-82a3c8a81001	20	965819	966371	3	-0.5331
17d5600b-8927-444b-96b2-82a3c8a81001	20	966411	1571811	474	0.5065
17d5600b-8927-444b-96b2-82a3c8a81001	20	1576544	1601561	57	-0.2049
17d5600b-8927-444b-96b2-82a3c8a81001	20	1609611	5782415	3012	0.543
17d5600b-8927-444b-96b2-82a3c8a81001	20	5786676	8012157	1767	0.5853
17d5600b-8927-444b-96b2-82a3c8a81001	20	8015123	8145626	78	0.3679
17d5600b-8927-444b-96b2-82a3c8a81001	20	8146273	22711370	11508	0.5824
17d5600b-8927-444b-96b2-82a3c8a81001	20	22711390	26324855	2403	0.5488
17d5600b-8927-444b-96b2-82a3c8a81001	20	26324943	30293217	18	-0.2465
17d5600b-8927-444b-96b2-82a3c8a81001	20	30295149	31247246	32	0.3093
17d5600b-8927-444b-96b2-82a3c8a81001	20	31247668	33919003	1363	0.5848
17d5600b-8927-444b-96b2-82a3c8a81001	20	33925941	37452815	1689	0.5056
17d5600b-8927-444b-96b2-82a3c8a81001	20	37453393	44694228	5174	0.5644
17d5600b-8927-444b-96b2-82a3c8a81001	20	44699932	44700888	2	-1.1466
17d5600b-8927-444b-96b2-82a3c8a81001	20	44706422	48649380	2831	0.5804
17d5600b-8927-444b-96b2-82a3c8a81001	20	48652999	50640900	1281	0.5131
17d5600b-8927-444b-96b2-82a3c8a81001	20	50642215	63584019	9643	0.5792
17d5600b-8927-444b-96b2-82a3c8a81001	20	63584878	64324800	318	0.4247
17d5600b-8927-444b-96b2-82a3c8a81001	21	10354168	13028693	97	0.0122
17d5600b-8927-444b-96b2-82a3c8a81001	21	13080541	13197963	18	-0.994
17d5600b-8927-444b-96b2-82a3c8a81001	21	13197978	15110766	952	0.1986
17d5600b-8927-444b-96b2-82a3c8a81001	21	15111018	15496304	309	0.2277
17d5600b-8927-444b-96b2-82a3c8a81001	21	15496464	15506355	2	1.2196
17d5600b-8927-444b-96b2-82a3c8a81001	21	15506528	15586578	72	0.1769
17d5600b-8927-444b-96b2-82a3c8a81001	21	15589528	15706909	106	0.4706
17d5600b-8927-444b-96b2-82a3c8a81001	21	15709408	17372096	1031	0.2792
17d5600b-8927-444b-96b2-82a3c8a81001	21	17373955	17384209	2	-1.2367
17d5600b-8927-444b-96b2-82a3c8a81001	21	17385980	20628599	2440	0.2553
17d5600b-8927-444b-96b2-82a3c8a81001	21	20633532	20638382	4	-1.1938
17d5600b-8927-444b-96b2-82a3c8a81001	21	20638428	20905616	211	0.2534
17d5600b-8927-444b-96b2-82a3c8a81001	21	20906980	21773785	661	0.0399
17d5600b-8927-444b-96b2-82a3c8a81001	21	21773866	24599955	2223	0.1682
17d5600b-8927-444b-96b2-82a3c8a81001	21	24600254	26908032	1721	0.0417
17d5600b-8927-444b-96b2-82a3c8a81001	21	26908194	26911285	5	-0.7562
17d5600b-8927-444b-96b2-82a3c8a81001	21	26911831	27386772	430	0.0613
17d5600b-8927-444b-96b2-82a3c8a81001	21	27390104	29674447	1640	-0.2761
17d5600b-8927-444b-96b2-82a3c8a81001	21	29677031	29677365	2	-2.1776
17d5600b-8927-444b-96b2-82a3c8a81001	21	29677497	29716589	28	-0.2962
17d5600b-8927-444b-96b2-82a3c8a81001	21	29718982	31864142	1467	0.0625
17d5600b-8927-444b-96b2-82a3c8a81001	21	31865670	31867735	3	-1.9553
17d5600b-8927-444b-96b2-82a3c8a81001	21	31879236	33837880	1296	0.0238
17d5600b-8927-444b-96b2-82a3c8a81001	21	33837892	33838178	2	-1.5838
17d5600b-8927-444b-96b2-82a3c8a81001	21	33841115	40919752	5642	0.0313
17d5600b-8927-444b-96b2-82a3c8a81001	21	40920287	40921767	4	-1.4255
17d5600b-8927-444b-96b2-82a3c8a81001	21	40921772	45428241	2763	0.0216
17d5600b-8927-444b-96b2-82a3c8a81001	21	45428524	45556780	53	-0.3206
17d5600b-8927-444b-96b2-82a3c8a81001	21	45559732	46677045	669	-0.0254
17d5600b-8927-444b-96b2-82a3c8a81001	22	15294547	16392123	38	-0.0511
17d5600b-8927-444b-96b2-82a3c8a81001	22	16394084	19835257	1655	-0.5954
17d5600b-8927-444b-96b2-82a3c8a81001	22	19838071	20575495	452	-0.7487
17d5600b-8927-444b-96b2-82a3c8a81001	22	20576667	48940621	19845	-0.6005
17d5600b-8927-444b-96b2-82a3c8a81001	22	48942510	50695758	1142	-0.747
17d5600b-8927-444b-96b2-82a3c8a81001	22	50698536	50796027	44	-0.4793
17d5600b-8927-444b-96b2-82a3c8a81001	X	251810	4902284	1571	-0.432
17d5600b-8927-444b-96b2-82a3c8a81001	X	4903288	4907452	4	-5.1214
17d5600b-8927-444b-96b2-82a3c8a81001	X	4908726	5634611	586	-0.4636
17d5600b-8927-444b-96b2-82a3c8a81001	X	5636268	5637986	4	-4.091
17d5600b-8927-444b-96b2-82a3c8a81001	X	5638447	7641953	1539	-0.4916
17d5600b-8927-444b-96b2-82a3c8a81001	X	7643017	7643064	2	-6.0573
17d5600b-8927-444b-96b2-82a3c8a81001	X	7643136	25207335	11355	-0.4859
17d5600b-8927-444b-96b2-82a3c8a81001	X	25208911	25214777	7	0.2304
17d5600b-8927-444b-96b2-82a3c8a81001	X	25216495	26602574	861	0.6699
17d5600b-8927-444b-96b2-82a3c8a81001	X	26605138	30813061	2682	0.2271
17d5600b-8927-444b-96b2-82a3c8a81001	X	30816435	30958046	80	-0.4109
17d5600b-8927-444b-96b2-82a3c8a81001	X	30958830	30959184	2	-5.9901
17d5600b-8927-444b-96b2-82a3c8a81001	X	30959316	32782337	1363	-0.5404
17d5600b-8927-444b-96b2-82a3c8a81001	X	32782459	32954246	144	-2.9304
17d5600b-8927-444b-96b2-82a3c8a81001	X	32954427	38438304	3215	-0.413
17d5600b-8927-444b-96b2-82a3c8a81001	X	38438347	38438583	2	-6.6809
17d5600b-8927-444b-96b2-82a3c8a81001	X	38438756	52176226	6953	-0.4608
17d5600b-8927-444b-96b2-82a3c8a81001	X	52216022	55990260	1494	0.2369
17d5600b-8927-444b-96b2-82a3c8a81001	X	55994987	56010976	11	-0.5086
17d5600b-8927-444b-96b2-82a3c8a81001	X	56014503	56343448	132	0.2586
17d5600b-8927-444b-96b2-82a3c8a81001	X	56343772	56376036	10	0.9516
17d5600b-8927-444b-96b2-82a3c8a81001	X	56376487	58314900	919	0.2568
17d5600b-8927-444b-96b2-82a3c8a81001	X	58322017	63048487	148	0.5044
17d5600b-8927-444b-96b2-82a3c8a81001	X	63050619	75827657	5616	0.2378
17d5600b-8927-444b-96b2-82a3c8a81001	X	75830042	76174235	162	0.47
17d5600b-8927-444b-96b2-82a3c8a81001	X	76174330	76907730	378	0.2289
17d5600b-8927-444b-96b2-82a3c8a81001	X	76908289	76930643	44	0.6662
17d5600b-8927-444b-96b2-82a3c8a81001	X	76930735	82144085	2416	0.1974
17d5600b-8927-444b-96b2-82a3c8a81001	X	82146086	82156972	30	0.6378
17d5600b-8927-444b-96b2-82a3c8a81001	X	82166088	84669637	1234	0.2096
17d5600b-8927-444b-96b2-82a3c8a81001	X	84669716	85360881	420	0.3693
17d5600b-8927-444b-96b2-82a3c8a81001	X	85368032	90357568	2920	0.2012
17d5600b-8927-444b-96b2-82a3c8a81001	X	90358137	91456049	433	0.3574
17d5600b-8927-444b-96b2-82a3c8a81001	X	91456996	91716565	78	0.1612
17d5600b-8927-444b-96b2-82a3c8a81001	X	91716703	91716741	2	-2.1485
17d5600b-8927-444b-96b2-82a3c8a81001	X	91716772	95071260	1696	0.2317
17d5600b-8927-444b-96b2-82a3c8a81001	X	95071638	96362878	737	0.4035
17d5600b-8927-444b-96b2-82a3c8a81001	X	96362986	127058654	17027	0.2189
17d5600b-8927-444b-96b2-82a3c8a81001	X	127058887	127302965	124	0.6303
17d5600b-8927-444b-96b2-82a3c8a81001	X	127311345	139674933	6855	0.2528
17d5600b-8927-444b-96b2-82a3c8a81001	X	139676745	141900163	1217	0.3399
17d5600b-8927-444b-96b2-82a3c8a81001	X	141900446	150344651	5741	0.2461
17d5600b-8927-444b-96b2-82a3c8a81001	X	150348203	150348491	2	-4.0053
17d5600b-8927-444b-96b2-82a3c8a81001	X	150349143	151849043	1054	0.2146
17d5600b-8927-444b-96b2-82a3c8a81001	X	151849202	155952689	1847	0.6852
17d5600b-8927-444b-96b2-82a3c8a81001	Y	2782397	3442606	212	-3.021
17d5600b-8927-444b-96b2-82a3c8a81001	Y	3460727	6233384	572	-2.6237
17d5600b-8927-444b-96b2-82a3c8a81001	Y	6249869	6270476	8	-4.5819
17d5600b-8927-444b-96b2-82a3c8a81001	Y	6274726	9317966	1428	-3.0871
17d5600b-8927-444b-96b2-82a3c8a81001	Y	9318536	9537963	22	-3.9518
17d5600b-8927-444b-96b2-82a3c8a81001	Y	9538399	9548666	4	-6.7543
17d5600b-8927-444b-96b2-82a3c8a81001	Y	9549027	23586854	4202	-2.9838
17d5600b-8927-444b-96b2-82a3c8a81001	Y	23784615	56872112	192	-2.546
