GDC_Aliquot	Chromosome	Start	End	Num_Probes	Segment_Mean
a1704a37-9809-4d75-97f0-97ecb2e298c6	1	3301765	16104539	7169	0.248
a1704a37-9809-4d75-97f0-97ecb2e298c6	1	16108232	16162328	29	0.7084
a1704a37-9809-4d75-97f0-97ecb2e298c6	1	16163291	23130197	3975	0.2245
a1704a37-9809-4d75-97f0-97ecb2e298c6	1	23135050	28709466	2394	0.2742
a1704a37-9809-4d75-97f0-97ecb2e298c6	1	28718611	48724103	10975	0.2298
a1704a37-9809-4d75-97f0-97ecb2e298c6	1	48724360	50220315	701	0.1609
a1704a37-9809-4d75-97f0-97ecb2e298c6	1	50220762	55290378	2658	0.239
a1704a37-9809-4d75-97f0-97ecb2e298c6	1	55290849	60861917	4197	0.1432
a1704a37-9809-4d75-97f0-97ecb2e298c6	1	60861963	78081788	10824	0.1916
a1704a37-9809-4d75-97f0-97ecb2e298c6	1	78082139	83782650	3394	0.149
a1704a37-9809-4d75-97f0-97ecb2e298c6	1	83786661	117601710	20449	0.1964
a1704a37-9809-4d75-97f0-97ecb2e298c6	1	117602916	117603574	2	-1.4417
a1704a37-9809-4d75-97f0-97ecb2e298c6	1	117604520	118315595	414	0.1836
a1704a37-9809-4d75-97f0-97ecb2e298c6	1	118315840	149907993	999	0.1532
a1704a37-9809-4d75-97f0-97ecb2e298c6	1	149909846	151938778	811	0.2909
a1704a37-9809-4d75-97f0-97ecb2e298c6	1	151942422	162535929	6074	0.2278
a1704a37-9809-4d75-97f0-97ecb2e298c6	1	162538786	162654224	69	0.3353
a1704a37-9809-4d75-97f0-97ecb2e298c6	1	162658356	172202137	7073	0.1906
a1704a37-9809-4d75-97f0-97ecb2e298c6	1	172204489	174272312	1240	-0.6138
a1704a37-9809-4d75-97f0-97ecb2e298c6	1	174275871	175205174	474	0.1659
a1704a37-9809-4d75-97f0-97ecb2e298c6	1	175207250	175207333	2	-1.2395
a1704a37-9809-4d75-97f0-97ecb2e298c6	1	175207951	176328572	440	0.1821
a1704a37-9809-4d75-97f0-97ecb2e298c6	1	176329041	178404982	1305	0.1134
a1704a37-9809-4d75-97f0-97ecb2e298c6	1	178406755	181009512	1694	0.1945
a1704a37-9809-4d75-97f0-97ecb2e298c6	1	181011307	181011445	2	-1.2828
a1704a37-9809-4d75-97f0-97ecb2e298c6	1	181012560	201940520	12842	0.184
a1704a37-9809-4d75-97f0-97ecb2e298c6	1	201943373	208264476	3990	0.2257
a1704a37-9809-4d75-97f0-97ecb2e298c6	1	208284575	213518889	3613	-0.5941
a1704a37-9809-4d75-97f0-97ecb2e298c6	1	213520736	222131032	5996	-0.6531
a1704a37-9809-4d75-97f0-97ecb2e298c6	1	222136294	234436207	7673	-0.5939
a1704a37-9809-4d75-97f0-97ecb2e298c6	1	234436344	236885200	1521	-0.5103
a1704a37-9809-4d75-97f0-97ecb2e298c6	1	236885262	244473659	5490	-0.5902
a1704a37-9809-4d75-97f0-97ecb2e298c6	1	244691519	244825799	64	-3.4686
a1704a37-9809-4d75-97f0-97ecb2e298c6	1	244828935	244832543	3	-1.5767
a1704a37-9809-4d75-97f0-97ecb2e298c6	1	244834548	247403573	1088	-0.5464
a1704a37-9809-4d75-97f0-97ecb2e298c6	1	247404621	247404630	2	-4.2712
a1704a37-9809-4d75-97f0-97ecb2e298c6	1	247404749	247650984	160	-0.5498
a1704a37-9809-4d75-97f0-97ecb2e298c6	2	480597	6489465	3552	0.2003
a1704a37-9809-4d75-97f0-97ecb2e298c6	2	6489491	10126436	2426	0.2312
a1704a37-9809-4d75-97f0-97ecb2e298c6	2	10133117	10146408	12	0.8307
a1704a37-9809-4d75-97f0-97ecb2e298c6	2	10147183	10662045	397	0.2377
a1704a37-9809-4d75-97f0-97ecb2e298c6	2	10662246	10664007	2	-0.8428
a1704a37-9809-4d75-97f0-97ecb2e298c6	2	10667586	12943951	1701	0.241
a1704a37-9809-4d75-97f0-97ecb2e298c6	2	12954574	23617167	7083	0.1903
a1704a37-9809-4d75-97f0-97ecb2e298c6	2	23617231	27902594	1914	0.2502
a1704a37-9809-4d75-97f0-97ecb2e298c6	2	27905892	33671227	3188	0.1864
a1704a37-9809-4d75-97f0-97ecb2e298c6	2	33672021	36735898	1789	0.6122
a1704a37-9809-4d75-97f0-97ecb2e298c6	2	36737608	38059771	404	0.7195
a1704a37-9809-4d75-97f0-97ecb2e298c6	2	38059802	40436382	1472	0.2034
a1704a37-9809-4d75-97f0-97ecb2e298c6	2	40436889	41405932	470	0.0966
a1704a37-9809-4d75-97f0-97ecb2e298c6	2	41406072	42094248	604	0.1811
a1704a37-9809-4d75-97f0-97ecb2e298c6	2	42094803	49188575	4484	0.2244
a1704a37-9809-4d75-97f0-97ecb2e298c6	2	49189029	53048279	2050	0.1634
a1704a37-9809-4d75-97f0-97ecb2e298c6	2	53050067	56258222	1706	0.2318
a1704a37-9809-4d75-97f0-97ecb2e298c6	2	56259714	60238539	2395	0.1729
a1704a37-9809-4d75-97f0-97ecb2e298c6	2	60239024	65641976	2753	0.2155
a1704a37-9809-4d75-97f0-97ecb2e298c6	2	65642107	67801902	1647	0.1425
a1704a37-9809-4d75-97f0-97ecb2e298c6	2	67803187	79951198	6562	0.2018
a1704a37-9809-4d75-97f0-97ecb2e298c6	2	79951859	83373374	1942	0.1577
a1704a37-9809-4d75-97f0-97ecb2e298c6	2	83376933	83377672	2	-1.184
a1704a37-9809-4d75-97f0-97ecb2e298c6	2	83380942	84566080	686	0.167
a1704a37-9809-4d75-97f0-97ecb2e298c6	2	84567276	102956471	5415	0.2277
a1704a37-9809-4d75-97f0-97ecb2e298c6	2	102959485	200088464	52605	0.1954
a1704a37-9809-4d75-97f0-97ecb2e298c6	2	200090832	203546678	1700	-0.5609
a1704a37-9809-4d75-97f0-97ecb2e298c6	2	203555974	217946185	9065	-0.6285
a1704a37-9809-4d75-97f0-97ecb2e298c6	2	217949164	219701364	845	-0.5343
a1704a37-9809-4d75-97f0-97ecb2e298c6	2	219702258	222162788	1751	-0.6972
a1704a37-9809-4d75-97f0-97ecb2e298c6	2	222165783	241537572	11610	-0.5992
a1704a37-9809-4d75-97f0-97ecb2e298c6	3	2170634	11024369	5261	0.6745
a1704a37-9809-4d75-97f0-97ecb2e298c6	3	11024535	24191480	7566	0.1996
a1704a37-9809-4d75-97f0-97ecb2e298c6	3	24194381	38846736	9273	0.177
a1704a37-9809-4d75-97f0-97ecb2e298c6	3	38848023	38849010	2	-1.3404
a1704a37-9809-4d75-97f0-97ecb2e298c6	3	38851309	41293329	1660	0.1738
a1704a37-9809-4d75-97f0-97ecb2e298c6	3	41295847	41296007	2	-1.1383
a1704a37-9809-4d75-97f0-97ecb2e298c6	3	41297199	46267360	2650	0.1805
a1704a37-9809-4d75-97f0-97ecb2e298c6	3	46270163	53639353	3144	0.2305
a1704a37-9809-4d75-97f0-97ecb2e298c6	3	53641688	56471023	2176	0.127
a1704a37-9809-4d75-97f0-97ecb2e298c6	3	56471059	56746810	136	0.2127
a1704a37-9809-4d75-97f0-97ecb2e298c6	3	56747343	58487018	966	0.6972
a1704a37-9809-4d75-97f0-97ecb2e298c6	3	58487692	65880553	4668	0.6164
a1704a37-9809-4d75-97f0-97ecb2e298c6	3	65884789	88906321	13114	0.6705
a1704a37-9809-4d75-97f0-97ecb2e298c6	3	88908292	114145719	11677	0.1955
a1704a37-9809-4d75-97f0-97ecb2e298c6	3	114154155	114171721	16	-0.5292
a1704a37-9809-4d75-97f0-97ecb2e298c6	3	114175453	116764118	1661	0.1762
a1704a37-9809-4d75-97f0-97ecb2e298c6	3	116764160	117009337	202	-0.1487
a1704a37-9809-4d75-97f0-97ecb2e298c6	3	117009701	139831824	12978	0.1929
a1704a37-9809-4d75-97f0-97ecb2e298c6	3	139835216	140974223	877	0.1379
a1704a37-9809-4d75-97f0-97ecb2e298c6	3	140976948	176926434	18208	0.2039
a1704a37-9809-4d75-97f0-97ecb2e298c6	3	176926528	185524424	4176	0.232
a1704a37-9809-4d75-97f0-97ecb2e298c6	3	185525167	194339746	5783	0.179
a1704a37-9809-4d75-97f0-97ecb2e298c6	3	194341097	197812401	1044	0.2418
a1704a37-9809-4d75-97f0-97ecb2e298c6	4	1059384	17882840	10502	0.2133
a1704a37-9809-4d75-97f0-97ecb2e298c6	4	17883363	24029012	3872	0.1799
a1704a37-9809-4d75-97f0-97ecb2e298c6	4	24032978	26944767	1902	0.2522
a1704a37-9809-4d75-97f0-97ecb2e298c6	4	26946373	37531394	6395	0.1944
a1704a37-9809-4d75-97f0-97ecb2e298c6	4	37534497	42559601	3042	0.2548
a1704a37-9809-4d75-97f0-97ecb2e298c6	4	42560266	46600404	1864	0.1818
a1704a37-9809-4d75-97f0-97ecb2e298c6	4	46601111	57629942	4568	0.2256
a1704a37-9809-4d75-97f0-97ecb2e298c6	4	57629965	67167563	5264	0.1843
a1704a37-9809-4d75-97f0-97ecb2e298c6	4	67173511	71361788	1680	0.2312
a1704a37-9809-4d75-97f0-97ecb2e298c6	4	71365305	75351065	2293	0.1774
a1704a37-9809-4d75-97f0-97ecb2e298c6	4	75354837	187842528	62135	-0.621
a1704a37-9809-4d75-97f0-97ecb2e298c6	5	913983	57318837	30182	0.2042
a1704a37-9809-4d75-97f0-97ecb2e298c6	5	57321750	59550060	1588	0.1578
a1704a37-9809-4d75-97f0-97ecb2e298c6	5	59552471	65468831	2947	0.2143
a1704a37-9809-4d75-97f0-97ecb2e298c6	5	65474519	103643565	19610	-0.623
a1704a37-9809-4d75-97f0-97ecb2e298c6	5	103650952	123397701	11738	0.1862
a1704a37-9809-4d75-97f0-97ecb2e298c6	5	123398009	126091703	1617	0.1343
a1704a37-9809-4d75-97f0-97ecb2e298c6	5	126092531	131039456	2790	0.1896
a1704a37-9809-4d75-97f0-97ecb2e298c6	5	131041093	133187664	1100	0.2473
a1704a37-9809-4d75-97f0-97ecb2e298c6	5	133188869	133951773	683	0.1608
a1704a37-9809-4d75-97f0-97ecb2e298c6	5	133952084	135104700	569	0.25
a1704a37-9809-4d75-97f0-97ecb2e298c6	5	135104736	137752360	1908	0.1486
a1704a37-9809-4d75-97f0-97ecb2e298c6	5	137752375	144733011	3729	0.2306
a1704a37-9809-4d75-97f0-97ecb2e298c6	5	144739804	144740089	2	-1.5017
a1704a37-9809-4d75-97f0-97ecb2e298c6	5	144740429	152195549	4924	0.2276
a1704a37-9809-4d75-97f0-97ecb2e298c6	5	152196170	154577177	1569	0.1822
a1704a37-9809-4d75-97f0-97ecb2e298c6	5	154577747	155029326	223	0.3146
a1704a37-9809-4d75-97f0-97ecb2e298c6	5	155036038	155906276	571	0.1976
a1704a37-9809-4d75-97f0-97ecb2e298c6	5	155908078	156461112	401	-0.6737
a1704a37-9809-4d75-97f0-97ecb2e298c6	5	156468618	180934240	15006	0.2092
a1704a37-9809-4d75-97f0-97ecb2e298c6	6	1011760	2835533	1397	-0.6217
a1704a37-9809-4d75-97f0-97ecb2e298c6	6	2836105	3003060	146	-0.4134
a1704a37-9809-4d75-97f0-97ecb2e298c6	6	3003146	8091516	3721	-0.609
a1704a37-9809-4d75-97f0-97ecb2e298c6	6	8091604	13108783	3452	-0.6549
a1704a37-9809-4d75-97f0-97ecb2e298c6	6	13109037	18593759	3725	-0.594
a1704a37-9809-4d75-97f0-97ecb2e298c6	6	18594340	23464782	3513	-0.6673
a1704a37-9809-4d75-97f0-97ecb2e298c6	6	23467617	23468012	2	-3.5141
a1704a37-9809-4d75-97f0-97ecb2e298c6	6	23468930	24340032	593	-0.6752
a1704a37-9809-4d75-97f0-97ecb2e298c6	6	24341129	37984018	5620	-0.5588
a1704a37-9809-4d75-97f0-97ecb2e298c6	6	37985046	41522644	2622	-0.6529
a1704a37-9809-4d75-97f0-97ecb2e298c6	6	41522750	44977360	1896	-0.5402
a1704a37-9809-4d75-97f0-97ecb2e298c6	6	44977569	46161057	644	-0.6355
a1704a37-9809-4d75-97f0-97ecb2e298c6	6	46162519	73204596	13308	0.2038
a1704a37-9809-4d75-97f0-97ecb2e298c6	6	73205104	73693525	230	0.3253
a1704a37-9809-4d75-97f0-97ecb2e298c6	6	73694632	87274981	7527	0.1998
a1704a37-9809-4d75-97f0-97ecb2e298c6	6	87275687	90151014	1783	0.2541
a1704a37-9809-4d75-97f0-97ecb2e298c6	6	90154476	94556105	2322	0.1834
a1704a37-9809-4d75-97f0-97ecb2e298c6	6	94563946	94569669	7	-0.5704
a1704a37-9809-4d75-97f0-97ecb2e298c6	6	94585996	100705789	3229	0.2052
a1704a37-9809-4d75-97f0-97ecb2e298c6	6	100782506	116654975	9308	-0.6098
a1704a37-9809-4d75-97f0-97ecb2e298c6	6	116656710	116657564	2	-2.9643
a1704a37-9809-4d75-97f0-97ecb2e298c6	6	116660802	119864639	1510	-0.6274
a1704a37-9809-4d75-97f0-97ecb2e298c6	6	119874726	156457582	23141	0.1889
a1704a37-9809-4d75-97f0-97ecb2e298c6	6	156465337	170596889	7498	-0.5915
a1704a37-9809-4d75-97f0-97ecb2e298c6	7	664936	6422572	2175	0.658
a1704a37-9809-4d75-97f0-97ecb2e298c6	7	6422999	6423015	2	-0.9423
a1704a37-9809-4d75-97f0-97ecb2e298c6	7	6423420	12207894	2913	0.6542
a1704a37-9809-4d75-97f0-97ecb2e298c6	7	12210267	12285380	55	0.1804
a1704a37-9809-4d75-97f0-97ecb2e298c6	7	12285620	20922092	4996	0.6654
a1704a37-9809-4d75-97f0-97ecb2e298c6	7	20922765	23995508	2182	0.1972
a1704a37-9809-4d75-97f0-97ecb2e298c6	7	24000259	24000764	2	-1.8824
a1704a37-9809-4d75-97f0-97ecb2e298c6	7	24001198	40276979	10802	0.1827
a1704a37-9809-4d75-97f0-97ecb2e298c6	7	40277013	42687333	1641	0.1232
a1704a37-9809-4d75-97f0-97ecb2e298c6	7	43250941	45607139	1274	0.1979
a1704a37-9809-4d75-97f0-97ecb2e298c6	7	45607253	46974208	997	0.1197
a1704a37-9809-4d75-97f0-97ecb2e298c6	7	46976497	64027951	6653	0.1884
a1704a37-9809-4d75-97f0-97ecb2e298c6	7	64033122	64044797	9	-0.5569
a1704a37-9809-4d75-97f0-97ecb2e298c6	7	64045459	64364858	36	0.1954
a1704a37-9809-4d75-97f0-97ecb2e298c6	7	64365438	64369591	2	-1.8674
a1704a37-9809-4d75-97f0-97ecb2e298c6	7	64370582	64698195	168	0.1587
a1704a37-9809-4d75-97f0-97ecb2e298c6	7	64700262	67044615	564	0.2773
a1704a37-9809-4d75-97f0-97ecb2e298c6	7	67045597	71657208	2716	0.183
a1704a37-9809-4d75-97f0-97ecb2e298c6	7	71657550	77962318	1896	0.2584
a1704a37-9809-4d75-97f0-97ecb2e298c6	7	77963151	79686211	1266	0.1612
a1704a37-9809-4d75-97f0-97ecb2e298c6	7	79686848	93051593	6859	0.1915
a1704a37-9809-4d75-97f0-97ecb2e298c6	7	93061297	98007305	2893	0.1545
a1704a37-9809-4d75-97f0-97ecb2e298c6	7	98007864	103063688	1849	0.2391
a1704a37-9809-4d75-97f0-97ecb2e298c6	7	103065774	127203756	13167	0.1959
a1704a37-9809-4d75-97f0-97ecb2e298c6	7	127208509	131684951	2296	0.2353
a1704a37-9809-4d75-97f0-97ecb2e298c6	7	131685052	138567724	4309	0.1644
a1704a37-9809-4d75-97f0-97ecb2e298c6	7	138569795	141319111	1580	0.2421
a1704a37-9809-4d75-97f0-97ecb2e298c6	7	141319801	148216606	3384	0.1999
a1704a37-9809-4d75-97f0-97ecb2e298c6	7	148217793	158235626	5167	0.2445
a1704a37-9809-4d75-97f0-97ecb2e298c6	7	158236594	158244763	3	1.2968
a1704a37-9809-4d75-97f0-97ecb2e298c6	7	158248430	158592540	134	0.242
a1704a37-9809-4d75-97f0-97ecb2e298c6	8	667625	19179038	10240	0.2197
a1704a37-9809-4d75-97f0-97ecb2e298c6	8	19182132	23513183	2970	-0.5985
a1704a37-9809-4d75-97f0-97ecb2e298c6	8	23514525	26069399	1802	0.2138
a1704a37-9809-4d75-97f0-97ecb2e298c6	8	26069470	31215726	3426	0.2534
a1704a37-9809-4d75-97f0-97ecb2e298c6	8	31217210	41903565	6032	0.1917
a1704a37-9809-4d75-97f0-97ecb2e298c6	8	41904289	43050855	635	0.2648
a1704a37-9809-4d75-97f0-97ecb2e298c6	8	43053246	67748439	11947	0.1954
a1704a37-9809-4d75-97f0-97ecb2e298c6	8	67748511	111734410	24974	0.6648
a1704a37-9809-4d75-97f0-97ecb2e298c6	8	111734593	115541190	1926	0.1819
a1704a37-9809-4d75-97f0-97ecb2e298c6	8	115546305	115774582	143	0.6949
a1704a37-9809-4d75-97f0-97ecb2e298c6	8	115779523	117180682	860	1.0208
a1704a37-9809-4d75-97f0-97ecb2e298c6	8	117180961	120790505	2548	0.9858
a1704a37-9809-4d75-97f0-97ecb2e298c6	8	120795414	121460964	400	0.8827
a1704a37-9809-4d75-97f0-97ecb2e298c6	8	121464297	139173961	12749	0.9843
a1704a37-9809-4d75-97f0-97ecb2e298c6	8	139179171	144182542	1633	1.0343
a1704a37-9809-4d75-97f0-97ecb2e298c6	9	789794	4302988	2530	0.192
a1704a37-9809-4d75-97f0-97ecb2e298c6	9	4303245	7442126	1423	0.2355
a1704a37-9809-4d75-97f0-97ecb2e298c6	9	7442254	18905136	7479	0.1795
a1704a37-9809-4d75-97f0-97ecb2e298c6	9	18905291	22176962	2419	0.2194
a1704a37-9809-4d75-97f0-97ecb2e298c6	9	22179085	32111711	5682	0.1768
a1704a37-9809-4d75-97f0-97ecb2e298c6	9	32111761	77551485	10562	0.2318
a1704a37-9809-4d75-97f0-97ecb2e298c6	9	77554738	91551828	9716	0.1915
a1704a37-9809-4d75-97f0-97ecb2e298c6	9	91552497	97990724	3763	0.6702
a1704a37-9809-4d75-97f0-97ecb2e298c6	9	97995061	98558912	409	0.2324
a1704a37-9809-4d75-97f0-97ecb2e298c6	9	98558972	110981045	8349	0.1792
a1704a37-9809-4d75-97f0-97ecb2e298c6	9	110981449	114680731	2340	0.219
a1704a37-9809-4d75-97f0-97ecb2e298c6	9	114681348	120131803	4171	0.1593
a1704a37-9809-4d75-97f0-97ecb2e298c6	9	120132179	123973209	2384	0.2169
a1704a37-9809-4d75-97f0-97ecb2e298c6	9	123973593	123973634	2	-1.476
a1704a37-9809-4d75-97f0-97ecb2e298c6	9	123973772	129134244	2802	0.2417
a1704a37-9809-4d75-97f0-97ecb2e298c6	9	129137411	131810609	1651	-0.5115
a1704a37-9809-4d75-97f0-97ecb2e298c6	9	131810899	131813934	2	-2.3666
a1704a37-9809-4d75-97f0-97ecb2e298c6	9	131815643	138044505	2838	-0.5559
a1704a37-9809-4d75-97f0-97ecb2e298c6	10	366509	4533615	2649	0.1981
a1704a37-9809-4d75-97f0-97ecb2e298c6	10	4533702	8523279	3058	0.2441
a1704a37-9809-4d75-97f0-97ecb2e298c6	10	8523694	11083199	1907	0.1853
a1704a37-9809-4d75-97f0-97ecb2e298c6	10	11083791	18038802	5198	0.2423
a1704a37-9809-4d75-97f0-97ecb2e298c6	10	18038980	25729562	5212	0.2026
a1704a37-9809-4d75-97f0-97ecb2e298c6	10	25730275	29002029	2083	0.2352
a1704a37-9809-4d75-97f0-97ecb2e298c6	10	29002038	29307736	295	0.1429
a1704a37-9809-4d75-97f0-97ecb2e298c6	10	29308156	32752848	2381	0.2349
a1704a37-9809-4d75-97f0-97ecb2e298c6	10	32753575	38202202	3368	0.1869
a1704a37-9809-4d75-97f0-97ecb2e298c6	10	38203044	38213789	9	-0.6104
a1704a37-9809-4d75-97f0-97ecb2e298c6	10	38224637	51929757	4435	0.1926
a1704a37-9809-4d75-97f0-97ecb2e298c6	10	51930014	59167378	4288	0.6484
a1704a37-9809-4d75-97f0-97ecb2e298c6	10	59169417	59169705	2	-0.8441
a1704a37-9809-4d75-97f0-97ecb2e298c6	10	59170158	62934927	2622	0.6544
a1704a37-9809-4d75-97f0-97ecb2e298c6	10	62935239	63683912	364	0.7618
a1704a37-9809-4d75-97f0-97ecb2e298c6	10	63685061	67788537	2220	0.6419
a1704a37-9809-4d75-97f0-97ecb2e298c6	10	67797182	69391639	876	0.7278
a1704a37-9809-4d75-97f0-97ecb2e298c6	10	69394281	76699066	4295	0.6573
a1704a37-9809-4d75-97f0-97ecb2e298c6	10	76701311	81678671	3201	0.532
a1704a37-9809-4d75-97f0-97ecb2e298c6	10	81678987	87116095	3785	0.1768
a1704a37-9809-4d75-97f0-97ecb2e298c6	10	87406076	87502960	26	0.8238
a1704a37-9809-4d75-97f0-97ecb2e298c6	10	87503230	87597886	60	0.2063
a1704a37-9809-4d75-97f0-97ecb2e298c6	10	87604024	87852267	176	-3.6601
a1704a37-9809-4d75-97f0-97ecb2e298c6	10	87855380	87985992	200	-1.5681
a1704a37-9809-4d75-97f0-97ecb2e298c6	10	87986057	89698178	1181	-3.5396
a1704a37-9809-4d75-97f0-97ecb2e298c6	10	89700382	90616521	590	-0.9737
a1704a37-9809-4d75-97f0-97ecb2e298c6	10	90616941	103379979	7118	-0.5681
a1704a37-9809-4d75-97f0-97ecb2e298c6	10	103385185	104713597	816	0.7035
a1704a37-9809-4d75-97f0-97ecb2e298c6	10	104718608	109503165	3275	0.632
a1704a37-9809-4d75-97f0-97ecb2e298c6	10	109503894	111089386	906	0.712
a1704a37-9809-4d75-97f0-97ecb2e298c6	10	111089959	124028578	9407	0.6445
a1704a37-9809-4d75-97f0-97ecb2e298c6	10	124036224	133411599	5333	0.6754
a1704a37-9809-4d75-97f0-97ecb2e298c6	11	456012	4538383	1567	0.2241
a1704a37-9809-4d75-97f0-97ecb2e298c6	11	4538413	4787195	198	0.6774
a1704a37-9809-4d75-97f0-97ecb2e298c6	11	4788042	5608095	661	0.1797
a1704a37-9809-4d75-97f0-97ecb2e298c6	11	5608517	7037654	811	0.2654
a1704a37-9809-4d75-97f0-97ecb2e298c6	11	7039831	9219901	1526	0.2116
a1704a37-9809-4d75-97f0-97ecb2e298c6	11	9244978	9725605	203	0.3493
a1704a37-9809-4d75-97f0-97ecb2e298c6	11	9726936	11206403	1072	0.2169
a1704a37-9809-4d75-97f0-97ecb2e298c6	11	11206431	32111902	14270	0.1813
a1704a37-9809-4d75-97f0-97ecb2e298c6	11	32112187	36765267	3306	0.217
a1704a37-9809-4d75-97f0-97ecb2e298c6	11	36768542	43236684	3717	0.1756
a1704a37-9809-4d75-97f0-97ecb2e298c6	11	43238725	47784131	2606	0.2256
a1704a37-9809-4d75-97f0-97ecb2e298c6	11	47784964	47789431	2	-1.175
a1704a37-9809-4d75-97f0-97ecb2e298c6	11	47789757	59435870	2525	0.1995
a1704a37-9809-4d75-97f0-97ecb2e298c6	11	59437580	69053408	3810	0.2536
a1704a37-9809-4d75-97f0-97ecb2e298c6	11	69060158	72552288	1837	0.198
a1704a37-9809-4d75-97f0-97ecb2e298c6	11	72552866	78630358	3195	0.6974
a1704a37-9809-4d75-97f0-97ecb2e298c6	11	78633203	82653388	2865	0.6234
a1704a37-9809-4d75-97f0-97ecb2e298c6	11	82653978	87554945	2942	0.6685
a1704a37-9809-4d75-97f0-97ecb2e298c6	11	87556122	91233709	2035	0.6305
a1704a37-9809-4d75-97f0-97ecb2e298c6	11	91234406	93505140	1180	0.1471
a1704a37-9809-4d75-97f0-97ecb2e298c6	11	93506296	96577354	2163	0.2214
a1704a37-9809-4d75-97f0-97ecb2e298c6	11	96578085	107422896	6916	0.186
a1704a37-9809-4d75-97f0-97ecb2e298c6	11	107424568	112208267	2810	0.2206
a1704a37-9809-4d75-97f0-97ecb2e298c6	11	112210869	116354522	3006	0.1693
a1704a37-9809-4d75-97f0-97ecb2e298c6	11	116356542	118554704	1637	-0.5638
a1704a37-9809-4d75-97f0-97ecb2e298c6	11	118563674	118563706	2	-2.5705
a1704a37-9809-4d75-97f0-97ecb2e298c6	11	118564650	134272740	10755	-0.5912
a1704a37-9809-4d75-97f0-97ecb2e298c6	12	780472	6092511	3433	0.1901
a1704a37-9809-4d75-97f0-97ecb2e298c6	12	6092721	7104043	442	0.2913
a1704a37-9809-4d75-97f0-97ecb2e298c6	12	7104644	10760512	1588	0.2146
a1704a37-9809-4d75-97f0-97ecb2e298c6	12	10760928	13307946	1427	0.0982
a1704a37-9809-4d75-97f0-97ecb2e298c6	12	13308326	19740067	4036	0.0376
a1704a37-9809-4d75-97f0-97ecb2e298c6	12	19740224	24667086	3214	0.1458
a1704a37-9809-4d75-97f0-97ecb2e298c6	12	24667139	28208194	2287	0.1954
a1704a37-9809-4d75-97f0-97ecb2e298c6	12	28213595	31034862	1996	0.1513
a1704a37-9809-4d75-97f0-97ecb2e298c6	12	31037105	49084892	6993	0.2084
a1704a37-9809-4d75-97f0-97ecb2e298c6	12	49085029	57907364	4488	0.2378
a1704a37-9809-4d75-97f0-97ecb2e298c6	12	57908475	80204261	13894	0.2004
a1704a37-9809-4d75-97f0-97ecb2e298c6	12	80204345	83381531	1944	0.1771
a1704a37-9809-4d75-97f0-97ecb2e298c6	12	83389360	87007741	1940	-0.6368
a1704a37-9809-4d75-97f0-97ecb2e298c6	12	87010210	87011146	2	-2.9522
a1704a37-9809-4d75-97f0-97ecb2e298c6	12	87013255	90234478	1801	-0.6167
a1704a37-9809-4d75-97f0-97ecb2e298c6	12	90240644	91919298	1090	-0.683
a1704a37-9809-4d75-97f0-97ecb2e298c6	12	91919695	108199477	10759	-0.5993
a1704a37-9809-4d75-97f0-97ecb2e298c6	12	108200166	113819403	3063	-0.5246
a1704a37-9809-4d75-97f0-97ecb2e298c6	12	113819629	119705338	3929	-0.5757
a1704a37-9809-4d75-97f0-97ecb2e298c6	12	119706727	125460993	2849	-0.5106
a1704a37-9809-4d75-97f0-97ecb2e298c6	12	125464451	132605822	3203	-0.5832
a1704a37-9809-4d75-97f0-97ecb2e298c6	13	18874255	82910925	37230	-0.5901
a1704a37-9809-4d75-97f0-97ecb2e298c6	13	82910938	82911203	3	-2.473
a1704a37-9809-4d75-97f0-97ecb2e298c6	13	82911581	87784762	2687	-0.6059
a1704a37-9809-4d75-97f0-97ecb2e298c6	13	87790075	90293712	1425	0.1692
a1704a37-9809-4d75-97f0-97ecb2e298c6	13	90295275	90295289	2	-2.2785
a1704a37-9809-4d75-97f0-97ecb2e298c6	13	90300119	114226675	15651	0.1942
a1704a37-9809-4d75-97f0-97ecb2e298c6	14	20033191	25118748	2208	-0.534
a1704a37-9809-4d75-97f0-97ecb2e298c6	14	25120768	59845291	19764	-0.6092
a1704a37-9809-4d75-97f0-97ecb2e298c6	14	59845346	73033406	7967	-0.572
a1704a37-9809-4d75-97f0-97ecb2e298c6	14	73034676	77908901	2865	0.2476
a1704a37-9809-4d75-97f0-97ecb2e298c6	14	77909546	87389151	6250	0.183
a1704a37-9809-4d75-97f0-97ecb2e298c6	14	87389459	92859356	3221	0.2608
a1704a37-9809-4d75-97f0-97ecb2e298c6	14	92860516	98974537	4378	0.2257
a1704a37-9809-4d75-97f0-97ecb2e298c6	14	98974594	105533894	3147	0.2664
a1704a37-9809-4d75-97f0-97ecb2e298c6	15	23437561	35145454	5049	0.2049
a1704a37-9809-4d75-97f0-97ecb2e298c6	15	35145531	39542011	3029	0.1486
a1704a37-9809-4d75-97f0-97ecb2e298c6	15	39542236	45728675	2829	0.2443
a1704a37-9809-4d75-97f0-97ecb2e298c6	15	45732153	50104669	2809	0.1833
a1704a37-9809-4d75-97f0-97ecb2e298c6	15	50107398	50263513	119	0.2174
a1704a37-9809-4d75-97f0-97ecb2e298c6	15	50264319	50813785	261	0.3304
a1704a37-9809-4d75-97f0-97ecb2e298c6	15	50816754	53219584	1529	0.228
a1704a37-9809-4d75-97f0-97ecb2e298c6	15	53220000	55256713	1545	0.1627
a1704a37-9809-4d75-97f0-97ecb2e298c6	15	55257363	62974005	5291	0.2094
a1704a37-9809-4d75-97f0-97ecb2e298c6	15	62975737	67350280	2506	0.255
a1704a37-9809-4d75-97f0-97ecb2e298c6	15	67350726	88564271	12007	0.2074
a1704a37-9809-4d75-97f0-97ecb2e298c6	15	88567980	90257499	1009	0.2802
a1704a37-9809-4d75-97f0-97ecb2e298c6	15	90257862	99968164	6235	0.2166
a1704a37-9809-4d75-97f0-97ecb2e298c6	15	100204464	101344124	594	-0.5667
a1704a37-9809-4d75-97f0-97ecb2e298c6	16	603333	5305178	1784	-0.509
a1704a37-9809-4d75-97f0-97ecb2e298c6	16	5305349	10725249	3667	-0.5931
a1704a37-9809-4d75-97f0-97ecb2e298c6	16	10728318	10728598	2	-2.5876
a1704a37-9809-4d75-97f0-97ecb2e298c6	16	10729265	26870712	7002	-0.5705
a1704a37-9809-4d75-97f0-97ecb2e298c6	16	26871736	27564818	454	-0.5504
a1704a37-9809-4d75-97f0-97ecb2e298c6	16	27566000	47050441	1344	-0.486
a1704a37-9809-4d75-97f0-97ecb2e298c6	16	47051077	50747819	2173	-0.5591
a1704a37-9809-4d75-97f0-97ecb2e298c6	16	50747891	53343091	1900	-0.6304
a1704a37-9809-4d75-97f0-97ecb2e298c6	16	53344701	53479121	144	-0.4288
a1704a37-9809-4d75-97f0-97ecb2e298c6	16	53479143	56277862	2166	-0.6234
a1704a37-9809-4d75-97f0-97ecb2e298c6	16	56278652	59260077	1782	-0.5189
a1704a37-9809-4d75-97f0-97ecb2e298c6	16	59260742	66211222	4610	-0.6291
a1704a37-9809-4d75-97f0-97ecb2e298c6	16	66214740	66642375	256	-0.551
a1704a37-9809-4d75-97f0-97ecb2e298c6	16	66643458	70751294	1718	-0.4939
a1704a37-9809-4d75-97f0-97ecb2e298c6	16	70752877	73356440	1209	-0.5973
a1704a37-9809-4d75-97f0-97ecb2e298c6	16	73357114	73357243	2	-5.0565
a1704a37-9809-4d75-97f0-97ecb2e298c6	16	73359422	89317317	10981	-0.5745
a1704a37-9809-4d75-97f0-97ecb2e298c6	17	1074619	2981852	794	-0.496
a1704a37-9809-4d75-97f0-97ecb2e298c6	17	2982783	2982865	4	-2.276
a1704a37-9809-4d75-97f0-97ecb2e298c6	17	2982962	10923103	4349	-0.5419
a1704a37-9809-4d75-97f0-97ecb2e298c6	17	10924075	13824371	2096	-0.6109
a1704a37-9809-4d75-97f0-97ecb2e298c6	17	13825028	13826016	3	-2.1823
a1704a37-9809-4d75-97f0-97ecb2e298c6	17	13827815	14138146	249	-0.66
a1704a37-9809-4d75-97f0-97ecb2e298c6	17	14138368	33034989	4991	-0.5273
a1704a37-9809-4d75-97f0-97ecb2e298c6	17	33037988	35173107	965	-0.6556
a1704a37-9809-4d75-97f0-97ecb2e298c6	17	35174117	40747454	2388	-0.529
a1704a37-9809-4d75-97f0-97ecb2e298c6	17	40748150	41318641	291	-0.6501
a1704a37-9809-4d75-97f0-97ecb2e298c6	17	41322114	48052957	2578	-0.5016
a1704a37-9809-4d75-97f0-97ecb2e298c6	17	48061847	51559213	1615	0.2489
a1704a37-9809-4d75-97f0-97ecb2e298c6	17	51559717	56655017	3381	0.174
a1704a37-9809-4d75-97f0-97ecb2e298c6	17	56656354	59843862	1831	0.2436
a1704a37-9809-4d75-97f0-97ecb2e298c6	17	59845081	59927386	39	0.7802
a1704a37-9809-4d75-97f0-97ecb2e298c6	17	59927490	68652146	4461	0.2098
a1704a37-9809-4d75-97f0-97ecb2e298c6	17	68658767	70408487	1199	0.163
a1704a37-9809-4d75-97f0-97ecb2e298c6	17	70410102	70410569	2	-1.5973
a1704a37-9809-4d75-97f0-97ecb2e298c6	17	70411121	72352677	1522	0.1483
a1704a37-9809-4d75-97f0-97ecb2e298c6	17	72353251	82959812	4530	0.225
a1704a37-9809-4d75-97f0-97ecb2e298c6	18	326691	9804762	5405	-0.5686
a1704a37-9809-4d75-97f0-97ecb2e298c6	18	9805457	9805790	2	-3.7253
a1704a37-9809-4d75-97f0-97ecb2e298c6	18	9807324	24066146	4392	-0.5564
a1704a37-9809-4d75-97f0-97ecb2e298c6	18	24066602	38951291	9405	-0.6156
a1704a37-9809-4d75-97f0-97ecb2e298c6	18	38956209	38956608	3	-2.8304
a1704a37-9809-4d75-97f0-97ecb2e298c6	18	38957232	43664868	2628	-0.6304
a1704a37-9809-4d75-97f0-97ecb2e298c6	18	43664946	43665808	3	-2.9376
a1704a37-9809-4d75-97f0-97ecb2e298c6	18	43667287	79349796	21126	-0.5908
a1704a37-9809-4d75-97f0-97ecb2e298c6	19	283868	5439561	1303	-0.4992
a1704a37-9809-4d75-97f0-97ecb2e298c6	19	5441322	21150718	6487	0.2614
a1704a37-9809-4d75-97f0-97ecb2e298c6	19	21153385	29091296	2328	0.2068
a1704a37-9809-4d75-97f0-97ecb2e298c6	19	29091564	30725445	1196	0.24
a1704a37-9809-4d75-97f0-97ecb2e298c6	19	30725635	33313493	1713	0.1079
a1704a37-9809-4d75-97f0-97ecb2e298c6	19	33315154	33315233	2	-1.3752
a1704a37-9809-4d75-97f0-97ecb2e298c6	19	33316690	44686891	5516	0.1321
a1704a37-9809-4d75-97f0-97ecb2e298c6	19	44686915	56718357	4735	0.2552
a1704a37-9809-4d75-97f0-97ecb2e298c6	19	56721526	56833599	57	-0.5601
a1704a37-9809-4d75-97f0-97ecb2e298c6	19	56842685	58370362	831	0.2518
a1704a37-9809-4d75-97f0-97ecb2e298c6	20	472817	2188940	1098	0.6076
a1704a37-9809-4d75-97f0-97ecb2e298c6	20	2190081	6201318	2359	0.6437
a1704a37-9809-4d75-97f0-97ecb2e298c6	20	6201915	13655563	5092	0.5876
a1704a37-9809-4d75-97f0-97ecb2e298c6	20	13661457	14513154	429	0.1152
a1704a37-9809-4d75-97f0-97ecb2e298c6	20	14514465	15439059	291	-0.1873
a1704a37-9809-4d75-97f0-97ecb2e298c6	20	15440535	16451011	989	0.0641
a1704a37-9809-4d75-97f0-97ecb2e298c6	20	16451503	32146824	7135	0.1144
a1704a37-9809-4d75-97f0-97ecb2e298c6	20	32147484	33730954	824	0.0505
a1704a37-9809-4d75-97f0-97ecb2e298c6	20	33731833	33734631	2	-1.2626
a1704a37-9809-4d75-97f0-97ecb2e298c6	20	33735613	35131190	626	0.0425
a1704a37-9809-4d75-97f0-97ecb2e298c6	20	35131833	39138679	2189	0.0019
a1704a37-9809-4d75-97f0-97ecb2e298c6	20	39141875	42680714	2459	-0.0891
a1704a37-9809-4d75-97f0-97ecb2e298c6	20	42680746	54876849	8160	-0.0343
a1704a37-9809-4d75-97f0-97ecb2e298c6	20	54876869	56343452	1089	0.4583
a1704a37-9809-4d75-97f0-97ecb2e298c6	20	56345542	63588502	4838	0.5519
a1704a37-9809-4d75-97f0-97ecb2e298c6	21	13974127	24213071	6283	0.1948
a1704a37-9809-4d75-97f0-97ecb2e298c6	21	24215936	24216026	3	-0.9851
a1704a37-9809-4d75-97f0-97ecb2e298c6	21	24216643	31518776	4995	0.1894
a1704a37-9809-4d75-97f0-97ecb2e298c6	21	31520746	33985967	1557	0.2423
a1704a37-9809-4d75-97f0-97ecb2e298c6	21	33988071	37609413	2310	0.2037
a1704a37-9809-4d75-97f0-97ecb2e298c6	21	37610134	41605910	3333	0.1614
a1704a37-9809-4d75-97f0-97ecb2e298c6	21	41606827	46262057	2131	0.2106
a1704a37-9809-4d75-97f0-97ecb2e298c6	22	16934932	26282162	2377	0.2504
a1704a37-9809-4d75-97f0-97ecb2e298c6	22	26285183	28445517	1848	-0.616
a1704a37-9809-4d75-97f0-97ecb2e298c6	22	28445851	31743947	1767	-0.5297
a1704a37-9809-4d75-97f0-97ecb2e298c6	22	31752832	35273564	2999	-0.622
a1704a37-9809-4d75-97f0-97ecb2e298c6	22	35273816	46688799	6269	-0.5223
a1704a37-9809-4d75-97f0-97ecb2e298c6	22	46689292	48940621	1836	-0.6198
a1704a37-9809-4d75-97f0-97ecb2e298c6	X	3236359	56191906	23279	-0.7689
a1704a37-9809-4d75-97f0-97ecb2e298c6	X	56192517	74590492	5224	0.0579
a1704a37-9809-4d75-97f0-97ecb2e298c6	X	74590648	155677414	35492	0.5331
