GDC_Aliquot	Chromosome	Start	End	Num_Probes	Segment_Mean
3bb6dd39-dd32-4fc2-bf84-38ffa683b75a	1	62920	462894	19	0.1469
3bb6dd39-dd32-4fc2-bf84-38ffa683b75a	1	599171	15823420	8314	-0.4989
3bb6dd39-dd32-4fc2-bf84-38ffa683b75a	1	15827002	15827430	6	-2.1875
3bb6dd39-dd32-4fc2-bf84-38ffa683b75a	1	15827706	16525019	301	-0.5097
3bb6dd39-dd32-4fc2-bf84-38ffa683b75a	1	16542868	16721910	42	0.2167
3bb6dd39-dd32-4fc2-bf84-38ffa683b75a	1	16721984	16884157	21	-0.3219
3bb6dd39-dd32-4fc2-bf84-38ffa683b75a	1	16886219	16949746	50	0.3332
3bb6dd39-dd32-4fc2-bf84-38ffa683b75a	1	16951445	18085887	811	-0.5035
3bb6dd39-dd32-4fc2-bf84-38ffa683b75a	1	18090098	18096478	3	-2.6294
3bb6dd39-dd32-4fc2-bf84-38ffa683b75a	1	18098463	25256850	4442	-0.5217
3bb6dd39-dd32-4fc2-bf84-38ffa683b75a	1	25266637	25320198	22	-2.0062
3bb6dd39-dd32-4fc2-bf84-38ffa683b75a	1	25320253	26905813	689	-0.5164
3bb6dd39-dd32-4fc2-bf84-38ffa683b75a	1	26909721	32681620	2991	0.2004
3bb6dd39-dd32-4fc2-bf84-38ffa683b75a	1	32682003	32730047	28	0.6458
3bb6dd39-dd32-4fc2-bf84-38ffa683b75a	1	32733523	34626073	1244	0.1959
3bb6dd39-dd32-4fc2-bf84-38ffa683b75a	1	34637053	34638890	20	-0.3686
3bb6dd39-dd32-4fc2-bf84-38ffa683b75a	1	34648667	55368842	11621	0.1926
3bb6dd39-dd32-4fc2-bf84-38ffa683b75a	1	55369260	59580430	3410	0.1601
3bb6dd39-dd32-4fc2-bf84-38ffa683b75a	1	59586394	59592607	2	1.6954
3bb6dd39-dd32-4fc2-bf84-38ffa683b75a	1	59593034	61974074	1695	0.1545
3bb6dd39-dd32-4fc2-bf84-38ffa683b75a	1	61974089	61989112	27	0.5223
3bb6dd39-dd32-4fc2-bf84-38ffa683b75a	1	62000561	69814586	5528	0.1654
3bb6dd39-dd32-4fc2-bf84-38ffa683b75a	1	69829568	72303233	1493	0.6198
3bb6dd39-dd32-4fc2-bf84-38ffa683b75a	1	72303253	72345465	45	-1.4556
3bb6dd39-dd32-4fc2-bf84-38ffa683b75a	1	72346221	91727707	12715	0.6105
3bb6dd39-dd32-4fc2-bf84-38ffa683b75a	1	91728105	91730095	2	-1.1482
3bb6dd39-dd32-4fc2-bf84-38ffa683b75a	1	91730496	102903430	7003	0.6177
3bb6dd39-dd32-4fc2-bf84-38ffa683b75a	1	102906750	103616762	321	0.1741
3bb6dd39-dd32-4fc2-bf84-38ffa683b75a	1	103620877	103717410	5	1.4514
3bb6dd39-dd32-4fc2-bf84-38ffa683b75a	1	103717617	109679105	3572	0.1595
3bb6dd39-dd32-4fc2-bf84-38ffa683b75a	1	109684695	109697556	15	1.3718
3bb6dd39-dd32-4fc2-bf84-38ffa683b75a	1	109702376	112147704	1949	0.1654
3bb6dd39-dd32-4fc2-bf84-38ffa683b75a	1	112153343	112154591	22	-1.889
3bb6dd39-dd32-4fc2-bf84-38ffa683b75a	1	112154619	143547055	5173	0.1615
3bb6dd39-dd32-4fc2-bf84-38ffa683b75a	1	143547139	143927536	118	-0.426
3bb6dd39-dd32-4fc2-bf84-38ffa683b75a	1	143927887	152578988	2311	0.1768
3bb6dd39-dd32-4fc2-bf84-38ffa683b75a	1	152579167	152618018	44	0.5671
3bb6dd39-dd32-4fc2-bf84-38ffa683b75a	1	152618089	191961724	26437	0.162
3bb6dd39-dd32-4fc2-bf84-38ffa683b75a	1	191963692	192046779	42	0.5635
3bb6dd39-dd32-4fc2-bf84-38ffa683b75a	1	192057125	192067602	8	1.1076
3bb6dd39-dd32-4fc2-bf84-38ffa683b75a	1	192068023	193186662	793	0.5944
3bb6dd39-dd32-4fc2-bf84-38ffa683b75a	1	193187149	193187218	4	1.7761
3bb6dd39-dd32-4fc2-bf84-38ffa683b75a	1	193190593	196771081	2406	0.6204
3bb6dd39-dd32-4fc2-bf84-38ffa683b75a	1	196771842	196846661	50	-0.0227
3bb6dd39-dd32-4fc2-bf84-38ffa683b75a	1	196847600	201663156	3175	0.6155
3bb6dd39-dd32-4fc2-bf84-38ffa683b75a	1	201666670	205508311	2581	-0.5334
3bb6dd39-dd32-4fc2-bf84-38ffa683b75a	1	205513996	205584528	43	0.1576
3bb6dd39-dd32-4fc2-bf84-38ffa683b75a	1	205584967	206422618	287	-0.5601
3bb6dd39-dd32-4fc2-bf84-38ffa683b75a	1	206422948	206424697	2	-2.6449
3bb6dd39-dd32-4fc2-bf84-38ffa683b75a	1	206424776	206771966	259	-0.554
3bb6dd39-dd32-4fc2-bf84-38ffa683b75a	1	206773113	206817439	36	-2.5109
3bb6dd39-dd32-4fc2-bf84-38ffa683b75a	1	206820293	214935351	5835	-0.5825
3bb6dd39-dd32-4fc2-bf84-38ffa683b75a	1	214938235	214943289	5	-4.8656
3bb6dd39-dd32-4fc2-bf84-38ffa683b75a	1	214943831	218832678	2797	-0.6032
3bb6dd39-dd32-4fc2-bf84-38ffa683b75a	1	218835272	218835556	3	-2.6448
3bb6dd39-dd32-4fc2-bf84-38ffa683b75a	1	218837376	219834966	738	-0.593
3bb6dd39-dd32-4fc2-bf84-38ffa683b75a	1	219835736	219836647	2	-2.5075
3bb6dd39-dd32-4fc2-bf84-38ffa683b75a	1	219836674	220695102	508	-0.5832
3bb6dd39-dd32-4fc2-bf84-38ffa683b75a	1	220695166	220705910	2	-2.9935
3bb6dd39-dd32-4fc2-bf84-38ffa683b75a	1	220706275	221476906	535	-0.6161
3bb6dd39-dd32-4fc2-bf84-38ffa683b75a	1	221477471	221609163	104	-3.0635
3bb6dd39-dd32-4fc2-bf84-38ffa683b75a	1	221616536	224867117	2067	-0.5908
3bb6dd39-dd32-4fc2-bf84-38ffa683b75a	1	224867986	229675422	2838	0.6232
3bb6dd39-dd32-4fc2-bf84-38ffa683b75a	1	229681109	229686151	11	-0.0715
3bb6dd39-dd32-4fc2-bf84-38ffa683b75a	1	229686304	233390183	2853	0.6215
3bb6dd39-dd32-4fc2-bf84-38ffa683b75a	1	233390216	233390965	3	2.1296
3bb6dd39-dd32-4fc2-bf84-38ffa683b75a	1	233394786	248930189	11119	0.6313
3bb6dd39-dd32-4fc2-bf84-38ffa683b75a	2	12784	30197964	21291	0.1373
3bb6dd39-dd32-4fc2-bf84-38ffa683b75a	2	30203730	30204444	2	-1.5361
3bb6dd39-dd32-4fc2-bf84-38ffa683b75a	2	30209249	35750907	3724	0.1269
3bb6dd39-dd32-4fc2-bf84-38ffa683b75a	2	35752724	35762881	7	-1.2258
3bb6dd39-dd32-4fc2-bf84-38ffa683b75a	2	35772407	38920016	2403	0.1078
3bb6dd39-dd32-4fc2-bf84-38ffa683b75a	2	38925713	39336098	224	0.5157
3bb6dd39-dd32-4fc2-bf84-38ffa683b75a	2	39337700	40105711	527	0.1282
3bb6dd39-dd32-4fc2-bf84-38ffa683b75a	2	40108270	40109500	4	-1.298
3bb6dd39-dd32-4fc2-bf84-38ffa683b75a	2	40110927	52527330	8972	0.108
3bb6dd39-dd32-4fc2-bf84-38ffa683b75a	2	52527342	52554404	39	-2.5215
3bb6dd39-dd32-4fc2-bf84-38ffa683b75a	2	52560811	53365055	676	0.102
3bb6dd39-dd32-4fc2-bf84-38ffa683b75a	2	53365108	53367095	3	-1.1221
3bb6dd39-dd32-4fc2-bf84-38ffa683b75a	2	53367478	64272495	6789	0.117
3bb6dd39-dd32-4fc2-bf84-38ffa683b75a	2	64274541	64274630	2	-1.5299
3bb6dd39-dd32-4fc2-bf84-38ffa683b75a	2	64280608	88833611	15130	0.1344
3bb6dd39-dd32-4fc2-bf84-38ffa683b75a	2	88834118	90091507	252	0.3541
3bb6dd39-dd32-4fc2-bf84-38ffa683b75a	2	90095978	96178352	576	0.1836
3bb6dd39-dd32-4fc2-bf84-38ffa683b75a	2	96181947	96182174	2	-1.4606
3bb6dd39-dd32-4fc2-bf84-38ffa683b75a	2	96184662	105772455	5589	0.1373
3bb6dd39-dd32-4fc2-bf84-38ffa683b75a	2	105772504	105774881	5	-1.3143
3bb6dd39-dd32-4fc2-bf84-38ffa683b75a	2	105775456	106258266	411	0.115
3bb6dd39-dd32-4fc2-bf84-38ffa683b75a	2	106263639	106268901	12	0.8768
3bb6dd39-dd32-4fc2-bf84-38ffa683b75a	2	106270799	126774253	12135	0.1292
3bb6dd39-dd32-4fc2-bf84-38ffa683b75a	2	126775411	126819219	29	-0.6456
3bb6dd39-dd32-4fc2-bf84-38ffa683b75a	2	126819299	126820312	3	-1.7593
3bb6dd39-dd32-4fc2-bf84-38ffa683b75a	2	126820508	126926279	86	-0.5449
3bb6dd39-dd32-4fc2-bf84-38ffa683b75a	2	126928355	134322009	4278	0.1325
3bb6dd39-dd32-4fc2-bf84-38ffa683b75a	2	134322568	134322687	2	-1.6204
3bb6dd39-dd32-4fc2-bf84-38ffa683b75a	2	134324791	142758215	5372	0.112
3bb6dd39-dd32-4fc2-bf84-38ffa683b75a	2	142761110	150736194	4550	0.054
3bb6dd39-dd32-4fc2-bf84-38ffa683b75a	2	150739957	169725080	11668	0.102
3bb6dd39-dd32-4fc2-bf84-38ffa683b75a	2	169725507	170586272	605	0.2519
3bb6dd39-dd32-4fc2-bf84-38ffa683b75a	2	170586968	175788762	3223	0.1287
3bb6dd39-dd32-4fc2-bf84-38ffa683b75a	2	175791386	175791913	2	-1.2648
3bb6dd39-dd32-4fc2-bf84-38ffa683b75a	2	175792418	184075229	5278	0.1269
3bb6dd39-dd32-4fc2-bf84-38ffa683b75a	2	184083928	184100127	10	-0.5236
3bb6dd39-dd32-4fc2-bf84-38ffa683b75a	2	184106842	184235808	84	0.0756
3bb6dd39-dd32-4fc2-bf84-38ffa683b75a	2	184239951	184256051	20	-0.5303
3bb6dd39-dd32-4fc2-bf84-38ffa683b75a	2	184260262	192775750	4899	0.1328
3bb6dd39-dd32-4fc2-bf84-38ffa683b75a	2	192777812	192787462	5	1.1665
3bb6dd39-dd32-4fc2-bf84-38ffa683b75a	2	192792142	194576294	864	0.1488
3bb6dd39-dd32-4fc2-bf84-38ffa683b75a	2	194583464	203035077	4813	0.4936
3bb6dd39-dd32-4fc2-bf84-38ffa683b75a	2	203035352	203037323	2	-2.5675
3bb6dd39-dd32-4fc2-bf84-38ffa683b75a	2	203039417	203546678	221	0.5296
3bb6dd39-dd32-4fc2-bf84-38ffa683b75a	2	203555974	203614371	49	0.875
3bb6dd39-dd32-4fc2-bf84-38ffa683b75a	2	203616619	204479729	573	0.4856
3bb6dd39-dd32-4fc2-bf84-38ffa683b75a	2	204479949	204479964	3	-0.7561
3bb6dd39-dd32-4fc2-bf84-38ffa683b75a	2	204479970	205450967	739	0.4928
3bb6dd39-dd32-4fc2-bf84-38ffa683b75a	2	205451611	205452484	2	1.7792
3bb6dd39-dd32-4fc2-bf84-38ffa683b75a	2	205453869	207490231	1305	0.4875
3bb6dd39-dd32-4fc2-bf84-38ffa683b75a	2	207490454	207494752	17	-0.2417
3bb6dd39-dd32-4fc2-bf84-38ffa683b75a	2	207494795	209588700	1307	0.5095
3bb6dd39-dd32-4fc2-bf84-38ffa683b75a	2	209594727	212325396	1744	0.1252
3bb6dd39-dd32-4fc2-bf84-38ffa683b75a	2	212325488	212338687	33	0.4787
3bb6dd39-dd32-4fc2-bf84-38ffa683b75a	2	212340231	227775726	10077	0.1274
3bb6dd39-dd32-4fc2-bf84-38ffa683b75a	2	227782537	227790216	12	-1.1224
3bb6dd39-dd32-4fc2-bf84-38ffa683b75a	2	227791351	230320162	1649	0.1131
3bb6dd39-dd32-4fc2-bf84-38ffa683b75a	2	230322201	230322664	2	-2.1383
3bb6dd39-dd32-4fc2-bf84-38ffa683b75a	2	230323107	242147305	7257	0.1466
3bb6dd39-dd32-4fc2-bf84-38ffa683b75a	3	20930	10025497	8530	0.1002
3bb6dd39-dd32-4fc2-bf84-38ffa683b75a	3	10028991	10088294	23	-0.6206
3bb6dd39-dd32-4fc2-bf84-38ffa683b75a	3	10089084	15305786	3764	0.1162
3bb6dd39-dd32-4fc2-bf84-38ffa683b75a	3	15307618	15355996	43	0.5672
3bb6dd39-dd32-4fc2-bf84-38ffa683b75a	3	15359781	37671595	15102	0.0996
3bb6dd39-dd32-4fc2-bf84-38ffa683b75a	3	37671646	45019558	4517	0.1321
3bb6dd39-dd32-4fc2-bf84-38ffa683b75a	3	45020603	45050478	21	-0.5381
3bb6dd39-dd32-4fc2-bf84-38ffa683b75a	3	45050923	52988877	3728	0.16
3bb6dd39-dd32-4fc2-bf84-38ffa683b75a	3	52988908	53000164	22	0.5547
3bb6dd39-dd32-4fc2-bf84-38ffa683b75a	3	53000210	59304511	4159	0.1424
3bb6dd39-dd32-4fc2-bf84-38ffa683b75a	3	59304512	60823185	1679	0.0756
3bb6dd39-dd32-4fc2-bf84-38ffa683b75a	3	60826913	65221229	3783	0.1483
3bb6dd39-dd32-4fc2-bf84-38ffa683b75a	3	65221269	65222038	4	-1.1169
3bb6dd39-dd32-4fc2-bf84-38ffa683b75a	3	65222055	68697013	2429	0.1465
3bb6dd39-dd32-4fc2-bf84-38ffa683b75a	3	68697108	68698262	14	1.3603
3bb6dd39-dd32-4fc2-bf84-38ffa683b75a	3	68699607	75519398	4930	0.1499
3bb6dd39-dd32-4fc2-bf84-38ffa683b75a	3	75523398	75547095	8	1.0022
3bb6dd39-dd32-4fc2-bf84-38ffa683b75a	3	75559488	81545929	3398	0.1436
3bb6dd39-dd32-4fc2-bf84-38ffa683b75a	3	81546941	81548156	3	-1.5535
3bb6dd39-dd32-4fc2-bf84-38ffa683b75a	3	81551646	81562384	9	0.1356
3bb6dd39-dd32-4fc2-bf84-38ffa683b75a	3	81562686	81601629	20	-0.8136
3bb6dd39-dd32-4fc2-bf84-38ffa683b75a	3	81605229	87783201	3322	0.1335
3bb6dd39-dd32-4fc2-bf84-38ffa683b75a	3	87784025	87805127	10	-0.5379
3bb6dd39-dd32-4fc2-bf84-38ffa683b75a	3	87805891	89335416	925	0.1365
3bb6dd39-dd32-4fc2-bf84-38ffa683b75a	3	89336737	89376973	67	0.4198
3bb6dd39-dd32-4fc2-bf84-38ffa683b75a	3	89377043	99218940	3223	0.1444
3bb6dd39-dd32-4fc2-bf84-38ffa683b75a	3	99225614	99230577	38	0.5548
3bb6dd39-dd32-4fc2-bf84-38ffa683b75a	3	99232120	126322108	16629	0.1385
3bb6dd39-dd32-4fc2-bf84-38ffa683b75a	3	126323312	126353135	21	-0.5659
3bb6dd39-dd32-4fc2-bf84-38ffa683b75a	3	126354031	130047743	2065	0.1662
3bb6dd39-dd32-4fc2-bf84-38ffa683b75a	3	130057015	130087209	35	0.5817
3bb6dd39-dd32-4fc2-bf84-38ffa683b75a	3	130087393	140532704	6519	0.1528
3bb6dd39-dd32-4fc2-bf84-38ffa683b75a	3	140533423	152468919	7481	-0.6411
3bb6dd39-dd32-4fc2-bf84-38ffa683b75a	3	152472160	152472532	2	-3.16
3bb6dd39-dd32-4fc2-bf84-38ffa683b75a	3	152472795	152629305	102	-0.6186
3bb6dd39-dd32-4fc2-bf84-38ffa683b75a	3	152629338	152635530	39	-0.1308
3bb6dd39-dd32-4fc2-bf84-38ffa683b75a	3	152635554	153401124	445	-0.6172
3bb6dd39-dd32-4fc2-bf84-38ffa683b75a	3	153411706	161714818	4950	0.1428
3bb6dd39-dd32-4fc2-bf84-38ffa683b75a	3	161715517	162404983	458	0.636
3bb6dd39-dd32-4fc2-bf84-38ffa683b75a	3	162405578	162424917	15	1.1169
3bb6dd39-dd32-4fc2-bf84-38ffa683b75a	3	162426460	162790480	257	0.6057
3bb6dd39-dd32-4fc2-bf84-38ffa683b75a	3	162794869	162908815	72	0.1186
3bb6dd39-dd32-4fc2-bf84-38ffa683b75a	3	162910826	166551514	2103	0.6541
3bb6dd39-dd32-4fc2-bf84-38ffa683b75a	3	166554398	175358731	5548	0.6103
3bb6dd39-dd32-4fc2-bf84-38ffa683b75a	3	175358750	175940031	381	0.7011
3bb6dd39-dd32-4fc2-bf84-38ffa683b75a	3	175946031	175965825	19	0.2797
3bb6dd39-dd32-4fc2-bf84-38ffa683b75a	3	175966471	176187838	123	0.6493
3bb6dd39-dd32-4fc2-bf84-38ffa683b75a	3	176189166	176202832	23	1.069
3bb6dd39-dd32-4fc2-bf84-38ffa683b75a	3	176202972	193160113	10980	0.6116
3bb6dd39-dd32-4fc2-bf84-38ffa683b75a	3	193160173	193165114	19	-1.0517
3bb6dd39-dd32-4fc2-bf84-38ffa683b75a	3	193168646	195462268	1461	0.6462
3bb6dd39-dd32-4fc2-bf84-38ffa683b75a	3	195462518	195801355	87	0.9792
3bb6dd39-dd32-4fc2-bf84-38ffa683b75a	3	195801500	198169247	1146	0.6447
3bb6dd39-dd32-4fc2-bf84-38ffa683b75a	4	68929	3138444	1213	-0.5113
3bb6dd39-dd32-4fc2-bf84-38ffa683b75a	4	3146549	3154617	9	-2.0621
3bb6dd39-dd32-4fc2-bf84-38ffa683b75a	4	3158061	3229011	38	-0.6183
3bb6dd39-dd32-4fc2-bf84-38ffa683b75a	4	3231962	10208766	4431	-0.4641
3bb6dd39-dd32-4fc2-bf84-38ffa683b75a	4	10212536	10233542	34	-1.1701
3bb6dd39-dd32-4fc2-bf84-38ffa683b75a	4	10233558	10385349	171	-0.5444
3bb6dd39-dd32-4fc2-bf84-38ffa683b75a	4	10388498	10401094	19	0.0361
3bb6dd39-dd32-4fc2-bf84-38ffa683b75a	4	10401122	12120122	1450	-0.5404
3bb6dd39-dd32-4fc2-bf84-38ffa683b75a	4	12122480	12125242	5	-2.6806
3bb6dd39-dd32-4fc2-bf84-38ffa683b75a	4	12127202	18779514	4884	-0.5492
3bb6dd39-dd32-4fc2-bf84-38ffa683b75a	4	18780693	18788753	11	-1.3222
3bb6dd39-dd32-4fc2-bf84-38ffa683b75a	4	18791803	20543133	1039	-0.5438
3bb6dd39-dd32-4fc2-bf84-38ffa683b75a	4	20544433	20566943	49	-0.2047
3bb6dd39-dd32-4fc2-bf84-38ffa683b75a	4	20567066	21169924	396	-0.541
3bb6dd39-dd32-4fc2-bf84-38ffa683b75a	4	21170518	21170561	2	-3.3536
3bb6dd39-dd32-4fc2-bf84-38ffa683b75a	4	21170842	27750839	4609	-0.5397
3bb6dd39-dd32-4fc2-bf84-38ffa683b75a	4	27751697	27759451	4	-2.0723
3bb6dd39-dd32-4fc2-bf84-38ffa683b75a	4	27759781	32950833	3291	-0.552
3bb6dd39-dd32-4fc2-bf84-38ffa683b75a	4	32951378	32960408	4	-1.9515
3bb6dd39-dd32-4fc2-bf84-38ffa683b75a	4	32962842	34676796	967	-0.5436
3bb6dd39-dd32-4fc2-bf84-38ffa683b75a	4	34683428	34685549	4	1.1396
3bb6dd39-dd32-4fc2-bf84-38ffa683b75a	4	34698272	34777340	56	-0.5538
3bb6dd39-dd32-4fc2-bf84-38ffa683b75a	4	34777353	34801128	24	0.0868
3bb6dd39-dd32-4fc2-bf84-38ffa683b75a	4	34802444	34816858	13	0.5316
3bb6dd39-dd32-4fc2-bf84-38ffa683b75a	4	34817148	34830196	12	-0.0651
3bb6dd39-dd32-4fc2-bf84-38ffa683b75a	4	34830245	43145497	5516	-0.5425
3bb6dd39-dd32-4fc2-bf84-38ffa683b75a	4	43146144	43148055	4	-2.3284
3bb6dd39-dd32-4fc2-bf84-38ffa683b75a	4	43154418	44067901	533	-0.5691
3bb6dd39-dd32-4fc2-bf84-38ffa683b75a	4	44071664	44079200	3	-2.3169
3bb6dd39-dd32-4fc2-bf84-38ffa683b75a	4	44082840	44735739	369	-0.5788
3bb6dd39-dd32-4fc2-bf84-38ffa683b75a	4	44742970	44743053	2	-4.2718
3bb6dd39-dd32-4fc2-bf84-38ffa683b75a	4	44743327	45003835	197	-0.5042
3bb6dd39-dd32-4fc2-bf84-38ffa683b75a	4	45004175	45004318	3	-2.7422
3bb6dd39-dd32-4fc2-bf84-38ffa683b75a	4	45008952	46139481	627	-0.578
3bb6dd39-dd32-4fc2-bf84-38ffa683b75a	4	46161468	46249273	47	0.7025
3bb6dd39-dd32-4fc2-bf84-38ffa683b75a	4	46250049	48076576	1006	0.1327
3bb6dd39-dd32-4fc2-bf84-38ffa683b75a	4	48078519	48192246	185	0.3249
3bb6dd39-dd32-4fc2-bf84-38ffa683b75a	4	48193683	48456605	199	0.1485
3bb6dd39-dd32-4fc2-bf84-38ffa683b75a	4	48460147	48461030	3	-0.9987
3bb6dd39-dd32-4fc2-bf84-38ffa683b75a	4	48462376	48854330	159	0.1959
3bb6dd39-dd32-4fc2-bf84-38ffa683b75a	4	48860818	49214614	107	0.3393
3bb6dd39-dd32-4fc2-bf84-38ffa683b75a	4	49289175	49289338	2	-1.5641
3bb6dd39-dd32-4fc2-bf84-38ffa683b75a	4	49295203	51878916	60	0.3187
3bb6dd39-dd32-4fc2-bf84-38ffa683b75a	4	51879793	63828222	7527	0.142
3bb6dd39-dd32-4fc2-bf84-38ffa683b75a	4	63831751	63850713	29	0.5916
3bb6dd39-dd32-4fc2-bf84-38ffa683b75a	4	63851308	69265628	3259	0.1459
3bb6dd39-dd32-4fc2-bf84-38ffa683b75a	4	69266404	69343756	38	0.5199
3bb6dd39-dd32-4fc2-bf84-38ffa683b75a	4	69345276	70371704	680	0.144
3bb6dd39-dd32-4fc2-bf84-38ffa683b75a	4	70371886	72174940	973	0.1227
3bb6dd39-dd32-4fc2-bf84-38ffa683b75a	4	72175591	79888241	4989	0.0764
3bb6dd39-dd32-4fc2-bf84-38ffa683b75a	4	79888651	90363792	6487	0.1203
3bb6dd39-dd32-4fc2-bf84-38ffa683b75a	4	90366001	90370365	9	-0.9055
3bb6dd39-dd32-4fc2-bf84-38ffa683b75a	4	90373217	111327515	12305	0.1135
3bb6dd39-dd32-4fc2-bf84-38ffa683b75a	4	111330714	111347052	16	-0.7751
3bb6dd39-dd32-4fc2-bf84-38ffa683b75a	4	111353410	115251455	2522	0.1185
3bb6dd39-dd32-4fc2-bf84-38ffa683b75a	4	115251792	115252079	8	0.9841
3bb6dd39-dd32-4fc2-bf84-38ffa683b75a	4	115252113	121353499	3719	0.123
3bb6dd39-dd32-4fc2-bf84-38ffa683b75a	4	121360818	121363980	29	-0.468
3bb6dd39-dd32-4fc2-bf84-38ffa683b75a	4	121369976	128030881	3790	0.1216
3bb6dd39-dd32-4fc2-bf84-38ffa683b75a	4	128033300	128044310	8	-0.6474
3bb6dd39-dd32-4fc2-bf84-38ffa683b75a	4	128050285	128069287	6	0.0823
3bb6dd39-dd32-4fc2-bf84-38ffa683b75a	4	128069319	129141596	548	0.1548
3bb6dd39-dd32-4fc2-bf84-38ffa683b75a	4	129146391	129147005	2	-1.3733
3bb6dd39-dd32-4fc2-bf84-38ffa683b75a	4	129151408	130741753	1059	0.1281
3bb6dd39-dd32-4fc2-bf84-38ffa683b75a	4	130742093	130746659	2	1.8894
3bb6dd39-dd32-4fc2-bf84-38ffa683b75a	4	130751405	131094264	189	0.1364
3bb6dd39-dd32-4fc2-bf84-38ffa683b75a	4	131097475	131409222	160	0.294
3bb6dd39-dd32-4fc2-bf84-38ffa683b75a	4	131409592	154881396	13916	0.1309
3bb6dd39-dd32-4fc2-bf84-38ffa683b75a	4	154881853	154881926	3	-2.5717
3bb6dd39-dd32-4fc2-bf84-38ffa683b75a	4	154882047	160952788	3919	0.1381
3bb6dd39-dd32-4fc2-bf84-38ffa683b75a	4	160952848	160964197	35	0.4707
3bb6dd39-dd32-4fc2-bf84-38ffa683b75a	4	160966393	163361933	1563	0.1367
3bb6dd39-dd32-4fc2-bf84-38ffa683b75a	4	163365512	163367872	4	-0.9627
3bb6dd39-dd32-4fc2-bf84-38ffa683b75a	4	163369672	167869996	2765	0.1297
3bb6dd39-dd32-4fc2-bf84-38ffa683b75a	4	167870858	168071290	173	0.3125
3bb6dd39-dd32-4fc2-bf84-38ffa683b75a	4	168072733	169922993	1178	0.1186
3bb6dd39-dd32-4fc2-bf84-38ffa683b75a	4	169923329	169925890	4	-1.4507
3bb6dd39-dd32-4fc2-bf84-38ffa683b75a	4	169926381	172501371	1621	0.1333
3bb6dd39-dd32-4fc2-bf84-38ffa683b75a	4	172503796	172507492	7	1.3518
3bb6dd39-dd32-4fc2-bf84-38ffa683b75a	4	172519981	178606348	3766	0.1349
3bb6dd39-dd32-4fc2-bf84-38ffa683b75a	4	178615158	178615856	5	-0.7866
3bb6dd39-dd32-4fc2-bf84-38ffa683b75a	4	178618258	179452716	586	0.1668
3bb6dd39-dd32-4fc2-bf84-38ffa683b75a	4	179457942	179481438	12	-0.7711
3bb6dd39-dd32-4fc2-bf84-38ffa683b75a	4	179490071	187048187	5566	0.1443
3bb6dd39-dd32-4fc2-bf84-38ffa683b75a	4	187049935	187050156	2	-1.5736
3bb6dd39-dd32-4fc2-bf84-38ffa683b75a	4	187051053	190106768	1914	0.1558
3bb6dd39-dd32-4fc2-bf84-38ffa683b75a	5	15532	733497	322	0.1193
3bb6dd39-dd32-4fc2-bf84-38ffa683b75a	5	741924	833513	31	0.7958
3bb6dd39-dd32-4fc2-bf84-38ffa683b75a	5	852451	2229784	835	0.1782
3bb6dd39-dd32-4fc2-bf84-38ffa683b75a	5	2232829	2233234	2	-2.349
3bb6dd39-dd32-4fc2-bf84-38ffa683b75a	5	2237187	32671761	21454	0.165
3bb6dd39-dd32-4fc2-bf84-38ffa683b75a	5	32678984	45360996	7752	0.1378
3bb6dd39-dd32-4fc2-bf84-38ffa683b75a	5	45364957	50603013	478	0.2586
3bb6dd39-dd32-4fc2-bf84-38ffa683b75a	5	50603263	89968875	23511	0.1327
3bb6dd39-dd32-4fc2-bf84-38ffa683b75a	5	89969390	99300362	5234	0.6288
3bb6dd39-dd32-4fc2-bf84-38ffa683b75a	5	99302180	100737382	823	0.7207
3bb6dd39-dd32-4fc2-bf84-38ffa683b75a	5	100740230	101807574	630	0.6412
3bb6dd39-dd32-4fc2-bf84-38ffa683b75a	5	101808929	101856224	64	0.9084
3bb6dd39-dd32-4fc2-bf84-38ffa683b75a	5	101856265	104515520	1506	0.6506
3bb6dd39-dd32-4fc2-bf84-38ffa683b75a	5	104524672	104525348	5	2.2313
3bb6dd39-dd32-4fc2-bf84-38ffa683b75a	5	104525471	110056801	3552	0.6456
3bb6dd39-dd32-4fc2-bf84-38ffa683b75a	5	110056911	110056964	2	-0.9547
3bb6dd39-dd32-4fc2-bf84-38ffa683b75a	5	110057458	126957746	11673	0.6286
3bb6dd39-dd32-4fc2-bf84-38ffa683b75a	5	126962580	155339054	17674	0.1704
3bb6dd39-dd32-4fc2-bf84-38ffa683b75a	5	155340302	155494332	137	0.2521
3bb6dd39-dd32-4fc2-bf84-38ffa683b75a	5	155494366	155494669	2	-1.0166
3bb6dd39-dd32-4fc2-bf84-38ffa683b75a	5	155495093	156049762	417	0.2511
3bb6dd39-dd32-4fc2-bf84-38ffa683b75a	5	156049910	156075169	18	0.8569
3bb6dd39-dd32-4fc2-bf84-38ffa683b75a	5	156077395	162778909	4514	0.248
3bb6dd39-dd32-4fc2-bf84-38ffa683b75a	5	162778952	167374854	3015	0.2191
3bb6dd39-dd32-4fc2-bf84-38ffa683b75a	5	167374878	174503035	5467	0.2667
3bb6dd39-dd32-4fc2-bf84-38ffa683b75a	5	174504148	174533007	29	-0.557
3bb6dd39-dd32-4fc2-bf84-38ffa683b75a	5	174535296	175166581	456	0.2778
3bb6dd39-dd32-4fc2-bf84-38ffa683b75a	5	175167580	180947523	3124	0.6865
3bb6dd39-dd32-4fc2-bf84-38ffa683b75a	5	180951710	180991103	19	1.2709
3bb6dd39-dd32-4fc2-bf84-38ffa683b75a	5	181006225	181363319	170	0.6319
3bb6dd39-dd32-4fc2-bf84-38ffa683b75a	6	149661	6479929	5295	0.1546
3bb6dd39-dd32-4fc2-bf84-38ffa683b75a	6	6484827	6560730	69	-0.372
3bb6dd39-dd32-4fc2-bf84-38ffa683b75a	6	6565479	8184772	1303	0.1717
3bb6dd39-dd32-4fc2-bf84-38ffa683b75a	6	8187638	18787798	7896	0.6119
3bb6dd39-dd32-4fc2-bf84-38ffa683b75a	6	18788547	18789733	3	-0.4764
3bb6dd39-dd32-4fc2-bf84-38ffa683b75a	6	18791200	19039888	213	0.6282
3bb6dd39-dd32-4fc2-bf84-38ffa683b75a	6	19041950	19042587	3	-0.7184
3bb6dd39-dd32-4fc2-bf84-38ffa683b75a	6	19044471	25642942	4796	0.6113
3bb6dd39-dd32-4fc2-bf84-38ffa683b75a	6	25643394	25670597	15	0.094
3bb6dd39-dd32-4fc2-bf84-38ffa683b75a	6	25670718	26743855	649	0.5702
3bb6dd39-dd32-4fc2-bf84-38ffa683b75a	6	26747492	26831866	7	1.5282
3bb6dd39-dd32-4fc2-bf84-38ffa683b75a	6	26845304	27701057	377	0.591
3bb6dd39-dd32-4fc2-bf84-38ffa683b75a	6	27701157	29869411	1039	0.1348
3bb6dd39-dd32-4fc2-bf84-38ffa683b75a	6	29869537	29869681	2	-2.2011
3bb6dd39-dd32-4fc2-bf84-38ffa683b75a	6	29869700	29881490	12	-0.4958
3bb6dd39-dd32-4fc2-bf84-38ffa683b75a	6	29882419	31318528	665	0.1512
3bb6dd39-dd32-4fc2-bf84-38ffa683b75a	6	31318754	31327629	5	2.9662
3bb6dd39-dd32-4fc2-bf84-38ffa683b75a	6	31328176	32540699	520	0.0819
3bb6dd39-dd32-4fc2-bf84-38ffa683b75a	6	32541506	32614112	25	0.4783
3bb6dd39-dd32-4fc2-bf84-38ffa683b75a	6	32614426	32634330	9	-0.907
3bb6dd39-dd32-4fc2-bf84-38ffa683b75a	6	32634492	32690533	19	0.2937
3bb6dd39-dd32-4fc2-bf84-38ffa683b75a	6	32695787	32888431	161	-0.0213
3bb6dd39-dd32-4fc2-bf84-38ffa683b75a	6	32892975	35441182	1409	0.1859
3bb6dd39-dd32-4fc2-bf84-38ffa683b75a	6	35443833	35466496	16	0.7774
3bb6dd39-dd32-4fc2-bf84-38ffa683b75a	6	35466853	35785015	161	0.2077
3bb6dd39-dd32-4fc2-bf84-38ffa683b75a	6	35789073	35789522	4	1.3593
3bb6dd39-dd32-4fc2-bf84-38ffa683b75a	6	35801944	52744866	10950	0.1607
3bb6dd39-dd32-4fc2-bf84-38ffa683b75a	6	52745832	52759800	15	0.5111
3bb6dd39-dd32-4fc2-bf84-38ffa683b75a	6	52760252	52761774	4	-0.3638
3bb6dd39-dd32-4fc2-bf84-38ffa683b75a	6	52762019	52808145	42	0.4526
3bb6dd39-dd32-4fc2-bf84-38ffa683b75a	6	52813270	57434226	2938	0.1542
3bb6dd39-dd32-4fc2-bf84-38ffa683b75a	6	57434511	61607255	620	0.2725
3bb6dd39-dd32-4fc2-bf84-38ffa683b75a	6	61611031	73882142	7773	0.1509
3bb6dd39-dd32-4fc2-bf84-38ffa683b75a	6	73882509	73891694	10	1.1888
3bb6dd39-dd32-4fc2-bf84-38ffa683b75a	6	73893839	80575042	4317	0.1369
3bb6dd39-dd32-4fc2-bf84-38ffa683b75a	6	80575241	80579817	27	-0.8394
3bb6dd39-dd32-4fc2-bf84-38ffa683b75a	6	80584624	92361318	7429	0.1436
3bb6dd39-dd32-4fc2-bf84-38ffa683b75a	6	92361421	103286299	6571	-0.6419
3bb6dd39-dd32-4fc2-bf84-38ffa683b75a	6	103286770	103314186	51	0.3331
3bb6dd39-dd32-4fc2-bf84-38ffa683b75a	6	103317795	106251083	1858	-0.6457
3bb6dd39-dd32-4fc2-bf84-38ffa683b75a	6	106252553	106349611	71	-2.8189
3bb6dd39-dd32-4fc2-bf84-38ffa683b75a	6	106350487	133722695	17000	-0.6383
3bb6dd39-dd32-4fc2-bf84-38ffa683b75a	6	133725264	134954347	837	-0.7354
3bb6dd39-dd32-4fc2-bf84-38ffa683b75a	6	134954927	170741917	24363	-0.639
3bb6dd39-dd32-4fc2-bf84-38ffa683b75a	7	43355	64201	24	-0.5527
3bb6dd39-dd32-4fc2-bf84-38ffa683b75a	7	65254	664936	108	-0.9644
3bb6dd39-dd32-4fc2-bf84-38ffa683b75a	7	665647	7162041	3477	-0.5913
3bb6dd39-dd32-4fc2-bf84-38ffa683b75a	7	7164390	13547787	5235	0.1489
3bb6dd39-dd32-4fc2-bf84-38ffa683b75a	7	13550519	13552049	9	-0.6386
3bb6dd39-dd32-4fc2-bf84-38ffa683b75a	7	13558316	18936519	4337	0.142
3bb6dd39-dd32-4fc2-bf84-38ffa683b75a	7	18937424	18939571	6	-0.7463
3bb6dd39-dd32-4fc2-bf84-38ffa683b75a	7	18939743	18953626	14	0.1105
3bb6dd39-dd32-4fc2-bf84-38ffa683b75a	7	18953761	19293976	462	0.2622
3bb6dd39-dd32-4fc2-bf84-38ffa683b75a	7	19294367	39037797	14353	0.1426
3bb6dd39-dd32-4fc2-bf84-38ffa683b75a	7	39037805	39039873	2	-1.5024
3bb6dd39-dd32-4fc2-bf84-38ffa683b75a	7	39040000	45722239	4145	0.1386
3bb6dd39-dd32-4fc2-bf84-38ffa683b75a	7	45724155	45724696	3	-1.619
3bb6dd39-dd32-4fc2-bf84-38ffa683b75a	7	45725693	54305455	6312	0.1528
3bb6dd39-dd32-4fc2-bf84-38ffa683b75a	7	54318812	54318824	6	2.8921
3bb6dd39-dd32-4fc2-bf84-38ffa683b75a	7	54325795	56997653	1616	0.1618
3bb6dd39-dd32-4fc2-bf84-38ffa683b75a	7	56999885	57086717	9	0.9685
3bb6dd39-dd32-4fc2-bf84-38ffa683b75a	7	57088013	57915018	409	0.2046
3bb6dd39-dd32-4fc2-bf84-38ffa683b75a	7	57926885	63018135	175	0.4043
3bb6dd39-dd32-4fc2-bf84-38ffa683b75a	7	63022625	74394002	5504	0.175
3bb6dd39-dd32-4fc2-bf84-38ffa683b75a	7	74396000	74441950	16	0.8586
3bb6dd39-dd32-4fc2-bf84-38ffa683b75a	7	74442837	76133566	415	0.1742
3bb6dd39-dd32-4fc2-bf84-38ffa683b75a	7	76140943	76912763	283	0.2911
3bb6dd39-dd32-4fc2-bf84-38ffa683b75a	7	76920041	97756658	13404	0.1436
3bb6dd39-dd32-4fc2-bf84-38ffa683b75a	7	97766148	97773163	16	-0.6005
3bb6dd39-dd32-4fc2-bf84-38ffa683b75a	7	97774928	100731621	1283	0.188
3bb6dd39-dd32-4fc2-bf84-38ffa683b75a	7	100731642	100735219	2	-1.4716
3bb6dd39-dd32-4fc2-bf84-38ffa683b75a	7	100753382	105957499	2832	0.1729
3bb6dd39-dd32-4fc2-bf84-38ffa683b75a	7	105960122	105966537	10	-0.5125
3bb6dd39-dd32-4fc2-bf84-38ffa683b75a	7	105970588	109793741	2477	0.1473
3bb6dd39-dd32-4fc2-bf84-38ffa683b75a	7	109797035	109800864	21	0.8273
3bb6dd39-dd32-4fc2-bf84-38ffa683b75a	7	109800865	109801155	3	-0.2145
3bb6dd39-dd32-4fc2-bf84-38ffa683b75a	7	109801187	109814172	13	0.6584
3bb6dd39-dd32-4fc2-bf84-38ffa683b75a	7	109814214	111142940	883	0.1432
3bb6dd39-dd32-4fc2-bf84-38ffa683b75a	7	111147727	111506135	246	0.28
3bb6dd39-dd32-4fc2-bf84-38ffa683b75a	7	111507495	118908619	4433	0.1408
3bb6dd39-dd32-4fc2-bf84-38ffa683b75a	7	118910178	121400534	1372	0.2808
3bb6dd39-dd32-4fc2-bf84-38ffa683b75a	7	121403460	124432159	1855	-0.6355
3bb6dd39-dd32-4fc2-bf84-38ffa683b75a	7	124439166	127999361	2328	0.2752
3bb6dd39-dd32-4fc2-bf84-38ffa683b75a	7	127999491	138381353	6575	0.6164
3bb6dd39-dd32-4fc2-bf84-38ffa683b75a	7	138382899	142310376	2471	0.3003
3bb6dd39-dd32-4fc2-bf84-38ffa683b75a	7	142312468	142314620	2	-1.1238
3bb6dd39-dd32-4fc2-bf84-38ffa683b75a	7	142316534	143519759	733	0.2778
3bb6dd39-dd32-4fc2-bf84-38ffa683b75a	7	143520153	143846758	32	0.7262
3bb6dd39-dd32-4fc2-bf84-38ffa683b75a	7	143846772	144012163	122	0.2366
3bb6dd39-dd32-4fc2-bf84-38ffa683b75a	7	144012184	144014058	16	0.6688
3bb6dd39-dd32-4fc2-bf84-38ffa683b75a	7	144014076	144199159	138	0.2555
3bb6dd39-dd32-4fc2-bf84-38ffa683b75a	7	144207186	144255475	4	1.2954
3bb6dd39-dd32-4fc2-bf84-38ffa683b75a	7	144255771	146800935	1521	0.2737
3bb6dd39-dd32-4fc2-bf84-38ffa683b75a	7	146802033	146950465	85	0.1146
3bb6dd39-dd32-4fc2-bf84-38ffa683b75a	7	146955070	146966701	11	-0.6663
3bb6dd39-dd32-4fc2-bf84-38ffa683b75a	7	146971459	150485250	2143	0.1636
3bb6dd39-dd32-4fc2-bf84-38ffa683b75a	7	150487476	159334314	5880	-0.5749
3bb6dd39-dd32-4fc2-bf84-38ffa683b75a	8	81254	212832	6	0.1374
3bb6dd39-dd32-4fc2-bf84-38ffa683b75a	8	213414	2157449	1508	-0.5988
3bb6dd39-dd32-4fc2-bf84-38ffa683b75a	8	2157691	2157903	4	-2.8543
3bb6dd39-dd32-4fc2-bf84-38ffa683b75a	8	2159625	7076236	6170	-0.6455
3bb6dd39-dd32-4fc2-bf84-38ffa683b75a	8	7078298	8214781	101	-0.1193
3bb6dd39-dd32-4fc2-bf84-38ffa683b75a	8	8234503	12037736	3216	-0.6135
3bb6dd39-dd32-4fc2-bf84-38ffa683b75a	8	12092042	12143614	7	0.5772
3bb6dd39-dd32-4fc2-bf84-38ffa683b75a	8	12176798	12374772	6	-0.8441
3bb6dd39-dd32-4fc2-bf84-38ffa683b75a	8	12374907	12376891	7	-2.0801
3bb6dd39-dd32-4fc2-bf84-38ffa683b75a	8	12382326	12385031	11	-0.2386
3bb6dd39-dd32-4fc2-bf84-38ffa683b75a	8	12387683	12389977	7	-1.8294
3bb6dd39-dd32-4fc2-bf84-38ffa683b75a	8	12418301	23544795	9263	-0.6137
3bb6dd39-dd32-4fc2-bf84-38ffa683b75a	8	23550227	23550358	5	-2.9471
3bb6dd39-dd32-4fc2-bf84-38ffa683b75a	8	23550392	25114672	1135	-0.6211
3bb6dd39-dd32-4fc2-bf84-38ffa683b75a	8	25116928	25133893	34	0.0964
3bb6dd39-dd32-4fc2-bf84-38ffa683b75a	8	25134248	28481148	2603	-0.5966
3bb6dd39-dd32-4fc2-bf84-38ffa683b75a	8	28485697	39373140	6406	0.152
3bb6dd39-dd32-4fc2-bf84-38ffa683b75a	8	39378084	39529446	58	-2.3234
3bb6dd39-dd32-4fc2-bf84-38ffa683b75a	8	39530780	43802560	2565	0.1764
3bb6dd39-dd32-4fc2-bf84-38ffa683b75a	8	43807613	46389925	127	0.3669
3bb6dd39-dd32-4fc2-bf84-38ffa683b75a	8	46396053	70474181	14751	0.1397
3bb6dd39-dd32-4fc2-bf84-38ffa683b75a	8	70475410	70527128	28	-0.8017
3bb6dd39-dd32-4fc2-bf84-38ffa683b75a	8	70531781	84353483	8418	0.1312
3bb6dd39-dd32-4fc2-bf84-38ffa683b75a	8	84353518	84358848	24	0.5286
3bb6dd39-dd32-4fc2-bf84-38ffa683b75a	8	84358908	84554196	118	0.1342
3bb6dd39-dd32-4fc2-bf84-38ffa683b75a	8	84556181	89792413	2911	0.5875
3bb6dd39-dd32-4fc2-bf84-38ffa683b75a	8	89792773	89814305	17	0.0735
3bb6dd39-dd32-4fc2-bf84-38ffa683b75a	8	89814895	111279265	13060	0.5806
3bb6dd39-dd32-4fc2-bf84-38ffa683b75a	8	111282050	111283031	10	1.817
3bb6dd39-dd32-4fc2-bf84-38ffa683b75a	8	111288052	114622851	1830	0.5591
3bb6dd39-dd32-4fc2-bf84-38ffa683b75a	8	114622891	114661835	36	0.9466
3bb6dd39-dd32-4fc2-bf84-38ffa683b75a	8	114662435	117596899	1874	0.5386
3bb6dd39-dd32-4fc2-bf84-38ffa683b75a	8	117598458	124215869	4611	0.881
3bb6dd39-dd32-4fc2-bf84-38ffa683b75a	8	124218842	124826504	406	1.1221
3bb6dd39-dd32-4fc2-bf84-38ffa683b75a	8	124828557	124834714	5	0.1654
3bb6dd39-dd32-4fc2-bf84-38ffa683b75a	8	124834940	136029549	8529	1.1339
3bb6dd39-dd32-4fc2-bf84-38ffa683b75a	8	136029699	136942006	693	1.2082
3bb6dd39-dd32-4fc2-bf84-38ffa683b75a	8	136942338	138412744	1242	1.115
3bb6dd39-dd32-4fc2-bf84-38ffa683b75a	8	138412868	144376985	3408	1.1771
3bb6dd39-dd32-4fc2-bf84-38ffa683b75a	8	144377043	144458447	33	1.7144
3bb6dd39-dd32-4fc2-bf84-38ffa683b75a	8	144461735	145072769	262	1.1572
3bb6dd39-dd32-4fc2-bf84-38ffa683b75a	9	46587	910379	888	0.5646
3bb6dd39-dd32-4fc2-bf84-38ffa683b75a	9	910802	3553519	2721	0.1451
3bb6dd39-dd32-4fc2-bf84-38ffa683b75a	9	3561910	3655765	62	-0.6027
3bb6dd39-dd32-4fc2-bf84-38ffa683b75a	9	3658795	3759975	88	0.032
3bb6dd39-dd32-4fc2-bf84-38ffa683b75a	9	3762150	3805087	37	0.6238
3bb6dd39-dd32-4fc2-bf84-38ffa683b75a	9	3805767	26037839	18565	0.151
3bb6dd39-dd32-4fc2-bf84-38ffa683b75a	9	26037976	26051858	6	-0.4627
3bb6dd39-dd32-4fc2-bf84-38ffa683b75a	9	26052109	26122710	55	0.056
3bb6dd39-dd32-4fc2-bf84-38ffa683b75a	9	26124995	26125288	3	-1.2217
3bb6dd39-dd32-4fc2-bf84-38ffa683b75a	9	26127937	28055902	1563	0.0819
3bb6dd39-dd32-4fc2-bf84-38ffa683b75a	9	28058582	42179276	7324	0.1622
3bb6dd39-dd32-4fc2-bf84-38ffa683b75a	9	42202227	61574022	92	0.4364
3bb6dd39-dd32-4fc2-bf84-38ffa683b75a	9	61580999	63580418	48	0.2124
3bb6dd39-dd32-4fc2-bf84-38ffa683b75a	9	63590317	63592813	7	2.2701
3bb6dd39-dd32-4fc2-bf84-38ffa683b75a	9	63614182	67915741	121	0.3706
3bb6dd39-dd32-4fc2-bf84-38ffa683b75a	9	68318441	68335112	4	-0.7381
3bb6dd39-dd32-4fc2-bf84-38ffa683b75a	9	68351648	76895445	6290	0.1665
3bb6dd39-dd32-4fc2-bf84-38ffa683b75a	9	76895675	76951973	36	0.6937
3bb6dd39-dd32-4fc2-bf84-38ffa683b75a	9	76952080	84384786	5261	0.1698
3bb6dd39-dd32-4fc2-bf84-38ffa683b75a	9	84385368	84386912	3	-0.9097
3bb6dd39-dd32-4fc2-bf84-38ffa683b75a	9	84387897	87907679	2627	0.1671
3bb6dd39-dd32-4fc2-bf84-38ffa683b75a	9	87939236	87939304	2	1.7297
3bb6dd39-dd32-4fc2-bf84-38ffa683b75a	9	87943042	88155209	114	0.2271
3bb6dd39-dd32-4fc2-bf84-38ffa683b75a	9	88155532	115791976	19630	-0.5982
3bb6dd39-dd32-4fc2-bf84-38ffa683b75a	9	115796696	115838704	33	-4.3594
3bb6dd39-dd32-4fc2-bf84-38ffa683b75a	9	115846685	125974555	7152	-0.5825
3bb6dd39-dd32-4fc2-bf84-38ffa683b75a	9	125975635	138109449	6680	-0.5158
3bb6dd39-dd32-4fc2-bf84-38ffa683b75a	9	138109474	138200944	59	-0.1185
3bb6dd39-dd32-4fc2-bf84-38ffa683b75a	10	45792	3024072	2466	0.1927
3bb6dd39-dd32-4fc2-bf84-38ffa683b75a	10	3025935	3027163	6	-0.6889
3bb6dd39-dd32-4fc2-bf84-38ffa683b75a	10	3029355	4248622	1107	0.177
3bb6dd39-dd32-4fc2-bf84-38ffa683b75a	10	4248646	4248732	2	2.0152
3bb6dd39-dd32-4fc2-bf84-38ffa683b75a	10	4248824	5633430	1217	0.1506
3bb6dd39-dd32-4fc2-bf84-38ffa683b75a	10	5638879	5674592	22	-0.3059
3bb6dd39-dd32-4fc2-bf84-38ffa683b75a	10	5674895	6748182	988	0.1752
3bb6dd39-dd32-4fc2-bf84-38ffa683b75a	10	6748814	6749230	3	-0.9347
3bb6dd39-dd32-4fc2-bf84-38ffa683b75a	10	6750469	11391997	3978	0.1539
3bb6dd39-dd32-4fc2-bf84-38ffa683b75a	10	11393207	13699884	1733	0.5211
3bb6dd39-dd32-4fc2-bf84-38ffa683b75a	10	13701517	17387607	3071	0.1526
3bb6dd39-dd32-4fc2-bf84-38ffa683b75a	10	17388119	24086334	4611	-0.3887
3bb6dd39-dd32-4fc2-bf84-38ffa683b75a	10	24088745	24089979	12	0.5956
3bb6dd39-dd32-4fc2-bf84-38ffa683b75a	10	24090022	29136112	3550	-0.3853
3bb6dd39-dd32-4fc2-bf84-38ffa683b75a	10	29137163	30764353	1347	0.1735
3bb6dd39-dd32-4fc2-bf84-38ffa683b75a	10	30764799	30962753	125	-0.4033
3bb6dd39-dd32-4fc2-bf84-38ffa683b75a	10	30962785	30962850	4	0.6857
3bb6dd39-dd32-4fc2-bf84-38ffa683b75a	10	30962893	31263678	250	-0.3936
3bb6dd39-dd32-4fc2-bf84-38ffa683b75a	10	31269166	31528126	127	0.0693
3bb6dd39-dd32-4fc2-bf84-38ffa683b75a	10	31532263	34833807	2236	-0.3968
3bb6dd39-dd32-4fc2-bf84-38ffa683b75a	10	34834250	34834360	2	-2.5809
3bb6dd39-dd32-4fc2-bf84-38ffa683b75a	10	34834700	35181077	174	-0.3685
3bb6dd39-dd32-4fc2-bf84-38ffa683b75a	10	35184210	46249144	4533	0.1719
3bb6dd39-dd32-4fc2-bf84-38ffa683b75a	10	46250682	46250706	2	-1.5866
3bb6dd39-dd32-4fc2-bf84-38ffa683b75a	10	46251840	46525728	118	0.1122
3bb6dd39-dd32-4fc2-bf84-38ffa683b75a	10	46525759	46525833	5	-1.0798
3bb6dd39-dd32-4fc2-bf84-38ffa683b75a	10	46525848	47559596	336	0.1645
3bb6dd39-dd32-4fc2-bf84-38ffa683b75a	10	47622159	47627616	2	1.4945
3bb6dd39-dd32-4fc2-bf84-38ffa683b75a	10	47680298	49984800	1363	0.1763
3bb6dd39-dd32-4fc2-bf84-38ffa683b75a	10	49991761	50020849	8	0.7958
3bb6dd39-dd32-4fc2-bf84-38ffa683b75a	10	50024831	50062639	19	0.2402
3bb6dd39-dd32-4fc2-bf84-38ffa683b75a	10	50070600	50132160	5	-2.1759
3bb6dd39-dd32-4fc2-bf84-38ffa683b75a	10	50144008	70246871	14197	0.1495
3bb6dd39-dd32-4fc2-bf84-38ffa683b75a	10	70251639	70403543	124	0.6736
3bb6dd39-dd32-4fc2-bf84-38ffa683b75a	10	70406577	133654968	42962	0.1625
3bb6dd39-dd32-4fc2-bf84-38ffa683b75a	11	198510	4946166	2414	-0.5576
3bb6dd39-dd32-4fc2-bf84-38ffa683b75a	11	4946420	4953934	27	0.3479
3bb6dd39-dd32-4fc2-bf84-38ffa683b75a	11	4954445	5766175	789	-0.6214
3bb6dd39-dd32-4fc2-bf84-38ffa683b75a	11	5766850	5787909	32	-1.7832
3bb6dd39-dd32-4fc2-bf84-38ffa683b75a	11	5788108	8302539	1882	-0.6089
3bb6dd39-dd32-4fc2-bf84-38ffa683b75a	11	8302999	8306550	2	-2.9501
3bb6dd39-dd32-4fc2-bf84-38ffa683b75a	11	8307087	18918775	7506	-0.5947
3bb6dd39-dd32-4fc2-bf84-38ffa683b75a	11	18919309	18949201	51	0.1084
3bb6dd39-dd32-4fc2-bf84-38ffa683b75a	11	18949628	19894702	859	-0.5864
3bb6dd39-dd32-4fc2-bf84-38ffa683b75a	11	19895599	21174130	1180	0.1954
3bb6dd39-dd32-4fc2-bf84-38ffa683b75a	11	21174197	21180258	11	0.6662
3bb6dd39-dd32-4fc2-bf84-38ffa683b75a	11	21180446	24420628	2314	0.1471
3bb6dd39-dd32-4fc2-bf84-38ffa683b75a	11	24422703	24428711	6	-1.1645
3bb6dd39-dd32-4fc2-bf84-38ffa683b75a	11	24433630	40955752	11487	0.1753
3bb6dd39-dd32-4fc2-bf84-38ffa683b75a	11	40958899	40961358	8	-0.7004
3bb6dd39-dd32-4fc2-bf84-38ffa683b75a	11	40964546	55609206	5913	0.1877
3bb6dd39-dd32-4fc2-bf84-38ffa683b75a	11	55610402	55674842	33	-0.2756
3bb6dd39-dd32-4fc2-bf84-38ffa683b75a	11	55676735	56516383	574	0.2289
3bb6dd39-dd32-4fc2-bf84-38ffa683b75a	11	56518205	59461615	1743	0.1356
3bb6dd39-dd32-4fc2-bf84-38ffa683b75a	11	59462099	65917141	3234	0.1882
3bb6dd39-dd32-4fc2-bf84-38ffa683b75a	11	65922038	75106002	4471	0.6707
3bb6dd39-dd32-4fc2-bf84-38ffa683b75a	11	75109101	75170020	48	1.0316
3bb6dd39-dd32-4fc2-bf84-38ffa683b75a	11	75170211	88747014	9273	0.6792
3bb6dd39-dd32-4fc2-bf84-38ffa683b75a	11	88747323	94165558	3490	0.1734
3bb6dd39-dd32-4fc2-bf84-38ffa683b75a	11	94169480	94174968	3	1.5429
3bb6dd39-dd32-4fc2-bf84-38ffa683b75a	11	94180963	101723653	5745	0.172
3bb6dd39-dd32-4fc2-bf84-38ffa683b75a	11	101727129	101727233	4	2.6605
3bb6dd39-dd32-4fc2-bf84-38ffa683b75a	11	101727481	117753705	10851	0.1769
3bb6dd39-dd32-4fc2-bf84-38ffa683b75a	11	117758753	117761200	7	-0.7086
3bb6dd39-dd32-4fc2-bf84-38ffa683b75a	11	117764730	132284415	10769	0.2045
3bb6dd39-dd32-4fc2-bf84-38ffa683b75a	11	132287485	135074876	2112	0.6956
3bb6dd39-dd32-4fc2-bf84-38ffa683b75a	12	51460	1913245	1111	0.3238
3bb6dd39-dd32-4fc2-bf84-38ffa683b75a	12	1913335	1923349	9	-0.4652
3bb6dd39-dd32-4fc2-bf84-38ffa683b75a	12	1925020	6860538	3785	0.3491
3bb6dd39-dd32-4fc2-bf84-38ffa683b75a	12	6866342	8406196	699	-0.2967
3bb6dd39-dd32-4fc2-bf84-38ffa683b75a	12	8406217	8432076	15	0.5334
3bb6dd39-dd32-4fc2-bf84-38ffa683b75a	12	8442298	9477960	558	-0.3262
3bb6dd39-dd32-4fc2-bf84-38ffa683b75a	12	9481274	9582374	26	0.7264
3bb6dd39-dd32-4fc2-bf84-38ffa683b75a	12	9583090	16266471	4733	-0.332
3bb6dd39-dd32-4fc2-bf84-38ffa683b75a	12	16268053	16268391	2	-2.3239
3bb6dd39-dd32-4fc2-bf84-38ffa683b75a	12	16275623	19226117	1839	-0.345
3bb6dd39-dd32-4fc2-bf84-38ffa683b75a	12	19226759	19227111	2	-1.9431
3bb6dd39-dd32-4fc2-bf84-38ffa683b75a	12	19227825	23251229	2711	-0.3701
3bb6dd39-dd32-4fc2-bf84-38ffa683b75a	12	23252344	27673672	3286	0.2698
3bb6dd39-dd32-4fc2-bf84-38ffa683b75a	12	27674543	28228580	370	0.6687
3bb6dd39-dd32-4fc2-bf84-38ffa683b75a	12	28229221	31859562	2695	-0.3855
3bb6dd39-dd32-4fc2-bf84-38ffa683b75a	12	31860161	31865190	6	-1.6325
3bb6dd39-dd32-4fc2-bf84-38ffa683b75a	12	31866328	34339654	1672	-0.33
3bb6dd39-dd32-4fc2-bf84-38ffa683b75a	12	34341886	38410726	379	0.2916
3bb6dd39-dd32-4fc2-bf84-38ffa683b75a	12	38413058	45506042	4505	0.1512
3bb6dd39-dd32-4fc2-bf84-38ffa683b75a	12	45510655	45515754	4	1.3933
3bb6dd39-dd32-4fc2-bf84-38ffa683b75a	12	45519509	56471897	6259	0.1614
3bb6dd39-dd32-4fc2-bf84-38ffa683b75a	12	56477223	67497162	6812	-0.6122
3bb6dd39-dd32-4fc2-bf84-38ffa683b75a	12	67498224	67754766	180	0.1218
3bb6dd39-dd32-4fc2-bf84-38ffa683b75a	12	67758523	96126067	18153	-0.6243
3bb6dd39-dd32-4fc2-bf84-38ffa683b75a	12	96127472	96127728	2	-3.044
3bb6dd39-dd32-4fc2-bf84-38ffa683b75a	12	96129215	99401515	2276	-0.6231
3bb6dd39-dd32-4fc2-bf84-38ffa683b75a	12	99401690	99409340	32	0.0168
3bb6dd39-dd32-4fc2-bf84-38ffa683b75a	12	99409355	105258045	3818	-0.6064
3bb6dd39-dd32-4fc2-bf84-38ffa683b75a	12	105258645	125996562	13317	-0.5658
3bb6dd39-dd32-4fc2-bf84-38ffa683b75a	12	125996959	133201603	5550	-0.6116
3bb6dd39-dd32-4fc2-bf84-38ffa683b75a	13	18452809	18631944	20	0.1883
3bb6dd39-dd32-4fc2-bf84-38ffa683b75a	13	18632974	20473719	1057	-0.566
3bb6dd39-dd32-4fc2-bf84-38ffa683b75a	13	20474430	20475875	2	-3.0257
3bb6dd39-dd32-4fc2-bf84-38ffa683b75a	13	20476583	21320808	490	-0.562
3bb6dd39-dd32-4fc2-bf84-38ffa683b75a	13	21321896	21322617	4	0.6443
3bb6dd39-dd32-4fc2-bf84-38ffa683b75a	13	21322704	23055048	1280	-0.6251
3bb6dd39-dd32-4fc2-bf84-38ffa683b75a	13	23055071	23065741	19	0.031
3bb6dd39-dd32-4fc2-bf84-38ffa683b75a	13	23065761	26715785	2692	-0.6011
3bb6dd39-dd32-4fc2-bf84-38ffa683b75a	13	26716356	26819632	86	-3.0501
3bb6dd39-dd32-4fc2-bf84-38ffa683b75a	13	26822475	27600497	619	-0.5612
3bb6dd39-dd32-4fc2-bf84-38ffa683b75a	13	27602392	27603729	3	-2.595
3bb6dd39-dd32-4fc2-bf84-38ffa683b75a	13	27608260	37496998	7193	-0.5953
3bb6dd39-dd32-4fc2-bf84-38ffa683b75a	13	37497899	37510620	16	-1.5583
3bb6dd39-dd32-4fc2-bf84-38ffa683b75a	13	37514193	39293265	1318	-0.6104
3bb6dd39-dd32-4fc2-bf84-38ffa683b75a	13	39293280	39293296	2	1.244
3bb6dd39-dd32-4fc2-bf84-38ffa683b75a	13	39293352	41460704	1427	-0.6125
3bb6dd39-dd32-4fc2-bf84-38ffa683b75a	13	41461024	41461220	2	-3.8368
3bb6dd39-dd32-4fc2-bf84-38ffa683b75a	13	41461930	57176819	9762	-0.6049
3bb6dd39-dd32-4fc2-bf84-38ffa683b75a	13	57176962	57204246	35	-0.093
3bb6dd39-dd32-4fc2-bf84-38ffa683b75a	13	57215580	58230677	558	-0.5661
3bb6dd39-dd32-4fc2-bf84-38ffa683b75a	13	58235310	58240029	2	-3.822
3bb6dd39-dd32-4fc2-bf84-38ffa683b75a	13	58240093	71902850	8426	-0.5922
3bb6dd39-dd32-4fc2-bf84-38ffa683b75a	13	71903417	71921652	12	-1.6756
3bb6dd39-dd32-4fc2-bf84-38ffa683b75a	13	71921682	104138192	21699	-0.6
3bb6dd39-dd32-4fc2-bf84-38ffa683b75a	13	104148142	104537106	313	0.1317
3bb6dd39-dd32-4fc2-bf84-38ffa683b75a	13	104540320	104540507	2	-1.7231
3bb6dd39-dd32-4fc2-bf84-38ffa683b75a	13	104545362	110465637	4854	0.1273
3bb6dd39-dd32-4fc2-bf84-38ffa683b75a	13	110466601	114055917	2081	0.182
3bb6dd39-dd32-4fc2-bf84-38ffa683b75a	13	114057078	114342922	133	0.073
3bb6dd39-dd32-4fc2-bf84-38ffa683b75a	14	18239283	18384419	3	-0.3031
3bb6dd39-dd32-4fc2-bf84-38ffa683b75a	14	18393935	19954424	163	0.7867
3bb6dd39-dd32-4fc2-bf84-38ffa683b75a	14	19955213	22477390	1814	0.173
3bb6dd39-dd32-4fc2-bf84-38ffa683b75a	14	22478293	22486728	5	-1.0537
3bb6dd39-dd32-4fc2-bf84-38ffa683b75a	14	22490304	50314532	17113	0.1561
3bb6dd39-dd32-4fc2-bf84-38ffa683b75a	14	50318201	50320028	4	-1.1597
3bb6dd39-dd32-4fc2-bf84-38ffa683b75a	14	50320397	62817062	8375	0.1372
3bb6dd39-dd32-4fc2-bf84-38ffa683b75a	14	62819931	62828483	9	-0.6804
3bb6dd39-dd32-4fc2-bf84-38ffa683b75a	14	62831541	63251114	274	0.1171
3bb6dd39-dd32-4fc2-bf84-38ffa683b75a	14	63254561	63278625	24	-0.5945
3bb6dd39-dd32-4fc2-bf84-38ffa683b75a	14	63279382	73534419	6469	0.1368
3bb6dd39-dd32-4fc2-bf84-38ffa683b75a	14	73540003	73550834	7	-1.4647
3bb6dd39-dd32-4fc2-bf84-38ffa683b75a	14	73554275	79700734	4091	0.1523
3bb6dd39-dd32-4fc2-bf84-38ffa683b75a	14	79703461	79704230	3	-1.0495
3bb6dd39-dd32-4fc2-bf84-38ffa683b75a	14	79708411	80953145	775	0.138
3bb6dd39-dd32-4fc2-bf84-38ffa683b75a	14	80954430	80955001	2	1.8785
3bb6dd39-dd32-4fc2-bf84-38ffa683b75a	14	80956833	84847533	2572	0.1451
3bb6dd39-dd32-4fc2-bf84-38ffa683b75a	14	84847594	84944567	52	-0.5074
3bb6dd39-dd32-4fc2-bf84-38ffa683b75a	14	84945846	98805553	9725	0.1724
3bb6dd39-dd32-4fc2-bf84-38ffa683b75a	14	98806902	98859214	58	-0.0969
3bb6dd39-dd32-4fc2-bf84-38ffa683b75a	14	98859406	104377057	3027	0.2023
3bb6dd39-dd32-4fc2-bf84-38ffa683b75a	14	104377765	105537192	348	-0.5265
3bb6dd39-dd32-4fc2-bf84-38ffa683b75a	14	105541843	106346129	239	-0.3255
3bb6dd39-dd32-4fc2-bf84-38ffa683b75a	14	106360014	106369985	5	0.9848
3bb6dd39-dd32-4fc2-bf84-38ffa683b75a	14	106370181	106496841	83	-0.1102
3bb6dd39-dd32-4fc2-bf84-38ffa683b75a	14	106502306	106877229	186	-0.6811
3bb6dd39-dd32-4fc2-bf84-38ffa683b75a	15	19811075	24240681	1128	0.1975
3bb6dd39-dd32-4fc2-bf84-38ffa683b75a	15	24247869	24258119	4	-1.6821
3bb6dd39-dd32-4fc2-bf84-38ffa683b75a	15	24258513	26315045	1431	0.1881
3bb6dd39-dd32-4fc2-bf84-38ffa683b75a	15	26317005	26318009	2	-3.9816
3bb6dd39-dd32-4fc2-bf84-38ffa683b75a	15	26318441	30253522	2278	0.1584
3bb6dd39-dd32-4fc2-bf84-38ffa683b75a	15	30259942	30269364	2	-1.6376
3bb6dd39-dd32-4fc2-bf84-38ffa683b75a	15	30281107	33322113	1701	0.1675
3bb6dd39-dd32-4fc2-bf84-38ffa683b75a	15	33324985	33332189	10	-0.5291
3bb6dd39-dd32-4fc2-bf84-38ffa683b75a	15	33335039	34175471	732	0.1479
3bb6dd39-dd32-4fc2-bf84-38ffa683b75a	15	34175605	34176934	2	-1.2335
3bb6dd39-dd32-4fc2-bf84-38ffa683b75a	15	34177758	34421922	141	0.2186
3bb6dd39-dd32-4fc2-bf84-38ffa683b75a	15	34430601	34526116	65	-0.4063
3bb6dd39-dd32-4fc2-bf84-38ffa683b75a	15	34570058	53492691	11621	0.1442
3bb6dd39-dd32-4fc2-bf84-38ffa683b75a	15	53492794	53493066	5	-1.973
3bb6dd39-dd32-4fc2-bf84-38ffa683b75a	15	53493082	76602857	14818	0.1167
3bb6dd39-dd32-4fc2-bf84-38ffa683b75a	15	76603003	76609838	9	0.9227
3bb6dd39-dd32-4fc2-bf84-38ffa683b75a	15	76609853	93283713	11121	0.0999
3bb6dd39-dd32-4fc2-bf84-38ffa683b75a	15	93287331	93609685	309	-0.025
3bb6dd39-dd32-4fc2-bf84-38ffa683b75a	15	93609895	98959298	4007	0.1109
3bb6dd39-dd32-4fc2-bf84-38ffa683b75a	15	98960516	99017268	34	0.5917
3bb6dd39-dd32-4fc2-bf84-38ffa683b75a	15	99021278	100188458	832	0.1082
3bb6dd39-dd32-4fc2-bf84-38ffa683b75a	15	100188485	100191123	3	-1.5224
3bb6dd39-dd32-4fc2-bf84-38ffa683b75a	15	100191548	101928837	1307	0.1146
3bb6dd39-dd32-4fc2-bf84-38ffa683b75a	16	10777	12016	3	-0.0311
3bb6dd39-dd32-4fc2-bf84-38ffa683b75a	16	35827	3240929	1137	0.6266
3bb6dd39-dd32-4fc2-bf84-38ffa683b75a	16	3242896	6231582	2267	0.2057
3bb6dd39-dd32-4fc2-bf84-38ffa683b75a	16	6231604	6399364	210	0.0378
3bb6dd39-dd32-4fc2-bf84-38ffa683b75a	16	6399388	6613391	279	0.2145
3bb6dd39-dd32-4fc2-bf84-38ffa683b75a	16	6613618	6995132	474	0.0541
3bb6dd39-dd32-4fc2-bf84-38ffa683b75a	16	6996487	15450424	6884	0.1937
3bb6dd39-dd32-4fc2-bf84-38ffa683b75a	16	15450831	17828720	1306	0.132
3bb6dd39-dd32-4fc2-bf84-38ffa683b75a	16	17829175	29604641	6555	0.2001
3bb6dd39-dd32-4fc2-bf84-38ffa683b75a	16	29604959	29677190	30	-0.3863
3bb6dd39-dd32-4fc2-bf84-38ffa683b75a	16	29685652	50012141	3375	0.2118
3bb6dd39-dd32-4fc2-bf84-38ffa683b75a	16	50015040	55762682	4420	-0.5763
3bb6dd39-dd32-4fc2-bf84-38ffa683b75a	16	55764310	55764867	3	2.8802
3bb6dd39-dd32-4fc2-bf84-38ffa683b75a	16	55770436	90096867	24893	-0.5887
3bb6dd39-dd32-4fc2-bf84-38ffa683b75a	17	150733	355168	119	-0.4875
3bb6dd39-dd32-4fc2-bf84-38ffa683b75a	17	359124	359439	2	1.2689
3bb6dd39-dd32-4fc2-bf84-38ffa683b75a	17	371235	5520722	2702	-0.5473
3bb6dd39-dd32-4fc2-bf84-38ffa683b75a	17	5523382	5523403	2	-3.4174
3bb6dd39-dd32-4fc2-bf84-38ffa683b75a	17	5524275	12360272	4629	-0.5558
3bb6dd39-dd32-4fc2-bf84-38ffa683b75a	17	12360411	15510561	2504	-0.6494
3bb6dd39-dd32-4fc2-bf84-38ffa683b75a	17	15513494	18375217	1398	-0.5458
3bb6dd39-dd32-4fc2-bf84-38ffa683b75a	17	18375298	18592992	54	-0.0297
3bb6dd39-dd32-4fc2-bf84-38ffa683b75a	17	18593989	30938603	3303	-0.5312
3bb6dd39-dd32-4fc2-bf84-38ffa683b75a	17	30946960	33796967	1846	0.1617
3bb6dd39-dd32-4fc2-bf84-38ffa683b75a	17	33797383	33806171	5	-1.1107
3bb6dd39-dd32-4fc2-bf84-38ffa683b75a	17	33806746	36109735	1682	0.1403
3bb6dd39-dd32-4fc2-bf84-38ffa683b75a	17	36112585	36157718	34	1.0425
3bb6dd39-dd32-4fc2-bf84-38ffa683b75a	17	36200725	41262120	2525	0.1734
3bb6dd39-dd32-4fc2-bf84-38ffa683b75a	17	41265433	41274279	26	1.5355
3bb6dd39-dd32-4fc2-bf84-38ffa683b75a	17	41276472	43361222	1106	0.1953
3bb6dd39-dd32-4fc2-bf84-38ffa683b75a	17	43362318	43362553	2	-2.7555
3bb6dd39-dd32-4fc2-bf84-38ffa683b75a	17	43366336	46085732	1392	0.1888
3bb6dd39-dd32-4fc2-bf84-38ffa683b75a	17	46088437	46117997	20	0.7827
3bb6dd39-dd32-4fc2-bf84-38ffa683b75a	17	46118359	46124088	9	1.1755
3bb6dd39-dd32-4fc2-bf84-38ffa683b75a	17	46127007	46284997	94	0.5984
3bb6dd39-dd32-4fc2-bf84-38ffa683b75a	17	46286804	49958675	1691	0.1659
3bb6dd39-dd32-4fc2-bf84-38ffa683b75a	17	49961290	50082859	80	0.6042
3bb6dd39-dd32-4fc2-bf84-38ffa683b75a	17	50083518	53640545	2303	0.1435
3bb6dd39-dd32-4fc2-bf84-38ffa683b75a	17	53649631	53649820	2	-1.6678
3bb6dd39-dd32-4fc2-bf84-38ffa683b75a	17	53651183	56081683	1730	0.1482
3bb6dd39-dd32-4fc2-bf84-38ffa683b75a	17	56083553	56095230	26	-3.7563
3bb6dd39-dd32-4fc2-bf84-38ffa683b75a	17	56095462	81139641	15024	0.1716
3bb6dd39-dd32-4fc2-bf84-38ffa683b75a	17	81154966	81155238	4	-1.4149
3bb6dd39-dd32-4fc2-bf84-38ffa683b75a	17	81155301	81225322	27	0.1827
3bb6dd39-dd32-4fc2-bf84-38ffa683b75a	17	81225482	83091923	688	-0.4641
3bb6dd39-dd32-4fc2-bf84-38ffa683b75a	18	48133	5962015	4221	-0.6136
3bb6dd39-dd32-4fc2-bf84-38ffa683b75a	18	5963764	5967910	10	-1.4699
3bb6dd39-dd32-4fc2-bf84-38ffa683b75a	18	5968129	14144454	5810	-0.5952
3bb6dd39-dd32-4fc2-bf84-38ffa683b75a	18	14144778	14351151	49	-0.1913
3bb6dd39-dd32-4fc2-bf84-38ffa683b75a	18	14351376	14978640	212	-0.5279
3bb6dd39-dd32-4fc2-bf84-38ffa683b75a	18	14980157	20991561	106	-0.2479
3bb6dd39-dd32-4fc2-bf84-38ffa683b75a	18	20992467	30232420	5591	-0.6053
3bb6dd39-dd32-4fc2-bf84-38ffa683b75a	18	30234583	30236003	3	-6.7364
3bb6dd39-dd32-4fc2-bf84-38ffa683b75a	18	30238649	40680516	6765	-0.6025
3bb6dd39-dd32-4fc2-bf84-38ffa683b75a	18	40680526	40689534	16	-1.8117
3bb6dd39-dd32-4fc2-bf84-38ffa683b75a	18	40690108	51039262	7010	-0.5951
3bb6dd39-dd32-4fc2-bf84-38ffa683b75a	18	51039401	51039656	4	1.3858
3bb6dd39-dd32-4fc2-bf84-38ffa683b75a	18	51039939	52600266	1162	-0.5992
3bb6dd39-dd32-4fc2-bf84-38ffa683b75a	18	52601411	52641058	32	0.2563
3bb6dd39-dd32-4fc2-bf84-38ffa683b75a	18	52641783	60594566	5459	-0.6064
3bb6dd39-dd32-4fc2-bf84-38ffa683b75a	18	60597221	60645984	27	0.3237
3bb6dd39-dd32-4fc2-bf84-38ffa683b75a	18	60646262	64508642	2716	-0.6013
3bb6dd39-dd32-4fc2-bf84-38ffa683b75a	18	64508842	64509065	2	-3.7422
3bb6dd39-dd32-4fc2-bf84-38ffa683b75a	18	64510272	79643088	11158	-0.6119
3bb6dd39-dd32-4fc2-bf84-38ffa683b75a	18	79645731	79646203	3	-2.7372
3bb6dd39-dd32-4fc2-bf84-38ffa683b75a	18	79650607	80257174	313	-0.5879
3bb6dd39-dd32-4fc2-bf84-38ffa683b75a	19	90910	5493146	1582	-0.5137
3bb6dd39-dd32-4fc2-bf84-38ffa683b75a	19	5495186	9161017	1802	0.2075
3bb6dd39-dd32-4fc2-bf84-38ffa683b75a	19	9162624	9167445	7	-0.7343
3bb6dd39-dd32-4fc2-bf84-38ffa683b75a	19	9174084	16601509	3767	0.1924
3bb6dd39-dd32-4fc2-bf84-38ffa683b75a	19	16601889	16609449	7	-0.688
3bb6dd39-dd32-4fc2-bf84-38ffa683b75a	19	16612252	35358420	9546	0.2054
3bb6dd39-dd32-4fc2-bf84-38ffa683b75a	19	35364451	35370946	21	1.0352
3bb6dd39-dd32-4fc2-bf84-38ffa683b75a	19	35375842	38503803	1571	0.1933
3bb6dd39-dd32-4fc2-bf84-38ffa683b75a	19	38504593	38529552	15	-0.4687
3bb6dd39-dd32-4fc2-bf84-38ffa683b75a	19	38530787	39818882	655	0.2137
3bb6dd39-dd32-4fc2-bf84-38ffa683b75a	19	39819785	43644098	1853	-0.3444
3bb6dd39-dd32-4fc2-bf84-38ffa683b75a	19	43646301	43648343	5	-2.3343
3bb6dd39-dd32-4fc2-bf84-38ffa683b75a	19	43649112	51628560	3932	-0.3661
3bb6dd39-dd32-4fc2-bf84-38ffa683b75a	19	51639099	51644944	11	-2.2155
3bb6dd39-dd32-4fc2-bf84-38ffa683b75a	19	51651652	53831125	1542	-0.4126
3bb6dd39-dd32-4fc2-bf84-38ffa683b75a	19	53834788	53836093	2	1.562
3bb6dd39-dd32-4fc2-bf84-38ffa683b75a	19	53838324	55795036	969	-0.3516
3bb6dd39-dd32-4fc2-bf84-38ffa683b75a	19	55796217	55796357	3	-2.2811
3bb6dd39-dd32-4fc2-bf84-38ffa683b75a	19	55796444	58586487	1817	-0.4018
3bb6dd39-dd32-4fc2-bf84-38ffa683b75a	20	80664	1580353	1202	0.1526
3bb6dd39-dd32-4fc2-bf84-38ffa683b75a	20	1580934	1613247	41	2.1085
3bb6dd39-dd32-4fc2-bf84-38ffa683b75a	20	1617300	10806264	7062	0.1574
3bb6dd39-dd32-4fc2-bf84-38ffa683b75a	20	10809552	10823472	15	-0.6566
3bb6dd39-dd32-4fc2-bf84-38ffa683b75a	20	10823987	15064766	3108	0.1628
3bb6dd39-dd32-4fc2-bf84-38ffa683b75a	20	15071800	15163622	93	-0.8462
3bb6dd39-dd32-4fc2-bf84-38ffa683b75a	20	15164030	23465473	6752	0.1704
3bb6dd39-dd32-4fc2-bf84-38ffa683b75a	20	23465965	23547404	77	0.1177
3bb6dd39-dd32-4fc2-bf84-38ffa683b75a	20	23547925	23550304	5	-0.8576
3bb6dd39-dd32-4fc2-bf84-38ffa683b75a	20	23551199	25917655	1528	0.1107
3bb6dd39-dd32-4fc2-bf84-38ffa683b75a	20	25918255	46134645	9333	0.1773
3bb6dd39-dd32-4fc2-bf84-38ffa683b75a	20	46137314	56959982	8099	-0.5899
3bb6dd39-dd32-4fc2-bf84-38ffa683b75a	20	56960009	56960026	2	-2.7755
3bb6dd39-dd32-4fc2-bf84-38ffa683b75a	20	56960082	57628046	531	-0.5686
3bb6dd39-dd32-4fc2-bf84-38ffa683b75a	20	57628541	64323342	4523	0.2001
3bb6dd39-dd32-4fc2-bf84-38ffa683b75a	20	64323484	64324800	4	-1.0341
3bb6dd39-dd32-4fc2-bf84-38ffa683b75a	21	10354168	10494350	19	0.1561
3bb6dd39-dd32-4fc2-bf84-38ffa683b75a	21	10511939	13224688	100	-0.1985
3bb6dd39-dd32-4fc2-bf84-38ffa683b75a	21	13224711	17012019	2283	0.1518
3bb6dd39-dd32-4fc2-bf84-38ffa683b75a	21	17012454	17012507	2	-1.7407
3bb6dd39-dd32-4fc2-bf84-38ffa683b75a	21	17013450	22278814	3902	0.1761
3bb6dd39-dd32-4fc2-bf84-38ffa683b75a	21	22283580	22292338	9	-0.8889
3bb6dd39-dd32-4fc2-bf84-38ffa683b75a	21	22294679	46677045	17558	0.1832
3bb6dd39-dd32-4fc2-bf84-38ffa683b75a	22	15294547	24685371	4751	0.218
3bb6dd39-dd32-4fc2-bf84-38ffa683b75a	22	24686148	24686567	3	-1.4174
3bb6dd39-dd32-4fc2-bf84-38ffa683b75a	22	24691707	25340705	511	0.2289
3bb6dd39-dd32-4fc2-bf84-38ffa683b75a	22	25340707	25340711	5	1.3288
3bb6dd39-dd32-4fc2-bf84-38ffa683b75a	22	25349934	29474269	3458	0.1956
3bb6dd39-dd32-4fc2-bf84-38ffa683b75a	22	29474323	29474345	2	2.1884
3bb6dd39-dd32-4fc2-bf84-38ffa683b75a	22	29474386	38894915	6472	0.2032
3bb6dd39-dd32-4fc2-bf84-38ffa683b75a	22	38899250	38900899	3	-3.2755
3bb6dd39-dd32-4fc2-bf84-38ffa683b75a	22	38903109	38993700	63	-0.0085
3bb6dd39-dd32-4fc2-bf84-38ffa683b75a	22	38993715	48955504	6834	0.2255
3bb6dd39-dd32-4fc2-bf84-38ffa683b75a	22	48955516	49345856	426	0.038
3bb6dd39-dd32-4fc2-bf84-38ffa683b75a	22	49346035	50796027	754	-0.6023
3bb6dd39-dd32-4fc2-bf84-38ffa683b75a	X	251810	8742847	4606	-0.5341
3bb6dd39-dd32-4fc2-bf84-38ffa683b75a	X	8742973	28734954	12866	-0.5949
3bb6dd39-dd32-4fc2-bf84-38ffa683b75a	X	28735272	28736534	2	-3.39
3bb6dd39-dd32-4fc2-bf84-38ffa683b75a	X	28736668	31026920	1507	-0.6048
3bb6dd39-dd32-4fc2-bf84-38ffa683b75a	X	31027934	31029624	3	-1.9869
3bb6dd39-dd32-4fc2-bf84-38ffa683b75a	X	31029911	32535898	1097	-0.6436
3bb6dd39-dd32-4fc2-bf84-38ffa683b75a	X	32538871	32543941	23	-0.0289
3bb6dd39-dd32-4fc2-bf84-38ffa683b75a	X	32544496	32953709	343	-0.6223
3bb6dd39-dd32-4fc2-bf84-38ffa683b75a	X	32954246	33140054	146	-0.5135
3bb6dd39-dd32-4fc2-bf84-38ffa683b75a	X	33140113	34222979	744	-0.4261
3bb6dd39-dd32-4fc2-bf84-38ffa683b75a	X	34226263	38071493	2118	-0.5961
3bb6dd39-dd32-4fc2-bf84-38ffa683b75a	X	38073633	38082478	8	-1.4821
3bb6dd39-dd32-4fc2-bf84-38ffa683b75a	X	38090110	38622003	383	-0.6058
3bb6dd39-dd32-4fc2-bf84-38ffa683b75a	X	38622180	38770193	136	-0.4072
3bb6dd39-dd32-4fc2-bf84-38ffa683b75a	X	38775361	39655232	599	-0.6341
3bb6dd39-dd32-4fc2-bf84-38ffa683b75a	X	39656772	39660709	2	-2.2852
3bb6dd39-dd32-4fc2-bf84-38ffa683b75a	X	39666045	43213807	1853	-0.5541
3bb6dd39-dd32-4fc2-bf84-38ffa683b75a	X	43216330	47954266	2488	0.1839
3bb6dd39-dd32-4fc2-bf84-38ffa683b75a	X	47956399	47956494	2	1.6501
3bb6dd39-dd32-4fc2-bf84-38ffa683b75a	X	47956640	58103835	4344	0.2
3bb6dd39-dd32-4fc2-bf84-38ffa683b75a	X	58113794	63053242	221	0.418
3bb6dd39-dd32-4fc2-bf84-38ffa683b75a	X	63055009	75096169	5265	0.1724
3bb6dd39-dd32-4fc2-bf84-38ffa683b75a	X	75099289	76153513	507	0.3043
3bb6dd39-dd32-4fc2-bf84-38ffa683b75a	X	76153567	76908394	394	0.1543
3bb6dd39-dd32-4fc2-bf84-38ffa683b75a	X	76908455	76912007	9	0.8378
3bb6dd39-dd32-4fc2-bf84-38ffa683b75a	X	76915230	76916533	3	-0.4869
3bb6dd39-dd32-4fc2-bf84-38ffa683b75a	X	76916891	76920602	22	0.5704
3bb6dd39-dd32-4fc2-bf84-38ffa683b75a	X	76920632	77255838	106	0.1266
3bb6dd39-dd32-4fc2-bf84-38ffa683b75a	X	77267881	77296889	3	-1.4376
3bb6dd39-dd32-4fc2-bf84-38ffa683b75a	X	77324696	81362825	1899	0.17
3bb6dd39-dd32-4fc2-bf84-38ffa683b75a	X	81363499	84865625	1812	0.0979
3bb6dd39-dd32-4fc2-bf84-38ffa683b75a	X	84866066	85375587	301	0.2364
3bb6dd39-dd32-4fc2-bf84-38ffa683b75a	X	85376695	90321513	2908	0.0696
3bb6dd39-dd32-4fc2-bf84-38ffa683b75a	X	90333104	91530448	471	0.2168
3bb6dd39-dd32-4fc2-bf84-38ffa683b75a	X	91535841	93070548	540	0.0981
3bb6dd39-dd32-4fc2-bf84-38ffa683b75a	X	93076309	93104735	18	0.6272
3bb6dd39-dd32-4fc2-bf84-38ffa683b75a	X	93108394	95025411	1181	0.0977
3bb6dd39-dd32-4fc2-bf84-38ffa683b75a	X	95027232	96309738	720	0.2114
3bb6dd39-dd32-4fc2-bf84-38ffa683b75a	X	96311072	99417583	1790	0.0834
3bb6dd39-dd32-4fc2-bf84-38ffa683b75a	X	99418896	99432320	13	-0.5881
3bb6dd39-dd32-4fc2-bf84-38ffa683b75a	X	99435375	99452048	10	0.0978
3bb6dd39-dd32-4fc2-bf84-38ffa683b75a	X	99452535	128650234	16142	0.1793
3bb6dd39-dd32-4fc2-bf84-38ffa683b75a	X	128655486	131493389	1601	0.6021
3bb6dd39-dd32-4fc2-bf84-38ffa683b75a	X	131498324	131772336	135	0.7635
3bb6dd39-dd32-4fc2-bf84-38ffa683b75a	X	131772795	135113279	1707	0.5864
3bb6dd39-dd32-4fc2-bf84-38ffa683b75a	X	135122103	135935651	389	0.7606
3bb6dd39-dd32-4fc2-bf84-38ffa683b75a	X	135942901	140232304	2627	0.6103
3bb6dd39-dd32-4fc2-bf84-38ffa683b75a	X	140232574	140422569	82	0.8893
3bb6dd39-dd32-4fc2-bf84-38ffa683b75a	X	140423112	153021746	8331	0.6145
3bb6dd39-dd32-4fc2-bf84-38ffa683b75a	X	153022316	153033368	15	0.0101
3bb6dd39-dd32-4fc2-bf84-38ffa683b75a	X	153033676	154334108	555	0.6459
3bb6dd39-dd32-4fc2-bf84-38ffa683b75a	X	154334428	155952689	585	0.7476
3bb6dd39-dd32-4fc2-bf84-38ffa683b75a	Y	2782397	6249869	784	-2.6909
3bb6dd39-dd32-4fc2-bf84-38ffa683b75a	Y	6252391	12912709	2229	-3.1315
3bb6dd39-dd32-4fc2-bf84-38ffa683b75a	Y	12914512	12918905	5	-6.769
3bb6dd39-dd32-4fc2-bf84-38ffa683b75a	Y	12920376	17053374	1998	-3.1337
3bb6dd39-dd32-4fc2-bf84-38ffa683b75a	Y	17054981	17070391	9	-5.8781
3bb6dd39-dd32-4fc2-bf84-38ffa683b75a	Y	17073469	21473881	1203	-3.1785
3bb6dd39-dd32-4fc2-bf84-38ffa683b75a	Y	21474260	56872112	410	-2.7993
