GDC_Aliquot	Chromosome	Start	End	Num_Probes	Segment_Mean
a52255b3-9277-4d94-a0f3-d40746fcb66a	1	62920	259407	14	-0.72
a52255b3-9277-4d94-a0f3-d40746fcb66a	1	259422	1720956	205	0.0615
a52255b3-9277-4d94-a0f3-d40746fcb66a	1	1731499	1741164	7	-1.2708
a52255b3-9277-4d94-a0f3-d40746fcb66a	1	1756148	34190783	18433	0.0287
a52255b3-9277-4d94-a0f3-d40746fcb66a	1	34191211	34191702	2	-2.8999
a52255b3-9277-4d94-a0f3-d40746fcb66a	1	34196051	34637909	346	0.0496
a52255b3-9277-4d94-a0f3-d40746fcb66a	1	34638226	34638588	4	1.1295
a52255b3-9277-4d94-a0f3-d40746fcb66a	1	34638634	61647430	16476	0.0186
a52255b3-9277-4d94-a0f3-d40746fcb66a	1	61648334	61649279	2	-2.395
a52255b3-9277-4d94-a0f3-d40746fcb66a	1	61652515	72303233	7297	0.0183
a52255b3-9277-4d94-a0f3-d40746fcb66a	1	72303253	72345465	45	-1.9284
a52255b3-9277-4d94-a0f3-d40746fcb66a	1	72346221	109684893	23615	0.015
a52255b3-9277-4d94-a0f3-d40746fcb66a	1	109690352	109697556	13	-1.5839
a52255b3-9277-4d94-a0f3-d40746fcb66a	1	109702376	110834746	835	0.0152
a52255b3-9277-4d94-a0f3-d40746fcb66a	1	110834943	110845604	38	-1.0607
a52255b3-9277-4d94-a0f3-d40746fcb66a	1	110849445	114809422	2697	0.0115
a52255b3-9277-4d94-a0f3-d40746fcb66a	1	114809680	114813015	2	2.8146
a52255b3-9277-4d94-a0f3-d40746fcb66a	1	114813064	143713884	3657	0.022
a52255b3-9277-4d94-a0f3-d40746fcb66a	1	143713930	143942271	36	0.4593
a52255b3-9277-4d94-a0f3-d40746fcb66a	1	144432083	196742057	32024	0.0127
a52255b3-9277-4d94-a0f3-d40746fcb66a	1	196745692	196832525	59	0.3906
a52255b3-9277-4d94-a0f3-d40746fcb66a	1	196832720	209897717	8789	0.014
a52255b3-9277-4d94-a0f3-d40746fcb66a	1	209908268	209910639	3	-2.3547
a52255b3-9277-4d94-a0f3-d40746fcb66a	1	209913207	248930189	27028	0.0163
a52255b3-9277-4d94-a0f3-d40746fcb66a	2	12784	29421019	20657	0.0047
a52255b3-9277-4d94-a0f3-d40746fcb66a	2	29421149	29421356	4	-1.324
a52255b3-9277-4d94-a0f3-d40746fcb66a	2	29421729	34450400	3430	0.0033
a52255b3-9277-4d94-a0f3-d40746fcb66a	2	34456427	34483565	11	0.614
a52255b3-9277-4d94-a0f3-d40746fcb66a	2	34483583	34492061	16	0.32
a52255b3-9277-4d94-a0f3-d40746fcb66a	2	34492401	34511990	23	0.8454
a52255b3-9277-4d94-a0f3-d40746fcb66a	2	34512096	207490231	103289	0.0039
a52255b3-9277-4d94-a0f3-d40746fcb66a	2	207490454	207494612	16	-3.2457
a52255b3-9277-4d94-a0f3-d40746fcb66a	2	207494752	242147305	22079	0.0106
a52255b3-9277-4d94-a0f3-d40746fcb66a	3	20930	32421669	24194	0.0138
a52255b3-9277-4d94-a0f3-d40746fcb66a	3	32421754	32449520	15	-1.2019
a52255b3-9277-4d94-a0f3-d40746fcb66a	3	32450244	32455850	3	0.0391
a52255b3-9277-4d94-a0f3-d40746fcb66a	3	32456082	32473345	13	0.6969
a52255b3-9277-4d94-a0f3-d40746fcb66a	3	32475660	46751887	8966	0.0204
a52255b3-9277-4d94-a0f3-d40746fcb66a	3	46760327	46808099	40	-0.8009
a52255b3-9277-4d94-a0f3-d40746fcb66a	3	46817989	68697013	14562	0.0177
a52255b3-9277-4d94-a0f3-d40746fcb66a	3	68697108	68698262	14	-1.8412
a52255b3-9277-4d94-a0f3-d40746fcb66a	3	68699607	99218119	15913	0.0199
a52255b3-9277-4d94-a0f3-d40746fcb66a	3	99218940	99230577	39	-0.5675
a52255b3-9277-4d94-a0f3-d40746fcb66a	3	99232120	130067531	18720	0.0103
a52255b3-9277-4d94-a0f3-d40746fcb66a	3	130067896	130092396	35	-0.5083
a52255b3-9277-4d94-a0f3-d40746fcb66a	3	130092419	162790480	20261	0.0109
a52255b3-9277-4d94-a0f3-d40746fcb66a	3	162794869	162803704	10	0.7623
a52255b3-9277-4d94-a0f3-d40746fcb66a	3	162803835	162822685	11	-0.3125
a52255b3-9277-4d94-a0f3-d40746fcb66a	3	162822702	162908784	50	0.6731
a52255b3-9277-4d94-a0f3-d40746fcb66a	3	162908815	176439484	8352	0.0105
a52255b3-9277-4d94-a0f3-d40746fcb66a	3	176439525	176441404	3	-2.8985
a52255b3-9277-4d94-a0f3-d40746fcb66a	3	176441736	189642965	8316	0.0202
a52255b3-9277-4d94-a0f3-d40746fcb66a	3	189645889	189646849	11	-0.9642
a52255b3-9277-4d94-a0f3-d40746fcb66a	3	189653199	190299847	473	0.0245
a52255b3-9277-4d94-a0f3-d40746fcb66a	3	190301762	190301771	2	-1.1888
a52255b3-9277-4d94-a0f3-d40746fcb66a	3	190304359	190538297	181	0.0299
a52255b3-9277-4d94-a0f3-d40746fcb66a	3	190542248	190542906	3	-1.2962
a52255b3-9277-4d94-a0f3-d40746fcb66a	3	190543126	193160113	1833	0.0229
a52255b3-9277-4d94-a0f3-d40746fcb66a	3	193160173	193165114	19	-1.3392
a52255b3-9277-4d94-a0f3-d40746fcb66a	3	193168646	195685341	1488	0.0169
a52255b3-9277-4d94-a0f3-d40746fcb66a	3	195691392	195715711	16	-0.5565
a52255b3-9277-4d94-a0f3-d40746fcb66a	3	195719726	198169247	1189	0.0117
a52255b3-9277-4d94-a0f3-d40746fcb66a	4	68929	10208766	5708	0.0263
a52255b3-9277-4d94-a0f3-d40746fcb66a	4	10212536	10233644	36	-2.4472
a52255b3-9277-4d94-a0f3-d40746fcb66a	4	10234518	69523998	37016	0.0198
a52255b3-9277-4d94-a0f3-d40746fcb66a	4	69524143	69525061	2	-2.8653
a52255b3-9277-4d94-a0f3-d40746fcb66a	4	69526170	86054070	10329	0.0149
a52255b3-9277-4d94-a0f3-d40746fcb66a	4	86054941	86058611	19	-0.8899
a52255b3-9277-4d94-a0f3-d40746fcb66a	4	86058791	171448195	51544	0.0173
a52255b3-9277-4d94-a0f3-d40746fcb66a	4	171453733	171456625	12	1.1624
a52255b3-9277-4d94-a0f3-d40746fcb66a	4	171459220	172066242	389	0.0125
a52255b3-9277-4d94-a0f3-d40746fcb66a	4	172066282	172068382	20	0.6036
a52255b3-9277-4d94-a0f3-d40746fcb66a	4	172074828	188300104	10941	0.0128
a52255b3-9277-4d94-a0f3-d40746fcb66a	4	188300206	188300270	3	2.8119
a52255b3-9277-4d94-a0f3-d40746fcb66a	4	188300285	190106768	1141	0.0357
a52255b3-9277-4d94-a0f3-d40746fcb66a	5	15532	46271006	30671	0.02
a52255b3-9277-4d94-a0f3-d40746fcb66a	5	46271828	46273400	6	-3.3218
a52255b3-9277-4d94-a0f3-d40746fcb66a	5	46278110	58030453	5075	0.017
a52255b3-9277-4d94-a0f3-d40746fcb66a	5	58033288	58042530	30	-0.3742
a52255b3-9277-4d94-a0f3-d40746fcb66a	5	58044246	69550476	7298	0.0149
a52255b3-9277-4d94-a0f3-d40746fcb66a	5	69571467	69779150	2	-2.1298
a52255b3-9277-4d94-a0f3-d40746fcb66a	5	69779164	123810516	32662	0.0145
a52255b3-9277-4d94-a0f3-d40746fcb66a	5	123810750	123810832	2	-2.4813
a52255b3-9277-4d94-a0f3-d40746fcb66a	5	123811156	181363319	37145	0.0183
a52255b3-9277-4d94-a0f3-d40746fcb66a	6	149661	26929195	20260	0.0171
a52255b3-9277-4d94-a0f3-d40746fcb66a	6	26929769	26944102	6	0.9957
a52255b3-9277-4d94-a0f3-d40746fcb66a	6	26944132	29869295	1391	0.0194
a52255b3-9277-4d94-a0f3-d40746fcb66a	6	29869410	29907031	24	0.4799
a52255b3-9277-4d94-a0f3-d40746fcb66a	6	29909182	31318528	657	0.0027
a52255b3-9277-4d94-a0f3-d40746fcb66a	6	31318754	31328674	9	1.7547
a52255b3-9277-4d94-a0f3-d40746fcb66a	6	31342147	32722250	606	0.0326
a52255b3-9277-4d94-a0f3-d40746fcb66a	6	32723020	32723053	3	1.7026
a52255b3-9277-4d94-a0f3-d40746fcb66a	6	32732907	54066353	13654	0.0138
a52255b3-9277-4d94-a0f3-d40746fcb66a	6	54066432	54067057	6	-1.8082
a52255b3-9277-4d94-a0f3-d40746fcb66a	6	54070550	76731658	12176	0.0172
a52255b3-9277-4d94-a0f3-d40746fcb66a	6	76731725	76743040	15	-0.586
a52255b3-9277-4d94-a0f3-d40746fcb66a	6	76751356	78253172	977	0.0136
a52255b3-9277-4d94-a0f3-d40746fcb66a	6	78259348	78325468	113	0.7282
a52255b3-9277-4d94-a0f3-d40746fcb66a	6	78329517	103286954	15481	0.0143
a52255b3-9277-4d94-a0f3-d40746fcb66a	6	103290101	103314186	46	0.7256
a52255b3-9277-4d94-a0f3-d40746fcb66a	6	103317795	170741917	44184	0.0142
a52255b3-9277-4d94-a0f3-d40746fcb66a	7	43355	83773841	51585	0.0179
a52255b3-9277-4d94-a0f3-d40746fcb66a	7	83774033	83775257	2	2.5247
a52255b3-9277-4d94-a0f3-d40746fcb66a	7	83776269	97766148	8733	0.0092
a52255b3-9277-4d94-a0f3-d40746fcb66a	7	97766150	97773163	15	-0.8157
a52255b3-9277-4d94-a0f3-d40746fcb66a	7	97774928	116294646	10536	0.0166
a52255b3-9277-4d94-a0f3-d40746fcb66a	7	116294957	116301524	5	-1.1181
a52255b3-9277-4d94-a0f3-d40746fcb66a	7	116301612	126405502	6129	0.0195
a52255b3-9277-4d94-a0f3-d40746fcb66a	7	126405597	126406823	12	-1.5848
a52255b3-9277-4d94-a0f3-d40746fcb66a	7	126406824	134100424	4698	0.0163
a52255b3-9277-4d94-a0f3-d40746fcb66a	7	134100442	134104128	16	-0.5839
a52255b3-9277-4d94-a0f3-d40746fcb66a	7	134104408	142069843	5215	0.0203
a52255b3-9277-4d94-a0f3-d40746fcb66a	7	142069880	142087846	24	-0.804
a52255b3-9277-4d94-a0f3-d40746fcb66a	7	142088099	153450553	6781	0.0226
a52255b3-9277-4d94-a0f3-d40746fcb66a	7	153450560	153450627	2	-3.3812
a52255b3-9277-4d94-a0f3-d40746fcb66a	7	153450630	154598185	852	0.0476
a52255b3-9277-4d94-a0f3-d40746fcb66a	7	154601461	154607903	4	-2.1868
a52255b3-9277-4d94-a0f3-d40746fcb66a	7	154609120	155671335	916	0.0193
a52255b3-9277-4d94-a0f3-d40746fcb66a	7	155673169	155674244	2	1.6897
a52255b3-9277-4d94-a0f3-d40746fcb66a	7	155676942	159334314	2314	0.034
a52255b3-9277-4d94-a0f3-d40746fcb66a	8	81254	7185818	7729	0.0268
a52255b3-9277-4d94-a0f3-d40746fcb66a	8	7296545	7380497	24	0.6623
a52255b3-9277-4d94-a0f3-d40746fcb66a	8	7396819	7886542	22	-0.2833
a52255b3-9277-4d94-a0f3-d40746fcb66a	8	7888457	7890177	4	1.2163
a52255b3-9277-4d94-a0f3-d40746fcb66a	8	7919608	102980336	59818	0.0157
a52255b3-9277-4d94-a0f3-d40746fcb66a	8	102980362	102985207	4	-2.1571
a52255b3-9277-4d94-a0f3-d40746fcb66a	8	102986318	145072769	27921	0.0178
a52255b3-9277-4d94-a0f3-d40746fcb66a	9	46587	138200944	79510	0.0161
a52255b3-9277-4d94-a0f3-d40746fcb66a	10	45792	751569	413	-0.0017
a52255b3-9277-4d94-a0f3-d40746fcb66a	10	752021	754237	3	-3.0809
a52255b3-9277-4d94-a0f3-d40746fcb66a	10	754273	27298602	20984	0.0133
a52255b3-9277-4d94-a0f3-d40746fcb66a	10	27304498	27308509	2	-1.7949
a52255b3-9277-4d94-a0f3-d40746fcb66a	10	27318256	30957581	2824	0.0167
a52255b3-9277-4d94-a0f3-d40746fcb66a	10	30962405	30962850	11	-0.8793
a52255b3-9277-4d94-a0f3-d40746fcb66a	10	30962893	46116171	7263	0.0145
a52255b3-9277-4d94-a0f3-d40746fcb66a	10	46130381	46331946	165	0.6016
a52255b3-9277-4d94-a0f3-d40746fcb66a	10	46331987	46657149	57	0.2237
a52255b3-9277-4d94-a0f3-d40746fcb66a	10	46693480	46898735	11	0.8064
a52255b3-9277-4d94-a0f3-d40746fcb66a	10	46901552	56756643	6538	0.0121
a52255b3-9277-4d94-a0f3-d40746fcb66a	10	56756761	56767077	39	-0.99
a52255b3-9277-4d94-a0f3-d40746fcb66a	10	56772992	81118403	16251	0.0167
a52255b3-9277-4d94-a0f3-d40746fcb66a	10	81121574	81130027	10	-1.1509
a52255b3-9277-4d94-a0f3-d40746fcb66a	10	81134713	83181848	1557	0.0187
a52255b3-9277-4d94-a0f3-d40746fcb66a	10	83182468	83188127	6	-0.8202
a52255b3-9277-4d94-a0f3-d40746fcb66a	10	83190785	87278584	2757	0.0226
a52255b3-9277-4d94-a0f3-d40746fcb66a	10	87286741	87451233	48	0.5523
a52255b3-9277-4d94-a0f3-d40746fcb66a	10	87480959	106221017	11859	0.0114
a52255b3-9277-4d94-a0f3-d40746fcb66a	10	106224562	106259466	30	-0.97
a52255b3-9277-4d94-a0f3-d40746fcb66a	10	106259586	133654968	19859	0.0157
a52255b3-9277-4d94-a0f3-d40746fcb66a	11	198510	4946021	2416	0.0283
a52255b3-9277-4d94-a0f3-d40746fcb66a	11	4946166	4954445	29	0.7478
a52255b3-9277-4d94-a0f3-d40746fcb66a	11	4954475	5761729	781	0.0031
a52255b3-9277-4d94-a0f3-d40746fcb66a	11	5761746	5788108	40	-0.3826
a52255b3-9277-4d94-a0f3-d40746fcb66a	11	5788231	18927525	9408	0.0182
a52255b3-9277-4d94-a0f3-d40746fcb66a	11	18927562	18939734	35	0.4189
a52255b3-9277-4d94-a0f3-d40746fcb66a	11	18939749	55595864	21770	0.0194
a52255b3-9277-4d94-a0f3-d40746fcb66a	11	55606556	55608804	8	-1.0976
a52255b3-9277-4d94-a0f3-d40746fcb66a	11	55609022	55674842	40	-2.5527
a52255b3-9277-4d94-a0f3-d40746fcb66a	11	55676735	55677818	4	0.277
a52255b3-9277-4d94-a0f3-d40746fcb66a	11	55678469	55685533	7	-2.4513
a52255b3-9277-4d94-a0f3-d40746fcb66a	11	55686100	81792426	14573	0.0222
a52255b3-9277-4d94-a0f3-d40746fcb66a	11	81792950	81806063	9	-1.0463
a52255b3-9277-4d94-a0f3-d40746fcb66a	11	81806116	89796439	5280	0.0122
a52255b3-9277-4d94-a0f3-d40746fcb66a	11	89802300	89817056	7	0.8737
a52255b3-9277-4d94-a0f3-d40746fcb66a	11	89834373	89966336	7	0.0993
a52255b3-9277-4d94-a0f3-d40746fcb66a	11	90043678	90085142	5	-0.9462
a52255b3-9277-4d94-a0f3-d40746fcb66a	11	90085436	95910613	4190	0.023
a52255b3-9277-4d94-a0f3-d40746fcb66a	11	95910862	95918728	2	1.6445
a52255b3-9277-4d94-a0f3-d40746fcb66a	11	95919758	135074876	28227	0.0156
a52255b3-9277-4d94-a0f3-d40746fcb66a	12	51460	756804	416	0.0495
a52255b3-9277-4d94-a0f3-d40746fcb66a	12	759943	764863	18	-1.0199
a52255b3-9277-4d94-a0f3-d40746fcb66a	12	766188	9477960	5740	0.0132
a52255b3-9277-4d94-a0f3-d40746fcb66a	12	9481274	9582374	26	0.9927
a52255b3-9277-4d94-a0f3-d40746fcb66a	12	9583090	11062773	1033	0.0017
a52255b3-9277-4d94-a0f3-d40746fcb66a	12	11064250	11088933	12	0.7546
a52255b3-9277-4d94-a0f3-d40746fcb66a	12	11099275	30086381	13264	0.0167
a52255b3-9277-4d94-a0f3-d40746fcb66a	12	30086486	30090698	20	-0.7857
a52255b3-9277-4d94-a0f3-d40746fcb66a	12	30090732	33232895	2327	0.0296
a52255b3-9277-4d94-a0f3-d40746fcb66a	12	33233822	33242483	6	-0.994
a52255b3-9277-4d94-a0f3-d40746fcb66a	12	33246118	48331259	7262	0.0151
a52255b3-9277-4d94-a0f3-d40746fcb66a	12	48331456	48331632	3	-2.4127
a52255b3-9277-4d94-a0f3-d40746fcb66a	12	48336253	90089573	25526	0.0155
a52255b3-9277-4d94-a0f3-d40746fcb66a	12	90097892	90098297	7	-1.4465
a52255b3-9277-4d94-a0f3-d40746fcb66a	12	90099780	131636170	28630	0.018
a52255b3-9277-4d94-a0f3-d40746fcb66a	12	131648039	131648790	13	0.8557
a52255b3-9277-4d94-a0f3-d40746fcb66a	12	131657925	133201603	558	0.0018
a52255b3-9277-4d94-a0f3-d40746fcb66a	13	18452809	37496998	13488	0.0142
a52255b3-9277-4d94-a0f3-d40746fcb66a	13	37497899	37502130	5	-1.0131
a52255b3-9277-4d94-a0f3-d40746fcb66a	13	37502150	37514250	14	-0.381
a52255b3-9277-4d94-a0f3-d40746fcb66a	13	37514472	48957415	8024	0.0086
a52255b3-9277-4d94-a0f3-d40746fcb66a	13	48959579	48962368	2	-3.5914
a52255b3-9277-4d94-a0f3-d40746fcb66a	13	48963569	52520664	1873	0.014
a52255b3-9277-4d94-a0f3-d40746fcb66a	13	52523849	52531650	3	-2.6293
a52255b3-9277-4d94-a0f3-d40746fcb66a	13	52543744	58010656	3075	0.0283
a52255b3-9277-4d94-a0f3-d40746fcb66a	13	58016147	58022896	5	-4.6055
a52255b3-9277-4d94-a0f3-d40746fcb66a	13	58027918	62387834	2690	0.0136
a52255b3-9277-4d94-a0f3-d40746fcb66a	13	62388777	62389467	2	-4.4869
a52255b3-9277-4d94-a0f3-d40746fcb66a	13	62393055	68357560	3557	0.0148
a52255b3-9277-4d94-a0f3-d40746fcb66a	13	68358099	68362751	3	1.3777
a52255b3-9277-4d94-a0f3-d40746fcb66a	13	68365524	71902850	2318	0.0237
a52255b3-9277-4d94-a0f3-d40746fcb66a	13	71903417	71906418	4	-3.6974
a52255b3-9277-4d94-a0f3-d40746fcb66a	13	71906467	100187060	18534	0.0184
a52255b3-9277-4d94-a0f3-d40746fcb66a	13	100188433	100189334	2	1.8576
a52255b3-9277-4d94-a0f3-d40746fcb66a	13	100190106	114342922	10569	0.0104
a52255b3-9277-4d94-a0f3-d40746fcb66a	14	18239283	19256296	43	-0.0526
a52255b3-9277-4d94-a0f3-d40746fcb66a	14	19280948	19637253	16	0.7106
a52255b3-9277-4d94-a0f3-d40746fcb66a	14	19650668	19669187	3	1.894
a52255b3-9277-4d94-a0f3-d40746fcb66a	14	19675350	19955213	105	0.5988
a52255b3-9277-4d94-a0f3-d40746fcb66a	14	19956767	40139724	12875	0.0136
a52255b3-9277-4d94-a0f3-d40746fcb66a	14	40144718	40147715	2	-2.8166
a52255b3-9277-4d94-a0f3-d40746fcb66a	14	40148961	106877229	42368	0.0166
a52255b3-9277-4d94-a0f3-d40746fcb66a	15	19811075	20206773	59	0.1674
a52255b3-9277-4d94-a0f3-d40746fcb66a	15	20207225	22299523	147	0.6645
a52255b3-9277-4d94-a0f3-d40746fcb66a	15	22385639	35847205	8166	0.0268
a52255b3-9277-4d94-a0f3-d40746fcb66a	15	35847556	35847585	2	-1.9501
a52255b3-9277-4d94-a0f3-d40746fcb66a	15	35849751	81796730	28883	0.0146
a52255b3-9277-4d94-a0f3-d40746fcb66a	15	81796850	81796869	2	-2.055
a52255b3-9277-4d94-a0f3-d40746fcb66a	15	81804153	101928837	14289	0.0224
a52255b3-9277-4d94-a0f3-d40746fcb66a	16	10777	78337711	41237	0.0172
a52255b3-9277-4d94-a0f3-d40746fcb66a	16	78338543	78350868	17	1.0575
a52255b3-9277-4d94-a0f3-d40746fcb66a	16	78351104	79332957	1300	0.0344
a52255b3-9277-4d94-a0f3-d40746fcb66a	16	79335353	79336000	2	-2.3061
a52255b3-9277-4d94-a0f3-d40746fcb66a	16	79337198	79870327	584	0.02
a52255b3-9277-4d94-a0f3-d40746fcb66a	16	79870349	79870717	3	-2.215
a52255b3-9277-4d94-a0f3-d40746fcb66a	16	79870857	90096867	8733	0.0248
a52255b3-9277-4d94-a0f3-d40746fcb66a	17	150733	16750987	10476	0.0129
a52255b3-9277-4d94-a0f3-d40746fcb66a	17	16754017	16819487	10	0.7897
a52255b3-9277-4d94-a0f3-d40746fcb66a	17	16834846	16838214	3	-1.0447
a52255b3-9277-4d94-a0f3-d40746fcb66a	17	16838470	18452078	907	0.0075
a52255b3-9277-4d94-a0f3-d40746fcb66a	17	18455632	18561907	26	-1.8288
a52255b3-9277-4d94-a0f3-d40746fcb66a	17	18565883	30404397	3100	0.0109
a52255b3-9277-4d94-a0f3-d40746fcb66a	17	30406985	30410953	2	-1.6274
a52255b3-9277-4d94-a0f3-d40746fcb66a	17	30411620	36109315	3735	0.0174
a52255b3-9277-4d94-a0f3-d40746fcb66a	17	36109735	36157718	35	0.5402
a52255b3-9277-4d94-a0f3-d40746fcb66a	17	36200725	41265456	2525	0.0184
a52255b3-9277-4d94-a0f3-d40746fcb66a	17	41266762	41274198	23	-0.8835
a52255b3-9277-4d94-a0f3-d40746fcb66a	17	41274279	46135838	2535	0.0167
a52255b3-9277-4d94-a0f3-d40746fcb66a	17	46136346	46569894	94	-0.4713
a52255b3-9277-4d94-a0f3-d40746fcb66a	17	46571001	83091923	21569	0.0218
a52255b3-9277-4d94-a0f3-d40746fcb66a	18	48133	67060852	40989	0.0129
a52255b3-9277-4d94-a0f3-d40746fcb66a	18	67067556	67071270	8	-0.8835
a52255b3-9277-4d94-a0f3-d40746fcb66a	18	67073976	80257174	9752	0.0103
a52255b3-9277-4d94-a0f3-d40746fcb66a	19	90910	21632117	9611	0.0275
a52255b3-9277-4d94-a0f3-d40746fcb66a	19	21632838	21637067	2	-2.2205
a52255b3-9277-4d94-a0f3-d40746fcb66a	19	21637309	51628560	15155	0.027
a52255b3-9277-4d94-a0f3-d40746fcb66a	19	51639099	51644944	11	-0.8771
a52255b3-9277-4d94-a0f3-d40746fcb66a	19	51651652	53340746	1186	0.0178
a52255b3-9277-4d94-a0f3-d40746fcb66a	19	53341046	53343525	2	1.4636
a52255b3-9277-4d94-a0f3-d40746fcb66a	19	53344575	53477177	98	0.121
a52255b3-9277-4d94-a0f3-d40746fcb66a	19	53477408	53480872	2	-1.4509
a52255b3-9277-4d94-a0f3-d40746fcb66a	19	53480956	58586487	3047	0.0232
a52255b3-9277-4d94-a0f3-d40746fcb66a	20	80664	1580353	1201	0.0276
a52255b3-9277-4d94-a0f3-d40746fcb66a	20	1580934	1613247	41	1.6047
a52255b3-9277-4d94-a0f3-d40746fcb66a	20	1617300	64324800	41144	0.0182
a52255b3-9277-4d94-a0f3-d40746fcb66a	21	10354168	46677045	23870	0.0124
a52255b3-9277-4d94-a0f3-d40746fcb66a	22	15294547	38894915	15198	0.025
a52255b3-9277-4d94-a0f3-d40746fcb66a	22	38899250	38900899	3	-2.2116
a52255b3-9277-4d94-a0f3-d40746fcb66a	22	38903109	38967614	39	0.1161
a52255b3-9277-4d94-a0f3-d40746fcb66a	22	38967679	38979302	23	-0.6774
a52255b3-9277-4d94-a0f3-d40746fcb66a	22	38993700	50796027	8015	0.0134
a52255b3-9277-4d94-a0f3-d40746fcb66a	X	251810	5854302	2403	0.006
a52255b3-9277-4d94-a0f3-d40746fcb66a	X	5854544	5855658	2	2.5294
a52255b3-9277-4d94-a0f3-d40746fcb66a	X	5855761	77173605	37417	0.0161
a52255b3-9277-4d94-a0f3-d40746fcb66a	X	77179265	77296889	11	-0.8848
a52255b3-9277-4d94-a0f3-d40746fcb66a	X	77324696	155952689	43825	0.018
a52255b3-9277-4d94-a0f3-d40746fcb66a	Y	2782397	6249869	784	-3.0689
a52255b3-9277-4d94-a0f3-d40746fcb66a	Y	6252391	14255333	2832	-3.5072
a52255b3-9277-4d94-a0f3-d40746fcb66a	Y	14256223	14256430	2	-9.4658
a52255b3-9277-4d94-a0f3-d40746fcb66a	Y	14256464	17053374	1395	-3.5101
a52255b3-9277-4d94-a0f3-d40746fcb66a	Y	17054981	17073469	10	-6.5715
a52255b3-9277-4d94-a0f3-d40746fcb66a	Y	17073910	21473881	1201	-3.5639
a52255b3-9277-4d94-a0f3-d40746fcb66a	Y	21474260	56872112	410	-3.1589
