GDC_Aliquot	Chromosome	Start	End	Num_Probes	Segment_Mean
c2145f68-f3bf-4e1e-a9e4-15cacbaa564e	1	3301765	247650984	129827	0.0227
c2145f68-f3bf-4e1e-a9e4-15cacbaa564e	2	480597	177816264	95950	-0.0082
c2145f68-f3bf-4e1e-a9e4-15cacbaa564e	2	177816807	177817445	2	-2.3955
c2145f68-f3bf-4e1e-a9e4-15cacbaa564e	2	177819246	241537572	36289	-0.0146
c2145f68-f3bf-4e1e-a9e4-15cacbaa564e	3	2170634	150140863	82510	0.0216
c2145f68-f3bf-4e1e-a9e4-15cacbaa564e	3	150141312	150141488	3	-2.2174
c2145f68-f3bf-4e1e-a9e4-15cacbaa564e	3	150144654	197812401	24724	0.015
c2145f68-f3bf-4e1e-a9e4-15cacbaa564e	4	1059384	28667210	17421	0.025
c2145f68-f3bf-4e1e-a9e4-15cacbaa564e	4	28668090	28674657	3	-1.6026
c2145f68-f3bf-4e1e-a9e4-15cacbaa564e	4	28679683	187842528	86138	0.0176
c2145f68-f3bf-4e1e-a9e4-15cacbaa564e	5	913983	180934240	101165	0.0218
c2145f68-f3bf-4e1e-a9e4-15cacbaa564e	6	1011760	170596889	97217	0.0182
c2145f68-f3bf-4e1e-a9e4-15cacbaa564e	7	664936	158592540	81988	0.0226
c2145f68-f3bf-4e1e-a9e4-15cacbaa564e	8	667625	144182542	82277	0.0211
c2145f68-f3bf-4e1e-a9e4-15cacbaa564e	9	789794	138044505	68518	0.022
c2145f68-f3bf-4e1e-a9e4-15cacbaa564e	10	366509	82296348	48958	0.0214
c2145f68-f3bf-4e1e-a9e4-15cacbaa564e	10	82296867	82296894	2	-1.589
c2145f68-f3bf-4e1e-a9e4-15cacbaa564e	10	82297078	133411599	32381	0.0228
c2145f68-f3bf-4e1e-a9e4-15cacbaa564e	11	456012	99641525	54488	0.0205
c2145f68-f3bf-4e1e-a9e4-15cacbaa564e	11	99641580	99641606	2	-2.5459
c2145f68-f3bf-4e1e-a9e4-15cacbaa564e	11	99641768	134272740	23131	0.0217
c2145f68-f3bf-4e1e-a9e4-15cacbaa564e	12	780472	73394056	39572	0.021
c2145f68-f3bf-4e1e-a9e4-15cacbaa564e	12	73404403	73423989	8	-1.1704
c2145f68-f3bf-4e1e-a9e4-15cacbaa564e	12	73424728	97089336	14465	0.0288
c2145f68-f3bf-4e1e-a9e4-15cacbaa564e	12	97093753	97093952	3	-1.1036
c2145f68-f3bf-4e1e-a9e4-15cacbaa564e	12	97096572	132605822	20333	0.0146
c2145f68-f3bf-4e1e-a9e4-15cacbaa564e	13	18874255	114226675	57031	0.0193
c2145f68-f3bf-4e1e-a9e4-15cacbaa564e	14	20033191	105533894	49817	0.0219
c2145f68-f3bf-4e1e-a9e4-15cacbaa564e	15	23437561	101344124	44816	0.0263
c2145f68-f3bf-4e1e-a9e4-15cacbaa564e	16	603333	89317317	41237	0.0254
c2145f68-f3bf-4e1e-a9e4-15cacbaa564e	17	1074619	66309043	28718	0.0181
c2145f68-f3bf-4e1e-a9e4-15cacbaa564e	17	66310896	66311052	2	-1.5173
c2145f68-f3bf-4e1e-a9e4-15cacbaa564e	17	66312355	82959812	8581	0.0166
c2145f68-f3bf-4e1e-a9e4-15cacbaa564e	18	326691	79349796	42996	0.0252
c2145f68-f3bf-4e1e-a9e4-15cacbaa564e	19	283868	58370362	24158	0.0187
c2145f68-f3bf-4e1e-a9e4-15cacbaa564e	20	472817	63588502	37577	0.0254
c2145f68-f3bf-4e1e-a9e4-15cacbaa564e	21	13974127	46262057	20609	0.022
c2145f68-f3bf-4e1e-a9e4-15cacbaa564e	22	16934932	48940621	17097	0.0186
c2145f68-f3bf-4e1e-a9e4-15cacbaa564e	X	3236359	41847404	17553	0.0093
c2145f68-f3bf-4e1e-a9e4-15cacbaa564e	X	41849671	77058535	11590	0.0383
c2145f68-f3bf-4e1e-a9e4-15cacbaa564e	X	77059271	155677414	34849	0.0169
