GDC_Aliquot	Chromosome	Start	End	Num_Probes	Segment_Mean
e6d4da43-aa9e-4f0c-9cfd-c281e41ac0ea	1	3301765	4596638	878	-0.4494
e6d4da43-aa9e-4f0c-9cfd-c281e41ac0ea	1	4596989	4597235	2	-5.2366
e6d4da43-aa9e-4f0c-9cfd-c281e41ac0ea	1	4598401	23631293	10554	-0.4289
e6d4da43-aa9e-4f0c-9cfd-c281e41ac0ea	1	23632431	23633123	2	-2.889
e6d4da43-aa9e-4f0c-9cfd-c281e41ac0ea	1	23634378	27333474	1574	-0.3992
e6d4da43-aa9e-4f0c-9cfd-c281e41ac0ea	1	27334240	27354406	8	-1.8024
e6d4da43-aa9e-4f0c-9cfd-c281e41ac0ea	1	27357905	27376554	8	-4.1132
e6d4da43-aa9e-4f0c-9cfd-c281e41ac0ea	1	27378398	31341888	2052	-0.4108
e6d4da43-aa9e-4f0c-9cfd-c281e41ac0ea	1	31349789	31544049	107	0.391
e6d4da43-aa9e-4f0c-9cfd-c281e41ac0ea	1	31544544	31544633	2	-1.0666
e6d4da43-aa9e-4f0c-9cfd-c281e41ac0ea	1	31544989	36539207	2568	0.3903
e6d4da43-aa9e-4f0c-9cfd-c281e41ac0ea	1	36546360	43011286	3665	0.8719
e6d4da43-aa9e-4f0c-9cfd-c281e41ac0ea	1	43012125	43012935	2	-0.7111
e6d4da43-aa9e-4f0c-9cfd-c281e41ac0ea	1	43020953	48128517	2713	0.8634
e6d4da43-aa9e-4f0c-9cfd-c281e41ac0ea	1	48128610	50126179	999	0.789
e6d4da43-aa9e-4f0c-9cfd-c281e41ac0ea	1	50127620	55205542	2668	0.859
e6d4da43-aa9e-4f0c-9cfd-c281e41ac0ea	1	55205972	57954295	2267	0.788
e6d4da43-aa9e-4f0c-9cfd-c281e41ac0ea	1	57955018	57955188	4	-0.4282
e6d4da43-aa9e-4f0c-9cfd-c281e41ac0ea	1	57956228	68966361	7747	0.8074
e6d4da43-aa9e-4f0c-9cfd-c281e41ac0ea	1	68967931	76748679	4349	0.7152
e6d4da43-aa9e-4f0c-9cfd-c281e41ac0ea	1	76748853	79885250	1669	0.7853
e6d4da43-aa9e-4f0c-9cfd-c281e41ac0ea	1	79889013	80158610	192	0.2959
e6d4da43-aa9e-4f0c-9cfd-c281e41ac0ea	1	80159146	86123475	3860	-0.5194
e6d4da43-aa9e-4f0c-9cfd-c281e41ac0ea	1	86125265	86128618	9	0.4397
e6d4da43-aa9e-4f0c-9cfd-c281e41ac0ea	1	86132086	86619321	285	-0.5504
e6d4da43-aa9e-4f0c-9cfd-c281e41ac0ea	1	86619434	86657031	12	-3.0561
e6d4da43-aa9e-4f0c-9cfd-c281e41ac0ea	1	86657086	96459848	6068	-0.5023
e6d4da43-aa9e-4f0c-9cfd-c281e41ac0ea	1	96460762	103029386	3925	-0.5358
e6d4da43-aa9e-4f0c-9cfd-c281e41ac0ea	1	103030204	103036164	5	-1.7127
e6d4da43-aa9e-4f0c-9cfd-c281e41ac0ea	1	103037011	104702933	648	-0.5391
e6d4da43-aa9e-4f0c-9cfd-c281e41ac0ea	1	104706137	104763135	25	0.1404
e6d4da43-aa9e-4f0c-9cfd-c281e41ac0ea	1	104768671	108480801	2104	-0.5672
e6d4da43-aa9e-4f0c-9cfd-c281e41ac0ea	1	108481648	119984772	7128	-0.4876
e6d4da43-aa9e-4f0c-9cfd-c281e41ac0ea	1	146716041	153198707	1557	0.3406
e6d4da43-aa9e-4f0c-9cfd-c281e41ac0ea	1	153200163	153201304	5	-0.4861
e6d4da43-aa9e-4f0c-9cfd-c281e41ac0ea	1	153203890	153282939	71	0.3459
e6d4da43-aa9e-4f0c-9cfd-c281e41ac0ea	1	153290365	157168959	1804	0.3951
e6d4da43-aa9e-4f0c-9cfd-c281e41ac0ea	1	157169179	158981675	1231	0.3141
e6d4da43-aa9e-4f0c-9cfd-c281e41ac0ea	1	158984771	159083860	61	-0.5517
e6d4da43-aa9e-4f0c-9cfd-c281e41ac0ea	1	159085334	159565192	291	0.2939
e6d4da43-aa9e-4f0c-9cfd-c281e41ac0ea	1	159565836	160505069	630	0.3643
e6d4da43-aa9e-4f0c-9cfd-c281e41ac0ea	1	160505380	160509343	2	-0.9472
e6d4da43-aa9e-4f0c-9cfd-c281e41ac0ea	1	160517745	162646983	1294	0.3569
e6d4da43-aa9e-4f0c-9cfd-c281e41ac0ea	1	162647124	171645543	6714	0.2984
e6d4da43-aa9e-4f0c-9cfd-c281e41ac0ea	1	171649866	174321084	1624	-0.4927
e6d4da43-aa9e-4f0c-9cfd-c281e41ac0ea	1	174323134	174337745	10	0.4414
e6d4da43-aa9e-4f0c-9cfd-c281e41ac0ea	1	174339289	183577367	5696	-0.4887
e6d4da43-aa9e-4f0c-9cfd-c281e41ac0ea	1	183578737	183979507	309	0.3047
e6d4da43-aa9e-4f0c-9cfd-c281e41ac0ea	1	183980556	183980787	2	-1.9393
e6d4da43-aa9e-4f0c-9cfd-c281e41ac0ea	1	183982242	184786212	529	0.3065
e6d4da43-aa9e-4f0c-9cfd-c281e41ac0ea	1	184841104	185621504	467	-0.4758
e6d4da43-aa9e-4f0c-9cfd-c281e41ac0ea	1	185622100	198513226	7474	-0.5551
e6d4da43-aa9e-4f0c-9cfd-c281e41ac0ea	1	198513603	201994198	2267	-0.4744
e6d4da43-aa9e-4f0c-9cfd-c281e41ac0ea	1	201994348	202171308	100	0.3645
e6d4da43-aa9e-4f0c-9cfd-c281e41ac0ea	1	202178871	204714274	1655	-0.4365
e6d4da43-aa9e-4f0c-9cfd-c281e41ac0ea	1	204714749	204714785	2	-2.5939
e6d4da43-aa9e-4f0c-9cfd-c281e41ac0ea	1	204716496	204985203	213	-0.4593
e6d4da43-aa9e-4f0c-9cfd-c281e41ac0ea	1	204987197	205756218	508	-0.384
e6d4da43-aa9e-4f0c-9cfd-c281e41ac0ea	1	205756353	212721289	4630	-0.4891
e6d4da43-aa9e-4f0c-9cfd-c281e41ac0ea	1	212732709	222651112	6716	0.2917
e6d4da43-aa9e-4f0c-9cfd-c281e41ac0ea	1	222653236	222686889	20	-0.5237
e6d4da43-aa9e-4f0c-9cfd-c281e41ac0ea	1	222690479	236429931	8531	0.3211
e6d4da43-aa9e-4f0c-9cfd-c281e41ac0ea	1	236430053	244054271	5586	0.2741
e6d4da43-aa9e-4f0c-9cfd-c281e41ac0ea	1	244054807	244965790	426	0.326
e6d4da43-aa9e-4f0c-9cfd-c281e41ac0ea	1	244969699	246944826	779	-0.4792
e6d4da43-aa9e-4f0c-9cfd-c281e41ac0ea	1	246947523	247650984	403	0.3143
e6d4da43-aa9e-4f0c-9cfd-c281e41ac0ea	2	480597	4057569	1654	0.4761
e6d4da43-aa9e-4f0c-9cfd-c281e41ac0ea	2	4062967	7111856	2411	0.4229
e6d4da43-aa9e-4f0c-9cfd-c281e41ac0ea	2	7111920	7123777	16	0.586
e6d4da43-aa9e-4f0c-9cfd-c281e41ac0ea	2	7125845	7132580	5	-0.7148
e6d4da43-aa9e-4f0c-9cfd-c281e41ac0ea	2	7136764	8169111	596	0.426
e6d4da43-aa9e-4f0c-9cfd-c281e41ac0ea	2	8170944	13535474	3687	0.5373
e6d4da43-aa9e-4f0c-9cfd-c281e41ac0ea	2	13535832	14010767	264	0.4853
e6d4da43-aa9e-4f0c-9cfd-c281e41ac0ea	2	14012906	19715136	4031	0.2813
e6d4da43-aa9e-4f0c-9cfd-c281e41ac0ea	2	19715677	21137711	910	0.3617
e6d4da43-aa9e-4f0c-9cfd-c281e41ac0ea	2	21138002	22336087	650	0.2756
e6d4da43-aa9e-4f0c-9cfd-c281e41ac0ea	2	22339235	22472505	91	-0.5934
e6d4da43-aa9e-4f0c-9cfd-c281e41ac0ea	2	22473844	31165759	4957	0.3388
e6d4da43-aa9e-4f0c-9cfd-c281e41ac0ea	2	31166540	36660575	2702	0.2775
e6d4da43-aa9e-4f0c-9cfd-c281e41ac0ea	2	36661823	48692458	7250	0.3272
e6d4da43-aa9e-4f0c-9cfd-c281e41ac0ea	2	48693124	53961289	2893	0.2306
e6d4da43-aa9e-4f0c-9cfd-c281e41ac0ea	2	53962675	55838547	823	0.313
e6d4da43-aa9e-4f0c-9cfd-c281e41ac0ea	2	55841898	60101550	2620	0.2351
e6d4da43-aa9e-4f0c-9cfd-c281e41ac0ea	2	60102118	71244944	6627	0.3184
e6d4da43-aa9e-4f0c-9cfd-c281e41ac0ea	2	71249777	71252006	2	-1.0457
e6d4da43-aa9e-4f0c-9cfd-c281e41ac0ea	2	71254181	72159337	521	0.3483
e6d4da43-aa9e-4f0c-9cfd-c281e41ac0ea	2	72160410	72271813	55	-0.5648
e6d4da43-aa9e-4f0c-9cfd-c281e41ac0ea	2	72272596	73919850	668	0.3234
e6d4da43-aa9e-4f0c-9cfd-c281e41ac0ea	2	73920500	73920691	2	-1.3322
e6d4da43-aa9e-4f0c-9cfd-c281e41ac0ea	2	73923129	76408566	1451	0.3216
e6d4da43-aa9e-4f0c-9cfd-c281e41ac0ea	2	76414665	79523465	1351	0.2342
e6d4da43-aa9e-4f0c-9cfd-c281e41ac0ea	2	79529139	79536673	7	-0.7138
e6d4da43-aa9e-4f0c-9cfd-c281e41ac0ea	2	79538328	84067857	2694	0.2249
e6d4da43-aa9e-4f0c-9cfd-c281e41ac0ea	2	84068587	88831240	1863	0.3314
e6d4da43-aa9e-4f0c-9cfd-c281e41ac0ea	2	88831554	96201263	353	-0.4395
e6d4da43-aa9e-4f0c-9cfd-c281e41ac0ea	2	96215650	96776014	186	0.3611
e6d4da43-aa9e-4f0c-9cfd-c281e41ac0ea	2	96778811	96815777	19	0.8188
e6d4da43-aa9e-4f0c-9cfd-c281e41ac0ea	2	96817662	101208902	2208	0.3231
e6d4da43-aa9e-4f0c-9cfd-c281e41ac0ea	2	101210831	134094884	16678	-0.5261
e6d4da43-aa9e-4f0c-9cfd-c281e41ac0ea	2	134095945	134115554	15	0.1963
e6d4da43-aa9e-4f0c-9cfd-c281e41ac0ea	2	134132093	137625180	2183	-0.5191
e6d4da43-aa9e-4f0c-9cfd-c281e41ac0ea	2	138311046	144162428	3503	-2.6571
e6d4da43-aa9e-4f0c-9cfd-c281e41ac0ea	2	144167094	147651743	1836	-0.5702
e6d4da43-aa9e-4f0c-9cfd-c281e41ac0ea	2	147654798	153367102	3530	-0.5112
e6d4da43-aa9e-4f0c-9cfd-c281e41ac0ea	2	153367387	155456532	1120	-0.5728
e6d4da43-aa9e-4f0c-9cfd-c281e41ac0ea	2	155474737	161835690	3692	-0.4865
e6d4da43-aa9e-4f0c-9cfd-c281e41ac0ea	2	161836118	164304673	1338	-0.5508
e6d4da43-aa9e-4f0c-9cfd-c281e41ac0ea	2	164306695	164306717	2	-2.2462
e6d4da43-aa9e-4f0c-9cfd-c281e41ac0ea	2	164310770	165935129	880	-0.5542
e6d4da43-aa9e-4f0c-9cfd-c281e41ac0ea	2	165937518	165940237	3	-1.7457
e6d4da43-aa9e-4f0c-9cfd-c281e41ac0ea	2	165944099	167339873	821	-0.5434
e6d4da43-aa9e-4f0c-9cfd-c281e41ac0ea	2	167343039	170097066	1790	-0.4802
e6d4da43-aa9e-4f0c-9cfd-c281e41ac0ea	2	170101413	170674915	466	-0.5447
e6d4da43-aa9e-4f0c-9cfd-c281e41ac0ea	2	170677878	171637557	526	0.2907
e6d4da43-aa9e-4f0c-9cfd-c281e41ac0ea	2	171638848	171639456	2	-3.4574
e6d4da43-aa9e-4f0c-9cfd-c281e41ac0ea	2	171641652	178546000	4366	0.3109
e6d4da43-aa9e-4f0c-9cfd-c281e41ac0ea	2	178546080	181269554	1701	0.2391
e6d4da43-aa9e-4f0c-9cfd-c281e41ac0ea	2	181269567	181523901	174	0.321
e6d4da43-aa9e-4f0c-9cfd-c281e41ac0ea	2	181524216	182154711	367	0.829
e6d4da43-aa9e-4f0c-9cfd-c281e41ac0ea	2	182157984	182193930	30	-0.4875
e6d4da43-aa9e-4f0c-9cfd-c281e41ac0ea	2	182194473	189498431	3233	0.8062
e6d4da43-aa9e-4f0c-9cfd-c281e41ac0ea	2	189499415	189582932	62	1.2723
e6d4da43-aa9e-4f0c-9cfd-c281e41ac0ea	2	189583085	190479406	540	0.8416
e6d4da43-aa9e-4f0c-9cfd-c281e41ac0ea	2	190480518	190481329	2	-0.2904
e6d4da43-aa9e-4f0c-9cfd-c281e41ac0ea	2	190482164	191522137	644	0.8487
e6d4da43-aa9e-4f0c-9cfd-c281e41ac0ea	2	191522245	200727112	4562	0.7864
e6d4da43-aa9e-4f0c-9cfd-c281e41ac0ea	2	200727601	204986883	2206	0.823
e6d4da43-aa9e-4f0c-9cfd-c281e41ac0ea	2	204987776	205060132	50	0.3019
e6d4da43-aa9e-4f0c-9cfd-c281e41ac0ea	2	205063063	205244029	153	-0.5197
e6d4da43-aa9e-4f0c-9cfd-c281e41ac0ea	2	205247535	205778708	378	-2.7589
e6d4da43-aa9e-4f0c-9cfd-c281e41ac0ea	2	205780050	206286314	309	-0.4842
e6d4da43-aa9e-4f0c-9cfd-c281e41ac0ea	2	206287079	207497571	738	-0.5498
e6d4da43-aa9e-4f0c-9cfd-c281e41ac0ea	2	207497717	207498032	4	0.9044
e6d4da43-aa9e-4f0c-9cfd-c281e41ac0ea	2	207498192	214611774	4189	-0.5506
e6d4da43-aa9e-4f0c-9cfd-c281e41ac0ea	2	214612207	237325574	14159	-0.4822
e6d4da43-aa9e-4f0c-9cfd-c281e41ac0ea	2	237326410	241537572	2322	-0.4346
e6d4da43-aa9e-4f0c-9cfd-c281e41ac0ea	3	2170634	3343596	626	0.894
e6d4da43-aa9e-4f0c-9cfd-c281e41ac0ea	3	3344122	3708477	347	0.461
e6d4da43-aa9e-4f0c-9cfd-c281e41ac0ea	3	3712062	6108905	911	0.2775
e6d4da43-aa9e-4f0c-9cfd-c281e41ac0ea	3	6110799	7457680	845	0.4668
e6d4da43-aa9e-4f0c-9cfd-c281e41ac0ea	3	7457960	9393556	1544	0.824
e6d4da43-aa9e-4f0c-9cfd-c281e41ac0ea	3	9402969	10724229	721	0.3349
e6d4da43-aa9e-4f0c-9cfd-c281e41ac0ea	3	10725722	10732466	3	-2.4491
e6d4da43-aa9e-4f0c-9cfd-c281e41ac0ea	3	10733863	11359954	426	0.3166
e6d4da43-aa9e-4f0c-9cfd-c281e41ac0ea	3	11364453	16104736	3105	-0.4678
e6d4da43-aa9e-4f0c-9cfd-c281e41ac0ea	3	16104855	17829834	1070	-0.5338
e6d4da43-aa9e-4f0c-9cfd-c281e41ac0ea	3	17831596	22499632	2325	-0.5791
e6d4da43-aa9e-4f0c-9cfd-c281e41ac0ea	3	22499976	44041560	13158	-0.5258
e6d4da43-aa9e-4f0c-9cfd-c281e41ac0ea	3	44041696	45553178	798	-0.49
e6d4da43-aa9e-4f0c-9cfd-c281e41ac0ea	3	45554738	53288475	3425	-0.4426
e6d4da43-aa9e-4f0c-9cfd-c281e41ac0ea	3	53289896	53304484	13	0.2506
e6d4da43-aa9e-4f0c-9cfd-c281e41ac0ea	3	53305952	53330112	8	-1.6602
e6d4da43-aa9e-4f0c-9cfd-c281e41ac0ea	3	53332107	55751769	1881	-0.5523
e6d4da43-aa9e-4f0c-9cfd-c281e41ac0ea	3	55752512	55756736	2	-2.759
e6d4da43-aa9e-4f0c-9cfd-c281e41ac0ea	3	55761498	77893780	13841	-0.5362
e6d4da43-aa9e-4f0c-9cfd-c281e41ac0ea	3	77900713	78360888	218	0.3133
e6d4da43-aa9e-4f0c-9cfd-c281e41ac0ea	3	78361783	78362614	5	-0.3376
e6d4da43-aa9e-4f0c-9cfd-c281e41ac0ea	3	78366680	79105495	432	0.3039
e6d4da43-aa9e-4f0c-9cfd-c281e41ac0ea	3	79107674	97857291	7471	0.2137
e6d4da43-aa9e-4f0c-9cfd-c281e41ac0ea	3	97860139	97938419	37	-0.5739
e6d4da43-aa9e-4f0c-9cfd-c281e41ac0ea	3	97941262	112296445	7981	0.2514
e6d4da43-aa9e-4f0c-9cfd-c281e41ac0ea	3	112301567	112360863	46	-0.492
e6d4da43-aa9e-4f0c-9cfd-c281e41ac0ea	3	112365842	114415228	1188	0.2892
e6d4da43-aa9e-4f0c-9cfd-c281e41ac0ea	3	114424120	119419828	3240	0.21
e6d4da43-aa9e-4f0c-9cfd-c281e41ac0ea	3	119422221	120216233	468	0.2639
e6d4da43-aa9e-4f0c-9cfd-c281e41ac0ea	3	120216372	130886178	5889	0.3156
e6d4da43-aa9e-4f0c-9cfd-c281e41ac0ea	3	130890435	131132842	115	-0.5939
e6d4da43-aa9e-4f0c-9cfd-c281e41ac0ea	3	131132900	136450267	3301	0.2829
e6d4da43-aa9e-4f0c-9cfd-c281e41ac0ea	3	136462300	141191678	2658	0.8014
e6d4da43-aa9e-4f0c-9cfd-c281e41ac0ea	3	141191982	141197104	3	-0.7818
e6d4da43-aa9e-4f0c-9cfd-c281e41ac0ea	3	141200496	147791004	2952	0.7998
e6d4da43-aa9e-4f0c-9cfd-c281e41ac0ea	3	147792867	149707740	1162	1.1944
e6d4da43-aa9e-4f0c-9cfd-c281e41ac0ea	3	149711574	154998910	2973	0.2689
e6d4da43-aa9e-4f0c-9cfd-c281e41ac0ea	3	155011440	164261027	4843	0.7616
e6d4da43-aa9e-4f0c-9cfd-c281e41ac0ea	3	164261782	164261796	2	-0.9531
e6d4da43-aa9e-4f0c-9cfd-c281e41ac0ea	3	164266164	168589163	1835	0.7376
e6d4da43-aa9e-4f0c-9cfd-c281e41ac0ea	3	168590660	168875267	157	1.5016
e6d4da43-aa9e-4f0c-9cfd-c281e41ac0ea	3	168875534	168900301	11	2.0747
e6d4da43-aa9e-4f0c-9cfd-c281e41ac0ea	3	168902627	169373071	319	1.4789
e6d4da43-aa9e-4f0c-9cfd-c281e41ac0ea	3	169373497	169545718	148	1.1707
e6d4da43-aa9e-4f0c-9cfd-c281e41ac0ea	3	169545724	171234534	977	1.489
e6d4da43-aa9e-4f0c-9cfd-c281e41ac0ea	3	171237716	171242784	2	0.1523
e6d4da43-aa9e-4f0c-9cfd-c281e41ac0ea	3	171247120	172555533	679	1.4766
e6d4da43-aa9e-4f0c-9cfd-c281e41ac0ea	3	172558964	172625218	48	1.8028
e6d4da43-aa9e-4f0c-9cfd-c281e41ac0ea	3	172633017	173088750	297	0.7819
e6d4da43-aa9e-4f0c-9cfd-c281e41ac0ea	3	173089096	173445369	202	-0.631
e6d4da43-aa9e-4f0c-9cfd-c281e41ac0ea	3	173912890	186390229	6273	1.1444
e6d4da43-aa9e-4f0c-9cfd-c281e41ac0ea	3	186390896	186458578	42	2.002
e6d4da43-aa9e-4f0c-9cfd-c281e41ac0ea	3	186459740	191172789	3263	1.1834
e6d4da43-aa9e-4f0c-9cfd-c281e41ac0ea	3	191173408	193154628	1134	1.1033
e6d4da43-aa9e-4f0c-9cfd-c281e41ac0ea	3	193154689	194727524	951	1.2154
e6d4da43-aa9e-4f0c-9cfd-c281e41ac0ea	3	194728426	197812401	807	0.8637
e6d4da43-aa9e-4f0c-9cfd-c281e41ac0ea	4	1059384	7360243	3501	-0.3656
e6d4da43-aa9e-4f0c-9cfd-c281e41ac0ea	4	7365036	10110811	1152	0.4389
e6d4da43-aa9e-4f0c-9cfd-c281e41ac0ea	4	10110838	10111624	3	-0.914
e6d4da43-aa9e-4f0c-9cfd-c281e41ac0ea	4	10113441	10784780	554	0.3595
e6d4da43-aa9e-4f0c-9cfd-c281e41ac0ea	4	10786455	13194008	1835	0.3064
e6d4da43-aa9e-4f0c-9cfd-c281e41ac0ea	4	13194104	14673105	1134	0.2446
e6d4da43-aa9e-4f0c-9cfd-c281e41ac0ea	4	14674060	20994312	4163	0.3008
e6d4da43-aa9e-4f0c-9cfd-c281e41ac0ea	4	20994669	24198055	2163	0.239
e6d4da43-aa9e-4f0c-9cfd-c281e41ac0ea	4	24198254	24801942	395	0.3134
e6d4da43-aa9e-4f0c-9cfd-c281e41ac0ea	4	24803100	24811296	7	-0.5558
e6d4da43-aa9e-4f0c-9cfd-c281e41ac0ea	4	24816887	26908790	1335	0.3139
e6d4da43-aa9e-4f0c-9cfd-c281e41ac0ea	4	26910655	35908157	5294	0.2524
e6d4da43-aa9e-4f0c-9cfd-c281e41ac0ea	4	35911760	35913589	6	-0.613
e6d4da43-aa9e-4f0c-9cfd-c281e41ac0ea	4	35917723	36948776	643	0.2592
e6d4da43-aa9e-4f0c-9cfd-c281e41ac0ea	4	36950158	43766580	4016	0.313
e6d4da43-aa9e-4f0c-9cfd-c281e41ac0ea	4	43766826	46689103	1391	0.1959
e6d4da43-aa9e-4f0c-9cfd-c281e41ac0ea	4	46689103	54696881	2715	0.2549
e6d4da43-aa9e-4f0c-9cfd-c281e41ac0ea	4	54696895	57403002	1634	0.3118
e6d4da43-aa9e-4f0c-9cfd-c281e41ac0ea	4	57404972	58509598	691	0.259
e6d4da43-aa9e-4f0c-9cfd-c281e41ac0ea	4	58509762	70876634	6178	0.2037
e6d4da43-aa9e-4f0c-9cfd-c281e41ac0ea	4	70878113	74536146	2043	0.2541
e6d4da43-aa9e-4f0c-9cfd-c281e41ac0ea	4	74537334	74540333	9	0.8799
e6d4da43-aa9e-4f0c-9cfd-c281e41ac0ea	4	74542237	77318037	1769	0.2915
e6d4da43-aa9e-4f0c-9cfd-c281e41ac0ea	4	77318828	77328932	8	-0.4665
e6d4da43-aa9e-4f0c-9cfd-c281e41ac0ea	4	77328967	77412262	76	0.2724
e6d4da43-aa9e-4f0c-9cfd-c281e41ac0ea	4	77412644	77413728	4	-0.3523
e6d4da43-aa9e-4f0c-9cfd-c281e41ac0ea	4	77413996	77525204	83	0.2394
e6d4da43-aa9e-4f0c-9cfd-c281e41ac0ea	4	77525990	77527731	2	-0.9775
e6d4da43-aa9e-4f0c-9cfd-c281e41ac0ea	4	77531977	77610342	47	0.3099
e6d4da43-aa9e-4f0c-9cfd-c281e41ac0ea	4	77611445	77632612	20	0.7335
e6d4da43-aa9e-4f0c-9cfd-c281e41ac0ea	4	77635148	84278942	3970	0.2842
e6d4da43-aa9e-4f0c-9cfd-c281e41ac0ea	4	84279417	86049089	1088	0.2236
e6d4da43-aa9e-4f0c-9cfd-c281e41ac0ea	4	86049248	90709422	2704	0.2864
e6d4da43-aa9e-4f0c-9cfd-c281e41ac0ea	4	90710483	106986217	8883	-0.5408
e6d4da43-aa9e-4f0c-9cfd-c281e41ac0ea	4	106986868	107352408	234	0.3006
e6d4da43-aa9e-4f0c-9cfd-c281e41ac0ea	4	107358064	107358586	2	-1.1468
e6d4da43-aa9e-4f0c-9cfd-c281e41ac0ea	4	107358937	110751117	1958	0.2931
e6d4da43-aa9e-4f0c-9cfd-c281e41ac0ea	4	110754755	110754822	2	-1.528
e6d4da43-aa9e-4f0c-9cfd-c281e41ac0ea	4	110755798	112227865	846	0.2604
e6d4da43-aa9e-4f0c-9cfd-c281e41ac0ea	4	112229132	115081229	1750	1.1395
e6d4da43-aa9e-4f0c-9cfd-c281e41ac0ea	4	115081295	115342429	151	0.234
e6d4da43-aa9e-4f0c-9cfd-c281e41ac0ea	4	115349303	115349716	3	-2.8058
e6d4da43-aa9e-4f0c-9cfd-c281e41ac0ea	4	115357513	132563523	9091	0.2492
e6d4da43-aa9e-4f0c-9cfd-c281e41ac0ea	4	132565701	132566201	2	-2.2226
e6d4da43-aa9e-4f0c-9cfd-c281e41ac0ea	4	132566768	136598648	1826	0.2203
e6d4da43-aa9e-4f0c-9cfd-c281e41ac0ea	4	136603673	136603826	2	-2.2766
e6d4da43-aa9e-4f0c-9cfd-c281e41ac0ea	4	136604712	136850249	164	0.2313
e6d4da43-aa9e-4f0c-9cfd-c281e41ac0ea	4	136855795	142938499	3874	0.8008
e6d4da43-aa9e-4f0c-9cfd-c281e41ac0ea	4	142938576	144360178	662	0.7079
e6d4da43-aa9e-4f0c-9cfd-c281e41ac0ea	4	144361839	153366296	4851	0.7916
e6d4da43-aa9e-4f0c-9cfd-c281e41ac0ea	4	153366974	161087245	4620	0.2806
e6d4da43-aa9e-4f0c-9cfd-c281e41ac0ea	4	161087453	165180217	2180	0.2038
e6d4da43-aa9e-4f0c-9cfd-c281e41ac0ea	4	165182800	167552424	1292	0.2661
e6d4da43-aa9e-4f0c-9cfd-c281e41ac0ea	4	167559172	170733958	1795	-0.5119
e6d4da43-aa9e-4f0c-9cfd-c281e41ac0ea	4	170734415	170854444	80	-0.5921
e6d4da43-aa9e-4f0c-9cfd-c281e41ac0ea	4	170858835	170858956	2	-2.651
e6d4da43-aa9e-4f0c-9cfd-c281e41ac0ea	4	170865733	182170117	6186	-0.5781
e6d4da43-aa9e-4f0c-9cfd-c281e41ac0ea	4	182170578	187842528	2423	-0.5063
e6d4da43-aa9e-4f0c-9cfd-c281e41ac0ea	5	913983	9677134	6405	0.7167
e6d4da43-aa9e-4f0c-9cfd-c281e41ac0ea	5	9677475	14060056	2619	0.7758
e6d4da43-aa9e-4f0c-9cfd-c281e41ac0ea	5	14060198	15194238	871	0.8405
e6d4da43-aa9e-4f0c-9cfd-c281e41ac0ea	5	15194802	17328160	929	0.7599
e6d4da43-aa9e-4f0c-9cfd-c281e41ac0ea	5	17328347	21339080	1898	0.724
e6d4da43-aa9e-4f0c-9cfd-c281e41ac0ea	5	21341983	29087787	4055	0.2249
e6d4da43-aa9e-4f0c-9cfd-c281e41ac0ea	5	29095849	35015093	3404	0.2847
e6d4da43-aa9e-4f0c-9cfd-c281e41ac0ea	5	35022929	35023681	3	-0.906
e6d4da43-aa9e-4f0c-9cfd-c281e41ac0ea	5	35024513	41202035	3952	0.2657
e6d4da43-aa9e-4f0c-9cfd-c281e41ac0ea	5	41202732	41224844	22	0.7125
e6d4da43-aa9e-4f0c-9cfd-c281e41ac0ea	5	41226663	44030145	1414	0.2561
e6d4da43-aa9e-4f0c-9cfd-c281e41ac0ea	5	44030379	53035773	1910	0.2095
e6d4da43-aa9e-4f0c-9cfd-c281e41ac0ea	5	53037461	53063207	24	-0.5565
e6d4da43-aa9e-4f0c-9cfd-c281e41ac0ea	5	53066456	59172842	3998	0.2954
e6d4da43-aa9e-4f0c-9cfd-c281e41ac0ea	5	59173222	59174456	4	-0.8453
e6d4da43-aa9e-4f0c-9cfd-c281e41ac0ea	5	59180291	61781030	1507	0.3023
e6d4da43-aa9e-4f0c-9cfd-c281e41ac0ea	5	61784772	62431627	347	0.827
e6d4da43-aa9e-4f0c-9cfd-c281e41ac0ea	5	62440248	69233016	3877	0.2999
e6d4da43-aa9e-4f0c-9cfd-c281e41ac0ea	5	69238418	69264043	8	0.8653
e6d4da43-aa9e-4f0c-9cfd-c281e41ac0ea	5	69267602	73787358	1583	0.3126
e6d4da43-aa9e-4f0c-9cfd-c281e41ac0ea	5	73791399	82787429	5407	-0.5212
e6d4da43-aa9e-4f0c-9cfd-c281e41ac0ea	5	82788690	84651964	1046	-0.5828
e6d4da43-aa9e-4f0c-9cfd-c281e41ac0ea	5	84653528	84658883	3	1.036
e6d4da43-aa9e-4f0c-9cfd-c281e41ac0ea	5	84663086	95142884	5323	-0.5795
e6d4da43-aa9e-4f0c-9cfd-c281e41ac0ea	5	95143106	102394747	3082	-0.5376
e6d4da43-aa9e-4f0c-9cfd-c281e41ac0ea	5	102407693	102711446	174	-2.5712
e6d4da43-aa9e-4f0c-9cfd-c281e41ac0ea	5	102711783	102718717	4	-7.609
e6d4da43-aa9e-4f0c-9cfd-c281e41ac0ea	5	102729477	103492291	353	-2.6178
e6d4da43-aa9e-4f0c-9cfd-c281e41ac0ea	5	103498132	105079113	903	-2.326
e6d4da43-aa9e-4f0c-9cfd-c281e41ac0ea	5	105079130	105089267	11	-4.9765
e6d4da43-aa9e-4f0c-9cfd-c281e41ac0ea	5	105089589	107251097	935	-2.2859
e6d4da43-aa9e-4f0c-9cfd-c281e41ac0ea	5	107252160	108383461	871	-2.8147
e6d4da43-aa9e-4f0c-9cfd-c281e41ac0ea	5	108383877	130813715	13393	-0.5456
e6d4da43-aa9e-4f0c-9cfd-c281e41ac0ea	5	130814111	139691608	5135	-0.4978
e6d4da43-aa9e-4f0c-9cfd-c281e41ac0ea	5	139692600	141805936	946	0.3429
e6d4da43-aa9e-4f0c-9cfd-c281e41ac0ea	5	141819204	141819639	2	-1.1072
e6d4da43-aa9e-4f0c-9cfd-c281e41ac0ea	5	141820152	143796837	1421	0.3415
e6d4da43-aa9e-4f0c-9cfd-c281e41ac0ea	5	143797663	144170825	252	0.2688
e6d4da43-aa9e-4f0c-9cfd-c281e41ac0ea	5	144174704	144183339	10	0.7335
e6d4da43-aa9e-4f0c-9cfd-c281e41ac0ea	5	144185928	144980469	412	0.2408
e6d4da43-aa9e-4f0c-9cfd-c281e41ac0ea	5	144980484	152560678	5062	0.323
e6d4da43-aa9e-4f0c-9cfd-c281e41ac0ea	5	152561055	154000070	942	0.2583
e6d4da43-aa9e-4f0c-9cfd-c281e41ac0ea	5	154000677	154465243	319	0.318
e6d4da43-aa9e-4f0c-9cfd-c281e41ac0ea	5	154465433	154465503	2	-1.9625
e6d4da43-aa9e-4f0c-9cfd-c281e41ac0ea	5	154476927	157966535	2241	0.3106
e6d4da43-aa9e-4f0c-9cfd-c281e41ac0ea	5	157972042	157972891	3	-1.7994
e6d4da43-aa9e-4f0c-9cfd-c281e41ac0ea	5	157974887	160917085	1976	0.2914
e6d4da43-aa9e-4f0c-9cfd-c281e41ac0ea	5	160920605	160941531	28	-0.6092
e6d4da43-aa9e-4f0c-9cfd-c281e41ac0ea	5	160947976	165009777	2397	0.2392
e6d4da43-aa9e-4f0c-9cfd-c281e41ac0ea	5	165014018	165337502	216	0.1871
e6d4da43-aa9e-4f0c-9cfd-c281e41ac0ea	5	165341742	167832205	1698	0.0673
e6d4da43-aa9e-4f0c-9cfd-c281e41ac0ea	5	167832528	177034619	5911	0.1503
e6d4da43-aa9e-4f0c-9cfd-c281e41ac0ea	5	177037003	179840783	1281	-0.0801
e6d4da43-aa9e-4f0c-9cfd-c281e41ac0ea	5	179841779	180934240	514	0.3604
e6d4da43-aa9e-4f0c-9cfd-c281e41ac0ea	6	1011760	4177293	2400	-0.5091
e6d4da43-aa9e-4f0c-9cfd-c281e41ac0ea	6	4178678	6547372	1655	0.2974
e6d4da43-aa9e-4f0c-9cfd-c281e41ac0ea	6	6549923	7765637	933	0.3594
e6d4da43-aa9e-4f0c-9cfd-c281e41ac0ea	6	7769520	11022651	2100	0.2863
e6d4da43-aa9e-4f0c-9cfd-c281e41ac0ea	6	11026766	11029570	2	-1.5163
e6d4da43-aa9e-4f0c-9cfd-c281e41ac0ea	6	11030874	20739788	6915	0.3006
e6d4da43-aa9e-4f0c-9cfd-c281e41ac0ea	6	20741550	20791353	38	0.7405
e6d4da43-aa9e-4f0c-9cfd-c281e41ac0ea	6	20792007	27398028	3979	0.2783
e6d4da43-aa9e-4f0c-9cfd-c281e41ac0ea	6	27405351	28043792	196	-0.5697
e6d4da43-aa9e-4f0c-9cfd-c281e41ac0ea	6	28056132	31238839	1172	0.7844
e6d4da43-aa9e-4f0c-9cfd-c281e41ac0ea	6	32899215	36951107	2123	-0.4218
e6d4da43-aa9e-4f0c-9cfd-c281e41ac0ea	6	36951541	37590966	413	-0.1688
e6d4da43-aa9e-4f0c-9cfd-c281e41ac0ea	6	37591672	38685989	718	-0.2451
e6d4da43-aa9e-4f0c-9cfd-c281e41ac0ea	6	38690363	38690440	2	-1.6913
e6d4da43-aa9e-4f0c-9cfd-c281e41ac0ea	6	38691107	41075569	1864	-0.2314
e6d4da43-aa9e-4f0c-9cfd-c281e41ac0ea	6	41078627	43389666	1292	-0.1563
e6d4da43-aa9e-4f0c-9cfd-c281e41ac0ea	6	43401010	47857609	2721	0.3693
e6d4da43-aa9e-4f0c-9cfd-c281e41ac0ea	6	47857660	50161089	1163	0.2563
e6d4da43-aa9e-4f0c-9cfd-c281e41ac0ea	6	50164694	50165233	2	-1.331
e6d4da43-aa9e-4f0c-9cfd-c281e41ac0ea	6	50168270	52056181	1142	0.2723
e6d4da43-aa9e-4f0c-9cfd-c281e41ac0ea	6	52056706	52524978	330	0.3359
e6d4da43-aa9e-4f0c-9cfd-c281e41ac0ea	6	52526774	54323110	1261	0.1658
e6d4da43-aa9e-4f0c-9cfd-c281e41ac0ea	6	54330341	57328568	1709	0.1026
e6d4da43-aa9e-4f0c-9cfd-c281e41ac0ea	6	57329320	70031429	4562	0.1952
e6d4da43-aa9e-4f0c-9cfd-c281e41ac0ea	6	70032942	73794351	2250	0.2718
e6d4da43-aa9e-4f0c-9cfd-c281e41ac0ea	6	73795434	73800538	13	0.8169
e6d4da43-aa9e-4f0c-9cfd-c281e41ac0ea	6	73802386	80899841	3849	0.2684
e6d4da43-aa9e-4f0c-9cfd-c281e41ac0ea	6	80901910	87998034	4074	0.3767
e6d4da43-aa9e-4f0c-9cfd-c281e41ac0ea	6	88003613	90780742	1755	0.9133
e6d4da43-aa9e-4f0c-9cfd-c281e41ac0ea	6	90781426	96621962	2615	0.8108
e6d4da43-aa9e-4f0c-9cfd-c281e41ac0ea	6	96622224	96634497	15	0.1188
e6d4da43-aa9e-4f0c-9cfd-c281e41ac0ea	6	96643803	104852695	4710	0.8257
e6d4da43-aa9e-4f0c-9cfd-c281e41ac0ea	6	104856116	105491711	365	0.9029
e6d4da43-aa9e-4f0c-9cfd-c281e41ac0ea	6	105491811	112427260	4290	0.3059
e6d4da43-aa9e-4f0c-9cfd-c281e41ac0ea	6	112438025	115700324	1857	-2.5591
e6d4da43-aa9e-4f0c-9cfd-c281e41ac0ea	6	115705682	115789971	65	-0.3102
e6d4da43-aa9e-4f0c-9cfd-c281e41ac0ea	6	115790477	115790564	2	1.0968
e6d4da43-aa9e-4f0c-9cfd-c281e41ac0ea	6	115791133	116287842	278	-0.2927
e6d4da43-aa9e-4f0c-9cfd-c281e41ac0ea	6	116288087	116359327	42	-0.9023
e6d4da43-aa9e-4f0c-9cfd-c281e41ac0ea	6	116360315	125570226	5023	-0.3191
e6d4da43-aa9e-4f0c-9cfd-c281e41ac0ea	6	125573120	125588565	10	-3.6296
e6d4da43-aa9e-4f0c-9cfd-c281e41ac0ea	6	125589785	129436205	2204	-0.3086
e6d4da43-aa9e-4f0c-9cfd-c281e41ac0ea	6	129437156	129443067	3	-2.3144
e6d4da43-aa9e-4f0c-9cfd-c281e41ac0ea	6	129443220	133138494	2510	-0.3204
e6d4da43-aa9e-4f0c-9cfd-c281e41ac0ea	6	133138555	133138601	2	-3.1126
e6d4da43-aa9e-4f0c-9cfd-c281e41ac0ea	6	133138619	134081770	648	-0.3227
e6d4da43-aa9e-4f0c-9cfd-c281e41ac0ea	6	134082705	134092399	6	-1.4562
e6d4da43-aa9e-4f0c-9cfd-c281e41ac0ea	6	134096184	145286740	6761	-0.2887
e6d4da43-aa9e-4f0c-9cfd-c281e41ac0ea	6	145286859	147860603	1556	-0.3717
e6d4da43-aa9e-4f0c-9cfd-c281e41ac0ea	6	147865464	150576449	1913	-0.2712
e6d4da43-aa9e-4f0c-9cfd-c281e41ac0ea	6	150577406	151049068	341	-2.9898
e6d4da43-aa9e-4f0c-9cfd-c281e41ac0ea	6	151050466	151318464	193	-0.3179
e6d4da43-aa9e-4f0c-9cfd-c281e41ac0ea	6	151318556	151859991	364	-0.1597
e6d4da43-aa9e-4f0c-9cfd-c281e41ac0ea	6	151860882	151948392	71	-0.249
e6d4da43-aa9e-4f0c-9cfd-c281e41ac0ea	6	151948425	151965105	32	0.6293
e6d4da43-aa9e-4f0c-9cfd-c281e41ac0ea	6	151974478	156614098	3278	-0.3115
e6d4da43-aa9e-4f0c-9cfd-c281e41ac0ea	6	156617082	160180242	2123	-0.2581
e6d4da43-aa9e-4f0c-9cfd-c281e41ac0ea	6	160182978	170596889	5257	-0.3155
e6d4da43-aa9e-4f0c-9cfd-c281e41ac0ea	7	664936	7161250	2338	-0.4657
e6d4da43-aa9e-4f0c-9cfd-c281e41ac0ea	7	7161400	11834432	2429	-0.5324
e6d4da43-aa9e-4f0c-9cfd-c281e41ac0ea	7	11845056	12492822	517	0.2633
e6d4da43-aa9e-4f0c-9cfd-c281e41ac0ea	7	12503547	13439812	592	-0.5595
e6d4da43-aa9e-4f0c-9cfd-c281e41ac0ea	7	13440408	18867407	3429	0.6954
e6d4da43-aa9e-4f0c-9cfd-c281e41ac0ea	7	19748494	20666446	675	0.2423
e6d4da43-aa9e-4f0c-9cfd-c281e41ac0ea	7	20670414	20671025	2	-1.4986
e6d4da43-aa9e-4f0c-9cfd-c281e41ac0ea	7	20679778	23995508	2335	0.2966
e6d4da43-aa9e-4f0c-9cfd-c281e41ac0ea	7	24000259	24000764	2	2.7314
e6d4da43-aa9e-4f0c-9cfd-c281e41ac0ea	7	24001198	29968183	4007	0.295
e6d4da43-aa9e-4f0c-9cfd-c281e41ac0ea	7	29970191	30021939	29	0.8645
e6d4da43-aa9e-4f0c-9cfd-c281e41ac0ea	7	30027691	31663067	1069	0.3183
e6d4da43-aa9e-4f0c-9cfd-c281e41ac0ea	7	31663226	35345749	2265	0.2584
e6d4da43-aa9e-4f0c-9cfd-c281e41ac0ea	7	35345787	42601804	5026	0.3009
e6d4da43-aa9e-4f0c-9cfd-c281e41ac0ea	7	42602670	42640432	19	0.8494
e6d4da43-aa9e-4f0c-9cfd-c281e41ac0ea	7	42646301	43424045	147	0.3379
e6d4da43-aa9e-4f0c-9cfd-c281e41ac0ea	7	43434218	43446239	13	0.8495
e6d4da43-aa9e-4f0c-9cfd-c281e41ac0ea	7	43446504	47648661	2647	0.3276
e6d4da43-aa9e-4f0c-9cfd-c281e41ac0ea	7	47650436	47703887	39	0.8497
e6d4da43-aa9e-4f0c-9cfd-c281e41ac0ea	7	47708849	48527238	534	0.3514
e6d4da43-aa9e-4f0c-9cfd-c281e41ac0ea	7	48527328	53352769	3493	0.2605
e6d4da43-aa9e-4f0c-9cfd-c281e41ac0ea	7	53352788	53352795	2	-1.0754
e6d4da43-aa9e-4f0c-9cfd-c281e41ac0ea	7	53360257	56045371	1705	0.2603
e6d4da43-aa9e-4f0c-9cfd-c281e41ac0ea	7	56050040	56105402	11	-0.3833
e6d4da43-aa9e-4f0c-9cfd-c281e41ac0ea	7	56105935	65861729	789	0.2666
e6d4da43-aa9e-4f0c-9cfd-c281e41ac0ea	7	65861834	67415781	432	0.3196
e6d4da43-aa9e-4f0c-9cfd-c281e41ac0ea	7	67417666	67441844	24	0.8129
e6d4da43-aa9e-4f0c-9cfd-c281e41ac0ea	7	67441943	72503556	3095	0.2612
e6d4da43-aa9e-4f0c-9cfd-c281e41ac0ea	7	72503645	76407292	929	0.3472
e6d4da43-aa9e-4f0c-9cfd-c281e41ac0ea	7	76409947	77433084	222	0.1375
e6d4da43-aa9e-4f0c-9cfd-c281e41ac0ea	7	77433362	80268684	1854	0.031
e6d4da43-aa9e-4f0c-9cfd-c281e41ac0ea	7	80271611	80277613	7	-0.8501
e6d4da43-aa9e-4f0c-9cfd-c281e41ac0ea	7	80280765	83723051	2167	0.0379
e6d4da43-aa9e-4f0c-9cfd-c281e41ac0ea	7	83724760	83724902	4	-1.1143
e6d4da43-aa9e-4f0c-9cfd-c281e41ac0ea	7	83725554	93199680	4398	0.0109
e6d4da43-aa9e-4f0c-9cfd-c281e41ac0ea	7	93218653	93218753	2	-1.5936
e6d4da43-aa9e-4f0c-9cfd-c281e41ac0ea	7	93218896	96804060	2169	0.0255
e6d4da43-aa9e-4f0c-9cfd-c281e41ac0ea	7	96804596	110571993	7005	-0.4957
e6d4da43-aa9e-4f0c-9cfd-c281e41ac0ea	7	110573832	112859869	778	0.2755
e6d4da43-aa9e-4f0c-9cfd-c281e41ac0ea	7	112861604	112871250	11	-0.376
e6d4da43-aa9e-4f0c-9cfd-c281e41ac0ea	7	112880846	114473985	825	0.2323
e6d4da43-aa9e-4f0c-9cfd-c281e41ac0ea	7	114474994	114556093	36	0.6954
e6d4da43-aa9e-4f0c-9cfd-c281e41ac0ea	7	114562361	120727782	3405	0.2441
e6d4da43-aa9e-4f0c-9cfd-c281e41ac0ea	7	120735132	120931073	92	-0.6059
e6d4da43-aa9e-4f0c-9cfd-c281e41ac0ea	7	120931546	127760613	3920	0.2407
e6d4da43-aa9e-4f0c-9cfd-c281e41ac0ea	7	127762367	129024073	535	0.3389
e6d4da43-aa9e-4f0c-9cfd-c281e41ac0ea	7	129037648	129059738	9	-0.5883
e6d4da43-aa9e-4f0c-9cfd-c281e41ac0ea	7	129061728	130023656	460	0.314
e6d4da43-aa9e-4f0c-9cfd-c281e41ac0ea	7	130024472	134290925	2469	0.8122
e6d4da43-aa9e-4f0c-9cfd-c281e41ac0ea	7	134292154	135084410	576	1.1623
e6d4da43-aa9e-4f0c-9cfd-c281e41ac0ea	7	135097743	138491793	2145	0.7774
e6d4da43-aa9e-4f0c-9cfd-c281e41ac0ea	7	138492676	140693328	1121	0.8644
e6d4da43-aa9e-4f0c-9cfd-c281e41ac0ea	7	140694324	146395991	2646	0.7571
e6d4da43-aa9e-4f0c-9cfd-c281e41ac0ea	7	146396517	146402144	9	-0.4265
e6d4da43-aa9e-4f0c-9cfd-c281e41ac0ea	7	146405111	148561069	1468	0.7459
e6d4da43-aa9e-4f0c-9cfd-c281e41ac0ea	7	148565440	153029156	2068	0.8514
e6d4da43-aa9e-4f0c-9cfd-c281e41ac0ea	7	153029296	153236156	169	0.7386
e6d4da43-aa9e-4f0c-9cfd-c281e41ac0ea	7	154067655	158592540	2811	1.1869
e6d4da43-aa9e-4f0c-9cfd-c281e41ac0ea	8	667625	5035703	2347	-3.044
e6d4da43-aa9e-4f0c-9cfd-c281e41ac0ea	8	5035831	5063332	23	-6.0562
e6d4da43-aa9e-4f0c-9cfd-c281e41ac0ea	8	5063573	5390815	277	-2.6198
e6d4da43-aa9e-4f0c-9cfd-c281e41ac0ea	8	6348805	10812564	1930	-0.4898
e6d4da43-aa9e-4f0c-9cfd-c281e41ac0ea	8	10812580	10812598	2	-2.0049
e6d4da43-aa9e-4f0c-9cfd-c281e41ac0ea	8	10813040	13984039	1601	-0.5027
e6d4da43-aa9e-4f0c-9cfd-c281e41ac0ea	8	13984162	17247906	2357	-0.5602
e6d4da43-aa9e-4f0c-9cfd-c281e41ac0ea	8	17257348	22879895	4287	-0.5013
e6d4da43-aa9e-4f0c-9cfd-c281e41ac0ea	8	22880379	22886381	7	0.5825
e6d4da43-aa9e-4f0c-9cfd-c281e41ac0ea	8	22888135	29882700	4782	-0.4856
e6d4da43-aa9e-4f0c-9cfd-c281e41ac0ea	8	29884232	29889225	12	0.3139
e6d4da43-aa9e-4f0c-9cfd-c281e41ac0ea	8	29891240	31518190	954	-0.4815
e6d4da43-aa9e-4f0c-9cfd-c281e41ac0ea	8	31522403	37291030	3295	-0.5736
e6d4da43-aa9e-4f0c-9cfd-c281e41ac0ea	8	37292138	41382739	2216	-0.5065
e6d4da43-aa9e-4f0c-9cfd-c281e41ac0ea	8	41386611	41432044	32	0.4124
e6d4da43-aa9e-4f0c-9cfd-c281e41ac0ea	8	41436888	42549679	726	-0.464
e6d4da43-aa9e-4f0c-9cfd-c281e41ac0ea	8	42550634	60555898	8152	0.2527
e6d4da43-aa9e-4f0c-9cfd-c281e41ac0ea	8	60556140	60724590	120	0.8265
e6d4da43-aa9e-4f0c-9cfd-c281e41ac0ea	8	60727493	62375600	1097	0.2452
e6d4da43-aa9e-4f0c-9cfd-c281e41ac0ea	8	62375603	62384165	4	-1.2454
e6d4da43-aa9e-4f0c-9cfd-c281e41ac0ea	8	62384352	68479210	3309	0.263
e6d4da43-aa9e-4f0c-9cfd-c281e41ac0ea	8	68479818	68586762	53	0.8342
e6d4da43-aa9e-4f0c-9cfd-c281e41ac0ea	8	68591660	74369392	3731	0.2824
e6d4da43-aa9e-4f0c-9cfd-c281e41ac0ea	8	74376761	93068603	10062	0.2329
e6d4da43-aa9e-4f0c-9cfd-c281e41ac0ea	8	93068687	96326970	2090	0.2986
e6d4da43-aa9e-4f0c-9cfd-c281e41ac0ea	8	96329862	96330113	2	-1.0805
e6d4da43-aa9e-4f0c-9cfd-c281e41ac0ea	8	96331740	99810154	1944	0.2808
e6d4da43-aa9e-4f0c-9cfd-c281e41ac0ea	8	99816910	103042906	1935	-0.4869
e6d4da43-aa9e-4f0c-9cfd-c281e41ac0ea	8	103047869	103082217	31	0.3186
e6d4da43-aa9e-4f0c-9cfd-c281e41ac0ea	8	103083042	104036069	532	-0.5443
e6d4da43-aa9e-4f0c-9cfd-c281e41ac0ea	8	104039373	114882170	5589	0.2396
e6d4da43-aa9e-4f0c-9cfd-c281e41ac0ea	8	114882269	122060203	4747	0.2865
e6d4da43-aa9e-4f0c-9cfd-c281e41ac0ea	8	122060265	126114903	2741	0.331
e6d4da43-aa9e-4f0c-9cfd-c281e41ac0ea	8	126115759	133096474	4964	0.2867
e6d4da43-aa9e-4f0c-9cfd-c281e41ac0ea	8	133097518	133103493	9	-0.4402
e6d4da43-aa9e-4f0c-9cfd-c281e41ac0ea	8	133105786	133696764	521	0.3738
e6d4da43-aa9e-4f0c-9cfd-c281e41ac0ea	8	133697114	135080711	1162	0.2851
e6d4da43-aa9e-4f0c-9cfd-c281e41ac0ea	8	135081333	135998313	630	0.2524
e6d4da43-aa9e-4f0c-9cfd-c281e41ac0ea	8	135999214	139868923	2905	-0.529
e6d4da43-aa9e-4f0c-9cfd-c281e41ac0ea	8	139876311	144182542	1042	-0.4264
e6d4da43-aa9e-4f0c-9cfd-c281e41ac0ea	9	789794	7504352	4016	0.3178
e6d4da43-aa9e-4f0c-9cfd-c281e41ac0ea	9	7504790	11247205	2329	0.2336
e6d4da43-aa9e-4f0c-9cfd-c281e41ac0ea	9	11257448	14310934	1326	0.3128
e6d4da43-aa9e-4f0c-9cfd-c281e41ac0ea	9	14319510	14327183	6	-1.2455
e6d4da43-aa9e-4f0c-9cfd-c281e41ac0ea	9	14330971	20000279	4617	0.2843
e6d4da43-aa9e-4f0c-9cfd-c281e41ac0ea	9	20000426	25537538	3625	-0.5331
e6d4da43-aa9e-4f0c-9cfd-c281e41ac0ea	9	25544795	25545660	3	-2.3812
e6d4da43-aa9e-4f0c-9cfd-c281e41ac0ea	9	25547132	33134548	4343	-0.5348
e6d4da43-aa9e-4f0c-9cfd-c281e41ac0ea	9	33134619	36360612	1708	0.3486
e6d4da43-aa9e-4f0c-9cfd-c281e41ac0ea	9	36366601	36385132	16	0.9636
e6d4da43-aa9e-4f0c-9cfd-c281e41ac0ea	9	36388237	37046094	474	0.3492
e6d4da43-aa9e-4f0c-9cfd-c281e41ac0ea	9	37046478	86457081	13669	0.2868
e6d4da43-aa9e-4f0c-9cfd-c281e41ac0ea	9	86463551	86514835	22	-0.5554
e6d4da43-aa9e-4f0c-9cfd-c281e41ac0ea	9	86522099	88159424	1271	0.3138
e6d4da43-aa9e-4f0c-9cfd-c281e41ac0ea	9	88162882	100924971	7990	-0.4763
e6d4da43-aa9e-4f0c-9cfd-c281e41ac0ea	9	100925197	103935910	1674	-0.5578
e6d4da43-aa9e-4f0c-9cfd-c281e41ac0ea	9	103936056	104048899	31	-0.3912
e6d4da43-aa9e-4f0c-9cfd-c281e41ac0ea	9	104050851	106343869	1530	0.3015
e6d4da43-aa9e-4f0c-9cfd-c281e41ac0ea	9	106344548	116103702	6964	-0.4744
e6d4da43-aa9e-4f0c-9cfd-c281e41ac0ea	9	116105389	120312870	3315	-0.5287
e6d4da43-aa9e-4f0c-9cfd-c281e41ac0ea	9	120313331	124433594	2590	-0.4504
e6d4da43-aa9e-4f0c-9cfd-c281e41ac0ea	9	124434643	131438238	3826	0.3904
e6d4da43-aa9e-4f0c-9cfd-c281e41ac0ea	9	131441649	131442209	2	-1.4317
e6d4da43-aa9e-4f0c-9cfd-c281e41ac0ea	9	131445461	138044505	3125	0.399
e6d4da43-aa9e-4f0c-9cfd-c281e41ac0ea	10	366509	1776305	588	1.1946
e6d4da43-aa9e-4f0c-9cfd-c281e41ac0ea	10	1778660	5405255	2707	0.7849
e6d4da43-aa9e-4f0c-9cfd-c281e41ac0ea	10	5412214	6207628	528	0.8688
e6d4da43-aa9e-4f0c-9cfd-c281e41ac0ea	10	6207742	6209183	2	-0.3262
e6d4da43-aa9e-4f0c-9cfd-c281e41ac0ea	10	6209289	6346030	126	0.8792
e6d4da43-aa9e-4f0c-9cfd-c281e41ac0ea	10	6347508	6898416	376	0.795
e6d4da43-aa9e-4f0c-9cfd-c281e41ac0ea	10	6898586	6898781	3	2.0026
e6d4da43-aa9e-4f0c-9cfd-c281e41ac0ea	10	6899710	7366046	426	0.7923
e6d4da43-aa9e-4f0c-9cfd-c281e41ac0ea	10	7368455	7371018	4	1.5935
e6d4da43-aa9e-4f0c-9cfd-c281e41ac0ea	10	7377817	9538866	1726	-0.5094
e6d4da43-aa9e-4f0c-9cfd-c281e41ac0ea	10	9726745	10473818	548	0.2743
e6d4da43-aa9e-4f0c-9cfd-c281e41ac0ea	10	10475012	16263793	4584	0.8532
e6d4da43-aa9e-4f0c-9cfd-c281e41ac0ea	10	16265151	19084899	2005	1.14
e6d4da43-aa9e-4f0c-9cfd-c281e41ac0ea	10	19088361	22277595	2122	0.2668
e6d4da43-aa9e-4f0c-9cfd-c281e41ac0ea	10	22279623	27671583	3435	0.3287
e6d4da43-aa9e-4f0c-9cfd-c281e41ac0ea	10	27671603	28547009	590	0.407
e6d4da43-aa9e-4f0c-9cfd-c281e41ac0ea	10	28553348	30692235	1716	0.3271
e6d4da43-aa9e-4f0c-9cfd-c281e41ac0ea	10	30695087	37242651	4089	0.2766
e6d4da43-aa9e-4f0c-9cfd-c281e41ac0ea	10	37252055	38731451	680	0.2016
e6d4da43-aa9e-4f0c-9cfd-c281e41ac0ea	10	38737005	51243182	3813	0.2815
e6d4da43-aa9e-4f0c-9cfd-c281e41ac0ea	10	51243200	55617034	2720	0.2062
e6d4da43-aa9e-4f0c-9cfd-c281e41ac0ea	10	55618497	57440081	879	0.2662
e6d4da43-aa9e-4f0c-9cfd-c281e41ac0ea	10	57490663	61013305	2570	-0.497
e6d4da43-aa9e-4f0c-9cfd-c281e41ac0ea	10	61013887	61014700	3	-2.2055
e6d4da43-aa9e-4f0c-9cfd-c281e41ac0ea	10	61021942	61888571	563	-0.4834
e6d4da43-aa9e-4f0c-9cfd-c281e41ac0ea	10	61892303	67569594	3156	-0.536
e6d4da43-aa9e-4f0c-9cfd-c281e41ac0ea	10	67569714	69265437	885	-0.4505
e6d4da43-aa9e-4f0c-9cfd-c281e41ac0ea	10	69269709	71808721	1857	0.3566
e6d4da43-aa9e-4f0c-9cfd-c281e41ac0ea	10	71815482	75384237	1610	0.8538
e6d4da43-aa9e-4f0c-9cfd-c281e41ac0ea	10	75385169	75538344	79	0.349
e6d4da43-aa9e-4f0c-9cfd-c281e41ac0ea	10	75538660	75671960	92	-2.682
e6d4da43-aa9e-4f0c-9cfd-c281e41ac0ea	10	75675862	75776303	70	-0.4938
e6d4da43-aa9e-4f0c-9cfd-c281e41ac0ea	10	75777804	75781902	5	0.6375
e6d4da43-aa9e-4f0c-9cfd-c281e41ac0ea	10	75782800	77529152	1381	0.8408
e6d4da43-aa9e-4f0c-9cfd-c281e41ac0ea	10	77531079	79379126	1466	0.5254
e6d4da43-aa9e-4f0c-9cfd-c281e41ac0ea	10	79380066	81816322	1107	0.4436
e6d4da43-aa9e-4f0c-9cfd-c281e41ac0ea	10	81817835	87420357	3706	-0.516
e6d4da43-aa9e-4f0c-9cfd-c281e41ac0ea	10	87420466	87427204	12	-1.1296
e6d4da43-aa9e-4f0c-9cfd-c281e41ac0ea	10	87427238	87851864	238	-2.7748
e6d4da43-aa9e-4f0c-9cfd-c281e41ac0ea	10	87852121	87872765	33	-1.5938
e6d4da43-aa9e-4f0c-9cfd-c281e41ac0ea	10	87881541	87883103	8	-0.2077
e6d4da43-aa9e-4f0c-9cfd-c281e41ac0ea	10	87883257	87889858	8	-2.0059
e6d4da43-aa9e-4f0c-9cfd-c281e41ac0ea	10	87889913	87892180	4	-0.6266
e6d4da43-aa9e-4f0c-9cfd-c281e41ac0ea	10	87892278	87897393	8	-1.9633
e6d4da43-aa9e-4f0c-9cfd-c281e41ac0ea	10	87898118	87902277	9	-0.2043
e6d4da43-aa9e-4f0c-9cfd-c281e41ac0ea	10	87902349	87970890	119	-1.5262
e6d4da43-aa9e-4f0c-9cfd-c281e41ac0ea	10	87975840	89726108	1201	-2.7144
e6d4da43-aa9e-4f0c-9cfd-c281e41ac0ea	10	89729520	105468307	9054	-0.4824
e6d4da43-aa9e-4f0c-9cfd-c281e41ac0ea	10	105468841	107087449	1107	-0.6123
e6d4da43-aa9e-4f0c-9cfd-c281e41ac0ea	10	107095670	108787130	1162	0.2495
e6d4da43-aa9e-4f0c-9cfd-c281e41ac0ea	10	108789454	112876098	2686	0.3177
e6d4da43-aa9e-4f0c-9cfd-c281e41ac0ea	10	112877786	113136003	128	0.8057
e6d4da43-aa9e-4f0c-9cfd-c281e41ac0ea	10	113138334	113975176	668	0.3203
e6d4da43-aa9e-4f0c-9cfd-c281e41ac0ea	10	113975784	118801584	3272	-0.5045
e6d4da43-aa9e-4f0c-9cfd-c281e41ac0ea	10	118801888	118802363	2	-1.9423
e6d4da43-aa9e-4f0c-9cfd-c281e41ac0ea	10	118802619	119173812	236	-0.4146
e6d4da43-aa9e-4f0c-9cfd-c281e41ac0ea	10	119175289	119193162	9	0.3526
e6d4da43-aa9e-4f0c-9cfd-c281e41ac0ea	10	119195454	119925936	421	-0.4871
e6d4da43-aa9e-4f0c-9cfd-c281e41ac0ea	10	119926585	124891959	3786	0.3368
e6d4da43-aa9e-4f0c-9cfd-c281e41ac0ea	10	124893322	124894452	4	-0.8666
e6d4da43-aa9e-4f0c-9cfd-c281e41ac0ea	10	124894779	129852738	3784	0.3011
e6d4da43-aa9e-4f0c-9cfd-c281e41ac0ea	10	129856627	131993114	631	-0.5343
e6d4da43-aa9e-4f0c-9cfd-c281e41ac0ea	10	131993584	131997802	6	-1.5401
e6d4da43-aa9e-4f0c-9cfd-c281e41ac0ea	10	132002780	133411599	444	-0.468
e6d4da43-aa9e-4f0c-9cfd-c281e41ac0ea	11	456012	4090438	1283	-0.4146
e6d4da43-aa9e-4f0c-9cfd-c281e41ac0ea	11	4090803	4094311	2	-2.7401
e6d4da43-aa9e-4f0c-9cfd-c281e41ac0ea	11	4094732	5344512	875	-0.5044
e6d4da43-aa9e-4f0c-9cfd-c281e41ac0ea	11	5351460	5351488	2	-2.9536
e6d4da43-aa9e-4f0c-9cfd-c281e41ac0ea	11	5351521	9919568	2946	-0.4861
e6d4da43-aa9e-4f0c-9cfd-c281e41ac0ea	11	9920401	10124332	113	-2.2032
e6d4da43-aa9e-4f0c-9cfd-c281e41ac0ea	11	10128564	14109756	3262	-0.4685
e6d4da43-aa9e-4f0c-9cfd-c281e41ac0ea	11	14111648	14113541	8	0.3717
e6d4da43-aa9e-4f0c-9cfd-c281e41ac0ea	11	14119552	16380659	1321	-0.5031
e6d4da43-aa9e-4f0c-9cfd-c281e41ac0ea	11	16381455	16382339	3	-2.2915
e6d4da43-aa9e-4f0c-9cfd-c281e41ac0ea	11	16382737	20428970	2934	-0.4942
e6d4da43-aa9e-4f0c-9cfd-c281e41ac0ea	11	20431199	20747555	273	-0.5761
e6d4da43-aa9e-4f0c-9cfd-c281e41ac0ea	11	20748251	20751776	3	-2.078
e6d4da43-aa9e-4f0c-9cfd-c281e41ac0ea	11	20754212	26652861	3942	-0.5787
e6d4da43-aa9e-4f0c-9cfd-c281e41ac0ea	11	26652954	28257257	970	-0.5186
e6d4da43-aa9e-4f0c-9cfd-c281e41ac0ea	11	28261966	30103936	1073	1.162
e6d4da43-aa9e-4f0c-9cfd-c281e41ac0ea	11	30105887	38000384	4883	1.2381
e6d4da43-aa9e-4f0c-9cfd-c281e41ac0ea	11	38001145	39907613	1104	1.1827
e6d4da43-aa9e-4f0c-9cfd-c281e41ac0ea	11	39908603	43462332	2438	0.2189
e6d4da43-aa9e-4f0c-9cfd-c281e41ac0ea	11	43463584	44168474	482	0.2866
e6d4da43-aa9e-4f0c-9cfd-c281e41ac0ea	11	44168804	47542110	1884	0.3551
e6d4da43-aa9e-4f0c-9cfd-c281e41ac0ea	11	47545625	58481788	2159	0.2977
e6d4da43-aa9e-4f0c-9cfd-c281e41ac0ea	11	58484605	59869312	729	0.2689
e6d4da43-aa9e-4f0c-9cfd-c281e41ac0ea	11	59873601	59946682	32	-0.5447
e6d4da43-aa9e-4f0c-9cfd-c281e41ac0ea	11	59952445	60718384	476	0.2846
e6d4da43-aa9e-4f0c-9cfd-c281e41ac0ea	11	60722181	66459713	2183	0.3851
e6d4da43-aa9e-4f0c-9cfd-c281e41ac0ea	11	66461875	66504766	17	0.9432
e6d4da43-aa9e-4f0c-9cfd-c281e41ac0ea	11	66505353	78185117	5630	0.3624
e6d4da43-aa9e-4f0c-9cfd-c281e41ac0ea	11	78190642	78276516	43	0.8939
e6d4da43-aa9e-4f0c-9cfd-c281e41ac0ea	11	78277622	78634295	205	0.3782
e6d4da43-aa9e-4f0c-9cfd-c281e41ac0ea	11	78637616	79735971	950	0.7986
e6d4da43-aa9e-4f0c-9cfd-c281e41ac0ea	11	79736862	79738068	2	-1.4816
e6d4da43-aa9e-4f0c-9cfd-c281e41ac0ea	11	79741300	81900729	1501	0.739
e6d4da43-aa9e-4f0c-9cfd-c281e41ac0ea	11	81905181	81913687	9	-0.5861
e6d4da43-aa9e-4f0c-9cfd-c281e41ac0ea	11	81916661	83125337	679	0.7741
e6d4da43-aa9e-4f0c-9cfd-c281e41ac0ea	11	83136201	83139658	4	1.8506
e6d4da43-aa9e-4f0c-9cfd-c281e41ac0ea	11	83139809	91333910	4780	0.7727
e6d4da43-aa9e-4f0c-9cfd-c281e41ac0ea	11	91335598	95045371	2164	1.1816
e6d4da43-aa9e-4f0c-9cfd-c281e41ac0ea	11	95045571	95120297	52	1.5175
e6d4da43-aa9e-4f0c-9cfd-c281e41ac0ea	11	95121684	98354935	2126	1.2072
e6d4da43-aa9e-4f0c-9cfd-c281e41ac0ea	11	98356035	101418838	2342	1.1437
e6d4da43-aa9e-4f0c-9cfd-c281e41ac0ea	11	101421486	102811915	786	1.2123
e6d4da43-aa9e-4f0c-9cfd-c281e41ac0ea	11	102812557	102946364	87	1.4649
e6d4da43-aa9e-4f0c-9cfd-c281e41ac0ea	11	102946717	102956045	9	0.2628
e6d4da43-aa9e-4f0c-9cfd-c281e41ac0ea	11	102957660	105220792	1266	-0.5684
e6d4da43-aa9e-4f0c-9cfd-c281e41ac0ea	11	105221663	105225786	4	-2.2316
e6d4da43-aa9e-4f0c-9cfd-c281e41ac0ea	11	105226385	115987084	6832	-0.5224
e6d4da43-aa9e-4f0c-9cfd-c281e41ac0ea	11	115989969	117258745	936	0.3368
e6d4da43-aa9e-4f0c-9cfd-c281e41ac0ea	11	117265109	117292927	10	-0.3866
e6d4da43-aa9e-4f0c-9cfd-c281e41ac0ea	11	117303702	127539032	7340	0.3517
e6d4da43-aa9e-4f0c-9cfd-c281e41ac0ea	11	127539398	128475252	654	0.8575
e6d4da43-aa9e-4f0c-9cfd-c281e41ac0ea	11	128476181	128477161	9	0.0325
e6d4da43-aa9e-4f0c-9cfd-c281e41ac0ea	11	128477194	130466773	1385	0.8811
e6d4da43-aa9e-4f0c-9cfd-c281e41ac0ea	11	130467961	130469101	4	-0.2765
e6d4da43-aa9e-4f0c-9cfd-c281e41ac0ea	11	130474977	131722430	910	0.8466
e6d4da43-aa9e-4f0c-9cfd-c281e41ac0ea	11	131722615	134146116	1395	0.7792
e6d4da43-aa9e-4f0c-9cfd-c281e41ac0ea	11	134148761	134272740	70	0.8667
e6d4da43-aa9e-4f0c-9cfd-c281e41ac0ea	12	780472	845898	21	0.87
e6d4da43-aa9e-4f0c-9cfd-c281e41ac0ea	12	855340	904057	40	0.3952
e6d4da43-aa9e-4f0c-9cfd-c281e41ac0ea	12	905903	910108	3	0.7769
e6d4da43-aa9e-4f0c-9cfd-c281e41ac0ea	12	915414	2405065	561	-0.4923
e6d4da43-aa9e-4f0c-9cfd-c281e41ac0ea	12	2405286	5902380	2666	0.3112
e6d4da43-aa9e-4f0c-9cfd-c281e41ac0ea	12	5904330	7113002	586	0.3942
e6d4da43-aa9e-4f0c-9cfd-c281e41ac0ea	12	7113984	10496245	1435	0.2753
e6d4da43-aa9e-4f0c-9cfd-c281e41ac0ea	12	10496738	13680619	1985	0.779
e6d4da43-aa9e-4f0c-9cfd-c281e41ac0ea	12	13681081	13705888	38	1.1486
e6d4da43-aa9e-4f0c-9cfd-c281e41ac0ea	12	13705948	16483409	1672	0.7619
e6d4da43-aa9e-4f0c-9cfd-c281e41ac0ea	12	16485790	16590283	76	0.2489
e6d4da43-aa9e-4f0c-9cfd-c281e41ac0ea	12	16590627	16593193	3	-0.8558
e6d4da43-aa9e-4f0c-9cfd-c281e41ac0ea	12	16594100	16608389	12	0.2843
e6d4da43-aa9e-4f0c-9cfd-c281e41ac0ea	12	16610539	18629145	1171	0.7388
e6d4da43-aa9e-4f0c-9cfd-c281e41ac0ea	12	18631318	18760055	90	1.1572
e6d4da43-aa9e-4f0c-9cfd-c281e41ac0ea	12	18761675	18806409	8	0.5887
e6d4da43-aa9e-4f0c-9cfd-c281e41ac0ea	12	18806749	19485740	359	1.1519
e6d4da43-aa9e-4f0c-9cfd-c281e41ac0ea	12	19527383	20685663	819	1.4256
e6d4da43-aa9e-4f0c-9cfd-c281e41ac0ea	12	20692032	22009035	765	1.0798
e6d4da43-aa9e-4f0c-9cfd-c281e41ac0ea	12	22012167	25249135	2122	0.7396
e6d4da43-aa9e-4f0c-9cfd-c281e41ac0ea	12	25249274	25249469	2	-0.5841
e6d4da43-aa9e-4f0c-9cfd-c281e41ac0ea	12	25249534	25840422	428	0.7653
e6d4da43-aa9e-4f0c-9cfd-c281e41ac0ea	12	25841140	25841441	5	-0.258
e6d4da43-aa9e-4f0c-9cfd-c281e41ac0ea	12	25842435	32283029	4171	0.7876
e6d4da43-aa9e-4f0c-9cfd-c281e41ac0ea	12	32283308	45540788	4381	0.2416
e6d4da43-aa9e-4f0c-9cfd-c281e41ac0ea	12	45541091	46321298	451	0.3161
e6d4da43-aa9e-4f0c-9cfd-c281e41ac0ea	12	46321808	46333739	4	-0.5248
e6d4da43-aa9e-4f0c-9cfd-c281e41ac0ea	12	46333987	46400079	38	0.2658
e6d4da43-aa9e-4f0c-9cfd-c281e41ac0ea	12	46400655	46408678	10	0.8645
e6d4da43-aa9e-4f0c-9cfd-c281e41ac0ea	12	46410207	46410944	3	0.0207
e6d4da43-aa9e-4f0c-9cfd-c281e41ac0ea	12	46411348	46475117	33	0.845
e6d4da43-aa9e-4f0c-9cfd-c281e41ac0ea	12	46486987	47132947	381	0.2849
e6d4da43-aa9e-4f0c-9cfd-c281e41ac0ea	12	47133816	47134025	2	1.7515
e6d4da43-aa9e-4f0c-9cfd-c281e41ac0ea	12	47134590	52139034	2531	0.3288
e6d4da43-aa9e-4f0c-9cfd-c281e41ac0ea	12	52141787	52169935	19	-0.4847
e6d4da43-aa9e-4f0c-9cfd-c281e41ac0ea	12	52175312	58490358	3432	0.3358
e6d4da43-aa9e-4f0c-9cfd-c281e41ac0ea	12	58490439	62132551	2240	0.2293
e6d4da43-aa9e-4f0c-9cfd-c281e41ac0ea	12	62132762	69473514	4705	0.2902
e6d4da43-aa9e-4f0c-9cfd-c281e41ac0ea	12	69482397	76587370	4153	0.2386
e6d4da43-aa9e-4f0c-9cfd-c281e41ac0ea	12	76590065	76599900	7	-0.7303
e6d4da43-aa9e-4f0c-9cfd-c281e41ac0ea	12	76606279	81621987	3268	0.2456
e6d4da43-aa9e-4f0c-9cfd-c281e41ac0ea	12	81622573	81622763	2	-1.2498
e6d4da43-aa9e-4f0c-9cfd-c281e41ac0ea	12	81632569	87896008	3432	0.2601
e6d4da43-aa9e-4f0c-9cfd-c281e41ac0ea	12	87896120	89246581	796	0.4457
e6d4da43-aa9e-4f0c-9cfd-c281e41ac0ea	12	89248558	92587644	2148	-0.5219
e6d4da43-aa9e-4f0c-9cfd-c281e41ac0ea	12	92588971	96752027	2748	0.2934
e6d4da43-aa9e-4f0c-9cfd-c281e41ac0ea	12	96752500	96755970	5	-0.5277
e6d4da43-aa9e-4f0c-9cfd-c281e41ac0ea	12	96759156	98668158	1399	0.2624
e6d4da43-aa9e-4f0c-9cfd-c281e41ac0ea	12	98669636	99050456	232	0.7729
e6d4da43-aa9e-4f0c-9cfd-c281e41ac0ea	12	99050654	99758428	350	0.2685
e6d4da43-aa9e-4f0c-9cfd-c281e41ac0ea	12	99764087	100259552	252	-0.556
e6d4da43-aa9e-4f0c-9cfd-c281e41ac0ea	12	100264734	100358802	41	-1.9315
e6d4da43-aa9e-4f0c-9cfd-c281e41ac0ea	12	100360267	101555493	756	-0.5194
e6d4da43-aa9e-4f0c-9cfd-c281e41ac0ea	12	101557305	101557953	4	-2.0934
e6d4da43-aa9e-4f0c-9cfd-c281e41ac0ea	12	101559326	102769627	739	-0.4983
e6d4da43-aa9e-4f0c-9cfd-c281e41ac0ea	12	102769998	102770900	3	-1.8933
e6d4da43-aa9e-4f0c-9cfd-c281e41ac0ea	12	102773275	106051141	2358	-0.5057
e6d4da43-aa9e-4f0c-9cfd-c281e41ac0ea	12	106051266	106051494	2	-1.9651
e6d4da43-aa9e-4f0c-9cfd-c281e41ac0ea	12	106052210	106422056	293	-0.4896
e6d4da43-aa9e-4f0c-9cfd-c281e41ac0ea	12	106424643	106427003	2	-2.6108
e6d4da43-aa9e-4f0c-9cfd-c281e41ac0ea	12	106427771	108325715	1147	-0.5036
e6d4da43-aa9e-4f0c-9cfd-c281e41ac0ea	12	108325890	108326465	2	-2.1117
e6d4da43-aa9e-4f0c-9cfd-c281e41ac0ea	12	108326575	114160678	3012	-0.4586
e6d4da43-aa9e-4f0c-9cfd-c281e41ac0ea	12	114161422	115712083	1208	-0.5563
e6d4da43-aa9e-4f0c-9cfd-c281e41ac0ea	12	115715067	125369680	5435	-0.4577
e6d4da43-aa9e-4f0c-9cfd-c281e41ac0ea	12	125370315	125404798	27	0.3745
e6d4da43-aa9e-4f0c-9cfd-c281e41ac0ea	12	125405606	132605822	3240	-0.5237
e6d4da43-aa9e-4f0c-9cfd-c281e41ac0ea	13	18874255	32581972	8380	-0.5118
e6d4da43-aa9e-4f0c-9cfd-c281e41ac0ea	13	32595560	33757890	793	0.7917
e6d4da43-aa9e-4f0c-9cfd-c281e41ac0ea	13	33759251	39337598	3812	0.745
e6d4da43-aa9e-4f0c-9cfd-c281e41ac0ea	13	39337702	44675737	3384	0.8085
e6d4da43-aa9e-4f0c-9cfd-c281e41ac0ea	13	44676778	48314358	2335	-0.5023
e6d4da43-aa9e-4f0c-9cfd-c281e41ac0ea	13	48314373	48334551	25	0.2668
e6d4da43-aa9e-4f0c-9cfd-c281e41ac0ea	13	48335049	48409564	96	-0.436
e6d4da43-aa9e-4f0c-9cfd-c281e41ac0ea	13	48409966	48448588	66	-1.743
e6d4da43-aa9e-4f0c-9cfd-c281e41ac0ea	13	48461331	51150488	857	-0.4586
e6d4da43-aa9e-4f0c-9cfd-c281e41ac0ea	13	51150651	51152233	2	-2.0222
e6d4da43-aa9e-4f0c-9cfd-c281e41ac0ea	13	51152279	52845057	768	-0.4601
e6d4da43-aa9e-4f0c-9cfd-c281e41ac0ea	13	52849278	95243936	24158	-0.5409
e6d4da43-aa9e-4f0c-9cfd-c281e41ac0ea	13	95245048	95395451	51	-0.4086
e6d4da43-aa9e-4f0c-9cfd-c281e41ac0ea	13	95398673	95463755	46	0.3401
e6d4da43-aa9e-4f0c-9cfd-c281e41ac0ea	13	95471092	114226675	12169	-0.5081
e6d4da43-aa9e-4f0c-9cfd-c281e41ac0ea	14	20033191	23257881	1100	0.3383
e6d4da43-aa9e-4f0c-9cfd-c281e41ac0ea	14	23264516	23265641	4	-0.6527
e6d4da43-aa9e-4f0c-9cfd-c281e41ac0ea	14	23267069	26294421	1884	0.3281
e6d4da43-aa9e-4f0c-9cfd-c281e41ac0ea	14	26300516	26301175	7	1.1614
e6d4da43-aa9e-4f0c-9cfd-c281e41ac0ea	14	26301239	30205585	2069	0.2332
e6d4da43-aa9e-4f0c-9cfd-c281e41ac0ea	14	30205637	34247496	2759	0.3092
e6d4da43-aa9e-4f0c-9cfd-c281e41ac0ea	14	34247720	34259025	20	0.7683
e6d4da43-aa9e-4f0c-9cfd-c281e41ac0ea	14	34263886	35766005	629	0.3599
e6d4da43-aa9e-4f0c-9cfd-c281e41ac0ea	14	35767076	36883372	837	0.2711
e6d4da43-aa9e-4f0c-9cfd-c281e41ac0ea	14	36884070	37053611	133	0.7673
e6d4da43-aa9e-4f0c-9cfd-c281e41ac0ea	14	37054309	38240501	616	0.2625
e6d4da43-aa9e-4f0c-9cfd-c281e41ac0ea	14	38241293	38262686	21	-0.5083
e6d4da43-aa9e-4f0c-9cfd-c281e41ac0ea	14	38262894	41318874	1530	0.2767
e6d4da43-aa9e-4f0c-9cfd-c281e41ac0ea	14	41319220	41320171	2	-1.1632
e6d4da43-aa9e-4f0c-9cfd-c281e41ac0ea	14	41320267	49295599	3460	0.2452
e6d4da43-aa9e-4f0c-9cfd-c281e41ac0ea	14	49297650	68589457	11929	-0.4981
e6d4da43-aa9e-4f0c-9cfd-c281e41ac0ea	14	68591353	69416244	519	0.3843
e6d4da43-aa9e-4f0c-9cfd-c281e41ac0ea	14	69424434	69890710	250	-0.4276
e6d4da43-aa9e-4f0c-9cfd-c281e41ac0ea	14	69891536	70253495	336	0.4402
e6d4da43-aa9e-4f0c-9cfd-c281e41ac0ea	14	70254475	74892738	2747	0.5054
e6d4da43-aa9e-4f0c-9cfd-c281e41ac0ea	14	74892842	76871342	1263	0.4146
e6d4da43-aa9e-4f0c-9cfd-c281e41ac0ea	14	76876309	79201910	1682	0.8641
e6d4da43-aa9e-4f0c-9cfd-c281e41ac0ea	14	79203190	79804690	404	0.2882
e6d4da43-aa9e-4f0c-9cfd-c281e41ac0ea	14	79804793	79849968	37	0.8226
e6d4da43-aa9e-4f0c-9cfd-c281e41ac0ea	14	79850104	82851297	1895	0.3558
e6d4da43-aa9e-4f0c-9cfd-c281e41ac0ea	14	82854189	82854220	2	2.2913
e6d4da43-aa9e-4f0c-9cfd-c281e41ac0ea	14	82854990	85977273	2069	0.317
e6d4da43-aa9e-4f0c-9cfd-c281e41ac0ea	14	85978810	88613786	1573	0.2419
e6d4da43-aa9e-4f0c-9cfd-c281e41ac0ea	14	88616777	102042484	8714	0.3446
e6d4da43-aa9e-4f0c-9cfd-c281e41ac0ea	14	102055770	104570691	1047	-0.4326
e6d4da43-aa9e-4f0c-9cfd-c281e41ac0ea	14	104670444	105137078	153	0.5673
e6d4da43-aa9e-4f0c-9cfd-c281e41ac0ea	14	105167207	105533894	97	0.9766
e6d4da43-aa9e-4f0c-9cfd-c281e41ac0ea	15	23437561	39244913	7886	-0.51
e6d4da43-aa9e-4f0c-9cfd-c281e41ac0ea	15	39245547	45847494	3088	-0.441
e6d4da43-aa9e-4f0c-9cfd-c281e41ac0ea	15	45848973	46070281	146	-0.5171
e6d4da43-aa9e-4f0c-9cfd-c281e41ac0ea	15	46071799	48030660	1361	0.2761
e6d4da43-aa9e-4f0c-9cfd-c281e41ac0ea	15	48033284	53474166	3323	0.3337
e6d4da43-aa9e-4f0c-9cfd-c281e41ac0ea	15	53474709	54463986	772	0.265
e6d4da43-aa9e-4f0c-9cfd-c281e41ac0ea	15	54466258	60508788	3820	-0.2093
e6d4da43-aa9e-4f0c-9cfd-c281e41ac0ea	15	60513945	62957480	2005	-1.6955
e6d4da43-aa9e-4f0c-9cfd-c281e41ac0ea	15	62962488	66390753	1833	-0.4318
e6d4da43-aa9e-4f0c-9cfd-c281e41ac0ea	15	66393079	66678262	188	0.3855
e6d4da43-aa9e-4f0c-9cfd-c281e41ac0ea	15	66683495	66700019	20	0.9139
e6d4da43-aa9e-4f0c-9cfd-c281e41ac0ea	15	66704749	68747087	1366	0.3707
e6d4da43-aa9e-4f0c-9cfd-c281e41ac0ea	15	68750160	71355549	1612	0.8818
e6d4da43-aa9e-4f0c-9cfd-c281e41ac0ea	15	71357773	79252557	4008	0.368
e6d4da43-aa9e-4f0c-9cfd-c281e41ac0ea	15	79255173	84793575	3082	-0.478
e6d4da43-aa9e-4f0c-9cfd-c281e41ac0ea	15	84793583	84793714	2	-2.8127
e6d4da43-aa9e-4f0c-9cfd-c281e41ac0ea	15	84794022	85840866	430	-0.4251
e6d4da43-aa9e-4f0c-9cfd-c281e41ac0ea	15	85842506	85905428	47	0.3582
e6d4da43-aa9e-4f0c-9cfd-c281e41ac0ea	15	85909829	86662153	633	-0.4918
e6d4da43-aa9e-4f0c-9cfd-c281e41ac0ea	15	86662823	86663862	2	-2.0191
e6d4da43-aa9e-4f0c-9cfd-c281e41ac0ea	15	86663882	88976781	1562	-0.5035
e6d4da43-aa9e-4f0c-9cfd-c281e41ac0ea	15	88976928	93488730	2814	-0.4389
e6d4da43-aa9e-4f0c-9cfd-c281e41ac0ea	15	93489194	100716656	4333	-0.5066
e6d4da43-aa9e-4f0c-9cfd-c281e41ac0ea	15	100722414	100746332	17	0.364
e6d4da43-aa9e-4f0c-9cfd-c281e41ac0ea	15	100749303	101344124	391	-0.4957
e6d4da43-aa9e-4f0c-9cfd-c281e41ac0ea	16	603333	1509837	146	1.2653
e6d4da43-aa9e-4f0c-9cfd-c281e41ac0ea	16	1510885	5820605	2066	0.3781
e6d4da43-aa9e-4f0c-9cfd-c281e41ac0ea	16	5821018	8254753	1325	0.3031
e6d4da43-aa9e-4f0c-9cfd-c281e41ac0ea	16	8255104	8285157	35	0.4547
e6d4da43-aa9e-4f0c-9cfd-c281e41ac0ea	16	8286678	8296685	14	-0.538
e6d4da43-aa9e-4f0c-9cfd-c281e41ac0ea	16	8297724	12765000	3319	0.3719
e6d4da43-aa9e-4f0c-9cfd-c281e41ac0ea	16	12766034	27676392	6029	0.3226
e6d4da43-aa9e-4f0c-9cfd-c281e41ac0ea	16	27677014	29417224	527	0.3732
e6d4da43-aa9e-4f0c-9cfd-c281e41ac0ea	16	30295647	30453447	42	1.003
e6d4da43-aa9e-4f0c-9cfd-c281e41ac0ea	16	30470159	50446883	2752	0.3258
e6d4da43-aa9e-4f0c-9cfd-c281e41ac0ea	16	50450669	50494469	24	0.8448
e6d4da43-aa9e-4f0c-9cfd-c281e41ac0ea	16	50498183	56464694	4444	-0.5004
e6d4da43-aa9e-4f0c-9cfd-c281e41ac0ea	16	56467908	56569761	71	0.325
e6d4da43-aa9e-4f0c-9cfd-c281e41ac0ea	16	56573091	59845817	2025	-0.4602
e6d4da43-aa9e-4f0c-9cfd-c281e41ac0ea	16	59846074	65662254	3696	-0.5793
e6d4da43-aa9e-4f0c-9cfd-c281e41ac0ea	16	65667687	70403295	2314	-0.4371
e6d4da43-aa9e-4f0c-9cfd-c281e41ac0ea	16	70412524	70502402	33	0.1601
e6d4da43-aa9e-4f0c-9cfd-c281e41ac0ea	16	70503426	77157642	3761	-0.4892
e6d4da43-aa9e-4f0c-9cfd-c281e41ac0ea	16	77157782	77200977	12	-1.1421
e6d4da43-aa9e-4f0c-9cfd-c281e41ac0ea	16	77203213	78716991	1480	-0.5284
e6d4da43-aa9e-4f0c-9cfd-c281e41ac0ea	16	78896319	78906850	21	0.3755
e6d4da43-aa9e-4f0c-9cfd-c281e41ac0ea	16	78917156	89317317	7030	-0.4806
e6d4da43-aa9e-4f0c-9cfd-c281e41ac0ea	17	1074619	1440406	103	0.8725
e6d4da43-aa9e-4f0c-9cfd-c281e41ac0ea	17	1450606	2343735	388	-0.3904
e6d4da43-aa9e-4f0c-9cfd-c281e41ac0ea	17	2343974	2351844	14	-0.9611
e6d4da43-aa9e-4f0c-9cfd-c281e41ac0ea	17	2354525	6377352	2073	-0.444
e6d4da43-aa9e-4f0c-9cfd-c281e41ac0ea	17	6379079	6384949	5	-1.9622
e6d4da43-aa9e-4f0c-9cfd-c281e41ac0ea	17	6386299	11303558	2879	-0.4501
e6d4da43-aa9e-4f0c-9cfd-c281e41ac0ea	17	11303755	11303792	2	-2.184
e6d4da43-aa9e-4f0c-9cfd-c281e41ac0ea	17	11306221	12028331	548	-0.5293
e6d4da43-aa9e-4f0c-9cfd-c281e41ac0ea	17	12036193	12053773	4	-1.434
e6d4da43-aa9e-4f0c-9cfd-c281e41ac0ea	17	12054639	12099099	29	-2.5698
e6d4da43-aa9e-4f0c-9cfd-c281e41ac0ea	17	12099488	15671201	1509	-0.5252
e6d4da43-aa9e-4f0c-9cfd-c281e41ac0ea	17	15682836	27971585	2688	-0.4303
e6d4da43-aa9e-4f0c-9cfd-c281e41ac0ea	17	27975234	27994036	15	-2.2567
e6d4da43-aa9e-4f0c-9cfd-c281e41ac0ea	17	28000866	29184944	507	-0.4411
e6d4da43-aa9e-4f0c-9cfd-c281e41ac0ea	17	29194458	29218199	15	0.3563
e6d4da43-aa9e-4f0c-9cfd-c281e41ac0ea	17	29221855	31801942	1065	-0.4201
e6d4da43-aa9e-4f0c-9cfd-c281e41ac0ea	17	31805596	31812603	5	-2.0887
e6d4da43-aa9e-4f0c-9cfd-c281e41ac0ea	17	31813364	31820865	6	-4.5203
e6d4da43-aa9e-4f0c-9cfd-c281e41ac0ea	17	31824618	43547153	5291	-0.443
e6d4da43-aa9e-4f0c-9cfd-c281e41ac0ea	17	43549108	43569798	14	0.466
e6d4da43-aa9e-4f0c-9cfd-c281e41ac0ea	17	43574517	51758360	3332	-0.4069
e6d4da43-aa9e-4f0c-9cfd-c281e41ac0ea	17	51761087	56810991	3353	-0.5188
e6d4da43-aa9e-4f0c-9cfd-c281e41ac0ea	17	56812554	68827930	6325	-0.4508
e6d4da43-aa9e-4f0c-9cfd-c281e41ac0ea	17	68830668	70826038	1329	-0.5166
e6d4da43-aa9e-4f0c-9cfd-c281e41ac0ea	17	70829343	70829484	2	-3.2535
e6d4da43-aa9e-4f0c-9cfd-c281e41ac0ea	17	70830967	76209131	2939	-0.4386
e6d4da43-aa9e-4f0c-9cfd-c281e41ac0ea	17	76210259	77408907	588	0.3975
e6d4da43-aa9e-4f0c-9cfd-c281e41ac0ea	17	77410371	82959812	2218	0.8954
e6d4da43-aa9e-4f0c-9cfd-c281e41ac0ea	18	326691	3907533	1612	-0.4567
e6d4da43-aa9e-4f0c-9cfd-c281e41ac0ea	18	3908973	8527281	2873	-0.5315
e6d4da43-aa9e-4f0c-9cfd-c281e41ac0ea	18	8528272	8978474	384	-0.4803
e6d4da43-aa9e-4f0c-9cfd-c281e41ac0ea	18	8978754	8979255	2	-2.4649
e6d4da43-aa9e-4f0c-9cfd-c281e41ac0ea	18	8979485	9283950	166	-0.4484
e6d4da43-aa9e-4f0c-9cfd-c281e41ac0ea	18	9285894	9286023	2	-3.3456
e6d4da43-aa9e-4f0c-9cfd-c281e41ac0ea	18	9287342	22638869	3965	-0.5065
e6d4da43-aa9e-4f0c-9cfd-c281e41ac0ea	18	22642405	24016384	751	0.3059
e6d4da43-aa9e-4f0c-9cfd-c281e41ac0ea	18	24019659	25181627	874	-0.5546
e6d4da43-aa9e-4f0c-9cfd-c281e41ac0ea	18	25186781	29011564	2371	1.2095
e6d4da43-aa9e-4f0c-9cfd-c281e41ac0ea	18	29012455	39091788	6275	1.1364
e6d4da43-aa9e-4f0c-9cfd-c281e41ac0ea	18	39098621	39166659	28	0.6505
e6d4da43-aa9e-4f0c-9cfd-c281e41ac0ea	18	39167815	39995126	393	1.1089
e6d4da43-aa9e-4f0c-9cfd-c281e41ac0ea	18	40000156	41020031	652	0.7164
e6d4da43-aa9e-4f0c-9cfd-c281e41ac0ea	18	41024301	43664868	1476	0.2006
e6d4da43-aa9e-4f0c-9cfd-c281e41ac0ea	18	43664946	43665808	3	-1.2313
e6d4da43-aa9e-4f0c-9cfd-c281e41ac0ea	18	43667287	45435567	1125	0.2468
e6d4da43-aa9e-4f0c-9cfd-c281e41ac0ea	18	45436236	50309414	3257	0.3191
e6d4da43-aa9e-4f0c-9cfd-c281e41ac0ea	18	50318630	56190338	3871	0.2413
e6d4da43-aa9e-4f0c-9cfd-c281e41ac0ea	18	56190371	63591173	4935	0.2807
e6d4da43-aa9e-4f0c-9cfd-c281e41ac0ea	18	63594331	64094306	354	0.2097
e6d4da43-aa9e-4f0c-9cfd-c281e41ac0ea	18	64099742	64100374	2	-3.1333
e6d4da43-aa9e-4f0c-9cfd-c281e41ac0ea	18	64101872	74161721	4093	0.209
e6d4da43-aa9e-4f0c-9cfd-c281e41ac0ea	18	74165500	74180746	16	0.8944
e6d4da43-aa9e-4f0c-9cfd-c281e41ac0ea	18	74183371	75194048	676	0.2986
e6d4da43-aa9e-4f0c-9cfd-c281e41ac0ea	18	75194082	75194630	2	-0.9717
e6d4da43-aa9e-4f0c-9cfd-c281e41ac0ea	18	75195251	77007194	1339	0.2552
e6d4da43-aa9e-4f0c-9cfd-c281e41ac0ea	18	77007773	77008141	4	-1.3533
e6d4da43-aa9e-4f0c-9cfd-c281e41ac0ea	18	77008428	79349796	1464	0.2669
e6d4da43-aa9e-4f0c-9cfd-c281e41ac0ea	19	283868	11057986	3778	-0.3889
e6d4da43-aa9e-4f0c-9cfd-c281e41ac0ea	19	11058376	11066732	2	-2.5307
e6d4da43-aa9e-4f0c-9cfd-c281e41ac0ea	19	11069603	14879934	1628	-0.3849
e6d4da43-aa9e-4f0c-9cfd-c281e41ac0ea	19	14885848	21087644	2334	0.3623
e6d4da43-aa9e-4f0c-9cfd-c281e41ac0ea	19	21087715	32101559	4564	0.2933
e6d4da43-aa9e-4f0c-9cfd-c281e41ac0ea	19	32105623	35322197	2028	0.3447
e6d4da43-aa9e-4f0c-9cfd-c281e41ac0ea	19	35323014	35358269	29	-0.4674
e6d4da43-aa9e-4f0c-9cfd-c281e41ac0ea	19	35389988	58370362	9793	0.3637
e6d4da43-aa9e-4f0c-9cfd-c281e41ac0ea	20	472817	7905277	4615	-0.4645
e6d4da43-aa9e-4f0c-9cfd-c281e41ac0ea	20	7910186	10658537	1759	0.311
e6d4da43-aa9e-4f0c-9cfd-c281e41ac0ea	20	10659193	17925862	5147	-0.5333
e6d4da43-aa9e-4f0c-9cfd-c281e41ac0ea	20	17929288	20608747	2121	0.3163
e6d4da43-aa9e-4f0c-9cfd-c281e41ac0ea	20	20609930	23123513	1737	0.2418
e6d4da43-aa9e-4f0c-9cfd-c281e41ac0ea	20	23123884	34123811	3029	0.3232
e6d4da43-aa9e-4f0c-9cfd-c281e41ac0ea	20	34126101	38550856	2273	0.1484
e6d4da43-aa9e-4f0c-9cfd-c281e41ac0ea	20	38552491	44086405	3798	0.0901
e6d4da43-aa9e-4f0c-9cfd-c281e41ac0ea	20	44088830	50822283	4254	0.1407
e6d4da43-aa9e-4f0c-9cfd-c281e41ac0ea	20	50824579	50840732	10	-0.7054
e6d4da43-aa9e-4f0c-9cfd-c281e41ac0ea	20	50843836	50910481	53	0.195
e6d4da43-aa9e-4f0c-9cfd-c281e41ac0ea	20	50914303	56886738	4273	0.3073
e6d4da43-aa9e-4f0c-9cfd-c281e41ac0ea	20	56889519	57781626	706	0.7426
e6d4da43-aa9e-4f0c-9cfd-c281e41ac0ea	20	57783862	60649868	2223	0.6833
e6d4da43-aa9e-4f0c-9cfd-c281e41ac0ea	20	60650174	60651046	2	-0.648
e6d4da43-aa9e-4f0c-9cfd-c281e41ac0ea	20	60652197	61440237	654	0.6415
e6d4da43-aa9e-4f0c-9cfd-c281e41ac0ea	20	61444691	63357759	856	0.7517
e6d4da43-aa9e-4f0c-9cfd-c281e41ac0ea	20	63368803	63588502	60	0.9582
e6d4da43-aa9e-4f0c-9cfd-c281e41ac0ea	21	13974127	14005515	4	-0.2866
e6d4da43-aa9e-4f0c-9cfd-c281e41ac0ea	21	14006460	19311408	3368	0.3056
e6d4da43-aa9e-4f0c-9cfd-c281e41ac0ea	21	19311993	26581455	4539	0.2236
e6d4da43-aa9e-4f0c-9cfd-c281e41ac0ea	21	26586231	31168732	3101	0.278
e6d4da43-aa9e-4f0c-9cfd-c281e41ac0ea	21	31173999	39341208	5575	-0.4651
e6d4da43-aa9e-4f0c-9cfd-c281e41ac0ea	21	39341861	39363680	20	0.3808
e6d4da43-aa9e-4f0c-9cfd-c281e41ac0ea	21	39364547	46262057	3978	-0.4575
e6d4da43-aa9e-4f0c-9cfd-c281e41ac0ea	22	16934932	18131162	772	0.3686
e6d4da43-aa9e-4f0c-9cfd-c281e41ac0ea	22	21741482	24240578	428	-0.4001
e6d4da43-aa9e-4f0c-9cfd-c281e41ac0ea	22	24243101	29486497	3595	-0.4596
e6d4da43-aa9e-4f0c-9cfd-c281e41ac0ea	22	29486822	32557473	1727	-0.3935
e6d4da43-aa9e-4f0c-9cfd-c281e41ac0ea	22	32557502	35045902	2238	-0.4886
e6d4da43-aa9e-4f0c-9cfd-c281e41ac0ea	22	35046276	47262352	6925	-0.4232
e6d4da43-aa9e-4f0c-9cfd-c281e41ac0ea	22	47263023	48940621	1387	-0.5108
e6d4da43-aa9e-4f0c-9cfd-c281e41ac0ea	X	3236359	13463511	3727	-0.4498
e6d4da43-aa9e-4f0c-9cfd-c281e41ac0ea	X	13464439	13464572	2	-2.3929
e6d4da43-aa9e-4f0c-9cfd-c281e41ac0ea	X	13465454	14001259	389	-0.4428
e6d4da43-aa9e-4f0c-9cfd-c281e41ac0ea	X	14003416	25321295	5448	0.3903
e6d4da43-aa9e-4f0c-9cfd-c281e41ac0ea	X	25326432	31804250	3506	0.3041
e6d4da43-aa9e-4f0c-9cfd-c281e41ac0ea	X	31806546	31809755	6	-0.9076
e6d4da43-aa9e-4f0c-9cfd-c281e41ac0ea	X	31810557	32163337	264	0.3145
e6d4da43-aa9e-4f0c-9cfd-c281e41ac0ea	X	32163524	32459751	231	0.3837
e6d4da43-aa9e-4f0c-9cfd-c281e41ac0ea	X	32467355	32498752	32	-0.623
e6d4da43-aa9e-4f0c-9cfd-c281e41ac0ea	X	32500837	32617180	47	0.3265
e6d4da43-aa9e-4f0c-9cfd-c281e41ac0ea	X	32618364	32634950	10	-0.6711
e6d4da43-aa9e-4f0c-9cfd-c281e41ac0ea	X	32635171	32637933	8	0.2565
e6d4da43-aa9e-4f0c-9cfd-c281e41ac0ea	X	32643777	32951163	230	-0.5982
e6d4da43-aa9e-4f0c-9cfd-c281e41ac0ea	X	34015333	36807146	1258	0.3132
e6d4da43-aa9e-4f0c-9cfd-c281e41ac0ea	X	36812420	37047369	59	-0.5104
e6d4da43-aa9e-4f0c-9cfd-c281e41ac0ea	X	37050476	38803838	640	0.3121
e6d4da43-aa9e-4f0c-9cfd-c281e41ac0ea	X	38803851	51098261	5663	0.386
e6d4da43-aa9e-4f0c-9cfd-c281e41ac0ea	X	51104986	64120796	2793	0.3101
e6d4da43-aa9e-4f0c-9cfd-c281e41ac0ea	X	64126024	64131836	4	-1.052
e6d4da43-aa9e-4f0c-9cfd-c281e41ac0ea	X	64138699	67816536	1436	0.32
e6d4da43-aa9e-4f0c-9cfd-c281e41ac0ea	X	67824880	67831579	4	-0.6889
e6d4da43-aa9e-4f0c-9cfd-c281e41ac0ea	X	67837808	77746433	3448	0.3196
e6d4da43-aa9e-4f0c-9cfd-c281e41ac0ea	X	77779565	78288834	146	0.872
e6d4da43-aa9e-4f0c-9cfd-c281e41ac0ea	X	78300036	99407472	8791	0.2676
e6d4da43-aa9e-4f0c-9cfd-c281e41ac0ea	X	99407552	101587934	1027	0.304
e6d4da43-aa9e-4f0c-9cfd-c281e41ac0ea	X	101608125	101611269	7	-0.4993
e6d4da43-aa9e-4f0c-9cfd-c281e41ac0ea	X	101620193	111064960	4385	0.3113
e6d4da43-aa9e-4f0c-9cfd-c281e41ac0ea	X	111071273	112762250	841	0.2812
e6d4da43-aa9e-4f0c-9cfd-c281e41ac0ea	X	112764261	138316008	11861	-0.4657
e6d4da43-aa9e-4f0c-9cfd-c281e41ac0ea	X	138317228	147477691	4573	-0.5111
e6d4da43-aa9e-4f0c-9cfd-c281e41ac0ea	X	147479900	155677414	3129	-0.4458
