GDC_Aliquot	Chromosome	Start	End	Num_Probes	Segment_Mean
16266131-befd-4cec-80a6-8c426511d2f3	1	62920	3308771	749	-0.1455
16266131-befd-4cec-80a6-8c426511d2f3	1	3309193	15341714	7307	-0.0025
16266131-befd-4cec-80a6-8c426511d2f3	1	15341780	15341823	2	-1.4557
16266131-befd-4cec-80a6-8c426511d2f3	1	15342319	15822848	276	-0.028
16266131-befd-4cec-80a6-8c426511d2f3	1	15823420	15827430	7	-0.6295
16266131-befd-4cec-80a6-8c426511d2f3	1	15827706	16467775	279	0.0094
16266131-befd-4cec-80a6-8c426511d2f3	1	16468422	16855942	79	-0.1858
16266131-befd-4cec-80a6-8c426511d2f3	1	16863509	16935752	55	-0.6785
16266131-befd-4cec-80a6-8c426511d2f3	1	16949746	34622883	10232	-0.0047
16266131-befd-4cec-80a6-8c426511d2f3	1	34625857	34638890	24	-0.732
16266131-befd-4cec-80a6-8c426511d2f3	1	34648667	69421209	22022	0.0076
16266131-befd-4cec-80a6-8c426511d2f3	1	69424197	69434158	10	0.6296
16266131-befd-4cec-80a6-8c426511d2f3	1	69434611	72284670	1726	0.0176
16266131-befd-4cec-80a6-8c426511d2f3	1	72290430	72297687	9	-1.151
16266131-befd-4cec-80a6-8c426511d2f3	1	72302735	72345465	48	0.4157
16266131-befd-4cec-80a6-8c426511d2f3	1	72346221	75585159	1931	0.0295
16266131-befd-4cec-80a6-8c426511d2f3	1	75589078	75589169	2	-2.8951
16266131-befd-4cec-80a6-8c426511d2f3	1	75593824	109684893	21663	0.0126
16266131-befd-4cec-80a6-8c426511d2f3	1	109690352	109692006	10	1.5668
16266131-befd-4cec-80a6-8c426511d2f3	1	109696900	110834948	842	-0.0013
16266131-befd-4cec-80a6-8c426511d2f3	1	110834953	110840812	26	-0.7832
16266131-befd-4cec-80a6-8c426511d2f3	1	110840841	112147704	1085	-0.0054
16266131-befd-4cec-80a6-8c426511d2f3	1	112153343	112163583	36	-0.2984
16266131-befd-4cec-80a6-8c426511d2f3	1	112163591	120414592	5053	0.0036
16266131-befd-4cec-80a6-8c426511d2f3	1	120885464	120954128	3	1.3792
16266131-befd-4cec-80a6-8c426511d2f3	1	120954165	152583051	2538	-0.0085
16266131-befd-4cec-80a6-8c426511d2f3	1	152583230	152614118	35	1.0513
16266131-befd-4cec-80a6-8c426511d2f3	1	152618018	152789463	168	-0.017
16266131-befd-4cec-80a6-8c426511d2f3	1	152789479	152796224	35	0.3546
16266131-befd-4cec-80a6-8c426511d2f3	1	152801429	226817303	49700	0.0079
16266131-befd-4cec-80a6-8c426511d2f3	1	226819271	226819481	3	-1.4735
16266131-befd-4cec-80a6-8c426511d2f3	1	226825995	248574146	15470	-0.008
16266131-befd-4cec-80a6-8c426511d2f3	1	248585893	248633912	32	-0.9729
16266131-befd-4cec-80a6-8c426511d2f3	1	248645563	248930189	141	-0.0238
16266131-befd-4cec-80a6-8c426511d2f3	2	12784	33901	11	0.1463
16266131-befd-4cec-80a6-8c426511d2f3	2	34049	295255	169	-0.0913
16266131-befd-4cec-80a6-8c426511d2f3	2	296789	296852	3	-1.2799
16266131-befd-4cec-80a6-8c426511d2f3	2	300879	1972219	1104	-0.079
16266131-befd-4cec-80a6-8c426511d2f3	2	1972518	4168862	1704	-0.0247
16266131-befd-4cec-80a6-8c426511d2f3	2	4168879	4176429	37	0.2932
16266131-befd-4cec-80a6-8c426511d2f3	2	4182472	6594512	2092	0.0035
16266131-befd-4cec-80a6-8c426511d2f3	2	6595117	6595444	2	-1.5205
16266131-befd-4cec-80a6-8c426511d2f3	2	6595980	35742970	19877	0.0025
16266131-befd-4cec-80a6-8c426511d2f3	2	35750907	35761842	6	1.006
16266131-befd-4cec-80a6-8c426511d2f3	2	35762850	52527330	12124	0.0101
16266131-befd-4cec-80a6-8c426511d2f3	2	52527342	52554404	39	-0.7187
16266131-befd-4cec-80a6-8c426511d2f3	2	52560811	86901078	21978	0.0102
16266131-befd-4cec-80a6-8c426511d2f3	2	86902080	86910262	2	-2.6279
16266131-befd-4cec-80a6-8c426511d2f3	2	86934730	87082140	12	-0.5816
16266131-befd-4cec-80a6-8c426511d2f3	2	87082711	88836615	597	-0.0327
16266131-befd-4cec-80a6-8c426511d2f3	2	88836630	90228255	309	0.0842
16266131-befd-4cec-80a6-8c426511d2f3	2	90230139	95397910	314	-0.0397
16266131-befd-4cec-80a6-8c426511d2f3	2	95403809	95405756	2	-1.3641
16266131-befd-4cec-80a6-8c426511d2f3	2	95416225	113714683	10044	-0.0064
16266131-befd-4cec-80a6-8c426511d2f3	2	113720734	117443528	2289	0.0355
16266131-befd-4cec-80a6-8c426511d2f3	2	117443685	123298448	3805	-0.0098
16266131-befd-4cec-80a6-8c426511d2f3	2	123302932	123635151	242	0.09
16266131-befd-4cec-80a6-8c426511d2f3	2	123635641	123636215	2	-1.3098
16266131-befd-4cec-80a6-8c426511d2f3	2	123639363	126373504	1695	0.043
16266131-befd-4cec-80a6-8c426511d2f3	2	126374715	128520239	1271	-0.0101
16266131-befd-4cec-80a6-8c426511d2f3	2	128520796	128520882	2	-1.5009
16266131-befd-4cec-80a6-8c426511d2f3	2	128522525	130037806	1143	-0.0063
16266131-befd-4cec-80a6-8c426511d2f3	2	130059766	130063181	4	-0.8305
16266131-befd-4cec-80a6-8c426511d2f3	2	130063277	130112379	6	-0.2756
16266131-befd-4cec-80a6-8c426511d2f3	2	130116915	130400286	92	-1.2038
16266131-befd-4cec-80a6-8c426511d2f3	2	130450196	134290960	2112	0.0022
16266131-befd-4cec-80a6-8c426511d2f3	2	134293956	134333329	41	0.2737
16266131-befd-4cec-80a6-8c426511d2f3	2	134333682	137729893	2127	0.0114
16266131-befd-4cec-80a6-8c426511d2f3	2	137729920	138351302	376	0.1045
16266131-befd-4cec-80a6-8c426511d2f3	2	138352428	139062401	409	-0.0069
16266131-befd-4cec-80a6-8c426511d2f3	2	139062813	139087216	23	0.283
16266131-befd-4cec-80a6-8c426511d2f3	2	139090540	140134274	665	0.0079
16266131-befd-4cec-80a6-8c426511d2f3	2	140134388	140355399	152	0.1221
16266131-befd-4cec-80a6-8c426511d2f3	2	140358021	140677504	203	-0.0368
16266131-befd-4cec-80a6-8c426511d2f3	2	140682144	140682243	2	-1.5058
16266131-befd-4cec-80a6-8c426511d2f3	2	140682269	146106875	3330	0.0211
16266131-befd-4cec-80a6-8c426511d2f3	2	146106889	146109366	21	1.2356
16266131-befd-4cec-80a6-8c426511d2f3	2	146120238	147242289	558	0.0184
16266131-befd-4cec-80a6-8c426511d2f3	2	147243504	147247576	3	-0.9014
16266131-befd-4cec-80a6-8c426511d2f3	2	147248001	150174288	1704	0.0056
16266131-befd-4cec-80a6-8c426511d2f3	2	150174937	150181218	5	-1.2855
16266131-befd-4cec-80a6-8c426511d2f3	2	150182694	151481188	936	0.0015
16266131-befd-4cec-80a6-8c426511d2f3	2	151481281	151481563	2	-1.4743
16266131-befd-4cec-80a6-8c426511d2f3	2	151482475	168941661	10559	0.0009
16266131-befd-4cec-80a6-8c426511d2f3	2	168941929	168966582	26	0.3856
16266131-befd-4cec-80a6-8c426511d2f3	2	168968473	179555026	6713	0.0053
16266131-befd-4cec-80a6-8c426511d2f3	2	179555716	179556770	10	0.5813
16266131-befd-4cec-80a6-8c426511d2f3	2	179556785	183929673	2765	0.0254
16266131-befd-4cec-80a6-8c426511d2f3	2	183929787	183937714	16	-0.789
16266131-befd-4cec-80a6-8c426511d2f3	2	183943862	194771306	6067	0.0091
16266131-befd-4cec-80a6-8c426511d2f3	2	194775044	195368659	361	0.1079
16266131-befd-4cec-80a6-8c426511d2f3	2	195370461	202425290	4059	0.0078
16266131-befd-4cec-80a6-8c426511d2f3	2	202425310	202446629	42	-0.2401
16266131-befd-4cec-80a6-8c426511d2f3	2	202446990	207090434	2855	0.0112
16266131-befd-4cec-80a6-8c426511d2f3	2	207092513	207092671	3	-1.0979
16266131-befd-4cec-80a6-8c426511d2f3	2	207100946	207490231	276	0.0329
16266131-befd-4cec-80a6-8c426511d2f3	2	207490454	207494612	16	-1.0327
16266131-befd-4cec-80a6-8c426511d2f3	2	207494752	242147305	22081	0.0004
16266131-befd-4cec-80a6-8c426511d2f3	3	20930	61287	33	-0.063
16266131-befd-4cec-80a6-8c426511d2f3	3	63289	2068196	1811	0.097
16266131-befd-4cec-80a6-8c426511d2f3	3	2076042	6604856	3971	0.0363
16266131-befd-4cec-80a6-8c426511d2f3	3	6609441	6611645	23	-0.7367
16266131-befd-4cec-80a6-8c426511d2f3	3	6613391	8197278	1395	0.0539
16266131-befd-4cec-80a6-8c426511d2f3	3	8198695	8198709	2	-1.2549
16266131-befd-4cec-80a6-8c426511d2f3	3	8203642	8278557	71	0.0253
16266131-befd-4cec-80a6-8c426511d2f3	3	8281580	8314429	31	0.2313
16266131-befd-4cec-80a6-8c426511d2f3	3	8316694	8607968	250	0.0299
16266131-befd-4cec-80a6-8c426511d2f3	3	8608259	16253387	5373	-0.0075
16266131-befd-4cec-80a6-8c426511d2f3	3	16253474	21711474	3305	0.0217
16266131-befd-4cec-80a6-8c426511d2f3	3	21713236	22930165	1018	0.0943
16266131-befd-4cec-80a6-8c426511d2f3	3	22931621	23937812	585	-0.0121
16266131-befd-4cec-80a6-8c426511d2f3	3	23939938	23940839	3	-1.1208
16266131-befd-4cec-80a6-8c426511d2f3	3	23941849	25901169	1709	0.0111
16266131-befd-4cec-80a6-8c426511d2f3	3	25905388	26382931	303	0.1192
16266131-befd-4cec-80a6-8c426511d2f3	3	26384700	47358421	13582	0.014
16266131-befd-4cec-80a6-8c426511d2f3	3	47358841	47363961	3	-1.5807
16266131-befd-4cec-80a6-8c426511d2f3	3	47367722	59731422	6836	0.0105
16266131-befd-4cec-80a6-8c426511d2f3	3	59733232	61080923	1525	0.1076
16266131-befd-4cec-80a6-8c426511d2f3	3	61080975	68697013	5958	0.0273
16266131-befd-4cec-80a6-8c426511d2f3	3	68697108	68698262	14	1.3497
16266131-befd-4cec-80a6-8c426511d2f3	3	68699607	71985383	2486	0.0133
16266131-befd-4cec-80a6-8c426511d2f3	3	71985936	71986686	4	-0.9347
16266131-befd-4cec-80a6-8c426511d2f3	3	71988572	76747270	3061	0.0182
16266131-befd-4cec-80a6-8c426511d2f3	3	76747494	76791105	36	0.3504
16266131-befd-4cec-80a6-8c426511d2f3	3	76800296	99225788	10327	0.0082
16266131-befd-4cec-80a6-8c426511d2f3	3	99225919	99230212	20	0.7351
16266131-befd-4cec-80a6-8c426511d2f3	3	99230225	119012086	12260	0.013
16266131-befd-4cec-80a6-8c426511d2f3	3	119014263	119058050	17	0.538
16266131-befd-4cec-80a6-8c426511d2f3	3	119061516	119101810	27	1.0578
16266131-befd-4cec-80a6-8c426511d2f3	3	119107036	162405578	26446	0.01
16266131-befd-4cec-80a6-8c426511d2f3	3	162419812	162424917	14	-0.9038
16266131-befd-4cec-80a6-8c426511d2f3	3	162426460	162790404	257	0.0321
16266131-befd-4cec-80a6-8c426511d2f3	3	162790480	162908815	73	0.7095
16266131-befd-4cec-80a6-8c426511d2f3	3	162910826	186688349	14428	0.0046
16266131-befd-4cec-80a6-8c426511d2f3	3	186695072	186699982	11	-1.0135
16266131-befd-4cec-80a6-8c426511d2f3	3	186704081	193160113	4725	0.0134
16266131-befd-4cec-80a6-8c426511d2f3	3	193160173	193168646	20	-1.2165
16266131-befd-4cec-80a6-8c426511d2f3	3	193168669	198169247	2691	-0.0311
16266131-befd-4cec-80a6-8c426511d2f3	4	68929	267018	97	-0.0106
16266131-befd-4cec-80a6-8c426511d2f3	4	273074	1051383	253	-0.1592
16266131-befd-4cec-80a6-8c426511d2f3	4	1051535	3711279	1152	-0.0018
16266131-befd-4cec-80a6-8c426511d2f3	4	3711538	3712714	4	-1.5372
16266131-befd-4cec-80a6-8c426511d2f3	4	3713876	10208766	4198	-0.0128
16266131-befd-4cec-80a6-8c426511d2f3	4	10212536	10233644	36	1.5717
16266131-befd-4cec-80a6-8c426511d2f3	4	10234518	10389091	171	0.0751
16266131-befd-4cec-80a6-8c426511d2f3	4	10390730	10399044	16	-0.7947
16266131-befd-4cec-80a6-8c426511d2f3	4	10401094	11457933	872	0.0116
16266131-befd-4cec-80a6-8c426511d2f3	4	11457935	24191786	9164	0.0341
16266131-befd-4cec-80a6-8c426511d2f3	4	24192587	34777432	6742	0.0043
16266131-befd-4cec-80a6-8c426511d2f3	4	34784878	34823103	38	0.5773
16266131-befd-4cec-80a6-8c426511d2f3	4	34828250	41220435	4252	0.0063
16266131-befd-4cec-80a6-8c426511d2f3	4	41225900	41230733	5	-1.1051
16266131-befd-4cec-80a6-8c426511d2f3	4	41230882	42888631	1089	0.029
16266131-befd-4cec-80a6-8c426511d2f3	4	42889909	43215358	239	0.1363
16266131-befd-4cec-80a6-8c426511d2f3	4	43215477	48334354	3067	0.0176
16266131-befd-4cec-80a6-8c426511d2f3	4	48334676	48334905	3	-1.0256
16266131-befd-4cec-80a6-8c426511d2f3	4	48336327	49141246	310	0.023
16266131-befd-4cec-80a6-8c426511d2f3	4	49146817	49653346	25	-0.3536
16266131-befd-4cec-80a6-8c426511d2f3	4	49654496	63841887	7592	0.0132
16266131-befd-4cec-80a6-8c426511d2f3	4	63842036	63842540	6	0.9704
16266131-befd-4cec-80a6-8c426511d2f3	4	63850713	68378716	2850	0.0022
16266131-befd-4cec-80a6-8c426511d2f3	4	68389352	68422424	10	-0.9741
16266131-befd-4cec-80a6-8c426511d2f3	4	68429081	68623617	78	-0.364
16266131-befd-4cec-80a6-8c426511d2f3	4	68639397	69272329	326	0.0728
16266131-befd-4cec-80a6-8c426511d2f3	4	69277656	69366081	42	0.4645
16266131-befd-4cec-80a6-8c426511d2f3	4	69366304	71541012	1280	0.0208
16266131-befd-4cec-80a6-8c426511d2f3	4	71544631	71573183	24	0.3879
16266131-befd-4cec-80a6-8c426511d2f3	4	71574006	76798626	3249	0.0198
16266131-befd-4cec-80a6-8c426511d2f3	4	76798659	76798782	2	-1.3987
16266131-befd-4cec-80a6-8c426511d2f3	4	76803612	77229951	307	0.0189
16266131-befd-4cec-80a6-8c426511d2f3	4	77231195	77289822	109	0.2162
16266131-befd-4cec-80a6-8c426511d2f3	4	77289968	85722589	5217	0.0172
16266131-befd-4cec-80a6-8c426511d2f3	4	85722704	85722949	3	1.3094
16266131-befd-4cec-80a6-8c426511d2f3	4	85722977	91148753	3403	0.0085
16266131-befd-4cec-80a6-8c426511d2f3	4	91152891	91159466	7	-1.2448
16266131-befd-4cec-80a6-8c426511d2f3	4	91160414	97211093	3584	0.0195
16266131-befd-4cec-80a6-8c426511d2f3	4	97211472	97211583	3	-1.725
16266131-befd-4cec-80a6-8c426511d2f3	4	97213659	97432453	126	0.0156
16266131-befd-4cec-80a6-8c426511d2f3	4	97436283	97437154	2	-1.6904
16266131-befd-4cec-80a6-8c426511d2f3	4	97439635	114252544	10015	0.0124
16266131-befd-4cec-80a6-8c426511d2f3	4	114254167	114261019	23	-1.2128
16266131-befd-4cec-80a6-8c426511d2f3	4	114263073	137171085	13237	0.012
16266131-befd-4cec-80a6-8c426511d2f3	4	137171266	137173804	14	-0.5693
16266131-befd-4cec-80a6-8c426511d2f3	4	137173818	151868634	8828	0.0071
16266131-befd-4cec-80a6-8c426511d2f3	4	151870381	151871739	13	-0.9483
16266131-befd-4cec-80a6-8c426511d2f3	4	151873644	152083790	200	0.0044
16266131-befd-4cec-80a6-8c426511d2f3	4	152084564	152084658	2	-1.6254
16266131-befd-4cec-80a6-8c426511d2f3	4	152087388	157635739	3595	-0.0047
16266131-befd-4cec-80a6-8c426511d2f3	4	157639971	157640571	6	-1.4689
16266131-befd-4cec-80a6-8c426511d2f3	4	157640707	160952848	2065	-0.0061
16266131-befd-4cec-80a6-8c426511d2f3	4	160958866	160963756	21	0.4836
16266131-befd-4cec-80a6-8c426511d2f3	4	160963767	171448195	6662	0.0125
16266131-befd-4cec-80a6-8c426511d2f3	4	171453733	171456559	10	1.0146
16266131-befd-4cec-80a6-8c426511d2f3	4	171456573	172068015	401	0.0102
16266131-befd-4cec-80a6-8c426511d2f3	4	172068073	172068382	10	0.6876
16266131-befd-4cec-80a6-8c426511d2f3	4	172074828	182647519	7122	0.0065
16266131-befd-4cec-80a6-8c426511d2f3	4	182650187	182651199	3	-1.188
16266131-befd-4cec-80a6-8c426511d2f3	4	182651237	183378972	460	-0.0242
16266131-befd-4cec-80a6-8c426511d2f3	4	183379780	183379867	2	-1.4859
16266131-befd-4cec-80a6-8c426511d2f3	4	183380896	188300104	3349	-0.0215
16266131-befd-4cec-80a6-8c426511d2f3	4	188300206	188300270	3	-1.3905
16266131-befd-4cec-80a6-8c426511d2f3	4	188300285	189267889	789	-0.004
16266131-befd-4cec-80a6-8c426511d2f3	4	189273964	189304732	12	-0.5619
16266131-befd-4cec-80a6-8c426511d2f3	4	189318320	190106768	342	-0.0195
16266131-befd-4cec-80a6-8c426511d2f3	5	15532	717446	312	-0.1156
16266131-befd-4cec-80a6-8c426511d2f3	5	717794	722090	2	-1.3611
16266131-befd-4cec-80a6-8c426511d2f3	5	722281	808932	24	-0.3539
16266131-befd-4cec-80a6-8c426511d2f3	5	817735	1912071	599	-0.0674
16266131-befd-4cec-80a6-8c426511d2f3	5	1913502	1928775	9	-0.47
16266131-befd-4cec-80a6-8c426511d2f3	5	1930253	12790757	9243	0.001
16266131-befd-4cec-80a6-8c426511d2f3	5	12790933	12791608	2	-0.5028
16266131-befd-4cec-80a6-8c426511d2f3	5	12800777	12838421	15	-1.684
16266131-befd-4cec-80a6-8c426511d2f3	5	12849089	58025819	25540	0.0132
16266131-befd-4cec-80a6-8c426511d2f3	5	58030200	58037706	32	1.8715
16266131-befd-4cec-80a6-8c426511d2f3	5	58042530	126118408	41561	0.0191
16266131-befd-4cec-80a6-8c426511d2f3	5	126119289	126119302	2	-1.5835
16266131-befd-4cec-80a6-8c426511d2f3	5	126119750	127121923	582	0.0039
16266131-befd-4cec-80a6-8c426511d2f3	5	127122434	127122625	2	-1.4389
16266131-befd-4cec-80a6-8c426511d2f3	5	127127947	139789292	7409	0
16266131-befd-4cec-80a6-8c426511d2f3	5	139798577	139803311	4	-2.834
16266131-befd-4cec-80a6-8c426511d2f3	5	139804359	144311010	2743	-0.002
16266131-befd-4cec-80a6-8c426511d2f3	5	144314075	145884834	973	0.0719
16266131-befd-4cec-80a6-8c426511d2f3	5	145885904	152134610	4319	0.0136
16266131-befd-4cec-80a6-8c426511d2f3	5	152135825	152138790	14	-0.7889
16266131-befd-4cec-80a6-8c426511d2f3	5	152140710	167856831	10588	0.023
16266131-befd-4cec-80a6-8c426511d2f3	5	167857514	181363319	8872	-0.0121
16266131-befd-4cec-80a6-8c426511d2f3	6	149661	254283	101	-0.084
16266131-befd-4cec-80a6-8c426511d2f3	6	257353	278146	12	-0.5166
16266131-befd-4cec-80a6-8c426511d2f3	6	279695	381149	84	-1.1707
16266131-befd-4cec-80a6-8c426511d2f3	6	382559	29882603	21471	-0.0034
16266131-befd-4cec-80a6-8c426511d2f3	6	29903859	29933799	16	-1.0243
16266131-befd-4cec-80a6-8c426511d2f3	6	29940692	31313046	644	-0.0084
16266131-befd-4cec-80a6-8c426511d2f3	6	31318499	31318528	2	1.1559
16266131-befd-4cec-80a6-8c426511d2f3	6	31318754	31385862	71	-0.041
16266131-befd-4cec-80a6-8c426511d2f3	6	31385912	31482053	84	0.5331
16266131-befd-4cec-80a6-8c426511d2f3	6	31483502	32636595	406	-0.0865
16266131-befd-4cec-80a6-8c426511d2f3	6	32637799	32658841	10	-1.0784
16266131-befd-4cec-80a6-8c426511d2f3	6	32682835	32707332	22	-0.084
16266131-befd-4cec-80a6-8c426511d2f3	6	32707693	32718419	14	0.1466
16266131-befd-4cec-80a6-8c426511d2f3	6	32720838	32723053	11	0.6798
16266131-befd-4cec-80a6-8c426511d2f3	6	32732907	41645350	5851	0.0026
16266131-befd-4cec-80a6-8c426511d2f3	6	41645628	41646742	5	1.0187
16266131-befd-4cec-80a6-8c426511d2f3	6	41647191	54066477	7797	0.0164
16266131-befd-4cec-80a6-8c426511d2f3	6	54066582	54067057	4	-1.2445
16266131-befd-4cec-80a6-8c426511d2f3	6	54070550	58093357	2071	0.0187
16266131-befd-4cec-80a6-8c426511d2f3	6	58096364	58416362	143	0.1827
16266131-befd-4cec-80a6-8c426511d2f3	6	58432750	60869069	148	0.0318
16266131-befd-4cec-80a6-8c426511d2f3	6	60875980	61169380	116	0.2368
16266131-befd-4cec-80a6-8c426511d2f3	6	61170210	62834592	814	0.018
16266131-befd-4cec-80a6-8c426511d2f3	6	62837424	62876877	7	-0.8232
16266131-befd-4cec-80a6-8c426511d2f3	6	62888548	64627049	923	0.014
16266131-befd-4cec-80a6-8c426511d2f3	6	64637651	64639099	2	1.4725
16266131-befd-4cec-80a6-8c426511d2f3	6	64640883	76719978	7929	0.0096
16266131-befd-4cec-80a6-8c426511d2f3	6	76720013	76742553	17	0.5305
16266131-befd-4cec-80a6-8c426511d2f3	6	76742665	78166253	912	0.0228
16266131-befd-4cec-80a6-8c426511d2f3	6	78166791	78246151	58	0.2065
16266131-befd-4cec-80a6-8c426511d2f3	6	78246837	78259388	14	-0.1357
16266131-befd-4cec-80a6-8c426511d2f3	6	78261980	78313909	82	-0.3467
16266131-befd-4cec-80a6-8c426511d2f3	6	78313960	81681243	2242	0.008
16266131-befd-4cec-80a6-8c426511d2f3	6	81681480	82040306	254	0.1482
16266131-befd-4cec-80a6-8c426511d2f3	6	82040358	93319279	7145	0.0206
16266131-befd-4cec-80a6-8c426511d2f3	6	93319323	93320064	2	-1.2796
16266131-befd-4cec-80a6-8c426511d2f3	6	93322382	93856729	340	-0.0012
16266131-befd-4cec-80a6-8c426511d2f3	6	93857265	94715466	576	0.0994
16266131-befd-4cec-80a6-8c426511d2f3	6	94715603	135014291	24781	0.0095
16266131-befd-4cec-80a6-8c426511d2f3	6	135021116	135022100	2	-1.8909
16266131-befd-4cec-80a6-8c426511d2f3	6	135028432	167066136	22193	-0.0006
16266131-befd-4cec-80a6-8c426511d2f3	6	167067656	168940260	1068	-0.0786
16266131-befd-4cec-80a6-8c426511d2f3	6	168943093	170741917	1112	-0.0089
16266131-befd-4cec-80a6-8c426511d2f3	7	43355	155066	91	-0.08
16266131-befd-4cec-80a6-8c426511d2f3	7	155090	158626	9	-0.967
16266131-befd-4cec-80a6-8c426511d2f3	7	161442	4580399	2373	-0.0038
16266131-befd-4cec-80a6-8c426511d2f3	7	4580468	4580563	7	0.7429
16266131-befd-4cec-80a6-8c426511d2f3	7	4580929	6860976	960	-0.0003
16266131-befd-4cec-80a6-8c426511d2f3	7	6862089	6880649	7	-1.4984
16266131-befd-4cec-80a6-8c426511d2f3	7	6889070	8533927	1427	0.0354
16266131-befd-4cec-80a6-8c426511d2f3	7	8535838	8574831	30	0.4083
16266131-befd-4cec-80a6-8c426511d2f3	7	8578850	8980245	367	0.0686
16266131-befd-4cec-80a6-8c426511d2f3	7	8980507	8981000	3	-1.2051
16266131-befd-4cec-80a6-8c426511d2f3	7	8981282	10295361	1015	0.0365
16266131-befd-4cec-80a6-8c426511d2f3	7	10298314	10324757	27	0.3731
16266131-befd-4cec-80a6-8c426511d2f3	7	10325096	11686609	1078	0.0224
16266131-befd-4cec-80a6-8c426511d2f3	7	11687472	11743022	60	0.2754
16266131-befd-4cec-80a6-8c426511d2f3	7	11743368	16895434	4160	0.0053
16266131-befd-4cec-80a6-8c426511d2f3	7	16898202	19138452	1897	0.0526
16266131-befd-4cec-80a6-8c426511d2f3	7	19139109	19141077	9	-0.5927
16266131-befd-4cec-80a6-8c426511d2f3	7	19141296	20301671	907	0.0609
16266131-befd-4cec-80a6-8c426511d2f3	7	20301914	23995508	2708	0.0007
16266131-befd-4cec-80a6-8c426511d2f3	7	24000259	24000764	2	1.6588
16266131-befd-4cec-80a6-8c426511d2f3	7	24001198	26092670	1690	0.0189
16266131-befd-4cec-80a6-8c426511d2f3	7	26102772	26105793	4	-0.9091
16266131-befd-4cec-80a6-8c426511d2f3	7	26107599	39506174	9520	0.0132
16266131-befd-4cec-80a6-8c426511d2f3	7	39508562	39508799	2	-1.3893
16266131-befd-4cec-80a6-8c426511d2f3	7	39510390	48541346	5874	0.0054
16266131-befd-4cec-80a6-8c426511d2f3	7	48542256	48552429	8	-0.9568
16266131-befd-4cec-80a6-8c426511d2f3	7	48560583	54305455	4245	0.0145
16266131-befd-4cec-80a6-8c426511d2f3	7	54318812	54318824	6	1.7341
16266131-befd-4cec-80a6-8c426511d2f3	7	54325795	70955452	6126	-0.0067
16266131-befd-4cec-80a6-8c426511d2f3	7	70958264	70961155	2	-2.5388
16266131-befd-4cec-80a6-8c426511d2f3	7	70963257	88747648	9905	0.0038
16266131-befd-4cec-80a6-8c426511d2f3	7	88748493	88750496	6	0.7071
16266131-befd-4cec-80a6-8c426511d2f3	7	88752560	90227330	978	0.1052
16266131-befd-4cec-80a6-8c426511d2f3	7	90227447	91402027	811	0.0175
16266131-befd-4cec-80a6-8c426511d2f3	7	91402190	91426698	32	0.3198
16266131-befd-4cec-80a6-8c426511d2f3	7	91427172	101437642	5537	0.0022
16266131-befd-4cec-80a6-8c426511d2f3	7	101438517	101438705	2	-1.9387
16266131-befd-4cec-80a6-8c426511d2f3	7	101442977	109801155	5066	0.0095
16266131-befd-4cec-80a6-8c426511d2f3	7	109801187	109813853	11	0.6169
16266131-befd-4cec-80a6-8c426511d2f3	7	109813925	126404920	10029	0.0151
16266131-befd-4cec-80a6-8c426511d2f3	7	126405428	126406561	12	-1.3083
16266131-befd-4cec-80a6-8c426511d2f3	7	126406822	134100424	4697	-0.0002
16266131-befd-4cec-80a6-8c426511d2f3	7	134100442	134114444	36	0.4226
16266131-befd-4cec-80a6-8c426511d2f3	7	134121491	142063324	5191	0.0064
16266131-befd-4cec-80a6-8c426511d2f3	7	142069843	142099360	36	-0.4671
16266131-befd-4cec-80a6-8c426511d2f3	7	142105742	144012606	1055	0.0081
16266131-befd-4cec-80a6-8c426511d2f3	7	144013003	144014058	7	0.7922
16266131-befd-4cec-80a6-8c426511d2f3	7	144014076	145495224	866	0.0006
16266131-befd-4cec-80a6-8c426511d2f3	7	145495625	145495800	2	-2.1591
16266131-befd-4cec-80a6-8c426511d2f3	7	145495852	157791357	7981	-0.0019
16266131-befd-4cec-80a6-8c426511d2f3	7	157791380	159334314	950	-0.0697
16266131-befd-4cec-80a6-8c426511d2f3	8	81254	3769340	3140	-0.0096
16266131-befd-4cec-80a6-8c426511d2f3	8	3769629	3769788	3	-1.1904
16266131-befd-4cec-80a6-8c426511d2f3	8	3770201	3926665	211	0.0165
16266131-befd-4cec-80a6-8c426511d2f3	8	3929538	3932584	24	-0.8063
16266131-befd-4cec-80a6-8c426511d2f3	8	3933696	4078249	223	-0.0206
16266131-befd-4cec-80a6-8c426511d2f3	8	4078284	4731646	1059	0.0507
16266131-befd-4cec-80a6-8c426511d2f3	8	4731679	4731721	2	-1.3808
16266131-befd-4cec-80a6-8c426511d2f3	8	4731740	5223522	668	0.0104
16266131-befd-4cec-80a6-8c426511d2f3	8	5223579	5231250	10	-0.6504
16266131-befd-4cec-80a6-8c426511d2f3	8	5231579	6128181	1171	0.0738
16266131-befd-4cec-80a6-8c426511d2f3	8	6129534	7179297	1215	-0.0555
16266131-befd-4cec-80a6-8c426511d2f3	8	7182331	7380497	26	0.4056
16266131-befd-4cec-80a6-8c426511d2f3	8	7396819	13007076	3635	-0.0045
16266131-befd-4cec-80a6-8c426511d2f3	8	13007252	13007419	4	1.8426
16266131-befd-4cec-80a6-8c426511d2f3	8	13007605	36211336	17421	0.0097
16266131-befd-4cec-80a6-8c426511d2f3	8	36215045	36215384	2	2.4994
16266131-befd-4cec-80a6-8c426511d2f3	8	36219541	39373140	1704	0.0105
16266131-befd-4cec-80a6-8c426511d2f3	8	39378084	39529446	58	-2.0025
16266131-befd-4cec-80a6-8c426511d2f3	8	39530780	39999128	286	-0.0477
16266131-befd-4cec-80a6-8c426511d2f3	8	39999840	46021414	2311	0.0176
16266131-befd-4cec-80a6-8c426511d2f3	8	46024994	46504606	117	-0.181
16266131-befd-4cec-80a6-8c426511d2f3	8	46517387	78863323	19922	0.0124
16266131-befd-4cec-80a6-8c426511d2f3	8	78863593	78933949	100	0.2611
16266131-befd-4cec-80a6-8c426511d2f3	8	78941401	131589683	32902	0.014
16266131-befd-4cec-80a6-8c426511d2f3	8	131590517	131590563	2	-1.4446
16266131-befd-4cec-80a6-8c426511d2f3	8	131592346	134988235	2883	0.0047
16266131-befd-4cec-80a6-8c426511d2f3	8	134993363	134996210	5	-1.1137
16266131-befd-4cec-80a6-8c426511d2f3	8	134997251	136000593	711	0.0191
16266131-befd-4cec-80a6-8c426511d2f3	8	136001204	136001345	3	-1.3822
16266131-befd-4cec-80a6-8c426511d2f3	8	136001899	136742541	563	0.0216
16266131-befd-4cec-80a6-8c426511d2f3	8	136744785	136756058	4	-1.0125
16266131-befd-4cec-80a6-8c426511d2f3	8	136756230	140949294	3267	0.0177
16266131-befd-4cec-80a6-8c426511d2f3	8	140949726	145072769	1844	-0.087
16266131-befd-4cec-80a6-8c426511d2f3	9	46587	1152328	1115	-0.0164
16266131-befd-4cec-80a6-8c426511d2f3	9	1152396	1453039	357	0.0737
16266131-befd-4cec-80a6-8c426511d2f3	9	1453358	1552640	188	0.1785
16266131-befd-4cec-80a6-8c426511d2f3	9	1553378	1943968	443	0.0502
16266131-befd-4cec-80a6-8c426511d2f3	9	1945007	2147099	211	-0.0377
16266131-befd-4cec-80a6-8c426511d2f3	9	2148837	2150662	5	-1.0912
16266131-befd-4cec-80a6-8c426511d2f3	9	2152115	6973545	4268	0.0088
16266131-befd-4cec-80a6-8c426511d2f3	9	6974101	7729512	876	0.0456
16266131-befd-4cec-80a6-8c426511d2f3	9	7729573	7772508	48	0.2747
16266131-befd-4cec-80a6-8c426511d2f3	9	7772912	8098435	284	0.0356
16266131-befd-4cec-80a6-8c426511d2f3	9	8098846	8225907	125	0.1757
16266131-befd-4cec-80a6-8c426511d2f3	9	8226643	9769285	1365	0.0334
16266131-befd-4cec-80a6-8c426511d2f3	9	9769633	9795185	27	-0.3066
16266131-befd-4cec-80a6-8c426511d2f3	9	9795214	12706236	2495	0.0509
16266131-befd-4cec-80a6-8c426511d2f3	9	12706652	22492890	8026	0.0121
16266131-befd-4cec-80a6-8c426511d2f3	9	22501914	22502700	2	1.5083
16266131-befd-4cec-80a6-8c426511d2f3	9	22509341	23363117	581	0.0288
16266131-befd-4cec-80a6-8c426511d2f3	9	23363935	23373486	7	-3.2951
16266131-befd-4cec-80a6-8c426511d2f3	9	23378490	27627338	3137	0.0225
16266131-befd-4cec-80a6-8c426511d2f3	9	27627787	28715498	912	0.0797
16266131-befd-4cec-80a6-8c426511d2f3	9	28715678	42014203	6807	0.0119
16266131-befd-4cec-80a6-8c426511d2f3	9	42037471	42179276	20	-2.2913
16266131-befd-4cec-80a6-8c426511d2f3	9	42202227	42546668	15	-0.9307
16266131-befd-4cec-80a6-8c426511d2f3	9	42566207	60893611	48	-0.1065
16266131-befd-4cec-80a6-8c426511d2f3	9	60894341	60898630	2	-1.5528
16266131-befd-4cec-80a6-8c426511d2f3	9	61337631	62894529	58	-0.0438
16266131-befd-4cec-80a6-8c426511d2f3	9	62917074	62929035	2	-1.4012
16266131-befd-4cec-80a6-8c426511d2f3	9	63253816	100569269	22610	0.0035
16266131-befd-4cec-80a6-8c426511d2f3	9	100571295	102179904	1222	0.058
16266131-befd-4cec-80a6-8c426511d2f3	9	102180160	110411704	6347	0.0094
16266131-befd-4cec-80a6-8c426511d2f3	9	110414058	110415555	5	-1.2466
16266131-befd-4cec-80a6-8c426511d2f3	9	110423242	114705249	3085	0.006
16266131-befd-4cec-80a6-8c426511d2f3	9	114705273	114708057	3	-1.08
16266131-befd-4cec-80a6-8c426511d2f3	9	114709825	116760866	1574	0.0264
16266131-befd-4cec-80a6-8c426511d2f3	9	116761157	116774380	51	0.7687
16266131-befd-4cec-80a6-8c426511d2f3	9	116774487	138200944	13167	0.0082
16266131-befd-4cec-80a6-8c426511d2f3	10	45792	1877489	1323	-0.0337
16266131-befd-4cec-80a6-8c426511d2f3	10	1878846	1879226	3	1.0606
16266131-befd-4cec-80a6-8c426511d2f3	10	1880102	6369253	4075	0.0026
16266131-befd-4cec-80a6-8c426511d2f3	10	6369395	6369519	5	1.9051
16266131-befd-4cec-80a6-8c426511d2f3	10	6376792	13008023	5514	0.019
16266131-befd-4cec-80a6-8c426511d2f3	10	13008064	13008170	3	-2.0282
16266131-befd-4cec-80a6-8c426511d2f3	10	13008428	24086334	8275	0.0074
16266131-befd-4cec-80a6-8c426511d2f3	10	24088745	24089125	11	-1.8003
16266131-befd-4cec-80a6-8c426511d2f3	10	24089979	46560437	12506	-0.0013
16266131-befd-4cec-80a6-8c426511d2f3	10	46560494	46967412	21	-0.576
16266131-befd-4cec-80a6-8c426511d2f3	10	47002596	49521192	1422	-0.0117
16266131-befd-4cec-80a6-8c426511d2f3	10	49523802	49524234	2	-1.3659
16266131-befd-4cec-80a6-8c426511d2f3	10	49528473	49975891	224	0.0108
16266131-befd-4cec-80a6-8c426511d2f3	10	49977695	49991761	4	-0.5213
16266131-befd-4cec-80a6-8c426511d2f3	10	49993347	50062639	26	0.0369
16266131-befd-4cec-80a6-8c426511d2f3	10	50070600	50132160	5	-2.2109
16266131-befd-4cec-80a6-8c426511d2f3	10	50144008	81118403	21145	0.0085
16266131-befd-4cec-80a6-8c426511d2f3	10	81121574	81130027	10	-1.2038
16266131-befd-4cec-80a6-8c426511d2f3	10	81134713	83414638	1704	0.0166
16266131-befd-4cec-80a6-8c426511d2f3	10	83415848	83417309	2	-1.3133
16266131-befd-4cec-80a6-8c426511d2f3	10	83417956	87278584	2610	-0.0003
16266131-befd-4cec-80a6-8c426511d2f3	10	87286741	87357543	14	-0.5893
16266131-befd-4cec-80a6-8c426511d2f3	10	87371433	122584593	23869	0.0053
16266131-befd-4cec-80a6-8c426511d2f3	10	122584707	122591497	5	-1.5198
16266131-befd-4cec-80a6-8c426511d2f3	10	122597296	130343367	5802	-0.0095
16266131-befd-4cec-80a6-8c426511d2f3	10	130343472	133654968	2101	-0.0619
16266131-befd-4cec-80a6-8c426511d2f3	11	198510	1632338	494	-0.0337
16266131-befd-4cec-80a6-8c426511d2f3	11	1633335	1633531	2	-1.9083
16266131-befd-4cec-80a6-8c426511d2f3	11	1635897	4217824	1242	-0.0052
16266131-befd-4cec-80a6-8c426511d2f3	11	4228783	4337826	30	-0.5591
16266131-befd-4cec-80a6-8c426511d2f3	11	4363567	4946420	649	0.024
16266131-befd-4cec-80a6-8c426511d2f3	11	4947280	4955042	30	0.7701
16266131-befd-4cec-80a6-8c426511d2f3	11	4955781	30154159	18572	0.0133
16266131-befd-4cec-80a6-8c426511d2f3	11	30154241	30154307	2	1.5955
16266131-befd-4cec-80a6-8c426511d2f3	11	30154474	37029948	5063	0.0092
16266131-befd-4cec-80a6-8c426511d2f3	11	37033281	37175524	153	0.2018
16266131-befd-4cec-80a6-8c426511d2f3	11	37175762	37904275	435	0.0721
16266131-befd-4cec-80a6-8c426511d2f3	11	37904942	48424279	6565	0.0087
16266131-befd-4cec-80a6-8c426511d2f3	11	48431719	48684291	110	0.1774
16266131-befd-4cec-80a6-8c426511d2f3	11	48688176	49735950	402	-0.0333
16266131-befd-4cec-80a6-8c426511d2f3	11	49736039	49739136	13	0.5089
16266131-befd-4cec-80a6-8c426511d2f3	11	49744609	50343073	272	0.0117
16266131-befd-4cec-80a6-8c426511d2f3	11	50384671	54742305	162	0.1213
16266131-befd-4cec-80a6-8c426511d2f3	11	54743970	54790484	9	-0.5102
16266131-befd-4cec-80a6-8c426511d2f3	11	54790485	55606572	282	0.0925
16266131-befd-4cec-80a6-8c426511d2f3	11	55606712	55693207	59	-0.3819
16266131-befd-4cec-80a6-8c426511d2f3	11	55693312	64790643	5109	0.0116
16266131-befd-4cec-80a6-8c426511d2f3	11	64791212	65857019	400	-0.1166
16266131-befd-4cec-80a6-8c426511d2f3	11	65864502	92041148	15726	0.0092
16266131-befd-4cec-80a6-8c426511d2f3	11	92041767	92142700	117	0.2467
16266131-befd-4cec-80a6-8c426511d2f3	11	92143134	93101334	719	0.0166
16266131-befd-4cec-80a6-8c426511d2f3	11	93103296	93171058	56	0.2625
16266131-befd-4cec-80a6-8c426511d2f3	11	93181144	95811256	1884	0.0121
16266131-befd-4cec-80a6-8c426511d2f3	11	95812116	95812176	2	-1.4808
16266131-befd-4cec-80a6-8c426511d2f3	11	95813980	133813995	27354	0.003
16266131-befd-4cec-80a6-8c426511d2f3	11	133815782	135074876	926	-0.0668
16266131-befd-4cec-80a6-8c426511d2f3	12	51460	81888	6	0.3188
16266131-befd-4cec-80a6-8c426511d2f3	12	82453	1746658	993	-0.0674
16266131-befd-4cec-80a6-8c426511d2f3	12	1746848	8204911	4537	-0.0018
16266131-befd-4cec-80a6-8c426511d2f3	12	8209454	8214005	6	0.8042
16266131-befd-4cec-80a6-8c426511d2f3	12	8215617	9541782	646	-0.0204
16266131-befd-4cec-80a6-8c426511d2f3	12	9543959	9575696	8	0.6814
16266131-befd-4cec-80a6-8c426511d2f3	12	9582373	11062773	1035	0.0061
16266131-befd-4cec-80a6-8c426511d2f3	12	11064250	11088933	12	0.9112
16266131-befd-4cec-80a6-8c426511d2f3	12	11099275	31112123	14154	0.0109
16266131-befd-4cec-80a6-8c426511d2f3	12	31116364	31256945	89	0.5073
16266131-befd-4cec-80a6-8c426511d2f3	12	31257350	33141726	1297	0.0003
16266131-befd-4cec-80a6-8c426511d2f3	12	33148472	33154031	25	-0.5152
16266131-befd-4cec-80a6-8c426511d2f3	12	33154144	45510655	5589	0.0205
16266131-befd-4cec-80a6-8c426511d2f3	12	45512057	45515754	3	-2.5981
16266131-befd-4cec-80a6-8c426511d2f3	12	45519509	48331259	1717	0.0086
16266131-befd-4cec-80a6-8c426511d2f3	12	48331456	48331632	3	-3.0543
16266131-befd-4cec-80a6-8c426511d2f3	12	48336253	51581477	1558	0.0104
16266131-befd-4cec-80a6-8c426511d2f3	12	51584190	54318396	1737	-0.0348
16266131-befd-4cec-80a6-8c426511d2f3	12	54318524	95659951	26075	0.011
16266131-befd-4cec-80a6-8c426511d2f3	12	95663408	95663627	3	-1.3803
16266131-befd-4cec-80a6-8c426511d2f3	12	95669106	99398036	2597	0.0114
16266131-befd-4cec-80a6-8c426511d2f3	12	99401515	99404956	31	-0.4947
16266131-befd-4cec-80a6-8c426511d2f3	12	99409315	117611412	12288	0.0047
16266131-befd-4cec-80a6-8c426511d2f3	12	117611519	117611702	2	-1.3524
16266131-befd-4cec-80a6-8c426511d2f3	12	117613722	125157068	4210	0.0081
16266131-befd-4cec-80a6-8c426511d2f3	12	125158341	125167613	10	-0.5697
16266131-befd-4cec-80a6-8c426511d2f3	12	125176507	129792495	4128	0.0057
16266131-befd-4cec-80a6-8c426511d2f3	12	129792561	133201603	2074	-0.0622
16266131-befd-4cec-80a6-8c426511d2f3	13	18452809	19595424	559	-0.0173
16266131-befd-4cec-80a6-8c426511d2f3	13	19595970	20413898	471	-0.1007
16266131-befd-4cec-80a6-8c426511d2f3	13	20414707	37502163	12463	-0.0048
16266131-befd-4cec-80a6-8c426511d2f3	13	37502534	37510620	9	0.9009
16266131-befd-4cec-80a6-8c426511d2f3	13	37514193	57176962	12529	0.0119
16266131-befd-4cec-80a6-8c426511d2f3	13	57184136	57204246	34	-0.7217
16266131-befd-4cec-80a6-8c426511d2f3	13	57215580	58010656	419	0.0409
16266131-befd-4cec-80a6-8c426511d2f3	13	58016147	58022896	5	-4.6037
16266131-befd-4cec-80a6-8c426511d2f3	13	58027918	64160906	3683	-0.0011
16266131-befd-4cec-80a6-8c426511d2f3	13	64163757	64179186	6	-0.8458
16266131-befd-4cec-80a6-8c426511d2f3	13	64181567	70160420	3763	0.0059
16266131-befd-4cec-80a6-8c426511d2f3	13	70161932	70198262	46	-0.7806
16266131-befd-4cec-80a6-8c426511d2f3	13	70198634	71902850	1067	-0.0085
16266131-befd-4cec-80a6-8c426511d2f3	13	71903417	71906418	4	-3.8131
16266131-befd-4cec-80a6-8c426511d2f3	13	71906467	72317872	352	0.0428
16266131-befd-4cec-80a6-8c426511d2f3	13	72320699	72324442	5	-1.023
16266131-befd-4cec-80a6-8c426511d2f3	13	72329817	78389717	4289	0.0139
16266131-befd-4cec-80a6-8c426511d2f3	13	78393547	78396494	3	-1.3551
16266131-befd-4cec-80a6-8c426511d2f3	13	78397132	80901894	1635	0.0147
16266131-befd-4cec-80a6-8c426511d2f3	13	80902309	80903192	2	-1.3291
16266131-befd-4cec-80a6-8c426511d2f3	13	80906438	83212619	1398	-0.0077
16266131-befd-4cec-80a6-8c426511d2f3	13	83212986	83242995	60	0.277
16266131-befd-4cec-80a6-8c426511d2f3	13	83243195	114342922	21347	0.0043
16266131-befd-4cec-80a6-8c426511d2f3	14	18239283	21774881	1364	-0.0024
16266131-befd-4cec-80a6-8c426511d2f3	14	21775218	22463492	592	0.1198
16266131-befd-4cec-80a6-8c426511d2f3	14	22464970	38171115	9932	0.012
16266131-befd-4cec-80a6-8c426511d2f3	14	38174697	38174829	3	-2.1571
16266131-befd-4cec-80a6-8c426511d2f3	14	38175298	106877229	43513	0.006
16266131-befd-4cec-80a6-8c426511d2f3	15	19811075	20240885	64	-0.0084
16266131-befd-4cec-80a6-8c426511d2f3	15	20249006	22385639	143	-0.5804
16266131-befd-4cec-80a6-8c426511d2f3	15	22395047	27763213	3453	-0.0147
16266131-befd-4cec-80a6-8c426511d2f3	15	27764410	30875578	1297	-0.087
16266131-befd-4cec-80a6-8c426511d2f3	15	30878087	32751254	1092	-0.0269
16266131-befd-4cec-80a6-8c426511d2f3	15	32751321	99952501	43960	0.0068
16266131-befd-4cec-80a6-8c426511d2f3	15	99952744	101928837	1545	-0.0409
16266131-befd-4cec-80a6-8c426511d2f3	16	10777	480379	215	-0.1803
16266131-befd-4cec-80a6-8c426511d2f3	16	481106	15475024	11055	0.0103
16266131-befd-4cec-80a6-8c426511d2f3	16	15475971	16196638	479	-0.1082
16266131-befd-4cec-80a6-8c426511d2f3	16	16199461	16764475	51	0.233
16266131-befd-4cec-80a6-8c426511d2f3	16	16764588	29114764	7195	0.0081
16266131-befd-4cec-80a6-8c426511d2f3	16	29121560	29122575	10	-0.9554
16266131-befd-4cec-80a6-8c426511d2f3	16	29122679	30178660	304	-0.1317
16266131-befd-4cec-80a6-8c426511d2f3	16	30178721	69942576	16372	0.0108
16266131-befd-4cec-80a6-8c426511d2f3	16	69943506	70179141	53	-0.258
16266131-befd-4cec-80a6-8c426511d2f3	16	70200633	84156343	11982	0.0069
16266131-befd-4cec-80a6-8c426511d2f3	16	84158379	84892194	693	-0.1234
16266131-befd-4cec-80a6-8c426511d2f3	16	84893373	86222284	1023	0.007
16266131-befd-4cec-80a6-8c426511d2f3	16	86223502	86223607	2	-1.6171
16266131-befd-4cec-80a6-8c426511d2f3	16	86227158	86737318	653	-0.0167
16266131-befd-4cec-80a6-8c426511d2f3	16	86737463	86738239	3	1.0186
16266131-befd-4cec-80a6-8c426511d2f3	16	86740718	88457407	1106	-0.0182
16266131-befd-4cec-80a6-8c426511d2f3	16	88459366	90096867	681	-0.1348
16266131-befd-4cec-80a6-8c426511d2f3	17	150733	1074619	492	-0.1175
16266131-befd-4cec-80a6-8c426511d2f3	17	1083981	9719227	4960	0.011
16266131-befd-4cec-80a6-8c426511d2f3	17	9721475	9722438	2	-1.5542
16266131-befd-4cec-80a6-8c426511d2f3	17	9725257	18414080	5943	-0.0096
16266131-befd-4cec-80a6-8c426511d2f3	17	18452078	18561272	26	-1.6084
16266131-befd-4cec-80a6-8c426511d2f3	17	18561907	36108874	6837	-0.0016
16266131-befd-4cec-80a6-8c426511d2f3	17	36109139	36157718	37	0.4646
16266131-befd-4cec-80a6-8c426511d2f3	17	36200725	41265456	2525	-0.0026
16266131-befd-4cec-80a6-8c426511d2f3	17	41266762	41266851	6	0.7803
16266131-befd-4cec-80a6-8c426511d2f3	17	41266901	41274279	18	1.8556
16266131-befd-4cec-80a6-8c426511d2f3	17	41276472	45577724	2155	0.0114
16266131-befd-4cec-80a6-8c426511d2f3	17	45579014	45582060	6	-1.0765
16266131-befd-4cec-80a6-8c426511d2f3	17	45587327	46089238	342	-0.0573
16266131-befd-4cec-80a6-8c426511d2f3	17	46089854	46286804	119	-0.4782
16266131-befd-4cec-80a6-8c426511d2f3	17	46323701	66712911	11732	0.0088
16266131-befd-4cec-80a6-8c426511d2f3	17	66718947	66726027	13	-0.8777
16266131-befd-4cec-80a6-8c426511d2f3	17	66729772	83091923	9824	-0.0132
16266131-befd-4cec-80a6-8c426511d2f3	18	48133	4358437	3129	-0.0044
16266131-befd-4cec-80a6-8c426511d2f3	18	4358654	4359632	4	-1.6732
16266131-befd-4cec-80a6-8c426511d2f3	18	4360028	24356703	9088	-0.0053
16266131-befd-4cec-80a6-8c426511d2f3	18	24356874	46217598	14208	0.0164
16266131-befd-4cec-80a6-8c426511d2f3	18	46217719	47485249	761	-0.0548
16266131-befd-4cec-80a6-8c426511d2f3	18	47488380	47895816	374	-0.0053
16266131-befd-4cec-80a6-8c426511d2f3	18	47896021	47896106	3	0.934
16266131-befd-4cec-80a6-8c426511d2f3	18	47896568	47906725	8	0.0417
16266131-befd-4cec-80a6-8c426511d2f3	18	47906746	47906777	3	-0.9477
16266131-befd-4cec-80a6-8c426511d2f3	18	47906890	48366753	373	-0.0215
16266131-befd-4cec-80a6-8c426511d2f3	18	48367777	48369200	2	-1.4822
16266131-befd-4cec-80a6-8c426511d2f3	18	48371168	63641061	10675	0.0128
16266131-befd-4cec-80a6-8c426511d2f3	18	63646569	63656542	9	0.8366
16266131-befd-4cec-80a6-8c426511d2f3	18	63664376	73912168	7542	0.0204
16266131-befd-4cec-80a6-8c426511d2f3	18	73912202	80257174	4556	-0.0305
16266131-befd-4cec-80a6-8c426511d2f3	19	90910	32092261	14587	0.0034
16266131-befd-4cec-80a6-8c426511d2f3	19	32092970	32100171	8	-0.9894
16266131-befd-4cec-80a6-8c426511d2f3	19	32101025	42811459	5827	-0.0045
16266131-befd-4cec-80a6-8c426511d2f3	19	42816985	43232107	188	-1.0316
16266131-befd-4cec-80a6-8c426511d2f3	19	43236813	45244986	1175	0.0197
16266131-befd-4cec-80a6-8c426511d2f3	19	45245096	45245997	2	-2.268
16266131-befd-4cec-80a6-8c426511d2f3	19	45253118	53547798	4341	-0.0117
16266131-befd-4cec-80a6-8c426511d2f3	19	53549996	53871273	203	-0.15
16266131-befd-4cec-80a6-8c426511d2f3	19	53872572	55771003	935	-0.0031
16266131-befd-4cec-80a6-8c426511d2f3	19	55771169	55771701	3	-1.23
16266131-befd-4cec-80a6-8c426511d2f3	19	55774927	58366859	1737	0.0088
16266131-befd-4cec-80a6-8c426511d2f3	19	58370362	58586487	101	-0.1806
16266131-befd-4cec-80a6-8c426511d2f3	20	80664	250342	141	0.0516
16266131-befd-4cec-80a6-8c426511d2f3	20	253217	468269	138	-0.1309
16266131-befd-4cec-80a6-8c426511d2f3	20	470060	1580353	925	0.0136
16266131-befd-4cec-80a6-8c426511d2f3	20	1580934	1613247	41	-0.7234
16266131-befd-4cec-80a6-8c426511d2f3	20	1617300	5843149	3058	0.0003
16266131-befd-4cec-80a6-8c426511d2f3	20	5843495	8148677	1802	0.0365
16266131-befd-4cec-80a6-8c426511d2f3	20	8149490	8591287	360	0.1224
16266131-befd-4cec-80a6-8c426511d2f3	20	8591578	17438526	7205	0.0299
16266131-befd-4cec-80a6-8c426511d2f3	20	17438715	54062746	21284	0.0038
16266131-befd-4cec-80a6-8c426511d2f3	20	54062819	54062840	2	-1.5271
16266131-befd-4cec-80a6-8c426511d2f3	20	54062953	63589896	7112	0.0043
16266131-befd-4cec-80a6-8c426511d2f3	20	63591105	64170027	222	-0.1767
16266131-befd-4cec-80a6-8c426511d2f3	20	64170633	64324800	88	-0.0456
16266131-befd-4cec-80a6-8c426511d2f3	21	10354168	26910341	9856	-0.0033
16266131-befd-4cec-80a6-8c426511d2f3	21	26910515	26910533	2	-2.8049
16266131-befd-4cec-80a6-8c426511d2f3	21	26911285	42586097	11937	0.0056
16266131-befd-4cec-80a6-8c426511d2f3	21	42587431	42605441	10	-0.5641
16266131-befd-4cec-80a6-8c426511d2f3	21	42605776	45251751	1253	-0.0091
16266131-befd-4cec-80a6-8c426511d2f3	21	45251800	45647830	197	-0.131
16266131-befd-4cec-80a6-8c426511d2f3	21	45658230	46258259	322	0.0085
16266131-befd-4cec-80a6-8c426511d2f3	21	46258381	46509272	129	-0.1361
16266131-befd-4cec-80a6-8c426511d2f3	21	46512419	46512437	2	-1.7481
16266131-befd-4cec-80a6-8c426511d2f3	21	46512533	46677045	151	-0.1305
16266131-befd-4cec-80a6-8c426511d2f3	22	15294547	18142004	1109	-0.0026
16266131-befd-4cec-80a6-8c426511d2f3	22	18143362	18146386	8	-1.5404
16266131-befd-4cec-80a6-8c426511d2f3	22	18147293	18649244	17	-0.133
16266131-befd-4cec-80a6-8c426511d2f3	22	18760927	18950430	11	0.6513
16266131-befd-4cec-80a6-8c426511d2f3	22	18951419	22114208	1973	-0.0746
16266131-befd-4cec-80a6-8c426511d2f3	22	22119549	22120255	6	-1.1809
16266131-befd-4cec-80a6-8c426511d2f3	22	22127104	22219595	212	-0.0255
16266131-befd-4cec-80a6-8c426511d2f3	22	22224948	22225090	2	-1.5651
16266131-befd-4cec-80a6-8c426511d2f3	22	22225395	25349934	1931	-0.0321
16266131-befd-4cec-80a6-8c426511d2f3	22	25349949	25507576	173	-0.2023
16266131-befd-4cec-80a6-8c426511d2f3	22	25507601	41756984	11276	0.0039
16266131-befd-4cec-80a6-8c426511d2f3	22	41757649	41758214	2	-1.4671
16266131-befd-4cec-80a6-8c426511d2f3	22	41762184	42391417	369	-0.0012
16266131-befd-4cec-80a6-8c426511d2f3	22	42392512	42613811	115	-0.1984
16266131-befd-4cec-80a6-8c426511d2f3	22	42615668	44773525	1620	-0.0061
16266131-befd-4cec-80a6-8c426511d2f3	22	44779436	44779460	2	1.9729
16266131-befd-4cec-80a6-8c426511d2f3	22	44780843	48757059	3119	-0.007
16266131-befd-4cec-80a6-8c426511d2f3	22	48757470	49227255	444	-0.078
16266131-befd-4cec-80a6-8c426511d2f3	22	49229360	49229548	2	-2.174
16266131-befd-4cec-80a6-8c426511d2f3	22	49231343	50796027	881	-0.1089
16266131-befd-4cec-80a6-8c426511d2f3	X	251810	3192317	384	-0.124
16266131-befd-4cec-80a6-8c426511d2f3	X	3193037	9923723	5139	0.0295
16266131-befd-4cec-80a6-8c426511d2f3	X	9923776	10187917	207	-0.1343
16266131-befd-4cec-80a6-8c426511d2f3	X	10190498	90634991	41095	0.0089
16266131-befd-4cec-80a6-8c426511d2f3	X	90640076	90652491	9	-0.916
16266131-befd-4cec-80a6-8c426511d2f3	X	90652526	90871970	47	0.0284
16266131-befd-4cec-80a6-8c426511d2f3	X	90873594	90877819	3	-1.4637
16266131-befd-4cec-80a6-8c426511d2f3	X	90881339	91715919	377	-0.0086
16266131-befd-4cec-80a6-8c426511d2f3	X	91716219	91716703	3	1.0086
16266131-befd-4cec-80a6-8c426511d2f3	X	91716741	94102413	1118	-0.0034
16266131-befd-4cec-80a6-8c426511d2f3	X	94102762	94164611	44	-0.1362
16266131-befd-4cec-80a6-8c426511d2f3	X	94168196	94168224	2	-2.0999
16266131-befd-4cec-80a6-8c426511d2f3	X	94169802	122154960	15371	0.009
16266131-befd-4cec-80a6-8c426511d2f3	X	122158706	122293919	89	-1.1288
16266131-befd-4cec-80a6-8c426511d2f3	X	122294552	141475512	10907	0.0142
16266131-befd-4cec-80a6-8c426511d2f3	X	141559094	141604634	10	-0.5964
16266131-befd-4cec-80a6-8c426511d2f3	X	141606131	143504535	1419	0.0116
16266131-befd-4cec-80a6-8c426511d2f3	X	143505031	143505235	3	1.4603
16266131-befd-4cec-80a6-8c426511d2f3	X	143505562	152540864	5982	0.0199
16266131-befd-4cec-80a6-8c426511d2f3	X	152541276	155522452	1302	-0.0462
16266131-befd-4cec-80a6-8c426511d2f3	X	155522521	155952689	131	0.0589
16266131-befd-4cec-80a6-8c426511d2f3	Y	2782397	8860651	2068	-1.0077
16266131-befd-4cec-80a6-8c426511d2f3	Y	8860933	8860988	2	1.1385
16266131-befd-4cec-80a6-8c426511d2f3	Y	8870563	56872112	4569	-0.9994
