GDC_Aliquot	Chromosome	Start	End	Num_Probes	Segment_Mean
b1f90a25-d938-416b-948d-f5767460867a	1	3301765	7854594	2947	-0.1472
b1f90a25-d938-416b-948d-f5767460867a	1	7854775	8979645	583	-0.2312
b1f90a25-d938-416b-948d-f5767460867a	1	8982564	9344921	152	-0.5966
b1f90a25-d938-416b-948d-f5767460867a	1	9346920	12750808	1674	-0.2184
b1f90a25-d938-416b-948d-f5767460867a	1	12752136	18859635	3345	-0.1545
b1f90a25-d938-416b-948d-f5767460867a	1	18860632	23228324	2519	-0.1963
b1f90a25-d938-416b-948d-f5767460867a	1	23229015	28349556	2233	-0.2678
b1f90a25-d938-416b-948d-f5767460867a	1	28349584	36401633	4235	-0.1837
b1f90a25-d938-416b-948d-f5767460867a	1	36407064	36407717	3	-3.3748
b1f90a25-d938-416b-948d-f5767460867a	1	36408641	39135578	1608	-0.2
b1f90a25-d938-416b-948d-f5767460867a	1	39139669	42391058	1766	0.8947
b1f90a25-d938-416b-948d-f5767460867a	1	42393032	43752163	831	1.4649
b1f90a25-d938-416b-948d-f5767460867a	1	43755889	43958033	122	1.0033
b1f90a25-d938-416b-948d-f5767460867a	1	43959042	46937166	1352	-0.2214
b1f90a25-d938-416b-948d-f5767460867a	1	46937415	50349059	1927	-0.1379
b1f90a25-d938-416b-948d-f5767460867a	1	50350111	55277657	2571	-0.1976
b1f90a25-d938-416b-948d-f5767460867a	1	55277768	58368937	2539	-0.1051
b1f90a25-d938-416b-948d-f5767460867a	1	58369290	61273190	1986	-0.1811
b1f90a25-d938-416b-948d-f5767460867a	1	61280111	61427457	115	-0.5413
b1f90a25-d938-416b-948d-f5767460867a	1	61429230	71520274	6659	-0.1825
b1f90a25-d938-416b-948d-f5767460867a	1	71559565	74360193	1497	-0.2734
b1f90a25-d938-416b-948d-f5767460867a	1	74369039	85933511	7073	-0.1856
b1f90a25-d938-416b-948d-f5767460867a	1	85933672	85953294	46	-0.4552
b1f90a25-d938-416b-948d-f5767460867a	1	85953375	86619026	410	-0.2393
b1f90a25-d938-416b-948d-f5767460867a	1	86619321	87120919	216	-0.3791
b1f90a25-d938-416b-948d-f5767460867a	1	87121389	87930400	677	-0.1989
b1f90a25-d938-416b-948d-f5767460867a	1	87933477	89006513	658	1.046
b1f90a25-d938-416b-948d-f5767460867a	1	89006909	89255380	145	0.8713
b1f90a25-d938-416b-948d-f5767460867a	1	89256983	90254067	596	1.0002
b1f90a25-d938-416b-948d-f5767460867a	1	90264757	91315265	675	1.584
b1f90a25-d938-416b-948d-f5767460867a	1	91317602	91337226	26	0.8374
b1f90a25-d938-416b-948d-f5767460867a	1	91337554	91832281	315	1.4008
b1f90a25-d938-416b-948d-f5767460867a	1	91832619	94658360	1573	1.2599
b1f90a25-d938-416b-948d-f5767460867a	1	94658446	95517738	630	1.3541
b1f90a25-d938-416b-948d-f5767460867a	1	95518600	95699010	119	1.1098
b1f90a25-d938-416b-948d-f5767460867a	1	95706240	95981087	145	-0.1869
b1f90a25-d938-416b-948d-f5767460867a	1	95981415	95982221	2	-2.2099
b1f90a25-d938-416b-948d-f5767460867a	1	95982243	97489677	902	-0.2169
b1f90a25-d938-416b-948d-f5767460867a	1	97492210	97951890	238	-0.3387
b1f90a25-d938-416b-948d-f5767460867a	1	97957593	97961314	4	-1.2935
b1f90a25-d938-416b-948d-f5767460867a	1	97963456	98089254	63	-0.3998
b1f90a25-d938-416b-948d-f5767460867a	1	98100918	98567314	246	-0.2377
b1f90a25-d938-416b-948d-f5767460867a	1	98571211	98572090	5	-1.021
b1f90a25-d938-416b-948d-f5767460867a	1	98575448	98860578	144	-0.2683
b1f90a25-d938-416b-948d-f5767460867a	1	98860788	100058349	872	-0.1649
b1f90a25-d938-416b-948d-f5767460867a	1	100059913	101874669	1157	-0.2527
b1f90a25-d938-416b-948d-f5767460867a	1	101883135	101938635	62	-0.4919
b1f90a25-d938-416b-948d-f5767460867a	1	101938691	102110618	110	-0.3078
b1f90a25-d938-416b-948d-f5767460867a	1	102111465	102187221	53	0.4948
b1f90a25-d938-416b-948d-f5767460867a	1	102190128	102556767	99	-0.2675
b1f90a25-d938-416b-948d-f5767460867a	1	102560153	102574220	9	-1.1779
b1f90a25-d938-416b-948d-f5767460867a	1	102574483	104572269	866	-0.2454
b1f90a25-d938-416b-948d-f5767460867a	1	104572428	104575515	4	-1.6766
b1f90a25-d938-416b-948d-f5767460867a	1	104575549	107672688	1823	-0.2259
b1f90a25-d938-416b-948d-f5767460867a	1	107675635	107675654	2	-2.0099
b1f90a25-d938-416b-948d-f5767460867a	1	107676065	108594671	421	-0.2084
b1f90a25-d938-416b-948d-f5767460867a	1	108597523	111769129	1867	-0.2761
b1f90a25-d938-416b-948d-f5767460867a	1	111769532	115080795	2073	-0.2164
b1f90a25-d938-416b-948d-f5767460867a	1	115081240	115091779	12	0.4232
b1f90a25-d938-416b-948d-f5767460867a	1	115093508	115462907	311	0.6321
b1f90a25-d938-416b-948d-f5767460867a	1	115467738	115984447	386	0.488
b1f90a25-d938-416b-948d-f5767460867a	1	115985432	116077130	55	0.1621
b1f90a25-d938-416b-948d-f5767460867a	1	116083284	117142938	692	0.0251
b1f90a25-d938-416b-948d-f5767460867a	1	117143370	119984772	1679	0.1173
b1f90a25-d938-416b-948d-f5767460867a	1	146716041	152053260	889	0.5589
b1f90a25-d938-416b-948d-f5767460867a	1	152056085	153448933	831	0.6754
b1f90a25-d938-416b-948d-f5767460867a	1	153450772	156451455	1332	0.5652
b1f90a25-d938-416b-948d-f5767460867a	1	156451862	160001994	2275	0.6306
b1f90a25-d938-416b-948d-f5767460867a	1	160002584	162534456	1556	0.5752
b1f90a25-d938-416b-948d-f5767460867a	1	162534536	163216623	582	0.6973
b1f90a25-d938-416b-948d-f5767460867a	1	163216969	163217034	2	-0.8213
b1f90a25-d938-416b-948d-f5767460867a	1	163218794	163988216	490	0.6911
b1f90a25-d938-416b-948d-f5767460867a	1	163988275	165202768	965	0.7768
b1f90a25-d938-416b-948d-f5767460867a	1	165206070	166400515	989	0.6854
b1f90a25-d938-416b-948d-f5767460867a	1	166402458	170217606	2852	0.6156
b1f90a25-d938-416b-948d-f5767460867a	1	170217892	170908265	424	0.7207
b1f90a25-d938-416b-948d-f5767460867a	1	170908678	172727513	1209	0.6245
b1f90a25-d938-416b-948d-f5767460867a	1	172728462	176251077	1783	0.4707
b1f90a25-d938-416b-948d-f5767460867a	1	176251121	178065000	1173	0.5814
b1f90a25-d938-416b-948d-f5767460867a	1	178065067	187800567	6318	0.482
b1f90a25-d938-416b-948d-f5767460867a	1	187800833	187809606	5	0.4376
b1f90a25-d938-416b-948d-f5767460867a	1	187810037	187812156	6	0.067
b1f90a25-d938-416b-948d-f5767460867a	1	187817530	187880619	34	0.5262
b1f90a25-d938-416b-948d-f5767460867a	1	187883578	187885749	5	-0.577
b1f90a25-d938-416b-948d-f5767460867a	1	187893406	187897762	4	0.6539
b1f90a25-d938-416b-948d-f5767460867a	1	187897775	187904809	9	-0.0204
b1f90a25-d938-416b-948d-f5767460867a	1	187905252	188144454	162	0.4901
b1f90a25-d938-416b-948d-f5767460867a	1	188145614	188150986	8	-0.6512
b1f90a25-d938-416b-948d-f5767460867a	1	188151783	192405390	2311	0.3678
b1f90a25-d938-416b-948d-f5767460867a	1	192405867	200927169	5053	0.4369
b1f90a25-d938-416b-948d-f5767460867a	1	200932301	200933250	3	-0.824
b1f90a25-d938-416b-948d-f5767460867a	1	200937087	206139105	3434	0.4615
b1f90a25-d938-416b-948d-f5767460867a	1	206142743	206156036	6	0.1813
b1f90a25-d938-416b-948d-f5767460867a	1	206157841	206165498	3	-1.4298
b1f90a25-d938-416b-948d-f5767460867a	1	206166649	207915272	1014	0.3919
b1f90a25-d938-416b-948d-f5767460867a	1	207916673	211190014	2520	0.5177
b1f90a25-d938-416b-948d-f5767460867a	1	211197142	212890754	1049	0.4326
b1f90a25-d938-416b-948d-f5767460867a	1	212890867	218004190	3501	0.5407
b1f90a25-d938-416b-948d-f5767460867a	1	218006249	218008915	7	-1.5962
b1f90a25-d938-416b-948d-f5767460867a	1	218020173	218974953	676	0.5442
b1f90a25-d938-416b-948d-f5767460867a	1	218977280	227509381	5198	0.4674
b1f90a25-d938-416b-948d-f5767460867a	1	227511132	227587204	57	0.8114
b1f90a25-d938-416b-948d-f5767460867a	1	227589448	227597361	4	-1.5583
b1f90a25-d938-416b-948d-f5767460867a	1	227600119	228731909	378	0.8189
b1f90a25-d938-416b-948d-f5767460867a	1	228738302	229424982	513	0.7137
b1f90a25-d938-416b-948d-f5767460867a	1	229428370	234244771	3545	0.8158
b1f90a25-d938-416b-948d-f5767460867a	1	234245148	236535170	1353	0.7359
b1f90a25-d938-416b-948d-f5767460867a	1	236537682	241765637	4139	0.838
b1f90a25-d938-416b-948d-f5767460867a	1	241766240	242709407	671	0.3123
b1f90a25-d938-416b-948d-f5767460867a	1	242710653	244458948	985	0.7544
b1f90a25-d938-416b-948d-f5767460867a	1	244462758	247650984	1329	0.8378
b1f90a25-d938-416b-948d-f5767460867a	2	480597	596532	89	0.8158
b1f90a25-d938-416b-948d-f5767460867a	2	596629	6439966	3418	0.8952
b1f90a25-d938-416b-948d-f5767460867a	2	6440513	13341134	4746	0.8166
b1f90a25-d938-416b-948d-f5767460867a	2	13343124	13394851	27	0.3006
b1f90a25-d938-416b-948d-f5767460867a	2	13409547	13582855	136	0.8246
b1f90a25-d938-416b-948d-f5767460867a	2	13583177	14464155	486	0.464
b1f90a25-d938-416b-948d-f5767460867a	2	14466855	14765011	215	0.3113
b1f90a25-d938-416b-948d-f5767460867a	2	14765083	23799953	6148	0.4695
b1f90a25-d938-416b-948d-f5767460867a	2	23800280	27976597	1848	0.3741
b1f90a25-d938-416b-948d-f5767460867a	2	27978770	27982105	2	-1.1952
b1f90a25-d938-416b-948d-f5767460867a	2	27982714	28678186	438	0.3453
b1f90a25-d938-416b-948d-f5767460867a	2	28679163	34713115	3392	0.4416
b1f90a25-d938-416b-948d-f5767460867a	2	34713674	35143420	216	0.3668
b1f90a25-d938-416b-948d-f5767460867a	2	35145785	35195111	20	-0.0675
b1f90a25-d938-416b-948d-f5767460867a	2	35199285	41006786	3110	0.3997
b1f90a25-d938-416b-948d-f5767460867a	2	41009305	41010908	16	-0.1285
b1f90a25-d938-416b-948d-f5767460867a	2	41024614	41140264	64	0.3463
b1f90a25-d938-416b-948d-f5767460867a	2	41140380	42053830	587	0.4756
b1f90a25-d938-416b-948d-f5767460867a	2	42055689	48563727	4190	0.3936
b1f90a25-d938-416b-948d-f5767460867a	2	48567705	51136261	1378	0.4416
b1f90a25-d938-416b-948d-f5767460867a	2	51143323	51764758	423	0.2933
b1f90a25-d938-416b-948d-f5767460867a	2	51768266	58798917	3639	0.3985
b1f90a25-d938-416b-948d-f5767460867a	2	58799351	60296591	1098	0.4778
b1f90a25-d938-416b-948d-f5767460867a	2	60300162	63827643	1687	0.398
b1f90a25-d938-416b-948d-f5767460867a	2	63828016	65582233	972	0.3494
b1f90a25-d938-416b-948d-f5767460867a	2	65582904	66671610	820	0.458
b1f90a25-d938-416b-948d-f5767460867a	2	66671820	66886867	151	0.5328
b1f90a25-d938-416b-948d-f5767460867a	2	66886924	67367705	340	0.6913
b1f90a25-d938-416b-948d-f5767460867a	2	67368007	68120412	565	0.6044
b1f90a25-d938-416b-948d-f5767460867a	2	68120879	71450571	2058	0.5017
b1f90a25-d938-416b-948d-f5767460867a	2	71451402	72806199	680	0.6098
b1f90a25-d938-416b-948d-f5767460867a	2	72815639	73000057	82	1.5594
b1f90a25-d938-416b-948d-f5767460867a	2	73000440	75301611	1170	0.534
b1f90a25-d938-416b-948d-f5767460867a	2	75304233	77499976	1353	0.6185
b1f90a25-d938-416b-948d-f5767460867a	2	77502017	77505540	8	-0.1507
b1f90a25-d938-416b-948d-f5767460867a	2	77506509	78752523	608	0.5725
b1f90a25-d938-416b-948d-f5767460867a	2	78755575	80702275	1006	0.6756
b1f90a25-d938-416b-948d-f5767460867a	2	80707231	81011077	146	0.6111
b1f90a25-d938-416b-948d-f5767460867a	2	81012933	81538633	234	0.5653
b1f90a25-d938-416b-948d-f5767460867a	2	81542280	81542889	5	-0.33
b1f90a25-d938-416b-948d-f5767460867a	2	81545599	83339747	948	0.5762
b1f90a25-d938-416b-948d-f5767460867a	2	83343140	83397787	23	0.1288
b1f90a25-d938-416b-948d-f5767460867a	2	83403327	94841983	2305	0.5436
b1f90a25-d938-416b-948d-f5767460867a	2	94842526	98259284	947	0.6524
b1f90a25-d938-416b-948d-f5767460867a	2	98259367	98281757	35	0.3375
b1f90a25-d938-416b-948d-f5767460867a	2	98281884	101242679	1746	0.6659
b1f90a25-d938-416b-948d-f5767460867a	2	101252523	102487740	743	0.5993
b1f90a25-d938-416b-948d-f5767460867a	2	102487829	105613088	1993	0.6831
b1f90a25-d938-416b-948d-f5767460867a	2	105613729	107285081	1119	0.5818
b1f90a25-d938-416b-948d-f5767460867a	2	107286141	107957973	265	0.3928
b1f90a25-d938-416b-948d-f5767460867a	2	107958370	107988405	43	0.121
b1f90a25-d938-416b-948d-f5767460867a	2	107989380	109025001	558	0.3568
b1f90a25-d938-416b-948d-f5767460867a	2	109028417	114060246	2087	0.0583
b1f90a25-d938-416b-948d-f5767460867a	2	114060638	120283738	3265	0.1314
b1f90a25-d938-416b-948d-f5767460867a	2	120283771	122965539	1698	0.1816
b1f90a25-d938-416b-948d-f5767460867a	2	122970234	126852555	1534	0.1173
b1f90a25-d938-416b-948d-f5767460867a	2	126852705	127945946	574	0.0836
b1f90a25-d938-416b-948d-f5767460867a	2	127949116	134108422	2823	0.3596
b1f90a25-d938-416b-948d-f5767460867a	2	134110536	134423944	218	0.1524
b1f90a25-d938-416b-948d-f5767460867a	2	134425688	134486174	64	0.2974
b1f90a25-d938-416b-948d-f5767460867a	2	134486239	134499718	13	-0.071
b1f90a25-d938-416b-948d-f5767460867a	2	134501560	134766708	156	0.3104
b1f90a25-d938-416b-948d-f5767460867a	2	134768423	134934155	103	0.1163
b1f90a25-d938-416b-948d-f5767460867a	2	134935967	135061337	71	0.2915
b1f90a25-d938-416b-948d-f5767460867a	2	135062879	135119992	18	0.097
b1f90a25-d938-416b-948d-f5767460867a	2	135120846	135886682	333	-0.0477
b1f90a25-d938-416b-948d-f5767460867a	2	135891509	136808701	646	0.2435
b1f90a25-d938-416b-948d-f5767460867a	2	136810107	136905435	110	0.0721
b1f90a25-d938-416b-948d-f5767460867a	2	136905650	136987369	57	0.2579
b1f90a25-d938-416b-948d-f5767460867a	2	136990157	137013336	11	0.6175
b1f90a25-d938-416b-948d-f5767460867a	2	137014290	137048477	36	0.3042
b1f90a25-d938-416b-948d-f5767460867a	2	137052849	137157318	68	0.0652
b1f90a25-d938-416b-948d-f5767460867a	2	137157554	137209922	31	0.253
b1f90a25-d938-416b-948d-f5767460867a	2	137211673	138701299	441	0.3425
b1f90a25-d938-416b-948d-f5767460867a	2	138704052	143117750	2739	0.4382
b1f90a25-d938-416b-948d-f5767460867a	2	143124005	143129014	5	-0.8621
b1f90a25-d938-416b-948d-f5767460867a	2	143130680	149277564	3253	0.4467
b1f90a25-d938-416b-948d-f5767460867a	2	149278262	150900129	1088	0.5485
b1f90a25-d938-416b-948d-f5767460867a	2	150906227	159389857	5011	0.4566
b1f90a25-d938-416b-948d-f5767460867a	2	159390408	163036192	2042	0.4047
b1f90a25-d938-416b-948d-f5767460867a	2	163039313	164987109	1072	0.49
b1f90a25-d938-416b-948d-f5767460867a	2	164995378	165007539	6	-0.4414
b1f90a25-d938-416b-948d-f5767460867a	2	165008929	166463073	885	0.4679
b1f90a25-d938-416b-948d-f5767460867a	2	166464426	166484552	12	-0.1675
b1f90a25-d938-416b-948d-f5767460867a	2	166484725	167104744	344	0.4757
b1f90a25-d938-416b-948d-f5767460867a	2	167104991	167106863	4	-0.4238
b1f90a25-d938-416b-948d-f5767460867a	2	167108702	170230505	2024	0.4878
b1f90a25-d938-416b-948d-f5767460867a	2	170230553	173903875	2434	0.6273
b1f90a25-d938-416b-948d-f5767460867a	2	173906872	174172963	160	0.4763
b1f90a25-d938-416b-948d-f5767460867a	2	174176633	174177390	2	-0.8324
b1f90a25-d938-416b-948d-f5767460867a	2	174177835	174948373	428	0.4716
b1f90a25-d938-416b-948d-f5767460867a	2	174948630	176955441	1276	0.5499
b1f90a25-d938-416b-948d-f5767460867a	2	176956599	181995525	3081	0.4978
b1f90a25-d938-416b-948d-f5767460867a	2	181995695	184049325	1115	0.567
b1f90a25-d938-416b-948d-f5767460867a	2	184049409	184735758	335	0.3899
b1f90a25-d938-416b-948d-f5767460867a	2	184738558	192596124	3750	0.4898
b1f90a25-d938-416b-948d-f5767460867a	2	192596730	196607952	1605	0.4393
b1f90a25-d938-416b-948d-f5767460867a	2	196608669	219599400	13473	0.3483
b1f90a25-d938-416b-948d-f5767460867a	2	219610353	221606293	1431	0.4095
b1f90a25-d938-416b-948d-f5767460867a	2	221606740	221606796	2	2.0644
b1f90a25-d938-416b-948d-f5767460867a	2	221607842	222252053	433	0.4499
b1f90a25-d938-416b-948d-f5767460867a	2	222255211	223737930	965	0.3399
b1f90a25-d938-416b-948d-f5767460867a	2	223738907	224028712	193	0.1346
b1f90a25-d938-416b-948d-f5767460867a	2	224028956	225031047	668	0.3206
b1f90a25-d938-416b-948d-f5767460867a	2	225032619	230159802	3064	0.3585
b1f90a25-d938-416b-948d-f5767460867a	2	230160091	234522495	2468	0.2915
b1f90a25-d938-416b-948d-f5767460867a	2	234526796	236324770	1167	0.4251
b1f90a25-d938-416b-948d-f5767460867a	2	236325277	241537572	3052	0.3392
b1f90a25-d938-416b-948d-f5767460867a	3	2170634	3341337	618	-0.4444
b1f90a25-d938-416b-948d-f5767460867a	3	3341411	3341522	2	-4.1932
b1f90a25-d938-416b-948d-f5767460867a	3	3343525	4429030	576	-0.4524
b1f90a25-d938-416b-948d-f5767460867a	3	4429209	5254457	550	-0.5461
b1f90a25-d938-416b-948d-f5767460867a	3	5254690	6297326	276	-0.4371
b1f90a25-d938-416b-948d-f5767460867a	3	6298248	6300414	3	-1.5926
b1f90a25-d938-416b-948d-f5767460867a	3	6301856	7405867	655	-0.4679
b1f90a25-d938-416b-948d-f5767460867a	3	7406652	8999030	1281	-0.3966
b1f90a25-d938-416b-948d-f5767460867a	3	8999410	14998867	3901	-0.4875
b1f90a25-d938-416b-948d-f5767460867a	3	15011439	17760220	1692	-0.5531
b1f90a25-d938-416b-948d-f5767460867a	3	17761389	22478800	2348	-0.4729
b1f90a25-d938-416b-948d-f5767460867a	3	22480869	30338594	4866	-0.4275
b1f90a25-d938-416b-948d-f5767460867a	3	30338770	33955370	2259	-0.4985
b1f90a25-d938-416b-948d-f5767460867a	3	33958541	33959639	2	-2.6233
b1f90a25-d938-416b-948d-f5767460867a	3	33959642	41225772	4615	-0.4702
b1f90a25-d938-416b-948d-f5767460867a	3	41225817	45347614	2124	-0.2933
b1f90a25-d938-416b-948d-f5767460867a	3	45349356	53087580	3437	-0.3544
b1f90a25-d938-416b-948d-f5767460867a	3	53090497	53789071	462	-0.2981
b1f90a25-d938-416b-948d-f5767460867a	3	53789884	56323796	1953	-0.2055
b1f90a25-d938-416b-948d-f5767460867a	3	56326225	56992816	395	-0.3012
b1f90a25-d938-416b-948d-f5767460867a	3	56997441	56998213	3	-2.0583
b1f90a25-d938-416b-948d-f5767460867a	3	57000078	61204720	1767	-0.2789
b1f90a25-d938-416b-948d-f5767460867a	3	61220164	61237313	14	-1.0793
b1f90a25-d938-416b-948d-f5767460867a	3	61246523	66313935	3865	-0.2202
b1f90a25-d938-416b-948d-f5767460867a	3	66316226	70902254	3213	-0.2747
b1f90a25-d938-416b-948d-f5767460867a	3	70905048	73038238	1500	-0.3411
b1f90a25-d938-416b-948d-f5767460867a	3	73039713	73468784	319	-0.2357
b1f90a25-d938-416b-948d-f5767460867a	3	73470908	78786402	2860	0.0297
b1f90a25-d938-416b-948d-f5767460867a	3	78787044	81097146	1235	-0.0571
b1f90a25-d938-416b-948d-f5767460867a	3	81097236	81836888	422	0.1952
b1f90a25-d938-416b-948d-f5767460867a	3	81838188	83790779	955	0.031
b1f90a25-d938-416b-948d-f5767460867a	3	83793831	85237693	666	0.3625
b1f90a25-d938-416b-948d-f5767460867a	3	85241828	85242006	2	-1.8696
b1f90a25-d938-416b-948d-f5767460867a	3	85245680	85331189	34	0.4317
b1f90a25-d938-416b-948d-f5767460867a	3	85335320	85340405	5	-0.5059
b1f90a25-d938-416b-948d-f5767460867a	3	85340738	90057132	2304	0.4367
b1f90a25-d938-416b-948d-f5767460867a	3	90057774	98678664	2482	0.5617
b1f90a25-d938-416b-948d-f5767460867a	3	98688460	98688542	3	-0.8285
b1f90a25-d938-416b-948d-f5767460867a	3	98688556	99307987	290	0.5977
b1f90a25-d938-416b-948d-f5767460867a	3	99308617	99312564	3	-1.1628
b1f90a25-d938-416b-948d-f5767460867a	3	99312735	104894532	3112	0.5516
b1f90a25-d938-416b-948d-f5767460867a	3	104898876	104902153	24	0.1179
b1f90a25-d938-416b-948d-f5767460867a	3	104902337	105209604	190	0.5061
b1f90a25-d938-416b-948d-f5767460867a	3	105209735	105210725	3	-0.7426
b1f90a25-d938-416b-948d-f5767460867a	3	105213947	108444355	1937	0.5523
b1f90a25-d938-416b-948d-f5767460867a	3	108444456	117658606	5403	0.7018
b1f90a25-d938-416b-948d-f5767460867a	3	117661797	117718390	41	-0.1017
b1f90a25-d938-416b-948d-f5767460867a	3	117719717	124420935	3751	0.6812
b1f90a25-d938-416b-948d-f5767460867a	3	124421136	125070126	488	1.1287
b1f90a25-d938-416b-948d-f5767460867a	3	125070521	125092470	17	1.5188
b1f90a25-d938-416b-948d-f5767460867a	3	125092636	125169458	76	1.2889
b1f90a25-d938-416b-948d-f5767460867a	3	125170061	125567517	202	1.5166
b1f90a25-d938-416b-948d-f5767460867a	3	125567698	125574948	4	0.5933
b1f90a25-d938-416b-948d-f5767460867a	3	125578345	131226346	2985	0.3796
b1f90a25-d938-416b-948d-f5767460867a	3	131228429	141173051	5884	0.4284
b1f90a25-d938-416b-948d-f5767460867a	3	141173071	147437811	2947	0.3607
b1f90a25-d938-416b-948d-f5767460867a	3	147750170	148556718	420	0.5789
b1f90a25-d938-416b-948d-f5767460867a	3	148568219	148568406	2	2.1386
b1f90a25-d938-416b-948d-f5767460867a	3	148568566	157404872	5088	0.5395
b1f90a25-d938-416b-948d-f5767460867a	3	157405074	158613262	640	0.584
b1f90a25-d938-416b-948d-f5767460867a	3	158619976	158621752	2	-0.9592
b1f90a25-d938-416b-948d-f5767460867a	3	158623833	161680175	1747	0.6085
b1f90a25-d938-416b-948d-f5767460867a	3	161684541	164370545	1148	0.5073
b1f90a25-d938-416b-948d-f5767460867a	3	164370876	166608919	832	0.6873
b1f90a25-d938-416b-948d-f5767460867a	3	166612779	169498455	1550	0.7666
b1f90a25-d938-416b-948d-f5767460867a	3	169499601	175223466	3112	0.703
b1f90a25-d938-416b-948d-f5767460867a	3	175226150	175228787	21	0.2266
b1f90a25-d938-416b-948d-f5767460867a	3	175228957	176972093	631	0.7437
b1f90a25-d938-416b-948d-f5767460867a	3	177177049	177269844	47	0.364
b1f90a25-d938-416b-948d-f5767460867a	3	177273421	179103279	1009	0.7123
b1f90a25-d938-416b-948d-f5767460867a	3	179109461	179234447	197	0.4924
b1f90a25-d938-416b-948d-f5767460867a	3	179235965	181274235	1086	0.694
b1f90a25-d938-416b-948d-f5767460867a	3	181276392	182333119	540	0.7957
b1f90a25-d938-416b-948d-f5767460867a	3	182339106	184886883	924	0.6704
b1f90a25-d938-416b-948d-f5767460867a	3	184889490	197812401	7155	0.5645
b1f90a25-d938-416b-948d-f5767460867a	4	1059384	2135445	348	-0.2378
b1f90a25-d938-416b-948d-f5767460867a	4	2136314	3257905	520	-0.3196
b1f90a25-d938-416b-948d-f5767460867a	4	3258874	14468479	7162	-0.1825
b1f90a25-d938-416b-948d-f5767460867a	4	14468649	14468703	2	-2.0816
b1f90a25-d938-416b-948d-f5767460867a	4	14471010	14751206	210	-0.1914
b1f90a25-d938-416b-948d-f5767460867a	4	14761905	17558043	2062	-0.0614
b1f90a25-d938-416b-948d-f5767460867a	4	17558200	18026538	252	-0.1826
b1f90a25-d938-416b-948d-f5767460867a	4	18027477	23453268	3400	-0.0476
b1f90a25-d938-416b-948d-f5767460867a	4	23454908	23455166	2	-1.637
b1f90a25-d938-416b-948d-f5767460867a	4	23460843	25465131	1417	-0.0818
b1f90a25-d938-416b-948d-f5767460867a	4	25465555	25469542	2	-1.769
b1f90a25-d938-416b-948d-f5767460867a	4	25470246	25830389	236	-0.092
b1f90a25-d938-416b-948d-f5767460867a	4	25830568	29222869	2123	-0.1902
b1f90a25-d938-416b-948d-f5767460867a	4	29224046	29225148	3	-1.5939
b1f90a25-d938-416b-948d-f5767460867a	4	29227997	29317128	85	-0.1823
b1f90a25-d938-416b-948d-f5767460867a	4	29317141	29327001	16	-0.6385
b1f90a25-d938-416b-948d-f5767460867a	4	29330171	29466890	74	-0.1601
b1f90a25-d938-416b-948d-f5767460867a	4	29470286	29479602	9	-1.1013
b1f90a25-d938-416b-948d-f5767460867a	4	29479690	33760960	2447	-0.2306
b1f90a25-d938-416b-948d-f5767460867a	4	33765202	34344306	257	-0.2895
b1f90a25-d938-416b-948d-f5767460867a	4	34346365	34349749	9	-1.1806
b1f90a25-d938-416b-948d-f5767460867a	4	34349995	36506489	1306	-0.3223
b1f90a25-d938-416b-948d-f5767460867a	4	36510515	37833756	958	-0.2016
b1f90a25-d938-416b-948d-f5767460867a	4	37836056	38757634	668	-0.3027
b1f90a25-d938-416b-948d-f5767460867a	4	38760609	39952550	612	0.1657
b1f90a25-d938-416b-948d-f5767460867a	4	39955638	40412473	181	-0.025
b1f90a25-d938-416b-948d-f5767460867a	4	40413542	40449297	19	0.1962
b1f90a25-d938-416b-948d-f5767460867a	4	40449377	41605333	734	-0.1676
b1f90a25-d938-416b-948d-f5767460867a	4	41606454	44324250	1348	0.0794
b1f90a25-d938-416b-948d-f5767460867a	4	44324587	44353263	18	-0.356
b1f90a25-d938-416b-948d-f5767460867a	4	44477302	44671084	144	0.3202
b1f90a25-d938-416b-948d-f5767460867a	4	44672628	44717838	19	-0.0815
b1f90a25-d938-416b-948d-f5767460867a	4	44722209	44872104	85	0.2636
b1f90a25-d938-416b-948d-f5767460867a	4	44872681	45078019	90	0.0466
b1f90a25-d938-416b-948d-f5767460867a	4	45085170	45675937	323	-0.0898
b1f90a25-d938-416b-948d-f5767460867a	4	45680091	48064938	1208	0.04
b1f90a25-d938-416b-948d-f5767460867a	4	48065850	53321844	817	0.179
b1f90a25-d938-416b-948d-f5767460867a	4	53324080	53865521	426	-0.0472
b1f90a25-d938-416b-948d-f5767460867a	4	53866249	54631279	557	-0.1348
b1f90a25-d938-416b-948d-f5767460867a	4	54631494	54689460	100	0.0845
b1f90a25-d938-416b-948d-f5767460867a	4	54689485	55767775	741	-0.162
b1f90a25-d938-416b-948d-f5767460867a	4	55769529	55769718	2	-1.5532
b1f90a25-d938-416b-948d-f5767460867a	4	55770430	58436729	1590	-0.1529
b1f90a25-d938-416b-948d-f5767460867a	4	58437031	59347251	521	-0.2788
b1f90a25-d938-416b-948d-f5767460867a	4	59349762	59413086	42	0.1204
b1f90a25-d938-416b-948d-f5767460867a	4	59413101	59751823	212	-0.2481
b1f90a25-d938-416b-948d-f5767460867a	4	59754219	59771893	7	-0.9625
b1f90a25-d938-416b-948d-f5767460867a	4	59772240	59871665	58	-0.2223
b1f90a25-d938-416b-948d-f5767460867a	4	59872476	60236149	200	0.0505
b1f90a25-d938-416b-948d-f5767460867a	4	60238582	83779940	12849	-0.2098
b1f90a25-d938-416b-948d-f5767460867a	4	83781254	84392527	426	-0.5295
b1f90a25-d938-416b-948d-f5767460867a	4	84402201	93267622	4892	-0.2138
b1f90a25-d938-416b-948d-f5767460867a	4	93268869	94312801	606	-0.1594
b1f90a25-d938-416b-948d-f5767460867a	4	94316461	94320162	5	0.7674
b1f90a25-d938-416b-948d-f5767460867a	4	94373983	97423376	1896	-0.1653
b1f90a25-d938-416b-948d-f5767460867a	4	97424266	107278270	5389	-0.239
b1f90a25-d938-416b-948d-f5767460867a	4	107280936	110848507	2078	-0.1751
b1f90a25-d938-416b-948d-f5767460867a	4	110851350	119528301	4905	-0.2452
b1f90a25-d938-416b-948d-f5767460867a	4	119531099	120554675	702	-0.546
b1f90a25-d938-416b-948d-f5767460867a	4	120560548	129910375	5025	-0.2064
b1f90a25-d938-416b-948d-f5767460867a	4	129915355	133515996	1575	-0.2591
b1f90a25-d938-416b-948d-f5767460867a	4	133518626	133521369	8	-1.2119
b1f90a25-d938-416b-948d-f5767460867a	4	133521601	133619774	32	-0.1468
b1f90a25-d938-416b-948d-f5767460867a	4	133632439	133641850	12	-0.6259
b1f90a25-d938-416b-948d-f5767460867a	4	133645303	133696916	20	-0.1309
b1f90a25-d938-416b-948d-f5767460867a	4	133697119	133702129	7	-1.0479
b1f90a25-d938-416b-948d-f5767460867a	4	133703817	136417423	1188	-0.2459
b1f90a25-d938-416b-948d-f5767460867a	4	136418265	136425273	6	-1.2
b1f90a25-d938-416b-948d-f5767460867a	4	136425945	137641264	698	-0.2364
b1f90a25-d938-416b-948d-f5767460867a	4	137642334	137922218	205	-0.172
b1f90a25-d938-416b-948d-f5767460867a	4	137922788	137949212	14	-0.7092
b1f90a25-d938-416b-948d-f5767460867a	4	137952420	143475521	3531	-0.1998
b1f90a25-d938-416b-948d-f5767460867a	4	143478068	143517741	18	-0.6676
b1f90a25-d938-416b-948d-f5767460867a	4	143520936	148467012	2662	-0.1766
b1f90a25-d938-416b-948d-f5767460867a	4	148467277	149274811	369	-0.087
b1f90a25-d938-416b-948d-f5767460867a	4	149275209	156322044	4030	-0.1994
b1f90a25-d938-416b-948d-f5767460867a	4	156325110	156325728	2	1.5405
b1f90a25-d938-416b-948d-f5767460867a	4	156325947	156894735	377	-0.1597
b1f90a25-d938-416b-948d-f5767460867a	4	156897950	157073779	91	-0.5167
b1f90a25-d938-416b-948d-f5767460867a	4	157085146	160769156	2140	-0.189
b1f90a25-d938-416b-948d-f5767460867a	4	160771603	164121988	1927	-0.2747
b1f90a25-d938-416b-948d-f5767460867a	4	164122111	170766168	3511	-0.1767
b1f90a25-d938-416b-948d-f5767460867a	4	170768533	179688594	4758	-0.2297
b1f90a25-d938-416b-948d-f5767460867a	4	179696740	184204290	2049	-0.1539
b1f90a25-d938-416b-948d-f5767460867a	4	184206041	184600783	287	-0.3116
b1f90a25-d938-416b-948d-f5767460867a	4	184752665	186558103	812	-0.1855
b1f90a25-d938-416b-948d-f5767460867a	4	186559772	187842528	759	0.1203
b1f90a25-d938-416b-948d-f5767460867a	5	913983	17954112	11045	-0.4867
b1f90a25-d938-416b-948d-f5767460867a	5	17954970	21248241	1614	-0.5577
b1f90a25-d938-416b-948d-f5767460867a	5	21250143	21618335	94	-0.2815
b1f90a25-d938-416b-948d-f5767460867a	5	21619748	23012117	735	-0.5231
b1f90a25-d938-416b-948d-f5767460867a	5	23014248	23016566	8	-1.4076
b1f90a25-d938-416b-948d-f5767460867a	5	23023729	25683421	1408	-0.5299
b1f90a25-d938-416b-948d-f5767460867a	5	25683462	28976491	1762	-0.6224
b1f90a25-d938-416b-948d-f5767460867a	5	28977395	28979156	2	-2.6107
b1f90a25-d938-416b-948d-f5767460867a	5	28979253	30110248	705	-0.6085
b1f90a25-d938-416b-948d-f5767460867a	5	30111812	37025769	4143	-0.5346
b1f90a25-d938-416b-948d-f5767460867a	5	37027071	37222939	70	-1.0476
b1f90a25-d938-416b-948d-f5767460867a	5	37230280	38933606	1065	-0.5335
b1f90a25-d938-416b-948d-f5767460867a	5	38933647	40406475	964	-0.6603
b1f90a25-d938-416b-948d-f5767460867a	5	40406640	41629861	763	-0.5626
b1f90a25-d938-416b-948d-f5767460867a	5	41634158	42561361	460	0.4855
b1f90a25-d938-416b-948d-f5767460867a	5	42562097	43902227	652	0.0714
b1f90a25-d938-416b-948d-f5767460867a	5	43904187	51769281	1111	-0.2012
b1f90a25-d938-416b-948d-f5767460867a	5	51769467	52508670	392	0.0606
b1f90a25-d938-416b-948d-f5767460867a	5	52508927	53523691	747	-0.1239
b1f90a25-d938-416b-948d-f5767460867a	5	53526695	116447857	34201	-0.503
b1f90a25-d938-416b-948d-f5767460867a	5	116450220	116650017	175	-0.0715
b1f90a25-d938-416b-948d-f5767460867a	5	116746041	116776782	33	-0.4043
b1f90a25-d938-416b-948d-f5767460867a	5	116784765	116824100	36	-0.1009
b1f90a25-d938-416b-948d-f5767460867a	5	116824926	118842451	1265	-0.4479
b1f90a25-d938-416b-948d-f5767460867a	5	118843811	121518217	1436	-0.5197
b1f90a25-d938-416b-948d-f5767460867a	5	121518451	121528187	8	-1.2798
b1f90a25-d938-416b-948d-f5767460867a	5	121528424	121551857	16	-0.5058
b1f90a25-d938-416b-948d-f5767460867a	5	121552784	131133295	5545	-0.4522
b1f90a25-d938-416b-948d-f5767460867a	5	131136900	134410043	1972	-0.5373
b1f90a25-d938-416b-948d-f5767460867a	5	134413308	137199877	1820	-0.4424
b1f90a25-d938-416b-948d-f5767460867a	5	137200513	137564179	294	-0.1049
b1f90a25-d938-416b-948d-f5767460867a	5	137567007	137758684	126	-0.4415
b1f90a25-d938-416b-948d-f5767460867a	5	137760861	138007780	105	-0.1449
b1f90a25-d938-416b-948d-f5767460867a	5	138009951	143789563	3045	-0.5119
b1f90a25-d938-416b-948d-f5767460867a	5	143791638	147264238	2165	-0.4375
b1f90a25-d938-416b-948d-f5767460867a	5	147264552	149071352	1211	-0.4959
b1f90a25-d938-416b-948d-f5767460867a	5	149072480	149457473	267	-0.1798
b1f90a25-d938-416b-948d-f5767460867a	5	149458125	168445936	12399	-0.4685
b1f90a25-d938-416b-948d-f5767460867a	5	168446677	170436259	1524	-0.1178
b1f90a25-d938-416b-948d-f5767460867a	5	170438289	170442640	4	-2.1239
b1f90a25-d938-416b-948d-f5767460867a	5	170443310	174025588	2203	-0.1346
b1f90a25-d938-416b-948d-f5767460867a	5	174026203	175548841	1193	-0.0705
b1f90a25-d938-416b-948d-f5767460867a	5	175549322	177191023	551	-0.1243
b1f90a25-d938-416b-948d-f5767460867a	5	177191883	178189208	275	-0.2409
b1f90a25-d938-416b-948d-f5767460867a	5	178189271	180934240	1454	-0.1319
b1f90a25-d938-416b-948d-f5767460867a	6	1011760	1836916	680	0.4484
b1f90a25-d938-416b-948d-f5767460867a	6	1839070	7773736	4317	0.3921
b1f90a25-d938-416b-948d-f5767460867a	6	7775448	10048618	1602	0.4598
b1f90a25-d938-416b-948d-f5767460867a	6	10053449	10815112	345	0.4174
b1f90a25-d938-416b-948d-f5767460867a	6	10816673	10816918	2	-1.703
b1f90a25-d938-416b-948d-f5767460867a	6	10817272	16920493	4459	0.3681
b1f90a25-d938-416b-948d-f5767460867a	6	16920900	24321809	5138	0.455
b1f90a25-d938-416b-948d-f5767460867a	6	24325581	24326057	2	-1.8639
b1f90a25-d938-416b-948d-f5767460867a	6	24328478	24822301	333	0.4074
b1f90a25-d938-416b-948d-f5767460867a	6	24824166	32899215	2514	0.3034
b1f90a25-d938-416b-948d-f5767460867a	6	32901268	33436287	212	-0.1543
b1f90a25-d938-416b-948d-f5767460867a	6	33439991	35843886	1223	-0.0017
b1f90a25-d938-416b-948d-f5767460867a	6	35845852	37532066	1051	0.2974
b1f90a25-d938-416b-948d-f5767460867a	6	37533628	38964880	1020	0.3825
b1f90a25-d938-416b-948d-f5767460867a	6	38971948	40851950	1481	0.4621
b1f90a25-d938-416b-948d-f5767460867a	6	40852710	42191518	818	0.3597
b1f90a25-d938-416b-948d-f5767460867a	6	42194265	43155310	488	0.3004
b1f90a25-d938-416b-948d-f5767460867a	6	43156982	45619076	1321	0.182
b1f90a25-d938-416b-948d-f5767460867a	6	45619481	48125387	1653	0.2776
b1f90a25-d938-416b-948d-f5767460867a	6	48127754	55783352	4643	0.2191
b1f90a25-d938-416b-948d-f5767460867a	6	55787602	55787654	2	-1.4905
b1f90a25-d938-416b-948d-f5767460867a	6	55787754	61530738	834	0.2178
b1f90a25-d938-416b-948d-f5767460867a	6	61596503	64430948	1338	0.5994
b1f90a25-d938-416b-948d-f5767460867a	6	64432472	64450047	7	-0.0663
b1f90a25-d938-416b-948d-f5767460867a	6	64454198	64716921	166	0.5602
b1f90a25-d938-416b-948d-f5767460867a	6	64718838	64947631	129	0.3596
b1f90a25-d938-416b-948d-f5767460867a	6	64949318	64952407	2	-1.268
b1f90a25-d938-416b-948d-f5767460867a	6	64952578	65067457	63	0.3817
b1f90a25-d938-416b-948d-f5767460867a	6	65068828	65072090	8	-0.1593
b1f90a25-d938-416b-948d-f5767460867a	6	65075622	65285086	54	0.5146
b1f90a25-d938-416b-948d-f5767460867a	6	65287172	65289501	2	-1.2999
b1f90a25-d938-416b-948d-f5767460867a	6	65291698	66958093	1038	0.4468
b1f90a25-d938-416b-948d-f5767460867a	6	66960887	68394069	826	0.5544
b1f90a25-d938-416b-948d-f5767460867a	6	68396655	68421475	18	0.3208
b1f90a25-d938-416b-948d-f5767460867a	6	68424875	68445041	5	-0.2694
b1f90a25-d938-416b-948d-f5767460867a	6	68445102	68849701	248	0.4273
b1f90a25-d938-416b-948d-f5767460867a	6	68850194	68853714	8	-0.4871
b1f90a25-d938-416b-948d-f5767460867a	6	68854161	70453304	975	0.4447
b1f90a25-d938-416b-948d-f5767460867a	6	70458628	73045036	1490	0.309
b1f90a25-d938-416b-948d-f5767460867a	6	73047368	73047981	2	-1.0636
b1f90a25-d938-416b-948d-f5767460867a	6	73049693	77220819	2375	0.3361
b1f90a25-d938-416b-948d-f5767460867a	6	77223886	87098530	5390	0.4757
b1f90a25-d938-416b-948d-f5767460867a	6	87098896	96076446	4643	0.4262
b1f90a25-d938-416b-948d-f5767460867a	6	96076530	96083650	7	-0.3104
b1f90a25-d938-416b-948d-f5767460867a	6	96086910	98200359	1179	0.4441
b1f90a25-d938-416b-948d-f5767460867a	6	98204334	100696634	1605	0.4686
b1f90a25-d938-416b-948d-f5767460867a	6	100697089	101023999	148	0.0516
b1f90a25-d938-416b-948d-f5767460867a	6	101032519	101366313	180	0.4806
b1f90a25-d938-416b-948d-f5767460867a	6	101372209	101372502	3	-0.6123
b1f90a25-d938-416b-948d-f5767460867a	6	101376785	101741474	238	0.4412
b1f90a25-d938-416b-948d-f5767460867a	6	101741580	102179488	238	0.2843
b1f90a25-d938-416b-948d-f5767460867a	6	102181425	102184411	7	-0.5157
b1f90a25-d938-416b-948d-f5767460867a	6	102189078	102411612	110	0.1965
b1f90a25-d938-416b-948d-f5767460867a	6	102413028	102923559	272	2.0449
b1f90a25-d938-416b-948d-f5767460867a	6	102927547	103362717	202	2.207
b1f90a25-d938-416b-948d-f5767460867a	6	103368455	103389873	12	1.4156
b1f90a25-d938-416b-948d-f5767460867a	6	103390174	104142594	399	2.1561
b1f90a25-d938-416b-948d-f5767460867a	6	104145389	105316393	705	1.9987
b1f90a25-d938-416b-948d-f5767460867a	6	105317099	106444077	749	1.7511
b1f90a25-d938-416b-948d-f5767460867a	6	106446187	107277432	490	2.158
b1f90a25-d938-416b-948d-f5767460867a	6	107292605	107486998	101	0.3139
b1f90a25-d938-416b-948d-f5767460867a	6	107500870	107642535	98	2.3086
b1f90a25-d938-416b-948d-f5767460867a	6	107645080	108289437	454	2.0209
b1f90a25-d938-416b-948d-f5767460867a	6	108290662	108291313	2	-2.0652
b1f90a25-d938-416b-948d-f5767460867a	6	108298622	108760523	252	1.9632
b1f90a25-d938-416b-948d-f5767460867a	6	108761686	110052245	822	1.461
b1f90a25-d938-416b-948d-f5767460867a	6	110063863	110341679	140	2.1559
b1f90a25-d938-416b-948d-f5767460867a	6	110342453	110610829	220	1.912
b1f90a25-d938-416b-948d-f5767460867a	6	110613263	110720442	53	2.5078
b1f90a25-d938-416b-948d-f5767460867a	6	110722651	111918265	653	0.7819
b1f90a25-d938-416b-948d-f5767460867a	6	111919129	112112770	131	1.2083
b1f90a25-d938-416b-948d-f5767460867a	6	112112794	112447063	233	1.387
b1f90a25-d938-416b-948d-f5767460867a	6	112447361	118143407	3248	0.8331
b1f90a25-d938-416b-948d-f5767460867a	6	118144645	120646855	1161	0.6677
b1f90a25-d938-416b-948d-f5767460867a	6	120650435	120762842	48	0.3876
b1f90a25-d938-416b-948d-f5767460867a	6	120763530	123372546	1422	0.7177
b1f90a25-d938-416b-948d-f5767460867a	6	123380145	123573591	67	0.3923
b1f90a25-d938-416b-948d-f5767460867a	6	123576334	124107823	330	0.6662
b1f90a25-d938-416b-948d-f5767460867a	6	124109946	124153202	5	-0.048
b1f90a25-d938-416b-948d-f5767460867a	6	124156540	124442639	188	0.7104
b1f90a25-d938-416b-948d-f5767460867a	6	124443037	124635878	166	0.4278
b1f90a25-d938-416b-948d-f5767460867a	6	124640988	126472755	1118	0.6132
b1f90a25-d938-416b-948d-f5767460867a	6	126473347	127616106	589	0.4528
b1f90a25-d938-416b-948d-f5767460867a	6	127618850	127894022	160	0.364
b1f90a25-d938-416b-948d-f5767460867a	6	127896875	127897733	3	-0.5004
b1f90a25-d938-416b-948d-f5767460867a	6	127898538	127987104	58	0.3798
b1f90a25-d938-416b-948d-f5767460867a	6	127990554	127994597	11	-0.1575
b1f90a25-d938-416b-948d-f5767460867a	6	127995043	128154654	85	0.4184
b1f90a25-d938-416b-948d-f5767460867a	6	128161129	128164994	6	-0.3803
b1f90a25-d938-416b-948d-f5767460867a	6	128170858	128179056	10	0.3674
b1f90a25-d938-416b-948d-f5767460867a	6	128182056	134075889	3961	0.405
b1f90a25-d938-416b-948d-f5767460867a	6	134078035	141472410	4395	0.3621
b1f90a25-d938-416b-948d-f5767460867a	6	141477124	141780896	154	0.1121
b1f90a25-d938-416b-948d-f5767460867a	6	141781104	144568992	1758	0.3487
b1f90a25-d938-416b-948d-f5767460867a	6	144570095	144571963	2	-2.3605
b1f90a25-d938-416b-948d-f5767460867a	6	144574506	147495859	1756	0.4065
b1f90a25-d938-416b-948d-f5767460867a	6	147497332	148986080	1161	0.4286
b1f90a25-d938-416b-948d-f5767460867a	6	148988821	149934736	562	0.615
b1f90a25-d938-416b-948d-f5767460867a	6	149936224	150566235	450	0.4671
b1f90a25-d938-416b-948d-f5767460867a	6	150568329	157414539	4663	0.4159
b1f90a25-d938-416b-948d-f5767460867a	6	157420615	159824923	1519	0.4921
b1f90a25-d938-416b-948d-f5767460867a	6	159825283	159826288	3	-1.2412
b1f90a25-d938-416b-948d-f5767460867a	6	159827058	160112608	186	0.5408
b1f90a25-d938-416b-948d-f5767460867a	6	160112987	170596889	5303	0.5982
b1f90a25-d938-416b-948d-f5767460867a	7	664936	1221728	100	-0.267
b1f90a25-d938-416b-948d-f5767460867a	7	1263397	1954264	212	0.1396
b1f90a25-d938-416b-948d-f5767460867a	7	1958616	3618708	832	-0.204
b1f90a25-d938-416b-948d-f5767460867a	7	3760085	4283136	237	0.0975
b1f90a25-d938-416b-948d-f5767460867a	7	4292155	7115256	933	-0.1832
b1f90a25-d938-416b-948d-f5767460867a	7	7115269	7924607	718	-0.0164
b1f90a25-d938-416b-948d-f5767460867a	7	7925567	11504777	1484	-0.221
b1f90a25-d938-416b-948d-f5767460867a	7	11504983	11505005	2	-2.3412
b1f90a25-d938-416b-948d-f5767460867a	7	11505032	12116105	488	-0.2526
b1f90a25-d938-416b-948d-f5767460867a	7	12116170	12146911	38	-0.0369
b1f90a25-d938-416b-948d-f5767460867a	7	12150828	13120036	649	-0.1683
b1f90a25-d938-416b-948d-f5767460867a	7	13121112	13278994	68	0.031
b1f90a25-d938-416b-948d-f5767460867a	7	13279871	13429500	108	-0.3161
b1f90a25-d938-416b-948d-f5767460867a	7	13429561	13440849	12	-0.8193
b1f90a25-d938-416b-948d-f5767460867a	7	13443153	13593020	98	-0.2317
b1f90a25-d938-416b-948d-f5767460867a	7	13595533	13596330	4	-1.3771
b1f90a25-d938-416b-948d-f5767460867a	7	13596332	14215109	623	-0.1902
b1f90a25-d938-416b-948d-f5767460867a	7	14218584	14248109	19	-0.5827
b1f90a25-d938-416b-948d-f5767460867a	7	14248787	14525975	188	-0.2139
b1f90a25-d938-416b-948d-f5767460867a	7	14530699	14534596	4	-1.3378
b1f90a25-d938-416b-948d-f5767460867a	7	14540546	15462406	555	-0.2694
b1f90a25-d938-416b-948d-f5767460867a	7	15463242	20544050	2516	0.0289
b1f90a25-d938-416b-948d-f5767460867a	7	20545214	22108117	1129	-0.1569
b1f90a25-d938-416b-948d-f5767460867a	7	22108352	22253098	141	0.1072
b1f90a25-d938-416b-948d-f5767460867a	7	22254651	26541684	3052	-0.2187
b1f90a25-d938-416b-948d-f5767460867a	7	26542156	26706015	160	0.0566
b1f90a25-d938-416b-948d-f5767460867a	7	26707718	28621423	1268	-0.1854
b1f90a25-d938-416b-948d-f5767460867a	7	28623241	28921467	211	0.0837
b1f90a25-d938-416b-948d-f5767460867a	7	28921486	30232340	640	-0.2028
b1f90a25-d938-416b-948d-f5767460867a	7	30232524	31785753	1032	-0.4904
b1f90a25-d938-416b-948d-f5767460867a	7	31786481	35233504	2098	-0.186
b1f90a25-d938-416b-948d-f5767460867a	7	35233679	36464079	937	-0.5756
b1f90a25-d938-416b-948d-f5767460867a	7	36464322	36895324	353	-0.3158
b1f90a25-d938-416b-948d-f5767460867a	7	36895412	37969694	807	-0.6099
b1f90a25-d938-416b-948d-f5767460867a	7	37969874	38119843	112	-0.2549
b1f90a25-d938-416b-948d-f5767460867a	7	38120138	47515281	5630	-0.5251
b1f90a25-d938-416b-948d-f5767460867a	7	47515894	52187620	3266	-0.9704
b1f90a25-d938-416b-948d-f5767460867a	7	52193884	52193965	3	-5.2624
b1f90a25-d938-416b-948d-f5767460867a	7	52194053	57144142	2816	-0.9385
b1f90a25-d938-416b-948d-f5767460867a	7	57146207	66793404	806	-0.4177
b1f90a25-d938-416b-948d-f5767460867a	7	66801316	67293090	121	0.0555
b1f90a25-d938-416b-948d-f5767460867a	7	67307705	67315219	4	-1.3423
b1f90a25-d938-416b-948d-f5767460867a	7	67315854	72517904	3167	-0.3648
b1f90a25-d938-416b-948d-f5767460867a	7	72517939	76420815	924	-0.4705
b1f90a25-d938-416b-948d-f5767460867a	7	76424106	77141748	10	-0.1968
b1f90a25-d938-416b-948d-f5767460867a	7	77148625	77156835	4	-0.6443
b1f90a25-d938-416b-948d-f5767460867a	7	77161900	77247322	66	-0.1684
b1f90a25-d938-416b-948d-f5767460867a	7	77247927	81168648	2563	-0.4702
b1f90a25-d938-416b-948d-f5767460867a	7	81171741	81716386	346	-0.1648
b1f90a25-d938-416b-948d-f5767460867a	7	81718460	94731962	6562	-0.4837
b1f90a25-d938-416b-948d-f5767460867a	7	94735171	94837721	48	-0.3181
b1f90a25-d938-416b-948d-f5767460867a	7	94842388	95169731	166	-0.1396
b1f90a25-d938-416b-948d-f5767460867a	7	95170773	98426828	1907	-0.4233
b1f90a25-d938-416b-948d-f5767460867a	7	98433452	99224191	312	-0.1277
b1f90a25-d938-416b-948d-f5767460867a	7	99224854	99917368	297	-0.5176
b1f90a25-d938-416b-948d-f5767460867a	7	99922293	103176226	1090	-0.1683
b1f90a25-d938-416b-948d-f5767460867a	7	103182722	104797419	1079	-0.0931
b1f90a25-d938-416b-948d-f5767460867a	7	104798106	107495875	1587	-0.2032
b1f90a25-d938-416b-948d-f5767460867a	7	107496970	111038872	2009	-0.1317
b1f90a25-d938-416b-948d-f5767460867a	7	111039478	111129024	62	0.1761
b1f90a25-d938-416b-948d-f5767460867a	7	111131505	114303213	1231	-0.1427
b1f90a25-d938-416b-948d-f5767460867a	7	114305440	114334194	17	-0.3352
b1f90a25-d938-416b-948d-f5767460867a	7	114336887	114337819	2	-1.7303
b1f90a25-d938-416b-948d-f5767460867a	7	114340056	115484293	592	-0.2356
b1f90a25-d938-416b-948d-f5767460867a	7	115489484	115491597	3	-1.3148
b1f90a25-d938-416b-948d-f5767460867a	7	115494038	115555592	44	-0.2527
b1f90a25-d938-416b-948d-f5767460867a	7	115555938	117599615	1334	-0.1498
b1f90a25-d938-416b-948d-f5767460867a	7	117603776	118659942	516	-0.0537
b1f90a25-d938-416b-948d-f5767460867a	7	118662094	120310366	766	-0.288
b1f90a25-d938-416b-948d-f5767460867a	7	120310490	124785925	2648	-0.181
b1f90a25-d938-416b-948d-f5767460867a	7	124789268	124789364	2	-1.8813
b1f90a25-d938-416b-948d-f5767460867a	7	124793310	126763409	1014	-0.2007
b1f90a25-d938-416b-948d-f5767460867a	7	126773621	127135811	169	0.1021
b1f90a25-d938-416b-948d-f5767460867a	7	127135944	127136845	9	-0.5123
b1f90a25-d938-416b-948d-f5767460867a	7	127145802	127414851	201	0.1133
b1f90a25-d938-416b-948d-f5767460867a	7	127414933	131704917	2137	-0.1718
b1f90a25-d938-416b-948d-f5767460867a	7	131711717	134171926	1475	0.1647
b1f90a25-d938-416b-948d-f5767460867a	7	134172537	135801259	1097	-0.1843
b1f90a25-d938-416b-948d-f5767460867a	7	135802560	138498593	1700	-0.1402
b1f90a25-d938-416b-948d-f5767460867a	7	138499470	143496850	2490	-0.2088
b1f90a25-d938-416b-948d-f5767460867a	7	143506489	147857166	2215	-0.4878
b1f90a25-d938-416b-948d-f5767460867a	7	147859355	147859817	3	-1.9897
b1f90a25-d938-416b-948d-f5767460867a	7	147859868	148544847	518	-0.4187
b1f90a25-d938-416b-948d-f5767460867a	7	148546258	150231397	638	0.1404
b1f90a25-d938-416b-948d-f5767460867a	7	150231466	152223078	1089	-0.1724
b1f90a25-d938-416b-948d-f5767460867a	7	152228507	157579354	2914	0.157
b1f90a25-d938-416b-948d-f5767460867a	7	157583952	158592540	418	-0.0946
b1f90a25-d938-416b-948d-f5767460867a	8	667625	3690728	1565	0.3478
b1f90a25-d938-416b-948d-f5767460867a	8	3797835	3798486	6	-0.3706
b1f90a25-d938-416b-948d-f5767460867a	8	3799210	4040699	200	0.3484
b1f90a25-d938-416b-948d-f5767460867a	8	4040758	4040818	3	-0.742
b1f90a25-d938-416b-948d-f5767460867a	8	4042072	11789003	3479	0.3215
b1f90a25-d938-416b-948d-f5767460867a	8	11791081	15278152	2051	0.0583
b1f90a25-d938-416b-948d-f5767460867a	8	15283874	22218820	5284	0.1085
b1f90a25-d938-416b-948d-f5767460867a	8	22221792	23432036	575	-0.0071
b1f90a25-d938-416b-948d-f5767460867a	8	23432388	32121703	5879	0.0714
b1f90a25-d938-416b-948d-f5767460867a	8	32122269	37385177	2945	0.1552
b1f90a25-d938-416b-948d-f5767460867a	8	37385473	39875775	1069	0.0903
b1f90a25-d938-416b-948d-f5767460867a	8	39887640	41709593	1272	0.1669
b1f90a25-d938-416b-948d-f5767460867a	8	41710353	41711406	2	-1.2097
b1f90a25-d938-416b-948d-f5767460867a	8	41717921	46552240	783	0.1416
b1f90a25-d938-416b-948d-f5767460867a	8	46552443	59116306	7117	-0.1563
b1f90a25-d938-416b-948d-f5767460867a	8	59120659	59267307	96	0.8294
b1f90a25-d938-416b-948d-f5767460867a	8	59273073	60700466	805	-0.1647
b1f90a25-d938-416b-948d-f5767460867a	8	60700518	60833077	93	-0.5262
b1f90a25-d938-416b-948d-f5767460867a	8	60843407	65168354	2550	-0.1529
b1f90a25-d938-416b-948d-f5767460867a	8	65172250	65376334	119	0.8742
b1f90a25-d938-416b-948d-f5767460867a	8	65379649	65392825	13	-0.1525
b1f90a25-d938-416b-948d-f5767460867a	8	65395238	65422718	21	0.887
b1f90a25-d938-416b-948d-f5767460867a	8	65432752	65440255	5	0.2706
b1f90a25-d938-416b-948d-f5767460867a	8	65442452	65524383	50	0.9689
b1f90a25-d938-416b-948d-f5767460867a	8	65525334	65532627	8	-0.1757
b1f90a25-d938-416b-948d-f5767460867a	8	65537222	65659902	69	0.9236
b1f90a25-d938-416b-948d-f5767460867a	8	65665993	65669914	4	-0.1051
b1f90a25-d938-416b-948d-f5767460867a	8	65672955	66691715	519	0.8396
b1f90a25-d938-416b-948d-f5767460867a	8	66693178	66976569	108	0.5666
b1f90a25-d938-416b-948d-f5767460867a	8	66985620	68063870	596	0.0723
b1f90a25-d938-416b-948d-f5767460867a	8	68065258	68069744	7	-0.9151
b1f90a25-d938-416b-948d-f5767460867a	8	68074875	69062272	621	0.0666
b1f90a25-d938-416b-948d-f5767460867a	8	69065622	69065927	5	-0.963
b1f90a25-d938-416b-948d-f5767460867a	8	69072396	75508796	4023	0.0785
b1f90a25-d938-416b-948d-f5767460867a	8	75508922	87936597	6531	0.0083
b1f90a25-d938-416b-948d-f5767460867a	8	87946942	88213025	163	0.3452
b1f90a25-d938-416b-948d-f5767460867a	8	88214407	88329554	67	0.6088
b1f90a25-d938-416b-948d-f5767460867a	8	88330715	88748700	216	-0.2928
b1f90a25-d938-416b-948d-f5767460867a	8	88748862	88972603	119	-0.4509
b1f90a25-d938-416b-948d-f5767460867a	8	88973650	89125679	138	-0.2182
b1f90a25-d938-416b-948d-f5767460867a	8	89128912	89175312	27	-0.6219
b1f90a25-d938-416b-948d-f5767460867a	8	89177064	89863111	427	-0.2327
b1f90a25-d938-416b-948d-f5767460867a	8	89870511	90198244	236	-0.3567
b1f90a25-d938-416b-948d-f5767460867a	8	90198973	92897587	1463	-0.2394
b1f90a25-d938-416b-948d-f5767460867a	8	92897982	92923291	7	-0.9643
b1f90a25-d938-416b-948d-f5767460867a	8	92930535	94810521	1140	-0.2243
b1f90a25-d938-416b-948d-f5767460867a	8	94819948	95176547	206	-0.4374
b1f90a25-d938-416b-948d-f5767460867a	8	95176827	98334864	2087	-0.2132
b1f90a25-d938-416b-948d-f5767460867a	8	98337246	104191165	3258	-0.2853
b1f90a25-d938-416b-948d-f5767460867a	8	104191292	107490460	1734	-0.2003
b1f90a25-d938-416b-948d-f5767460867a	8	107492924	109496991	1087	-0.28
b1f90a25-d938-416b-948d-f5767460867a	8	109497895	110011194	280	-0.208
b1f90a25-d938-416b-948d-f5767460867a	8	110015682	114882269	2391	-0.3588
b1f90a25-d938-416b-948d-f5767460867a	8	114886335	122775675	5233	-0.2209
b1f90a25-d938-416b-948d-f5767460867a	8	122776175	130387722	5180	-0.2713
b1f90a25-d938-416b-948d-f5767460867a	8	130388642	132718336	1701	-0.1862
b1f90a25-d938-416b-948d-f5767460867a	8	132720815	133856666	973	-0.2955
b1f90a25-d938-416b-948d-f5767460867a	8	133856980	135163724	1099	-0.2251
b1f90a25-d938-416b-948d-f5767460867a	8	135164184	139957811	3558	-0.1606
b1f90a25-d938-416b-948d-f5767460867a	8	139957909	144182542	979	-0.2361
b1f90a25-d938-416b-948d-f5767460867a	9	789794	2985603	1589	-0.5209
b1f90a25-d938-416b-948d-f5767460867a	9	2985697	6017252	2002	-0.5867
b1f90a25-d938-416b-948d-f5767460867a	9	6017418	12741395	2873	-0.5238
b1f90a25-d938-416b-948d-f5767460867a	9	12746216	19146717	5185	-0.4749
b1f90a25-d938-416b-948d-f5767460867a	9	19148384	25049867	4002	-0.5497
b1f90a25-d938-416b-948d-f5767460867a	9	25049903	25049920	2	-2.5067
b1f90a25-d938-416b-948d-f5767460867a	9	25050663	25751463	392	-0.6281
b1f90a25-d938-416b-948d-f5767460867a	9	25754163	29361657	1968	-0.5039
b1f90a25-d938-416b-948d-f5767460867a	9	29363774	30389495	493	-0.6036
b1f90a25-d938-416b-948d-f5767460867a	9	30392095	30809970	117	-0.8081
b1f90a25-d938-416b-948d-f5767460867a	9	30810535	32890701	1421	-0.5231
b1f90a25-d938-416b-948d-f5767460867a	9	32890735	37918217	2881	-0.2226
b1f90a25-d938-416b-948d-f5767460867a	9	37918948	68443275	675	-0.1209
b1f90a25-d938-416b-948d-f5767460867a	9	68443427	73137437	3375	-0.2433
b1f90a25-d938-416b-948d-f5767460867a	9	73137691	73756651	351	-0.3529
b1f90a25-d938-416b-948d-f5767460867a	9	73757566	86329032	8707	-0.2311
b1f90a25-d938-416b-948d-f5767460867a	9	86329240	86448912	77	-0.622
b1f90a25-d938-416b-948d-f5767460867a	9	86453972	88729097	1637	-0.2109
b1f90a25-d938-416b-948d-f5767460867a	9	88729378	98176180	5908	-0.2758
b1f90a25-d938-416b-948d-f5767460867a	9	98180744	102570660	2734	-0.2268
b1f90a25-d938-416b-948d-f5767460867a	9	102573478	103317412	325	-0.3232
b1f90a25-d938-416b-948d-f5767460867a	9	103318738	103320161	5	-1.3691
b1f90a25-d938-416b-948d-f5767460867a	9	103320181	105725399	1615	-0.2706
b1f90a25-d938-416b-948d-f5767460867a	9	105725605	110053614	3290	-0.2078
b1f90a25-d938-416b-948d-f5767460867a	9	110053673	110695238	432	-0.5872
b1f90a25-d938-416b-948d-f5767460867a	9	110699415	115361318	3133	-0.2631
b1f90a25-d938-416b-948d-f5767460867a	9	115361963	117881734	1893	-0.1667
b1f90a25-d938-416b-948d-f5767460867a	9	117886172	117915574	28	-0.6737
b1f90a25-d938-416b-948d-f5767460867a	9	117915833	120404641	1900	-0.1395
b1f90a25-d938-416b-948d-f5767460867a	9	120405479	126620281	3770	-0.2789
b1f90a25-d938-416b-948d-f5767460867a	9	126622646	127041953	246	-0.5958
b1f90a25-d938-416b-948d-f5767460867a	9	127047032	133090275	3505	-0.3091
b1f90a25-d938-416b-948d-f5767460867a	9	133092215	138044505	1947	-0.2315
b1f90a25-d938-416b-948d-f5767460867a	10	366509	2616561	1294	-0.2082
b1f90a25-d938-416b-948d-f5767460867a	10	2618354	12688020	7414	-0.2807
b1f90a25-d938-416b-948d-f5767460867a	10	12699977	16750748	3282	-0.2351
b1f90a25-d938-416b-948d-f5767460867a	10	16751440	17245754	418	-0.3376
b1f90a25-d938-416b-948d-f5767460867a	10	17247722	19063715	1198	-0.2239
b1f90a25-d938-416b-948d-f5767460867a	10	19067314	19067322	2	-2.1256
b1f90a25-d938-416b-948d-f5767460867a	10	19067819	19079327	15	-0.5953
b1f90a25-d938-416b-948d-f5767460867a	10	19080869	19402247	216	-0.1751
b1f90a25-d938-416b-948d-f5767460867a	10	19404246	19404627	2	-1.7475
b1f90a25-d938-416b-948d-f5767460867a	10	19404803	21879244	1738	-0.1968
b1f90a25-d938-416b-948d-f5767460867a	10	21882211	23212674	760	-0.299
b1f90a25-d938-416b-948d-f5767460867a	10	23219094	26707588	2335	-0.0828
b1f90a25-d938-416b-948d-f5767460867a	10	26709864	27565596	419	-0.1788
b1f90a25-d938-416b-948d-f5767460867a	10	27566833	27567925	2	-1.684
b1f90a25-d938-416b-948d-f5767460867a	10	27568645	28143115	382	-0.1776
b1f90a25-d938-416b-948d-f5767460867a	10	28144343	28285633	117	-0.1089
b1f90a25-d938-416b-948d-f5767460867a	10	28285707	28521436	159	-0.2138
b1f90a25-d938-416b-948d-f5767460867a	10	28523154	33405909	3496	-0.411
b1f90a25-d938-416b-948d-f5767460867a	10	33406111	34552990	798	-0.1346
b1f90a25-d938-416b-948d-f5767460867a	10	34554057	36515107	1112	-0.2495
b1f90a25-d938-416b-948d-f5767460867a	10	36518447	42459603	1110	-0.1195
b1f90a25-d938-416b-948d-f5767460867a	10	42460545	54118067	5843	-0.3084
b1f90a25-d938-416b-948d-f5767460867a	10	54118286	57690383	1717	-0.3999
b1f90a25-d938-416b-948d-f5767460867a	10	57694152	58558354	590	-0.2871
b1f90a25-d938-416b-948d-f5767460867a	10	58558674	61571836	2144	-0.2221
b1f90a25-d938-416b-948d-f5767460867a	10	61575168	69769174	4694	-0.2907
b1f90a25-d938-416b-948d-f5767460867a	10	69771017	75084992	2907	-0.351
b1f90a25-d938-416b-948d-f5767460867a	10	75085874	80580951	3528	-0.2735
b1f90a25-d938-416b-948d-f5767460867a	10	80583294	80583354	2	-3.32
b1f90a25-d938-416b-948d-f5767460867a	10	80583883	87009046	4503	-0.276
b1f90a25-d938-416b-948d-f5767460867a	10	87034341	93531177	3801	-0.3559
b1f90a25-d938-416b-948d-f5767460867a	10	93532824	95394941	1064	-0.2488
b1f90a25-d938-416b-948d-f5767460867a	10	95395005	104589990	5260	-0.3437
b1f90a25-d938-416b-948d-f5767460867a	10	104591718	110099658	3618	-0.2625
b1f90a25-d938-416b-948d-f5767460867a	10	110100443	110241251	68	-0.3761
b1f90a25-d938-416b-948d-f5767460867a	10	110242324	110244357	4	-1.2739
b1f90a25-d938-416b-948d-f5767460867a	10	110246650	111158671	625	-0.3859
b1f90a25-d938-416b-948d-f5767460867a	10	111159406	115459318	2999	-0.2878
b1f90a25-d938-416b-948d-f5767460867a	10	115464095	115465131	5	-1.4377
b1f90a25-d938-416b-948d-f5767460867a	10	115465761	115542541	45	-0.3332
b1f90a25-d938-416b-948d-f5767460867a	10	115548849	115553961	9	-1.1702
b1f90a25-d938-416b-948d-f5767460867a	10	115555974	118535637	2120	-0.2556
b1f90a25-d938-416b-948d-f5767460867a	10	118535949	119967902	859	-0.3512
b1f90a25-d938-416b-948d-f5767460867a	10	119968068	124094812	3342	-0.2552
b1f90a25-d938-416b-948d-f5767460867a	10	124095824	125491278	796	0.1393
b1f90a25-d938-416b-948d-f5767460867a	10	125491887	133411599	4499	-0.2513
b1f90a25-d938-416b-948d-f5767460867a	11	456012	11316416	6172	-0.4278
b1f90a25-d938-416b-948d-f5767460867a	11	11316570	22610160	8180	-0.3789
b1f90a25-d938-416b-948d-f5767460867a	11	22611029	25505995	1818	-0.4323
b1f90a25-d938-416b-948d-f5767460867a	11	25506656	25507004	3	-1.8278
b1f90a25-d938-416b-948d-f5767460867a	11	25508044	25898822	225	-0.4206
b1f90a25-d938-416b-948d-f5767460867a	11	25899103	31382270	3434	-0.3559
b1f90a25-d938-416b-948d-f5767460867a	11	31382937	32571218	866	0.2085
b1f90a25-d938-416b-948d-f5767460867a	11	32572408	35695491	2140	0.1172
b1f90a25-d938-416b-948d-f5767460867a	11	35696963	46210447	6467	0.1836
b1f90a25-d938-416b-948d-f5767460867a	11	46218936	47372087	443	-0.4397
b1f90a25-d938-416b-948d-f5767460867a	11	47372754	47372766	2	-3.4753
b1f90a25-d938-416b-948d-f5767460867a	11	47374671	56253349	915	-0.3508
b1f90a25-d938-416b-948d-f5767460867a	11	56256870	58318773	1199	0.1857
b1f90a25-d938-416b-948d-f5767460867a	11	58321387	68840119	4264	0.0909
b1f90a25-d938-416b-948d-f5767460867a	11	68840542	69739031	559	0.1712
b1f90a25-d938-416b-948d-f5767460867a	11	69739116	71652965	1058	0.2736
b1f90a25-d938-416b-948d-f5767460867a	11	71653061	75097950	1629	0.1566
b1f90a25-d938-416b-948d-f5767460867a	11	75100212	79016098	2229	0.2227
b1f90a25-d938-416b-948d-f5767460867a	11	79016503	80519224	1209	0.1258
b1f90a25-d938-416b-948d-f5767460867a	11	80520710	86736796	3709	0.011
b1f90a25-d938-416b-948d-f5767460867a	11	86737050	88033568	839	0.0943
b1f90a25-d938-416b-948d-f5767460867a	11	88034682	94489524	3585	0.0301
b1f90a25-d938-416b-948d-f5767460867a	11	94490107	100072016	3822	-0.0325
b1f90a25-d938-416b-948d-f5767460867a	11	100073855	112256302	7439	0.0124
b1f90a25-d938-416b-948d-f5767460867a	11	112256752	116688286	3267	0.0741
b1f90a25-d938-416b-948d-f5767460867a	11	116689609	117743066	667	-0.0014
b1f90a25-d938-416b-948d-f5767460867a	11	117743082	119268793	1020	-0.0697
b1f90a25-d938-416b-948d-f5767460867a	11	119271783	120984291	1226	0.0706
b1f90a25-d938-416b-948d-f5767460867a	11	120990105	125913237	3457	0.0144
b1f90a25-d938-416b-948d-f5767460867a	11	125914951	126679119	583	0.0939
b1f90a25-d938-416b-948d-f5767460867a	11	126679350	126679362	2	1.2568
b1f90a25-d938-416b-948d-f5767460867a	11	126679608	127975595	976	0.0775
b1f90a25-d938-416b-948d-f5767460867a	11	127983061	128883301	852	-0.0649
b1f90a25-d938-416b-948d-f5767460867a	11	128885106	134267239	3325	0.0656
b1f90a25-d938-416b-948d-f5767460867a	11	134270258	134272740	3	-0.4277
b1f90a25-d938-416b-948d-f5767460867a	12	780472	4554551	2073	1.2086
b1f90a25-d938-416b-948d-f5767460867a	12	4557466	5000434	374	1.4233
b1f90a25-d938-416b-948d-f5767460867a	12	5001322	5031938	42	1.1817
b1f90a25-d938-416b-948d-f5767460867a	12	5036342	5055025	23	1.5014
b1f90a25-d938-416b-948d-f5767460867a	12	5057765	5280640	237	1.0238
b1f90a25-d938-416b-948d-f5767460867a	12	5281183	5648814	335	1.4523
b1f90a25-d938-416b-948d-f5767460867a	12	5649325	6423253	505	1.2156
b1f90a25-d938-416b-948d-f5767460867a	12	6423826	13408859	3427	1.168
b1f90a25-d938-416b-948d-f5767460867a	12	13410206	16290611	1839	1.2298
b1f90a25-d938-416b-948d-f5767460867a	12	16290941	17692463	874	1.3166
b1f90a25-d938-416b-948d-f5767460867a	12	17703521	18193763	266	1.2079
b1f90a25-d938-416b-948d-f5767460867a	12	18193814	19305202	689	1.4411
b1f90a25-d938-416b-948d-f5767460867a	12	19306657	19644586	140	1.0158
b1f90a25-d938-416b-948d-f5767460867a	12	19647169	19847608	184	1.3953
b1f90a25-d938-416b-948d-f5767460867a	12	19849985	19888827	35	0.9942
b1f90a25-d938-416b-948d-f5767460867a	12	19889280	19945601	40	1.4796
b1f90a25-d938-416b-948d-f5767460867a	12	19945772	20281633	211	1.0224
b1f90a25-d938-416b-948d-f5767460867a	12	20284178	20989696	377	1.494
b1f90a25-d938-416b-948d-f5767460867a	12	20989987	20992396	7	0.481
b1f90a25-d938-416b-948d-f5767460867a	12	20992407	24540180	2386	1.4579
b1f90a25-d938-416b-948d-f5767460867a	12	24546388	27920075	2168	0.9551
b1f90a25-d938-416b-948d-f5767460867a	12	27926876	28451867	319	0.0616
b1f90a25-d938-416b-948d-f5767460867a	12	28452152	28452493	2	-1.4961
b1f90a25-d938-416b-948d-f5767460867a	12	28454422	32049284	2304	0.1007
b1f90a25-d938-416b-948d-f5767460867a	12	32049714	39295176	1116	0.3102
b1f90a25-d938-416b-948d-f5767460867a	12	39295482	39346232	34	0.0741
b1f90a25-d938-416b-948d-f5767460867a	12	39354337	39879992	228	0.2665
b1f90a25-d938-416b-948d-f5767460867a	12	39880523	39880800	3	-1.3396
b1f90a25-d938-416b-948d-f5767460867a	12	39881504	40263423	273	0.2649
b1f90a25-d938-416b-948d-f5767460867a	12	40263462	40899572	419	0.5873
b1f90a25-d938-416b-948d-f5767460867a	12	40900316	43530675	1384	0.6278
b1f90a25-d938-416b-948d-f5767460867a	12	43532310	45998953	1360	0.7605
b1f90a25-d938-416b-948d-f5767460867a	12	45998980	48803595	1635	0.6799
b1f90a25-d938-416b-948d-f5767460867a	12	48806821	49697097	335	0.383
b1f90a25-d938-416b-948d-f5767460867a	12	49701594	50332182	314	0.6977
b1f90a25-d938-416b-948d-f5767460867a	12	50332605	50779628	196	0.8347
b1f90a25-d938-416b-948d-f5767460867a	12	50785433	51282395	265	0.5193
b1f90a25-d938-416b-948d-f5767460867a	12	51284136	52975861	1062	0.5774
b1f90a25-d938-416b-948d-f5767460867a	12	52976311	57583257	2267	0.4981
b1f90a25-d938-416b-948d-f5767460867a	12	57584167	58365641	470	1.7739
b1f90a25-d938-416b-948d-f5767460867a	12	58369119	58696600	258	1.5602
b1f90a25-d938-416b-948d-f5767460867a	12	58697985	58828192	95	1.2364
b1f90a25-d938-416b-948d-f5767460867a	12	58828198	58833868	27	0.6504
b1f90a25-d938-416b-948d-f5767460867a	12	58833941	60039797	757	1.2785
b1f90a25-d938-416b-948d-f5767460867a	12	60039900	60233387	127	1.5774
b1f90a25-d938-416b-948d-f5767460867a	12	60234118	60780799	286	1.8467
b1f90a25-d938-416b-948d-f5767460867a	12	60780975	62981636	1368	1.6408
b1f90a25-d938-416b-948d-f5767460867a	12	62981745	64530692	784	1.8818
b1f90a25-d938-416b-948d-f5767460867a	12	64533532	64739864	148	1.624
b1f90a25-d938-416b-948d-f5767460867a	12	64739981	65139207	242	2.133
b1f90a25-d938-416b-948d-f5767460867a	12	65147014	65505394	168	2.4113
b1f90a25-d938-416b-948d-f5767460867a	12	65507613	65611512	63	2.2039
b1f90a25-d938-416b-948d-f5767460867a	12	65611864	72020391	4336	2.0864
b1f90a25-d938-416b-948d-f5767460867a	12	72021254	74680600	1338	2.221
b1f90a25-d938-416b-948d-f5767460867a	12	74684960	74744640	32	0.0704
b1f90a25-d938-416b-948d-f5767460867a	12	74745362	74745473	3	-1.2372
b1f90a25-d938-416b-948d-f5767460867a	12	74750097	75053898	205	0.003
b1f90a25-d938-416b-948d-f5767460867a	12	75056328	75062745	8	-0.7106
b1f90a25-d938-416b-948d-f5767460867a	12	75063010	77514686	1623	0.022
b1f90a25-d938-416b-948d-f5767460867a	12	77519692	77875517	293	-0.1919
b1f90a25-d938-416b-948d-f5767460867a	12	77878726	80676997	1694	0.0506
b1f90a25-d938-416b-948d-f5767460867a	12	80681357	86818748	3527	0.0069
b1f90a25-d938-416b-948d-f5767460867a	12	86818766	86822334	4	-1.427
b1f90a25-d938-416b-948d-f5767460867a	12	86824468	87379388	261	-0.0291
b1f90a25-d938-416b-948d-f5767460867a	12	87381093	87381639	12	-0.4906
b1f90a25-d938-416b-948d-f5767460867a	12	87381653	88053419	355	0.0525
b1f90a25-d938-416b-948d-f5767460867a	12	88054384	88221519	76	-0.1379
b1f90a25-d938-416b-948d-f5767460867a	12	88223760	89032726	472	0.082
b1f90a25-d938-416b-948d-f5767460867a	12	89032955	96988768	5185	-0.015
b1f90a25-d938-416b-948d-f5767460867a	12	96995181	98710269	1293	0.076
b1f90a25-d938-416b-948d-f5767460867a	12	98715814	99774680	563	-0.1986
b1f90a25-d938-416b-948d-f5767460867a	12	99776983	102224042	1448	0.0395
b1f90a25-d938-416b-948d-f5767460867a	12	102224742	102233112	4	-1.6074
b1f90a25-d938-416b-948d-f5767460867a	12	102233833	104110028	1262	0.0486
b1f90a25-d938-416b-948d-f5767460867a	12	104112417	105209759	738	-0.0547
b1f90a25-d938-416b-948d-f5767460867a	12	105209806	108506360	2345	0.0416
b1f90a25-d938-416b-948d-f5767460867a	12	108506656	112225711	1666	-0.015
b1f90a25-d938-416b-948d-f5767460867a	12	112226153	113035641	662	0.0271
b1f90a25-d938-416b-948d-f5767460867a	12	113035910	113056518	11	0.5043
b1f90a25-d938-416b-948d-f5767460867a	12	113059635	119574486	4283	0.1151
b1f90a25-d938-416b-948d-f5767460867a	12	119574688	120021690	214	0.2884
b1f90a25-d938-416b-948d-f5767460867a	12	120028630	120612533	260	0.0176
b1f90a25-d938-416b-948d-f5767460867a	12	120617913	121049829	271	-0.1232
b1f90a25-d938-416b-948d-f5767460867a	12	121049942	123994090	1216	-0.0148
b1f90a25-d938-416b-948d-f5767460867a	12	123994614	124756011	486	0.1017
b1f90a25-d938-416b-948d-f5767460867a	12	124756046	124922420	122	-0.1976
b1f90a25-d938-416b-948d-f5767460867a	12	124926459	125797044	621	0.1367
b1f90a25-d938-416b-948d-f5767460867a	12	125797382	125797628	3	-1.6152
b1f90a25-d938-416b-948d-f5767460867a	12	125797846	130842024	2213	0.126
b1f90a25-d938-416b-948d-f5767460867a	12	130843215	131466983	370	-0.1609
b1f90a25-d938-416b-948d-f5767460867a	12	131467042	132605822	348	0.0924
b1f90a25-d938-416b-948d-f5767460867a	13	18874255	19323844	279	-0.4696
b1f90a25-d938-416b-948d-f5767460867a	13	19325209	20606108	256	-1.0136
b1f90a25-d938-416b-948d-f5767460867a	13	20607312	20607331	2	-3.624
b1f90a25-d938-416b-948d-f5767460867a	13	20608965	21096588	258	-0.9534
b1f90a25-d938-416b-948d-f5767460867a	13	21098549	21098586	2	-3.1857
b1f90a25-d938-416b-948d-f5767460867a	13	21098640	21589728	308	-0.9801
b1f90a25-d938-416b-948d-f5767460867a	13	21590247	21701444	52	-0.288
b1f90a25-d938-416b-948d-f5767460867a	13	21701807	21714409	13	0.0421
b1f90a25-d938-416b-948d-f5767460867a	13	21719363	22309841	524	-0.1754
b1f90a25-d938-416b-948d-f5767460867a	13	22310224	22410389	64	0.0759
b1f90a25-d938-416b-948d-f5767460867a	13	22411114	22418707	3	-0.8971
b1f90a25-d938-416b-948d-f5767460867a	13	22421967	22950543	257	0.0972
b1f90a25-d938-416b-948d-f5767460867a	13	22950740	23328398	287	-0.4805
b1f90a25-d938-416b-948d-f5767460867a	13	23328442	23377487	18	0.161
b1f90a25-d938-416b-948d-f5767460867a	13	23377750	24003455	136	-0.4566
b1f90a25-d938-416b-948d-f5767460867a	13	24003893	24101067	95	-0.9858
b1f90a25-d938-416b-948d-f5767460867a	13	24101210	24102888	3	-4.5392
b1f90a25-d938-416b-948d-f5767460867a	13	24103168	25151943	537	-0.997
b1f90a25-d938-416b-948d-f5767460867a	13	25156370	25633102	321	-0.5313
b1f90a25-d938-416b-948d-f5767460867a	13	25635565	26531879	615	-1.0129
b1f90a25-d938-416b-948d-f5767460867a	13	26534705	29835313	2454	-0.2042
b1f90a25-d938-416b-948d-f5767460867a	13	29835330	30638852	563	-0.0585
b1f90a25-d938-416b-948d-f5767460867a	13	30641738	30730528	77	-0.1513
b1f90a25-d938-416b-948d-f5767460867a	13	30736088	33834797	2127	-1.0028
b1f90a25-d938-416b-948d-f5767460867a	13	33835466	39367604	3739	-0.9355
b1f90a25-d938-416b-948d-f5767460867a	13	39369825	54382352	8428	-0.9939
b1f90a25-d938-416b-948d-f5767460867a	13	54384369	54384759	2	-4.1344
b1f90a25-d938-416b-948d-f5767460867a	13	54385011	55120933	247	-1.0084
b1f90a25-d938-416b-948d-f5767460867a	13	55121448	58894038	1668	-0.5418
b1f90a25-d938-416b-948d-f5767460867a	13	58897794	59792749	606	-0.4116
b1f90a25-d938-416b-948d-f5767460867a	13	59792880	59893416	40	-0.5858
b1f90a25-d938-416b-948d-f5767460867a	13	59894920	61042497	720	-0.1113
b1f90a25-d938-416b-948d-f5767460867a	13	61042709	71863949	5269	-0.2273
b1f90a25-d938-416b-948d-f5767460867a	13	71864055	75290469	2404	-0.1252
b1f90a25-d938-416b-948d-f5767460867a	13	75293537	78402030	2092	-0.1905
b1f90a25-d938-416b-948d-f5767460867a	13	78402073	81154227	1735	-0.1405
b1f90a25-d938-416b-948d-f5767460867a	13	81157260	81263561	69	-0.2587
b1f90a25-d938-416b-948d-f5767460867a	13	81263909	81265258	2	-2.0596
b1f90a25-d938-416b-948d-f5767460867a	13	81266161	87743015	3572	-0.2225
b1f90a25-d938-416b-948d-f5767460867a	13	87744401	87744786	2	-2.1576
b1f90a25-d938-416b-948d-f5767460867a	13	87744972	90633169	1626	-0.2139
b1f90a25-d938-416b-948d-f5767460867a	13	90636067	98861498	5390	-0.1252
b1f90a25-d938-416b-948d-f5767460867a	13	98864120	99701056	494	-0.2419
b1f90a25-d938-416b-948d-f5767460867a	13	99701616	103835262	3103	-0.1492
b1f90a25-d938-416b-948d-f5767460867a	13	103836263	103844762	7	-0.9996
b1f90a25-d938-416b-948d-f5767460867a	13	103849683	106648395	1648	-0.1305
b1f90a25-d938-416b-948d-f5767460867a	13	106648951	106649552	3	-1.8109
b1f90a25-d938-416b-948d-f5767460867a	13	106652817	107707869	836	-0.0825
b1f90a25-d938-416b-948d-f5767460867a	13	107708610	108563058	612	-0.1772
b1f90a25-d938-416b-948d-f5767460867a	13	108569263	108708551	126	-0.0794
b1f90a25-d938-416b-948d-f5767460867a	13	108708715	108710522	2	-1.485
b1f90a25-d938-416b-948d-f5767460867a	13	108711002	109554031	664	-0.1383
b1f90a25-d938-416b-948d-f5767460867a	13	109556576	109557317	4	-1.0373
b1f90a25-d938-416b-948d-f5767460867a	13	109557422	114226675	2577	-0.1298
b1f90a25-d938-416b-948d-f5767460867a	14	20033191	20641700	406	0.4924
b1f90a25-d938-416b-948d-f5767460867a	14	20643724	24341953	1270	0.3624
b1f90a25-d938-416b-948d-f5767460867a	14	24342678	32946554	4983	0.4537
b1f90a25-d938-416b-948d-f5767460867a	14	32949411	32950374	2	-0.7294
b1f90a25-d938-416b-948d-f5767460867a	14	32952541	32969302	15	-0.0131
b1f90a25-d938-416b-948d-f5767460867a	14	32971785	32972585	6	-0.3532
b1f90a25-d938-416b-948d-f5767460867a	14	32974621	33006392	31	-0.6624
b1f90a25-d938-416b-948d-f5767460867a	14	33007060	33359862	325	-0.2196
b1f90a25-d938-416b-948d-f5767460867a	14	33360980	33581078	261	0.2832
b1f90a25-d938-416b-948d-f5767460867a	14	33581480	40531090	3899	0.4433
b1f90a25-d938-416b-948d-f5767460867a	14	40533148	47605211	3005	0.3733
b1f90a25-d938-416b-948d-f5767460867a	14	47605252	49617083	1073	0.2107
b1f90a25-d938-416b-948d-f5767460867a	14	49621529	52848526	2080	0.1542
b1f90a25-d938-416b-948d-f5767460867a	14	52848730	56599349	2525	0.2233
b1f90a25-d938-416b-948d-f5767460867a	14	56599449	58194155	1094	0.2867
b1f90a25-d938-416b-948d-f5767460867a	14	58194951	77830125	11766	0.2017
b1f90a25-d938-416b-948d-f5767460867a	14	77832389	80586664	1974	0.3183
b1f90a25-d938-416b-948d-f5767460867a	14	80587512	81549402	569	0.2294
b1f90a25-d938-416b-948d-f5767460867a	14	81551733	82185392	406	0.3075
b1f90a25-d938-416b-948d-f5767460867a	14	82186581	90624690	5193	0.2272
b1f90a25-d938-416b-948d-f5767460867a	14	90624857	92788165	1343	0.1571
b1f90a25-d938-416b-948d-f5767460867a	14	92790303	98420839	4109	0.242
b1f90a25-d938-416b-948d-f5767460867a	14	98421031	98504965	76	-0.0449
b1f90a25-d938-416b-948d-f5767460867a	14	98507581	101621141	1927	0.2377
b1f90a25-d938-416b-948d-f5767460867a	14	101622827	102357537	289	-0.0773
b1f90a25-d938-416b-948d-f5767460867a	14	102359800	105533894	1173	0.2212
b1f90a25-d938-416b-948d-f5767460867a	15	23437561	30869003	2745	-0.1348
b1f90a25-d938-416b-948d-f5767460867a	15	30869827	32779950	662	-0.2873
b1f90a25-d938-416b-948d-f5767460867a	15	32781379	33826937	947	-0.1992
b1f90a25-d938-416b-948d-f5767460867a	15	33827126	33827822	2	-2.3205
b1f90a25-d938-416b-948d-f5767460867a	15	33828316	39912432	3980	-0.2228
b1f90a25-d938-416b-948d-f5767460867a	15	39912767	40556152	337	-0.2998
b1f90a25-d938-416b-948d-f5767460867a	15	40557499	40557629	2	0.9198
b1f90a25-d938-416b-948d-f5767460867a	15	40559556	45492020	2106	-0.2908
b1f90a25-d938-416b-948d-f5767460867a	15	45492192	48724827	2146	-0.1823
b1f90a25-d938-416b-948d-f5767460867a	15	48725402	80593850	19585	-0.2538
b1f90a25-d938-416b-948d-f5767460867a	15	80594172	84632227	1964	-0.1894
b1f90a25-d938-416b-948d-f5767460867a	15	84632432	85861103	530	-0.2667
b1f90a25-d938-416b-948d-f5767460867a	15	85861389	86742116	736	-0.1737
b1f90a25-d938-416b-948d-f5767460867a	15	86742793	87869594	746	-0.0495
b1f90a25-d938-416b-948d-f5767460867a	15	87869621	90228968	1470	-0.1904
b1f90a25-d938-416b-948d-f5767460867a	15	90229827	90814258	286	-0.3468
b1f90a25-d938-416b-948d-f5767460867a	15	90814996	95109780	2692	-0.1807
b1f90a25-d938-416b-948d-f5767460867a	15	95112594	98605180	2499	-0.1288
b1f90a25-d938-416b-948d-f5767460867a	15	98607259	101344124	1369	-0.2019
b1f90a25-d938-416b-948d-f5767460867a	16	603333	4738225	1488	-0.2792
b1f90a25-d938-416b-948d-f5767460867a	16	4738274	5233490	265	-0.1754
b1f90a25-d938-416b-948d-f5767460867a	16	5235519	6170983	742	-0.0863
b1f90a25-d938-416b-948d-f5767460867a	16	6171275	10470444	2767	-0.1775
b1f90a25-d938-416b-948d-f5767460867a	16	10470728	11822505	917	-0.2901
b1f90a25-d938-416b-948d-f5767460867a	16	11828862	11848465	11	-1.1297
b1f90a25-d938-416b-948d-f5767460867a	16	11860938	12583219	562	-0.255
b1f90a25-d938-416b-948d-f5767460867a	16	12583245	12714365	112	-0.1446
b1f90a25-d938-416b-948d-f5767460867a	16	12715358	12724063	7	-0.7756
b1f90a25-d938-416b-948d-f5767460867a	16	12730374	14155767	1142	-0.1687
b1f90a25-d938-416b-948d-f5767460867a	16	14155820	14593338	215	-0.2542
b1f90a25-d938-416b-948d-f5767460867a	16	14594021	26838541	4213	-0.4024
b1f90a25-d938-416b-948d-f5767460867a	16	26839124	26841570	2	-2.0345
b1f90a25-d938-416b-948d-f5767460867a	16	26842804	30671173	1119	-0.4561
b1f90a25-d938-416b-948d-f5767460867a	16	30671247	31841585	481	-0.1803
b1f90a25-d938-416b-948d-f5767460867a	16	46470502	50659749	2337	-0.0715
b1f90a25-d938-416b-948d-f5767460867a	16	50660100	50855269	126	-0.2434
b1f90a25-d938-416b-948d-f5767460867a	16	50855608	51340822	361	-0.0606
b1f90a25-d938-416b-948d-f5767460867a	16	51343554	52682956	1038	0.0114
b1f90a25-d938-416b-948d-f5767460867a	16	52683211	54635397	1495	-0.0733
b1f90a25-d938-416b-948d-f5767460867a	16	54643380	56355568	1286	-0.3709
b1f90a25-d938-416b-948d-f5767460867a	16	56361026	58364191	1167	-0.4816
b1f90a25-d938-416b-948d-f5767460867a	16	58364255	59527883	756	-0.3891
b1f90a25-d938-416b-948d-f5767460867a	16	59528812	59708367	131	-0.0389
b1f90a25-d938-416b-948d-f5767460867a	16	59711698	59714937	6	-0.8974
b1f90a25-d938-416b-948d-f5767460867a	16	59716318	60699699	582	-0.0675
b1f90a25-d938-416b-948d-f5767460867a	16	60699865	66485667	3886	-0.4012
b1f90a25-d938-416b-948d-f5767460867a	16	66486184	68343945	752	-0.5233
b1f90a25-d938-416b-948d-f5767460867a	16	68345957	75437954	3528	-0.4295
b1f90a25-d938-416b-948d-f5767460867a	16	75438310	75574185	36	-0.8083
b1f90a25-d938-416b-948d-f5767460867a	16	75578098	85273384	7441	-0.4214
b1f90a25-d938-416b-948d-f5767460867a	16	85273406	85415341	109	-0.9238
b1f90a25-d938-416b-948d-f5767460867a	16	85419089	89317317	2138	-0.4505
b1f90a25-d938-416b-948d-f5767460867a	17	1074619	3095770	811	-0.0466
b1f90a25-d938-416b-948d-f5767460867a	17	3095898	3370103	170	0.1715
b1f90a25-d938-416b-948d-f5767460867a	17	3376152	3391024	15	-0.0547
b1f90a25-d938-416b-948d-f5767460867a	17	3398486	6977317	1922	0.2366
b1f90a25-d938-416b-948d-f5767460867a	17	6978623	8618622	725	0.1633
b1f90a25-d938-416b-948d-f5767460867a	17	8618844	9412679	544	0.262
b1f90a25-d938-416b-948d-f5767460867a	17	9412739	14102186	3285	0.3185
b1f90a25-d938-416b-948d-f5767460867a	17	14102389	20387400	1946	0.2482
b1f90a25-d938-416b-948d-f5767460867a	17	20389632	20426761	4	-1.0754
b1f90a25-d938-416b-948d-f5767460867a	17	20426903	26990128	335	0.2548
b1f90a25-d938-416b-948d-f5767460867a	17	26999934	28072575	546	0.3467
b1f90a25-d938-416b-948d-f5767460867a	17	28074273	29198968	473	0.2243
b1f90a25-d938-416b-948d-f5767460867a	17	29201085	33441940	2133	0.1061
b1f90a25-d938-416b-948d-f5767460867a	17	33446435	33446550	2	-1.9525
b1f90a25-d938-416b-948d-f5767460867a	17	33447349	35032889	459	0.1458
b1f90a25-d938-416b-948d-f5767460867a	17	35035579	37705488	1288	0.064
b1f90a25-d938-416b-948d-f5767460867a	17	37707417	38609972	201	0.1514
b1f90a25-d938-416b-948d-f5767460867a	17	38610045	49856979	4725	0.0301
b1f90a25-d938-416b-948d-f5767460867a	17	49865045	51149382	662	0.0708
b1f90a25-d938-416b-948d-f5767460867a	17	51149554	52510230	850	0.181
b1f90a25-d938-416b-948d-f5767460867a	17	52510376	53307726	283	0.0765
b1f90a25-d938-416b-948d-f5767460867a	17	53309848	53320866	8	-0.4738
b1f90a25-d938-416b-948d-f5767460867a	17	53323503	57876279	3261	0.123
b1f90a25-d938-416b-948d-f5767460867a	17	57879064	65435360	3551	0.0498
b1f90a25-d938-416b-948d-f5767460867a	17	65438071	68327798	1633	0.1073
b1f90a25-d938-416b-948d-f5767460867a	17	68328623	68328624	2	-1.8374
b1f90a25-d938-416b-948d-f5767460867a	17	68330444	69477738	756	0.0907
b1f90a25-d938-416b-948d-f5767460867a	17	69480329	71043190	1129	0.1539
b1f90a25-d938-416b-948d-f5767460867a	17	71043942	71044734	3	-0.9805
b1f90a25-d938-416b-948d-f5767460867a	17	71046796	73703110	2016	0.1826
b1f90a25-d938-416b-948d-f5767460867a	17	73703164	82959812	3544	0.0409
b1f90a25-d938-416b-948d-f5767460867a	18	326691	1616028	501	0.176
b1f90a25-d938-416b-948d-f5767460867a	18	1616304	3319382	707	-0.1371
b1f90a25-d938-416b-948d-f5767460867a	18	3320941	3321041	2	-3.2319
b1f90a25-d938-416b-948d-f5767460867a	18	3323930	4494321	897	-0.1007
b1f90a25-d938-416b-948d-f5767460867a	18	4498302	5835595	838	0.1528
b1f90a25-d938-416b-948d-f5767460867a	18	5835868	8243209	1279	0.2437
b1f90a25-d938-416b-948d-f5767460867a	18	8244337	8593156	335	0.1748
b1f90a25-d938-416b-948d-f5767460867a	18	8593527	21779201	3967	0.1171
b1f90a25-d938-416b-948d-f5767460867a	18	21780368	23472668	931	0.1763
b1f90a25-d938-416b-948d-f5767460867a	18	23472990	23583969	67	0.4884
b1f90a25-d938-416b-948d-f5767460867a	18	23585116	36145094	7692	-0.5449
b1f90a25-d938-416b-948d-f5767460867a	18	36145202	36899461	659	-0.4633
b1f90a25-d938-416b-948d-f5767460867a	18	36900724	38425547	947	-0.3603
b1f90a25-d938-416b-948d-f5767460867a	18	38425762	38706584	209	-0.431
b1f90a25-d938-416b-948d-f5767460867a	18	38711360	39225175	305	-0.5646
b1f90a25-d938-416b-948d-f5767460867a	18	39231402	39572658	130	-0.9953
b1f90a25-d938-416b-948d-f5767460867a	18	39576364	51595652	7719	-0.6052
b1f90a25-d938-416b-948d-f5767460867a	18	51596824	51602058	2	-2.6911
b1f90a25-d938-416b-948d-f5767460867a	18	51602066	54365111	1764	-0.5545
b1f90a25-d938-416b-948d-f5767460867a	18	54372543	54375000	5	-1.7873
b1f90a25-d938-416b-948d-f5767460867a	18	54375495	57056830	1619	-0.5627
b1f90a25-d938-416b-948d-f5767460867a	18	57057466	57365255	259	-0.2036
b1f90a25-d938-416b-948d-f5767460867a	18	57367346	62110991	3163	-0.6086
b1f90a25-d938-416b-948d-f5767460867a	18	62117403	63017832	485	-0.7104
b1f90a25-d938-416b-948d-f5767460867a	18	63017985	63991266	800	-0.5631
b1f90a25-d938-416b-948d-f5767460867a	18	63993484	67621528	1795	-0.9189
b1f90a25-d938-416b-948d-f5767460867a	18	67621718	68709972	457	-1.1273
b1f90a25-d938-416b-948d-f5767460867a	18	68710390	68713139	5	-4.1254
b1f90a25-d938-416b-948d-f5767460867a	18	68713228	79349796	5351	-1.1112
b1f90a25-d938-416b-948d-f5767460867a	19	283868	3605541	807	-0.7376
b1f90a25-d938-416b-948d-f5767460867a	19	3611974	5690761	622	0.0783
b1f90a25-d938-416b-948d-f5767460867a	19	5696951	19834188	6306	0.3957
b1f90a25-d938-416b-948d-f5767460867a	19	19834971	21709238	318	0.5081
b1f90a25-d938-416b-948d-f5767460867a	19	21709481	21749772	15	0.2577
b1f90a25-d938-416b-948d-f5767460867a	19	21752898	27749470	994	0.6467
b1f90a25-d938-416b-948d-f5767460867a	19	27749586	28794628	773	0.0712
b1f90a25-d938-416b-948d-f5767460867a	19	28797283	28797972	2	-1.3117
b1f90a25-d938-416b-948d-f5767460867a	19	28800027	29851772	877	0.0498
b1f90a25-d938-416b-948d-f5767460867a	19	29852257	33726701	2596	-0.0587
b1f90a25-d938-416b-948d-f5767460867a	19	33727260	39349962	2929	-0.1347
b1f90a25-d938-416b-948d-f5767460867a	19	39352962	42323026	1319	-0.196
b1f90a25-d938-416b-948d-f5767460867a	19	42327274	57393780	6140	-0.1398
b1f90a25-d938-416b-948d-f5767460867a	19	57397842	58370362	466	-0.4403
b1f90a25-d938-416b-948d-f5767460867a	20	472817	5972496	3293	0.2949
b1f90a25-d938-416b-948d-f5767460867a	20	5973173	17498224	7906	0.4018
b1f90a25-d938-416b-948d-f5767460867a	20	17498906	21923501	3245	0.335
b1f90a25-d938-416b-948d-f5767460867a	20	21923762	25359133	2234	0.3962
b1f90a25-d938-416b-948d-f5767460867a	20	25360188	25712185	143	0.1637
b1f90a25-d938-416b-948d-f5767460867a	20	25712924	26215627	147	0.4034
b1f90a25-d938-416b-948d-f5767460867a	20	26217263	31517899	135	0.5419
b1f90a25-d938-416b-948d-f5767460867a	20	31518937	33522982	1046	0.3897
b1f90a25-d938-416b-948d-f5767460867a	20	33524487	37198027	1690	0.3252
b1f90a25-d938-416b-948d-f5767460867a	20	37198133	38952655	1080	0.5413
b1f90a25-d938-416b-948d-f5767460867a	20	38953346	44048442	3537	0.6081
b1f90a25-d938-416b-948d-f5767460867a	20	44050551	48735093	3151	0.5359
b1f90a25-d938-416b-948d-f5767460867a	20	48735970	50681357	1064	0.4707
b1f90a25-d938-416b-948d-f5767460867a	20	50681610	51036345	211	0.5507
b1f90a25-d938-416b-948d-f5767460867a	20	51036724	53520661	1722	0.5901
b1f90a25-d938-416b-948d-f5767460867a	20	53525664	53529335	3	-0.4216
b1f90a25-d938-416b-948d-f5767460867a	20	53531956	53711763	119	0.596
b1f90a25-d938-416b-948d-f5767460867a	20	53711799	54000470	195	0.4632
b1f90a25-d938-416b-948d-f5767460867a	20	54000781	57193166	2454	0.6266
b1f90a25-d938-416b-948d-f5767460867a	20	57197525	60171129	2202	0.5489
b1f90a25-d938-416b-948d-f5767460867a	20	60174523	63588502	1998	0.6274
b1f90a25-d938-416b-948d-f5767460867a	21	13974127	14041307	16	-0.1719
b1f90a25-d938-416b-948d-f5767460867a	21	14049097	14275110	129	-0.5887
b1f90a25-d938-416b-948d-f5767460867a	21	14275833	16531653	1431	-0.2163
b1f90a25-d938-416b-948d-f5767460867a	21	16531694	19110475	1652	-0.1312
b1f90a25-d938-416b-948d-f5767460867a	21	19115080	21475536	1594	-0.2315
b1f90a25-d938-416b-948d-f5767460867a	21	21475800	21503299	27	-0.7978
b1f90a25-d938-416b-948d-f5767460867a	21	21506193	25783228	2469	-0.2366
b1f90a25-d938-416b-948d-f5767460867a	21	25787556	32472062	4570	-0.1521
b1f90a25-d938-416b-948d-f5767460867a	21	32472129	37434170	3136	-0.2265
b1f90a25-d938-416b-948d-f5767460867a	21	37434318	39452542	1618	-0.1752
b1f90a25-d938-416b-948d-f5767460867a	21	39459090	41247822	1480	-0.0947
b1f90a25-d938-416b-948d-f5767460867a	21	41248192	42710072	1173	-0.2024
b1f90a25-d938-416b-948d-f5767460867a	21	42716318	42718938	3	-1.5686
b1f90a25-d938-416b-948d-f5767460867a	21	42720681	46262057	1298	-0.2282
b1f90a25-d938-416b-948d-f5767460867a	22	16934932	32450720	6426	-0.4611
b1f90a25-d938-416b-948d-f5767460867a	22	32451129	35092827	2391	-0.3875
b1f90a25-d938-416b-948d-f5767460867a	22	35094845	35543322	313	-0.4534
b1f90a25-d938-416b-948d-f5767460867a	22	35546589	43122318	3664	-0.5337
b1f90a25-d938-416b-948d-f5767460867a	22	43124154	44719617	1220	-0.4429
b1f90a25-d938-416b-948d-f5767460867a	22	44719669	48940621	3035	-0.9306
b1f90a25-d938-416b-948d-f5767460867a	X	3236359	24635126	9205	0.0624
b1f90a25-d938-416b-948d-f5767460867a	X	24635275	32348897	4284	0.0185
b1f90a25-d938-416b-948d-f5767460867a	X	32349605	32410479	50	-0.7609
b1f90a25-d938-416b-948d-f5767460867a	X	32410696	32447839	20	-0.2613
b1f90a25-d938-416b-948d-f5767460867a	X	32449853	32497239	40	0.1447
b1f90a25-d938-416b-948d-f5767460867a	X	32498752	32500843	3	-1.1861
b1f90a25-d938-416b-948d-f5767460867a	X	32505927	54024406	8733	0.054
b1f90a25-d938-416b-948d-f5767460867a	X	54028737	55943404	833	0.1456
b1f90a25-d938-416b-948d-f5767460867a	X	55947678	62953249	831	0.0797
b1f90a25-d938-416b-948d-f5767460867a	X	62956696	63588743	131	-0.3794
b1f90a25-d938-416b-948d-f5767460867a	X	63591235	69528269	2470	-0.3051
b1f90a25-d938-416b-948d-f5767460867a	X	69529039	69532599	2	-1.8501
b1f90a25-d938-416b-948d-f5767460867a	X	69532656	70420850	335	-0.3032
b1f90a25-d938-416b-948d-f5767460867a	X	70424161	70645995	88	-0.0413
b1f90a25-d938-416b-948d-f5767460867a	X	70646184	70829816	77	-0.2518
b1f90a25-d938-416b-948d-f5767460867a	X	70836208	82802632	4399	-0.3925
b1f90a25-d938-416b-948d-f5767460867a	X	82803892	87198328	2073	0.0062
b1f90a25-d938-416b-948d-f5767460867a	X	87198871	87200383	9	-0.9046
b1f90a25-d938-416b-948d-f5767460867a	X	87204277	99558200	4609	0.0169
b1f90a25-d938-416b-948d-f5767460867a	X	99558262	154065469	25638	0.0797
b1f90a25-d938-416b-948d-f5767460867a	X	154069278	155677414	124	-0.0048
