GDC_Aliquot	Chromosome	Start	End	Num_Probes	Segment_Mean
49aff11e-7532-4ca6-9192-b6d8e8b806c1	1	3301765	11169675	4441	0.2353
49aff11e-7532-4ca6-9192-b6d8e8b806c1	1	11176353	16455707	2746	-0.4483
49aff11e-7532-4ca6-9192-b6d8e8b806c1	1	16458895	28580633	6088	-0.5795
49aff11e-7532-4ca6-9192-b6d8e8b806c1	1	28581458	29921243	721	0.9468
49aff11e-7532-4ca6-9192-b6d8e8b806c1	1	29922712	30895010	646	1.4767
49aff11e-7532-4ca6-9192-b6d8e8b806c1	1	30895082	31044910	59	1.1209
49aff11e-7532-4ca6-9192-b6d8e8b806c1	1	31047418	40722921	4987	0.9445
49aff11e-7532-4ca6-9192-b6d8e8b806c1	1	40730292	42524852	1094	1.05
49aff11e-7532-4ca6-9192-b6d8e8b806c1	1	42527477	65799589	14272	0.5724
49aff11e-7532-4ca6-9192-b6d8e8b806c1	1	65799670	81411038	9079	0.0454
49aff11e-7532-4ca6-9192-b6d8e8b806c1	1	81415657	81427880	28	-0.4672
49aff11e-7532-4ca6-9192-b6d8e8b806c1	1	81427945	88759367	4798	0.0245
49aff11e-7532-4ca6-9192-b6d8e8b806c1	1	88759965	88773915	10	0.8373
49aff11e-7532-4ca6-9192-b6d8e8b806c1	1	88777053	90232006	854	0.0295
49aff11e-7532-4ca6-9192-b6d8e8b806c1	1	90252822	90253392	2	-2.026
49aff11e-7532-4ca6-9192-b6d8e8b806c1	1	90254067	94320032	2308	0.0512
49aff11e-7532-4ca6-9192-b6d8e8b806c1	1	94320958	99897644	3501	0.5754
49aff11e-7532-4ca6-9192-b6d8e8b806c1	1	99897690	100460611	312	0.7302
49aff11e-7532-4ca6-9192-b6d8e8b806c1	1	100460664	116595637	9367	0.5771
49aff11e-7532-4ca6-9192-b6d8e8b806c1	1	116598966	156911375	5237	0.132
49aff11e-7532-4ca6-9192-b6d8e8b806c1	1	156912113	171490368	10196	0.0816
49aff11e-7532-4ca6-9192-b6d8e8b806c1	1	171490739	190744264	11657	0.1115
49aff11e-7532-4ca6-9192-b6d8e8b806c1	1	190744437	199168602	4824	0.0555
49aff11e-7532-4ca6-9192-b6d8e8b806c1	1	199169845	199665470	340	0.1047
49aff11e-7532-4ca6-9192-b6d8e8b806c1	1	199666288	200603709	600	0.1516
49aff11e-7532-4ca6-9192-b6d8e8b806c1	1	200603896	201457225	571	0.2593
49aff11e-7532-4ca6-9192-b6d8e8b806c1	1	201457347	217594491	10723	0.1406
49aff11e-7532-4ca6-9192-b6d8e8b806c1	1	217595370	222042495	3002	0.0758
49aff11e-7532-4ca6-9192-b6d8e8b806c1	1	222042658	222071538	18	0.7963
49aff11e-7532-4ca6-9192-b6d8e8b806c1	1	222071896	238351155	10354	0.1062
49aff11e-7532-4ca6-9192-b6d8e8b806c1	1	238352111	239900411	1144	0.1846
49aff11e-7532-4ca6-9192-b6d8e8b806c1	1	239900521	247650984	4388	0.0386
49aff11e-7532-4ca6-9192-b6d8e8b806c1	2	480597	4670511	2070	0.725
49aff11e-7532-4ca6-9192-b6d8e8b806c1	2	4673423	10745972	4285	0.6086
49aff11e-7532-4ca6-9192-b6d8e8b806c1	2	10747060	17206933	4346	0.069
49aff11e-7532-4ca6-9192-b6d8e8b806c1	2	17207005	17214962	3	1.8809
49aff11e-7532-4ca6-9192-b6d8e8b806c1	2	17215281	18246234	718	0.0818
49aff11e-7532-4ca6-9192-b6d8e8b806c1	2	18255730	18316883	41	0.6641
49aff11e-7532-4ca6-9192-b6d8e8b806c1	2	18318355	28619805	5857	0.0776
49aff11e-7532-4ca6-9192-b6d8e8b806c1	2	28620650	29004515	69	0.551
49aff11e-7532-4ca6-9192-b6d8e8b806c1	2	29004594	41143238	6710	0.0833
49aff11e-7532-4ca6-9192-b6d8e8b806c1	2	41145494	52504841	6790	-0.01
49aff11e-7532-4ca6-9192-b6d8e8b806c1	2	52624435	65878178	7299	0.9179
49aff11e-7532-4ca6-9192-b6d8e8b806c1	2	65878256	68812122	1917	1.0031
49aff11e-7532-4ca6-9192-b6d8e8b806c1	2	68812184	70874296	1379	0.9171
49aff11e-7532-4ca6-9192-b6d8e8b806c1	2	70874689	76023526	2699	0.8297
49aff11e-7532-4ca6-9192-b6d8e8b806c1	2	76024266	80859485	2575	0.7188
49aff11e-7532-4ca6-9192-b6d8e8b806c1	2	80860056	87968707	3085	0.6088
49aff11e-7532-4ca6-9192-b6d8e8b806c1	2	87992262	88557978	279	0.0568
49aff11e-7532-4ca6-9192-b6d8e8b806c1	2	88560849	88829551	129	0.5397
49aff11e-7532-4ca6-9192-b6d8e8b806c1	2	88830496	104612194	4746	0.0776
49aff11e-7532-4ca6-9192-b6d8e8b806c1	2	104615412	122324738	9096	-0.6435
49aff11e-7532-4ca6-9192-b6d8e8b806c1	2	122327163	160490265	20375	0.0995
49aff11e-7532-4ca6-9192-b6d8e8b806c1	2	160498483	178662401	10933	0.5926
49aff11e-7532-4ca6-9192-b6d8e8b806c1	2	178662913	200911866	11286	0.0855
49aff11e-7532-4ca6-9192-b6d8e8b806c1	2	200913263	202947124	866	0.6191
49aff11e-7532-4ca6-9192-b6d8e8b806c1	2	202947623	239378275	22040	0.0829
49aff11e-7532-4ca6-9192-b6d8e8b806c1	2	239379011	241312591	1094	-0.1076
49aff11e-7532-4ca6-9192-b6d8e8b806c1	2	241314580	241314748	2	-2.3026
49aff11e-7532-4ca6-9192-b6d8e8b806c1	2	241317412	241537572	118	-0.1632
49aff11e-7532-4ca6-9192-b6d8e8b806c1	3	2170634	28469912	15473	0.0908
49aff11e-7532-4ca6-9192-b6d8e8b806c1	3	28473702	28511218	25	-0.5522
49aff11e-7532-4ca6-9192-b6d8e8b806c1	3	28515913	56502975	16086	0.0916
49aff11e-7532-4ca6-9192-b6d8e8b806c1	3	56507412	57945720	721	0.629
49aff11e-7532-4ca6-9192-b6d8e8b806c1	3	57951256	68218954	6421	0.1015
49aff11e-7532-4ca6-9192-b6d8e8b806c1	3	68229992	68622038	318	0.5967
49aff11e-7532-4ca6-9192-b6d8e8b806c1	3	68624114	96829012	13413	0.1149
49aff11e-7532-4ca6-9192-b6d8e8b806c1	3	96833057	97609440	363	-0.5646
49aff11e-7532-4ca6-9192-b6d8e8b806c1	3	97609765	98373642	436	0.1125
49aff11e-7532-4ca6-9192-b6d8e8b806c1	3	98376105	106739163	4667	0.5705
49aff11e-7532-4ca6-9192-b6d8e8b806c1	3	106739787	148892297	23433	0.5957
49aff11e-7532-4ca6-9192-b6d8e8b806c1	3	148897908	166728833	9218	0.5648
49aff11e-7532-4ca6-9192-b6d8e8b806c1	3	166729278	175037267	4453	0.642
49aff11e-7532-4ca6-9192-b6d8e8b806c1	3	175038361	189512415	7685	0.8757
49aff11e-7532-4ca6-9192-b6d8e8b806c1	3	189514806	195109173	3408	0.1194
49aff11e-7532-4ca6-9192-b6d8e8b806c1	3	195112126	195112147	2	-2.0111
49aff11e-7532-4ca6-9192-b6d8e8b806c1	3	195113139	196330745	290	0.0973
49aff11e-7532-4ca6-9192-b6d8e8b806c1	3	196337577	197812401	296	-0.5929
49aff11e-7532-4ca6-9192-b6d8e8b806c1	4	1059384	40051090	24120	0.1175
49aff11e-7532-4ca6-9192-b6d8e8b806c1	4	40051457	40899677	394	0.6835
49aff11e-7532-4ca6-9192-b6d8e8b806c1	4	40901145	53276643	4518	0.1139
49aff11e-7532-4ca6-9192-b6d8e8b806c1	4	53280078	143803133	50562	-0.5489
49aff11e-7532-4ca6-9192-b6d8e8b806c1	4	143805010	146180290	1065	0.1442
49aff11e-7532-4ca6-9192-b6d8e8b806c1	4	146180807	159018640	7321	-0.5524
49aff11e-7532-4ca6-9192-b6d8e8b806c1	4	159021965	165464936	3529	0.1579
49aff11e-7532-4ca6-9192-b6d8e8b806c1	4	165466196	180152653	7944	-0.5542
49aff11e-7532-4ca6-9192-b6d8e8b806c1	4	180153648	186268998	2722	0.1381
49aff11e-7532-4ca6-9192-b6d8e8b806c1	4	186269656	187842528	898	-1.8691
49aff11e-7532-4ca6-9192-b6d8e8b806c1	5	913983	35702653	20553	0.157
49aff11e-7532-4ca6-9192-b6d8e8b806c1	5	35707191	39476828	2387	0.236
49aff11e-7532-4ca6-9192-b6d8e8b806c1	5	39477586	50837510	3103	0.1385
49aff11e-7532-4ca6-9192-b6d8e8b806c1	5	50837542	51476720	361	-0.6006
49aff11e-7532-4ca6-9192-b6d8e8b806c1	5	51477654	53368411	1186	0.109
49aff11e-7532-4ca6-9192-b6d8e8b806c1	5	53402557	59555985	4045	-0.5981
49aff11e-7532-4ca6-9192-b6d8e8b806c1	5	59558762	60071707	332	0.1108
49aff11e-7532-4ca6-9192-b6d8e8b806c1	5	60077222	96571883	19300	-0.5852
49aff11e-7532-4ca6-9192-b6d8e8b806c1	5	96572677	134092301	20781	0.1003
49aff11e-7532-4ca6-9192-b6d8e8b806c1	5	134092950	134158771	41	0.6709
49aff11e-7532-4ca6-9192-b6d8e8b806c1	5	134161939	151644491	10570	0.0993
49aff11e-7532-4ca6-9192-b6d8e8b806c1	5	151645580	177061670	16288	-0.6056
49aff11e-7532-4ca6-9192-b6d8e8b806c1	5	177062255	180934240	1754	0.1103
49aff11e-7532-4ca6-9192-b6d8e8b806c1	6	1011760	18239320	12071	0.1422
49aff11e-7532-4ca6-9192-b6d8e8b806c1	6	18239556	18253311	25	0.6273
49aff11e-7532-4ca6-9192-b6d8e8b806c1	6	18253396	30561698	6945	0.1165
49aff11e-7532-4ca6-9192-b6d8e8b806c1	6	30561845	31238839	257	0.6056
49aff11e-7532-4ca6-9192-b6d8e8b806c1	6	32899215	36672591	1901	0.0956
49aff11e-7532-4ca6-9192-b6d8e8b806c1	6	36674774	38024783	881	0.6281
49aff11e-7532-4ca6-9192-b6d8e8b806c1	6	38025623	39411314	1041	0.1317
49aff11e-7532-4ca6-9192-b6d8e8b806c1	6	39416169	39433969	25	0.66
49aff11e-7532-4ca6-9192-b6d8e8b806c1	6	39436447	55522617	9828	0.1133
49aff11e-7532-4ca6-9192-b6d8e8b806c1	6	55522695	73962443	7885	0.0886
49aff11e-7532-4ca6-9192-b6d8e8b806c1	6	73962666	113625516	22276	0.1289
49aff11e-7532-4ca6-9192-b6d8e8b806c1	6	113625962	113706168	69	0.6398
49aff11e-7532-4ca6-9192-b6d8e8b806c1	6	113708303	132484073	10646	0.1433
49aff11e-7532-4ca6-9192-b6d8e8b806c1	6	132487834	159346545	17124	-0.5558
49aff11e-7532-4ca6-9192-b6d8e8b806c1	6	159351261	159359079	8	-3.8933
49aff11e-7532-4ca6-9192-b6d8e8b806c1	6	159360693	170596889	5780	-0.5414
49aff11e-7532-4ca6-9192-b6d8e8b806c1	7	664936	5709363	1957	-0.5359
49aff11e-7532-4ca6-9192-b6d8e8b806c1	7	5709591	6190663	97	0.1635
49aff11e-7532-4ca6-9192-b6d8e8b806c1	7	6194264	6739639	230	-0.5443
49aff11e-7532-4ca6-9192-b6d8e8b806c1	7	6758397	7845903	646	0.0874
49aff11e-7532-4ca6-9192-b6d8e8b806c1	7	7846820	7847399	2	1.2874
49aff11e-7532-4ca6-9192-b6d8e8b806c1	7	7847642	7891317	39	0.1076
49aff11e-7532-4ca6-9192-b6d8e8b806c1	7	7891847	14867764	4040	-0.2782
49aff11e-7532-4ca6-9192-b6d8e8b806c1	7	14868784	14869167	2	-2.7931
49aff11e-7532-4ca6-9192-b6d8e8b806c1	7	14869447	20269755	2616	-0.2951
49aff11e-7532-4ca6-9192-b6d8e8b806c1	7	20270013	22842864	1905	-0.1046
49aff11e-7532-4ca6-9192-b6d8e8b806c1	7	22843164	25237074	1728	-0.3273
49aff11e-7532-4ca6-9192-b6d8e8b806c1	7	25238943	29511094	2734	0.266
49aff11e-7532-4ca6-9192-b6d8e8b806c1	7	29511213	29511588	3	-1.3659
49aff11e-7532-4ca6-9192-b6d8e8b806c1	7	29511638	42003851	8138	0.217
49aff11e-7532-4ca6-9192-b6d8e8b806c1	7	42006215	42056237	40	0.1628
49aff11e-7532-4ca6-9192-b6d8e8b806c1	7	42056411	45352744	1588	0.0028
49aff11e-7532-4ca6-9192-b6d8e8b806c1	7	45353401	103421940	26035	0.1072
49aff11e-7532-4ca6-9192-b6d8e8b806c1	7	103421970	113114811	5282	0.1818
49aff11e-7532-4ca6-9192-b6d8e8b806c1	7	113114849	119771310	3592	0.252
49aff11e-7532-4ca6-9192-b6d8e8b806c1	7	119772123	119853897	52	-0.8132
49aff11e-7532-4ca6-9192-b6d8e8b806c1	7	119860456	132449169	6850	0.2584
49aff11e-7532-4ca6-9192-b6d8e8b806c1	7	132451755	132457940	10	0.9896
49aff11e-7532-4ca6-9192-b6d8e8b806c1	7	132458220	138983042	4054	0.2649
49aff11e-7532-4ca6-9192-b6d8e8b806c1	7	138984621	138993702	9	1.0277
49aff11e-7532-4ca6-9192-b6d8e8b806c1	7	138997066	158592540	9931	0.2679
49aff11e-7532-4ca6-9192-b6d8e8b806c1	8	667625	32276074	19055	-0.5775
49aff11e-7532-4ca6-9192-b6d8e8b806c1	8	32276870	32346619	80	0.5875
49aff11e-7532-4ca6-9192-b6d8e8b806c1	8	32353088	34284901	1157	0.0903
49aff11e-7532-4ca6-9192-b6d8e8b806c1	8	34288085	34309969	12	0.7386
49aff11e-7532-4ca6-9192-b6d8e8b806c1	8	34311100	41494556	3757	0.115
49aff11e-7532-4ca6-9192-b6d8e8b806c1	8	41494940	52979638	4184	0.071
49aff11e-7532-4ca6-9192-b6d8e8b806c1	8	52980970	52984766	3	-1.6162
49aff11e-7532-4ca6-9192-b6d8e8b806c1	8	52988726	60764967	4736	0.0696
49aff11e-7532-4ca6-9192-b6d8e8b806c1	8	60765771	82953212	12775	0.1145
49aff11e-7532-4ca6-9192-b6d8e8b806c1	8	82953387	82982502	18	0.7742
49aff11e-7532-4ca6-9192-b6d8e8b806c1	8	82990258	94671246	6343	0.1036
49aff11e-7532-4ca6-9192-b6d8e8b806c1	8	94673359	97098679	1568	1.2138
49aff11e-7532-4ca6-9192-b6d8e8b806c1	8	97102274	97195393	42	2.0907
49aff11e-7532-4ca6-9192-b6d8e8b806c1	8	97197780	109538905	6842	1.1958
49aff11e-7532-4ca6-9192-b6d8e8b806c1	8	109538976	113970765	2305	1.4798
49aff11e-7532-4ca6-9192-b6d8e8b806c1	8	113971059	119280331	3323	1.1442
49aff11e-7532-4ca6-9192-b6d8e8b806c1	8	119280529	120581270	797	1.46
49aff11e-7532-4ca6-9192-b6d8e8b806c1	8	120582144	124852870	2777	1.1627
49aff11e-7532-4ca6-9192-b6d8e8b806c1	8	124853909	144182542	12070	1.6769
49aff11e-7532-4ca6-9192-b6d8e8b806c1	9	789794	3099009	1677	-0.5196
49aff11e-7532-4ca6-9192-b6d8e8b806c1	9	3146903	3258448	91	0.2071
49aff11e-7532-4ca6-9192-b6d8e8b806c1	9	3262803	23017815	12451	-0.5148
49aff11e-7532-4ca6-9192-b6d8e8b806c1	9	23024529	35480567	7099	0.1535
49aff11e-7532-4ca6-9192-b6d8e8b806c1	9	35484021	38747691	2078	-0.6044
49aff11e-7532-4ca6-9192-b6d8e8b806c1	9	38752071	76840364	5913	0.4097
49aff11e-7532-4ca6-9192-b6d8e8b806c1	9	76843196	78709712	1190	0.1808
49aff11e-7532-4ca6-9192-b6d8e8b806c1	9	78711103	84078555	3687	0.4193
49aff11e-7532-4ca6-9192-b6d8e8b806c1	9	84078816	88177680	2898	0.171
49aff11e-7532-4ca6-9192-b6d8e8b806c1	9	88177948	117188265	18840	-0.5732
49aff11e-7532-4ca6-9192-b6d8e8b806c1	9	117188561	117188883	2	-3.5029
49aff11e-7532-4ca6-9192-b6d8e8b806c1	9	117189204	124226225	4853	-0.579
49aff11e-7532-4ca6-9192-b6d8e8b806c1	9	124227502	138044505	6932	0.1231
49aff11e-7532-4ca6-9192-b6d8e8b806c1	10	366509	18914556	13400	0.0575
49aff11e-7532-4ca6-9192-b6d8e8b806c1	10	18915053	31697515	8527	0.5915
49aff11e-7532-4ca6-9192-b6d8e8b806c1	10	31698318	44201652	5199	0.1121
49aff11e-7532-4ca6-9192-b6d8e8b806c1	10	44203993	49868126	2293	-0.6536
49aff11e-7532-4ca6-9192-b6d8e8b806c1	10	50716389	57808564	4149	0.1254
49aff11e-7532-4ca6-9192-b6d8e8b806c1	10	57809329	57809966	2	-1.7828
49aff11e-7532-4ca6-9192-b6d8e8b806c1	10	57812248	86002016	17515	0.1538
49aff11e-7532-4ca6-9192-b6d8e8b806c1	10	86003010	86074182	58	-0.7095
49aff11e-7532-4ca6-9192-b6d8e8b806c1	10	86081430	126084376	25236	0.1349
49aff11e-7532-4ca6-9192-b6d8e8b806c1	10	126084391	130259497	3240	0.0752
49aff11e-7532-4ca6-9192-b6d8e8b806c1	10	130260185	133411599	792	0.121
49aff11e-7532-4ca6-9192-b6d8e8b806c1	11	456012	32023891	19982	-0.5873
49aff11e-7532-4ca6-9192-b6d8e8b806c1	11	32027165	32355348	277	0.4092
49aff11e-7532-4ca6-9192-b6d8e8b806c1	11	32356565	32406680	69	-0.2048
49aff11e-7532-4ca6-9192-b6d8e8b806c1	11	32409300	32413942	7	0.2371
49aff11e-7532-4ca6-9192-b6d8e8b806c1	11	32413983	32432716	51	-0.2133
49aff11e-7532-4ca6-9192-b6d8e8b806c1	11	32433981	40049473	4424	0.3542
49aff11e-7532-4ca6-9192-b6d8e8b806c1	11	40051517	45323993	3685	0.2624
49aff11e-7532-4ca6-9192-b6d8e8b806c1	11	45326367	57278271	2457	0.0871
49aff11e-7532-4ca6-9192-b6d8e8b806c1	11	57279421	57615919	169	0.2442
49aff11e-7532-4ca6-9192-b6d8e8b806c1	11	57617925	61367060	2075	0.0364
49aff11e-7532-4ca6-9192-b6d8e8b806c1	11	61369675	61390432	11	0.7218
49aff11e-7532-4ca6-9192-b6d8e8b806c1	11	61397808	61573093	81	0.0333
49aff11e-7532-4ca6-9192-b6d8e8b806c1	11	61575224	66299193	1640	0.2135
49aff11e-7532-4ca6-9192-b6d8e8b806c1	11	66299506	69455897	1174	0.8768
49aff11e-7532-4ca6-9192-b6d8e8b806c1	11	69460294	69511763	32	1.3831
49aff11e-7532-4ca6-9192-b6d8e8b806c1	11	69511943	74545007	2474	1.0914
49aff11e-7532-4ca6-9192-b6d8e8b806c1	11	74545389	77915698	1787	1.1991
49aff11e-7532-4ca6-9192-b6d8e8b806c1	11	77915917	78209284	153	1.689
49aff11e-7532-4ca6-9192-b6d8e8b806c1	11	78211053	85533778	4665	1.176
49aff11e-7532-4ca6-9192-b6d8e8b806c1	11	85534728	99351618	8420	1.0229
49aff11e-7532-4ca6-9192-b6d8e8b806c1	11	99351651	100758417	971	1.3672
49aff11e-7532-4ca6-9192-b6d8e8b806c1	11	100762933	104162175	2235	0.7111
49aff11e-7532-4ca6-9192-b6d8e8b806c1	11	104166130	107873445	2178	0.6057
49aff11e-7532-4ca6-9192-b6d8e8b806c1	11	108081855	113187371	3163	-0.2334
49aff11e-7532-4ca6-9192-b6d8e8b806c1	11	113191596	130168592	11993	0.4027
49aff11e-7532-4ca6-9192-b6d8e8b806c1	11	130174083	134272740	2512	-0.623
49aff11e-7532-4ca6-9192-b6d8e8b806c1	12	780472	10239017	5098	0.2344
49aff11e-7532-4ca6-9192-b6d8e8b806c1	12	10262224	15916267	3370	-0.5636
49aff11e-7532-4ca6-9192-b6d8e8b806c1	12	15918642	19585129	2127	-1.8075
49aff11e-7532-4ca6-9192-b6d8e8b806c1	12	19585500	27389063	5036	-0.5312
49aff11e-7532-4ca6-9192-b6d8e8b806c1	12	27392057	27846261	322	0.1188
49aff11e-7532-4ca6-9192-b6d8e8b806c1	12	27851385	29312425	932	0.9973
49aff11e-7532-4ca6-9192-b6d8e8b806c1	12	29318914	31774084	1581	0.12
49aff11e-7532-4ca6-9192-b6d8e8b806c1	12	31776363	38827290	1006	1.01
49aff11e-7532-4ca6-9192-b6d8e8b806c1	12	38829764	63524891	13633	0.1141
49aff11e-7532-4ca6-9192-b6d8e8b806c1	12	63525708	65211268	794	0.6406
49aff11e-7532-4ca6-9192-b6d8e8b806c1	12	65214543	75938453	6692	0.1266
49aff11e-7532-4ca6-9192-b6d8e8b806c1	12	75946746	77371888	852	-0.5628
49aff11e-7532-4ca6-9192-b6d8e8b806c1	12	77372136	77372187	3	-3.0886
49aff11e-7532-4ca6-9192-b6d8e8b806c1	12	77372579	105663761	17537	-0.5559
49aff11e-7532-4ca6-9192-b6d8e8b806c1	12	105663803	105672811	14	-2.1471
49aff11e-7532-4ca6-9192-b6d8e8b806c1	12	105673271	132605822	14478	-0.5947
49aff11e-7532-4ca6-9192-b6d8e8b806c1	13	18874255	22598864	1861	-0.5893
49aff11e-7532-4ca6-9192-b6d8e8b806c1	13	22601154	23479431	535	0.6285
49aff11e-7532-4ca6-9192-b6d8e8b806c1	13	23481900	41591525	11913	-0.6012
49aff11e-7532-4ca6-9192-b6d8e8b806c1	13	41593113	41628136	32	0.0688
49aff11e-7532-4ca6-9192-b6d8e8b806c1	13	41629231	46788343	3163	-0.5672
49aff11e-7532-4ca6-9192-b6d8e8b806c1	13	46788887	52785718	2791	-0.5317
49aff11e-7532-4ca6-9192-b6d8e8b806c1	13	52787160	52788848	2	-3.4402
49aff11e-7532-4ca6-9192-b6d8e8b806c1	13	52789648	64705871	5733	-0.5
49aff11e-7532-4ca6-9192-b6d8e8b806c1	13	64708530	64726321	2	-3.1925
49aff11e-7532-4ca6-9192-b6d8e8b806c1	13	64726419	97548318	19564	-0.5007
49aff11e-7532-4ca6-9192-b6d8e8b806c1	13	97549049	97714529	88	0.1483
49aff11e-7532-4ca6-9192-b6d8e8b806c1	13	97716920	109280881	8067	-0.5136
49aff11e-7532-4ca6-9192-b6d8e8b806c1	13	109284623	114226675	2747	-0.6
49aff11e-7532-4ca6-9192-b6d8e8b806c1	14	20033191	29254523	4482	0.1225
49aff11e-7532-4ca6-9192-b6d8e8b806c1	14	29258648	29259148	2	-1.8291
49aff11e-7532-4ca6-9192-b6d8e8b806c1	14	29262456	32175601	1571	0.1142
49aff11e-7532-4ca6-9192-b6d8e8b806c1	14	32176217	48960021	8712	-0.0866
49aff11e-7532-4ca6-9192-b6d8e8b806c1	14	48961620	65239297	10311	-0.1351
49aff11e-7532-4ca6-9192-b6d8e8b806c1	14	65249600	65258499	17	0.461
49aff11e-7532-4ca6-9192-b6d8e8b806c1	14	65258729	71153007	3247	-0.1325
49aff11e-7532-4ca6-9192-b6d8e8b806c1	14	71153360	71157091	2	-2.3881
49aff11e-7532-4ca6-9192-b6d8e8b806c1	14	71157573	71995664	459	-0.1507
49aff11e-7532-4ca6-9192-b6d8e8b806c1	14	71995840	94161030	13823	-0.0827
49aff11e-7532-4ca6-9192-b6d8e8b806c1	14	94162492	96217468	1674	-0.0005
49aff11e-7532-4ca6-9192-b6d8e8b806c1	14	96217886	96218017	2	-2.9615
49aff11e-7532-4ca6-9192-b6d8e8b806c1	14	96218538	105533894	4975	0.0194
49aff11e-7532-4ca6-9192-b6d8e8b806c1	15	23437561	62183008	21574	0.0996
49aff11e-7532-4ca6-9192-b6d8e8b806c1	15	62183988	64413511	1468	0.7124
49aff11e-7532-4ca6-9192-b6d8e8b806c1	15	64414840	66076948	761	1.1631
49aff11e-7532-4ca6-9192-b6d8e8b806c1	15	66083392	80481524	8240	0.5952
49aff11e-7532-4ca6-9192-b6d8e8b806c1	15	80482441	80913910	314	0.1266
49aff11e-7532-4ca6-9192-b6d8e8b806c1	15	80914361	80931616	21	0.7315
49aff11e-7532-4ca6-9192-b6d8e8b806c1	15	80934079	81374505	302	0.1094
49aff11e-7532-4ca6-9192-b6d8e8b806c1	15	81379994	101344124	11603	0.6247
49aff11e-7532-4ca6-9192-b6d8e8b806c1	16	603333	62670282	24212	0.1315
49aff11e-7532-4ca6-9192-b6d8e8b806c1	16	62673320	62714274	21	-0.7409
49aff11e-7532-4ca6-9192-b6d8e8b806c1	16	62715276	65435088	1791	-0.5174
49aff11e-7532-4ca6-9192-b6d8e8b806c1	16	65440389	89317317	14607	-0.6145
49aff11e-7532-4ca6-9192-b6d8e8b806c1	17	1074619	11268496	5307	0.1429
49aff11e-7532-4ca6-9192-b6d8e8b806c1	17	11268856	19248789	3436	0.086
49aff11e-7532-4ca6-9192-b6d8e8b806c1	17	19248860	21399695	777	0.1373
49aff11e-7532-4ca6-9192-b6d8e8b806c1	17	21774057	41120530	6189	-0.5953
49aff11e-7532-4ca6-9192-b6d8e8b806c1	17	41122536	41295789	85	0.1968
49aff11e-7532-4ca6-9192-b6d8e8b806c1	17	41296187	64867438	11542	-0.5514
49aff11e-7532-4ca6-9192-b6d8e8b806c1	17	64929599	64929920	2	2.8517
49aff11e-7532-4ca6-9192-b6d8e8b806c1	17	64930571	67452391	1565	-0.5402
49aff11e-7532-4ca6-9192-b6d8e8b806c1	17	67452941	67454351	2	-2.9938
49aff11e-7532-4ca6-9192-b6d8e8b806c1	17	67455825	80033814	6648	-0.5176
49aff11e-7532-4ca6-9192-b6d8e8b806c1	17	80045981	82959812	1040	0.4581
49aff11e-7532-4ca6-9192-b6d8e8b806c1	18	326691	356095	28	0.8934
49aff11e-7532-4ca6-9192-b6d8e8b806c1	18	356337	2952644	937	1.0131
49aff11e-7532-4ca6-9192-b6d8e8b806c1	18	2953882	4898293	1350	1.3239
49aff11e-7532-4ca6-9192-b6d8e8b806c1	18	4911078	14642857	5871	0.6223
49aff11e-7532-4ca6-9192-b6d8e8b806c1	18	14648458	28063549	4196	0.119
49aff11e-7532-4ca6-9192-b6d8e8b806c1	18	28063734	34244301	3676	-0.5266
49aff11e-7532-4ca6-9192-b6d8e8b806c1	18	34251648	37682043	2087	-0.4178
49aff11e-7532-4ca6-9192-b6d8e8b806c1	18	37682192	37706864	21	-0.6525
49aff11e-7532-4ca6-9192-b6d8e8b806c1	18	37706977	48149604	6360	0.2658
49aff11e-7532-4ca6-9192-b6d8e8b806c1	18	48150930	51789329	2551	0.7477
49aff11e-7532-4ca6-9192-b6d8e8b806c1	18	51791777	79349796	15507	-0.4415
49aff11e-7532-4ca6-9192-b6d8e8b806c1	19	283868	12735709	4411	-0.5752
49aff11e-7532-4ca6-9192-b6d8e8b806c1	19	12737870	39016855	11396	0.1136
49aff11e-7532-4ca6-9192-b6d8e8b806c1	19	39024204	39365606	113	0.625
49aff11e-7532-4ca6-9192-b6d8e8b806c1	19	39370874	58370362	7745	0.0813
49aff11e-7532-4ca6-9192-b6d8e8b806c1	20	472817	2595626	1424	-0.5021
49aff11e-7532-4ca6-9192-b6d8e8b806c1	20	2599019	17084342	9265	0.2176
49aff11e-7532-4ca6-9192-b6d8e8b806c1	20	17089643	32353569	6569	0.0996
49aff11e-7532-4ca6-9192-b6d8e8b806c1	20	32354795	37985360	2783	-0.0742
49aff11e-7532-4ca6-9192-b6d8e8b806c1	20	37986191	51486648	8754	-0.1702
49aff11e-7532-4ca6-9192-b6d8e8b806c1	20	51486809	52473627	639	-0.4029
49aff11e-7532-4ca6-9192-b6d8e8b806c1	20	52476019	63588484	7575	0.1844
49aff11e-7532-4ca6-9192-b6d8e8b806c1	21	13974127	15181189	782	0.1126
49aff11e-7532-4ca6-9192-b6d8e8b806c1	21	15183995	15212881	34	0.7099
49aff11e-7532-4ca6-9192-b6d8e8b806c1	21	15215975	37533769	14139	0.1333
49aff11e-7532-4ca6-9192-b6d8e8b806c1	21	37537361	41326277	3040	0.2519
49aff11e-7532-4ca6-9192-b6d8e8b806c1	21	41326942	41342361	10	-0.089
49aff11e-7532-4ca6-9192-b6d8e8b806c1	21	41342992	45907334	2220	0.4268
49aff11e-7532-4ca6-9192-b6d8e8b806c1	21	45915361	46262057	136	0.867
49aff11e-7532-4ca6-9192-b6d8e8b806c1	22	16934932	48940621	16929	-0.6072
49aff11e-7532-4ca6-9192-b6d8e8b806c1	X	3236359	9918012	1728	-0.1158
49aff11e-7532-4ca6-9192-b6d8e8b806c1	X	9918101	10812532	245	0.0194
49aff11e-7532-4ca6-9192-b6d8e8b806c1	X	10814455	18811512	4371	-0.1278
49aff11e-7532-4ca6-9192-b6d8e8b806c1	X	18814070	20202910	394	0.503
49aff11e-7532-4ca6-9192-b6d8e8b806c1	X	20203691	45454691	12080	-0.1183
49aff11e-7532-4ca6-9192-b6d8e8b806c1	X	45456956	45582641	55	0.5132
49aff11e-7532-4ca6-9192-b6d8e8b806c1	X	45584441	45751470	100	-0.1707
49aff11e-7532-4ca6-9192-b6d8e8b806c1	X	45758872	46495278	386	0.4733
49aff11e-7532-4ca6-9192-b6d8e8b806c1	X	46498151	46630395	38	1.5358
49aff11e-7532-4ca6-9192-b6d8e8b806c1	X	46634865	46777536	73	0.9191
49aff11e-7532-4ca6-9192-b6d8e8b806c1	X	46782306	49712082	1042	1.3406
49aff11e-7532-4ca6-9192-b6d8e8b806c1	X	49712875	50941443	616	0.9553
49aff11e-7532-4ca6-9192-b6d8e8b806c1	X	50946704	100755645	17210	-0.1266
49aff11e-7532-4ca6-9192-b6d8e8b806c1	X	100759929	111641582	4884	0.2574
49aff11e-7532-4ca6-9192-b6d8e8b806c1	X	111643868	152661588	19530	0.0868
49aff11e-7532-4ca6-9192-b6d8e8b806c1	X	152662752	155677414	394	0.6403
