GDC_Aliquot	Chromosome	Start	End	Num_Probes	Segment_Mean
89f764f0-5df2-4a3a-a14f-b20142a15ab2	1	62920	266187	16	-0.2019
89f764f0-5df2-4a3a-a14f-b20142a15ab2	1	462795	3301765	701	0.2887
89f764f0-5df2-4a3a-a14f-b20142a15ab2	1	3302046	5965473	2023	0.0481
89f764f0-5df2-4a3a-a14f-b20142a15ab2	1	5967673	5988998	14	0.775
89f764f0-5df2-4a3a-a14f-b20142a15ab2	1	5989543	15822793	5433	0.0262
89f764f0-5df2-4a3a-a14f-b20142a15ab2	1	15822848	15828471	11	0.9228
89f764f0-5df2-4a3a-a14f-b20142a15ab2	1	15828515	16679483	324	0.0137
89f764f0-5df2-4a3a-a14f-b20142a15ab2	1	16685961	16686246	2	2.2257
89f764f0-5df2-4a3a-a14f-b20142a15ab2	1	16689764	16864367	22	0.0877
89f764f0-5df2-4a3a-a14f-b20142a15ab2	1	16868660	16976074	63	0.8847
89f764f0-5df2-4a3a-a14f-b20142a15ab2	1	16977349	25256850	5151	0.0385
89f764f0-5df2-4a3a-a14f-b20142a15ab2	1	25266637	25320455	23	0.7849
89f764f0-5df2-4a3a-a14f-b20142a15ab2	1	25336819	30248706	2339	0.0272
89f764f0-5df2-4a3a-a14f-b20142a15ab2	1	30251780	30268809	20	0.5953
89f764f0-5df2-4a3a-a14f-b20142a15ab2	1	30269103	30450214	137	-0.0107
89f764f0-5df2-4a3a-a14f-b20142a15ab2	1	30450324	30452713	6	0.7639
89f764f0-5df2-4a3a-a14f-b20142a15ab2	1	30452918	30712010	221	0.0459
89f764f0-5df2-4a3a-a14f-b20142a15ab2	1	30712031	30789158	47	0.3652
89f764f0-5df2-4a3a-a14f-b20142a15ab2	1	30789990	34626073	2104	0.0301
89f764f0-5df2-4a3a-a14f-b20142a15ab2	1	34637053	34638890	19	-0.8046
89f764f0-5df2-4a3a-a14f-b20142a15ab2	1	34648667	39638912	2649	0.0193
89f764f0-5df2-4a3a-a14f-b20142a15ab2	1	39648952	39686445	21	0.5454
89f764f0-5df2-4a3a-a14f-b20142a15ab2	1	39686957	55309992	8701	0.0223
89f764f0-5df2-4a3a-a14f-b20142a15ab2	1	55313714	55315260	4	-1.2919
89f764f0-5df2-4a3a-a14f-b20142a15ab2	1	55316500	72284670	12093	0.0247
89f764f0-5df2-4a3a-a14f-b20142a15ab2	1	72290430	72297687	9	-1.2523
89f764f0-5df2-4a3a-a14f-b20142a15ab2	1	72302735	105470754	20829	0.0141
89f764f0-5df2-4a3a-a14f-b20142a15ab2	1	105476583	105479753	17	-2.5583
89f764f0-5df2-4a3a-a14f-b20142a15ab2	1	105481433	114289343	5898	0.0165
89f764f0-5df2-4a3a-a14f-b20142a15ab2	1	114291004	114291088	2	-3.5627
89f764f0-5df2-4a3a-a14f-b20142a15ab2	1	114291180	152583319	6200	0.0272
89f764f0-5df2-4a3a-a14f-b20142a15ab2	1	152583408	152614118	32	-0.573
89f764f0-5df2-4a3a-a14f-b20142a15ab2	1	152618018	188665960	24064	0.0194
89f764f0-5df2-4a3a-a14f-b20142a15ab2	1	188666042	188670882	4	-1.3187
89f764f0-5df2-4a3a-a14f-b20142a15ab2	1	188673775	189990153	870	-0.0221
89f764f0-5df2-4a3a-a14f-b20142a15ab2	1	189990369	189990469	2	-1.6825
89f764f0-5df2-4a3a-a14f-b20142a15ab2	1	189990787	193186382	2074	0.005
89f764f0-5df2-4a3a-a14f-b20142a15ab2	1	193186576	193190593	7	-0.9308
89f764f0-5df2-4a3a-a14f-b20142a15ab2	1	193191928	195378851	1486	0.0264
89f764f0-5df2-4a3a-a14f-b20142a15ab2	1	195379014	195379808	2	-1.6576
89f764f0-5df2-4a3a-a14f-b20142a15ab2	1	195380656	195856252	314	0.014
89f764f0-5df2-4a3a-a14f-b20142a15ab2	1	195859381	195867794	8	0.7054
89f764f0-5df2-4a3a-a14f-b20142a15ab2	1	195867900	196745743	572	-0.0104
89f764f0-5df2-4a3a-a14f-b20142a15ab2	1	196758720	196846661	60	-0.8224
89f764f0-5df2-4a3a-a14f-b20142a15ab2	1	196847600	199142235	1369	0.0143
89f764f0-5df2-4a3a-a14f-b20142a15ab2	1	199142298	199143883	7	-1.2252
89f764f0-5df2-4a3a-a14f-b20142a15ab2	1	199144712	209897717	7313	0.021
89f764f0-5df2-4a3a-a14f-b20142a15ab2	1	209908268	209910639	3	-1.8612
89f764f0-5df2-4a3a-a14f-b20142a15ab2	1	209913207	240228440	20938	0.022
89f764f0-5df2-4a3a-a14f-b20142a15ab2	1	240230715	240230824	5	-2.053
89f764f0-5df2-4a3a-a14f-b20142a15ab2	1	240230839	248930189	5787	0.0072
89f764f0-5df2-4a3a-a14f-b20142a15ab2	2	12784	3684956	2526	0.0546
89f764f0-5df2-4a3a-a14f-b20142a15ab2	2	3684997	3685683	3	-3.4525
89f764f0-5df2-4a3a-a14f-b20142a15ab2	2	3688948	4158097	408	0.0131
89f764f0-5df2-4a3a-a14f-b20142a15ab2	2	4166610	4176429	38	-0.6757
89f764f0-5df2-4a3a-a14f-b20142a15ab2	2	4182472	17206933	9844	-0.0019
89f764f0-5df2-4a3a-a14f-b20142a15ab2	2	17207005	17214962	3	1.7245
89f764f0-5df2-4a3a-a14f-b20142a15ab2	2	17215281	25030803	5236	0.0036
89f764f0-5df2-4a3a-a14f-b20142a15ab2	2	25031729	25036651	6	-1.1659
89f764f0-5df2-4a3a-a14f-b20142a15ab2	2	25039691	34318795	5643	0.0093
89f764f0-5df2-4a3a-a14f-b20142a15ab2	2	34321158	34321416	2	-2.2308
89f764f0-5df2-4a3a-a14f-b20142a15ab2	2	34321448	34438376	72	0.023
89f764f0-5df2-4a3a-a14f-b20142a15ab2	2	34438862	34460213	6	-0.4976
89f764f0-5df2-4a3a-a14f-b20142a15ab2	2	34466002	34511990	47	0.8168
89f764f0-5df2-4a3a-a14f-b20142a15ab2	2	34512096	52527330	12874	-0.0046
89f764f0-5df2-4a3a-a14f-b20142a15ab2	2	52527342	52554404	39	0.8833
89f764f0-5df2-4a3a-a14f-b20142a15ab2	2	52560811	56105348	2564	-0.0038
89f764f0-5df2-4a3a-a14f-b20142a15ab2	2	56105461	56108718	2	-1.8649
89f764f0-5df2-4a3a-a14f-b20142a15ab2	2	56108844	64586686	5088	0.0049
89f764f0-5df2-4a3a-a14f-b20142a15ab2	2	64591706	64593575	3	-2.1789
89f764f0-5df2-4a3a-a14f-b20142a15ab2	2	64595366	68486222	2765	-0.0026
89f764f0-5df2-4a3a-a14f-b20142a15ab2	2	68489127	68494365	3	-2.0581
89f764f0-5df2-4a3a-a14f-b20142a15ab2	2	68494590	87225631	11391	-0.0026
89f764f0-5df2-4a3a-a14f-b20142a15ab2	2	87228594	87321424	25	0.6843
89f764f0-5df2-4a3a-a14f-b20142a15ab2	2	87321927	89920951	699	0.0007
89f764f0-5df2-4a3a-a14f-b20142a15ab2	2	89928014	90228255	118	-1.2114
89f764f0-5df2-4a3a-a14f-b20142a15ab2	2	90230139	95817362	400	-0.0029
89f764f0-5df2-4a3a-a14f-b20142a15ab2	2	95831143	95832876	2	2.2097
89f764f0-5df2-4a3a-a14f-b20142a15ab2	2	95834706	106258266	6007	0.0037
89f764f0-5df2-4a3a-a14f-b20142a15ab2	2	106263639	106268901	12	0.9055
89f764f0-5df2-4a3a-a14f-b20142a15ab2	2	106270799	128880504	13207	0.002
89f764f0-5df2-4a3a-a14f-b20142a15ab2	2	128880904	128882741	15	-3.4959
89f764f0-5df2-4a3a-a14f-b20142a15ab2	2	128882755	158782075	17896	-0.006
89f764f0-5df2-4a3a-a14f-b20142a15ab2	2	158782209	158787539	4	-1.4608
89f764f0-5df2-4a3a-a14f-b20142a15ab2	2	158787663	163780342	2962	-0.0038
89f764f0-5df2-4a3a-a14f-b20142a15ab2	2	163786978	163788616	5	-1.4628
89f764f0-5df2-4a3a-a14f-b20142a15ab2	2	163790132	181919574	11385	-0.0016
89f764f0-5df2-4a3a-a14f-b20142a15ab2	2	181920622	197176794	8658	-0.0335
89f764f0-5df2-4a3a-a14f-b20142a15ab2	2	197176978	212316597	9144	0.0011
89f764f0-5df2-4a3a-a14f-b20142a15ab2	2	212321824	212327101	25	-1.1327
89f764f0-5df2-4a3a-a14f-b20142a15ab2	2	212327402	236894941	15753	0.0005
89f764f0-5df2-4a3a-a14f-b20142a15ab2	2	236895235	236895291	2	2.3268
89f764f0-5df2-4a3a-a14f-b20142a15ab2	2	236895339	238839679	1270	0.0111
89f764f0-5df2-4a3a-a14f-b20142a15ab2	2	238842563	239120700	124	0.2914
89f764f0-5df2-4a3a-a14f-b20142a15ab2	2	239123352	240671904	1017	0.0392
89f764f0-5df2-4a3a-a14f-b20142a15ab2	2	240686640	240766810	29	0.5118
89f764f0-5df2-4a3a-a14f-b20142a15ab2	2	240776486	242147305	561	0.0602
89f764f0-5df2-4a3a-a14f-b20142a15ab2	3	20930	52989195	35542	0.0134
89f764f0-5df2-4a3a-a14f-b20142a15ab2	3	52994359	53005263	40	-0.8005
89f764f0-5df2-4a3a-a14f-b20142a15ab2	3	53005439	60792199	5757	0.0131
89f764f0-5df2-4a3a-a14f-b20142a15ab2	3	60794907	60795146	3	-2.2509
89f764f0-5df2-4a3a-a14f-b20142a15ab2	3	60795294	72588623	9210	0.0146
89f764f0-5df2-4a3a-a14f-b20142a15ab2	3	72590078	72590181	2	-2.281
89f764f0-5df2-4a3a-a14f-b20142a15ab2	3	72592265	74364710	1303	0.0095
89f764f0-5df2-4a3a-a14f-b20142a15ab2	3	74367847	74368189	2	-1.5689
89f764f0-5df2-4a3a-a14f-b20142a15ab2	3	74371164	75348062	565	0.0177
89f764f0-5df2-4a3a-a14f-b20142a15ab2	3	75357247	75519398	61	0.3662
89f764f0-5df2-4a3a-a14f-b20142a15ab2	3	75523398	75537654	6	-1.8058
89f764f0-5df2-4a3a-a14f-b20142a15ab2	3	75546030	99218940	10935	0.0064
89f764f0-5df2-4a3a-a14f-b20142a15ab2	3	99225614	99230577	38	-0.7709
89f764f0-5df2-4a3a-a14f-b20142a15ab2	3	99232120	128590535	17956	0.0166
89f764f0-5df2-4a3a-a14f-b20142a15ab2	3	128591868	128611338	11	0.6701
89f764f0-5df2-4a3a-a14f-b20142a15ab2	3	128611808	142098901	8084	0.0216
89f764f0-5df2-4a3a-a14f-b20142a15ab2	3	142100008	142317619	103	-0.2208
89f764f0-5df2-4a3a-a14f-b20142a15ab2	3	142317678	143867040	1054	0.0103
89f764f0-5df2-4a3a-a14f-b20142a15ab2	3	143867453	143867991	2	1.6323
89f764f0-5df2-4a3a-a14f-b20142a15ab2	3	143869674	146674197	1797	0.0023
89f764f0-5df2-4a3a-a14f-b20142a15ab2	3	146675288	148025316	717	-0.0895
89f764f0-5df2-4a3a-a14f-b20142a15ab2	3	148027322	162906093	9173	0.012
89f764f0-5df2-4a3a-a14f-b20142a15ab2	3	162906109	162910826	6	-1.0999
89f764f0-5df2-4a3a-a14f-b20142a15ab2	3	162910855	162996729	69	-0.1414
89f764f0-5df2-4a3a-a14f-b20142a15ab2	3	162999939	163001774	2	-3.1247
89f764f0-5df2-4a3a-a14f-b20142a15ab2	3	163008371	175362822	7559	-0.0051
89f764f0-5df2-4a3a-a14f-b20142a15ab2	3	175362958	175940031	371	-0.1293
89f764f0-5df2-4a3a-a14f-b20142a15ab2	3	175946031	198169247	13771	0.016
89f764f0-5df2-4a3a-a14f-b20142a15ab2	4	68929	659393	231	-0.0178
89f764f0-5df2-4a3a-a14f-b20142a15ab2	4	660738	1064871	127	0.289
89f764f0-5df2-4a3a-a14f-b20142a15ab2	4	1064949	1306692	126	-0.0095
89f764f0-5df2-4a3a-a14f-b20142a15ab2	4	1308343	1417771	38	0.4325
89f764f0-5df2-4a3a-a14f-b20142a15ab2	4	1418224	3461725	857	0.0187
89f764f0-5df2-4a3a-a14f-b20142a15ab2	4	3462155	3528143	23	0.5231
89f764f0-5df2-4a3a-a14f-b20142a15ab2	4	3529016	7419058	2790	0.0278
89f764f0-5df2-4a3a-a14f-b20142a15ab2	4	7419585	7465589	45	0.3946
89f764f0-5df2-4a3a-a14f-b20142a15ab2	4	7468311	9455251	889	0.0215
89f764f0-5df2-4a3a-a14f-b20142a15ab2	4	9459504	9477699	6	1.3251
89f764f0-5df2-4a3a-a14f-b20142a15ab2	4	9484440	10385331	738	0.0327
89f764f0-5df2-4a3a-a14f-b20142a15ab2	4	10385349	10399044	19	0.591
89f764f0-5df2-4a3a-a14f-b20142a15ab2	4	10401094	25504946	10932	0.0208
89f764f0-5df2-4a3a-a14f-b20142a15ab2	4	25505013	25506182	6	1.0052
89f764f0-5df2-4a3a-a14f-b20142a15ab2	4	25506388	25552710	28	-0.0406
89f764f0-5df2-4a3a-a14f-b20142a15ab2	4	25554550	25576647	20	0.7814
89f764f0-5df2-4a3a-a14f-b20142a15ab2	4	25583761	44996767	12373	0.0143
89f764f0-5df2-4a3a-a14f-b20142a15ab2	4	44996872	45004318	10	-0.9834
89f764f0-5df2-4a3a-a14f-b20142a15ab2	4	45008952	63839646	9884	0.0126
89f764f0-5df2-4a3a-a14f-b20142a15ab2	4	63839797	63842540	13	-0.7793
89f764f0-5df2-4a3a-a14f-b20142a15ab2	4	63850713	64954011	659	0.0082
89f764f0-5df2-4a3a-a14f-b20142a15ab2	4	64954249	64958552	12	-0.876
89f764f0-5df2-4a3a-a14f-b20142a15ab2	4	64958595	68506285	2198	0.0135
89f764f0-5df2-4a3a-a14f-b20142a15ab2	4	68509223	69048506	261	-0.1727
89f764f0-5df2-4a3a-a14f-b20142a15ab2	4	69048846	114254167	27405	0.0112
89f764f0-5df2-4a3a-a14f-b20142a15ab2	4	114254188	114261019	22	0.6843
89f764f0-5df2-4a3a-a14f-b20142a15ab2	4	114263073	131079073	9937	0.0114
89f764f0-5df2-4a3a-a14f-b20142a15ab2	4	131080104	131385984	149	-0.1884
89f764f0-5df2-4a3a-a14f-b20142a15ab2	4	131389455	137021755	3014	0.0033
89f764f0-5df2-4a3a-a14f-b20142a15ab2	4	137021888	137021901	3	-1.902
89f764f0-5df2-4a3a-a14f-b20142a15ab2	4	137025215	150959643	8441	0.0166
89f764f0-5df2-4a3a-a14f-b20142a15ab2	4	150959971	150964975	11	0.6911
89f764f0-5df2-4a3a-a14f-b20142a15ab2	4	150964990	160952773	6312	0.0072
89f764f0-5df2-4a3a-a14f-b20142a15ab2	4	160952788	160963448	22	-0.8556
89f764f0-5df2-4a3a-a14f-b20142a15ab2	4	160963756	171448195	6647	-0.003
89f764f0-5df2-4a3a-a14f-b20142a15ab2	4	171453733	171456559	10	2.3813
89f764f0-5df2-4a3a-a14f-b20142a15ab2	4	171456573	172501371	641	0.0064
89f764f0-5df2-4a3a-a14f-b20142a15ab2	4	172503796	172507492	7	1.3516
89f764f0-5df2-4a3a-a14f-b20142a15ab2	4	172519981	188323737	10693	0.0148
89f764f0-5df2-4a3a-a14f-b20142a15ab2	4	188328503	188344120	19	-1.0385
89f764f0-5df2-4a3a-a14f-b20142a15ab2	4	188344900	190098995	1078	-0.0003
89f764f0-5df2-4a3a-a14f-b20142a15ab2	5	15532	137401	59	-0.008
89f764f0-5df2-4a3a-a14f-b20142a15ab2	5	137591	1927179	874	0.1952
89f764f0-5df2-4a3a-a14f-b20142a15ab2	5	1927239	9343940	6525	0.0269
89f764f0-5df2-4a3a-a14f-b20142a15ab2	5	9345549	9362883	31	0.4914
89f764f0-5df2-4a3a-a14f-b20142a15ab2	5	9364637	25068018	10226	0.0107
89f764f0-5df2-4a3a-a14f-b20142a15ab2	5	25070163	25385351	160	-0.233
89f764f0-5df2-4a3a-a14f-b20142a15ab2	5	25386413	39808413	9374	0.0146
89f764f0-5df2-4a3a-a14f-b20142a15ab2	5	39808491	39808507	2	-2.1715
89f764f0-5df2-4a3a-a14f-b20142a15ab2	5	39808530	46271006	3295	-0.0043
89f764f0-5df2-4a3a-a14f-b20142a15ab2	5	46271828	46273400	6	-3.2206
89f764f0-5df2-4a3a-a14f-b20142a15ab2	5	46278110	69533520	12353	0.0088
89f764f0-5df2-4a3a-a14f-b20142a15ab2	5	69550476	69822308	6	2.1741
89f764f0-5df2-4a3a-a14f-b20142a15ab2	5	69937600	99139536	16385	0.0144
89f764f0-5df2-4a3a-a14f-b20142a15ab2	5	99140048	100708148	881	-0.0764
89f764f0-5df2-4a3a-a14f-b20142a15ab2	5	100709348	140827458	25343	0.0173
89f764f0-5df2-4a3a-a14f-b20142a15ab2	5	140838209	140852254	13	-0.6868
89f764f0-5df2-4a3a-a14f-b20142a15ab2	5	140861442	145111730	2728	0.0171
89f764f0-5df2-4a3a-a14f-b20142a15ab2	5	145111845	145111907	3	-1.3624
89f764f0-5df2-4a3a-a14f-b20142a15ab2	5	145111940	156048095	7454	0.021
89f764f0-5df2-4a3a-a14f-b20142a15ab2	5	156049762	156055719	14	-0.7117
89f764f0-5df2-4a3a-a14f-b20142a15ab2	5	156068240	168710479	8534	0.0193
89f764f0-5df2-4a3a-a14f-b20142a15ab2	5	168712234	168778197	61	0.345
89f764f0-5df2-4a3a-a14f-b20142a15ab2	5	168778648	169916120	961	0.0253
89f764f0-5df2-4a3a-a14f-b20142a15ab2	5	169916213	169973390	68	0.3768
89f764f0-5df2-4a3a-a14f-b20142a15ab2	5	169973633	172024150	1438	0.0223
89f764f0-5df2-4a3a-a14f-b20142a15ab2	5	172026148	172196884	139	0.2752
89f764f0-5df2-4a3a-a14f-b20142a15ab2	5	172199106	176626228	3050	0.0333
89f764f0-5df2-4a3a-a14f-b20142a15ab2	5	176628505	176882170	128	0.3281
89f764f0-5df2-4a3a-a14f-b20142a15ab2	5	176882853	177771448	346	-0.0063
89f764f0-5df2-4a3a-a14f-b20142a15ab2	5	177800550	177805604	3	4.4477
89f764f0-5df2-4a3a-a14f-b20142a15ab2	5	177827964	181363319	1959	0.0246
89f764f0-5df2-4a3a-a14f-b20142a15ab2	6	149661	303017	125	0.0102
89f764f0-5df2-4a3a-a14f-b20142a15ab2	6	314962	385784	80	0.6121
89f764f0-5df2-4a3a-a14f-b20142a15ab2	6	387532	824243	358	0.082
89f764f0-5df2-4a3a-a14f-b20142a15ab2	6	827388	841076	16	0.7745
89f764f0-5df2-4a3a-a14f-b20142a15ab2	6	842700	29866171	20946	0.0192
89f764f0-5df2-4a3a-a14f-b20142a15ab2	6	29866672	29992047	81	0.3545
89f764f0-5df2-4a3a-a14f-b20142a15ab2	6	29992158	31318528	611	0.0384
89f764f0-5df2-4a3a-a14f-b20142a15ab2	6	31318754	31328176	6	-2.2206
89f764f0-5df2-4a3a-a14f-b20142a15ab2	6	31328210	32485152	502	0.1393
89f764f0-5df2-4a3a-a14f-b20142a15ab2	6	32486498	32533522	15	2.0772
89f764f0-5df2-4a3a-a14f-b20142a15ab2	6	32540699	33970966	844	0.0419
89f764f0-5df2-4a3a-a14f-b20142a15ab2	6	33974234	33974928	6	-1.2474
89f764f0-5df2-4a3a-a14f-b20142a15ab2	6	33976809	58037310	14855	0.0192
89f764f0-5df2-4a3a-a14f-b20142a15ab2	6	58049858	61793798	681	-0.0814
89f764f0-5df2-4a3a-a14f-b20142a15ab2	6	61793986	72153222	6548	0.0068
89f764f0-5df2-4a3a-a14f-b20142a15ab2	6	72156821	72157169	2	-3.0884
89f764f0-5df2-4a3a-a14f-b20142a15ab2	6	72158860	78262085	3859	0.008
89f764f0-5df2-4a3a-a14f-b20142a15ab2	6	78262117	78316871	91	-0.5362
89f764f0-5df2-4a3a-a14f-b20142a15ab2	6	78316969	93815112	9921	0.0153
89f764f0-5df2-4a3a-a14f-b20142a15ab2	6	93815677	94849849	690	-0.1056
89f764f0-5df2-4a3a-a14f-b20142a15ab2	6	94849872	103299735	4850	0.0256
89f764f0-5df2-4a3a-a14f-b20142a15ab2	6	103299855	103314186	31	0.8588
89f764f0-5df2-4a3a-a14f-b20142a15ab2	6	103317795	147686008	27803	0.0198
89f764f0-5df2-4a3a-a14f-b20142a15ab2	6	147687001	147687744	2	-2.3454
89f764f0-5df2-4a3a-a14f-b20142a15ab2	6	147693411	167163210	14095	0.0222
89f764f0-5df2-4a3a-a14f-b20142a15ab2	6	167163698	167371633	122	0.2033
89f764f0-5df2-4a3a-a14f-b20142a15ab2	6	167374390	167378046	3	-1.5039
89f764f0-5df2-4a3a-a14f-b20142a15ab2	6	167382336	168893801	823	0.1646
89f764f0-5df2-4a3a-a14f-b20142a15ab2	6	168893928	170015097	805	0.0309
89f764f0-5df2-4a3a-a14f-b20142a15ab2	6	170015873	170239207	115	0.2854
89f764f0-5df2-4a3a-a14f-b20142a15ab2	6	170239633	170741917	233	0.0473
89f764f0-5df2-4a3a-a14f-b20142a15ab2	7	43355	669227	138	0.2645
89f764f0-5df2-4a3a-a14f-b20142a15ab2	7	672459	896168	80	-0.0048
89f764f0-5df2-4a3a-a14f-b20142a15ab2	7	902112	1212860	137	0.3578
89f764f0-5df2-4a3a-a14f-b20142a15ab2	7	1213138	65502854	41123	0.0113
89f764f0-5df2-4a3a-a14f-b20142a15ab2	7	65539561	65561579	4	-3.5427
89f764f0-5df2-4a3a-a14f-b20142a15ab2	7	65586825	67164253	520	0.0022
89f764f0-5df2-4a3a-a14f-b20142a15ab2	7	67164342	67235497	25	-0.5217
89f764f0-5df2-4a3a-a14f-b20142a15ab2	7	67236062	70954832	2348	0.0208
89f764f0-5df2-4a3a-a14f-b20142a15ab2	7	70955452	70961155	3	-2.1772
89f764f0-5df2-4a3a-a14f-b20142a15ab2	7	70963257	76130770	1990	0.0296
89f764f0-5df2-4a3a-a14f-b20142a15ab2	7	76131273	76173526	18	0.9404
89f764f0-5df2-4a3a-a14f-b20142a15ab2	7	76181155	88529003	7697	0.0044
89f764f0-5df2-4a3a-a14f-b20142a15ab2	7	88533510	90279725	1165	-0.0783
89f764f0-5df2-4a3a-a14f-b20142a15ab2	7	90280080	97756658	4763	0.0134
89f764f0-5df2-4a3a-a14f-b20142a15ab2	7	97766148	97766158	5	1.7644
89f764f0-5df2-4a3a-a14f-b20142a15ab2	7	97766159	126404920	16604	0.0051
89f764f0-5df2-4a3a-a14f-b20142a15ab2	7	126405428	126406826	17	0.7403
89f764f0-5df2-4a3a-a14f-b20142a15ab2	7	126406827	132064367	3305	0.031
89f764f0-5df2-4a3a-a14f-b20142a15ab2	7	132064476	132171777	83	0.266
89f764f0-5df2-4a3a-a14f-b20142a15ab2	7	132173082	134100442	1285	0.0166
89f764f0-5df2-4a3a-a14f-b20142a15ab2	7	134100458	134105657	21	-2.2231
89f764f0-5df2-4a3a-a14f-b20142a15ab2	7	134110881	154598185	12800	0.0167
89f764f0-5df2-4a3a-a14f-b20142a15ab2	7	154601461	154607903	4	-2.3158
89f764f0-5df2-4a3a-a14f-b20142a15ab2	7	154609120	157928540	2346	0.028
89f764f0-5df2-4a3a-a14f-b20142a15ab2	7	157929111	158604766	385	0.1879
89f764f0-5df2-4a3a-a14f-b20142a15ab2	7	158605738	159334314	480	0.0694
89f764f0-5df2-4a3a-a14f-b20142a15ab2	8	81254	643041	317	0.1354
89f764f0-5df2-4a3a-a14f-b20142a15ab2	8	644944	645875	8	1.0611
89f764f0-5df2-4a3a-a14f-b20142a15ab2	8	645892	645908	2	3.8122
89f764f0-5df2-4a3a-a14f-b20142a15ab2	8	656117	7329124	7365	0.0375
89f764f0-5df2-4a3a-a14f-b20142a15ab2	8	7336299	7890177	46	0.7844
89f764f0-5df2-4a3a-a14f-b20142a15ab2	8	7919608	7981252	6	-0.871
89f764f0-5df2-4a3a-a14f-b20142a15ab2	8	7982198	8235660	18	0.7798
89f764f0-5df2-4a3a-a14f-b20142a15ab2	8	8237241	9196404	884	0.0216
89f764f0-5df2-4a3a-a14f-b20142a15ab2	8	9198857	9205016	28	-0.9839
89f764f0-5df2-4a3a-a14f-b20142a15ab2	8	9205517	87045432	48953	0.0129
89f764f0-5df2-4a3a-a14f-b20142a15ab2	8	87046140	87052462	3	-2.2126
89f764f0-5df2-4a3a-a14f-b20142a15ab2	8	87058257	111282237	14615	0.0123
89f764f0-5df2-4a3a-a14f-b20142a15ab2	8	111282417	111283031	7	-1.4432
89f764f0-5df2-4a3a-a14f-b20142a15ab2	8	111288052	136664978	17676	0.0173
89f764f0-5df2-4a3a-a14f-b20142a15ab2	8	136665382	136895408	209	-0.1385
89f764f0-5df2-4a3a-a14f-b20142a15ab2	8	136895421	139591259	2289	0.0445
89f764f0-5df2-4a3a-a14f-b20142a15ab2	8	139592093	139592959	5	1.0226
89f764f0-5df2-4a3a-a14f-b20142a15ab2	8	139593472	141006974	871	0.008
89f764f0-5df2-4a3a-a14f-b20142a15ab2	8	141009999	141130420	75	0.2852
89f764f0-5df2-4a3a-a14f-b20142a15ab2	8	141131940	141364907	139	0.0274
89f764f0-5df2-4a3a-a14f-b20142a15ab2	8	141364983	142423108	606	0.3379
89f764f0-5df2-4a3a-a14f-b20142a15ab2	8	142423309	142756596	114	0.0396
89f764f0-5df2-4a3a-a14f-b20142a15ab2	8	142762148	142808848	12	0.5991
89f764f0-5df2-4a3a-a14f-b20142a15ab2	8	142813340	143203018	168	0.0067
89f764f0-5df2-4a3a-a14f-b20142a15ab2	8	143209006	143227769	9	0.6857
89f764f0-5df2-4a3a-a14f-b20142a15ab2	8	143227828	143616987	123	-0.0001
89f764f0-5df2-4a3a-a14f-b20142a15ab2	8	143623027	143624714	5	-1.1406
89f764f0-5df2-4a3a-a14f-b20142a15ab2	8	143624808	143625638	3	-3.6811
89f764f0-5df2-4a3a-a14f-b20142a15ab2	8	143636819	145072769	500	0.1185
89f764f0-5df2-4a3a-a14f-b20142a15ab2	9	46587	592306	469	0.0374
89f764f0-5df2-4a3a-a14f-b20142a15ab2	9	592552	592567	2	-2.7748
89f764f0-5df2-4a3a-a14f-b20142a15ab2	9	592718	602903	27	-0.1318
89f764f0-5df2-4a3a-a14f-b20142a15ab2	9	606699	606961	4	-2.6248
89f764f0-5df2-4a3a-a14f-b20142a15ab2	9	607307	649185	67	-0.0472
89f764f0-5df2-4a3a-a14f-b20142a15ab2	9	649278	649293	2	-3.4901
89f764f0-5df2-4a3a-a14f-b20142a15ab2	9	649511	1513108	974	0.0502
89f764f0-5df2-4a3a-a14f-b20142a15ab2	9	1513141	1518998	17	-0.5454
89f764f0-5df2-4a3a-a14f-b20142a15ab2	9	1519014	5079156	3617	0.0196
89f764f0-5df2-4a3a-a14f-b20142a15ab2	9	5081416	5083017	13	-0.9753
89f764f0-5df2-4a3a-a14f-b20142a15ab2	9	5084226	6695986	1113	0.0092
89f764f0-5df2-4a3a-a14f-b20142a15ab2	9	6701145	6708357	7	-1.3136
89f764f0-5df2-4a3a-a14f-b20142a15ab2	9	6712314	11761121	4686	-0.0091
89f764f0-5df2-4a3a-a14f-b20142a15ab2	9	11761672	11763878	2	-2.2254
89f764f0-5df2-4a3a-a14f-b20142a15ab2	9	11764091	26698646	11643	0.0032
89f764f0-5df2-4a3a-a14f-b20142a15ab2	9	26701290	26702906	2	-1.9251
89f764f0-5df2-4a3a-a14f-b20142a15ab2	9	26704310	28543420	1518	0.0035
89f764f0-5df2-4a3a-a14f-b20142a15ab2	9	28543777	28928086	298	-0.1271
89f764f0-5df2-4a3a-a14f-b20142a15ab2	9	28928835	40832327	6480	0.0171
89f764f0-5df2-4a3a-a14f-b20142a15ab2	9	40922005	41703463	73	-0.5008
89f764f0-5df2-4a3a-a14f-b20142a15ab2	9	41703482	63580418	161	0.1193
89f764f0-5df2-4a3a-a14f-b20142a15ab2	9	63590317	63592813	7	1.5617
89f764f0-5df2-4a3a-a14f-b20142a15ab2	9	63614182	135334696	46377	0.0172
89f764f0-5df2-4a3a-a14f-b20142a15ab2	9	135334785	135420175	54	0.4714
89f764f0-5df2-4a3a-a14f-b20142a15ab2	9	135424679	138124242	1000	0.0422
89f764f0-5df2-4a3a-a14f-b20142a15ab2	9	138130866	138138491	6	-0.9684
89f764f0-5df2-4a3a-a14f-b20142a15ab2	9	138138696	138180185	7	-0.1084
89f764f0-5df2-4a3a-a14f-b20142a15ab2	9	138180377	138200944	4	1.1445
89f764f0-5df2-4a3a-a14f-b20142a15ab2	10	45792	453633	229	-0.0058
89f764f0-5df2-4a3a-a14f-b20142a15ab2	10	454846	575398	93	0.3576
89f764f0-5df2-4a3a-a14f-b20142a15ab2	10	575713	2924060	1983	0.0455
89f764f0-5df2-4a3a-a14f-b20142a15ab2	10	2924226	3091891	178	0.2584
89f764f0-5df2-4a3a-a14f-b20142a15ab2	10	3092331	5595979	2199	0.0324
89f764f0-5df2-4a3a-a14f-b20142a15ab2	10	5596333	5652649	50	0.3552
89f764f0-5df2-4a3a-a14f-b20142a15ab2	10	5654797	24086334	14269	0.011
89f764f0-5df2-4a3a-a14f-b20142a15ab2	10	24088745	24090110	14	-1.7168
89f764f0-5df2-4a3a-a14f-b20142a15ab2	10	24091731	46553922	12343	0.0205
89f764f0-5df2-4a3a-a14f-b20142a15ab2	10	46554143	46836986	24	-1.3038
89f764f0-5df2-4a3a-a14f-b20142a15ab2	10	46898735	56107841	6064	0.0114
89f764f0-5df2-4a3a-a14f-b20142a15ab2	10	56111995	56113194	2	-2.0949
89f764f0-5df2-4a3a-a14f-b20142a15ab2	10	56115394	70664556	9993	0.0043
89f764f0-5df2-4a3a-a14f-b20142a15ab2	10	70664696	70776904	102	0.342
89f764f0-5df2-4a3a-a14f-b20142a15ab2	10	70776941	130395889	40088	0.0195
89f764f0-5df2-4a3a-a14f-b20142a15ab2	10	130395908	133055089	1774	0.1536
89f764f0-5df2-4a3a-a14f-b20142a15ab2	10	133084562	133415637	101	-0.0571
89f764f0-5df2-4a3a-a14f-b20142a15ab2	10	133416215	133416364	2	-2.9344
89f764f0-5df2-4a3a-a14f-b20142a15ab2	10	133419150	133654968	147	0.1187
89f764f0-5df2-4a3a-a14f-b20142a15ab2	11	198510	277099	53	0.1504
89f764f0-5df2-4a3a-a14f-b20142a15ab2	11	283928	436461	42	0.4526
89f764f0-5df2-4a3a-a14f-b20142a15ab2	11	437668	4234899	1610	0.0539
89f764f0-5df2-4a3a-a14f-b20142a15ab2	11	4235070	4314648	23	-1.4479
89f764f0-5df2-4a3a-a14f-b20142a15ab2	11	4314837	4945831	641	0.0179
89f764f0-5df2-4a3a-a14f-b20142a15ab2	11	4946000	4952503	23	-0.3994
89f764f0-5df2-4a3a-a14f-b20142a15ab2	11	4952518	5762693	792	0.0289
89f764f0-5df2-4a3a-a14f-b20142a15ab2	11	5766175	5788231	35	0.6801
89f764f0-5df2-4a3a-a14f-b20142a15ab2	11	5791130	18919309	9312	0.0246
89f764f0-5df2-4a3a-a14f-b20142a15ab2	11	18919323	18931442	19	-0.5033
89f764f0-5df2-4a3a-a14f-b20142a15ab2	11	18931457	21375455	2246	0.0162
89f764f0-5df2-4a3a-a14f-b20142a15ab2	11	21381610	21413862	43	-1.3977
89f764f0-5df2-4a3a-a14f-b20142a15ab2	11	21415348	42791601	14757	0.0059
89f764f0-5df2-4a3a-a14f-b20142a15ab2	11	42794936	42796489	2	-3.0128
89f764f0-5df2-4a3a-a14f-b20142a15ab2	11	42799053	48196932	3184	0.0377
89f764f0-5df2-4a3a-a14f-b20142a15ab2	11	48197626	56249017	1800	-0.0382
89f764f0-5df2-4a3a-a14f-b20142a15ab2	11	56249220	64985589	4707	0.027
89f764f0-5df2-4a3a-a14f-b20142a15ab2	11	64988485	65935052	371	0.2335
89f764f0-5df2-4a3a-a14f-b20142a15ab2	11	65935152	132911105	44602	0.0195
89f764f0-5df2-4a3a-a14f-b20142a15ab2	11	132911454	135074876	1606	0.1387
89f764f0-5df2-4a3a-a14f-b20142a15ab2	12	51460	760097	412	0.1017
89f764f0-5df2-4a3a-a14f-b20142a15ab2	12	760112	764863	15	-1.3528
89f764f0-5df2-4a3a-a14f-b20142a15ab2	12	766188	1459301	391	-0.0844
89f764f0-5df2-4a3a-a14f-b20142a15ab2	12	1465111	3319593	1286	0.0709
89f764f0-5df2-4a3a-a14f-b20142a15ab2	12	3321202	4279366	726	-0.0014
89f764f0-5df2-4a3a-a14f-b20142a15ab2	12	4279989	4280040	4	-1.7815
89f764f0-5df2-4a3a-a14f-b20142a15ab2	12	4280183	9481274	3228	0.0187
89f764f0-5df2-4a3a-a14f-b20142a15ab2	12	9485313	9575696	23	-2.2618
89f764f0-5df2-4a3a-a14f-b20142a15ab2	12	9582373	11066824	1027	-0.0038
89f764f0-5df2-4a3a-a14f-b20142a15ab2	12	11068125	11088933	10	-1.5807
89f764f0-5df2-4a3a-a14f-b20142a15ab2	12	11099275	11358644	132	-0.0314
89f764f0-5df2-4a3a-a14f-b20142a15ab2	12	11359558	11390472	28	-1.4612
89f764f0-5df2-4a3a-a14f-b20142a15ab2	12	11399258	27493059	11099	0.0045
89f764f0-5df2-4a3a-a14f-b20142a15ab2	12	27494808	27498429	26	-1.2164
89f764f0-5df2-4a3a-a14f-b20142a15ab2	12	27504228	33141710	4119	0.0036
89f764f0-5df2-4a3a-a14f-b20142a15ab2	12	33141726	33154440	28	-0.5455
89f764f0-5df2-4a3a-a14f-b20142a15ab2	12	33155426	34064747	564	-0.0968
89f764f0-5df2-4a3a-a14f-b20142a15ab2	12	34076713	51740305	8300	0.0045
89f764f0-5df2-4a3a-a14f-b20142a15ab2	12	51741209	53215414	1103	0.0813
89f764f0-5df2-4a3a-a14f-b20142a15ab2	12	53215581	76535195	14317	0.0113
89f764f0-5df2-4a3a-a14f-b20142a15ab2	12	76540006	76544558	2	-2.2506
89f764f0-5df2-4a3a-a14f-b20142a15ab2	12	76545991	113817236	23764	0.0183
89f764f0-5df2-4a3a-a14f-b20142a15ab2	12	113819403	113992475	163	0.2148
89f764f0-5df2-4a3a-a14f-b20142a15ab2	12	113992509	115787613	1570	0.0415
89f764f0-5df2-4a3a-a14f-b20142a15ab2	12	115788034	115803533	34	0.4996
89f764f0-5df2-4a3a-a14f-b20142a15ab2	12	115803540	119546020	2629	0.0148
89f764f0-5df2-4a3a-a14f-b20142a15ab2	12	119551082	119552928	14	-1.1097
89f764f0-5df2-4a3a-a14f-b20142a15ab2	12	119552943	128000701	5186	0.024
89f764f0-5df2-4a3a-a14f-b20142a15ab2	12	128001039	131238770	2783	0.081
89f764f0-5df2-4a3a-a14f-b20142a15ab2	12	131241440	131330389	71	0.435
89f764f0-5df2-4a3a-a14f-b20142a15ab2	12	131330777	132866228	705	0.1192
89f764f0-5df2-4a3a-a14f-b20142a15ab2	12	132867824	133201603	153	-0.0461
89f764f0-5df2-4a3a-a14f-b20142a15ab2	13	18452809	24546791	4059	0.0127
89f764f0-5df2-4a3a-a14f-b20142a15ab2	13	24556367	24559220	5	-1.3673
89f764f0-5df2-4a3a-a14f-b20142a15ab2	13	24561767	57346378	21873	0.0165
89f764f0-5df2-4a3a-a14f-b20142a15ab2	13	57346802	57441104	54	-0.357
89f764f0-5df2-4a3a-a14f-b20142a15ab2	13	57441147	63094331	3302	0.0104
89f764f0-5df2-4a3a-a14f-b20142a15ab2	13	63095699	66440294	2017	-0.0334
89f764f0-5df2-4a3a-a14f-b20142a15ab2	13	66440581	66440836	2	-1.7156
89f764f0-5df2-4a3a-a14f-b20142a15ab2	13	66444423	68740231	1466	-0.034
89f764f0-5df2-4a3a-a14f-b20142a15ab2	13	68743188	112862607	30228	0.0127
89f764f0-5df2-4a3a-a14f-b20142a15ab2	13	112866048	113073227	118	0.2659
89f764f0-5df2-4a3a-a14f-b20142a15ab2	13	113073300	113898213	362	0.0493
89f764f0-5df2-4a3a-a14f-b20142a15ab2	13	113903624	113915613	3	-1.3687
89f764f0-5df2-4a3a-a14f-b20142a15ab2	13	113917078	113971527	12	0.1178
89f764f0-5df2-4a3a-a14f-b20142a15ab2	13	113979343	114072043	26	0.6822
89f764f0-5df2-4a3a-a14f-b20142a15ab2	13	114072232	114342922	124	0.0017
89f764f0-5df2-4a3a-a14f-b20142a15ab2	14	18239283	19294475	45	-0.0306
89f764f0-5df2-4a3a-a14f-b20142a15ab2	14	19298389	19952080	115	0.7102
89f764f0-5df2-4a3a-a14f-b20142a15ab2	14	19954424	20492321	398	0.0237
89f764f0-5df2-4a3a-a14f-b20142a15ab2	14	20496117	20518072	17	0.6429
89f764f0-5df2-4a3a-a14f-b20142a15ab2	14	20519928	20707115	151	0.0284
89f764f0-5df2-4a3a-a14f-b20142a15ab2	14	20707930	20707933	2	2.2543
89f764f0-5df2-4a3a-a14f-b20142a15ab2	14	20710239	21817867	660	0.0246
89f764f0-5df2-4a3a-a14f-b20142a15ab2	14	21820576	22264595	419	-0.1287
89f764f0-5df2-4a3a-a14f-b20142a15ab2	14	22264736	27695886	3482	0.0189
89f764f0-5df2-4a3a-a14f-b20142a15ab2	14	27699036	27723922	11	-0.6823
89f764f0-5df2-4a3a-a14f-b20142a15ab2	14	27724042	35035384	4598	0.0168
89f764f0-5df2-4a3a-a14f-b20142a15ab2	14	35040397	35040568	4	-1.2834
89f764f0-5df2-4a3a-a14f-b20142a15ab2	14	35041591	38548284	2158	0.0245
89f764f0-5df2-4a3a-a14f-b20142a15ab2	14	38549139	48384747	5851	-0.0241
89f764f0-5df2-4a3a-a14f-b20142a15ab2	14	48384816	78093018	18892	0.0234
89f764f0-5df2-4a3a-a14f-b20142a15ab2	14	78094745	78094987	2	-2.1219
89f764f0-5df2-4a3a-a14f-b20142a15ab2	14	78095412	78690697	462	0.0136
89f764f0-5df2-4a3a-a14f-b20142a15ab2	14	78694842	78699265	5	-1.728
89f764f0-5df2-4a3a-a14f-b20142a15ab2	14	78699982	87937032	6108	0.0207
89f764f0-5df2-4a3a-a14f-b20142a15ab2	14	87937050	87942096	17	-0.5407
89f764f0-5df2-4a3a-a14f-b20142a15ab2	14	87947541	98850841	7620	0.0276
89f764f0-5df2-4a3a-a14f-b20142a15ab2	14	98851537	98983058	119	0.2301
89f764f0-5df2-4a3a-a14f-b20142a15ab2	14	98985984	104330693	2830	0.0182
89f764f0-5df2-4a3a-a14f-b20142a15ab2	14	104332448	104403887	35	0.4367
89f764f0-5df2-4a3a-a14f-b20142a15ab2	14	104404920	106418444	594	0.0321
89f764f0-5df2-4a3a-a14f-b20142a15ab2	14	106423925	106462183	48	-0.6923
89f764f0-5df2-4a3a-a14f-b20142a15ab2	14	106462724	106877229	191	-0.0047
89f764f0-5df2-4a3a-a14f-b20142a15ab2	15	19811075	20060725	51	-0.052
89f764f0-5df2-4a3a-a14f-b20142a15ab2	15	20062609	22299009	141	0.8824
89f764f0-5df2-4a3a-a14f-b20142a15ab2	15	22299523	29051425	3856	0.0201
89f764f0-5df2-4a3a-a14f-b20142a15ab2	15	29051476	29726423	488	0.1667
89f764f0-5df2-4a3a-a14f-b20142a15ab2	15	29726828	30157841	213	-0.0347
89f764f0-5df2-4a3a-a14f-b20142a15ab2	15	30158166	30215220	4	-1.1993
89f764f0-5df2-4a3a-a14f-b20142a15ab2	15	30215235	30291233	12	-0.1725
89f764f0-5df2-4a3a-a14f-b20142a15ab2	15	30297594	30503586	14	-1.2012
89f764f0-5df2-4a3a-a14f-b20142a15ab2	15	30515739	32220019	1033	0.033
89f764f0-5df2-4a3a-a14f-b20142a15ab2	15	32239115	32356531	11	-0.8308
89f764f0-5df2-4a3a-a14f-b20142a15ab2	15	32363170	43646608	7187	0.026
89f764f0-5df2-4a3a-a14f-b20142a15ab2	15	43692744	43698816	3	1.694
89f764f0-5df2-4a3a-a14f-b20142a15ab2	15	43700460	53492794	5863	0.0156
89f764f0-5df2-4a3a-a14f-b20142a15ab2	15	53492842	53493082	5	-1.0684
89f764f0-5df2-4a3a-a14f-b20142a15ab2	15	53498050	65521764	8175	0.019
89f764f0-5df2-4a3a-a14f-b20142a15ab2	15	65524604	65526049	3	-3.5858
89f764f0-5df2-4a3a-a14f-b20142a15ab2	15	65530196	76598900	6431	0.0275
89f764f0-5df2-4a3a-a14f-b20142a15ab2	15	76599170	76603434	21	-2.0342
89f764f0-5df2-4a3a-a14f-b20142a15ab2	15	76609838	77002264	175	-0.0094
89f764f0-5df2-4a3a-a14f-b20142a15ab2	15	77003882	77056003	23	0.539
89f764f0-5df2-4a3a-a14f-b20142a15ab2	15	77063474	101612385	17065	0.0283
89f764f0-5df2-4a3a-a14f-b20142a15ab2	15	101613561	101714070	72	0.9425
89f764f0-5df2-4a3a-a14f-b20142a15ab2	15	101717457	101928837	91	0.0897
89f764f0-5df2-4a3a-a14f-b20142a15ab2	16	10777	601407	258	0.215
89f764f0-5df2-4a3a-a14f-b20142a15ab2	16	601525	8855330	6062	0.0466
89f764f0-5df2-4a3a-a14f-b20142a15ab2	16	8855617	8876009	13	0.723
89f764f0-5df2-4a3a-a14f-b20142a15ab2	16	8881200	11496561	2201	0.0256
89f764f0-5df2-4a3a-a14f-b20142a15ab2	16	11497048	11539950	22	0.573
89f764f0-5df2-4a3a-a14f-b20142a15ab2	16	11540015	15653255	2610	0.0163
89f764f0-5df2-4a3a-a14f-b20142a15ab2	16	15654732	17510412	984	0.1299
89f764f0-5df2-4a3a-a14f-b20142a15ab2	16	17513705	19933041	1106	0.0076
89f764f0-5df2-4a3a-a14f-b20142a15ab2	16	19934328	19956040	26	-1.2927
89f764f0-5df2-4a3a-a14f-b20142a15ab2	16	19958932	20476770	393	0.0373
89f764f0-5df2-4a3a-a14f-b20142a15ab2	16	20476785	20488266	4	1.0448
89f764f0-5df2-4a3a-a14f-b20142a15ab2	16	20489127	21735181	600	0.0185
89f764f0-5df2-4a3a-a14f-b20142a15ab2	16	21735632	21750145	2	2.1143
89f764f0-5df2-4a3a-a14f-b20142a15ab2	16	21763785	29249230	4466	0.0439
89f764f0-5df2-4a3a-a14f-b20142a15ab2	16	29251248	30115104	217	0.2875
89f764f0-5df2-4a3a-a14f-b20142a15ab2	16	30116421	35225230	875	0.0305
89f764f0-5df2-4a3a-a14f-b20142a15ab2	16	35225338	35540942	177	-0.1427
89f764f0-5df2-4a3a-a14f-b20142a15ab2	16	35546893	55764867	6497	0.0332
89f764f0-5df2-4a3a-a14f-b20142a15ab2	16	55770436	55782734	11	0.9383
89f764f0-5df2-4a3a-a14f-b20142a15ab2	16	55782793	78339440	14114	0.0252
89f764f0-5df2-4a3a-a14f-b20142a15ab2	16	78339867	78339920	2	1.8385
89f764f0-5df2-4a3a-a14f-b20142a15ab2	16	78342480	81113509	3156	0.0424
89f764f0-5df2-4a3a-a14f-b20142a15ab2	16	81115716	81273979	158	0.2343
89f764f0-5df2-4a3a-a14f-b20142a15ab2	16	81278005	83859123	2874	0.0319
89f764f0-5df2-4a3a-a14f-b20142a15ab2	16	83859161	84919337	916	0.1639
89f764f0-5df2-4a3a-a14f-b20142a15ab2	16	84919376	87841250	2456	0.0511
89f764f0-5df2-4a3a-a14f-b20142a15ab2	16	87844662	90096867	926	0.2216
89f764f0-5df2-4a3a-a14f-b20142a15ab2	17	150733	507226	157	0.3491
89f764f0-5df2-4a3a-a14f-b20142a15ab2	17	507439	828833	195	0.063
89f764f0-5df2-4a3a-a14f-b20142a15ab2	17	831107	1244344	191	0.2909
89f764f0-5df2-4a3a-a14f-b20142a15ab2	17	1250564	3566559	1229	0.0445
89f764f0-5df2-4a3a-a14f-b20142a15ab2	17	3567084	3645543	50	0.4275
89f764f0-5df2-4a3a-a14f-b20142a15ab2	17	3646040	27460208	11050	0.0328
89f764f0-5df2-4a3a-a14f-b20142a15ab2	17	27460263	27460837	2	2.1965
89f764f0-5df2-4a3a-a14f-b20142a15ab2	17	27466846	33676822	3250	0.027
89f764f0-5df2-4a3a-a14f-b20142a15ab2	17	33677294	34698955	940	0.1764
89f764f0-5df2-4a3a-a14f-b20142a15ab2	17	34699560	36119525	837	0.0203
89f764f0-5df2-4a3a-a14f-b20142a15ab2	17	36119737	36137995	20	1.1907
89f764f0-5df2-4a3a-a14f-b20142a15ab2	17	36138013	36486677	41	0.4157
89f764f0-5df2-4a3a-a14f-b20142a15ab2	17	36489172	45314279	4507	0.0367
89f764f0-5df2-4a3a-a14f-b20142a15ab2	17	45317608	46089089	404	0.2045
89f764f0-5df2-4a3a-a14f-b20142a15ab2	17	46089134	46446360	123	-0.5291
89f764f0-5df2-4a3a-a14f-b20142a15ab2	17	46569894	63879731	9954	0.018
89f764f0-5df2-4a3a-a14f-b20142a15ab2	17	63882092	63899865	3	1.4795
89f764f0-5df2-4a3a-a14f-b20142a15ab2	17	63899888	64867438	437	0.027
89f764f0-5df2-4a3a-a14f-b20142a15ab2	17	64929599	64929920	2	-1.9258
89f764f0-5df2-4a3a-a14f-b20142a15ab2	17	64930571	72984227	5617	0.0122
89f764f0-5df2-4a3a-a14f-b20142a15ab2	17	72984942	73929222	658	0.0819
89f764f0-5df2-4a3a-a14f-b20142a15ab2	17	73929654	74460444	320	0.2585
89f764f0-5df2-4a3a-a14f-b20142a15ab2	17	74461242	74608946	105	0.0901
89f764f0-5df2-4a3a-a14f-b20142a15ab2	17	74612533	74621376	8	0.8782
89f764f0-5df2-4a3a-a14f-b20142a15ab2	17	74622106	76909588	1070	0.037
89f764f0-5df2-4a3a-a14f-b20142a15ab2	17	76912983	76938454	26	0.6439
89f764f0-5df2-4a3a-a14f-b20142a15ab2	17	76941124	77354310	250	0.0388
89f764f0-5df2-4a3a-a14f-b20142a15ab2	17	77354790	77375740	22	0.6766
89f764f0-5df2-4a3a-a14f-b20142a15ab2	17	77375892	83091923	2774	0.0809
89f764f0-5df2-4a3a-a14f-b20142a15ab2	18	58202	42471713	23774	0.0148
89f764f0-5df2-4a3a-a14f-b20142a15ab2	18	42476604	42476989	10	-0.4742
89f764f0-5df2-4a3a-a14f-b20142a15ab2	18	42477118	42477802	15	-0.979
89f764f0-5df2-4a3a-a14f-b20142a15ab2	18	42478430	53677765	7593	0.0203
89f764f0-5df2-4a3a-a14f-b20142a15ab2	18	53680839	53683207	4	-1.332
89f764f0-5df2-4a3a-a14f-b20142a15ab2	18	53684270	60255264	4502	0.0079
89f764f0-5df2-4a3a-a14f-b20142a15ab2	18	60255323	60255339	2	-1.8216
89f764f0-5df2-4a3a-a14f-b20142a15ab2	18	60256247	63514365	2284	0.0053
89f764f0-5df2-4a3a-a14f-b20142a15ab2	18	63516950	63517079	3	-1.8183
89f764f0-5df2-4a3a-a14f-b20142a15ab2	18	63520039	69075180	3952	0.0016
89f764f0-5df2-4a3a-a14f-b20142a15ab2	18	69075518	69090917	46	-1.0466
89f764f0-5df2-4a3a-a14f-b20142a15ab2	18	69090932	71370536	1549	0.0157
89f764f0-5df2-4a3a-a14f-b20142a15ab2	18	71370602	72237599	654	-0.0998
89f764f0-5df2-4a3a-a14f-b20142a15ab2	18	72237849	72243647	6	-1.139
89f764f0-5df2-4a3a-a14f-b20142a15ab2	18	72244827	73676991	1165	-0.0371
89f764f0-5df2-4a3a-a14f-b20142a15ab2	18	73679885	79265447	4266	0.0426
89f764f0-5df2-4a3a-a14f-b20142a15ab2	18	79271119	79823797	241	0.2064
89f764f0-5df2-4a3a-a14f-b20142a15ab2	18	79832660	80257174	225	0.0912
89f764f0-5df2-4a3a-a14f-b20142a15ab2	19	90910	3281870	865	0.0723
89f764f0-5df2-4a3a-a14f-b20142a15ab2	19	3282632	3319783	10	0.8852
89f764f0-5df2-4a3a-a14f-b20142a15ab2	19	3321679	11052925	3306	0.0484
89f764f0-5df2-4a3a-a14f-b20142a15ab2	19	11053013	11058376	3	-1.5132
89f764f0-5df2-4a3a-a14f-b20142a15ab2	19	11066732	21632117	5244	0.036
89f764f0-5df2-4a3a-a14f-b20142a15ab2	19	21632838	21637067	2	-2.4568
89f764f0-5df2-4a3a-a14f-b20142a15ab2	19	21637309	35365179	6962	0.0283
89f764f0-5df2-4a3a-a14f-b20142a15ab2	19	35365304	35370946	16	1.0057
89f764f0-5df2-4a3a-a14f-b20142a15ab2	19	35375884	44523932	4621	0.0262
89f764f0-5df2-4a3a-a14f-b20142a15ab2	19	44531020	44531052	2	-3.3574
89f764f0-5df2-4a3a-a14f-b20142a15ab2	19	44531399	51628560	3224	0.0519
89f764f0-5df2-4a3a-a14f-b20142a15ab2	19	51639099	51644683	10	-3.3756
89f764f0-5df2-4a3a-a14f-b20142a15ab2	19	51651652	58390909	4173	0.0443
89f764f0-5df2-4a3a-a14f-b20142a15ab2	19	58391026	58586487	76	0.3983
89f764f0-5df2-4a3a-a14f-b20142a15ab2	20	80664	1571811	1167	0.0568
89f764f0-5df2-4a3a-a14f-b20142a15ab2	20	1576544	1580353	20	-3.0651
89f764f0-5df2-4a3a-a14f-b20142a15ab2	20	1580934	1601561	36	-0.1527
89f764f0-5df2-4a3a-a14f-b20142a15ab2	20	1609611	1613203	4	1.2832
89f764f0-5df2-4a3a-a14f-b20142a15ab2	20	1613247	3845061	1549	0.0233
89f764f0-5df2-4a3a-a14f-b20142a15ab2	20	3845734	3867769	15	0.6004
89f764f0-5df2-4a3a-a14f-b20142a15ab2	20	3871304	4013998	73	0.0129
89f764f0-5df2-4a3a-a14f-b20142a15ab2	20	4016793	4144137	107	0.3292
89f764f0-5df2-4a3a-a14f-b20142a15ab2	20	4144691	4831200	608	0.0204
89f764f0-5df2-4a3a-a14f-b20142a15ab2	20	4832020	4863551	30	0.485
89f764f0-5df2-4a3a-a14f-b20142a15ab2	20	4863645	5212326	214	0.025
89f764f0-5df2-4a3a-a14f-b20142a15ab2	20	5212691	5213241	2	-1.5308
89f764f0-5df2-4a3a-a14f-b20142a15ab2	20	5217863	5629079	278	0.0354
89f764f0-5df2-4a3a-a14f-b20142a15ab2	20	5629147	5697147	48	0.3507
89f764f0-5df2-4a3a-a14f-b20142a15ab2	20	5697665	26324943	15625	0.0153
89f764f0-5df2-4a3a-a14f-b20142a15ab2	20	30185676	30214279	5	-2.0904
89f764f0-5df2-4a3a-a14f-b20142a15ab2	20	30219666	60994460	20245	0.0263
89f764f0-5df2-4a3a-a14f-b20142a15ab2	20	60994681	61027295	55	0.7424
89f764f0-5df2-4a3a-a14f-b20142a15ab2	20	61029644	63081638	1221	0.028
89f764f0-5df2-4a3a-a14f-b20142a15ab2	20	63084768	63118889	26	0.7283
89f764f0-5df2-4a3a-a14f-b20142a15ab2	20	63118905	63595400	140	0.0013
89f764f0-5df2-4a3a-a14f-b20142a15ab2	20	63598636	64263071	274	0.3075
89f764f0-5df2-4a3a-a14f-b20142a15ab2	20	64263816	64284215	17	0.0625
89f764f0-5df2-4a3a-a14f-b20142a15ab2	20	64284715	64324292	5	-0.822
89f764f0-5df2-4a3a-a14f-b20142a15ab2	21	10354468	22379557	6320	0.0055
89f764f0-5df2-4a3a-a14f-b20142a15ab2	21	22386264	23334248	746	-0.0781
89f764f0-5df2-4a3a-a14f-b20142a15ab2	21	23336644	30866332	5584	0.0083
89f764f0-5df2-4a3a-a14f-b20142a15ab2	21	30867454	46677045	10931	0.0389
89f764f0-5df2-4a3a-a14f-b20142a15ab2	22	15294547	18190590	1123	0.0407
89f764f0-5df2-4a3a-a14f-b20142a15ab2	22	18392404	18783014	7	1.7369
89f764f0-5df2-4a3a-a14f-b20142a15ab2	22	18818348	22026269	1812	0.2208
89f764f0-5df2-4a3a-a14f-b20142a15ab2	22	22026320	22398345	483	0.0375
89f764f0-5df2-4a3a-a14f-b20142a15ab2	22	22398407	22398545	3	-2.2939
89f764f0-5df2-4a3a-a14f-b20142a15ab2	22	22402989	22880099	242	0.0619
89f764f0-5df2-4a3a-a14f-b20142a15ab2	22	22880111	23072420	130	0.12
89f764f0-5df2-4a3a-a14f-b20142a15ab2	22	23073669	23294354	151	0.3106
89f764f0-5df2-4a3a-a14f-b20142a15ab2	22	23295734	23832116	303	0.105
89f764f0-5df2-4a3a-a14f-b20142a15ab2	22	23832148	23832201	2	1.7996
89f764f0-5df2-4a3a-a14f-b20142a15ab2	22	23832323	24005996	108	0.1711
89f764f0-5df2-4a3a-a14f-b20142a15ab2	22	24006015	30556409	4883	0.0308
89f764f0-5df2-4a3a-a14f-b20142a15ab2	22	30556601	30557534	3	-1.5488
89f764f0-5df2-4a3a-a14f-b20142a15ab2	22	30558088	38967614	5865	0.0396
89f764f0-5df2-4a3a-a14f-b20142a15ab2	22	38967679	38979302	23	-1.0952
89f764f0-5df2-4a3a-a14f-b20142a15ab2	22	38993700	39212728	92	0.0407
89f764f0-5df2-4a3a-a14f-b20142a15ab2	22	39213844	39261562	14	0.5559
89f764f0-5df2-4a3a-a14f-b20142a15ab2	22	39263325	41903923	1449	0.0405
89f764f0-5df2-4a3a-a14f-b20142a15ab2	22	41918409	41983588	36	0.6096
89f764f0-5df2-4a3a-a14f-b20142a15ab2	22	41983809	42388195	216	0.0327
89f764f0-5df2-4a3a-a14f-b20142a15ab2	22	42391417	42469071	41	0.4022
89f764f0-5df2-4a3a-a14f-b20142a15ab2	22	42470608	48925877	4895	0.0343
89f764f0-5df2-4a3a-a14f-b20142a15ab2	22	48925968	49314135	409	0.2684
89f764f0-5df2-4a3a-a14f-b20142a15ab2	22	49314394	49318495	5	-1.1886
89f764f0-5df2-4a3a-a14f-b20142a15ab2	22	49318559	50796027	787	0.2069
89f764f0-5df2-4a3a-a14f-b20142a15ab2	X	251810	3260388	449	0.1587
89f764f0-5df2-4a3a-a14f-b20142a15ab2	X	3260432	7290533	2992	0.0221
89f764f0-5df2-4a3a-a14f-b20142a15ab2	X	7291165	7293394	3	-1.8192
89f764f0-5df2-4a3a-a14f-b20142a15ab2	X	7294236	19430510	8084	0.0293
89f764f0-5df2-4a3a-a14f-b20142a15ab2	X	19431502	19518502	59	0.5418
89f764f0-5df2-4a3a-a14f-b20142a15ab2	X	19519040	22887611	1966	0.0076
89f764f0-5df2-4a3a-a14f-b20142a15ab2	X	22888880	22911350	18	-1.3952
89f764f0-5df2-4a3a-a14f-b20142a15ab2	X	22916190	152337437	67465	0.0153
89f764f0-5df2-4a3a-a14f-b20142a15ab2	X	152342526	152348153	3	-2.6381
89f764f0-5df2-4a3a-a14f-b20142a15ab2	X	152348845	152812842	186	0.0283
89f764f0-5df2-4a3a-a14f-b20142a15ab2	X	152813572	153048261	218	0.2648
89f764f0-5df2-4a3a-a14f-b20142a15ab2	X	153049431	154334428	522	0.0419
89f764f0-5df2-4a3a-a14f-b20142a15ab2	X	154347478	154826394	206	0.1807
89f764f0-5df2-4a3a-a14f-b20142a15ab2	X	154827424	155952689	362	-0.0297
89f764f0-5df2-4a3a-a14f-b20142a15ab2	Y	2782397	3442606	210	-3.2796
89f764f0-5df2-4a3a-a14f-b20142a15ab2	Y	3460727	6233384	569	-2.8198
89f764f0-5df2-4a3a-a14f-b20142a15ab2	Y	6249869	9327138	1431	-3.595
89f764f0-5df2-4a3a-a14f-b20142a15ab2	Y	9329696	9554275	26	-5.6143
89f764f0-5df2-4a3a-a14f-b20142a15ab2	Y	9554586	12912709	748	-3.2406
89f764f0-5df2-4a3a-a14f-b20142a15ab2	Y	12914512	12926033	9	-6.2783
89f764f0-5df2-4a3a-a14f-b20142a15ab2	Y	12926610	56872112	3597	-3.4007
