GDC_Aliquot	Chromosome	Start	End	Num_Probes	Segment_Mean
a7cf51ba-a017-4de1-ad5f-021d1369eb80	1	62920	15823420	8315	-0.3337
a7cf51ba-a017-4de1-ad5f-021d1369eb80	1	15827002	15827430	6	-1.8631
a7cf51ba-a017-4de1-ad5f-021d1369eb80	1	15827706	16868660	360	-0.278
a7cf51ba-a017-4de1-ad5f-021d1369eb80	1	16877002	16951445	54	-0.0418
a7cf51ba-a017-4de1-ad5f-021d1369eb80	1	16955930	25703791	5406	-0.3383
a7cf51ba-a017-4de1-ad5f-021d1369eb80	1	25704122	29468618	1634	-0.2743
a7cf51ba-a017-4de1-ad5f-021d1369eb80	1	29469187	53067248	13223	-0.3397
a7cf51ba-a017-4de1-ad5f-021d1369eb80	1	53068201	61624749	6404	-0.384
a7cf51ba-a017-4de1-ad5f-021d1369eb80	1	61629715	72302735	7303	-0.341
a7cf51ba-a017-4de1-ad5f-021d1369eb80	1	72302815	72345465	47	0.5843
a7cf51ba-a017-4de1-ad5f-021d1369eb80	1	72346221	101520332	18739	-0.3321
a7cf51ba-a017-4de1-ad5f-021d1369eb80	1	101521764	105470754	2187	-0.2575
a7cf51ba-a017-4de1-ad5f-021d1369eb80	1	105476583	105479753	17	0.4602
a7cf51ba-a017-4de1-ad5f-021d1369eb80	1	105481433	105486456	7	-0.0796
a7cf51ba-a017-4de1-ad5f-021d1369eb80	1	105486697	109684893	2629	-0.3131
a7cf51ba-a017-4de1-ad5f-021d1369eb80	1	109690352	109697556	13	-1.0878
a7cf51ba-a017-4de1-ad5f-021d1369eb80	1	109702376	111952223	1756	-0.3233
a7cf51ba-a017-4de1-ad5f-021d1369eb80	1	111955120	111968346	15	-0.7425
a7cf51ba-a017-4de1-ad5f-021d1369eb80	1	111969370	112147704	177	-0.3574
a7cf51ba-a017-4de1-ad5f-021d1369eb80	1	112153343	112154591	22	-1.0023
a7cf51ba-a017-4de1-ad5f-021d1369eb80	1	112154619	115989843	2470	-0.3301
a7cf51ba-a017-4de1-ad5f-021d1369eb80	1	115996097	144487217	2828	0.6016
a7cf51ba-a017-4de1-ad5f-021d1369eb80	1	144491166	152583051	2300	0.8849
a7cf51ba-a017-4de1-ad5f-021d1369eb80	1	152583230	152613762	31	1.9923
a7cf51ba-a017-4de1-ad5f-021d1369eb80	1	152613802	152789532	174	0.8577
a7cf51ba-a017-4de1-ad5f-021d1369eb80	1	152789570	152795198	21	1.337
a7cf51ba-a017-4de1-ad5f-021d1369eb80	1	152795277	168125471	10368	0.8918
a7cf51ba-a017-4de1-ad5f-021d1369eb80	1	168125557	174827267	4446	0.8461
a7cf51ba-a017-4de1-ad5f-021d1369eb80	1	174827418	174832716	17	0.2133
a7cf51ba-a017-4de1-ad5f-021d1369eb80	1	174832734	176469540	1061	0.8602
a7cf51ba-a017-4de1-ad5f-021d1369eb80	1	176469979	186149300	6572	0.8874
a7cf51ba-a017-4de1-ad5f-021d1369eb80	1	186149668	193186662	4600	0.9077
a7cf51ba-a017-4de1-ad5f-021d1369eb80	1	193187149	193187218	4	0.0297
a7cf51ba-a017-4de1-ad5f-021d1369eb80	1	193190593	198352227	3294	0.9131
a7cf51ba-a017-4de1-ad5f-021d1369eb80	1	198352718	222193326	16554	0.8821
a7cf51ba-a017-4de1-ad5f-021d1369eb80	1	222201492	222203662	2	-3.2796
a7cf51ba-a017-4de1-ad5f-021d1369eb80	1	222208792	222690479	250	0.8751
a7cf51ba-a017-4de1-ad5f-021d1369eb80	1	222694215	233933540	7501	1.106
a7cf51ba-a017-4de1-ad5f-021d1369eb80	1	233933949	235584340	1157	1.1722
a7cf51ba-a017-4de1-ad5f-021d1369eb80	1	235587817	242972295	5761	1.1085
a7cf51ba-a017-4de1-ad5f-021d1369eb80	1	242973026	243105104	19	0.6358
a7cf51ba-a017-4de1-ad5f-021d1369eb80	1	243105657	248930189	3729	1.1153
a7cf51ba-a017-4de1-ad5f-021d1369eb80	2	12784	737505	518	0.2324
a7cf51ba-a017-4de1-ad5f-021d1369eb80	2	742100	747161	3	-1.2951
a7cf51ba-a017-4de1-ad5f-021d1369eb80	2	751300	19485823	14192	0.2139
a7cf51ba-a017-4de1-ad5f-021d1369eb80	2	19486892	19533243	47	0.6443
a7cf51ba-a017-4de1-ad5f-021d1369eb80	2	19536311	24376380	3165	0.2297
a7cf51ba-a017-4de1-ad5f-021d1369eb80	2	24378642	24388259	19	-0.4742
a7cf51ba-a017-4de1-ad5f-021d1369eb80	2	24388858	34295406	6045	0.1986
a7cf51ba-a017-4de1-ad5f-021d1369eb80	2	34298911	34300513	2	-1.4209
a7cf51ba-a017-4de1-ad5f-021d1369eb80	2	34300900	34466002	95	0.1879
a7cf51ba-a017-4de1-ad5f-021d1369eb80	2	34474248	34512096	47	0.7694
a7cf51ba-a017-4de1-ad5f-021d1369eb80	2	34512489	38802932	3221	0.2168
a7cf51ba-a017-4de1-ad5f-021d1369eb80	2	38804826	38871216	36	0.6334
a7cf51ba-a017-4de1-ad5f-021d1369eb80	2	38873618	41154039	1661	0.2055
a7cf51ba-a017-4de1-ad5f-021d1369eb80	2	41154182	43773296	1899	0.2518
a7cf51ba-a017-4de1-ad5f-021d1369eb80	2	43780254	52527330	6181	0.2056
a7cf51ba-a017-4de1-ad5f-021d1369eb80	2	52527342	52527743	6	-1.4826
a7cf51ba-a017-4de1-ad5f-021d1369eb80	2	52531615	52554404	33	-0.1576
a7cf51ba-a017-4de1-ad5f-021d1369eb80	2	52560811	57669182	3694	0.2228
a7cf51ba-a017-4de1-ad5f-021d1369eb80	2	57674091	84346644	16845	0.1911
a7cf51ba-a017-4de1-ad5f-021d1369eb80	2	84346822	97359885	3301	0.2104
a7cf51ba-a017-4de1-ad5f-021d1369eb80	2	97524284	97535071	4	-0.427
a7cf51ba-a017-4de1-ad5f-021d1369eb80	2	97537802	97545726	5	-1.5872
a7cf51ba-a017-4de1-ad5f-021d1369eb80	2	97550415	106258266	5569	0.218
a7cf51ba-a017-4de1-ad5f-021d1369eb80	2	106263639	106266773	5	-0.8747
a7cf51ba-a017-4de1-ad5f-021d1369eb80	2	106266875	106268901	7	-2.689
a7cf51ba-a017-4de1-ad5f-021d1369eb80	2	106270799	130036283	14278	0.2092
a7cf51ba-a017-4de1-ad5f-021d1369eb80	2	130036310	130116915	13	-0.5485
a7cf51ba-a017-4de1-ad5f-021d1369eb80	2	130117303	137696238	4343	0.1868
a7cf51ba-a017-4de1-ad5f-021d1369eb80	2	137696290	137696413	2	-1.2691
a7cf51ba-a017-4de1-ad5f-021d1369eb80	2	137696467	137730530	27	0.2271
a7cf51ba-a017-4de1-ad5f-021d1369eb80	2	137731957	137737677	2	-1.4856
a7cf51ba-a017-4de1-ad5f-021d1369eb80	2	137738322	164997464	16411	0.202
a7cf51ba-a017-4de1-ad5f-021d1369eb80	2	165001071	165007539	4	-0.8998
a7cf51ba-a017-4de1-ad5f-021d1369eb80	2	165008929	179548644	9249	0.1957
a7cf51ba-a017-4de1-ad5f-021d1369eb80	2	179553484	179557142	26	-0.5821
a7cf51ba-a017-4de1-ad5f-021d1369eb80	2	179557161	190839822	6656	0.2207
a7cf51ba-a017-4de1-ad5f-021d1369eb80	2	190840324	190877022	26	0.5741
a7cf51ba-a017-4de1-ad5f-021d1369eb80	2	190877079	192311944	938	0.1772
a7cf51ba-a017-4de1-ad5f-021d1369eb80	2	192313594	203176390	5988	0.2152
a7cf51ba-a017-4de1-ad5f-021d1369eb80	2	203178227	205289276	1403	0.1711
a7cf51ba-a017-4de1-ad5f-021d1369eb80	2	205291326	219671442	9112	0.2232
a7cf51ba-a017-4de1-ad5f-021d1369eb80	2	219676450	227333581	5210	0.1937
a7cf51ba-a017-4de1-ad5f-021d1369eb80	2	227333930	228892290	982	0.27
a7cf51ba-a017-4de1-ad5f-021d1369eb80	2	228894763	228895197	8	-0.593
a7cf51ba-a017-4de1-ad5f-021d1369eb80	2	228895367	242147305	8197	0.2005
a7cf51ba-a017-4de1-ad5f-021d1369eb80	3	20930	5962855	5222	-0.3488
a7cf51ba-a017-4de1-ad5f-021d1369eb80	3	5963082	5963925	2	-2.3296
a7cf51ba-a017-4de1-ad5f-021d1369eb80	3	5965697	46760327	27923	-0.3497
a7cf51ba-a017-4de1-ad5f-021d1369eb80	3	46760374	46808099	39	-1.5861
a7cf51ba-a017-4de1-ad5f-021d1369eb80	3	46817989	53480791	2800	-0.3202
a7cf51ba-a017-4de1-ad5f-021d1369eb80	3	53484322	68697013	11749	-0.3642
a7cf51ba-a017-4de1-ad5f-021d1369eb80	3	68697108	68698262	14	-1.4734
a7cf51ba-a017-4de1-ad5f-021d1369eb80	3	68699607	73890027	3948	-0.3461
a7cf51ba-a017-4de1-ad5f-021d1369eb80	3	73891104	75770101	1023	-0.3217
a7cf51ba-a017-4de1-ad5f-021d1369eb80	3	75773308	75777035	3	-1.6388
a7cf51ba-a017-4de1-ad5f-021d1369eb80	3	75778459	91462299	8070	-0.2991
a7cf51ba-a017-4de1-ad5f-021d1369eb80	3	93800634	94766750	434	0.2209
a7cf51ba-a017-4de1-ad5f-021d1369eb80	3	94768188	94768563	2	1.1623
a7cf51ba-a017-4de1-ad5f-021d1369eb80	3	94768591	94941334	80	0.2313
a7cf51ba-a017-4de1-ad5f-021d1369eb80	3	94951562	115886297	12398	0.6127
a7cf51ba-a017-4de1-ad5f-021d1369eb80	3	115886459	116007763	80	0.1607
a7cf51ba-a017-4de1-ad5f-021d1369eb80	3	116014609	125950205	6207	0.5942
a7cf51ba-a017-4de1-ad5f-021d1369eb80	3	125954540	125957120	3	-0.5472
a7cf51ba-a017-4de1-ad5f-021d1369eb80	3	125961657	128198709	1448	0.5863
a7cf51ba-a017-4de1-ad5f-021d1369eb80	3	128203103	130027784	927	0.6371
a7cf51ba-a017-4de1-ad5f-021d1369eb80	3	130028313	130177533	78	0.4274
a7cf51ba-a017-4de1-ad5f-021d1369eb80	3	130188427	130429070	212	0.6117
a7cf51ba-a017-4de1-ad5f-021d1369eb80	3	130429916	132270503	1195	0.6316
a7cf51ba-a017-4de1-ad5f-021d1369eb80	3	132273893	132276840	4	-0.364
a7cf51ba-a017-4de1-ad5f-021d1369eb80	3	132281633	139913519	4498	0.6403
a7cf51ba-a017-4de1-ad5f-021d1369eb80	3	139915513	161134127	13238	0.6109
a7cf51ba-a017-4de1-ad5f-021d1369eb80	3	161137515	161255525	62	1.1373
a7cf51ba-a017-4de1-ad5f-021d1369eb80	3	161260194	162405578	747	0.6234
a7cf51ba-a017-4de1-ad5f-021d1369eb80	3	162419812	162424917	14	0.12
a7cf51ba-a017-4de1-ad5f-021d1369eb80	3	162426460	162794951	260	0.6417
a7cf51ba-a017-4de1-ad5f-021d1369eb80	3	162795304	162906109	66	1.1399
a7cf51ba-a017-4de1-ad5f-021d1369eb80	3	162908192	162911782	10	0.3551
a7cf51ba-a017-4de1-ad5f-021d1369eb80	3	162914213	169631156	3900	0.6402
a7cf51ba-a017-4de1-ad5f-021d1369eb80	3	169632074	169632816	2	-1.0434
a7cf51ba-a017-4de1-ad5f-021d1369eb80	3	169634670	170678987	583	0.6371
a7cf51ba-a017-4de1-ad5f-021d1369eb80	3	170680039	171534948	561	0.5705
a7cf51ba-a017-4de1-ad5f-021d1369eb80	3	171535967	173644187	1379	0.6464
a7cf51ba-a017-4de1-ad5f-021d1369eb80	3	173644575	193156958	12728	0.5975
a7cf51ba-a017-4de1-ad5f-021d1369eb80	3	193160113	193165114	20	-0.8677
a7cf51ba-a017-4de1-ad5f-021d1369eb80	3	193168646	195559056	1483	0.6332
a7cf51ba-a017-4de1-ad5f-021d1369eb80	3	195656271	195730018	34	0.0278
a7cf51ba-a017-4de1-ad5f-021d1369eb80	3	195733825	198118345	1159	0.6193
a7cf51ba-a017-4de1-ad5f-021d1369eb80	3	198118700	198169247	16	0.3025
a7cf51ba-a017-4de1-ad5f-021d1369eb80	4	68929	10208766	5692	-0.3597
a7cf51ba-a017-4de1-ad5f-021d1369eb80	4	10212536	10229625	28	0.8697
a7cf51ba-a017-4de1-ad5f-021d1369eb80	4	10229874	12942129	2242	-0.3537
a7cf51ba-a017-4de1-ad5f-021d1369eb80	4	12943164	12943287	2	-3.0628
a7cf51ba-a017-4de1-ad5f-021d1369eb80	4	12943424	19091310	4487	-0.3458
a7cf51ba-a017-4de1-ad5f-021d1369eb80	4	19091465	21655954	1739	-0.2774
a7cf51ba-a017-4de1-ad5f-021d1369eb80	4	21656236	28950741	4937	-0.3442
a7cf51ba-a017-4de1-ad5f-021d1369eb80	4	28950844	32392452	2215	-0.297
a7cf51ba-a017-4de1-ad5f-021d1369eb80	4	32398929	32399891	5	-1.5007
a7cf51ba-a017-4de1-ad5f-021d1369eb80	4	32403692	34771893	1335	-0.3108
a7cf51ba-a017-4de1-ad5f-021d1369eb80	4	34777238	34839910	60	0.0606
a7cf51ba-a017-4de1-ad5f-021d1369eb80	4	34841809	68395346	19404	-0.3167
a7cf51ba-a017-4de1-ad5f-021d1369eb80	4	68416487	68439221	7	0.4339
a7cf51ba-a017-4de1-ad5f-021d1369eb80	4	68450733	68506285	10	-0.4913
a7cf51ba-a017-4de1-ad5f-021d1369eb80	4	68509223	68734147	78	0.0758
a7cf51ba-a017-4de1-ad5f-021d1369eb80	4	68735305	91548852	14171	-0.3246
a7cf51ba-a017-4de1-ad5f-021d1369eb80	4	91552163	91557170	6	-1.669
a7cf51ba-a017-4de1-ad5f-021d1369eb80	4	91560210	103359406	6878	-0.3227
a7cf51ba-a017-4de1-ad5f-021d1369eb80	4	103360166	103364053	2	-2.9943
a7cf51ba-a017-4de1-ad5f-021d1369eb80	4	103364387	114258196	6609	-0.3084
a7cf51ba-a017-4de1-ad5f-021d1369eb80	4	114258272	114261019	12	-1.0398
a7cf51ba-a017-4de1-ad5f-021d1369eb80	4	114263073	129141596	8712	-0.3222
a7cf51ba-a017-4de1-ad5f-021d1369eb80	4	129146391	129147005	2	-2.8125
a7cf51ba-a017-4de1-ad5f-021d1369eb80	4	129151408	136611402	4134	-0.3003
a7cf51ba-a017-4de1-ad5f-021d1369eb80	4	136614132	136614645	2	-1.8878
a7cf51ba-a017-4de1-ad5f-021d1369eb80	4	136622339	137333469	577	-0.3064
a7cf51ba-a017-4de1-ad5f-021d1369eb80	4	137333484	156319087	11630	-0.3444
a7cf51ba-a017-4de1-ad5f-021d1369eb80	4	156322044	160107148	2238	-0.3032
a7cf51ba-a017-4de1-ad5f-021d1369eb80	4	160109884	160162718	53	-0.6042
a7cf51ba-a017-4de1-ad5f-021d1369eb80	4	160162917	160958989	593	-0.2722
a7cf51ba-a017-4de1-ad5f-021d1369eb80	4	160959045	160963448	17	-1.3173
a7cf51ba-a017-4de1-ad5f-021d1369eb80	4	160963756	187048187	17226	-0.3136
a7cf51ba-a017-4de1-ad5f-021d1369eb80	4	187049935	187050156	2	-2.7046
a7cf51ba-a017-4de1-ad5f-021d1369eb80	4	187051053	190106768	1908	-0.3422
a7cf51ba-a017-4de1-ad5f-021d1369eb80	5	15532	481184	216	-0.279
a7cf51ba-a017-4de1-ad5f-021d1369eb80	5	509576	18024899	13415	-0.3305
a7cf51ba-a017-4de1-ad5f-021d1369eb80	5	18028227	23155113	2982	-0.2786
a7cf51ba-a017-4de1-ad5f-021d1369eb80	5	23155750	23156892	6	-1.9692
a7cf51ba-a017-4de1-ad5f-021d1369eb80	5	23157704	34539532	7138	-0.2892
a7cf51ba-a017-4de1-ad5f-021d1369eb80	5	34539572	34539722	2	-1.8766
a7cf51ba-a017-4de1-ad5f-021d1369eb80	5	34540382	39010715	3012	-0.3295
a7cf51ba-a017-4de1-ad5f-021d1369eb80	5	39011242	46251204	3863	-0.2843
a7cf51ba-a017-4de1-ad5f-021d1369eb80	5	46270906	46273400	8	-1.8854
a7cf51ba-a017-4de1-ad5f-021d1369eb80	5	46278110	58025819	5070	-0.3063
a7cf51ba-a017-4de1-ad5f-021d1369eb80	5	58030200	58037706	32	1.7988
a7cf51ba-a017-4de1-ad5f-021d1369eb80	5	58042530	69571467	7291	-0.3137
a7cf51ba-a017-4de1-ad5f-021d1369eb80	5	69779150	71095426	24	0.2345
a7cf51ba-a017-4de1-ad5f-021d1369eb80	5	71358245	71923107	354	-0.3006
a7cf51ba-a017-4de1-ad5f-021d1369eb80	5	71928993	80174425	5389	-0.3448
a7cf51ba-a017-4de1-ad5f-021d1369eb80	5	80180877	91013238	6090	-0.3054
a7cf51ba-a017-4de1-ad5f-021d1369eb80	5	91017046	91018836	3	-1.82
a7cf51ba-a017-4de1-ad5f-021d1369eb80	5	91019106	123661384	20655	-0.3094
a7cf51ba-a017-4de1-ad5f-021d1369eb80	5	123662163	123663126	2	-2.4884
a7cf51ba-a017-4de1-ad5f-021d1369eb80	5	123663718	123784411	85	-0.2453
a7cf51ba-a017-4de1-ad5f-021d1369eb80	5	123784674	128866174	3281	-0.3307
a7cf51ba-a017-4de1-ad5f-021d1369eb80	5	128866200	133230817	2323	-0.2832
a7cf51ba-a017-4de1-ad5f-021d1369eb80	5	133231043	133913864	633	-0.395
a7cf51ba-a017-4de1-ad5f-021d1369eb80	5	133914777	148290011	8743	-0.3135
a7cf51ba-a017-4de1-ad5f-021d1369eb80	5	148291455	148302231	12	-1.4884
a7cf51ba-a017-4de1-ad5f-021d1369eb80	5	148304622	179498842	21097	-0.3279
a7cf51ba-a017-4de1-ad5f-021d1369eb80	5	179501760	179509694	4	-1.9264
a7cf51ba-a017-4de1-ad5f-021d1369eb80	5	179509721	180947523	833	-0.318
a7cf51ba-a017-4de1-ad5f-021d1369eb80	5	180951710	180991103	19	-1.8785
a7cf51ba-a017-4de1-ad5f-021d1369eb80	5	181006225	181363319	170	-0.4052
a7cf51ba-a017-4de1-ad5f-021d1369eb80	6	149661	1022028	773	0.1458
a7cf51ba-a017-4de1-ad5f-021d1369eb80	6	1022467	4205163	2553	0.2203
a7cf51ba-a017-4de1-ad5f-021d1369eb80	6	4207589	4396947	159	0.0864
a7cf51ba-a017-4de1-ad5f-021d1369eb80	6	4399282	4399620	3	-1.1837
a7cf51ba-a017-4de1-ad5f-021d1369eb80	6	4400131	4695173	279	0.2049
a7cf51ba-a017-4de1-ad5f-021d1369eb80	6	4698433	4700910	5	1.1296
a7cf51ba-a017-4de1-ad5f-021d1369eb80	6	4701267	6477616	1520	0.1923
a7cf51ba-a017-4de1-ad5f-021d1369eb80	6	6478928	7793187	1053	0.2662
a7cf51ba-a017-4de1-ad5f-021d1369eb80	6	7794717	11802414	2962	0.2115
a7cf51ba-a017-4de1-ad5f-021d1369eb80	6	11803204	11901265	97	0.5852
a7cf51ba-a017-4de1-ad5f-021d1369eb80	6	11901430	16973604	3906	0.2027
a7cf51ba-a017-4de1-ad5f-021d1369eb80	6	16974390	25391719	6058	0.2519
a7cf51ba-a017-4de1-ad5f-021d1369eb80	6	25391859	29869411	2282	0.212
a7cf51ba-a017-4de1-ad5f-021d1369eb80	6	29869537	29882419	15	-0.8538
a7cf51ba-a017-4de1-ad5f-021d1369eb80	6	29882497	32641650	1230	0.2156
a7cf51ba-a017-4de1-ad5f-021d1369eb80	6	32656527	32658841	6	-1.3276
a7cf51ba-a017-4de1-ad5f-021d1369eb80	6	32682835	32718419	36	0.0908
a7cf51ba-a017-4de1-ad5f-021d1369eb80	6	32720838	32723035	10	0.7757
a7cf51ba-a017-4de1-ad5f-021d1369eb80	6	32723053	37665248	2922	0.2413
a7cf51ba-a017-4de1-ad5f-021d1369eb80	6	37665296	41290123	2698	0.1883
a7cf51ba-a017-4de1-ad5f-021d1369eb80	6	41290709	54066286	8031	0.243
a7cf51ba-a017-4de1-ad5f-021d1369eb80	6	54066353	54067057	7	-1.9317
a7cf51ba-a017-4de1-ad5f-021d1369eb80	6	54070550	64627049	4222	0.2431
a7cf51ba-a017-4de1-ad5f-021d1369eb80	6	64637651	64639099	2	-2.6163
a7cf51ba-a017-4de1-ad5f-021d1369eb80	6	64640883	66373108	1193	0.227
a7cf51ba-a017-4de1-ad5f-021d1369eb80	6	66375625	66376544	5	-0.6065
a7cf51ba-a017-4de1-ad5f-021d1369eb80	6	66377504	66973989	482	0.2455
a7cf51ba-a017-4de1-ad5f-021d1369eb80	6	66974020	66974638	4	-0.6328
a7cf51ba-a017-4de1-ad5f-021d1369eb80	6	66978190	67068490	101	0.237
a7cf51ba-a017-4de1-ad5f-021d1369eb80	6	67068634	67281694	169	0.3296
a7cf51ba-a017-4de1-ad5f-021d1369eb80	6	67281844	67922156	383	0.2215
a7cf51ba-a017-4de1-ad5f-021d1369eb80	6	67922829	67948894	17	-0.1647
a7cf51ba-a017-4de1-ad5f-021d1369eb80	6	67954505	68027243	47	0.2306
a7cf51ba-a017-4de1-ad5f-021d1369eb80	6	68029620	68069581	33	0.6321
a7cf51ba-a017-4de1-ad5f-021d1369eb80	6	68070579	68081608	9	0.9407
a7cf51ba-a017-4de1-ad5f-021d1369eb80	6	68084353	68137615	46	0.6159
a7cf51ba-a017-4de1-ad5f-021d1369eb80	6	68139591	71250414	1958	0.204
a7cf51ba-a017-4de1-ad5f-021d1369eb80	6	71255912	73882142	1709	-0.3076
a7cf51ba-a017-4de1-ad5f-021d1369eb80	6	73882509	73891694	10	-2.3271
a7cf51ba-a017-4de1-ad5f-021d1369eb80	6	73893839	78277769	2794	-0.3094
a7cf51ba-a017-4de1-ad5f-021d1369eb80	6	78285373	78316984	69	0.1287
a7cf51ba-a017-4de1-ad5f-021d1369eb80	6	78317255	81723568	2268	-0.3078
a7cf51ba-a017-4de1-ad5f-021d1369eb80	6	81725191	81726900	3	-1.6762
a7cf51ba-a017-4de1-ad5f-021d1369eb80	6	81729265	94349420	8000	-0.3277
a7cf51ba-a017-4de1-ad5f-021d1369eb80	6	94350367	94381466	35	-0.6523
a7cf51ba-a017-4de1-ad5f-021d1369eb80	6	94381941	104467515	5946	-0.3136
a7cf51ba-a017-4de1-ad5f-021d1369eb80	6	104468605	104481736	15	-1.4052
a7cf51ba-a017-4de1-ad5f-021d1369eb80	6	104495548	114095686	6047	-0.3513
a7cf51ba-a017-4de1-ad5f-021d1369eb80	6	114095783	129220452	8978	-0.3119
a7cf51ba-a017-4de1-ad5f-021d1369eb80	6	129222222	133543112	3007	-0.3559
a7cf51ba-a017-4de1-ad5f-021d1369eb80	6	133543320	133544273	3	-1.6168
a7cf51ba-a017-4de1-ad5f-021d1369eb80	6	133544670	139279894	3953	-0.3565
a7cf51ba-a017-4de1-ad5f-021d1369eb80	6	139284190	139284620	2	-2.0775
a7cf51ba-a017-4de1-ad5f-021d1369eb80	6	139287466	162307926	15496	-0.3408
a7cf51ba-a017-4de1-ad5f-021d1369eb80	6	162308349	162308495	2	-2.0302
a7cf51ba-a017-4de1-ad5f-021d1369eb80	6	162309601	163971382	1278	-0.3471
a7cf51ba-a017-4de1-ad5f-021d1369eb80	6	163971936	163972212	2	-1.7647
a7cf51ba-a017-4de1-ad5f-021d1369eb80	6	163972410	166448844	1881	-0.3399
a7cf51ba-a017-4de1-ad5f-021d1369eb80	6	166448943	170741917	2711	-0.4079
a7cf51ba-a017-4de1-ad5f-021d1369eb80	7	43355	15392007	10379	0.2231
a7cf51ba-a017-4de1-ad5f-021d1369eb80	7	15392045	15393664	2	-1.7567
a7cf51ba-a017-4de1-ad5f-021d1369eb80	7	15394440	18642369	2500	0.2734
a7cf51ba-a017-4de1-ad5f-021d1369eb80	7	18643197	22395161	3171	0.218
a7cf51ba-a017-4de1-ad5f-021d1369eb80	7	22395853	22396868	2	1.7177
a7cf51ba-a017-4de1-ad5f-021d1369eb80	7	22399135	28219614	4162	0.2383
a7cf51ba-a017-4de1-ad5f-021d1369eb80	7	28222707	30373327	1672	0.1989
a7cf51ba-a017-4de1-ad5f-021d1369eb80	7	30378350	38251113	5469	0.2429
a7cf51ba-a017-4de1-ad5f-021d1369eb80	7	38254500	38309338	79	0.7863
a7cf51ba-a017-4de1-ad5f-021d1369eb80	7	38309503	38347842	41	0.4716
a7cf51ba-a017-4de1-ad5f-021d1369eb80	7	38351764	38356875	4	1.0828
a7cf51ba-a017-4de1-ad5f-021d1369eb80	7	38361356	53151219	10138	0.2197
a7cf51ba-a017-4de1-ad5f-021d1369eb80	7	53154695	53156532	3	-1.1955
a7cf51ba-a017-4de1-ad5f-021d1369eb80	7	53156879	54305455	841	0.2441
a7cf51ba-a017-4de1-ad5f-021d1369eb80	7	54318812	54318824	6	-2.0894
a7cf51ba-a017-4de1-ad5f-021d1369eb80	7	54325795	56687890	1555	0.2246
a7cf51ba-a017-4de1-ad5f-021d1369eb80	7	56688592	56701121	6	0.8368
a7cf51ba-a017-4de1-ad5f-021d1369eb80	7	56704473	56908389	53	0.1497
a7cf51ba-a017-4de1-ad5f-021d1369eb80	7	56997653	57086717	10	-0.5281
a7cf51ba-a017-4de1-ad5f-021d1369eb80	7	57088013	62695960	492	0.1602
a7cf51ba-a017-4de1-ad5f-021d1369eb80	7	62696111	62701896	16	-0.3573
a7cf51ba-a017-4de1-ad5f-021d1369eb80	7	62720732	62904872	26	0.1685
a7cf51ba-a017-4de1-ad5f-021d1369eb80	7	62904882	62909456	6	-0.4782
a7cf51ba-a017-4de1-ad5f-021d1369eb80	7	62924899	65502854	1032	0.2105
a7cf51ba-a017-4de1-ad5f-021d1369eb80	7	65539561	65539576	2	-1.1415
a7cf51ba-a017-4de1-ad5f-021d1369eb80	7	65560736	73852713	4305	0.21
a7cf51ba-a017-4de1-ad5f-021d1369eb80	7	73853254	82493997	4701	0.2592
a7cf51ba-a017-4de1-ad5f-021d1369eb80	7	82495562	84540153	1422	0.3137
a7cf51ba-a017-4de1-ad5f-021d1369eb80	7	84540319	86213367	942	0.2731
a7cf51ba-a017-4de1-ad5f-021d1369eb80	7	86215452	87303449	641	0.2404
a7cf51ba-a017-4de1-ad5f-021d1369eb80	7	87311487	87317572	3	-1.1023
a7cf51ba-a017-4de1-ad5f-021d1369eb80	7	87318911	89071761	1066	0.2545
a7cf51ba-a017-4de1-ad5f-021d1369eb80	7	89072032	89084014	7	-0.44
a7cf51ba-a017-4de1-ad5f-021d1369eb80	7	89085588	91578827	1680	0.2329
a7cf51ba-a017-4de1-ad5f-021d1369eb80	7	91589569	91589817	3	-1.3086
a7cf51ba-a017-4de1-ad5f-021d1369eb80	7	91595717	109793728	10454	0.2299
a7cf51ba-a017-4de1-ad5f-021d1369eb80	7	109793741	109797717	17	0.8094
a7cf51ba-a017-4de1-ad5f-021d1369eb80	7	109800860	109801155	8	0.0845
a7cf51ba-a017-4de1-ad5f-021d1369eb80	7	109801187	109813925	12	0.8466
a7cf51ba-a017-4de1-ad5f-021d1369eb80	7	109814172	126404920	10025	0.2445
a7cf51ba-a017-4de1-ad5f-021d1369eb80	7	126405428	126406561	12	-0.9731
a7cf51ba-a017-4de1-ad5f-021d1369eb80	7	126406822	131687653	3022	0.2285
a7cf51ba-a017-4de1-ad5f-021d1369eb80	7	131688398	131720243	19	0.5696
a7cf51ba-a017-4de1-ad5f-021d1369eb80	7	131720697	131903459	169	0.2174
a7cf51ba-a017-4de1-ad5f-021d1369eb80	7	131904241	133018011	848	0.1588
a7cf51ba-a017-4de1-ad5f-021d1369eb80	7	133018322	134100424	643	0.2118
a7cf51ba-a017-4de1-ad5f-021d1369eb80	7	134100442	134110881	24	0.8213
a7cf51ba-a017-4de1-ad5f-021d1369eb80	7	134110912	136491652	1695	0.2204
a7cf51ba-a017-4de1-ad5f-021d1369eb80	7	136491936	136492089	2	1.641
a7cf51ba-a017-4de1-ad5f-021d1369eb80	7	136492143	142063324	3502	0.226
a7cf51ba-a017-4de1-ad5f-021d1369eb80	7	142069843	142092307	34	-0.5274
a7cf51ba-a017-4de1-ad5f-021d1369eb80	7	142099190	142523057	338	0.2045
a7cf51ba-a017-4de1-ad5f-021d1369eb80	7	142544396	142785841	107	0.5254
a7cf51ba-a017-4de1-ad5f-021d1369eb80	7	142801993	150961162	4893	0.2346
a7cf51ba-a017-4de1-ad5f-021d1369eb80	7	150968452	151075830	38	0.6684
a7cf51ba-a017-4de1-ad5f-021d1369eb80	7	151078570	153450553	1393	0.2446
a7cf51ba-a017-4de1-ad5f-021d1369eb80	7	153450560	153450627	2	-2.461
a7cf51ba-a017-4de1-ad5f-021d1369eb80	7	153450630	153685338	212	0.2048
a7cf51ba-a017-4de1-ad5f-021d1369eb80	7	153698387	153702303	6	-0.7633
a7cf51ba-a017-4de1-ad5f-021d1369eb80	7	153702335	154092965	223	0.1739
a7cf51ba-a017-4de1-ad5f-021d1369eb80	7	154093796	154099927	2	-1.1294
a7cf51ba-a017-4de1-ad5f-021d1369eb80	7	154104301	154598185	408	0.2448
a7cf51ba-a017-4de1-ad5f-021d1369eb80	7	154601461	154607903	4	1.0708
a7cf51ba-a017-4de1-ad5f-021d1369eb80	7	154609120	155173669	570	0.2205
a7cf51ba-a017-4de1-ad5f-021d1369eb80	7	155173682	155175417	14	-0.1676
a7cf51ba-a017-4de1-ad5f-021d1369eb80	7	155176820	155412404	153	0.2379
a7cf51ba-a017-4de1-ad5f-021d1369eb80	7	155413823	155414572	4	-0.4311
a7cf51ba-a017-4de1-ad5f-021d1369eb80	7	155415881	155522038	78	0.2692
a7cf51ba-a017-4de1-ad5f-021d1369eb80	7	155524819	155533684	5	-0.1338
a7cf51ba-a017-4de1-ad5f-021d1369eb80	7	155533733	155671335	92	0.2427
a7cf51ba-a017-4de1-ad5f-021d1369eb80	7	155673169	155674244	2	-2.0606
a7cf51ba-a017-4de1-ad5f-021d1369eb80	7	155676942	159334314	2315	0.2188
a7cf51ba-a017-4de1-ad5f-021d1369eb80	8	81254	644973	324	0.2031
a7cf51ba-a017-4de1-ad5f-021d1369eb80	8	645220	645908	8	-1.0065
a7cf51ba-a017-4de1-ad5f-021d1369eb80	8	656117	3926665	3019	0.1945
a7cf51ba-a017-4de1-ad5f-021d1369eb80	8	3929538	3932584	24	-0.5966
a7cf51ba-a017-4de1-ad5f-021d1369eb80	8	3933696	4308756	695	0.1775
a7cf51ba-a017-4de1-ad5f-021d1369eb80	8	4308904	4309863	7	-0.7428
a7cf51ba-a017-4de1-ad5f-021d1369eb80	8	4309989	5743780	1929	0.1838
a7cf51ba-a017-4de1-ad5f-021d1369eb80	8	5743796	5749634	19	0.6275
a7cf51ba-a017-4de1-ad5f-021d1369eb80	8	5749692	6173667	540	0.1815
a7cf51ba-a017-4de1-ad5f-021d1369eb80	8	6174064	7397588	1183	0.2336
a7cf51ba-a017-4de1-ad5f-021d1369eb80	8	7414835	7886542	20	0.6143
a7cf51ba-a017-4de1-ad5f-021d1369eb80	8	7888457	8132772	21	-0.3861
a7cf51ba-a017-4de1-ad5f-021d1369eb80	8	8139659	28858290	16518	0.2459
a7cf51ba-a017-4de1-ad5f-021d1369eb80	8	28860826	39373140	6196	0.23
a7cf51ba-a017-4de1-ad5f-021d1369eb80	8	39378084	39529446	59	-0.0689
a7cf51ba-a017-4de1-ad5f-021d1369eb80	8	39530780	39973181	268	0.2484
a7cf51ba-a017-4de1-ad5f-021d1369eb80	8	39973438	39974128	3	-0.5698
a7cf51ba-a017-4de1-ad5f-021d1369eb80	8	39977300	40597897	579	0.2124
a7cf51ba-a017-4de1-ad5f-021d1369eb80	8	40598675	40617473	10	-0.2584
a7cf51ba-a017-4de1-ad5f-021d1369eb80	8	40617994	63694421	12631	0.2255
a7cf51ba-a017-4de1-ad5f-021d1369eb80	8	63698702	68285978	2563	0.191
a7cf51ba-a017-4de1-ad5f-021d1369eb80	8	68286040	86554427	10937	0.2289
a7cf51ba-a017-4de1-ad5f-021d1369eb80	8	86555077	90127347	2128	0.2597
a7cf51ba-a017-4de1-ad5f-021d1369eb80	8	90130144	99930962	5894	0.2111
a7cf51ba-a017-4de1-ad5f-021d1369eb80	8	99938162	114611768	8795	0.2441
a7cf51ba-a017-4de1-ad5f-021d1369eb80	8	114613873	114671507	57	0.4507
a7cf51ba-a017-4de1-ad5f-021d1369eb80	8	114671898	122995838	5676	0.2285
a7cf51ba-a017-4de1-ad5f-021d1369eb80	8	122995975	129701909	4748	0.1865
a7cf51ba-a017-4de1-ad5f-021d1369eb80	8	129708400	136881227	5639	0.2234
a7cf51ba-a017-4de1-ad5f-021d1369eb80	8	136882257	136882271	2	-1.9613
a7cf51ba-a017-4de1-ad5f-021d1369eb80	8	136888490	145072769	4974	0.2332
a7cf51ba-a017-4de1-ad5f-021d1369eb80	9	46587	27236646	23216	0.2297
a7cf51ba-a017-4de1-ad5f-021d1369eb80	9	27248179	27248646	5	-5.6718
a7cf51ba-a017-4de1-ad5f-021d1369eb80	9	27248729	38742424	7846	0.234
a7cf51ba-a017-4de1-ad5f-021d1369eb80	9	38743618	39807498	99	0.0489
a7cf51ba-a017-4de1-ad5f-021d1369eb80	9	39827488	39833357	2	-1.9333
a7cf51ba-a017-4de1-ad5f-021d1369eb80	9	39840169	61405110	194	0.1087
a7cf51ba-a017-4de1-ad5f-021d1369eb80	9	61520021	61629689	28	0.7907
a7cf51ba-a017-4de1-ad5f-021d1369eb80	9	61633080	64877074	124	-0.0142
a7cf51ba-a017-4de1-ad5f-021d1369eb80	9	64881149	72018371	2860	0.2192
a7cf51ba-a017-4de1-ad5f-021d1369eb80	9	72020686	74117590	1326	0.2879
a7cf51ba-a017-4de1-ad5f-021d1369eb80	9	74117647	87194224	9403	0.2267
a7cf51ba-a017-4de1-ad5f-021d1369eb80	9	87194935	94429360	4923	0.1859
a7cf51ba-a017-4de1-ad5f-021d1369eb80	9	94439233	116798805	16291	0.2325
a7cf51ba-a017-4de1-ad5f-021d1369eb80	9	116798981	116897594	101	-0.3484
a7cf51ba-a017-4de1-ad5f-021d1369eb80	9	116904042	127087796	7106	0.2283
a7cf51ba-a017-4de1-ad5f-021d1369eb80	9	127091232	129841741	1298	0.3018
a7cf51ba-a017-4de1-ad5f-021d1369eb80	9	129841791	129852157	21	-0.0778
a7cf51ba-a017-4de1-ad5f-021d1369eb80	9	129852171	138043623	4498	0.2415
a7cf51ba-a017-4de1-ad5f-021d1369eb80	9	138044300	138200944	119	0.119
a7cf51ba-a017-4de1-ad5f-021d1369eb80	10	45792	66015	7	0.0788
a7cf51ba-a017-4de1-ad5f-021d1369eb80	10	70119	6369109	5382	-0.3623
a7cf51ba-a017-4de1-ad5f-021d1369eb80	10	6369253	6369519	6	0.7993
a7cf51ba-a017-4de1-ad5f-021d1369eb80	10	6376792	24088745	13775	-0.3393
a7cf51ba-a017-4de1-ad5f-021d1369eb80	10	24088746	24089125	10	0.837
a7cf51ba-a017-4de1-ad5f-021d1369eb80	10	24089979	26934974	1982	-0.3349
a7cf51ba-a017-4de1-ad5f-021d1369eb80	10	26936975	26939544	13	0.5413
a7cf51ba-a017-4de1-ad5f-021d1369eb80	10	26941064	27308509	196	-0.3166
a7cf51ba-a017-4de1-ad5f-021d1369eb80	10	27318256	27402870	77	-0.6934
a7cf51ba-a017-4de1-ad5f-021d1369eb80	10	27405345	30781282	2644	-0.3579
a7cf51ba-a017-4de1-ad5f-021d1369eb80	10	30788467	50070600	9282	0.2095
a7cf51ba-a017-4de1-ad5f-021d1369eb80	10	50081224	50132160	4	-1.8438
a7cf51ba-a017-4de1-ad5f-021d1369eb80	10	50144008	53653213	2657	0.2231
a7cf51ba-a017-4de1-ad5f-021d1369eb80	10	53653356	57440081	2783	0.2752
a7cf51ba-a017-4de1-ad5f-021d1369eb80	10	57442594	57458735	7	-0.3363
a7cf51ba-a017-4de1-ad5f-021d1369eb80	10	57462294	65548951	5564	0.2658
a7cf51ba-a017-4de1-ad5f-021d1369eb80	10	65548979	65554688	21	0.8855
a7cf51ba-a017-4de1-ad5f-021d1369eb80	10	65563037	66984052	1104	0.2586
a7cf51ba-a017-4de1-ad5f-021d1369eb80	10	66984603	100833864	22052	0.232
a7cf51ba-a017-4de1-ad5f-021d1369eb80	10	100834063	100889892	42	0.684
a7cf51ba-a017-4de1-ad5f-021d1369eb80	10	100890487	133654968	23014	0.23
a7cf51ba-a017-4de1-ad5f-021d1369eb80	11	198510	4946021	2412	-0.3319
a7cf51ba-a017-4de1-ad5f-021d1369eb80	11	4946166	4954475	30	0.2554
a7cf51ba-a017-4de1-ad5f-021d1369eb80	11	4955027	5698228	713	-0.3623
a7cf51ba-a017-4de1-ad5f-021d1369eb80	11	5698437	5698489	2	-2.0714
a7cf51ba-a017-4de1-ad5f-021d1369eb80	11	5698605	5762452	68	-0.3363
a7cf51ba-a017-4de1-ad5f-021d1369eb80	11	5762693	5787909	34	0.0846
a7cf51ba-a017-4de1-ad5f-021d1369eb80	11	5788108	6635763	586	-0.3386
a7cf51ba-a017-4de1-ad5f-021d1369eb80	11	6641975	7169599	411	0.158
a7cf51ba-a017-4de1-ad5f-021d1369eb80	11	7169697	7791493	500	0.2361
a7cf51ba-a017-4de1-ad5f-021d1369eb80	11	7791913	7820036	9	-0.3381
a7cf51ba-a017-4de1-ad5f-021d1369eb80	11	7820250	7844895	20	0.2492
a7cf51ba-a017-4de1-ad5f-021d1369eb80	11	7846286	7848373	5	0.7233
a7cf51ba-a017-4de1-ad5f-021d1369eb80	11	7857629	8133597	203	0.2202
a7cf51ba-a017-4de1-ad5f-021d1369eb80	11	8145388	8165190	19	0.6279
a7cf51ba-a017-4de1-ad5f-021d1369eb80	11	8165835	23308964	11342	0.218
a7cf51ba-a017-4de1-ad5f-021d1369eb80	11	23311901	23408473	66	0.6495
a7cf51ba-a017-4de1-ad5f-021d1369eb80	11	23413866	54952548	17804	0.2247
a7cf51ba-a017-4de1-ad5f-021d1369eb80	11	54953347	54990815	2	1.9447
a7cf51ba-a017-4de1-ad5f-021d1369eb80	11	55006417	55608804	241	0.2114
a7cf51ba-a017-4de1-ad5f-021d1369eb80	11	55609022	55679989	48	0.6229
a7cf51ba-a017-4de1-ad5f-021d1369eb80	11	55685058	67556531	6161	0.2453
a7cf51ba-a017-4de1-ad5f-021d1369eb80	11	67557462	87872232	12497	0.2074
a7cf51ba-a017-4de1-ad5f-021d1369eb80	11	87874112	91558711	2264	0.1859
a7cf51ba-a017-4de1-ad5f-021d1369eb80	11	91558724	123675877	22701	0.1507
a7cf51ba-a017-4de1-ad5f-021d1369eb80	11	123676051	127000522	2424	0.2027
a7cf51ba-a017-4de1-ad5f-021d1369eb80	11	127001596	128788577	1534	0.135
a7cf51ba-a017-4de1-ad5f-021d1369eb80	11	128789824	132005748	2352	0.1829
a7cf51ba-a017-4de1-ad5f-021d1369eb80	11	132011007	132127701	110	0.5522
a7cf51ba-a017-4de1-ad5f-021d1369eb80	11	132127836	135011419	2188	0.1581
a7cf51ba-a017-4de1-ad5f-021d1369eb80	11	135018460	135074876	41	-0.3805
a7cf51ba-a017-4de1-ad5f-021d1369eb80	12	51460	3318489	2146	-0.3638
a7cf51ba-a017-4de1-ad5f-021d1369eb80	12	3318572	3319262	2	-2.4397
a7cf51ba-a017-4de1-ad5f-021d1369eb80	12	3319593	6129329	2373	-0.3677
a7cf51ba-a017-4de1-ad5f-021d1369eb80	12	6129427	9330467	1576	-0.2973
a7cf51ba-a017-4de1-ad5f-021d1369eb80	12	9330493	9474176	68	-0.494
a7cf51ba-a017-4de1-ad5f-021d1369eb80	12	9474642	9575696	26	0.2757
a7cf51ba-a017-4de1-ad5f-021d1369eb80	12	9582373	10427861	630	-0.3094
a7cf51ba-a017-4de1-ad5f-021d1369eb80	12	10430768	10434196	2	-2.0702
a7cf51ba-a017-4de1-ad5f-021d1369eb80	12	10434721	11061546	400	-0.3631
a7cf51ba-a017-4de1-ad5f-021d1369eb80	12	11062773	11088933	13	0.2066
a7cf51ba-a017-4de1-ad5f-021d1369eb80	12	11099275	12383285	983	-0.3111
a7cf51ba-a017-4de1-ad5f-021d1369eb80	12	12383363	12388935	16	-1.6828
a7cf51ba-a017-4de1-ad5f-021d1369eb80	12	12389946	13125112	506	-0.2933
a7cf51ba-a017-4de1-ad5f-021d1369eb80	12	13125502	13127548	4	-1.3043
a7cf51ba-a017-4de1-ad5f-021d1369eb80	12	13128490	13743985	631	-0.3476
a7cf51ba-a017-4de1-ad5f-021d1369eb80	12	13744527	13746428	2	-2.2492
a7cf51ba-a017-4de1-ad5f-021d1369eb80	12	13747209	15134542	853	-0.3028
a7cf51ba-a017-4de1-ad5f-021d1369eb80	12	15143876	15177603	40	-1.4445
a7cf51ba-a017-4de1-ad5f-021d1369eb80	12	15179933	25373314	6808	-0.3162
a7cf51ba-a017-4de1-ad5f-021d1369eb80	12	25373763	31237848	4367	-0.3464
a7cf51ba-a017-4de1-ad5f-021d1369eb80	12	31237969	32766639	1059	-0.2858
a7cf51ba-a017-4de1-ad5f-021d1369eb80	12	32766739	32769072	3	-1.3103
a7cf51ba-a017-4de1-ad5f-021d1369eb80	12	32770120	33141726	249	-0.2779
a7cf51ba-a017-4de1-ad5f-021d1369eb80	12	33148472	33154440	26	-1.3895
a7cf51ba-a017-4de1-ad5f-021d1369eb80	12	33155426	70478078	20744	-0.3261
a7cf51ba-a017-4de1-ad5f-021d1369eb80	12	70478895	70484247	9	-1.4916
a7cf51ba-a017-4de1-ad5f-021d1369eb80	12	70485605	86487001	9995	-0.3074
a7cf51ba-a017-4de1-ad5f-021d1369eb80	12	86488051	86488178	2	-1.9869
a7cf51ba-a017-4de1-ad5f-021d1369eb80	12	86496238	90089570	2043	-0.3113
a7cf51ba-a017-4de1-ad5f-021d1369eb80	12	90089573	90098297	8	-0.9395
a7cf51ba-a017-4de1-ad5f-021d1369eb80	12	90099780	103597505	9061	-0.326
a7cf51ba-a017-4de1-ad5f-021d1369eb80	12	103597804	109883460	4462	-0.3689
a7cf51ba-a017-4de1-ad5f-021d1369eb80	12	109889838	113552499	1919	-0.3121
a7cf51ba-a017-4de1-ad5f-021d1369eb80	12	113552764	117810261	3492	-0.3917
a7cf51ba-a017-4de1-ad5f-021d1369eb80	12	117812462	126456742	5129	-0.3301
a7cf51ba-a017-4de1-ad5f-021d1369eb80	12	126457370	131623604	4500	-0.3909
a7cf51ba-a017-4de1-ad5f-021d1369eb80	12	131630460	133201603	576	-0.3041
a7cf51ba-a017-4de1-ad5f-021d1369eb80	13	18452809	20158348	812	-0.2738
a7cf51ba-a017-4de1-ad5f-021d1369eb80	13	20158366	23055071	2038	-0.3631
a7cf51ba-a017-4de1-ad5f-021d1369eb80	13	23058539	23059376	12	0.3185
a7cf51ba-a017-4de1-ad5f-021d1369eb80	13	23064056	25404435	1752	-0.3461
a7cf51ba-a017-4de1-ad5f-021d1369eb80	13	25404900	25405518	2	-2.6621
a7cf51ba-a017-4de1-ad5f-021d1369eb80	13	25407025	37497899	8846	-0.3735
a7cf51ba-a017-4de1-ad5f-021d1369eb80	13	37498087	37510620	15	-1.2718
a7cf51ba-a017-4de1-ad5f-021d1369eb80	13	37514193	47302886	6817	-0.3484
a7cf51ba-a017-4de1-ad5f-021d1369eb80	13	47303376	48371012	723	-0.3019
a7cf51ba-a017-4de1-ad5f-021d1369eb80	13	48371834	48418674	52	0.1811
a7cf51ba-a017-4de1-ad5f-021d1369eb80	13	48422410	72157544	14154	-0.3163
a7cf51ba-a017-4de1-ad5f-021d1369eb80	13	72159096	72159315	2	-2.4089
a7cf51ba-a017-4de1-ad5f-021d1369eb80	13	72159565	106771527	23609	-0.327
a7cf51ba-a017-4de1-ad5f-021d1369eb80	13	106772237	106773477	3	-1.9816
a7cf51ba-a017-4de1-ad5f-021d1369eb80	13	106774335	107820932	859	-0.3096
a7cf51ba-a017-4de1-ad5f-021d1369eb80	13	107822625	114342922	4369	-0.3556
a7cf51ba-a017-4de1-ad5f-021d1369eb80	14	18239283	19294457	46	-0.1486
a7cf51ba-a017-4de1-ad5f-021d1369eb80	14	19294475	19944641	111	-0.7011
a7cf51ba-a017-4de1-ad5f-021d1369eb80	14	19945512	21928168	1369	-0.3246
a7cf51ba-a017-4de1-ad5f-021d1369eb80	14	21928296	22156145	192	-0.0729
a7cf51ba-a017-4de1-ad5f-021d1369eb80	14	22159015	22491845	272	0.1069
a7cf51ba-a017-4de1-ad5f-021d1369eb80	14	22496054	22506847	32	-0.0863
a7cf51ba-a017-4de1-ad5f-021d1369eb80	14	22508237	32166366	5765	-0.3209
a7cf51ba-a017-4de1-ad5f-021d1369eb80	14	32168596	34278300	1777	-0.3798
a7cf51ba-a017-4de1-ad5f-021d1369eb80	14	34279324	50329213	9520	-0.3121
a7cf51ba-a017-4de1-ad5f-021d1369eb80	14	50330163	50330226	2	-1.8835
a7cf51ba-a017-4de1-ad5f-021d1369eb80	14	50330888	50980053	398	-0.3086
a7cf51ba-a017-4de1-ad5f-021d1369eb80	14	50980593	59442947	5885	-0.3575
a7cf51ba-a017-4de1-ad5f-021d1369eb80	14	59443050	68375913	5371	-0.3117
a7cf51ba-a017-4de1-ad5f-021d1369eb80	14	68376514	80991971	8352	-0.3478
a7cf51ba-a017-4de1-ad5f-021d1369eb80	14	80995085	88974902	5260	-0.3218
a7cf51ba-a017-4de1-ad5f-021d1369eb80	14	88975264	88979087	3	-2.009
a7cf51ba-a017-4de1-ad5f-021d1369eb80	14	88980847	94959374	4013	-0.3386
a7cf51ba-a017-4de1-ad5f-021d1369eb80	14	94959699	96134380	929	-0.4087
a7cf51ba-a017-4de1-ad5f-021d1369eb80	14	96136335	106346129	5761	-0.3317
a7cf51ba-a017-4de1-ad5f-021d1369eb80	14	106360014	106365807	4	-1.3611
a7cf51ba-a017-4de1-ad5f-021d1369eb80	14	106369985	106433474	31	-0.2992
a7cf51ba-a017-4de1-ad5f-021d1369eb80	14	106434898	106462724	45	0.0118
a7cf51ba-a017-4de1-ad5f-021d1369eb80	14	106475361	106719325	122	-0.3828
a7cf51ba-a017-4de1-ad5f-021d1369eb80	14	106769689	106770361	4	-1.6924
a7cf51ba-a017-4de1-ad5f-021d1369eb80	14	106775945	106877229	68	-0.3738
a7cf51ba-a017-4de1-ad5f-021d1369eb80	15	19811075	20647785	141	0.1228
a7cf51ba-a017-4de1-ad5f-021d1369eb80	15	20649185	21417107	34	0.6156
a7cf51ba-a017-4de1-ad5f-021d1369eb80	15	21975606	22003073	4	2.1925
a7cf51ba-a017-4de1-ad5f-021d1369eb80	15	22005276	24500763	1066	0.2108
a7cf51ba-a017-4de1-ad5f-021d1369eb80	15	24504398	24518572	8	-0.5232
a7cf51ba-a017-4de1-ad5f-021d1369eb80	15	24525366	34434988	6179	0.2226
a7cf51ba-a017-4de1-ad5f-021d1369eb80	15	34435421	34526116	60	-0.5676
a7cf51ba-a017-4de1-ad5f-021d1369eb80	15	34570058	53902792	11932	0.2345
a7cf51ba-a017-4de1-ad5f-021d1369eb80	15	53908153	53909163	2	-2.4892
a7cf51ba-a017-4de1-ad5f-021d1369eb80	15	53912031	55789089	1291	0.2164
a7cf51ba-a017-4de1-ad5f-021d1369eb80	15	55790776	55795629	7	-0.6685
a7cf51ba-a017-4de1-ad5f-021d1369eb80	15	55798411	87162196	19781	0.2182
a7cf51ba-a017-4de1-ad5f-021d1369eb80	15	87166835	87167296	4	-0.7669
a7cf51ba-a017-4de1-ad5f-021d1369eb80	15	87167963	88500992	1026	0.2031
a7cf51ba-a017-4de1-ad5f-021d1369eb80	15	88501034	91248409	1728	0.271
a7cf51ba-a017-4de1-ad5f-021d1369eb80	15	91251404	93263190	1737	0.2296
a7cf51ba-a017-4de1-ad5f-021d1369eb80	15	93263248	93341552	95	-0.2972
a7cf51ba-a017-4de1-ad5f-021d1369eb80	15	93341879	99943269	4899	0.2407
a7cf51ba-a017-4de1-ad5f-021d1369eb80	15	99952501	100345707	387	0.141
a7cf51ba-a017-4de1-ad5f-021d1369eb80	15	100347138	101928837	1159	0.2266
a7cf51ba-a017-4de1-ad5f-021d1369eb80	16	10777	5329093	2359	-0.3127
a7cf51ba-a017-4de1-ad5f-021d1369eb80	16	5330159	10138229	5254	-0.3953
a7cf51ba-a017-4de1-ad5f-021d1369eb80	16	10143137	19933041	5835	-0.3529
a7cf51ba-a017-4de1-ad5f-021d1369eb80	16	19934328	19954553	28	-1.9154
a7cf51ba-a017-4de1-ad5f-021d1369eb80	16	19956040	28138452	5226	-0.3675
a7cf51ba-a017-4de1-ad5f-021d1369eb80	16	28138592	35118546	1359	-0.2774
a7cf51ba-a017-4de1-ad5f-021d1369eb80	16	35119001	53183673	4672	-0.3453
a7cf51ba-a017-4de1-ad5f-021d1369eb80	16	53185648	53848745	530	-0.3021
a7cf51ba-a017-4de1-ad5f-021d1369eb80	16	53848947	55970866	1782	-0.3922
a7cf51ba-a017-4de1-ad5f-021d1369eb80	16	55971266	74853874	11179	-0.3286
a7cf51ba-a017-4de1-ad5f-021d1369eb80	16	74860417	74863350	4	-1.3265
a7cf51ba-a017-4de1-ad5f-021d1369eb80	16	74866030	77808149	2426	-0.3164
a7cf51ba-a017-4de1-ad5f-021d1369eb80	16	77808564	78054004	264	-0.3897
a7cf51ba-a017-4de1-ad5f-021d1369eb80	16	78054075	78054114	2	-1.7623
a7cf51ba-a017-4de1-ad5f-021d1369eb80	16	78055493	78337711	251	-0.3747
a7cf51ba-a017-4de1-ad5f-021d1369eb80	16	78338543	78350841	16	0.2043
a7cf51ba-a017-4de1-ad5f-021d1369eb80	16	78350868	78402853	83	-0.372
a7cf51ba-a017-4de1-ad5f-021d1369eb80	16	78405202	78452210	48	0.1992
a7cf51ba-a017-4de1-ad5f-021d1369eb80	16	78453980	90096867	10469	-0.3731
a7cf51ba-a017-4de1-ad5f-021d1369eb80	17	150733	18414080	11373	-0.3454
a7cf51ba-a017-4de1-ad5f-021d1369eb80	17	18452078	18550123	25	-1.2564
a7cf51ba-a017-4de1-ad5f-021d1369eb80	17	18561272	31154357	3386	-0.3221
a7cf51ba-a017-4de1-ad5f-021d1369eb80	17	31157297	31524217	164	-1.2077
a7cf51ba-a017-4de1-ad5f-021d1369eb80	17	31525074	31525635	2	-7.3514
a7cf51ba-a017-4de1-ad5f-021d1369eb80	17	31527787	31759906	142	-1.6429
a7cf51ba-a017-4de1-ad5f-021d1369eb80	17	31766264	32834086	548	-0.3134
a7cf51ba-a017-4de1-ad5f-021d1369eb80	17	32843381	33935897	1016	-0.4423
a7cf51ba-a017-4de1-ad5f-021d1369eb80	17	33938398	33939947	2	-2.5294
a7cf51ba-a017-4de1-ad5f-021d1369eb80	17	33942062	34701193	722	-0.4434
a7cf51ba-a017-4de1-ad5f-021d1369eb80	17	34701349	37450401	1570	-0.3616
a7cf51ba-a017-4de1-ad5f-021d1369eb80	17	37453278	37535830	47	0.2059
a7cf51ba-a017-4de1-ad5f-021d1369eb80	17	37536021	37768492	158	-0.3541
a7cf51ba-a017-4de1-ad5f-021d1369eb80	17	37768513	37876720	73	-0.5711
a7cf51ba-a017-4de1-ad5f-021d1369eb80	17	37883228	41266838	1549	-0.327
a7cf51ba-a017-4de1-ad5f-021d1369eb80	17	41266851	41274198	18	-1.0501
a7cf51ba-a017-4de1-ad5f-021d1369eb80	17	41274279	41550474	269	-0.3769
a7cf51ba-a017-4de1-ad5f-021d1369eb80	17	41551041	43322294	828	-0.2747
a7cf51ba-a017-4de1-ad5f-021d1369eb80	17	43338154	43354897	9	-0.5443
a7cf51ba-a017-4de1-ad5f-021d1369eb80	17	43361222	43362553	3	-1.6816
a7cf51ba-a017-4de1-ad5f-021d1369eb80	17	43366336	45365868	1000	-0.29
a7cf51ba-a017-4de1-ad5f-021d1369eb80	17	45370145	46071377	379	-0.4665
a7cf51ba-a017-4de1-ad5f-021d1369eb80	17	46073421	73423064	16599	-0.3458
a7cf51ba-a017-4de1-ad5f-021d1369eb80	17	73423611	74897033	982	-0.4225
a7cf51ba-a017-4de1-ad5f-021d1369eb80	17	74897639	78642546	2004	-0.3087
a7cf51ba-a017-4de1-ad5f-021d1369eb80	17	78644609	78648485	3	-3.6006
a7cf51ba-a017-4de1-ad5f-021d1369eb80	17	78652444	79369452	467	-0.331
a7cf51ba-a017-4de1-ad5f-021d1369eb80	17	79370707	79393019	18	0.3716
a7cf51ba-a017-4de1-ad5f-021d1369eb80	17	79404541	83091923	1600	-0.3238
a7cf51ba-a017-4de1-ad5f-021d1369eb80	18	48133	1926371	1339	0.2551
a7cf51ba-a017-4de1-ad5f-021d1369eb80	18	1927646	1928233	8	-0.6603
a7cf51ba-a017-4de1-ad5f-021d1369eb80	18	1929805	2552887	483	0.2265
a7cf51ba-a017-4de1-ad5f-021d1369eb80	18	2555870	4446168	1391	0.2935
a7cf51ba-a017-4de1-ad5f-021d1369eb80	18	4446528	5961068	994	0.2456
a7cf51ba-a017-4de1-ad5f-021d1369eb80	18	5962015	6088452	122	0.0796
a7cf51ba-a017-4de1-ad5f-021d1369eb80	18	6088791	32390213	13131	0.2387
a7cf51ba-a017-4de1-ad5f-021d1369eb80	18	32392434	32392761	2	-1.2709
a7cf51ba-a017-4de1-ad5f-021d1369eb80	18	32392811	40678763	5304	0.2363
a7cf51ba-a017-4de1-ad5f-021d1369eb80	18	40680456	40689848	22	-0.4129
a7cf51ba-a017-4de1-ad5f-021d1369eb80	18	40690108	53740491	8964	0.2364
a7cf51ba-a017-4de1-ad5f-021d1369eb80	18	53740727	53741022	6	-0.982
a7cf51ba-a017-4de1-ad5f-021d1369eb80	18	53741814	58871664	3337	0.2329
a7cf51ba-a017-4de1-ad5f-021d1369eb80	18	58872339	61567972	2018	-0.3275
a7cf51ba-a017-4de1-ad5f-021d1369eb80	18	61571217	61694014	111	0.2302
a7cf51ba-a017-4de1-ad5f-021d1369eb80	18	61699539	64508642	1992	-0.3341
a7cf51ba-a017-4de1-ad5f-021d1369eb80	18	64508842	64509065	2	-1.8821
a7cf51ba-a017-4de1-ad5f-021d1369eb80	18	64510272	73291900	6381	-0.3138
a7cf51ba-a017-4de1-ad5f-021d1369eb80	18	73292554	73292823	2	-2.3726
a7cf51ba-a017-4de1-ad5f-021d1369eb80	18	73292877	80257174	5088	-0.3526
a7cf51ba-a017-4de1-ad5f-021d1369eb80	19	90910	2663851	646	-0.2826
a7cf51ba-a017-4de1-ad5f-021d1369eb80	19	2668613	2676781	2	-2.2869
a7cf51ba-a017-4de1-ad5f-021d1369eb80	19	2678114	4755183	615	-0.3017
a7cf51ba-a017-4de1-ad5f-021d1369eb80	19	4765777	9866472	2492	0.2745
a7cf51ba-a017-4de1-ad5f-021d1369eb80	19	9866668	11659201	774	0.3453
a7cf51ba-a017-4de1-ad5f-021d1369eb80	19	11659622	12581187	510	0.23
a7cf51ba-a017-4de1-ad5f-021d1369eb80	19	12586552	12587288	2	-2.0327
a7cf51ba-a017-4de1-ad5f-021d1369eb80	19	12589709	23970243	5914	0.2752
a7cf51ba-a017-4de1-ad5f-021d1369eb80	19	23971174	32318618	3777	0.2267
a7cf51ba-a017-4de1-ad5f-021d1369eb80	19	32318845	34994365	1706	0.2786
a7cf51ba-a017-4de1-ad5f-021d1369eb80	19	35001193	35178878	115	-0.2845
a7cf51ba-a017-4de1-ad5f-021d1369eb80	19	35178951	35182430	12	-0.7869
a7cf51ba-a017-4de1-ad5f-021d1369eb80	19	35186655	35358420	136	-0.2703
a7cf51ba-a017-4de1-ad5f-021d1369eb80	19	35364451	35370946	21	-1.7587
a7cf51ba-a017-4de1-ad5f-021d1369eb80	19	35375842	36354973	441	-0.2827
a7cf51ba-a017-4de1-ad5f-021d1369eb80	19	36355248	36356596	10	-1.1049
a7cf51ba-a017-4de1-ad5f-021d1369eb80	19	36356735	39499605	1577	-0.2964
a7cf51ba-a017-4de1-ad5f-021d1369eb80	19	39514365	39545029	14	0.2538
a7cf51ba-a017-4de1-ad5f-021d1369eb80	19	39545240	40846832	727	-0.3102
a7cf51ba-a017-4de1-ad5f-021d1369eb80	19	40854267	40863094	13	-1.7941
a7cf51ba-a017-4de1-ad5f-021d1369eb80	19	40863500	55771003	7741	-0.3168
a7cf51ba-a017-4de1-ad5f-021d1369eb80	19	55771169	55771701	3	-2.3493
a7cf51ba-a017-4de1-ad5f-021d1369eb80	19	55774927	58586487	1839	-0.3502
a7cf51ba-a017-4de1-ad5f-021d1369eb80	20	80664	153522	51	0.0668
a7cf51ba-a017-4de1-ad5f-021d1369eb80	20	153835	955436	648	0.2323
a7cf51ba-a017-4de1-ad5f-021d1369eb80	20	960669	1571811	482	0.1481
a7cf51ba-a017-4de1-ad5f-021d1369eb80	20	1576544	1580353	21	-2.362
a7cf51ba-a017-4de1-ad5f-021d1369eb80	20	1580934	1601446	35	-0.6958
a7cf51ba-a017-4de1-ad5f-021d1369eb80	20	1601561	1613247	6	1.1207
a7cf51ba-a017-4de1-ad5f-021d1369eb80	20	1617300	2748907	982	0.1743
a7cf51ba-a017-4de1-ad5f-021d1369eb80	20	2751167	12822107	7650	0.245
a7cf51ba-a017-4de1-ad5f-021d1369eb80	20	12823040	14820847	1308	0.1927
a7cf51ba-a017-4de1-ad5f-021d1369eb80	20	14821079	14821267	3	-1.727
a7cf51ba-a017-4de1-ad5f-021d1369eb80	20	14826069	61644427	29985	0.2125
a7cf51ba-a017-4de1-ad5f-021d1369eb80	20	61646245	63588295	878	0.2887
a7cf51ba-a017-4de1-ad5f-021d1369eb80	20	63588484	64324800	314	0.2076
a7cf51ba-a017-4de1-ad5f-021d1369eb80	21	10354168	20134399	4620	-0.2947
a7cf51ba-a017-4de1-ad5f-021d1369eb80	21	20135283	20162527	10	0.3055
a7cf51ba-a017-4de1-ad5f-021d1369eb80	21	20163078	26908194	5211	-0.32
a7cf51ba-a017-4de1-ad5f-021d1369eb80	21	26910341	26911285	4	-2.167
a7cf51ba-a017-4de1-ad5f-021d1369eb80	21	26911831	34269568	5218	-0.3343
a7cf51ba-a017-4de1-ad5f-021d1369eb80	21	34271717	34271738	2	-2.6335
a7cf51ba-a017-4de1-ad5f-021d1369eb80	21	34274804	45407957	8032	-0.3541
a7cf51ba-a017-4de1-ad5f-021d1369eb80	21	45419655	45444973	12	-0.985
a7cf51ba-a017-4de1-ad5f-021d1369eb80	21	45448178	46677045	714	-0.3862
a7cf51ba-a017-4de1-ad5f-021d1369eb80	22	15294547	23987520	4388	-0.3696
a7cf51ba-a017-4de1-ad5f-021d1369eb80	22	23988078	23989773	2	-3.0265
a7cf51ba-a017-4de1-ad5f-021d1369eb80	22	23990431	28568186	3803	-0.3835
a7cf51ba-a017-4de1-ad5f-021d1369eb80	22	28570359	32730625	2473	-0.3251
a7cf51ba-a017-4de1-ad5f-021d1369eb80	22	32731430	36375211	3073	-0.3847
a7cf51ba-a017-4de1-ad5f-021d1369eb80	22	36376708	38894915	1433	-0.3151
a7cf51ba-a017-4de1-ad5f-021d1369eb80	22	38899250	38900899	3	-1.8295
a7cf51ba-a017-4de1-ad5f-021d1369eb80	22	38903109	39361710	225	-0.3038
a7cf51ba-a017-4de1-ad5f-021d1369eb80	22	39362928	39368819	4	-1.4883
a7cf51ba-a017-4de1-ad5f-021d1369eb80	22	39369220	44998263	3559	-0.3226
a7cf51ba-a017-4de1-ad5f-021d1369eb80	22	44998859	45000704	5	-1.5765
a7cf51ba-a017-4de1-ad5f-021d1369eb80	22	45001626	46910293	1224	-0.3207
a7cf51ba-a017-4de1-ad5f-021d1369eb80	22	46911281	48964785	1880	-0.3879
a7cf51ba-a017-4de1-ad5f-021d1369eb80	22	48965059	49433883	487	-0.5359
a7cf51ba-a017-4de1-ad5f-021d1369eb80	22	49434011	50796027	671	-0.3583
a7cf51ba-a017-4de1-ad5f-021d1369eb80	X	251810	5638460	2192	-0.0063
a7cf51ba-a017-4de1-ad5f-021d1369eb80	X	5639994	12205586	4933	0.0282
a7cf51ba-a017-4de1-ad5f-021d1369eb80	X	12205687	14374100	1634	0.0724
a7cf51ba-a017-4de1-ad5f-021d1369eb80	X	14374664	24429097	6087	0.0222
a7cf51ba-a017-4de1-ad5f-021d1369eb80	X	24432569	41099496	10500	-0.0003
a7cf51ba-a017-4de1-ad5f-021d1369eb80	X	41101787	41136567	26	0.4095
a7cf51ba-a017-4de1-ad5f-021d1369eb80	X	41137830	48111680	3672	-0.0105
a7cf51ba-a017-4de1-ad5f-021d1369eb80	X	48116469	48149065	10	-0.5353
a7cf51ba-a017-4de1-ad5f-021d1369eb80	X	48151970	58059478	4226	-0.0117
a7cf51ba-a017-4de1-ad5f-021d1369eb80	X	58059910	62833584	149	0.1404
a7cf51ba-a017-4de1-ad5f-021d1369eb80	X	62837133	63672223	269	-0.0146
a7cf51ba-a017-4de1-ad5f-021d1369eb80	X	63677115	63782881	40	-0.6666
a7cf51ba-a017-4de1-ad5f-021d1369eb80	X	63787121	68708734	2248	-0.0141
a7cf51ba-a017-4de1-ad5f-021d1369eb80	X	68710975	70582479	1007	0.0451
a7cf51ba-a017-4de1-ad5f-021d1369eb80	X	70585456	80816699	4472	-0.0316
a7cf51ba-a017-4de1-ad5f-021d1369eb80	X	80819360	93571595	6578	0.008
a7cf51ba-a017-4de1-ad5f-021d1369eb80	X	93572387	96423658	1677	0.0479
a7cf51ba-a017-4de1-ad5f-021d1369eb80	X	96425931	106748108	5408	-0.0085
a7cf51ba-a017-4de1-ad5f-021d1369eb80	X	106748214	110971307	2287	0.0455
a7cf51ba-a017-4de1-ad5f-021d1369eb80	X	110983042	117461743	3630	-0.0018
a7cf51ba-a017-4de1-ad5f-021d1369eb80	X	117463322	141640048	13763	-0.019
a7cf51ba-a017-4de1-ad5f-021d1369eb80	X	141647349	155952689	8807	0.0095
a7cf51ba-a017-4de1-ad5f-021d1369eb80	Y	2782397	6249869	785	-2.545
a7cf51ba-a017-4de1-ad5f-021d1369eb80	Y	6252391	25971733	5682	-3.0717
a7cf51ba-a017-4de1-ad5f-021d1369eb80	Y	26077669	56872112	172	-2.6681
