GDC_Aliquot	Chromosome	Start	End	Num_Probes	Segment_Mean
0cdf9edf-2d56-4622-b540-953f9d17bb66	1	3301765	247650984	129757	0.0061
0cdf9edf-2d56-4622-b540-953f9d17bb66	2	480597	175788762	94623	0.0065
0cdf9edf-2d56-4622-b540-953f9d17bb66	2	175791386	175791913	2	-1.596
0cdf9edf-2d56-4622-b540-953f9d17bb66	2	175792418	196912006	10810	0.0058
0cdf9edf-2d56-4622-b540-953f9d17bb66	2	196912865	196913324	2	-1.5836
0cdf9edf-2d56-4622-b540-953f9d17bb66	2	196915035	197891107	471	0.0231
0cdf9edf-2d56-4622-b540-953f9d17bb66	2	197893977	197896617	3	-0.966
0cdf9edf-2d56-4622-b540-953f9d17bb66	2	197897818	218736047	12465	0.0079
0cdf9edf-2d56-4622-b540-953f9d17bb66	2	218739603	218775418	20	-0.9768
0cdf9edf-2d56-4622-b540-953f9d17bb66	2	218777878	241537572	13827	0.0076
0cdf9edf-2d56-4622-b540-953f9d17bb66	3	2170634	27433249	14852	0.0099
0cdf9edf-2d56-4622-b540-953f9d17bb66	3	27442404	27444096	2	-1.2278
0cdf9edf-2d56-4622-b540-953f9d17bb66	3	27453675	30149632	1832	0.0001
0cdf9edf-2d56-4622-b540-953f9d17bb66	3	30151053	30151074	2	-2.2039
0cdf9edf-2d56-4622-b540-953f9d17bb66	3	30151286	197812401	90518	0.0085
0cdf9edf-2d56-4622-b540-953f9d17bb66	4	1059384	82746858	45903	0.0093
0cdf9edf-2d56-4622-b540-953f9d17bb66	4	82747477	82747649	2	-1.5541
0cdf9edf-2d56-4622-b540-953f9d17bb66	4	82750922	187842528	57624	0.0077
0cdf9edf-2d56-4622-b540-953f9d17bb66	5	913983	3269544	1326	0.0159
0cdf9edf-2d56-4622-b540-953f9d17bb66	5	3269664	3269872	3	-1.6059
0cdf9edf-2d56-4622-b540-953f9d17bb66	5	3272615	180934240	99827	0.0071
0cdf9edf-2d56-4622-b540-953f9d17bb66	6	1011760	50925015	30117	0.0093
0cdf9edf-2d56-4622-b540-953f9d17bb66	6	50925538	50925578	2	1.5457
0cdf9edf-2d56-4622-b540-953f9d17bb66	6	50931560	150812125	55575	0.0028
0cdf9edf-2d56-4622-b540-953f9d17bb66	6	150819733	150820484	3	-1.1073
0cdf9edf-2d56-4622-b540-953f9d17bb66	6	150822436	170596889	11490	0.0071
0cdf9edf-2d56-4622-b540-953f9d17bb66	7	664936	9444866	3528	0.0031
0cdf9edf-2d56-4622-b540-953f9d17bb66	7	9449643	9491449	31	0.6228
0cdf9edf-2d56-4622-b540-953f9d17bb66	7	9506647	158592540	78404	0.0051
0cdf9edf-2d56-4622-b540-953f9d17bb66	8	667625	144182542	82247	0.0064
0cdf9edf-2d56-4622-b540-953f9d17bb66	9	789794	6121460	3658	0.0132
0cdf9edf-2d56-4622-b540-953f9d17bb66	9	6124250	6124359	2	-1.481
0cdf9edf-2d56-4622-b540-953f9d17bb66	9	6125353	128050917	59929	0.0054
0cdf9edf-2d56-4622-b540-953f9d17bb66	9	128052948	128053746	3	-1.3903
0cdf9edf-2d56-4622-b540-953f9d17bb66	9	128056358	135946459	4353	0.0213
0cdf9edf-2d56-4622-b540-953f9d17bb66	9	135949143	135968281	3	-1.0475
0cdf9edf-2d56-4622-b540-953f9d17bb66	9	135970387	138044505	549	-0.0032
0cdf9edf-2d56-4622-b540-953f9d17bb66	10	366509	133411599	81299	0.0066
0cdf9edf-2d56-4622-b540-953f9d17bb66	11	456012	69772815	36725	0.0058
0cdf9edf-2d56-4622-b540-953f9d17bb66	11	69778046	69778408	2	-1.3288
0cdf9edf-2d56-4622-b540-953f9d17bb66	11	69779237	134272740	40872	0.0072
0cdf9edf-2d56-4622-b540-953f9d17bb66	12	780472	132605822	74360	0.0062
0cdf9edf-2d56-4622-b540-953f9d17bb66	13	18874255	110504586	55232	0.0095
0cdf9edf-2d56-4622-b540-953f9d17bb66	13	110507957	110509739	3	-1.0631
0cdf9edf-2d56-4622-b540-953f9d17bb66	13	110511186	111517720	657	0.023
0cdf9edf-2d56-4622-b540-953f9d17bb66	13	111518677	111518766	2	1.208
0cdf9edf-2d56-4622-b540-953f9d17bb66	13	111521972	114226675	1121	0.0049
0cdf9edf-2d56-4622-b540-953f9d17bb66	14	20033191	64739151	24941	0.0046
0cdf9edf-2d56-4622-b540-953f9d17bb66	14	64739718	64740324	3	-1.2124
0cdf9edf-2d56-4622-b540-953f9d17bb66	14	64740470	105533894	24861	0.0052
0cdf9edf-2d56-4622-b540-953f9d17bb66	15	23437561	38393461	7196	-0.0007
0cdf9edf-2d56-4622-b540-953f9d17bb66	15	38395727	38396589	2	-1.3084
0cdf9edf-2d56-4622-b540-953f9d17bb66	15	38396870	58780072	12034	0.0071
0cdf9edf-2d56-4622-b540-953f9d17bb66	15	58792856	58793952	2	-1.8035
0cdf9edf-2d56-4622-b540-953f9d17bb66	15	58794504	76093508	10644	0.006
0cdf9edf-2d56-4622-b540-953f9d17bb66	15	76101893	76102078	2	-1.4013
0cdf9edf-2d56-4622-b540-953f9d17bb66	15	76102472	101344124	14907	0.0079
0cdf9edf-2d56-4622-b540-953f9d17bb66	16	603333	63352869	24958	0.003
0cdf9edf-2d56-4622-b540-953f9d17bb66	16	63357499	63357805	2	-1.2822
0cdf9edf-2d56-4622-b540-953f9d17bb66	16	63358921	65428955	1403	0.0134
0cdf9edf-2d56-4622-b540-953f9d17bb66	16	65429379	65429852	4	-1.065
0cdf9edf-2d56-4622-b540-953f9d17bb66	16	65430122	89317317	14843	0.0003
0cdf9edf-2d56-4622-b540-953f9d17bb66	17	1074619	82959812	37270	0.0064
0cdf9edf-2d56-4622-b540-953f9d17bb66	18	326691	74376535	39663	0.0091
0cdf9edf-2d56-4622-b540-953f9d17bb66	18	74376936	74378546	2	-1.4843
0cdf9edf-2d56-4622-b540-953f9d17bb66	18	74378695	79349796	3319	0.0161
0cdf9edf-2d56-4622-b540-953f9d17bb66	19	283868	30100073	10874	0.0074
0cdf9edf-2d56-4622-b540-953f9d17bb66	19	30100338	30112626	2	-1.4448
0cdf9edf-2d56-4622-b540-953f9d17bb66	19	30112736	58370362	13276	0.0045
0cdf9edf-2d56-4622-b540-953f9d17bb66	20	472817	60319821	35737	0.0099
0cdf9edf-2d56-4622-b540-953f9d17bb66	20	60321657	60322320	5	-1.276
0cdf9edf-2d56-4622-b540-953f9d17bb66	20	60324015	63588502	1815	0.0079
0cdf9edf-2d56-4622-b540-953f9d17bb66	21	13974127	34963726	13429	0.0056
0cdf9edf-2d56-4622-b540-953f9d17bb66	21	34964600	34964848	4	0.9439
0cdf9edf-2d56-4622-b540-953f9d17bb66	21	34965357	46262057	7165	0.0055
0cdf9edf-2d56-4622-b540-953f9d17bb66	22	16934932	48940621	17091	0.0065
0cdf9edf-2d56-4622-b540-953f9d17bb66	X	3236359	155677414	63965	0.0061
