GDC_Aliquot	Chromosome	Start	End	Num_Probes	Segment_Mean
392b121a-b608-4ef8-9010-bab7ed21926b	1	62920	16785682	8700	0.0049
392b121a-b608-4ef8-9010-bab7ed21926b	1	16787932	16935752	58	-0.4899
392b121a-b608-4ef8-9010-bab7ed21926b	1	16949746	25256850	5259	0.0082
392b121a-b608-4ef8-9010-bab7ed21926b	1	25266637	25320455	24	-0.4851
392b121a-b608-4ef8-9010-bab7ed21926b	1	25336819	72303233	28741	0.0057
392b121a-b608-4ef8-9010-bab7ed21926b	1	72303253	72313397	9	2.3298
392b121a-b608-4ef8-9010-bab7ed21926b	1	72313408	72345465	36	1.0797
392b121a-b608-4ef8-9010-bab7ed21926b	1	72346221	74725098	1448	0.018
392b121a-b608-4ef8-9010-bab7ed21926b	1	74727351	74733606	3	-1.5495
392b121a-b608-4ef8-9010-bab7ed21926b	1	74734100	86695954	7908	0.0054
392b121a-b608-4ef8-9010-bab7ed21926b	1	86697550	86699910	3	-1.498
392b121a-b608-4ef8-9010-bab7ed21926b	1	86706044	98710701	7547	0.0058
392b121a-b608-4ef8-9010-bab7ed21926b	1	98711772	98714456	3	-1.1459
392b121a-b608-4ef8-9010-bab7ed21926b	1	98714551	99904217	868	0.0055
392b121a-b608-4ef8-9010-bab7ed21926b	1	99906499	99906514	2	-1.3172
392b121a-b608-4ef8-9010-bab7ed21926b	1	99906686	103614714	2251	0.0066
392b121a-b608-4ef8-9010-bab7ed21926b	1	103615687	103616762	3	-1.2183
392b121a-b608-4ef8-9010-bab7ed21926b	1	103620877	105470754	924	0.007
392b121a-b608-4ef8-9010-bab7ed21926b	1	105476583	105479753	17	0.4918
392b121a-b608-4ef8-9010-bab7ed21926b	1	105481433	109690352	2637	0.0012
392b121a-b608-4ef8-9010-bab7ed21926b	1	109690415	109697556	12	1.0184
392b121a-b608-4ef8-9010-bab7ed21926b	1	109702376	112147704	1950	0.0047
392b121a-b608-4ef8-9010-bab7ed21926b	1	112153343	112154619	23	0.5494
392b121a-b608-4ef8-9010-bab7ed21926b	1	112154754	143927887	5292	0.012
392b121a-b608-4ef8-9010-bab7ed21926b	1	143928045	144487217	14	-0.6152
392b121a-b608-4ef8-9010-bab7ed21926b	1	144491166	152583051	2304	0.0025
392b121a-b608-4ef8-9010-bab7ed21926b	1	152583230	152614118	35	-2.1092
392b121a-b608-4ef8-9010-bab7ed21926b	1	152618018	152789532	171	0.0156
392b121a-b608-4ef8-9010-bab7ed21926b	1	152789570	152796224	33	-0.4038
392b121a-b608-4ef8-9010-bab7ed21926b	1	152801429	153016845	167	-0.0199
392b121a-b608-4ef8-9010-bab7ed21926b	1	153018584	153028238	5	-0.8984
392b121a-b608-4ef8-9010-bab7ed21926b	1	153028502	196740316	29285	0.006
392b121a-b608-4ef8-9010-bab7ed21926b	1	196740630	196832525	62	0.4024
392b121a-b608-4ef8-9010-bab7ed21926b	1	196832720	196875463	34	-0.1833
392b121a-b608-4ef8-9010-bab7ed21926b	1	196876484	199135173	1331	0.0124
392b121a-b608-4ef8-9010-bab7ed21926b	1	199135369	199142235	15	-0.2501
392b121a-b608-4ef8-9010-bab7ed21926b	1	199142298	199144712	8	-2.3711
392b121a-b608-4ef8-9010-bab7ed21926b	1	199145110	222843064	16344	0.0094
392b121a-b608-4ef8-9010-bab7ed21926b	1	222843983	222850427	6	-0.7728
392b121a-b608-4ef8-9010-bab7ed21926b	1	222853375	225482642	1638	-0.0015
392b121a-b608-4ef8-9010-bab7ed21926b	1	225485591	225486082	3	-1.1985
392b121a-b608-4ef8-9010-bab7ed21926b	1	225486553	238691981	9382	0.003
392b121a-b608-4ef8-9010-bab7ed21926b	1	238692338	238692794	3	-1.1188
392b121a-b608-4ef8-9010-bab7ed21926b	1	238699149	238847963	134	0.0171
392b121a-b608-4ef8-9010-bab7ed21926b	1	238848501	238848690	2	-1.2142
392b121a-b608-4ef8-9010-bab7ed21926b	1	238849135	247988743	6452	0.0189
392b121a-b608-4ef8-9010-bab7ed21926b	1	247991526	247992410	2	-1.3734
392b121a-b608-4ef8-9010-bab7ed21926b	1	247995005	248930189	462	0.0025
392b121a-b608-4ef8-9010-bab7ed21926b	2	12784	4158097	2986	-0.006
392b121a-b608-4ef8-9010-bab7ed21926b	2	4166274	4174949	32	0.3281
392b121a-b608-4ef8-9010-bab7ed21926b	2	4175059	34476327	21071	0.0009
392b121a-b608-4ef8-9010-bab7ed21926b	2	34476516	34511990	44	0.7936
392b121a-b608-4ef8-9010-bab7ed21926b	2	34512096	52516787	13006	0.0069
392b121a-b608-4ef8-9010-bab7ed21926b	2	52527330	52554404	40	0.6258
392b121a-b608-4ef8-9010-bab7ed21926b	2	52560811	65489482	8244	-0.0002
392b121a-b608-4ef8-9010-bab7ed21926b	2	65490878	65490956	2	-1.3641
392b121a-b608-4ef8-9010-bab7ed21926b	2	65491040	73306492	5152	0.0072
392b121a-b608-4ef8-9010-bab7ed21926b	2	73312475	73312699	2	-1.1935
392b121a-b608-4ef8-9010-bab7ed21926b	2	73314705	86710564	8523	0.0016
392b121a-b608-4ef8-9010-bab7ed21926b	2	86725947	86726731	2	1.9979
392b121a-b608-4ef8-9010-bab7ed21926b	2	86743283	97188422	1901	-0.0043
392b121a-b608-4ef8-9010-bab7ed21926b	2	97192190	97211436	15	-0.6299
392b121a-b608-4ef8-9010-bab7ed21926b	2	97310327	97359885	13	0.0352
392b121a-b608-4ef8-9010-bab7ed21926b	2	97524284	97545247	8	0.7064
392b121a-b608-4ef8-9010-bab7ed21926b	2	97545726	106258266	5568	0.0071
392b121a-b608-4ef8-9010-bab7ed21926b	2	106263639	106268523	10	-0.7813
392b121a-b608-4ef8-9010-bab7ed21926b	2	106268557	128880504	13397	0.0038
392b121a-b608-4ef8-9010-bab7ed21926b	2	128880904	128882723	14	-0.7257
392b121a-b608-4ef8-9010-bab7ed21926b	2	128882741	132002751	1520	0.0064
392b121a-b608-4ef8-9010-bab7ed21926b	2	132007187	132063789	14	-0.5253
392b121a-b608-4ef8-9010-bab7ed21926b	2	132079170	146104517	8883	0.0029
392b121a-b608-4ef8-9010-bab7ed21926b	2	146106836	146109366	24	1.0169
392b121a-b608-4ef8-9010-bab7ed21926b	2	146120238	204479729	34932	0.0063
392b121a-b608-4ef8-9010-bab7ed21926b	2	204479949	204479964	3	-1.3697
392b121a-b608-4ef8-9010-bab7ed21926b	2	204479970	242147305	24143	0.0058
392b121a-b608-4ef8-9010-bab7ed21926b	3	20930	1649380	1461	0.0247
392b121a-b608-4ef8-9010-bab7ed21926b	3	1649406	1649883	3	-1.1232
392b121a-b608-4ef8-9010-bab7ed21926b	3	1650846	26384700	18424	0.0102
392b121a-b608-4ef8-9010-bab7ed21926b	3	26392633	26397852	5	-1.0075
392b121a-b608-4ef8-9010-bab7ed21926b	3	26404482	26570158	119	-0.0046
392b121a-b608-4ef8-9010-bab7ed21926b	3	26570176	26570394	4	-3.3693
392b121a-b608-4ef8-9010-bab7ed21926b	3	26570407	26571710	8	0.1154
392b121a-b608-4ef8-9010-bab7ed21926b	3	26573483	26573486	3	-1.8705
392b121a-b608-4ef8-9010-bab7ed21926b	3	26574458	33005364	4456	0.006
392b121a-b608-4ef8-9010-bab7ed21926b	3	33005858	33007329	2	-1.2742
392b121a-b608-4ef8-9010-bab7ed21926b	3	33009209	37935926	3149	0.0069
392b121a-b608-4ef8-9010-bab7ed21926b	3	37940617	37945437	18	-0.8581
392b121a-b608-4ef8-9010-bab7ed21926b	3	37945615	84053071	29775	0.004
392b121a-b608-4ef8-9010-bab7ed21926b	3	84056282	84057015	2	-3.4266
392b121a-b608-4ef8-9010-bab7ed21926b	3	84061816	84649683	297	-0.0001
392b121a-b608-4ef8-9010-bab7ed21926b	3	84649706	84652985	17	-0.539
392b121a-b608-4ef8-9010-bab7ed21926b	3	84653010	113845398	14866	0.0076
392b121a-b608-4ef8-9010-bab7ed21926b	3	113853980	113895642	25	-1.0385
392b121a-b608-4ef8-9010-bab7ed21926b	3	113901777	162405578	29879	0.0047
392b121a-b608-4ef8-9010-bab7ed21926b	3	162419812	162424917	14	-0.7292
392b121a-b608-4ef8-9010-bab7ed21926b	3	162426460	162794951	260	0.0382
392b121a-b608-4ef8-9010-bab7ed21926b	3	162795304	162910826	71	0.6391
392b121a-b608-4ef8-9010-bab7ed21926b	3	162910855	162996729	69	0.0462
392b121a-b608-4ef8-9010-bab7ed21926b	3	162999939	163001774	2	1.2478
392b121a-b608-4ef8-9010-bab7ed21926b	3	163008371	169012392	3369	0.0005
392b121a-b608-4ef8-9010-bab7ed21926b	3	169015614	169020840	2	-1.9141
392b121a-b608-4ef8-9010-bab7ed21926b	3	169022039	175362803	4213	0.0071
392b121a-b608-4ef8-9010-bab7ed21926b	3	175362822	175363437	5	-0.8059
392b121a-b608-4ef8-9010-bab7ed21926b	3	175363536	193160173	11517	0.0078
392b121a-b608-4ef8-9010-bab7ed21926b	3	193160256	193161217	5	1.2006
392b121a-b608-4ef8-9010-bab7ed21926b	3	193162684	194913439	1171	0.0083
392b121a-b608-4ef8-9010-bab7ed21926b	3	194913859	194921116	6	-0.7852
392b121a-b608-4ef8-9010-bab7ed21926b	3	194921751	195559056	319	0.0305
392b121a-b608-4ef8-9010-bab7ed21926b	3	195656271	195720051	25	-0.6585
392b121a-b608-4ef8-9010-bab7ed21926b	3	195728637	196046906	134	-0.0124
392b121a-b608-4ef8-9010-bab7ed21926b	3	196049719	196049993	4	0.9734
392b121a-b608-4ef8-9010-bab7ed21926b	3	196050340	198111566	1030	0.0011
392b121a-b608-4ef8-9010-bab7ed21926b	3	198118345	198169247	17	-0.4438
392b121a-b608-4ef8-9010-bab7ed21926b	4	68929	34777432	22716	0.0068
392b121a-b608-4ef8-9010-bab7ed21926b	4	34784878	34828250	39	-0.5474
392b121a-b608-4ef8-9010-bab7ed21926b	4	34828291	35144600	205	0.0278
392b121a-b608-4ef8-9010-bab7ed21926b	4	35145891	35148542	5	-0.9014
392b121a-b608-4ef8-9010-bab7ed21926b	4	35155099	49204422	8763	0.0093
392b121a-b608-4ef8-9010-bab7ed21926b	4	49214614	49289338	3	-1.9112
392b121a-b608-4ef8-9010-bab7ed21926b	4	49295203	49656595	19	-0.3166
392b121a-b608-4ef8-9010-bab7ed21926b	4	51819533	57703135	3992	0.0038
392b121a-b608-4ef8-9010-bab7ed21926b	4	57703590	57704588	3	0.8689
392b121a-b608-4ef8-9010-bab7ed21926b	4	57706727	61071220	2067	0.0014
392b121a-b608-4ef8-9010-bab7ed21926b	4	61075217	61076234	2	-1.648
392b121a-b608-4ef8-9010-bab7ed21926b	4	61079968	68354665	4382	0.0068
392b121a-b608-4ef8-9010-bab7ed21926b	4	68361130	68394355	5	0.8863
392b121a-b608-4ef8-9010-bab7ed21926b	4	68394833	68506285	19	0.0379
392b121a-b608-4ef8-9010-bab7ed21926b	4	68509223	68623617	66	0.5588
392b121a-b608-4ef8-9010-bab7ed21926b	4	68639397	91148753	13963	0.0104
392b121a-b608-4ef8-9010-bab7ed21926b	4	91152891	91159466	7	-1.0177
392b121a-b608-4ef8-9010-bab7ed21926b	4	91160414	156047028	38647	0.0071
392b121a-b608-4ef8-9010-bab7ed21926b	4	156047131	156047146	2	-1.4255
392b121a-b608-4ef8-9010-bab7ed21926b	4	156047321	172066777	10171	0.0053
392b121a-b608-4ef8-9010-bab7ed21926b	4	172067997	172068382	12	0.7607
392b121a-b608-4ef8-9010-bab7ed21926b	4	172074828	172501371	231	-0.0005
392b121a-b608-4ef8-9010-bab7ed21926b	4	172503796	172507492	7	1.6057
392b121a-b608-4ef8-9010-bab7ed21926b	4	172519981	190106768	11848	0.0111
392b121a-b608-4ef8-9010-bab7ed21926b	5	15532	12800777	10193	0.0026
392b121a-b608-4ef8-9010-bab7ed21926b	5	12815668	12838421	14	-1.6212
392b121a-b608-4ef8-9010-bab7ed21926b	5	12849089	15719241	1971	0.0013
392b121a-b608-4ef8-9010-bab7ed21926b	5	15719966	15723376	11	-0.7923
392b121a-b608-4ef8-9010-bab7ed21926b	5	15729218	16120212	235	0.0135
392b121a-b608-4ef8-9010-bab7ed21926b	5	16120885	16122479	2	-1.3345
392b121a-b608-4ef8-9010-bab7ed21926b	5	16123738	25812152	5817	0.0099
392b121a-b608-4ef8-9010-bab7ed21926b	5	25821576	25824379	4	-0.9738
392b121a-b608-4ef8-9010-bab7ed21926b	5	25824613	69550476	24845	0.0044
392b121a-b608-4ef8-9010-bab7ed21926b	5	69571467	69779150	2	1.5746
392b121a-b608-4ef8-9010-bab7ed21926b	5	69779164	119323103	29781	0.0062
392b121a-b608-4ef8-9010-bab7ed21926b	5	119323610	119324594	3	-1.2813
392b121a-b608-4ef8-9010-bab7ed21926b	5	119324805	156048095	23223	0.0049
392b121a-b608-4ef8-9010-bab7ed21926b	5	156049762	156055719	14	-0.6659
392b121a-b608-4ef8-9010-bab7ed21926b	5	156068240	176033084	14082	0.0046
392b121a-b608-4ef8-9010-bab7ed21926b	5	176038686	176042504	2	-2.6622
392b121a-b608-4ef8-9010-bab7ed21926b	5	176043321	181363319	2712	-0.0051
392b121a-b608-4ef8-9010-bab7ed21926b	6	149661	294837	124	0.0194
392b121a-b608-4ef8-9010-bab7ed21926b	6	302306	381149	78	-0.4315
392b121a-b608-4ef8-9010-bab7ed21926b	6	382559	9525640	7406	0.0068
392b121a-b608-4ef8-9010-bab7ed21926b	6	9528280	9528811	2	-1.2824
392b121a-b608-4ef8-9010-bab7ed21926b	6	9530983	19039888	7167	0.0083
392b121a-b608-4ef8-9010-bab7ed21926b	6	19041950	19042587	3	-1.174
392b121a-b608-4ef8-9010-bab7ed21926b	6	19044471	29869411	6882	0.0029
392b121a-b608-4ef8-9010-bab7ed21926b	6	29869537	29882419	15	-1.1713
392b121a-b608-4ef8-9010-bab7ed21926b	6	29882497	29950810	34	-0.0259
392b121a-b608-4ef8-9010-bab7ed21926b	6	29953297	29953350	2	0.9366
392b121a-b608-4ef8-9010-bab7ed21926b	6	29953446	31313046	627	-0.0195
392b121a-b608-4ef8-9010-bab7ed21926b	6	31318499	31327629	7	-1.5767
392b121a-b608-4ef8-9010-bab7ed21926b	6	31328176	32627306	552	-0.0446
392b121a-b608-4ef8-9010-bab7ed21926b	6	32627455	32634330	3	-1.7828
392b121a-b608-4ef8-9010-bab7ed21926b	6	32634492	54066353	13712	0.004
392b121a-b608-4ef8-9010-bab7ed21926b	6	54066432	54067057	6	-1.7625
392b121a-b608-4ef8-9010-bab7ed21926b	6	54070550	58096364	2077	0.0073
392b121a-b608-4ef8-9010-bab7ed21926b	6	58099774	58100791	4	-0.8833
392b121a-b608-4ef8-9010-bab7ed21926b	6	58106296	62213920	891	0.0101
392b121a-b608-4ef8-9010-bab7ed21926b	6	62215737	62218399	4	-1.4824
392b121a-b608-4ef8-9010-bab7ed21926b	6	62221798	66331020	2392	0.0096
392b121a-b608-4ef8-9010-bab7ed21926b	6	66331558	66333299	6	0.9283
392b121a-b608-4ef8-9010-bab7ed21926b	6	66333342	78259388	7797	0.0047
392b121a-b608-4ef8-9010-bab7ed21926b	6	78261980	78341897	120	0.2314
392b121a-b608-4ef8-9010-bab7ed21926b	6	78342127	80568270	1421	0.0099
392b121a-b608-4ef8-9010-bab7ed21926b	6	80574472	80575042	6	-1.5243
392b121a-b608-4ef8-9010-bab7ed21926b	6	80575241	80579817	27	-4.0081
392b121a-b608-4ef8-9010-bab7ed21926b	6	80584624	103304002	14037	0.0015
392b121a-b608-4ef8-9010-bab7ed21926b	6	103304044	103323069	32	-0.3452
392b121a-b608-4ef8-9010-bab7ed21926b	6	103326915	170741917	44174	0.0077
392b121a-b608-4ef8-9010-bab7ed21926b	7	43355	70955452	44629	0.0065
392b121a-b608-4ef8-9010-bab7ed21926b	7	70958264	70961155	2	-2.7042
392b121a-b608-4ef8-9010-bab7ed21926b	7	70963257	81240014	5242	0.0044
392b121a-b608-4ef8-9010-bab7ed21926b	7	81244143	81247838	8	-1.1217
392b121a-b608-4ef8-9010-bab7ed21926b	7	81249027	91589569	6596	0.0069
392b121a-b608-4ef8-9010-bab7ed21926b	7	91589648	91589817	2	-1.7781
392b121a-b608-4ef8-9010-bab7ed21926b	7	91595717	97766150	3851	0.0015
392b121a-b608-4ef8-9010-bab7ed21926b	7	97766153	97772976	13	-2.1187
392b121a-b608-4ef8-9010-bab7ed21926b	7	97773163	109801155	6628	-0.0006
392b121a-b608-4ef8-9010-bab7ed21926b	7	109801187	109813853	11	0.6029
392b121a-b608-4ef8-9010-bab7ed21926b	7	109813925	126405502	10033	0.0065
392b121a-b608-4ef8-9010-bab7ed21926b	7	126405597	126406822	11	-1.473
392b121a-b608-4ef8-9010-bab7ed21926b	7	126406823	142069891	9932	0.0016
392b121a-b608-4ef8-9010-bab7ed21926b	7	142070569	142088173	23	0.4063
392b121a-b608-4ef8-9010-bab7ed21926b	7	142088203	143733941	926	0.0062
392b121a-b608-4ef8-9010-bab7ed21926b	7	143773027	143850179	15	0.7279
392b121a-b608-4ef8-9010-bab7ed21926b	7	143875073	144295437	277	-0.0086
392b121a-b608-4ef8-9010-bab7ed21926b	7	144306653	144312471	2	1.3441
392b121a-b608-4ef8-9010-bab7ed21926b	7	144326306	155671335	7335	0.0054
392b121a-b608-4ef8-9010-bab7ed21926b	7	155673169	155674244	2	1.5219
392b121a-b608-4ef8-9010-bab7ed21926b	7	155676942	159334314	2316	0.0022
392b121a-b608-4ef8-9010-bab7ed21926b	8	81254	2844412	2040	0.0113
392b121a-b608-4ef8-9010-bab7ed21926b	8	2846011	2846377	7	0.7984
392b121a-b608-4ef8-9010-bab7ed21926b	8	2849649	3926665	1308	0.0164
392b121a-b608-4ef8-9010-bab7ed21926b	8	3929538	3932584	24	-0.7547
392b121a-b608-4ef8-9010-bab7ed21926b	8	3933696	6302426	3445	0.0243
392b121a-b608-4ef8-9010-bab7ed21926b	8	6302515	6302549	2	-1.3297
392b121a-b608-4ef8-9010-bab7ed21926b	8	6304046	6968741	801	-0.0018
392b121a-b608-4ef8-9010-bab7ed21926b	8	6968768	6969664	10	-0.654
392b121a-b608-4ef8-9010-bab7ed21926b	8	6969677	7336299	97	0.0153
392b121a-b608-4ef8-9010-bab7ed21926b	8	7357089	7941868	49	0.5032
392b121a-b608-4ef8-9010-bab7ed21926b	8	7974123	8110806	10	-0.5165
392b121a-b608-4ef8-9010-bab7ed21926b	8	8120447	12025748	3227	0.0135
392b121a-b608-4ef8-9010-bab7ed21926b	8	12035719	12376708	19	0.503
392b121a-b608-4ef8-9010-bab7ed21926b	8	12376742	18407644	5359	0.0117
392b121a-b608-4ef8-9010-bab7ed21926b	8	18408647	18413675	4	-2.7089
392b121a-b608-4ef8-9010-bab7ed21926b	8	18413877	25117985	5087	0.0025
392b121a-b608-4ef8-9010-bab7ed21926b	8	25118055	25126818	22	0.5864
392b121a-b608-4ef8-9010-bab7ed21926b	8	25133589	39373140	9018	0.0043
392b121a-b608-4ef8-9010-bab7ed21926b	8	39378084	39529446	59	0.7611
392b121a-b608-4ef8-9010-bab7ed21926b	8	39530780	89321506	28690	0.0069
392b121a-b608-4ef8-9010-bab7ed21926b	8	89321628	89321705	2	1.6635
392b121a-b608-4ef8-9010-bab7ed21926b	8	89321732	96158794	4239	0.0097
392b121a-b608-4ef8-9010-bab7ed21926b	8	96159898	96162409	2	-1.205
392b121a-b608-4ef8-9010-bab7ed21926b	8	96162595	111279265	9080	0.0069
392b121a-b608-4ef8-9010-bab7ed21926b	8	111282050	111283016	9	-1.333
392b121a-b608-4ef8-9010-bab7ed21926b	8	111283031	113706683	1272	0.0039
392b121a-b608-4ef8-9010-bab7ed21926b	8	113707160	113707299	2	-1.1831
392b121a-b608-4ef8-9010-bab7ed21926b	8	113710365	141564139	20196	0.0016
392b121a-b608-4ef8-9010-bab7ed21926b	8	141564862	141565500	3	1.0029
392b121a-b608-4ef8-9010-bab7ed21926b	8	141566354	143616987	939	-0.0192
392b121a-b608-4ef8-9010-bab7ed21926b	8	143622987	143625638	9	-0.5858
392b121a-b608-4ef8-9010-bab7ed21926b	8	143636819	145072769	504	-0.0246
392b121a-b608-4ef8-9010-bab7ed21926b	9	46587	507001	388	0.0259
392b121a-b608-4ef8-9010-bab7ed21926b	9	510546	517715	6	-0.9866
392b121a-b608-4ef8-9010-bab7ed21926b	9	518103	2147099	1922	0.0075
392b121a-b608-4ef8-9010-bab7ed21926b	9	2148837	2150662	6	-0.9764
392b121a-b608-4ef8-9010-bab7ed21926b	9	2152115	4238265	2066	0.017
392b121a-b608-4ef8-9010-bab7ed21926b	9	4238685	4242161	3	1.0556
392b121a-b608-4ef8-9010-bab7ed21926b	9	4242202	23358450	16035	0.0118
392b121a-b608-4ef8-9010-bab7ed21926b	9	23359508	23373486	13	0.6239
392b121a-b608-4ef8-9010-bab7ed21926b	9	23378490	28044706	3540	0.0152
392b121a-b608-4ef8-9010-bab7ed21926b	9	28047590	28049520	3	-1.3983
392b121a-b608-4ef8-9010-bab7ed21926b	9	28049835	40949640	7229	0.0058
392b121a-b608-4ef8-9010-bab7ed21926b	9	40949727	40949742	2	-1.568
392b121a-b608-4ef8-9010-bab7ed21926b	9	40952530	41741096	78	-0.0248
392b121a-b608-4ef8-9010-bab7ed21926b	9	41741113	42574420	39	-0.5696
392b121a-b608-4ef8-9010-bab7ed21926b	9	42585140	61405110	55	-0.0067
392b121a-b608-4ef8-9010-bab7ed21926b	9	61520021	61647899	30	0.6843
392b121a-b608-4ef8-9010-bab7ed21926b	9	61665362	63580418	38	-0.0416
392b121a-b608-4ef8-9010-bab7ed21926b	9	63590317	63592813	7	1.6348
392b121a-b608-4ef8-9010-bab7ed21926b	9	63614182	135319522	46931	0.0063
392b121a-b608-4ef8-9010-bab7ed21926b	9	135322259	135323776	2	-2.3611
392b121a-b608-4ef8-9010-bab7ed21926b	9	135324566	138177075	1104	-0.0117
392b121a-b608-4ef8-9010-bab7ed21926b	9	138177488	138200944	6	-0.6998
392b121a-b608-4ef8-9010-bab7ed21926b	10	45792	13013836	10935	0.0058
392b121a-b608-4ef8-9010-bab7ed21926b	10	13014263	13016840	26	-1.0168
392b121a-b608-4ef8-9010-bab7ed21926b	10	13022223	24088745	8236	0.0093
392b121a-b608-4ef8-9010-bab7ed21926b	10	24088746	24089125	10	-2.2134
392b121a-b608-4ef8-9010-bab7ed21926b	10	24089979	30957581	5020	0.0084
392b121a-b608-4ef8-9010-bab7ed21926b	10	30962405	30962850	11	-2.4745
392b121a-b608-4ef8-9010-bab7ed21926b	10	30962893	57443289	14628	0.0022
392b121a-b608-4ef8-9010-bab7ed21926b	10	57450745	57451013	4	-1.8424
392b121a-b608-4ef8-9010-bab7ed21926b	10	57458735	65548178	5564	0.0073
392b121a-b608-4ef8-9010-bab7ed21926b	10	65548193	65554484	23	-0.4797
392b121a-b608-4ef8-9010-bab7ed21926b	10	65554643	133654968	46230	0.0064
392b121a-b608-4ef8-9010-bab7ed21926b	11	198510	1623675	483	0.0057
392b121a-b608-4ef8-9010-bab7ed21926b	11	1624736	1627418	4	-1.4026
392b121a-b608-4ef8-9010-bab7ed21926b	11	1628657	4946420	1931	0.002
392b121a-b608-4ef8-9010-bab7ed21926b	11	4947280	4955042	30	-1.7978
392b121a-b608-4ef8-9010-bab7ed21926b	11	4955781	5773462	796	0.0256
392b121a-b608-4ef8-9010-bab7ed21926b	11	5773478	5787909	20	0.6469
392b121a-b608-4ef8-9010-bab7ed21926b	11	5788108	83957139	47284	0.0067
392b121a-b608-4ef8-9010-bab7ed21926b	11	83957142	83959277	2	-3.0909
392b121a-b608-4ef8-9010-bab7ed21926b	11	83959282	107359993	16366	0.0065
392b121a-b608-4ef8-9010-bab7ed21926b	11	107367930	107368402	7	-2.5972
392b121a-b608-4ef8-9010-bab7ed21926b	11	107381636	134731897	19644	0.0046
392b121a-b608-4ef8-9010-bab7ed21926b	11	134732386	134734098	3	-1.3913
392b121a-b608-4ef8-9010-bab7ed21926b	11	134737977	135074876	281	-0.0124
392b121a-b608-4ef8-9010-bab7ed21926b	12	51460	760032	418	0.0197
392b121a-b608-4ef8-9010-bab7ed21926b	12	760097	764863	16	-4.2471
392b121a-b608-4ef8-9010-bab7ed21926b	12	766188	9477960	5740	0.0075
392b121a-b608-4ef8-9010-bab7ed21926b	12	9481274	9575696	24	-1.9335
392b121a-b608-4ef8-9010-bab7ed21926b	12	9582373	11358643	1179	0.0095
392b121a-b608-4ef8-9010-bab7ed21926b	12	11358644	11390472	29	0.9089
392b121a-b608-4ef8-9010-bab7ed21926b	12	11399258	31112123	13998	0.0063
392b121a-b608-4ef8-9010-bab7ed21926b	12	31116364	31258280	93	0.5649
392b121a-b608-4ef8-9010-bab7ed21926b	12	31258820	112748198	49177	0.0056
392b121a-b608-4ef8-9010-bab7ed21926b	12	112748215	112751038	5	-1.0772
392b121a-b608-4ef8-9010-bab7ed21926b	12	112755122	133201603	14181	0.0074
392b121a-b608-4ef8-9010-bab7ed21926b	13	18452809	23055048	2855	0.0106
392b121a-b608-4ef8-9010-bab7ed21926b	13	23055071	23059362	12	-0.6768
392b121a-b608-4ef8-9010-bab7ed21926b	13	23059376	52520664	20538	0.0083
392b121a-b608-4ef8-9010-bab7ed21926b	13	52523849	52531650	3	-1.9812
392b121a-b608-4ef8-9010-bab7ed21926b	13	52543744	52886863	171	-0.0091
392b121a-b608-4ef8-9010-bab7ed21926b	13	52891797	52920115	32	0.505
392b121a-b608-4ef8-9010-bab7ed21926b	13	52926368	52928509	5	-0.9086
392b121a-b608-4ef8-9010-bab7ed21926b	13	52930034	68668123	9342	0.0098
392b121a-b608-4ef8-9010-bab7ed21926b	13	68674167	68694110	38	-0.7795
392b121a-b608-4ef8-9010-bab7ed21926b	13	68694987	69287845	447	0.0012
392b121a-b608-4ef8-9010-bab7ed21926b	13	69289157	69293988	3	-1.7604
392b121a-b608-4ef8-9010-bab7ed21926b	13	69294338	69300259	8	-0.4839
392b121a-b608-4ef8-9010-bab7ed21926b	13	69300403	71902850	1603	0.0026
392b121a-b608-4ef8-9010-bab7ed21926b	13	71903417	71906418	4	-3.2363
392b121a-b608-4ef8-9010-bab7ed21926b	13	71906467	72230762	280	0.0181
392b121a-b608-4ef8-9010-bab7ed21926b	13	72234344	72236198	3	-1.1347
392b121a-b608-4ef8-9010-bab7ed21926b	13	72238924	74447760	1634	0.0015
392b121a-b608-4ef8-9010-bab7ed21926b	13	74447866	74448524	2	-1.3034
392b121a-b608-4ef8-9010-bab7ed21926b	13	74450476	78140723	2528	-0.0007
392b121a-b608-4ef8-9010-bab7ed21926b	13	78140799	78141265	2	-1.1454
392b121a-b608-4ef8-9010-bab7ed21926b	13	78141889	78182183	39	-0.0247
392b121a-b608-4ef8-9010-bab7ed21926b	13	78183333	78183404	2	-1.3839
392b121a-b608-4ef8-9010-bab7ed21926b	13	78183683	83668807	3517	0.0077
392b121a-b608-4ef8-9010-bab7ed21926b	13	83670534	83670565	2	-1.3835
392b121a-b608-4ef8-9010-bab7ed21926b	13	83673145	114342922	21094	0.0148
392b121a-b608-4ef8-9010-bab7ed21926b	14	18239283	19294475	47	0.1526
392b121a-b608-4ef8-9010-bab7ed21926b	14	19298389	19950798	114	-0.5465
392b121a-b608-4ef8-9010-bab7ed21926b	14	19951100	19955213	5	-1.3694
392b121a-b608-4ef8-9010-bab7ed21926b	14	19956767	26314697	4342	0.008
392b121a-b608-4ef8-9010-bab7ed21926b	14	26314707	26314712	6	-1.5299
392b121a-b608-4ef8-9010-bab7ed21926b	14	26315707	41009283	9132	0.0095
392b121a-b608-4ef8-9010-bab7ed21926b	14	41009487	41009525	2	1.3961
392b121a-b608-4ef8-9010-bab7ed21926b	14	41009901	41139155	122	-0.0579
392b121a-b608-4ef8-9010-bab7ed21926b	14	41141293	41160039	7	-1.7814
392b121a-b608-4ef8-9010-bab7ed21926b	14	41164182	41188046	7	-4.6274
392b121a-b608-4ef8-9010-bab7ed21926b	14	41188146	42518302	850	0.0153
392b121a-b608-4ef8-9010-bab7ed21926b	14	42518663	42523231	3	-1.0238
392b121a-b608-4ef8-9010-bab7ed21926b	14	42526308	69547262	16982	0.009
392b121a-b608-4ef8-9010-bab7ed21926b	14	69551330	69555750	9	-0.7681
392b121a-b608-4ef8-9010-bab7ed21926b	14	69555996	73529070	2623	0.0001
392b121a-b608-4ef8-9010-bab7ed21926b	14	73534419	73563196	10	0.6145
392b121a-b608-4ef8-9010-bab7ed21926b	14	73563211	84436199	7215	0.0077
392b121a-b608-4ef8-9010-bab7ed21926b	14	84436201	84438005	2	-1.373
392b121a-b608-4ef8-9010-bab7ed21926b	14	84440356	94419258	6429	0.0104
392b121a-b608-4ef8-9010-bab7ed21926b	14	94421340	94441907	28	0.5965
392b121a-b608-4ef8-9010-bab7ed21926b	14	94442807	105656902	6994	0.0063
392b121a-b608-4ef8-9010-bab7ed21926b	14	105659061	105733039	11	0.7275
392b121a-b608-4ef8-9010-bab7ed21926b	14	105752248	106877229	484	0.0239
392b121a-b608-4ef8-9010-bab7ed21926b	15	19811075	20041902	49	-0.0619
392b121a-b608-4ef8-9010-bab7ed21926b	15	20056983	20376311	46	0.5802
392b121a-b608-4ef8-9010-bab7ed21926b	15	20380735	20406116	28	1.0131
392b121a-b608-4ef8-9010-bab7ed21926b	15	20406256	20670516	27	0.565
392b121a-b608-4ef8-9010-bab7ed21926b	15	20670989	21096887	17	-0.2968
392b121a-b608-4ef8-9010-bab7ed21926b	15	21262847	22299523	39	0.8009
392b121a-b608-4ef8-9010-bab7ed21926b	15	22385639	23121974	313	0.0032
392b121a-b608-4ef8-9010-bab7ed21926b	15	23191818	23425837	15	0.5173
392b121a-b608-4ef8-9010-bab7ed21926b	15	23426699	24429740	667	0.0046
392b121a-b608-4ef8-9010-bab7ed21926b	15	24429986	24473026	31	-0.5361
392b121a-b608-4ef8-9010-bab7ed21926b	15	24473449	30094208	3596	0.0045
392b121a-b608-4ef8-9010-bab7ed21926b	15	30106026	30158166	5	0.7778
392b121a-b608-4ef8-9010-bab7ed21926b	15	30199184	30284526	14	-0.0388
392b121a-b608-4ef8-9010-bab7ed21926b	15	30291233	30300815	3	-1.0557
392b121a-b608-4ef8-9010-bab7ed21926b	15	30304026	30503586	12	-0.0479
392b121a-b608-4ef8-9010-bab7ed21926b	15	30515739	30621384	4	-1.2967
392b121a-b608-4ef8-9010-bab7ed21926b	15	30628421	34431375	2563	0.0008
392b121a-b608-4ef8-9010-bab7ed21926b	15	34434971	34434988	2	-1.7853
392b121a-b608-4ef8-9010-bab7ed21926b	15	34435421	53492691	11676	0.0063
392b121a-b608-4ef8-9010-bab7ed21926b	15	53492794	53493082	6	-2.1214
392b121a-b608-4ef8-9010-bab7ed21926b	15	53498050	65521764	8260	0.011
392b121a-b608-4ef8-9010-bab7ed21926b	15	65524604	65525186	2	-3.4504
392b121a-b608-4ef8-9010-bab7ed21926b	15	65526049	76599170	6544	0.0041
392b121a-b608-4ef8-9010-bab7ed21926b	15	76599286	76603428	15	0.825
392b121a-b608-4ef8-9010-bab7ed21926b	15	76603430	101928837	17617	0.0098
392b121a-b608-4ef8-9010-bab7ed21926b	16	10777	14954987	11119	0.008
392b121a-b608-4ef8-9010-bab7ed21926b	16	14955003	15031584	51	-0.8126
392b121a-b608-4ef8-9010-bab7ed21926b	16	15033033	16269368	585	0.009
392b121a-b608-4ef8-9010-bab7ed21926b	16	16419234	16692214	36	-0.7226
392b121a-b608-4ef8-9010-bab7ed21926b	16	16693237	18192658	983	0.0052
392b121a-b608-4ef8-9010-bab7ed21926b	16	18212128	18666789	15	-0.7232
392b121a-b608-4ef8-9010-bab7ed21926b	16	18688534	32629651	7201	0.0038
392b121a-b608-4ef8-9010-bab7ed21926b	16	32832214	32938932	16	-0.8578
392b121a-b608-4ef8-9010-bab7ed21926b	16	32944749	33840932	18	-0.3394
392b121a-b608-4ef8-9010-bab7ed21926b	16	33841555	33878634	8	-0.9009
392b121a-b608-4ef8-9010-bab7ed21926b	16	33914489	35210069	126	-0.0095
392b121a-b608-4ef8-9010-bab7ed21926b	16	35210725	35546893	190	-0.1358
392b121a-b608-4ef8-9010-bab7ed21926b	16	35549992	55761136	6588	0.0063
392b121a-b608-4ef8-9010-bab7ed21926b	16	55762477	55788532	22	-0.857
392b121a-b608-4ef8-9010-bab7ed21926b	16	55808442	78339440	14281	0.0048
392b121a-b608-4ef8-9010-bab7ed21926b	16	78339867	78342814	4	0.9751
392b121a-b608-4ef8-9010-bab7ed21926b	16	78343037	80970410	3080	0.0162
392b121a-b608-4ef8-9010-bab7ed21926b	16	80971482	80971505	2	-1.5915
392b121a-b608-4ef8-9010-bab7ed21926b	16	80972861	90096867	7551	0.0081
392b121a-b608-4ef8-9010-bab7ed21926b	17	150733	496638	155	0.024
392b121a-b608-4ef8-9010-bab7ed21926b	17	497601	497668	2	-1.2362
392b121a-b608-4ef8-9010-bab7ed21926b	17	497719	7354708	3927	0.0055
392b121a-b608-4ef8-9010-bab7ed21926b	17	7362030	7362487	2	-3.4779
392b121a-b608-4ef8-9010-bab7ed21926b	17	7363157	8339592	450	-0.0258
392b121a-b608-4ef8-9010-bab7ed21926b	17	8344229	8344415	2	-3.3518
392b121a-b608-4ef8-9010-bab7ed21926b	17	8346140	13252736	3575	0.0096
392b121a-b608-4ef8-9010-bab7ed21926b	17	13252796	13252926	3	-0.9783
392b121a-b608-4ef8-9010-bab7ed21926b	17	13253444	16750987	2357	0.0149
392b121a-b608-4ef8-9010-bab7ed21926b	17	16754017	16834846	11	0.6624
392b121a-b608-4ef8-9010-bab7ed21926b	17	16838201	16838214	2	-2.0812
392b121a-b608-4ef8-9010-bab7ed21926b	17	16838470	18455632	908	-0.0174
392b121a-b608-4ef8-9010-bab7ed21926b	17	18455635	18561907	25	-1.8425
392b121a-b608-4ef8-9010-bab7ed21926b	17	18565883	41266851	9399	0.0032
392b121a-b608-4ef8-9010-bab7ed21926b	17	41266901	41274279	18	0.4223
392b121a-b608-4ef8-9010-bab7ed21926b	17	41276472	46085231	2499	0.0116
392b121a-b608-4ef8-9010-bab7ed21926b	17	46085732	46286804	125	0.4267
392b121a-b608-4ef8-9010-bab7ed21926b	17	46323701	69889125	13696	0.0056
392b121a-b608-4ef8-9010-bab7ed21926b	17	69889342	69895785	3	-1.6879
392b121a-b608-4ef8-9010-bab7ed21926b	17	69895877	83091923	7878	0.0074
392b121a-b608-4ef8-9010-bab7ed21926b	18	48133	40678741	22798	0.0076
392b121a-b608-4ef8-9010-bab7ed21926b	18	40678763	40689848	23	0.4951
392b121a-b608-4ef8-9010-bab7ed21926b	18	40690108	42471713	1213	0.0289
392b121a-b608-4ef8-9010-bab7ed21926b	18	42476604	42477436	21	-0.6265
392b121a-b608-4ef8-9010-bab7ed21926b	18	42477469	78900693	25999	0.0076
392b121a-b608-4ef8-9010-bab7ed21926b	18	78902714	78904863	5	-1.1294
392b121a-b608-4ef8-9010-bab7ed21926b	18	78906449	79643088	386	0.0196
392b121a-b608-4ef8-9010-bab7ed21926b	18	79645731	79650774	5	-0.8387
392b121a-b608-4ef8-9010-bab7ed21926b	18	79658456	80257174	312	-0.0069
392b121a-b608-4ef8-9010-bab7ed21926b	19	90910	43057570	20532	0.0034
392b121a-b608-4ef8-9010-bab7ed21926b	19	43060378	43099219	13	-1.3428
392b121a-b608-4ef8-9010-bab7ed21926b	19	43103053	43154674	29	-0.0407
392b121a-b608-4ef8-9010-bab7ed21926b	19	43156587	43342242	83	-1.0592
392b121a-b608-4ef8-9010-bab7ed21926b	19	43348449	51639677	4104	0.0044
392b121a-b608-4ef8-9010-bab7ed21926b	19	51641117	51644944	8	-0.6506
392b121a-b608-4ef8-9010-bab7ed21926b	19	51651652	58586487	4334	0.0051
392b121a-b608-4ef8-9010-bab7ed21926b	20	80664	1580353	1203	0.0115
392b121a-b608-4ef8-9010-bab7ed21926b	20	1580934	1617300	42	-0.6188
392b121a-b608-4ef8-9010-bab7ed21926b	20	1617460	5030165	2512	0.0088
392b121a-b608-4ef8-9010-bab7ed21926b	20	5036280	5036285	2	-1.3821
392b121a-b608-4ef8-9010-bab7ed21926b	20	5040498	64284215	38620	0.0078
392b121a-b608-4ef8-9010-bab7ed21926b	20	64284715	64324800	6	-0.9808
392b121a-b608-4ef8-9010-bab7ed21926b	21	10354168	10404309	7	0.2227
392b121a-b608-4ef8-9010-bab7ed21926b	21	10404522	10420974	3	-0.9064
392b121a-b608-4ef8-9010-bab7ed21926b	21	10420991	10559033	43	-0.0276
392b121a-b608-4ef8-9010-bab7ed21926b	21	10568903	10756733	33	-0.3615
392b121a-b608-4ef8-9010-bab7ed21926b	21	10775586	33244908	14319	0.0096
392b121a-b608-4ef8-9010-bab7ed21926b	21	33245645	33245784	2	-1.3997
392b121a-b608-4ef8-9010-bab7ed21926b	21	33245935	38535933	3889	0.0101
392b121a-b608-4ef8-9010-bab7ed21926b	21	38536193	38536597	4	-1.0814
392b121a-b608-4ef8-9010-bab7ed21926b	21	38538756	41496204	2625	0.0118
392b121a-b608-4ef8-9010-bab7ed21926b	21	41496268	41496286	2	-1.6427
392b121a-b608-4ef8-9010-bab7ed21926b	21	41496410	46677045	2937	0.0013
392b121a-b608-4ef8-9010-bab7ed21926b	22	15294547	38967614	15242	0.0005
392b121a-b608-4ef8-9010-bab7ed21926b	22	38967679	38979302	23	-0.716
392b121a-b608-4ef8-9010-bab7ed21926b	22	38993700	50796027	8016	0.0073
392b121a-b608-4ef8-9010-bab7ed21926b	X	251810	35446183	22101	0.0105
392b121a-b608-4ef8-9010-bab7ed21926b	X	35448076	35474907	15	0.4761
392b121a-b608-4ef8-9010-bab7ed21926b	X	35476858	155952689	61522	0.0068
392b121a-b608-4ef8-9010-bab7ed21926b	Y	2782397	56872112	6640	-0.9956
