GDC_Aliquot	Chromosome	Start	End	Num_Probes	Segment_Mean
6c4b0c89-f834-41a8-84d0-53947a8429cd	1	62920	8890987	4447	0.0151
6c4b0c89-f834-41a8-84d0-53947a8429cd	1	8906275	8923700	10	-0.6967
6c4b0c89-f834-41a8-84d0-53947a8429cd	1	8923709	16689764	4213	0.024
6c4b0c89-f834-41a8-84d0-53947a8429cd	1	16718963	16788139	19	0.5714
6c4b0c89-f834-41a8-84d0-53947a8429cd	1	16855942	25247980	5309	0.0209
6c4b0c89-f834-41a8-84d0-53947a8429cd	1	25248216	25336819	31	0.5318
6c4b0c89-f834-41a8-84d0-53947a8429cd	1	25336853	30264526	2381	0.0219
6c4b0c89-f834-41a8-84d0-53947a8429cd	1	30265508	30266949	7	-1.3198
6c4b0c89-f834-41a8-84d0-53947a8429cd	1	30268649	72297687	26331	0.0182
6c4b0c89-f834-41a8-84d0-53947a8429cd	1	72302735	72345465	48	1.207
6c4b0c89-f834-41a8-84d0-53947a8429cd	1	72346221	75585159	1931	0.0222
6c4b0c89-f834-41a8-84d0-53947a8429cd	1	75589078	75589169	2	-2.7215
6c4b0c89-f834-41a8-84d0-53947a8429cd	1	75593824	158896783	35101	0.0212
6c4b0c89-f834-41a8-84d0-53947a8429cd	1	158898711	158899969	2	2.07
6c4b0c89-f834-41a8-84d0-53947a8429cd	1	158905028	175056522	11316	0.0215
6c4b0c89-f834-41a8-84d0-53947a8429cd	1	175058848	175060796	4	-1.8312
6c4b0c89-f834-41a8-84d0-53947a8429cd	1	175061984	196745743	14518	0.0212
6c4b0c89-f834-41a8-84d0-53947a8429cd	1	196758720	196846661	61	-1.7627
6c4b0c89-f834-41a8-84d0-53947a8429cd	1	196847600	199142393	1373	0.0274
6c4b0c89-f834-41a8-84d0-53947a8429cd	1	199142562	199144712	6	-1.0195
6c4b0c89-f834-41a8-84d0-53947a8429cd	1	199145110	209897717	7397	0.0207
6c4b0c89-f834-41a8-84d0-53947a8429cd	1	209908268	209910639	3	1.3864
6c4b0c89-f834-41a8-84d0-53947a8429cd	1	209913207	212180338	1486	0.017
6c4b0c89-f834-41a8-84d0-53947a8429cd	1	212180476	212182969	4	-2.7264
6c4b0c89-f834-41a8-84d0-53947a8429cd	1	212183659	248930189	25509	0.0228
6c4b0c89-f834-41a8-84d0-53947a8429cd	2	12784	455588	283	0.0119
6c4b0c89-f834-41a8-84d0-53947a8429cd	2	455677	455683	2	-1.9447
6c4b0c89-f834-41a8-84d0-53947a8429cd	2	457051	4158097	2700	0.0235
6c4b0c89-f834-41a8-84d0-53947a8429cd	2	4166274	4176429	41	-0.7701
6c4b0c89-f834-41a8-84d0-53947a8429cd	2	4182472	31920821	19371	0.0263
6c4b0c89-f834-41a8-84d0-53947a8429cd	2	31922810	31925981	2	-1.915
6c4b0c89-f834-41a8-84d0-53947a8429cd	2	31926252	34476516	1690	0.0245
6c4b0c89-f834-41a8-84d0-53947a8429cd	2	34476558	34511990	43	0.6058
6c4b0c89-f834-41a8-84d0-53947a8429cd	2	34512096	35750907	869	0.013
6c4b0c89-f834-41a8-84d0-53947a8429cd	2	35752724	35762881	7	1.0114
6c4b0c89-f834-41a8-84d0-53947a8429cd	2	35772407	49104801	9696	0.0217
6c4b0c89-f834-41a8-84d0-53947a8429cd	2	49105758	49106085	2	-2.2864
6c4b0c89-f834-41a8-84d0-53947a8429cd	2	49110837	52514599	2419	0.0257
6c4b0c89-f834-41a8-84d0-53947a8429cd	2	52516787	52553699	28	-0.8944
6c4b0c89-f834-41a8-84d0-53947a8429cd	2	52553839	105730759	28962	0.0208
6c4b0c89-f834-41a8-84d0-53947a8429cd	2	105731655	105734741	8	-1.4856
6c4b0c89-f834-41a8-84d0-53947a8429cd	2	105734754	106258266	441	-0.0151
6c4b0c89-f834-41a8-84d0-53947a8429cd	2	106263639	106268901	12	1.1344
6c4b0c89-f834-41a8-84d0-53947a8429cd	2	106270799	113604438	3783	0.024
6c4b0c89-f834-41a8-84d0-53947a8429cd	2	113604837	113604839	2	-2.1514
6c4b0c89-f834-41a8-84d0-53947a8429cd	2	113623244	117374737	2268	0.0196
6c4b0c89-f834-41a8-84d0-53947a8429cd	2	117374756	117374947	3	-1.4814
6c4b0c89-f834-41a8-84d0-53947a8429cd	2	117381212	122719438	3433	0.0197
6c4b0c89-f834-41a8-84d0-53947a8429cd	2	122722323	122724665	8	-1.0596
6c4b0c89-f834-41a8-84d0-53947a8429cd	2	122726077	130036283	4780	0.0238
6c4b0c89-f834-41a8-84d0-53947a8429cd	2	130036310	130068769	11	-0.8337
6c4b0c89-f834-41a8-84d0-53947a8429cd	2	130112379	179548635	30038	0.0245
6c4b0c89-f834-41a8-84d0-53947a8429cd	2	179548644	179557410	31	-1.0305
6c4b0c89-f834-41a8-84d0-53947a8429cd	2	179560916	242147305	38527	0.0227
6c4b0c89-f834-41a8-84d0-53947a8429cd	3	20930	6604856	5816	0.0185
6c4b0c89-f834-41a8-84d0-53947a8429cd	3	6609441	6611645	23	-0.7944
6c4b0c89-f834-41a8-84d0-53947a8429cd	3	6613391	8675655	1806	0.0102
6c4b0c89-f834-41a8-84d0-53947a8429cd	3	8687865	8726736	23	-1.4322
6c4b0c89-f834-41a8-84d0-53947a8429cd	3	8729817	10590621	1314	0.025
6c4b0c89-f834-41a8-84d0-53947a8429cd	3	10590627	10591147	3	-2.9989
6c4b0c89-f834-41a8-84d0-53947a8429cd	3	10591407	99218940	54706	0.0181
6c4b0c89-f834-41a8-84d0-53947a8429cd	3	99225614	99230577	38	-0.5685
6c4b0c89-f834-41a8-84d0-53947a8429cd	3	99232120	128665680	18067	0.0218
6c4b0c89-f834-41a8-84d0-53947a8429cd	3	128667759	128693488	14	0.7399
6c4b0c89-f834-41a8-84d0-53947a8429cd	3	128695318	130044016	620	0.027
6c4b0c89-f834-41a8-84d0-53947a8429cd	3	130044855	130087393	38	-1.7403
6c4b0c89-f834-41a8-84d0-53947a8429cd	3	130088081	162795304	20260	0.0172
6c4b0c89-f834-41a8-84d0-53947a8429cd	3	162795361	162908784	68	0.5805
6c4b0c89-f834-41a8-84d0-53947a8429cd	3	162908815	193160113	19156	0.0276
6c4b0c89-f834-41a8-84d0-53947a8429cd	3	193160173	193165114	19	1.6402
6c4b0c89-f834-41a8-84d0-53947a8429cd	3	193168646	195559056	1484	0.0128
6c4b0c89-f834-41a8-84d0-53947a8429cd	3	195656271	195751990	46	0.3899
6c4b0c89-f834-41a8-84d0-53947a8429cd	3	195752877	198169247	1164	0.002
6c4b0c89-f834-41a8-84d0-53947a8429cd	4	68929	3597723	1439	0.0243
6c4b0c89-f834-41a8-84d0-53947a8429cd	4	3598142	3600457	2	-2.4901
6c4b0c89-f834-41a8-84d0-53947a8429cd	4	3607663	5308576	1084	0.0099
6c4b0c89-f834-41a8-84d0-53947a8429cd	4	5308694	5318059	5	-2.281
6c4b0c89-f834-41a8-84d0-53947a8429cd	4	5319207	9858273	2788	0.0077
6c4b0c89-f834-41a8-84d0-53947a8429cd	4	9858277	9862603	3	-1.7815
6c4b0c89-f834-41a8-84d0-53947a8429cd	4	9863418	10208766	378	0.0194
6c4b0c89-f834-41a8-84d0-53947a8429cd	4	10212536	10234518	37	1.1309
6c4b0c89-f834-41a8-84d0-53947a8429cd	4	10236812	10388498	169	0.0385
6c4b0c89-f834-41a8-84d0-53947a8429cd	4	10389091	10401374	21	-0.5036
6c4b0c89-f834-41a8-84d0-53947a8429cd	4	10401921	34768684	16772	0.0213
6c4b0c89-f834-41a8-84d0-53947a8429cd	4	34771893	34823103	46	0.498
6c4b0c89-f834-41a8-84d0-53947a8429cd	4	34828250	37460171	1807	0.0322
6c4b0c89-f834-41a8-84d0-53947a8429cd	4	37462152	37462537	3	-1.4851
6c4b0c89-f834-41a8-84d0-53947a8429cd	4	37462725	45003835	4828	0.0195
6c4b0c89-f834-41a8-84d0-53947a8429cd	4	45004175	45004318	3	-4.6915
6c4b0c89-f834-41a8-84d0-53947a8429cd	4	45008952	49023785	2291	0.0228
6c4b0c89-f834-41a8-84d0-53947a8429cd	4	49027492	49032920	2	-2.4802
6c4b0c89-f834-41a8-84d0-53947a8429cd	4	49033535	68418873	10510	0.025
6c4b0c89-f834-41a8-84d0-53947a8429cd	4	68422420	68422424	3	-2.3524
6c4b0c89-f834-41a8-84d0-53947a8429cd	4	68429081	68509237	14	0.0621
6c4b0c89-f834-41a8-84d0-53947a8429cd	4	68509442	68623617	64	0.5342
6c4b0c89-f834-41a8-84d0-53947a8429cd	4	68639397	114254167	27691	0.0245
6c4b0c89-f834-41a8-84d0-53947a8429cd	4	114254188	114261019	22	-1.7263
6c4b0c89-f834-41a8-84d0-53947a8429cd	4	114263073	137168393	13232	0.0239
6c4b0c89-f834-41a8-84d0-53947a8429cd	4	137170949	137187333	21	-0.7587
6c4b0c89-f834-41a8-84d0-53947a8429cd	4	137187826	171448195	21381	0.0241
6c4b0c89-f834-41a8-84d0-53947a8429cd	4	171453733	171456559	10	1.1828
6c4b0c89-f834-41a8-84d0-53947a8429cd	4	171456573	172066777	399	-0.012
6c4b0c89-f834-41a8-84d0-53947a8429cd	4	172067997	172068382	12	-1.8033
6c4b0c89-f834-41a8-84d0-53947a8429cd	4	172074828	172501371	231	-0.0071
6c4b0c89-f834-41a8-84d0-53947a8429cd	4	172503796	172507492	7	1.215
6c4b0c89-f834-41a8-84d0-53947a8429cd	4	172519981	190106768	11840	0.0248
6c4b0c89-f834-41a8-84d0-53947a8429cd	5	15532	69550476	43066	0.0213
6c4b0c89-f834-41a8-84d0-53947a8429cd	5	69571467	69779150	2	2.4286
6c4b0c89-f834-41a8-84d0-53947a8429cd	5	69779164	104515520	19529	0.0254
6c4b0c89-f834-41a8-84d0-53947a8429cd	5	104524672	104524903	4	-1.6831
6c4b0c89-f834-41a8-84d0-53947a8429cd	5	104525348	155870419	33280	0.0202
6c4b0c89-f834-41a8-84d0-53947a8429cd	5	155872203	155878268	8	1.8461
6c4b0c89-f834-41a8-84d0-53947a8429cd	5	155883575	176033084	14236	0.0163
6c4b0c89-f834-41a8-84d0-53947a8429cd	5	176038686	176042504	2	-3.2544
6c4b0c89-f834-41a8-84d0-53947a8429cd	5	176043321	176050177	3	-1.1115
6c4b0c89-f834-41a8-84d0-53947a8429cd	5	176097194	177771448	721	-0.0039
6c4b0c89-f834-41a8-84d0-53947a8429cd	5	177800550	177805604	3	1.9438
6c4b0c89-f834-41a8-84d0-53947a8429cd	5	177827964	181363319	1983	0.0292
6c4b0c89-f834-41a8-84d0-53947a8429cd	6	149661	294286	120	-0.0137
6c4b0c89-f834-41a8-84d0-53947a8429cd	6	294443	382897	83	-0.3698
6c4b0c89-f834-41a8-84d0-53947a8429cd	6	384109	722974	271	0.0137
6c4b0c89-f834-41a8-84d0-53947a8429cd	6	724316	724586	2	-2.0591
6c4b0c89-f834-41a8-84d0-53947a8429cd	6	724957	29868462	21162	0.0195
6c4b0c89-f834-41a8-84d0-53947a8429cd	6	29868698	29868859	3	-2.6686
6c4b0c89-f834-41a8-84d0-53947a8429cd	6	29868926	29882603	23	0.1488
6c4b0c89-f834-41a8-84d0-53947a8429cd	6	29903859	29931120	11	-5.5744
6c4b0c89-f834-41a8-84d0-53947a8429cd	6	29931900	29933799	5	-1.5507
6c4b0c89-f834-41a8-84d0-53947a8429cd	6	29940692	31318528	644	0.0203
6c4b0c89-f834-41a8-84d0-53947a8429cd	6	31318754	31328674	9	-1.8468
6c4b0c89-f834-41a8-84d0-53947a8429cd	6	31342147	31380423	47	0.0375
6c4b0c89-f834-41a8-84d0-53947a8429cd	6	31380693	31383665	7	-1.1601
6c4b0c89-f834-41a8-84d0-53947a8429cd	6	31384110	32656527	504	0.0213
6c4b0c89-f834-41a8-84d0-53947a8429cd	6	32656814	32658160	4	-2.2966
6c4b0c89-f834-41a8-84d0-53947a8429cd	6	32658841	76720013	25866	0.0211
6c4b0c89-f834-41a8-84d0-53947a8429cd	6	76726442	76742924	20	-0.7509
6c4b0c89-f834-41a8-84d0-53947a8429cd	6	76742956	78253172	980	0.0058
6c4b0c89-f834-41a8-84d0-53947a8429cd	6	78259348	78332002	116	0.5179
6c4b0c89-f834-41a8-84d0-53947a8429cd	6	78332056	103286954	15472	0.0242
6c4b0c89-f834-41a8-84d0-53947a8429cd	6	103290101	103314186	46	0.6108
6c4b0c89-f834-41a8-84d0-53947a8429cd	6	103317795	170741917	44169	0.0214
6c4b0c89-f834-41a8-84d0-53947a8429cd	7	43355	126404920	76955	0.021
6c4b0c89-f834-41a8-84d0-53947a8429cd	7	126405428	126406561	12	1.2236
6c4b0c89-f834-41a8-84d0-53947a8429cd	7	126406822	134100424	4694	0.0163
6c4b0c89-f834-41a8-84d0-53947a8429cd	7	134100442	134110912	26	-0.551
6c4b0c89-f834-41a8-84d0-53947a8429cd	7	134110951	142070827	5210	0.0182
6c4b0c89-f834-41a8-84d0-53947a8429cd	7	142071122	142087562	14	1.1928
6c4b0c89-f834-41a8-84d0-53947a8429cd	7	142087732	143728721	918	0.0095
6c4b0c89-f834-41a8-84d0-53947a8429cd	7	143728794	143802294	19	-0.5505
6c4b0c89-f834-41a8-84d0-53947a8429cd	7	143846758	154598185	6697	0.0189
6c4b0c89-f834-41a8-84d0-53947a8429cd	7	154601461	154607903	4	-2.0857
6c4b0c89-f834-41a8-84d0-53947a8429cd	7	154609120	159334314	3233	0.0071
6c4b0c89-f834-41a8-84d0-53947a8429cd	8	81254	5736745	5998	0.0222
6c4b0c89-f834-41a8-84d0-53947a8429cd	8	5741204	5749634	29	-0.799
6c4b0c89-f834-41a8-84d0-53947a8429cd	8	5749692	7358321	1708	0.0138
6c4b0c89-f834-41a8-84d0-53947a8429cd	8	7358351	7974123	43	0.6537
6c4b0c89-f834-41a8-84d0-53947a8429cd	8	7981252	8132772	12	-0.4048
6c4b0c89-f834-41a8-84d0-53947a8429cd	8	8139659	8528174	291	0.0394
6c4b0c89-f834-41a8-84d0-53947a8429cd	8	8528287	8528681	3	-1.3661
6c4b0c89-f834-41a8-84d0-53947a8429cd	8	8528847	8528932	2	-3.7656
6c4b0c89-f834-41a8-84d0-53947a8429cd	8	8530797	12025748	2924	0.0199
6c4b0c89-f834-41a8-84d0-53947a8429cd	8	12035719	12562158	52	0.7231
6c4b0c89-f834-41a8-84d0-53947a8429cd	8	12562581	25114672	10407	0.0231
6c4b0c89-f834-41a8-84d0-53947a8429cd	8	25116928	25126818	27	0.6929
6c4b0c89-f834-41a8-84d0-53947a8429cd	8	25133589	39389156	9009	0.0245
6c4b0c89-f834-41a8-84d0-53947a8429cd	8	39389592	39529446	57	0.7235
6c4b0c89-f834-41a8-84d0-53947a8429cd	8	39530780	136881227	59919	0.0214
6c4b0c89-f834-41a8-84d0-53947a8429cd	8	136882257	136882271	2	-3.1196
6c4b0c89-f834-41a8-84d0-53947a8429cd	8	136888490	145072769	4966	0.013
6c4b0c89-f834-41a8-84d0-53947a8429cd	9	46587	24500842	21208	0.0274
6c4b0c89-f834-41a8-84d0-53947a8429cd	9	24503818	24517684	20	-1.1644
6c4b0c89-f834-41a8-84d0-53947a8429cd	9	24519686	41644133	10017	0.0235
6c4b0c89-f834-41a8-84d0-53947a8429cd	9	41644288	41659472	5	-1.5698
6c4b0c89-f834-41a8-84d0-53947a8429cd	9	41666811	63580418	167	0.0241
6c4b0c89-f834-41a8-84d0-53947a8429cd	9	63590317	63592813	7	1.869
6c4b0c89-f834-41a8-84d0-53947a8429cd	9	63614182	106889858	27181	0.0197
6c4b0c89-f834-41a8-84d0-53947a8429cd	9	106890702	106890940	3	-1.7369
6c4b0c89-f834-41a8-84d0-53947a8429cd	9	106892243	138200944	20815	0.0206
6c4b0c89-f834-41a8-84d0-53947a8429cd	10	45792	4197915	3524	0.013
6c4b0c89-f834-41a8-84d0-53947a8429cd	10	4198530	4199213	3	-1.8949
6c4b0c89-f834-41a8-84d0-53947a8429cd	10	4199380	7611952	3080	0.019
6c4b0c89-f834-41a8-84d0-53947a8429cd	10	7613603	7618420	5	-1.2358
6c4b0c89-f834-41a8-84d0-53947a8429cd	10	7618503	30962419	17596	0.0216
6c4b0c89-f834-41a8-84d0-53947a8429cd	10	30962594	30962753	5	-1.2912
6c4b0c89-f834-41a8-84d0-53947a8429cd	10	30962785	50070600	9177	0.0227
6c4b0c89-f834-41a8-84d0-53947a8429cd	10	50081224	50132160	4	-2.1333
6c4b0c89-f834-41a8-84d0-53947a8429cd	10	50144008	65548951	11006	0.0206
6c4b0c89-f834-41a8-84d0-53947a8429cd	10	65548979	65554688	21	-2.2878
6c4b0c89-f834-41a8-84d0-53947a8429cd	10	65563037	133654968	46201	0.018
6c4b0c89-f834-41a8-84d0-53947a8429cd	11	198510	1632338	494	0.0133
6c4b0c89-f834-41a8-84d0-53947a8429cd	11	1633335	1633531	2	-1.8831
6c4b0c89-f834-41a8-84d0-53947a8429cd	11	1635897	5762693	2737	0.0192
6c4b0c89-f834-41a8-84d0-53947a8429cd	11	5766175	5787909	33	-0.6164
6c4b0c89-f834-41a8-84d0-53947a8429cd	11	5788108	11282463	3940	0.0309
6c4b0c89-f834-41a8-84d0-53947a8429cd	11	11282704	11283235	3	-1.5721
6c4b0c89-f834-41a8-84d0-53947a8429cd	11	11283423	18919309	5461	0.0189
6c4b0c89-f834-41a8-84d0-53947a8429cd	11	18919323	18939631	36	0.5712
6c4b0c89-f834-41a8-84d0-53947a8429cd	11	18939734	55595864	21765	0.0224
6c4b0c89-f834-41a8-84d0-53947a8429cd	11	55606556	55686100	60	-0.5956
6c4b0c89-f834-41a8-84d0-53947a8429cd	11	55693207	99968957	27087	0.0192
6c4b0c89-f834-41a8-84d0-53947a8429cd	11	99972614	99972870	3	-2.9436
6c4b0c89-f834-41a8-84d0-53947a8429cd	11	99974970	107359993	5251	0.0159
6c4b0c89-f834-41a8-84d0-53947a8429cd	11	107367930	107368402	7	-2.3024
6c4b0c89-f834-41a8-84d0-53947a8429cd	11	107381636	134731118	19629	0.0166
6c4b0c89-f834-41a8-84d0-53947a8429cd	11	134731897	134739663	8	-1.2503
6c4b0c89-f834-41a8-84d0-53947a8429cd	11	134740048	135074876	276	-0.0324
6c4b0c89-f834-41a8-84d0-53947a8429cd	12	51460	9477960	6172	0.0255
6c4b0c89-f834-41a8-84d0-53947a8429cd	12	9481274	9562969	23	-1.8985
6c4b0c89-f834-41a8-84d0-53947a8429cd	12	9575696	43026154	20728	0.0254
6c4b0c89-f834-41a8-84d0-53947a8429cd	12	43026726	43026950	2	-3.2325
6c4b0c89-f834-41a8-84d0-53947a8429cd	12	43033505	45510655	1461	0.0137
6c4b0c89-f834-41a8-84d0-53947a8429cd	12	45512057	45515754	3	-2.5162
6c4b0c89-f834-41a8-84d0-53947a8429cd	12	45519509	55404021	5694	0.0192
6c4b0c89-f834-41a8-84d0-53947a8429cd	12	55409338	55409884	2	-2.0382
6c4b0c89-f834-41a8-84d0-53947a8429cd	12	55416184	85470227	18901	0.0207
6c4b0c89-f834-41a8-84d0-53947a8429cd	12	85477049	85499538	17	-0.9189
6c4b0c89-f834-41a8-84d0-53947a8429cd	12	85503365	133201603	31805	0.0188
6c4b0c89-f834-41a8-84d0-53947a8429cd	13	18452809	18641527	25	-0.4335
6c4b0c89-f834-41a8-84d0-53947a8429cd	13	18641534	37496998	13444	0.022
6c4b0c89-f834-41a8-84d0-53947a8429cd	13	37497899	37510620	16	-2.3754
6c4b0c89-f834-41a8-84d0-53947a8429cd	13	37514193	112879562	49984	0.0238
6c4b0c89-f834-41a8-84d0-53947a8429cd	13	112879747	112879894	3	1.6267
6c4b0c89-f834-41a8-84d0-53947a8429cd	13	112880521	114342922	648	0.0076
6c4b0c89-f834-41a8-84d0-53947a8429cd	14	18239283	19445992	57	-0.1048
6c4b0c89-f834-41a8-84d0-53947a8429cd	14	19632043	19954424	109	0.4794
6c4b0c89-f834-41a8-84d0-53947a8429cd	14	19955213	73550834	34070	0.0225
6c4b0c89-f834-41a8-84d0-53947a8429cd	14	73554275	73583560	11	-0.9445
6c4b0c89-f834-41a8-84d0-53947a8429cd	14	73589619	106407614	20893	0.0182
6c4b0c89-f834-41a8-84d0-53947a8429cd	14	106412640	106462183	51	-0.7217
6c4b0c89-f834-41a8-84d0-53947a8429cd	14	106462724	106877229	195	0.039
6c4b0c89-f834-41a8-84d0-53947a8429cd	15	19811075	20001686	45	-0.0231
6c4b0c89-f834-41a8-84d0-53947a8429cd	15	20011702	21005443	112	0.4729
6c4b0c89-f834-41a8-84d0-53947a8429cd	15	21018354	21975606	19	0.0081
6c4b0c89-f834-41a8-84d0-53947a8429cd	15	21997003	21999319	2	-2.366
6c4b0c89-f834-41a8-84d0-53947a8429cd	15	22003073	24266888	957	0.014
6c4b0c89-f834-41a8-84d0-53947a8429cd	15	24269473	24473026	95	-0.9765
6c4b0c89-f834-41a8-84d0-53947a8429cd	15	24473449	27326584	2070	0.0313
6c4b0c89-f834-41a8-84d0-53947a8429cd	15	27326696	27327182	3	-3.0885
6c4b0c89-f834-41a8-84d0-53947a8429cd	15	27328880	30157841	1527	0.0074
6c4b0c89-f834-41a8-84d0-53947a8429cd	15	30158166	30608675	33	0.4483
6c4b0c89-f834-41a8-84d0-53947a8429cd	15	30621384	34421922	2561	0.0143
6c4b0c89-f834-41a8-84d0-53947a8429cd	15	34430601	34570058	66	-0.9673
6c4b0c89-f834-41a8-84d0-53947a8429cd	15	34576695	101928837	44024	0.0236
6c4b0c89-f834-41a8-84d0-53947a8429cd	16	10777	55770436	26913	0.0168
6c4b0c89-f834-41a8-84d0-53947a8429cd	16	55771496	55788532	14	-1.1387
6c4b0c89-f834-41a8-84d0-53947a8429cd	16	55808442	78337711	14267	0.0203
6c4b0c89-f834-41a8-84d0-53947a8429cd	16	78338543	78347366	14	0.8416
6c4b0c89-f834-41a8-84d0-53947a8429cd	16	78349243	90096867	10608	0.014
6c4b0c89-f834-41a8-84d0-53947a8429cd	17	150733	15140609	9678	0.0212
6c4b0c89-f834-41a8-84d0-53947a8429cd	17	15140628	15151185	29	-1.0226
6c4b0c89-f834-41a8-84d0-53947a8429cd	17	15155674	18413867	1678	0.0059
6c4b0c89-f834-41a8-84d0-53947a8429cd	17	18413879	18561272	28	0.6592
6c4b0c89-f834-41a8-84d0-53947a8429cd	17	18561907	36119525	6838	0.0223
6c4b0c89-f834-41a8-84d0-53947a8429cd	17	36119737	36137721	19	-0.4746
6c4b0c89-f834-41a8-84d0-53947a8429cd	17	36137995	41266838	2540	0.0283
6c4b0c89-f834-41a8-84d0-53947a8429cd	17	41266851	41274279	19	0.9475
6c4b0c89-f834-41a8-84d0-53947a8429cd	17	41276472	46080231	2494	0.0334
6c4b0c89-f834-41a8-84d0-53947a8429cd	17	46084501	46136346	41	0.6213
6c4b0c89-f834-41a8-84d0-53947a8429cd	17	46136800	46211164	64	0.2955
6c4b0c89-f834-41a8-84d0-53947a8429cd	17	46211213	46215389	7	0.7587
6c4b0c89-f834-41a8-84d0-53947a8429cd	17	46218468	57560777	6996	0.0193
6c4b0c89-f834-41a8-84d0-53947a8429cd	17	57561162	57562511	2	-2.1701
6c4b0c89-f834-41a8-84d0-53947a8429cd	17	57562749	69961571	6767	0.021
6c4b0c89-f834-41a8-84d0-53947a8429cd	17	69961656	69961686	2	-2.0694
6c4b0c89-f834-41a8-84d0-53947a8429cd	17	69963203	78285287	5491	0.0122
6c4b0c89-f834-41a8-84d0-53947a8429cd	17	78286051	78286887	2	1.8824
6c4b0c89-f834-41a8-84d0-53947a8429cd	17	78290662	83091923	2312	0.008
6c4b0c89-f834-41a8-84d0-53947a8429cd	18	48133	40680516	22789	0.0187
6c4b0c89-f834-41a8-84d0-53947a8429cd	18	40680526	40685425	14	-2.0387
6c4b0c89-f834-41a8-84d0-53947a8429cd	18	40688060	52607242	8201	0.0253
6c4b0c89-f834-41a8-84d0-53947a8429cd	18	52611587	52612968	4	-1.6525
6c4b0c89-f834-41a8-84d0-53947a8429cd	18	52614799	80257174	19717	0.0202
6c4b0c89-f834-41a8-84d0-53947a8429cd	19	90910	20411869	8921	0.0196
6c4b0c89-f834-41a8-84d0-53947a8429cd	19	20413400	20533583	68	-0.9129
6c4b0c89-f834-41a8-84d0-53947a8429cd	19	20538075	40846832	10508	0.0175
6c4b0c89-f834-41a8-84d0-53947a8429cd	19	40854267	40864888	17	-1.1365
6c4b0c89-f834-41a8-84d0-53947a8429cd	19	40865040	58586487	9586	0.0165
6c4b0c89-f834-41a8-84d0-53947a8429cd	20	80664	1580353	1203	0.0219
6c4b0c89-f834-41a8-84d0-53947a8429cd	20	1580934	1613247	41	-0.6967
6c4b0c89-f834-41a8-84d0-53947a8429cd	20	1617300	54031269	33608	0.0184
6c4b0c89-f834-41a8-84d0-53947a8429cd	20	54034615	54042112	36	-0.9256
6c4b0c89-f834-41a8-84d0-53947a8429cd	20	54046035	56592329	2078	0.0192
6c4b0c89-f834-41a8-84d0-53947a8429cd	20	56592351	56596559	2	-2.1643
6c4b0c89-f834-41a8-84d0-53947a8429cd	20	56596638	64324800	5367	0.0169
6c4b0c89-f834-41a8-84d0-53947a8429cd	21	10354168	22269583	6299	0.0328
6c4b0c89-f834-41a8-84d0-53947a8429cd	21	22270540	22292338	12	-0.7982
6c4b0c89-f834-41a8-84d0-53947a8429cd	21	22294679	28888644	5084	0.0233
6c4b0c89-f834-41a8-84d0-53947a8429cd	21	28888672	28888913	2	-2.0208
6c4b0c89-f834-41a8-84d0-53947a8429cd	21	28889370	31864142	2033	0.0263
6c4b0c89-f834-41a8-84d0-53947a8429cd	21	31865670	31867735	3	-2.6947
6c4b0c89-f834-41a8-84d0-53947a8429cd	21	31879236	36104061	3012	0.0061
6c4b0c89-f834-41a8-84d0-53947a8429cd	21	36109657	36247216	99	1.4271
6c4b0c89-f834-41a8-84d0-53947a8429cd	21	36247984	46677045	7312	0.0192
6c4b0c89-f834-41a8-84d0-53947a8429cd	22	15294547	18142004	1109	0.0412
6c4b0c89-f834-41a8-84d0-53947a8429cd	22	18143362	18146386	8	-1.1182
6c4b0c89-f834-41a8-84d0-53947a8429cd	22	18147293	22119654	2002	0.0166
6c4b0c89-f834-41a8-84d0-53947a8429cd	22	22120134	22120255	4	-3.8495
6c4b0c89-f834-41a8-84d0-53947a8429cd	22	22127104	38894915	12058	0.0276
6c4b0c89-f834-41a8-84d0-53947a8429cd	22	38899250	38900899	3	-3.8162
6c4b0c89-f834-41a8-84d0-53947a8429cd	22	38903109	50796027	8070	0.0258
6c4b0c89-f834-41a8-84d0-53947a8429cd	X	251810	621147	54	-0.0135
6c4b0c89-f834-41a8-84d0-53947a8429cd	X	621274	621339	2	-2.8088
6c4b0c89-f834-41a8-84d0-53947a8429cd	X	641823	8629625	4475	0.022
6c4b0c89-f834-41a8-84d0-53947a8429cd	X	8630112	8729319	79	0.6338
6c4b0c89-f834-41a8-84d0-53947a8429cd	X	8733825	151124426	76650	0.0228
6c4b0c89-f834-41a8-84d0-53947a8429cd	X	151125462	151128083	3	-1.9798
6c4b0c89-f834-41a8-84d0-53947a8429cd	X	151131052	155952689	2362	0.0233
6c4b0c89-f834-41a8-84d0-53947a8429cd	Y	2782397	2988312	100	-3.2138
6c4b0c89-f834-41a8-84d0-53947a8429cd	Y	2989050	6075631	618	-2.8168
6c4b0c89-f834-41a8-84d0-53947a8429cd	Y	6076562	8484811	1138	-3.3662
6c4b0c89-f834-41a8-84d0-53947a8429cd	Y	8485666	9554275	396	-3.9006
6c4b0c89-f834-41a8-84d0-53947a8429cd	Y	9554586	56872112	4384	-3.3285
