GDC_Aliquot	Chromosome	Start	End	Num_Probes	Segment_Mean
bdc18853-9c84-428e-9410-8487fd2aa2a1	1	3301765	247650984	129730	0.014
bdc18853-9c84-428e-9410-8487fd2aa2a1	2	480597	241537572	132208	0.0232
bdc18853-9c84-428e-9410-8487fd2aa2a1	3	2170634	15679467	8283	0.017
bdc18853-9c84-428e-9410-8487fd2aa2a1	3	15682344	15682510	2	-1.8025
bdc18853-9c84-428e-9410-8487fd2aa2a1	3	15682626	197812401	98899	0.0155
bdc18853-9c84-428e-9410-8487fd2aa2a1	4	1059384	187842528	103513	0.0191
bdc18853-9c84-428e-9410-8487fd2aa2a1	5	913983	180934240	101130	0.0185
bdc18853-9c84-428e-9410-8487fd2aa2a1	6	1011760	50925015	30116	0.0123
bdc18853-9c84-428e-9410-8487fd2aa2a1	6	50925538	50925578	2	-2.0249
bdc18853-9c84-428e-9410-8487fd2aa2a1	6	50931560	151187133	55836	0.0163
bdc18853-9c84-428e-9410-8487fd2aa2a1	6	151191791	151201073	7	-1.0031
bdc18853-9c84-428e-9410-8487fd2aa2a1	6	151202499	170596889	11218	0.0202
bdc18853-9c84-428e-9410-8487fd2aa2a1	7	664936	2136236	397	-0.0239
bdc18853-9c84-428e-9410-8487fd2aa2a1	7	2137882	2210259	51	-1.3839
bdc18853-9c84-428e-9410-8487fd2aa2a1	7	2304677	40042385	22540	0.0174
bdc18853-9c84-428e-9410-8487fd2aa2a1	7	40045049	77178189	15619	0.0414
bdc18853-9c84-428e-9410-8487fd2aa2a1	7	77179907	158592540	43338	0.0196
bdc18853-9c84-428e-9410-8487fd2aa2a1	8	667625	144182542	82236	0.0195
bdc18853-9c84-428e-9410-8487fd2aa2a1	9	789794	138044505	68469	0.0197
bdc18853-9c84-428e-9410-8487fd2aa2a1	10	366509	133411599	81299	0.0157
bdc18853-9c84-428e-9410-8487fd2aa2a1	11	456012	134272740	77587	0.0178
bdc18853-9c84-428e-9410-8487fd2aa2a1	12	780472	105785043	59725	0.0131
bdc18853-9c84-428e-9410-8487fd2aa2a1	12	105785884	105786470	3	-1.7544
bdc18853-9c84-428e-9410-8487fd2aa2a1	12	105789593	132605822	14628	0.0176
bdc18853-9c84-428e-9410-8487fd2aa2a1	13	18874255	106730287	52239	0.0193
bdc18853-9c84-428e-9410-8487fd2aa2a1	13	106731890	106732362	2	-1.75
bdc18853-9c84-428e-9410-8487fd2aa2a1	13	106732887	114226675	4765	0.0262
bdc18853-9c84-428e-9410-8487fd2aa2a1	14	20033191	105533894	49795	0.0152
bdc18853-9c84-428e-9410-8487fd2aa2a1	15	23437561	67275230	24911	0.0117
bdc18853-9c84-428e-9410-8487fd2aa2a1	15	67275525	67277377	2	-1.6919
bdc18853-9c84-428e-9410-8487fd2aa2a1	15	67278294	81171054	8007	0.0129
bdc18853-9c84-428e-9410-8487fd2aa2a1	15	81171632	81173096	2	1.6531
bdc18853-9c84-428e-9410-8487fd2aa2a1	15	81173638	101344124	11868	0.0176
bdc18853-9c84-428e-9410-8487fd2aa2a1	16	603333	89317317	41193	0.0225
bdc18853-9c84-428e-9410-8487fd2aa2a1	17	1074619	82959812	37275	0.0113
bdc18853-9c84-428e-9410-8487fd2aa2a1	18	326691	64139400	35408	0.0184
bdc18853-9c84-428e-9410-8487fd2aa2a1	18	64142171	64142688	2	-2.2063
bdc18853-9c84-428e-9410-8487fd2aa2a1	18	64142778	79349796	7565	0.0192
bdc18853-9c84-428e-9410-8487fd2aa2a1	19	283868	2831251	555	0.0091
bdc18853-9c84-428e-9410-8487fd2aa2a1	19	2832569	2847242	16	0.6945
bdc18853-9c84-428e-9410-8487fd2aa2a1	19	2851680	58370362	23588	0.0181
bdc18853-9c84-428e-9410-8487fd2aa2a1	20	472817	54170321	31068	0.021
bdc18853-9c84-428e-9410-8487fd2aa2a1	20	54172187	54176757	3	-1.7719
bdc18853-9c84-428e-9410-8487fd2aa2a1	20	54177845	63588502	6487	0.0311
bdc18853-9c84-428e-9410-8487fd2aa2a1	21	13974127	46262057	20599	0.017
bdc18853-9c84-428e-9410-8487fd2aa2a1	22	16934932	48940621	17085	0.0129
bdc18853-9c84-428e-9410-8487fd2aa2a1	X	3236359	8815239	904	0.0387
bdc18853-9c84-428e-9410-8487fd2aa2a1	X	8818678	8821613	3	-2.0098
bdc18853-9c84-428e-9410-8487fd2aa2a1	X	8822592	155677414	63069	0.0188
