GDC_Aliquot	Chromosome	Start	End	Num_Probes	Segment_Mean
5bb98a2c-a0d5-4487-a270-1e359527a480	1	3301765	247650984	129717	0.0126
5bb98a2c-a0d5-4487-a270-1e359527a480	2	480597	241537572	132196	0.0219
5bb98a2c-a0d5-4487-a270-1e359527a480	3	2170634	16670981	9014	0.0109
5bb98a2c-a0d5-4487-a270-1e359527a480	3	16672492	16672941	2	2.9237
5bb98a2c-a0d5-4487-a270-1e359527a480	3	16683038	197812401	98175	0.017
5bb98a2c-a0d5-4487-a270-1e359527a480	4	1059384	187842528	103499	0.0151
5bb98a2c-a0d5-4487-a270-1e359527a480	5	913983	180934240	101128	0.0141
5bb98a2c-a0d5-4487-a270-1e359527a480	6	1011760	151444376	86112	0.015
5bb98a2c-a0d5-4487-a270-1e359527a480	6	151445672	151445687	2	-3.5293
5bb98a2c-a0d5-4487-a270-1e359527a480	6	151445900	170596889	11062	0.0007
5bb98a2c-a0d5-4487-a270-1e359527a480	7	664936	158592540	81938	0.0146
5bb98a2c-a0d5-4487-a270-1e359527a480	8	667625	87731541	48348	0.0131
5bb98a2c-a0d5-4487-a270-1e359527a480	8	87732103	87732222	2	-2.1131
5bb98a2c-a0d5-4487-a270-1e359527a480	8	87736176	107274150	11218	0.0125
5bb98a2c-a0d5-4487-a270-1e359527a480	8	107274863	107275214	2	-2.1398
5bb98a2c-a0d5-4487-a270-1e359527a480	8	107275349	144182542	22648	0.008
5bb98a2c-a0d5-4487-a270-1e359527a480	9	789794	120822399	59238	0.0093
5bb98a2c-a0d5-4487-a270-1e359527a480	9	120823168	120829038	2	2.366
5bb98a2c-a0d5-4487-a270-1e359527a480	9	120830683	138044505	9219	0.0278
5bb98a2c-a0d5-4487-a270-1e359527a480	10	366509	133411599	81290	0.0078
5bb98a2c-a0d5-4487-a270-1e359527a480	11	456012	49131689	30291	0.013
5bb98a2c-a0d5-4487-a270-1e359527a480	11	49132649	49135294	2	-3.2584
5bb98a2c-a0d5-4487-a270-1e359527a480	11	49139969	134272740	47285	0.0158
5bb98a2c-a0d5-4487-a270-1e359527a480	12	780472	19832862	10989	0.0148
5bb98a2c-a0d5-4487-a270-1e359527a480	12	19833093	19833396	2	-2.2088
5bb98a2c-a0d5-4487-a270-1e359527a480	12	19833852	83015827	34484	0.0105
5bb98a2c-a0d5-4487-a270-1e359527a480	12	83015952	83029561	18	-1.192
5bb98a2c-a0d5-4487-a270-1e359527a480	12	83031164	132605822	28853	0.0192
5bb98a2c-a0d5-4487-a270-1e359527a480	13	18874255	114226675	57001	0.0098
5bb98a2c-a0d5-4487-a270-1e359527a480	14	20033191	52193820	17001	0.0148
5bb98a2c-a0d5-4487-a270-1e359527a480	14	52195563	52196987	2	2.4771
5bb98a2c-a0d5-4487-a270-1e359527a480	14	52198087	105533894	32794	0.0082
5bb98a2c-a0d5-4487-a270-1e359527a480	15	23437561	101344124	44780	0.0094
5bb98a2c-a0d5-4487-a270-1e359527a480	16	603333	10025210	4878	0.0244
5bb98a2c-a0d5-4487-a270-1e359527a480	16	10025879	10027033	4	-1.4773
5bb98a2c-a0d5-4487-a270-1e359527a480	16	10027091	89317317	36316	0.0124
5bb98a2c-a0d5-4487-a270-1e359527a480	17	1074619	82959812	37272	0.019
5bb98a2c-a0d5-4487-a270-1e359527a480	18	326691	79349796	42962	0.0079
5bb98a2c-a0d5-4487-a270-1e359527a480	19	283868	58370362	24157	0.0449
5bb98a2c-a0d5-4487-a270-1e359527a480	20	472817	63588502	37540	0.0112
5bb98a2c-a0d5-4487-a270-1e359527a480	21	13974127	46262057	20592	0.0034
5bb98a2c-a0d5-4487-a270-1e359527a480	22	16934932	48940621	17085	0.0145
5bb98a2c-a0d5-4487-a270-1e359527a480	X	3236359	155677414	63976	0.014
