GDC_Aliquot	Chromosome	Start	End	Num_Probes	Segment_Mean
687ba848-034e-46e8-af43-bc3cd1f7e282	1	62920	98588	12	-0.6584
687ba848-034e-46e8-af43-bc3cd1f7e282	1	98602	901366	44	0.1587
687ba848-034e-46e8-af43-bc3cd1f7e282	1	901705	1318170	117	0.6793
687ba848-034e-46e8-af43-bc3cd1f7e282	1	1318197	1827211	105	0.4522
687ba848-034e-46e8-af43-bc3cd1f7e282	1	1827244	1859820	20	-0.0224
687ba848-034e-46e8-af43-bc3cd1f7e282	1	1860363	3302046	440	0.4645
687ba848-034e-46e8-af43-bc3cd1f7e282	1	3302359	5951845	2049	0.0319
687ba848-034e-46e8-af43-bc3cd1f7e282	1	5954503	5999169	24	0.3945
687ba848-034e-46e8-af43-bc3cd1f7e282	1	5999262	9247978	1845	0.0301
687ba848-034e-46e8-af43-bc3cd1f7e282	1	9255788	9339580	56	0.3711
687ba848-034e-46e8-af43-bc3cd1f7e282	1	9340475	12850124	1799	0.0471
687ba848-034e-46e8-af43-bc3cd1f7e282	1	12850744	12867264	5	0.9211
687ba848-034e-46e8-af43-bc3cd1f7e282	1	12868035	13412699	22	0.0616
687ba848-034e-46e8-af43-bc3cd1f7e282	1	13412708	13460805	11	0.6051
687ba848-034e-46e8-af43-bc3cd1f7e282	1	13466924	14882386	1137	0.0247
687ba848-034e-46e8-af43-bc3cd1f7e282	1	14883440	14886407	2	-1.4893
687ba848-034e-46e8-af43-bc3cd1f7e282	1	14887189	15157969	209	0.0597
687ba848-034e-46e8-af43-bc3cd1f7e282	1	15158643	15173836	20	0.4027
687ba848-034e-46e8-af43-bc3cd1f7e282	1	15174042	15685529	335	0.0113
687ba848-034e-46e8-af43-bc3cd1f7e282	1	15686162	15761329	29	0.3605
687ba848-034e-46e8-af43-bc3cd1f7e282	1	15761501	15820897	43	0.0033
687ba848-034e-46e8-af43-bc3cd1f7e282	1	15822042	15822848	5	0.9717
687ba848-034e-46e8-af43-bc3cd1f7e282	1	15823420	16018332	94	0.0793
687ba848-034e-46e8-af43-bc3cd1f7e282	1	16018760	16063907	10	0.6984
687ba848-034e-46e8-af43-bc3cd1f7e282	1	16071582	16470247	186	0.0908
687ba848-034e-46e8-af43-bc3cd1f7e282	1	16471261	16689764	54	0.3131
687ba848-034e-46e8-af43-bc3cd1f7e282	1	16718963	16721984	6	1.3649
687ba848-034e-46e8-af43-bc3cd1f7e282	1	16766762	16909357	34	0.4665
687ba848-034e-46e8-af43-bc3cd1f7e282	1	16909373	16985328	54	0.8787
687ba848-034e-46e8-af43-bc3cd1f7e282	1	16988207	27002080	5978	0.0413
687ba848-034e-46e8-af43-bc3cd1f7e282	1	27004784	27072223	27	0.4605
687ba848-034e-46e8-af43-bc3cd1f7e282	1	27072293	30058038	1468	0.0298
687ba848-034e-46e8-af43-bc3cd1f7e282	1	30058066	30059743	4	-1.2706
687ba848-034e-46e8-af43-bc3cd1f7e282	1	30059821	30666083	510	0.0556
687ba848-034e-46e8-af43-bc3cd1f7e282	1	30666231	30816574	101	0.2471
687ba848-034e-46e8-af43-bc3cd1f7e282	1	30817300	37390233	3612	0.0191
687ba848-034e-46e8-af43-bc3cd1f7e282	1	37390270	37455082	39	0.3136
687ba848-034e-46e8-af43-bc3cd1f7e282	1	37455442	39638789	1193	0.0125
687ba848-034e-46e8-af43-bc3cd1f7e282	1	39638912	39694476	30	0.4381
687ba848-034e-46e8-af43-bc3cd1f7e282	1	39695341	40867274	630	0.0117
687ba848-034e-46e8-af43-bc3cd1f7e282	1	40870343	40924285	37	0.3519
687ba848-034e-46e8-af43-bc3cd1f7e282	1	40925053	72303233	20363	0.0182
687ba848-034e-46e8-af43-bc3cd1f7e282	1	72303253	72345450	44	-1.5271
687ba848-034e-46e8-af43-bc3cd1f7e282	1	72345465	78323769	3763	0.003
687ba848-034e-46e8-af43-bc3cd1f7e282	1	78323890	78329348	3	-1.3148
687ba848-034e-46e8-af43-bc3cd1f7e282	1	78333055	78859406	322	0.0394
687ba848-034e-46e8-af43-bc3cd1f7e282	1	78863109	79114626	143	-0.1868
687ba848-034e-46e8-af43-bc3cd1f7e282	1	79114707	102123335	14992	0.0121
687ba848-034e-46e8-af43-bc3cd1f7e282	1	102124681	102384232	193	-0.1356
687ba848-034e-46e8-af43-bc3cd1f7e282	1	102384824	103520520	565	0.0153
687ba848-034e-46e8-af43-bc3cd1f7e282	1	103520539	103764621	47	-0.3679
687ba848-034e-46e8-af43-bc3cd1f7e282	1	103764636	105470754	914	0.0063
687ba848-034e-46e8-af43-bc3cd1f7e282	1	105476583	105479753	17	0.6848
687ba848-034e-46e8-af43-bc3cd1f7e282	1	105481433	109684695	2634	0.0092
687ba848-034e-46e8-af43-bc3cd1f7e282	1	109684893	109692006	11	-1.6033
687ba848-034e-46e8-af43-bc3cd1f7e282	1	109696900	112147704	1949	0.0209
687ba848-034e-46e8-af43-bc3cd1f7e282	1	112153343	112154619	23	-2.0872
687ba848-034e-46e8-af43-bc3cd1f7e282	1	112154754	112323452	156	0.0535
687ba848-034e-46e8-af43-bc3cd1f7e282	1	112323975	112324212	2	-1.458
687ba848-034e-46e8-af43-bc3cd1f7e282	1	112326447	143558316	5024	0.0294
687ba848-034e-46e8-af43-bc3cd1f7e282	1	143567319	143734438	77	0.3527
687ba848-034e-46e8-af43-bc3cd1f7e282	1	143748012	143754062	16	0.8686
687ba848-034e-46e8-af43-bc3cd1f7e282	1	143754077	146250588	197	0.2412
687ba848-034e-46e8-af43-bc3cd1f7e282	1	146716041	152787202	2330	0.0437
687ba848-034e-46e8-af43-bc3cd1f7e282	1	152789447	152796224	37	-0.5357
687ba848-034e-46e8-af43-bc3cd1f7e282	1	152801429	169247699	11276	0.0242
687ba848-034e-46e8-af43-bc3cd1f7e282	1	169264736	169269507	6	-5.0811
687ba848-034e-46e8-af43-bc3cd1f7e282	1	169272528	189290080	13176	0.0166
687ba848-034e-46e8-af43-bc3cd1f7e282	1	189292547	189677783	253	-0.1478
687ba848-034e-46e8-af43-bc3cd1f7e282	1	189678068	189990138	251	0.0207
687ba848-034e-46e8-af43-bc3cd1f7e282	1	189990153	190029375	71	-0.3269
687ba848-034e-46e8-af43-bc3cd1f7e282	1	190033554	196735966	4403	0.0005
687ba848-034e-46e8-af43-bc3cd1f7e282	1	196736037	196973325	155	-0.2455
687ba848-034e-46e8-af43-bc3cd1f7e282	1	196974508	225791781	19455	0.0191
687ba848-034e-46e8-af43-bc3cd1f7e282	1	225792010	225880162	60	0.3247
687ba848-034e-46e8-af43-bc3cd1f7e282	1	225881227	228309769	1406	0.0394
687ba848-034e-46e8-af43-bc3cd1f7e282	1	228312480	228552420	95	0.2934
687ba848-034e-46e8-af43-bc3cd1f7e282	1	228553446	231776846	2216	-0.0001
687ba848-034e-46e8-af43-bc3cd1f7e282	1	231776978	231816487	28	0.5779
687ba848-034e-46e8-af43-bc3cd1f7e282	1	231818681	236066513	3208	0.014
687ba848-034e-46e8-af43-bc3cd1f7e282	1	236068083	236105686	27	0.4303
687ba848-034e-46e8-af43-bc3cd1f7e282	1	236112616	236736803	500	0.0267
687ba848-034e-46e8-af43-bc3cd1f7e282	1	236736917	236737237	5	0.7774
687ba848-034e-46e8-af43-bc3cd1f7e282	1	236738518	237624253	759	0.0066
687ba848-034e-46e8-af43-bc3cd1f7e282	1	237625486	237625562	2	-1.4407
687ba848-034e-46e8-af43-bc3cd1f7e282	1	237626017	241900226	3420	0.0132
687ba848-034e-46e8-af43-bc3cd1f7e282	1	241900849	242034266	62	0.3299
687ba848-034e-46e8-af43-bc3cd1f7e282	1	242034902	242895800	682	0.0087
687ba848-034e-46e8-af43-bc3cd1f7e282	1	242895843	242976935	34	0.3574
687ba848-034e-46e8-af43-bc3cd1f7e282	1	242979007	245380056	1462	0.0038
687ba848-034e-46e8-af43-bc3cd1f7e282	1	245381707	245381842	2	-2.0819
687ba848-034e-46e8-af43-bc3cd1f7e282	1	245383096	246677118	966	0.001
687ba848-034e-46e8-af43-bc3cd1f7e282	1	246677132	246699286	17	0.6316
687ba848-034e-46e8-af43-bc3cd1f7e282	1	246703903	247656685	593	0.0327
687ba848-034e-46e8-af43-bc3cd1f7e282	1	247664666	247821756	120	-0.1888
687ba848-034e-46e8-af43-bc3cd1f7e282	1	247828258	247907924	67	0.1049
687ba848-034e-46e8-af43-bc3cd1f7e282	1	247908055	248600052	355	-0.1208
687ba848-034e-46e8-af43-bc3cd1f7e282	1	248605384	248930189	161	0.1129
687ba848-034e-46e8-af43-bc3cd1f7e282	2	12784	202993	110	0.0172
687ba848-034e-46e8-af43-bc3cd1f7e282	2	203536	210513	11	0.9495
687ba848-034e-46e8-af43-bc3cd1f7e282	2	216029	1484344	879	0.0388
687ba848-034e-46e8-af43-bc3cd1f7e282	2	1484437	1880297	215	0.2818
687ba848-034e-46e8-af43-bc3cd1f7e282	2	1883025	3151680	974	0.0026
687ba848-034e-46e8-af43-bc3cd1f7e282	2	3155334	3176122	24	0.2633
687ba848-034e-46e8-af43-bc3cd1f7e282	2	3179183	3184533	8	0.9054
687ba848-034e-46e8-af43-bc3cd1f7e282	2	3189027	3293722	110	0.2352
687ba848-034e-46e8-af43-bc3cd1f7e282	2	3295022	4864012	1271	0.0116
687ba848-034e-46e8-af43-bc3cd1f7e282	2	4866053	4869405	15	-0.5152
687ba848-034e-46e8-af43-bc3cd1f7e282	2	4869727	7472501	2278	0.0057
687ba848-034e-46e8-af43-bc3cd1f7e282	2	7472831	7498587	22	0.5332
687ba848-034e-46e8-af43-bc3cd1f7e282	2	7499242	14164914	4757	0.0042
687ba848-034e-46e8-af43-bc3cd1f7e282	2	14165354	14165662	2	-1.6956
687ba848-034e-46e8-af43-bc3cd1f7e282	2	14165757	18156734	3034	0.0183
687ba848-034e-46e8-af43-bc3cd1f7e282	2	18156763	18157411	2	-2.6379
687ba848-034e-46e8-af43-bc3cd1f7e282	2	18158265	28728832	6408	0.0218
687ba848-034e-46e8-af43-bc3cd1f7e282	2	28729907	29025738	155	0.1885
687ba848-034e-46e8-af43-bc3cd1f7e282	2	29026241	34466002	3808	0.0305
687ba848-034e-46e8-af43-bc3cd1f7e282	2	34474248	34511990	46	0.6255
687ba848-034e-46e8-af43-bc3cd1f7e282	2	34512096	50633473	11699	0.0082
687ba848-034e-46e8-af43-bc3cd1f7e282	2	50633487	51121365	345	-0.1549
687ba848-034e-46e8-af43-bc3cd1f7e282	2	51123989	52193319	714	-0.0058
687ba848-034e-46e8-af43-bc3cd1f7e282	2	52193803	52381165	129	-0.224
687ba848-034e-46e8-af43-bc3cd1f7e282	2	52381795	52514599	110	-0.0109
687ba848-034e-46e8-af43-bc3cd1f7e282	2	52516787	52554359	38	0.3607
687ba848-034e-46e8-af43-bc3cd1f7e282	2	52554366	55450081	2196	0.0059
687ba848-034e-46e8-af43-bc3cd1f7e282	2	55453152	55455184	4	-0.9962
687ba848-034e-46e8-af43-bc3cd1f7e282	2	55457894	56479537	675	0.0242
687ba848-034e-46e8-af43-bc3cd1f7e282	2	56488738	56523074	38	-0.4244
687ba848-034e-46e8-af43-bc3cd1f7e282	2	56524439	57179330	445	-0.0035
687ba848-034e-46e8-af43-bc3cd1f7e282	2	57179424	57277525	90	-0.2414
687ba848-034e-46e8-af43-bc3cd1f7e282	2	57280699	60257372	1982	0.0166
687ba848-034e-46e8-af43-bc3cd1f7e282	2	60257545	60259112	7	-0.7216
687ba848-034e-46e8-af43-bc3cd1f7e282	2	60261723	78168526	11151	0.0162
687ba848-034e-46e8-af43-bc3cd1f7e282	2	78169141	79470645	880	-0.0751
687ba848-034e-46e8-af43-bc3cd1f7e282	2	79470856	106263639	11938	0.0159
687ba848-034e-46e8-af43-bc3cd1f7e282	2	106264257	106268901	11	-2.1653
687ba848-034e-46e8-af43-bc3cd1f7e282	2	106270799	111385836	2601	0.0119
687ba848-034e-46e8-af43-bc3cd1f7e282	2	111391957	111395273	3	-1.7524
687ba848-034e-46e8-af43-bc3cd1f7e282	2	111395532	113604438	1179	0.0328
687ba848-034e-46e8-af43-bc3cd1f7e282	2	113604837	113604839	2	-2.029
687ba848-034e-46e8-af43-bc3cd1f7e282	2	113623244	116764279	1916	0.0019
687ba848-034e-46e8-af43-bc3cd1f7e282	2	116769565	117114627	205	-0.1758
687ba848-034e-46e8-af43-bc3cd1f7e282	2	117116857	117353119	132	0.0457
687ba848-034e-46e8-af43-bc3cd1f7e282	2	117353402	117381212	18	-0.4593
687ba848-034e-46e8-af43-bc3cd1f7e282	2	117381259	122718173	3429	0.0325
687ba848-034e-46e8-af43-bc3cd1f7e282	2	122718842	122724665	9	-0.7551
687ba848-034e-46e8-af43-bc3cd1f7e282	2	122726077	123297642	421	0.0288
687ba848-034e-46e8-af43-bc3cd1f7e282	2	123297887	125928004	1687	-0.0288
687ba848-034e-46e8-af43-bc3cd1f7e282	2	125928914	130036283	2673	0.033
687ba848-034e-46e8-af43-bc3cd1f7e282	2	130036310	130116915	13	-0.7084
687ba848-034e-46e8-af43-bc3cd1f7e282	2	130117303	130284860	42	0.1314
687ba848-034e-46e8-af43-bc3cd1f7e282	2	130288531	130450196	51	0.3055
687ba848-034e-46e8-af43-bc3cd1f7e282	2	130450544	137628709	4210	0.0174
687ba848-034e-46e8-af43-bc3cd1f7e282	2	137628964	138039845	269	-0.1438
687ba848-034e-46e8-af43-bc3cd1f7e282	2	138042168	146107526	4955	0.0081
687ba848-034e-46e8-af43-bc3cd1f7e282	2	146107615	146109366	17	0.7009
687ba848-034e-46e8-af43-bc3cd1f7e282	2	146120238	153032062	4264	0.0207
687ba848-034e-46e8-af43-bc3cd1f7e282	2	153032878	153033105	2	-1.9773
687ba848-034e-46e8-af43-bc3cd1f7e282	2	153038654	183427830	18695	0.0174
687ba848-034e-46e8-af43-bc3cd1f7e282	2	183428030	184265147	543	-0.039
687ba848-034e-46e8-af43-bc3cd1f7e282	2	184265221	184290169	28	-0.4636
687ba848-034e-46e8-af43-bc3cd1f7e282	2	184292757	184659915	303	-0.0575
687ba848-034e-46e8-af43-bc3cd1f7e282	2	184660943	185182756	257	0.0634
687ba848-034e-46e8-af43-bc3cd1f7e282	2	185188270	186056624	432	-0.1081
687ba848-034e-46e8-af43-bc3cd1f7e282	2	186056639	192538383	3742	0.0074
687ba848-034e-46e8-af43-bc3cd1f7e282	2	192539182	193823021	588	-0.04
687ba848-034e-46e8-af43-bc3cd1f7e282	2	193825580	193829074	2	1.6969
687ba848-034e-46e8-af43-bc3cd1f7e282	2	193837590	195372014	864	-0.0737
687ba848-034e-46e8-af43-bc3cd1f7e282	2	195373101	212294228	10259	0.0186
687ba848-034e-46e8-af43-bc3cd1f7e282	2	212297443	212328120	62	-0.2442
687ba848-034e-46e8-af43-bc3cd1f7e282	2	212328238	231503112	12363	0.0191
687ba848-034e-46e8-af43-bc3cd1f7e282	2	231504690	231700130	97	0.3175
687ba848-034e-46e8-af43-bc3cd1f7e282	2	231700171	232319832	294	0.0232
687ba848-034e-46e8-af43-bc3cd1f7e282	2	232328858	232447215	89	0.482
687ba848-034e-46e8-af43-bc3cd1f7e282	2	232453368	238842563	4383	0.0212
687ba848-034e-46e8-af43-bc3cd1f7e282	2	238910991	239108788	123	0.2871
687ba848-034e-46e8-af43-bc3cd1f7e282	2	239116991	240605435	1014	0.0369
687ba848-034e-46e8-af43-bc3cd1f7e282	2	240616574	240648573	9	0.6187
687ba848-034e-46e8-af43-bc3cd1f7e282	2	240648650	240670864	17	0.0039
687ba848-034e-46e8-af43-bc3cd1f7e282	2	240671904	240776486	31	0.5671
687ba848-034e-46e8-af43-bc3cd1f7e282	2	240788528	241536647	385	0.0287
687ba848-034e-46e8-af43-bc3cd1f7e282	2	241537572	241576690	25	0.7107
687ba848-034e-46e8-af43-bc3cd1f7e282	2	241576877	242075032	127	0.3789
687ba848-034e-46e8-af43-bc3cd1f7e282	2	242075928	242147305	38	0.0603
687ba848-034e-46e8-af43-bc3cd1f7e282	3	20930	2761735	2396	-0.114
687ba848-034e-46e8-af43-bc3cd1f7e282	3	2762047	5002779	2071	-0.0041
687ba848-034e-46e8-af43-bc3cd1f7e282	3	5003402	5121732	88	0.2028
687ba848-034e-46e8-af43-bc3cd1f7e282	3	5123084	5568715	339	0.0099
687ba848-034e-46e8-af43-bc3cd1f7e282	3	5571211	6094619	447	-0.0989
687ba848-034e-46e8-af43-bc3cd1f7e282	3	6095398	10151264	3261	0.0003
687ba848-034e-46e8-af43-bc3cd1f7e282	3	10151932	10266642	98	0.3497
687ba848-034e-46e8-af43-bc3cd1f7e282	3	10267088	12649165	1792	0.0236
687ba848-034e-46e8-af43-bc3cd1f7e282	3	12649175	12715395	61	0.3505
687ba848-034e-46e8-af43-bc3cd1f7e282	3	12715447	21740479	5729	0.0265
687ba848-034e-46e8-af43-bc3cd1f7e282	3	21740672	22276782	524	-0.119
687ba848-034e-46e8-af43-bc3cd1f7e282	3	22277308	59685541	23422	0.0178
687ba848-034e-46e8-af43-bc3cd1f7e282	3	59686175	60531830	1016	-0.0811
687ba848-034e-46e8-af43-bc3cd1f7e282	3	60531963	60554357	22	0.3468
687ba848-034e-46e8-af43-bc3cd1f7e282	3	60557750	61015392	467	-0.0755
687ba848-034e-46e8-af43-bc3cd1f7e282	3	61015627	68697013	6034	0.014
687ba848-034e-46e8-af43-bc3cd1f7e282	3	68697108	68698262	14	-1.5253
687ba848-034e-46e8-af43-bc3cd1f7e282	3	68699607	75500795	4922	0.0213
687ba848-034e-46e8-af43-bc3cd1f7e282	3	75511375	97923498	10215	-0.012
687ba848-034e-46e8-af43-bc3cd1f7e282	3	97924016	144418736	28441	0.0235
687ba848-034e-46e8-af43-bc3cd1f7e282	3	144419228	148164144	2313	-0.0337
687ba848-034e-46e8-af43-bc3cd1f7e282	3	148164282	162122116	8610	0.0196
687ba848-034e-46e8-af43-bc3cd1f7e282	3	162122797	162420082	175	-0.0959
687ba848-034e-46e8-af43-bc3cd1f7e282	3	162420194	162424708	5	-1.0181
687ba848-034e-46e8-af43-bc3cd1f7e282	3	162424788	162426460	5	-0.3348
687ba848-034e-46e8-af43-bc3cd1f7e282	3	162426600	162490631	55	0.1622
687ba848-034e-46e8-af43-bc3cd1f7e282	3	162498841	162795304	205	-0.074
687ba848-034e-46e8-af43-bc3cd1f7e282	3	162795361	162908207	67	-1.71
687ba848-034e-46e8-af43-bc3cd1f7e282	3	162908784	162908815	2	0.6969
687ba848-034e-46e8-af43-bc3cd1f7e282	3	162910826	163008644	74	-0.3222
687ba848-034e-46e8-af43-bc3cd1f7e282	3	163008717	164929882	1053	-0.021
687ba848-034e-46e8-af43-bc3cd1f7e282	3	164930280	166181411	742	-0.0938
687ba848-034e-46e8-af43-bc3cd1f7e282	3	166183855	167941968	932	0.018
687ba848-034e-46e8-af43-bc3cd1f7e282	3	167942969	167943348	2	-1.908
687ba848-034e-46e8-af43-bc3cd1f7e282	3	167948129	169012392	637	0.0162
687ba848-034e-46e8-af43-bc3cd1f7e282	3	169015614	169020840	2	-2.285
687ba848-034e-46e8-af43-bc3cd1f7e282	3	169022039	173511370	2907	0.0104
687ba848-034e-46e8-af43-bc3cd1f7e282	3	173511589	173929160	283	-0.1379
687ba848-034e-46e8-af43-bc3cd1f7e282	3	173934381	174999166	700	0.0228
687ba848-034e-46e8-af43-bc3cd1f7e282	3	175001615	175020030	16	-0.7106
687ba848-034e-46e8-af43-bc3cd1f7e282	3	175022599	175228122	164	0.0328
687ba848-034e-46e8-af43-bc3cd1f7e282	3	175228137	175228220	3	-0.9817
687ba848-034e-46e8-af43-bc3cd1f7e282	3	175228581	175350410	107	0.0512
687ba848-034e-46e8-af43-bc3cd1f7e282	3	175350429	176203017	572	-0.1236
687ba848-034e-46e8-af43-bc3cd1f7e282	3	176203096	183464661	4279	0.0181
687ba848-034e-46e8-af43-bc3cd1f7e282	3	183464673	184704890	645	0.1703
687ba848-034e-46e8-af43-bc3cd1f7e282	3	184708070	186688349	1309	-0.0015
687ba848-034e-46e8-af43-bc3cd1f7e282	3	186695072	186699982	11	-1.0081
687ba848-034e-46e8-af43-bc3cd1f7e282	3	186704081	193084253	4653	-0.0051
687ba848-034e-46e8-af43-bc3cd1f7e282	3	193084604	193084770	3	-1.7423
687ba848-034e-46e8-af43-bc3cd1f7e282	3	193084990	193160113	65	-0.0468
687ba848-034e-46e8-af43-bc3cd1f7e282	3	193160173	193165114	19	1.6053
687ba848-034e-46e8-af43-bc3cd1f7e282	3	193168646	194920617	1162	0.0171
687ba848-034e-46e8-af43-bc3cd1f7e282	3	194920652	194921116	3	-4.0451
687ba848-034e-46e8-af43-bc3cd1f7e282	3	194921751	195663809	320	0.0552
687ba848-034e-46e8-af43-bc3cd1f7e282	3	195673928	195720051	23	-0.6632
687ba848-034e-46e8-af43-bc3cd1f7e282	3	195728637	195747892	19	-0.175
687ba848-034e-46e8-af43-bc3cd1f7e282	3	195751823	195963975	81	0.3946
687ba848-034e-46e8-af43-bc3cd1f7e282	3	195973611	196639048	327	0.0103
687ba848-034e-46e8-af43-bc3cd1f7e282	3	196640529	197025852	183	0.3016
687ba848-034e-46e8-af43-bc3cd1f7e282	3	197039901	198169247	575	0.0884
687ba848-034e-46e8-af43-bc3cd1f7e282	4	68929	546236	205	0.0559
687ba848-034e-46e8-af43-bc3cd1f7e282	4	546310	1059384	151	0.5178
687ba848-034e-46e8-af43-bc3cd1f7e282	4	1060146	1303781	132	0.0035
687ba848-034e-46e8-af43-bc3cd1f7e282	4	1306692	1505243	43	0.5341
687ba848-034e-46e8-af43-bc3cd1f7e282	4	1510104	2424915	360	0.0678
687ba848-034e-46e8-af43-bc3cd1f7e282	4	2425156	2432708	5	0.8101
687ba848-034e-46e8-af43-bc3cd1f7e282	4	2434970	3436916	487	0
687ba848-034e-46e8-af43-bc3cd1f7e282	4	3437624	3520956	31	0.5034
687ba848-034e-46e8-af43-bc3cd1f7e282	4	3528143	3787300	126	0.0796
687ba848-034e-46e8-af43-bc3cd1f7e282	4	3787578	3823689	11	0.5739
687ba848-034e-46e8-af43-bc3cd1f7e282	4	3825300	3884081	19	0.165
687ba848-034e-46e8-af43-bc3cd1f7e282	4	3896017	3899125	2	-1.6952
687ba848-034e-46e8-af43-bc3cd1f7e282	4	3901987	7420209	2650	0.028
687ba848-034e-46e8-af43-bc3cd1f7e282	4	7420537	7463268	41	0.4885
687ba848-034e-46e8-af43-bc3cd1f7e282	4	7464739	8042497	434	0.05
687ba848-034e-46e8-af43-bc3cd1f7e282	4	8042534	8055017	10	0.7747
687ba848-034e-46e8-af43-bc3cd1f7e282	4	8055119	9455251	451	0.0424
687ba848-034e-46e8-af43-bc3cd1f7e282	4	9459504	9463248	3	1.5149
687ba848-034e-46e8-af43-bc3cd1f7e282	4	9469529	10208766	542	0.0423
687ba848-034e-46e8-af43-bc3cd1f7e282	4	10212536	10233644	36	1.1032
687ba848-034e-46e8-af43-bc3cd1f7e282	4	10234518	10270469	42	-0.0503
687ba848-034e-46e8-af43-bc3cd1f7e282	4	10271164	10272578	8	-1.6891
687ba848-034e-46e8-af43-bc3cd1f7e282	4	10273002	10388498	120	0.0218
687ba848-034e-46e8-af43-bc3cd1f7e282	4	10389091	10397113	7	-0.8568
687ba848-034e-46e8-af43-bc3cd1f7e282	4	10397210	12329132	1579	0.0055
687ba848-034e-46e8-af43-bc3cd1f7e282	4	12340485	12342502	5	-2.1688
687ba848-034e-46e8-af43-bc3cd1f7e282	4	12342622	20561292	5850	0.0109
687ba848-034e-46e8-af43-bc3cd1f7e282	4	20561343	20562319	14	-0.7346
687ba848-034e-46e8-af43-bc3cd1f7e282	4	20566943	34777382	9338	0.0028
687ba848-034e-46e8-af43-bc3cd1f7e282	4	34777403	34822561	40	-0.6273
687ba848-034e-46e8-af43-bc3cd1f7e282	4	34823103	40698556	3880	0.0134
687ba848-034e-46e8-af43-bc3cd1f7e282	4	40701994	40703970	5	1.045
687ba848-034e-46e8-af43-bc3cd1f7e282	4	40704466	42913817	1482	0.0221
687ba848-034e-46e8-af43-bc3cd1f7e282	4	42913895	43311097	290	-0.1286
687ba848-034e-46e8-af43-bc3cd1f7e282	4	43311230	49080266	3297	0.0107
687ba848-034e-46e8-af43-bc3cd1f7e282	4	49083136	49146817	9	0.6376
687ba848-034e-46e8-af43-bc3cd1f7e282	4	49146905	49618868	20	0.1393
687ba848-034e-46e8-af43-bc3cd1f7e282	4	49641746	49656595	8	0.8647
687ba848-034e-46e8-af43-bc3cd1f7e282	4	51819533	63807836	7551	0.0096
687ba848-034e-46e8-af43-bc3cd1f7e282	4	63810048	63840033	33	-0.454
687ba848-034e-46e8-af43-bc3cd1f7e282	4	63841863	63842540	8	-1.2338
687ba848-034e-46e8-af43-bc3cd1f7e282	4	63850713	63866325	12	-0.2875
687ba848-034e-46e8-af43-bc3cd1f7e282	4	63868700	68354665	2838	0.0124
687ba848-034e-46e8-af43-bc3cd1f7e282	4	68361130	68620122	88	0.3617
687ba848-034e-46e8-af43-bc3cd1f7e282	4	68620261	69257792	316	-0.1037
687ba848-034e-46e8-af43-bc3cd1f7e282	4	69261926	69366406	56	-0.8336
687ba848-034e-46e8-af43-bc3cd1f7e282	4	69370433	114252544	27319	0.0145
687ba848-034e-46e8-af43-bc3cd1f7e282	4	114254167	114263073	24	0.5582
687ba848-034e-46e8-af43-bc3cd1f7e282	4	114263096	114280417	26	-0.2338
687ba848-034e-46e8-af43-bc3cd1f7e282	4	114282182	114495609	147	0.0474
687ba848-034e-46e8-af43-bc3cd1f7e282	4	114496175	114587010	53	-0.1051
687ba848-034e-46e8-af43-bc3cd1f7e282	4	114588837	114593270	3	-1.913
687ba848-034e-46e8-af43-bc3cd1f7e282	4	114593584	115251792	384	0.0289
687ba848-034e-46e8-af43-bc3cd1f7e282	4	115251805	115251886	3	-1.3452
687ba848-034e-46e8-af43-bc3cd1f7e282	4	115251961	116379731	660	-0.0041
687ba848-034e-46e8-af43-bc3cd1f7e282	4	116384870	116394914	12	-0.5736
687ba848-034e-46e8-af43-bc3cd1f7e282	4	116395594	116930051	334	0.0054
687ba848-034e-46e8-af43-bc3cd1f7e282	4	116930354	116964099	37	-0.4187
687ba848-034e-46e8-af43-bc3cd1f7e282	4	116964403	131041636	8279	0.0116
687ba848-034e-46e8-af43-bc3cd1f7e282	4	131042290	131389612	172	-0.2513
687ba848-034e-46e8-af43-bc3cd1f7e282	4	131393252	160958989	17835	0.0099
687ba848-034e-46e8-af43-bc3cd1f7e282	4	160959045	160963756	18	-0.9583
687ba848-034e-46e8-af43-bc3cd1f7e282	4	160963767	171448195	6666	-0.005
687ba848-034e-46e8-af43-bc3cd1f7e282	4	171453733	171456559	10	0.9881
687ba848-034e-46e8-af43-bc3cd1f7e282	4	171456573	172066777	399	-0.0504
687ba848-034e-46e8-af43-bc3cd1f7e282	4	172067997	172068382	12	-1.9805
687ba848-034e-46e8-af43-bc3cd1f7e282	4	172074828	178419496	3850	-0.0107
687ba848-034e-46e8-af43-bc3cd1f7e282	4	178419659	178634482	170	-0.1799
687ba848-034e-46e8-af43-bc3cd1f7e282	4	178642651	178673411	15	0.1065
687ba848-034e-46e8-af43-bc3cd1f7e282	4	178673616	178678869	5	-1.4051
687ba848-034e-46e8-af43-bc3cd1f7e282	4	178678997	180633964	1442	-0.0376
687ba848-034e-46e8-af43-bc3cd1f7e282	4	180634494	181144247	365	-0.16
687ba848-034e-46e8-af43-bc3cd1f7e282	4	181144277	182795875	1394	-0.0269
687ba848-034e-46e8-af43-bc3cd1f7e282	4	182799165	184827652	1321	0.064
687ba848-034e-46e8-af43-bc3cd1f7e282	4	184827816	184838776	10	-0.6931
687ba848-034e-46e8-af43-bc3cd1f7e282	4	184842139	185254043	270	0.1176
687ba848-034e-46e8-af43-bc3cd1f7e282	4	185254267	187932919	1864	0.0085
687ba848-034e-46e8-af43-bc3cd1f7e282	4	187935092	188407999	325	0.117
687ba848-034e-46e8-af43-bc3cd1f7e282	4	188408811	188583950	188	-0.0496
687ba848-034e-46e8-af43-bc3cd1f7e282	4	188584300	188584651	2	-3.0358
687ba848-034e-46e8-af43-bc3cd1f7e282	4	188585374	190106768	856	-0.0688
687ba848-034e-46e8-af43-bc3cd1f7e282	5	15532	37013	12	-0.1516
687ba848-034e-46e8-af43-bc3cd1f7e282	5	40030	717446	300	0.3719
687ba848-034e-46e8-af43-bc3cd1f7e282	5	717794	733497	10	-0.4797
687ba848-034e-46e8-af43-bc3cd1f7e282	5	741924	818640	20	0.0925
687ba848-034e-46e8-af43-bc3cd1f7e282	5	819700	913276	33	0.3997
687ba848-034e-46e8-af43-bc3cd1f7e282	5	913938	1019699	51	0.0613
687ba848-034e-46e8-af43-bc3cd1f7e282	5	1020239	1287276	146	0.5054
687ba848-034e-46e8-af43-bc3cd1f7e282	5	1287425	1934664	379	0.2075
687ba848-034e-46e8-af43-bc3cd1f7e282	5	1934883	12775593	9217	0.011
687ba848-034e-46e8-af43-bc3cd1f7e282	5	12776133	13144570	118	-0.2091
687ba848-034e-46e8-af43-bc3cd1f7e282	5	13148802	18863452	3898	0.0099
687ba848-034e-46e8-af43-bc3cd1f7e282	5	18866183	26035184	4193	-0.0304
687ba848-034e-46e8-af43-bc3cd1f7e282	5	26039092	46271828	12275	0.0141
687ba848-034e-46e8-af43-bc3cd1f7e282	5	46272419	46273400	5	-2.4656
687ba848-034e-46e8-af43-bc3cd1f7e282	5	46278110	58025819	5068	0.0174
687ba848-034e-46e8-af43-bc3cd1f7e282	5	58030200	58037706	32	1.6917
687ba848-034e-46e8-af43-bc3cd1f7e282	5	58042530	63273904	3438	0.0214
687ba848-034e-46e8-af43-bc3cd1f7e282	5	63274810	63830939	331	-0.1372
687ba848-034e-46e8-af43-bc3cd1f7e282	5	63832974	69571467	3525	0.0265
687ba848-034e-46e8-af43-bc3cd1f7e282	5	69779150	69822308	4	-1.2327
687ba848-034e-46e8-af43-bc3cd1f7e282	5	69937600	70959071	7	-0.1069
687ba848-034e-46e8-af43-bc3cd1f7e282	5	70959073	71010832	6	0.828
687ba848-034e-46e8-af43-bc3cd1f7e282	5	71010901	82122944	6880	0.0195
687ba848-034e-46e8-af43-bc3cd1f7e282	5	82123459	82131663	3	-1.1586
687ba848-034e-46e8-af43-bc3cd1f7e282	5	82132219	87387346	3042	0.0106
687ba848-034e-46e8-af43-bc3cd1f7e282	5	87390037	87420028	7	-0.8117
687ba848-034e-46e8-af43-bc3cd1f7e282	5	87421186	99152826	6482	0.0167
687ba848-034e-46e8-af43-bc3cd1f7e282	5	99155237	102062145	1736	-0.0815
687ba848-034e-46e8-af43-bc3cd1f7e282	5	102062266	106744578	2673	-0.0046
687ba848-034e-46e8-af43-bc3cd1f7e282	5	106744754	106958982	164	-0.1875
687ba848-034e-46e8-af43-bc3cd1f7e282	5	106962216	113620903	4629	0.0186
687ba848-034e-46e8-af43-bc3cd1f7e282	5	113628579	113644924	13	-0.9956
687ba848-034e-46e8-af43-bc3cd1f7e282	5	113652570	114570273	688	0.0417
687ba848-034e-46e8-af43-bc3cd1f7e282	5	114571361	114633038	51	-0.2718
687ba848-034e-46e8-af43-bc3cd1f7e282	5	114633551	115964234	881	0.023
687ba848-034e-46e8-af43-bc3cd1f7e282	5	115966369	116032337	64	-0.2297
687ba848-034e-46e8-af43-bc3cd1f7e282	5	116034614	118052727	1591	-0.0019
687ba848-034e-46e8-af43-bc3cd1f7e282	5	118052915	118053390	10	-1.0434
687ba848-034e-46e8-af43-bc3cd1f7e282	5	118068645	118521508	291	0.0055
687ba848-034e-46e8-af43-bc3cd1f7e282	5	118525701	118555876	23	-0.4953
687ba848-034e-46e8-af43-bc3cd1f7e282	5	118556273	120957397	1554	0.0153
687ba848-034e-46e8-af43-bc3cd1f7e282	5	120957890	121133112	116	-0.1907
687ba848-034e-46e8-af43-bc3cd1f7e282	5	121134961	129307936	5241	0.0056
687ba848-034e-46e8-af43-bc3cd1f7e282	5	129308105	129309377	3	-2.5834
687ba848-034e-46e8-af43-bc3cd1f7e282	5	129309461	171915200	27876	0.0161
687ba848-034e-46e8-af43-bc3cd1f7e282	5	171925393	172208249	194	0.2626
687ba848-034e-46e8-af43-bc3cd1f7e282	5	172208264	172657252	344	0.0002
687ba848-034e-46e8-af43-bc3cd1f7e282	5	172660187	172739256	57	0.4029
687ba848-034e-46e8-af43-bc3cd1f7e282	5	172742387	174728779	1523	0.0148
687ba848-034e-46e8-af43-bc3cd1f7e282	5	174743736	174758907	14	0.8915
687ba848-034e-46e8-af43-bc3cd1f7e282	5	174761029	175946505	869	0.0311
687ba848-034e-46e8-af43-bc3cd1f7e282	5	175960543	175966609	3	-0.9556
687ba848-034e-46e8-af43-bc3cd1f7e282	5	175966747	176033084	10	0.2307
687ba848-034e-46e8-af43-bc3cd1f7e282	5	176038686	176042504	2	-2.9655
687ba848-034e-46e8-af43-bc3cd1f7e282	5	176043321	176617903	236	0.0682
687ba848-034e-46e8-af43-bc3cd1f7e282	5	176618014	176883197	137	0.3793
687ba848-034e-46e8-af43-bc3cd1f7e282	5	176886334	177771448	351	0.029
687ba848-034e-46e8-af43-bc3cd1f7e282	5	177800550	177805604	3	2.0114
687ba848-034e-46e8-af43-bc3cd1f7e282	5	177827964	180951710	1795	0.0475
687ba848-034e-46e8-af43-bc3cd1f7e282	5	180951888	180990207	14	-0.541
687ba848-034e-46e8-af43-bc3cd1f7e282	5	180990614	181038970	30	0.1203
687ba848-034e-46e8-af43-bc3cd1f7e282	5	181040482	181258536	131	0.326
687ba848-034e-46e8-af43-bc3cd1f7e282	5	181258604	181363319	13	0.0353
687ba848-034e-46e8-af43-bc3cd1f7e282	6	149661	254283	101	0.0747
687ba848-034e-46e8-af43-bc3cd1f7e282	6	257353	397937	117	0.4217
687ba848-034e-46e8-af43-bc3cd1f7e282	6	398189	27089739	20131	0.0118
687ba848-034e-46e8-af43-bc3cd1f7e282	6	27092944	27816650	356	0.1227
687ba848-034e-46e8-af43-bc3cd1f7e282	6	27821917	29111504	548	0.0176
687ba848-034e-46e8-af43-bc3cd1f7e282	6	29116310	29130592	3	-1.1218
687ba848-034e-46e8-af43-bc3cd1f7e282	6	29138691	29869295	393	0.033
687ba848-034e-46e8-af43-bc3cd1f7e282	6	29869410	29881490	16	-1.2481
687ba848-034e-46e8-af43-bc3cd1f7e282	6	29882419	31305926	660	0.0253
687ba848-034e-46e8-af43-bc3cd1f7e282	6	31313046	31328674	12	1.077
687ba848-034e-46e8-af43-bc3cd1f7e282	6	31342147	32249408	362	0.1907
687ba848-034e-46e8-af43-bc3cd1f7e282	6	32249590	32614112	180	-0.0014
687ba848-034e-46e8-af43-bc3cd1f7e282	6	32614426	32637799	12	-0.916
687ba848-034e-46e8-af43-bc3cd1f7e282	6	32638107	33484345	460	0.0184
687ba848-034e-46e8-af43-bc3cd1f7e282	6	33485050	33491604	3	1.2031
687ba848-034e-46e8-af43-bc3cd1f7e282	6	33492316	33738500	162	0.0492
687ba848-034e-46e8-af43-bc3cd1f7e282	6	33740392	33751792	9	0.589
687ba848-034e-46e8-af43-bc3cd1f7e282	6	33752100	33970966	177	0.0268
687ba848-034e-46e8-af43-bc3cd1f7e282	6	33974234	33976925	9	0.7517
687ba848-034e-46e8-af43-bc3cd1f7e282	6	33976995	57977452	14916	0.0232
687ba848-034e-46e8-af43-bc3cd1f7e282	6	57978895	67857975	4499	-0.031
687ba848-034e-46e8-af43-bc3cd1f7e282	6	67860966	69325154	919	0.016
687ba848-034e-46e8-af43-bc3cd1f7e282	6	69325355	69326358	2	-1.297
687ba848-034e-46e8-af43-bc3cd1f7e282	6	69329888	72153222	1848	0.0132
687ba848-034e-46e8-af43-bc3cd1f7e282	6	72156821	72157169	2	-2.7672
687ba848-034e-46e8-af43-bc3cd1f7e282	6	72158860	78253157	3862	0.0187
687ba848-034e-46e8-af43-bc3cd1f7e282	6	78253172	78317798	107	0.3936
687ba848-034e-46e8-af43-bc3cd1f7e282	6	78318053	93760711	9908	0.0134
687ba848-034e-46e8-af43-bc3cd1f7e282	6	93761148	95393356	793	-0.165
687ba848-034e-46e8-af43-bc3cd1f7e282	6	95393618	103286954	4778	0.0162
687ba848-034e-46e8-af43-bc3cd1f7e282	6	103290101	103314186	46	-1.4005
687ba848-034e-46e8-af43-bc3cd1f7e282	6	103317795	113900791	6668	0.0154
687ba848-034e-46e8-af43-bc3cd1f7e282	6	113903677	113903852	2	-2.9574
687ba848-034e-46e8-af43-bc3cd1f7e282	6	113904647	134375877	12685	0.0141
687ba848-034e-46e8-af43-bc3cd1f7e282	6	134376239	134376302	2	-1.6648
687ba848-034e-46e8-af43-bc3cd1f7e282	6	134376858	140647155	4151	0.0061
687ba848-034e-46e8-af43-bc3cd1f7e282	6	140659673	140865548	106	-0.2234
687ba848-034e-46e8-af43-bc3cd1f7e282	6	140866118	166891017	18237	0.0092
687ba848-034e-46e8-af43-bc3cd1f7e282	6	166891807	168790983	1075	0.14
687ba848-034e-46e8-af43-bc3cd1f7e282	6	168792959	169801013	849	0.0255
687ba848-034e-46e8-af43-bc3cd1f7e282	6	169801204	170041918	64	0.1777
687ba848-034e-46e8-af43-bc3cd1f7e282	6	170043793	170094680	19	0.5807
687ba848-034e-46e8-af43-bc3cd1f7e282	6	170094742	170294758	101	0.2306
687ba848-034e-46e8-af43-bc3cd1f7e282	6	170302843	170741917	204	-0.0008
687ba848-034e-46e8-af43-bc3cd1f7e282	7	43355	664936	136	0.3124
687ba848-034e-46e8-af43-bc3cd1f7e282	7	665647	902112	87	0.03
687ba848-034e-46e8-af43-bc3cd1f7e282	7	927563	1212295	136	0.4629
687ba848-034e-46e8-af43-bc3cd1f7e282	7	1212639	2197137	351	0.0361
687ba848-034e-46e8-af43-bc3cd1f7e282	7	2197687	2304677	44	0.4599
687ba848-034e-46e8-af43-bc3cd1f7e282	7	2305304	2369400	17	0.1093
687ba848-034e-46e8-af43-bc3cd1f7e282	7	2371203	2412989	25	0.5491
687ba848-034e-46e8-af43-bc3cd1f7e282	7	2413092	2483720	28	0.117
687ba848-034e-46e8-af43-bc3cd1f7e282	7	2484725	5746368	2161	0.0173
687ba848-034e-46e8-af43-bc3cd1f7e282	7	5746614	5849392	56	0.357
687ba848-034e-46e8-af43-bc3cd1f7e282	7	5852358	6085750	87	0.0904
687ba848-034e-46e8-af43-bc3cd1f7e282	7	6088824	6096287	6	0.7429
687ba848-034e-46e8-af43-bc3cd1f7e282	7	6097232	8138095	1375	0.0131
687ba848-034e-46e8-af43-bc3cd1f7e282	7	8139207	10324757	1799	-0.0899
687ba848-034e-46e8-af43-bc3cd1f7e282	7	10325096	14687502	3530	-0.0009
687ba848-034e-46e8-af43-bc3cd1f7e282	7	14691076	14691198	3	-1.2948
687ba848-034e-46e8-af43-bc3cd1f7e282	7	14693870	17044619	1879	-0.0054
687ba848-034e-46e8-af43-bc3cd1f7e282	7	17047392	17672551	495	-0.1112
687ba848-034e-46e8-af43-bc3cd1f7e282	7	17672622	18821818	864	0.0029
687ba848-034e-46e8-af43-bc3cd1f7e282	7	18823550	19752175	960	-0.096
687ba848-034e-46e8-af43-bc3cd1f7e282	7	19752252	23995508	3087	0.0162
687ba848-034e-46e8-af43-bc3cd1f7e282	7	24000259	24000764	2	1.7135
687ba848-034e-46e8-af43-bc3cd1f7e282	7	24001198	54305455	21337	0.0166
687ba848-034e-46e8-af43-bc3cd1f7e282	7	54318812	54318824	6	0.9871
687ba848-034e-46e8-af43-bc3cd1f7e282	7	54325795	56693807	1559	0.0064
687ba848-034e-46e8-af43-bc3cd1f7e282	7	56694420	56701121	3	-2.9992
687ba848-034e-46e8-af43-bc3cd1f7e282	7	56704473	65796311	1698	0.0547
687ba848-034e-46e8-af43-bc3cd1f7e282	7	65799537	65818881	10	0.8895
687ba848-034e-46e8-af43-bc3cd1f7e282	7	65827971	72093807	3631	0.0295
687ba848-034e-46e8-af43-bc3cd1f7e282	7	72093998	72128476	21	0.6075
687ba848-034e-46e8-af43-bc3cd1f7e282	7	72132343	72532220	270	0.0258
687ba848-034e-46e8-af43-bc3cd1f7e282	7	72532544	73312738	128	0.2136
687ba848-034e-46e8-af43-bc3cd1f7e282	7	73317954	76443274	937	0.0401
687ba848-034e-46e8-af43-bc3cd1f7e282	7	76445663	76514576	12	0.7974
687ba848-034e-46e8-af43-bc3cd1f7e282	7	76524031	87118560	6852	-0.0119
687ba848-034e-46e8-af43-bc3cd1f7e282	7	87118982	88542217	758	0.0301
687ba848-034e-46e8-af43-bc3cd1f7e282	7	88546210	90302028	1173	-0.1193
687ba848-034e-46e8-af43-bc3cd1f7e282	7	90307190	98810135	5287	0.0228
687ba848-034e-46e8-af43-bc3cd1f7e282	7	98814077	99033743	117	0.2701
687ba848-034e-46e8-af43-bc3cd1f7e282	7	99034810	99935488	431	0.0375
687ba848-034e-46e8-af43-bc3cd1f7e282	7	99935555	99941076	3	-1.444
687ba848-034e-46e8-af43-bc3cd1f7e282	7	99941218	100723515	221	0.0012
687ba848-034e-46e8-af43-bc3cd1f7e282	7	100726651	100756762	7	0.6623
687ba848-034e-46e8-af43-bc3cd1f7e282	7	100758170	101317674	222	0.0747
687ba848-034e-46e8-af43-bc3cd1f7e282	7	101318147	101470612	65	0.3736
687ba848-034e-46e8-af43-bc3cd1f7e282	7	101470790	109793720	5021	0.0251
687ba848-034e-46e8-af43-bc3cd1f7e282	7	109793728	109797612	11	0.5568
687ba848-034e-46e8-af43-bc3cd1f7e282	7	109797616	109797717	7	0.2743
687ba848-034e-46e8-af43-bc3cd1f7e282	7	109800860	109800866	7	-0.1291
687ba848-034e-46e8-af43-bc3cd1f7e282	7	109801155	109813853	12	0.5144
687ba848-034e-46e8-af43-bc3cd1f7e282	7	109813925	111177625	902	-0.0071
687ba848-034e-46e8-af43-bc3cd1f7e282	7	111178402	111601782	280	-0.1105
687ba848-034e-46e8-af43-bc3cd1f7e282	7	111607868	126405597	8851	0.0145
687ba848-034e-46e8-af43-bc3cd1f7e282	7	126405632	126406824	12	-1.07
687ba848-034e-46e8-af43-bc3cd1f7e282	7	126406825	128457096	1374	0.0137
687ba848-034e-46e8-af43-bc3cd1f7e282	7	128458017	128738251	106	0.2199
687ba848-034e-46e8-af43-bc3cd1f7e282	7	128739941	132005854	1804	0.019
687ba848-034e-46e8-af43-bc3cd1f7e282	7	132007079	132167353	113	0.1877
687ba848-034e-46e8-af43-bc3cd1f7e282	7	132167851	134100458	1299	0.0099
687ba848-034e-46e8-af43-bc3cd1f7e282	7	134100556	134110881	23	-0.4922
687ba848-034e-46e8-af43-bc3cd1f7e282	7	134110912	142063324	5202	0.0294
687ba848-034e-46e8-af43-bc3cd1f7e282	7	142069843	142092108	33	0.5307
687ba848-034e-46e8-af43-bc3cd1f7e282	7	142092307	143848601	930	0.0213
687ba848-034e-46e8-af43-bc3cd1f7e282	7	143848612	143850179	5	-0.8954
687ba848-034e-46e8-af43-bc3cd1f7e282	7	143875073	144199159	268	0.0037
687ba848-034e-46e8-af43-bc3cd1f7e282	7	144207186	144295437	9	0.542
687ba848-034e-46e8-af43-bc3cd1f7e282	7	144306653	144312471	2	-1.3861
687ba848-034e-46e8-af43-bc3cd1f7e282	7	144326306	149012415	3060	-0.0002
687ba848-034e-46e8-af43-bc3cd1f7e282	7	149012718	149120873	34	0.3777
687ba848-034e-46e8-af43-bc3cd1f7e282	7	149122427	149834127	372	0.0284
687ba848-034e-46e8-af43-bc3cd1f7e282	7	149839125	149889942	47	0.359
687ba848-034e-46e8-af43-bc3cd1f7e282	7	149908691	151000188	618	0.0293
687ba848-034e-46e8-af43-bc3cd1f7e282	7	151003083	151020592	7	0.7768
687ba848-034e-46e8-af43-bc3cd1f7e282	7	151021592	154598185	2269	0.013
687ba848-034e-46e8-af43-bc3cd1f7e282	7	154601461	154607903	4	-1.3505
687ba848-034e-46e8-af43-bc3cd1f7e282	7	154609120	156592980	1606	0.0113
687ba848-034e-46e8-af43-bc3cd1f7e282	7	156599096	156601485	4	-1.1533
687ba848-034e-46e8-af43-bc3cd1f7e282	7	156602214	157757953	647	0.0166
687ba848-034e-46e8-af43-bc3cd1f7e282	7	157758666	159334314	977	0.1102
687ba848-034e-46e8-af43-bc3cd1f7e282	8	81254	2177460	1556	0.0544
687ba848-034e-46e8-af43-bc3cd1f7e282	8	2178209	2210914	34	0.5329
687ba848-034e-46e8-af43-bc3cd1f7e282	8	2215182	2683606	267	-0.0037
687ba848-034e-46e8-af43-bc3cd1f7e282	8	2684174	6039087	4535	-0.0769
687ba848-034e-46e8-af43-bc3cd1f7e282	8	6039489	6124967	105	0.0673
687ba848-034e-46e8-af43-bc3cd1f7e282	8	6126510	6128181	7	-0.9206
687ba848-034e-46e8-af43-bc3cd1f7e282	8	6129534	6187343	81	-0.0118
687ba848-034e-46e8-af43-bc3cd1f7e282	8	6187889	6302295	230	0.1509
687ba848-034e-46e8-af43-bc3cd1f7e282	8	6302376	6302549	4	0.9383
687ba848-034e-46e8-af43-bc3cd1f7e282	8	6304046	6389318	109	0.1038
687ba848-034e-46e8-af43-bc3cd1f7e282	8	6389373	7167045	789	0.0097
687ba848-034e-46e8-af43-bc3cd1f7e282	8	7172468	7380497	29	-0.4704
687ba848-034e-46e8-af43-bc3cd1f7e282	8	7396819	8196822	45	0.0926
687ba848-034e-46e8-af43-bc3cd1f7e282	8	8197738	8214781	3	-1.7975
687ba848-034e-46e8-af43-bc3cd1f7e282	8	8234503	11517270	2866	0.0189
687ba848-034e-46e8-af43-bc3cd1f7e282	8	11519346	11840828	217	0.1128
687ba848-034e-46e8-af43-bc3cd1f7e282	8	11842150	11889670	51	0.4297
687ba848-034e-46e8-af43-bc3cd1f7e282	8	11889723	12092042	81	0.0858
687ba848-034e-46e8-af43-bc3cd1f7e282	8	12130217	12143614	6	-0.9179
687ba848-034e-46e8-af43-bc3cd1f7e282	8	12176798	12383996	18	0.6828
687ba848-034e-46e8-af43-bc3cd1f7e282	8	12385006	12385031	6	-0.2723
687ba848-034e-46e8-af43-bc3cd1f7e282	8	12387683	12418301	8	0.9443
687ba848-034e-46e8-af43-bc3cd1f7e282	8	12419769	18407644	5333	-0.0158
687ba848-034e-46e8-af43-bc3cd1f7e282	8	18408647	18413675	4	-2.2935
687ba848-034e-46e8-af43-bc3cd1f7e282	8	18413877	22346699	3231	0.0134
687ba848-034e-46e8-af43-bc3cd1f7e282	8	22348381	22444449	53	0.3233
687ba848-034e-46e8-af43-bc3cd1f7e282	8	22444711	38433840	10329	0.0137
687ba848-034e-46e8-af43-bc3cd1f7e282	8	38433875	38479714	72	0.3334
687ba848-034e-46e8-af43-bc3cd1f7e282	8	38484098	39354980	420	0.0641
687ba848-034e-46e8-af43-bc3cd1f7e282	8	39356427	39538338	77	-0.3153
687ba848-034e-46e8-af43-bc3cd1f7e282	8	39539496	40914477	1067	0.0333
687ba848-034e-46e8-af43-bc3cd1f7e282	8	40920333	40920952	2	1.378
687ba848-034e-46e8-af43-bc3cd1f7e282	8	40926161	46000405	1514	0.0225
687ba848-034e-46e8-af43-bc3cd1f7e282	8	46000692	46311184	90	0.4656
687ba848-034e-46e8-af43-bc3cd1f7e282	8	46312772	106014640	36100	0.0148
687ba848-034e-46e8-af43-bc3cd1f7e282	8	106016543	106496791	343	-0.092
687ba848-034e-46e8-af43-bc3cd1f7e282	8	106496976	111282417	2857	0.0038
687ba848-034e-46e8-af43-bc3cd1f7e282	8	111282441	111283031	6	-1.3814
687ba848-034e-46e8-af43-bc3cd1f7e282	8	111288052	114524980	1766	0.0131
687ba848-034e-46e8-af43-bc3cd1f7e282	8	114526786	114880744	253	-0.116
687ba848-034e-46e8-af43-bc3cd1f7e282	8	114880825	140981341	19053	0.0184
687ba848-034e-46e8-af43-bc3cd1f7e282	8	140981811	141154310	150	0.2728
687ba848-034e-46e8-af43-bc3cd1f7e282	8	141154347	141200714	33	-0.0019
687ba848-034e-46e8-af43-bc3cd1f7e282	8	141207561	141244416	28	0.3703
687ba848-034e-46e8-af43-bc3cd1f7e282	8	141246691	141323326	38	0.0008
687ba848-034e-46e8-af43-bc3cd1f7e282	8	141323524	141755244	257	0.3833
687ba848-034e-46e8-af43-bc3cd1f7e282	8	141756288	142075216	209	0.2417
687ba848-034e-46e8-af43-bc3cd1f7e282	8	142075977	142407067	159	0.4572
687ba848-034e-46e8-af43-bc3cd1f7e282	8	142407252	142756596	125	0.0583
687ba848-034e-46e8-af43-bc3cd1f7e282	8	142762148	142808848	12	0.5293
687ba848-034e-46e8-af43-bc3cd1f7e282	8	142813340	143217232	173	0.0523
687ba848-034e-46e8-af43-bc3cd1f7e282	8	143217284	143227622	6	0.9989
687ba848-034e-46e8-af43-bc3cd1f7e282	8	143227655	143601764	119	0.0763
687ba848-034e-46e8-af43-bc3cd1f7e282	8	143604922	143616987	8	0.6527
687ba848-034e-46e8-af43-bc3cd1f7e282	8	143622987	143679240	34	-0.035
687ba848-034e-46e8-af43-bc3cd1f7e282	8	143680108	143758113	20	0.4873
687ba848-034e-46e8-af43-bc3cd1f7e282	8	143758752	144177593	103	0.0612
687ba848-034e-46e8-af43-bc3cd1f7e282	8	144182542	144860715	232	0.4778
687ba848-034e-46e8-af43-bc3cd1f7e282	8	144865512	145072769	124	0.164
687ba848-034e-46e8-af43-bc3cd1f7e282	9	46587	273233	122	0.5277
687ba848-034e-46e8-af43-bc3cd1f7e282	9	273663	6262867	5923	0.0087
687ba848-034e-46e8-af43-bc3cd1f7e282	9	6265818	6695986	318	0.1645
687ba848-034e-46e8-af43-bc3cd1f7e282	9	6701145	6708357	7	-0.7487
687ba848-034e-46e8-af43-bc3cd1f7e282	9	6712314	6874243	119	0.2068
687ba848-034e-46e8-af43-bc3cd1f7e282	9	6875596	9279132	2354	-0.0232
687ba848-034e-46e8-af43-bc3cd1f7e282	9	9279750	9376286	87	-0.2347
687ba848-034e-46e8-af43-bc3cd1f7e282	9	9380737	10217105	867	-0.0774
687ba848-034e-46e8-af43-bc3cd1f7e282	9	10217683	10505619	225	-0.2011
687ba848-034e-46e8-af43-bc3cd1f7e282	9	10506028	10955825	422	-0.0013
687ba848-034e-46e8-af43-bc3cd1f7e282	9	10960675	12612627	1277	-0.1259
687ba848-034e-46e8-af43-bc3cd1f7e282	9	12612658	24463437	9428	0.0153
687ba848-034e-46e8-af43-bc3cd1f7e282	9	24463945	24497686	51	-0.3305
687ba848-034e-46e8-af43-bc3cd1f7e282	9	24498606	28567087	3144	-0.0162
687ba848-034e-46e8-af43-bc3cd1f7e282	9	28567767	28981483	332	-0.1768
687ba848-034e-46e8-af43-bc3cd1f7e282	9	28981528	29091099	64	-0.0319
687ba848-034e-46e8-af43-bc3cd1f7e282	9	29094551	29097682	3	-3.5603
687ba848-034e-46e8-af43-bc3cd1f7e282	9	29101434	31614049	1729	-0.0407
687ba848-034e-46e8-af43-bc3cd1f7e282	9	31615045	39547492	4672	0.0244
687ba848-034e-46e8-af43-bc3cd1f7e282	9	39588611	39840169	6	1.2564
687ba848-034e-46e8-af43-bc3cd1f7e282	9	40018947	41646527	91	-0.0043
687ba848-034e-46e8-af43-bc3cd1f7e282	9	41646850	42524983	43	0.581
687ba848-034e-46e8-af43-bc3cd1f7e282	9	42546668	61405110	58	-0.2516
687ba848-034e-46e8-af43-bc3cd1f7e282	9	61520021	61629689	28	0.9848
687ba848-034e-46e8-af43-bc3cd1f7e282	9	61633080	94654287	18785	0.017
687ba848-034e-46e8-af43-bc3cd1f7e282	9	94655440	94655732	2	-1.7345
687ba848-034e-46e8-af43-bc3cd1f7e282	9	94656836	101994948	4877	0.0166
687ba848-034e-46e8-af43-bc3cd1f7e282	9	101995103	102118404	138	-0.2013
687ba848-034e-46e8-af43-bc3cd1f7e282	9	102118663	102745099	409	-0.0454
687ba848-034e-46e8-af43-bc3cd1f7e282	9	102745288	102745738	4	-0.9925
687ba848-034e-46e8-af43-bc3cd1f7e282	9	102753540	102906131	113	-0.0138
687ba848-034e-46e8-af43-bc3cd1f7e282	9	102909057	103107902	152	-0.2032
687ba848-034e-46e8-af43-bc3cd1f7e282	9	103110346	135247933	22431	0.0208
687ba848-034e-46e8-af43-bc3cd1f7e282	9	135247961	135455962	145	0.3883
687ba848-034e-46e8-af43-bc3cd1f7e282	9	135458638	136166074	306	0.0516
687ba848-034e-46e8-af43-bc3cd1f7e282	9	136166877	136362835	26	0.5049
687ba848-034e-46e8-af43-bc3cd1f7e282	9	136374683	136514289	79	0.0633
687ba848-034e-46e8-af43-bc3cd1f7e282	9	136518432	136540611	8	1.0736
687ba848-034e-46e8-af43-bc3cd1f7e282	9	136540917	136805652	63	0.0831
687ba848-034e-46e8-af43-bc3cd1f7e282	9	136805742	136871168	14	0.4434
687ba848-034e-46e8-af43-bc3cd1f7e282	9	136871774	137256957	77	0.0641
687ba848-034e-46e8-af43-bc3cd1f7e282	9	137257288	137396394	39	0.5606
687ba848-034e-46e8-af43-bc3cd1f7e282	9	137396579	137489883	31	0.0695
687ba848-034e-46e8-af43-bc3cd1f7e282	9	137496163	137563956	20	0.6704
687ba848-034e-46e8-af43-bc3cd1f7e282	9	137572364	137860503	142	0.0157
687ba848-034e-46e8-af43-bc3cd1f7e282	9	137860667	137898196	16	0.6077
687ba848-034e-46e8-af43-bc3cd1f7e282	9	137902227	138116005	149	0.1554
687ba848-034e-46e8-af43-bc3cd1f7e282	9	138116189	138177075	34	0.3768
687ba848-034e-46e8-af43-bc3cd1f7e282	9	138177488	138200944	6	1.1304
687ba848-034e-46e8-af43-bc3cd1f7e282	10	45792	89956	17	0.2267
687ba848-034e-46e8-af43-bc3cd1f7e282	10	94706	280954	105	-0.1211
687ba848-034e-46e8-af43-bc3cd1f7e282	10	281595	384052	61	0.1804
687ba848-034e-46e8-af43-bc3cd1f7e282	10	385604	454846	51	-0.0338
687ba848-034e-46e8-af43-bc3cd1f7e282	10	460045	488279	22	0.5499
687ba848-034e-46e8-af43-bc3cd1f7e282	10	489348	547815	50	0.3062
687ba848-034e-46e8-af43-bc3cd1f7e282	10	549734	549937	2	-0.6774
687ba848-034e-46e8-af43-bc3cd1f7e282	10	551510	1776305	891	0.0637
687ba848-034e-46e8-af43-bc3cd1f7e282	10	1778660	2921401	1136	-0.0332
687ba848-034e-46e8-af43-bc3cd1f7e282	10	2923673	3094525	188	0.1627
687ba848-034e-46e8-af43-bc3cd1f7e282	10	3095280	5594679	2224	0.0111
687ba848-034e-46e8-af43-bc3cd1f7e282	10	5594742	5675162	71	0.2942
687ba848-034e-46e8-af43-bc3cd1f7e282	10	5678461	17896194	10028	0.0069
687ba848-034e-46e8-af43-bc3cd1f7e282	10	17907840	17910884	2	-2.4132
687ba848-034e-46e8-af43-bc3cd1f7e282	10	17929793	20564272	2140	0.0042
687ba848-034e-46e8-af43-bc3cd1f7e282	10	20564343	20564574	2	-3.3266
687ba848-034e-46e8-af43-bc3cd1f7e282	10	20564605	24086334	2193	0.0144
687ba848-034e-46e8-af43-bc3cd1f7e282	10	24088745	24089125	11	-1.8029
687ba848-034e-46e8-af43-bc3cd1f7e282	10	24089979	30962419	5017	0.0082
687ba848-034e-46e8-af43-bc3cd1f7e282	10	30962594	30962893	10	-0.7068
687ba848-034e-46e8-af43-bc3cd1f7e282	10	30962956	34802869	2593	0.021
687ba848-034e-46e8-af43-bc3cd1f7e282	10	34802936	34985822	112	0.3071
687ba848-034e-46e8-af43-bc3cd1f7e282	10	34985903	45569813	4435	0.0203
687ba848-034e-46e8-af43-bc3cd1f7e282	10	45574604	45592613	14	-0.5568
687ba848-034e-46e8-af43-bc3cd1f7e282	10	45593515	46204128	127	0.0404
687ba848-034e-46e8-af43-bc3cd1f7e282	10	46215430	46446817	153	0.219
687ba848-034e-46e8-af43-bc3cd1f7e282	10	46489651	46532940	22	-0.2018
687ba848-034e-46e8-af43-bc3cd1f7e282	10	46538819	46708198	30	0.2756
687ba848-034e-46e8-af43-bc3cd1f7e282	10	46780843	46836986	6	-0.4832
687ba848-034e-46e8-af43-bc3cd1f7e282	10	46898735	46901552	2	3.0228
687ba848-034e-46e8-af43-bc3cd1f7e282	10	46967412	53458651	4217	0.0088
687ba848-034e-46e8-af43-bc3cd1f7e282	10	53459425	55144184	1234	-0.0489
687ba848-034e-46e8-af43-bc3cd1f7e282	10	55144916	56035317	614	-0.1642
687ba848-034e-46e8-af43-bc3cd1f7e282	10	56035909	57484863	1074	-0.0344
687ba848-034e-46e8-af43-bc3cd1f7e282	10	57490663	59598509	1517	0.0203
687ba848-034e-46e8-af43-bc3cd1f7e282	10	59604357	59605506	8	-0.9898
687ba848-034e-46e8-af43-bc3cd1f7e282	10	59605724	65546518	4014	0.0156
687ba848-034e-46e8-af43-bc3cd1f7e282	10	65548165	65554688	28	0.751
687ba848-034e-46e8-af43-bc3cd1f7e282	10	65563037	66004155	386	0.0303
687ba848-034e-46e8-af43-bc3cd1f7e282	10	66005519	67162089	846	-0.0759
687ba848-034e-46e8-af43-bc3cd1f7e282	10	67170411	70653677	2229	0.0258
687ba848-034e-46e8-af43-bc3cd1f7e282	10	70656141	70783416	116	0.3053
687ba848-034e-46e8-af43-bc3cd1f7e282	10	70783700	79523511	5641	0.0202
687ba848-034e-46e8-af43-bc3cd1f7e282	10	79533859	80113845	170	0.1614
687ba848-034e-46e8-af43-bc3cd1f7e282	10	80114709	80147227	24	0.4736
687ba848-034e-46e8-af43-bc3cd1f7e282	10	80147692	80248392	65	0.1744
687ba848-034e-46e8-af43-bc3cd1f7e282	10	80248789	131348731	35520	0.0177
687ba848-034e-46e8-af43-bc3cd1f7e282	10	131348922	131470401	98	0.2307
687ba848-034e-46e8-af43-bc3cd1f7e282	10	131471814	131612697	103	0.0415
687ba848-034e-46e8-af43-bc3cd1f7e282	10	131612930	131845008	177	0.2567
687ba848-034e-46e8-af43-bc3cd1f7e282	10	131914143	132329993	245	-0.0007
687ba848-034e-46e8-af43-bc3cd1f7e282	10	132336493	132382467	32	0.3908
687ba848-034e-46e8-af43-bc3cd1f7e282	10	132382993	132747092	157	0.0228
687ba848-034e-46e8-af43-bc3cd1f7e282	10	132747307	133038543	132	0.4452
687ba848-034e-46e8-af43-bc3cd1f7e282	10	133054949	133654968	257	0.1087
687ba848-034e-46e8-af43-bc3cd1f7e282	11	198510	378573	86	0.3185
687ba848-034e-46e8-af43-bc3cd1f7e282	11	379097	456012	18	0.7153
687ba848-034e-46e8-af43-bc3cd1f7e282	11	456120	1616914	376	0.0532
687ba848-034e-46e8-af43-bc3cd1f7e282	11	1617182	1639207	19	0.5382
687ba848-034e-46e8-af43-bc3cd1f7e282	11	1639494	1734591	53	0.1124
687ba848-034e-46e8-af43-bc3cd1f7e282	11	1735558	1884019	44	0.4901
687ba848-034e-46e8-af43-bc3cd1f7e282	11	1885352	2505668	200	0.0357
687ba848-034e-46e8-af43-bc3cd1f7e282	11	2506076	2596552	46	0.3615
687ba848-034e-46e8-af43-bc3cd1f7e282	11	2598973	9229271	4913	0.0114
687ba848-034e-46e8-af43-bc3cd1f7e282	11	9231322	9368176	48	0.3089
687ba848-034e-46e8-af43-bc3cd1f7e282	11	9368328	18927796	6872	0.0176
687ba848-034e-46e8-af43-bc3cd1f7e282	11	18928100	18939550	30	-0.39
687ba848-034e-46e8-af43-bc3cd1f7e282	11	18939631	21825348	2607	0.0018
687ba848-034e-46e8-af43-bc3cd1f7e282	11	21825960	21827206	5	-1.0557
687ba848-034e-46e8-af43-bc3cd1f7e282	11	21829111	25495753	2580	0.0077
687ba848-034e-46e8-af43-bc3cd1f7e282	11	25495937	25644343	118	-0.1747
687ba848-034e-46e8-af43-bc3cd1f7e282	11	25650111	36975539	8024	0.0105
687ba848-034e-46e8-af43-bc3cd1f7e282	11	36977411	37650611	454	-0.1442
687ba848-034e-46e8-af43-bc3cd1f7e282	11	37650804	44629522	4696	0.0006
687ba848-034e-46e8-af43-bc3cd1f7e282	11	44630575	44673290	34	0.4353
687ba848-034e-46e8-af43-bc3cd1f7e282	11	44675748	48343895	1972	0.0243
687ba848-034e-46e8-af43-bc3cd1f7e282	11	48351028	48352939	2	-1.6617
687ba848-034e-46e8-af43-bc3cd1f7e282	11	48357398	48617239	113	-0.1076
687ba848-034e-46e8-af43-bc3cd1f7e282	11	48621071	54619253	807	0.0149
687ba848-034e-46e8-af43-bc3cd1f7e282	11	54623008	54952548	115	-0.1434
687ba848-034e-46e8-af43-bc3cd1f7e282	11	54953347	55268996	42	0.1805
687ba848-034e-46e8-af43-bc3cd1f7e282	11	55271781	55609035	202	-0.1439
687ba848-034e-46e8-af43-bc3cd1f7e282	11	55609158	55667651	34	-0.7766
687ba848-034e-46e8-af43-bc3cd1f7e282	11	55670243	56042057	277	-0.172
687ba848-034e-46e8-af43-bc3cd1f7e282	11	56045005	60530579	2723	0.015
687ba848-034e-46e8-af43-bc3cd1f7e282	11	60538666	60553849	7	-1.1432
687ba848-034e-46e8-af43-bc3cd1f7e282	11	60558482	64825436	2131	0.0555
687ba848-034e-46e8-af43-bc3cd1f7e282	11	64828200	65503767	239	0.3646
687ba848-034e-46e8-af43-bc3cd1f7e282	11	65505579	65586018	26	0.8314
687ba848-034e-46e8-af43-bc3cd1f7e282	11	65586435	65902628	141	0.4177
687ba848-034e-46e8-af43-bc3cd1f7e282	11	65903039	67526837	622	0.0425
687ba848-034e-46e8-af43-bc3cd1f7e282	11	67529387	68037340	163	0.2238
687ba848-034e-46e8-af43-bc3cd1f7e282	11	68037914	104653880	24232	0.0085
687ba848-034e-46e8-af43-bc3cd1f7e282	11	104653922	104820266	114	-0.2143
687ba848-034e-46e8-af43-bc3cd1f7e282	11	104820786	133915231	20752	0.0161
687ba848-034e-46e8-af43-bc3cd1f7e282	11	133922841	134083765	119	0.2368
687ba848-034e-46e8-af43-bc3cd1f7e282	11	134085430	134245687	95	-0.051
687ba848-034e-46e8-af43-bc3cd1f7e282	11	134247121	134365971	67	0.1062
687ba848-034e-46e8-af43-bc3cd1f7e282	11	134367219	134406781	38	0.365
687ba848-034e-46e8-af43-bc3cd1f7e282	11	134411037	134731897	258	0.0988
687ba848-034e-46e8-af43-bc3cd1f7e282	11	134732386	134745532	13	-0.4813
687ba848-034e-46e8-af43-bc3cd1f7e282	11	134745923	135074876	271	0.0385
687ba848-034e-46e8-af43-bc3cd1f7e282	12	51460	760032	419	0.1981
687ba848-034e-46e8-af43-bc3cd1f7e282	12	760097	764863	16	-0.7176
687ba848-034e-46e8-af43-bc3cd1f7e282	12	766188	1444891	388	0.0217
687ba848-034e-46e8-af43-bc3cd1f7e282	12	1445796	1702316	152	0.2846
687ba848-034e-46e8-af43-bc3cd1f7e282	12	1704549	1855101	95	0.0957
687ba848-034e-46e8-af43-bc3cd1f7e282	12	1855209	10967854	6088	0.0317
687ba848-034e-46e8-af43-bc3cd1f7e282	12	10972872	11179010	112	-0.1609
687ba848-034e-46e8-af43-bc3cd1f7e282	12	11179353	12890185	1324	0.0217
687ba848-034e-46e8-af43-bc3cd1f7e282	12	12892789	13192048	201	0.17
687ba848-034e-46e8-af43-bc3cd1f7e282	12	13193512	28943553	10836	0.0137
687ba848-034e-46e8-af43-bc3cd1f7e282	12	28944071	28957736	10	-0.6981
687ba848-034e-46e8-af43-bc3cd1f7e282	12	28958052	33292860	3246	0.0184
687ba848-034e-46e8-af43-bc3cd1f7e282	12	33293205	34059867	467	-0.0842
687ba848-034e-46e8-af43-bc3cd1f7e282	12	34061608	34307627	127	0.0991
687ba848-034e-46e8-af43-bc3cd1f7e282	12	34308176	34423775	44	0.5392
687ba848-034e-46e8-af43-bc3cd1f7e282	12	34424876	42830919	3246	0.0096
687ba848-034e-46e8-af43-bc3cd1f7e282	12	42831407	43285897	296	-0.1171
687ba848-034e-46e8-af43-bc3cd1f7e282	12	43287437	51825553	4723	0.0193
687ba848-034e-46e8-af43-bc3cd1f7e282	12	51826870	51899716	36	0.4717
687ba848-034e-46e8-af43-bc3cd1f7e282	12	51908659	63526805	7185	0.0226
687ba848-034e-46e8-af43-bc3cd1f7e282	12	63527063	63742874	65	0.4975
687ba848-034e-46e8-af43-bc3cd1f7e282	12	63749408	81770264	11674	0.0104
687ba848-034e-46e8-af43-bc3cd1f7e282	12	81770894	81771080	2	-1.6411
687ba848-034e-46e8-af43-bc3cd1f7e282	12	81771630	90088954	4854	0.0063
687ba848-034e-46e8-af43-bc3cd1f7e282	12	90088968	90099836	17	-0.5059
687ba848-034e-46e8-af43-bc3cd1f7e282	12	90099849	109108878	13048	0.0108
687ba848-034e-46e8-af43-bc3cd1f7e282	12	109111774	109221676	85	0.2738
687ba848-034e-46e8-af43-bc3cd1f7e282	12	109223945	113810538	2545	0.0264
687ba848-034e-46e8-af43-bc3cd1f7e282	12	113813302	114035065	211	0.1876
687ba848-034e-46e8-af43-bc3cd1f7e282	12	114036093	114340642	314	-0.0317
687ba848-034e-46e8-af43-bc3cd1f7e282	12	114341416	125871171	7334	0.0277
687ba848-034e-46e8-af43-bc3cd1f7e282	12	125874031	129814248	3591	-0.0109
687ba848-034e-46e8-af43-bc3cd1f7e282	12	129814782	129837910	14	0.5778
687ba848-034e-46e8-af43-bc3cd1f7e282	12	129845584	130416270	495	0.0682
687ba848-034e-46e8-af43-bc3cd1f7e282	12	130416835	130495973	60	0.3137
687ba848-034e-46e8-af43-bc3cd1f7e282	12	130497627	131250826	553	0.0589
687ba848-034e-46e8-af43-bc3cd1f7e282	12	131250858	131292887	46	0.3013
687ba848-034e-46e8-af43-bc3cd1f7e282	12	131309623	131311902	5	1.1424
687ba848-034e-46e8-af43-bc3cd1f7e282	12	131319247	131636170	313	0.0598
687ba848-034e-46e8-af43-bc3cd1f7e282	12	131648039	131648790	13	-2.3586
687ba848-034e-46e8-af43-bc3cd1f7e282	12	131657925	131687196	15	0.3055
687ba848-034e-46e8-af43-bc3cd1f7e282	12	131690561	132125415	185	0.0113
687ba848-034e-46e8-af43-bc3cd1f7e282	12	132126981	132431226	56	0.4862
687ba848-034e-46e8-af43-bc3cd1f7e282	12	132434972	132584760	30	0.0056
687ba848-034e-46e8-af43-bc3cd1f7e282	12	132605822	133005748	164	0.3428
687ba848-034e-46e8-af43-bc3cd1f7e282	12	133005842	133201603	109	0.0384
687ba848-034e-46e8-af43-bc3cd1f7e282	13	18452809	19750639	625	-0.004
687ba848-034e-46e8-af43-bc3cd1f7e282	13	19753576	19875751	49	0.3491
687ba848-034e-46e8-af43-bc3cd1f7e282	13	19876017	20221749	185	0.0248
687ba848-034e-46e8-af43-bc3cd1f7e282	13	20222664	20709726	351	0.1313
687ba848-034e-46e8-af43-bc3cd1f7e282	13	20709953	23058817	1650	0.016
687ba848-034e-46e8-af43-bc3cd1f7e282	13	23058865	23064056	8	-0.7155
687ba848-034e-46e8-af43-bc3cd1f7e282	13	23064071	24594338	1240	0.0216
687ba848-034e-46e8-af43-bc3cd1f7e282	13	24597505	24741022	107	0.2434
687ba848-034e-46e8-af43-bc3cd1f7e282	13	24745608	31957984	5343	0.0202
687ba848-034e-46e8-af43-bc3cd1f7e282	13	31958485	31964286	18	-1.1619
687ba848-034e-46e8-af43-bc3cd1f7e282	13	31965910	38478674	4615	0.0067
687ba848-034e-46e8-af43-bc3cd1f7e282	13	38483435	38483919	2	-2.2004
687ba848-034e-46e8-af43-bc3cd1f7e282	13	38490920	57222496	11858	0.0088
687ba848-034e-46e8-af43-bc3cd1f7e282	13	57227067	57388591	113	-0.2327
687ba848-034e-46e8-af43-bc3cd1f7e282	13	57389055	62376097	2984	0.0111
687ba848-034e-46e8-af43-bc3cd1f7e282	13	62378283	62387307	5	-0.9613
687ba848-034e-46e8-af43-bc3cd1f7e282	13	62387466	63534155	622	-0.0158
687ba848-034e-46e8-af43-bc3cd1f7e282	13	63535303	63650072	69	-0.1921
687ba848-034e-46e8-af43-bc3cd1f7e282	13	63650659	63662559	9	-1.1425
687ba848-034e-46e8-af43-bc3cd1f7e282	13	63665430	64197267	317	-0.1609
687ba848-034e-46e8-af43-bc3cd1f7e282	13	64197691	66370189	1313	-0.0148
687ba848-034e-46e8-af43-bc3cd1f7e282	13	66370453	66614661	179	-0.2138
687ba848-034e-46e8-af43-bc3cd1f7e282	13	66615568	69287845	1757	-0.0252
687ba848-034e-46e8-af43-bc3cd1f7e282	13	69289157	69315763	21	-0.5065
687ba848-034e-46e8-af43-bc3cd1f7e282	13	69316931	81839624	8452	0.0025
687ba848-034e-46e8-af43-bc3cd1f7e282	13	81841242	81842976	3	-1.5281
687ba848-034e-46e8-af43-bc3cd1f7e282	13	81844073	105100222	15620	-0.003
687ba848-034e-46e8-af43-bc3cd1f7e282	13	105101222	105811514	560	-0.1565
687ba848-034e-46e8-af43-bc3cd1f7e282	13	105811938	112860360	5385	-0.0009
687ba848-034e-46e8-af43-bc3cd1f7e282	13	112862607	113081740	123	0.2712
687ba848-034e-46e8-af43-bc3cd1f7e282	13	113081812	113257337	97	-0.0484
687ba848-034e-46e8-af43-bc3cd1f7e282	13	113260624	113508320	115	0.1206
687ba848-034e-46e8-af43-bc3cd1f7e282	13	113508487	113659396	104	-0.078
687ba848-034e-46e8-af43-bc3cd1f7e282	13	113659469	114072282	95	0.2983
687ba848-034e-46e8-af43-bc3cd1f7e282	13	114072313	114342922	123	0.1025
687ba848-034e-46e8-af43-bc3cd1f7e282	14	18239283	18640726	15	-0.67
687ba848-034e-46e8-af43-bc3cd1f7e282	14	18646056	19256296	28	0.202
687ba848-034e-46e8-af43-bc3cd1f7e282	14	19280948	19294475	4	-1.15
687ba848-034e-46e8-af43-bc3cd1f7e282	14	19298389	21789074	1331	-0.004
687ba848-034e-46e8-af43-bc3cd1f7e282	14	21789578	22390463	536	-0.1041
687ba848-034e-46e8-af43-bc3cd1f7e282	14	22390574	40412601	11305	0.0173
687ba848-034e-46e8-af43-bc3cd1f7e282	14	40414612	41138326	542	-0.0447
687ba848-034e-46e8-af43-bc3cd1f7e282	14	41138431	41207293	21	-0.5903
687ba848-034e-46e8-af43-bc3cd1f7e282	14	41207477	46452747	3052	-0.0367
687ba848-034e-46e8-af43-bc3cd1f7e282	14	46453143	48264531	1156	0.0117
687ba848-034e-46e8-af43-bc3cd1f7e282	14	48273194	48348591	45	-0.2935
687ba848-034e-46e8-af43-bc3cd1f7e282	14	48348747	69545885	13552	0.0214
687ba848-034e-46e8-af43-bc3cd1f7e282	14	69546084	69570269	24	0.5632
687ba848-034e-46e8-af43-bc3cd1f7e282	14	69574770	73534419	2616	0.0133
687ba848-034e-46e8-af43-bc3cd1f7e282	14	73540003	73563196	9	-2.1344
687ba848-034e-46e8-af43-bc3cd1f7e282	14	73563211	104292165	20248	0.017
687ba848-034e-46e8-af43-bc3cd1f7e282	14	104297395	104657063	144	0.254
687ba848-034e-46e8-af43-bc3cd1f7e282	14	104670444	105521701	249	0.0602
687ba848-034e-46e8-af43-bc3cd1f7e282	14	105533894	106016256	120	0.2176
687ba848-034e-46e8-af43-bc3cd1f7e282	14	106030809	106346129	120	-0.0243
687ba848-034e-46e8-af43-bc3cd1f7e282	14	106360014	106364815	3	-1.791
687ba848-034e-46e8-af43-bc3cd1f7e282	14	106365807	106877229	271	0.0232
687ba848-034e-46e8-af43-bc3cd1f7e282	15	19811075	20041902	49	-0.1707
687ba848-034e-46e8-af43-bc3cd1f7e282	15	20056983	20235285	14	0.3566
687ba848-034e-46e8-af43-bc3cd1f7e282	15	20240885	20336727	12	1.1439
687ba848-034e-46e8-af43-bc3cd1f7e282	15	20345433	20376198	14	0.326
687ba848-034e-46e8-af43-bc3cd1f7e282	15	20376199	20376311	6	-0.5083
687ba848-034e-46e8-af43-bc3cd1f7e282	15	20380735	21005443	62	0.2653
687ba848-034e-46e8-af43-bc3cd1f7e282	15	21018354	21096887	10	0.933
687ba848-034e-46e8-af43-bc3cd1f7e282	15	21262847	22005276	13	-0.0022
687ba848-034e-46e8-af43-bc3cd1f7e282	15	22227530	22250775	9	1.0748
687ba848-034e-46e8-af43-bc3cd1f7e282	15	22252008	22269782	7	1.4551
687ba848-034e-46e8-af43-bc3cd1f7e282	15	22270474	22413894	13	0.765
687ba848-034e-46e8-af43-bc3cd1f7e282	15	22455811	22795211	58	0.0086
687ba848-034e-46e8-af43-bc3cd1f7e282	15	22796883	23075159	211	0.2639
687ba848-034e-46e8-af43-bc3cd1f7e282	15	23075305	23191992	43	-0.0124
687ba848-034e-46e8-af43-bc3cd1f7e282	15	23199669	23437561	16	0.5298
687ba848-034e-46e8-af43-bc3cd1f7e282	15	23442538	24435538	666	-0.0167
687ba848-034e-46e8-af43-bc3cd1f7e282	15	24435590	24469711	26	-0.9254
687ba848-034e-46e8-af43-bc3cd1f7e282	15	24472373	26783694	1681	0.0188
687ba848-034e-46e8-af43-bc3cd1f7e282	15	26786920	26787478	3	-1.1755
687ba848-034e-46e8-af43-bc3cd1f7e282	15	26788647	26978664	102	-0.0371
687ba848-034e-46e8-af43-bc3cd1f7e282	15	26979174	26983223	6	-1.345
687ba848-034e-46e8-af43-bc3cd1f7e282	15	26983485	28786752	996	0.0139
687ba848-034e-46e8-af43-bc3cd1f7e282	15	28788320	30909084	954	0.1309
687ba848-034e-46e8-af43-bc3cd1f7e282	15	30909705	56498809	16164	0.0159
687ba848-034e-46e8-af43-bc3cd1f7e282	15	56498826	56508779	18	-0.7313
687ba848-034e-46e8-af43-bc3cd1f7e282	15	56509425	76586021	12745	0.0224
687ba848-034e-46e8-af43-bc3cd1f7e282	15	76598900	76602857	14	-2.1945
687ba848-034e-46e8-af43-bc3cd1f7e282	15	76603003	76603434	8	-0.9466
687ba848-034e-46e8-af43-bc3cd1f7e282	15	76609838	77009431	180	0.0791
687ba848-034e-46e8-af43-bc3cd1f7e282	15	77009541	77053022	18	0.8217
687ba848-034e-46e8-af43-bc3cd1f7e282	15	77056003	83874133	4214	0.0276
687ba848-034e-46e8-af43-bc3cd1f7e282	15	83874498	83878795	6	-1.0606
687ba848-034e-46e8-af43-bc3cd1f7e282	15	83879115	93152932	6536	0.0203
687ba848-034e-46e8-af43-bc3cd1f7e282	15	93152973	93264491	127	0.1653
687ba848-034e-46e8-af43-bc3cd1f7e282	15	93264606	93265290	6	0.893
687ba848-034e-46e8-af43-bc3cd1f7e282	15	93265366	93426720	172	0.1735
687ba848-034e-46e8-af43-bc3cd1f7e282	15	93427183	97265179	2911	-0.0016
687ba848-034e-46e8-af43-bc3cd1f7e282	15	97274562	97283195	9	-0.8123
687ba848-034e-46e8-af43-bc3cd1f7e282	15	97285447	101370031	3029	0.0216
687ba848-034e-46e8-af43-bc3cd1f7e282	15	101370345	101645900	254	0.1936
687ba848-034e-46e8-af43-bc3cd1f7e282	15	101645931	101928837	143	-0.0627
687ba848-034e-46e8-af43-bc3cd1f7e282	16	10777	1516381	488	0.3393
687ba848-034e-46e8-af43-bc3cd1f7e282	16	1517534	1751565	126	0.0424
687ba848-034e-46e8-af43-bc3cd1f7e282	16	1755106	1762971	6	0.6485
687ba848-034e-46e8-af43-bc3cd1f7e282	16	1767430	2505837	249	0.0074
687ba848-034e-46e8-af43-bc3cd1f7e282	16	2506243	2699084	41	0.3267
687ba848-034e-46e8-af43-bc3cd1f7e282	16	2699529	2874912	76	0.1021
687ba848-034e-46e8-af43-bc3cd1f7e282	16	2878109	2895247	9	0.6072
687ba848-034e-46e8-af43-bc3cd1f7e282	16	2895812	3052175	54	0.0407
687ba848-034e-46e8-af43-bc3cd1f7e282	16	3052290	3077652	14	0.7317
687ba848-034e-46e8-af43-bc3cd1f7e282	16	3083054	3232320	73	0.1666
687ba848-034e-46e8-af43-bc3cd1f7e282	16	3232605	8742233	5182	0.0082
687ba848-034e-46e8-af43-bc3cd1f7e282	16	8742390	8890016	124	0.6134
687ba848-034e-46e8-af43-bc3cd1f7e282	16	8890359	8941913	50	0.099
687ba848-034e-46e8-af43-bc3cd1f7e282	16	8943053	8997096	22	0.4883
687ba848-034e-46e8-af43-bc3cd1f7e282	16	8998088	9107044	52	0.9612
687ba848-034e-46e8-af43-bc3cd1f7e282	16	9108113	9122182	13	0.3949
687ba848-034e-46e8-af43-bc3cd1f7e282	16	9122307	9191103	50	0.2775
687ba848-034e-46e8-af43-bc3cd1f7e282	16	9193003	12555002	2785	0.0237
687ba848-034e-46e8-af43-bc3cd1f7e282	16	12555121	12555138	2	1.6284
687ba848-034e-46e8-af43-bc3cd1f7e282	16	12556390	14348774	1527	0.0091
687ba848-034e-46e8-af43-bc3cd1f7e282	16	14351750	14364549	14	0.5317
687ba848-034e-46e8-af43-bc3cd1f7e282	16	14366200	14956028	164	0.0289
687ba848-034e-46e8-af43-bc3cd1f7e282	16	14956124	15176361	83	0.279
687ba848-034e-46e8-af43-bc3cd1f7e282	16	15184961	15210241	4	-0.8861
687ba848-034e-46e8-af43-bc3cd1f7e282	16	15222832	16461996	548	0.2831
687ba848-034e-46e8-af43-bc3cd1f7e282	16	16474027	17243867	399	0.0527
687ba848-034e-46e8-af43-bc3cd1f7e282	16	17244822	17494616	179	0.2252
687ba848-034e-46e8-af43-bc3cd1f7e282	16	17496256	21361279	2050	0.0338
687ba848-034e-46e8-af43-bc3cd1f7e282	16	21368130	22693199	458	0.2152
687ba848-034e-46e8-af43-bc3cd1f7e282	16	22699421	28813331	4052	0.0362
687ba848-034e-46e8-af43-bc3cd1f7e282	16	28813550	29032554	73	0.5075
687ba848-034e-46e8-af43-bc3cd1f7e282	16	29078721	29644788	143	0.0688
687ba848-034e-46e8-af43-bc3cd1f7e282	16	29644889	30166486	179	0.4748
687ba848-034e-46e8-af43-bc3cd1f7e282	16	30178660	30479533	53	0.0153
687ba848-034e-46e8-af43-bc3cd1f7e282	16	30484175	30535185	16	0.6289
687ba848-034e-46e8-af43-bc3cd1f7e282	16	30536574	31948053	575	0.0341
687ba848-034e-46e8-af43-bc3cd1f7e282	16	31948830	32887926	50	0.4191
687ba848-034e-46e8-af43-bc3cd1f7e282	16	32888104	35237861	183	0.0277
687ba848-034e-46e8-af43-bc3cd1f7e282	16	35237901	35522700	158	-0.1691
687ba848-034e-46e8-af43-bc3cd1f7e282	16	35526596	35643319	46	0.1421
687ba848-034e-46e8-af43-bc3cd1f7e282	16	35644446	35895550	72	-0.1962
687ba848-034e-46e8-af43-bc3cd1f7e282	16	35897784	70164493	15263	0.0188
687ba848-034e-46e8-af43-bc3cd1f7e282	16	70177541	70179141	2	-1.568
687ba848-034e-46e8-af43-bc3cd1f7e282	16	70200633	74364131	2297	0.0193
687ba848-034e-46e8-af43-bc3cd1f7e282	16	74371293	74422703	6	1.1726
687ba848-034e-46e8-af43-bc3cd1f7e282	16	74431498	75190835	462	0.0156
687ba848-034e-46e8-af43-bc3cd1f7e282	16	75191124	75275189	46	0.4138
687ba848-034e-46e8-af43-bc3cd1f7e282	16	75276349	81144991	5924	0.0093
687ba848-034e-46e8-af43-bc3cd1f7e282	16	81147413	81223032	96	0.4088
687ba848-034e-46e8-af43-bc3cd1f7e282	16	81225291	83995248	3014	0.0122
687ba848-034e-46e8-af43-bc3cd1f7e282	16	83995534	84053718	59	0.3516
687ba848-034e-46e8-af43-bc3cd1f7e282	16	84055840	84142954	57	-0.0002
687ba848-034e-46e8-af43-bc3cd1f7e282	16	84143137	84740514	573	0.2778
687ba848-034e-46e8-af43-bc3cd1f7e282	16	84740782	84791373	48	-0.0449
687ba848-034e-46e8-af43-bc3cd1f7e282	16	84792227	84900412	79	0.2813
687ba848-034e-46e8-af43-bc3cd1f7e282	16	84903681	85058258	123	0.0053
687ba848-034e-46e8-af43-bc3cd1f7e282	16	85058790	85102802	34	0.4192
687ba848-034e-46e8-af43-bc3cd1f7e282	16	85103645	85891963	492	0.0632
687ba848-034e-46e8-af43-bc3cd1f7e282	16	85893473	85944305	58	0.2937
687ba848-034e-46e8-af43-bc3cd1f7e282	16	85944326	88089992	1931	0.0423
687ba848-034e-46e8-af43-bc3cd1f7e282	16	88094079	88142474	17	0.5533
687ba848-034e-46e8-af43-bc3cd1f7e282	16	88147751	88399022	99	0.1146
687ba848-034e-46e8-af43-bc3cd1f7e282	16	88404306	89271105	300	0.453
687ba848-034e-46e8-af43-bc3cd1f7e282	16	89271536	89313528	30	-0.0027
687ba848-034e-46e8-af43-bc3cd1f7e282	16	89317317	89423739	64	0.3654
687ba848-034e-46e8-af43-bc3cd1f7e282	16	89433095	89945653	224	0.5062
687ba848-034e-46e8-af43-bc3cd1f7e282	16	89946519	90096867	95	0.2897
687ba848-034e-46e8-af43-bc3cd1f7e282	17	150733	630810	253	0.3552
687ba848-034e-46e8-af43-bc3cd1f7e282	17	631285	656021	4	-0.6092
687ba848-034e-46e8-af43-bc3cd1f7e282	17	656361	750578	74	0.2077
687ba848-034e-46e8-af43-bc3cd1f7e282	17	757159	1236097	221	0.4318
687ba848-034e-46e8-af43-bc3cd1f7e282	17	1236662	1335567	30	0.1582
687ba848-034e-46e8-af43-bc3cd1f7e282	17	1337649	1804724	222	-0.0023
687ba848-034e-46e8-af43-bc3cd1f7e282	17	1810639	3232541	805	0.095
687ba848-034e-46e8-af43-bc3cd1f7e282	17	3232997	3563302	218	-0.0555
687ba848-034e-46e8-af43-bc3cd1f7e282	17	3563426	3654159	61	0.4745
687ba848-034e-46e8-af43-bc3cd1f7e282	17	3665125	4405273	435	0.0212
687ba848-034e-46e8-af43-bc3cd1f7e282	17	4405352	4486146	52	0.4337
687ba848-034e-46e8-af43-bc3cd1f7e282	17	4487234	10021684	3359	0.0342
687ba848-034e-46e8-af43-bc3cd1f7e282	17	10022489	10138272	83	0.2581
687ba848-034e-46e8-af43-bc3cd1f7e282	17	10140499	16819487	4662	0.0191
687ba848-034e-46e8-af43-bc3cd1f7e282	17	16834846	16870835	9	0.8174
687ba848-034e-46e8-af43-bc3cd1f7e282	17	16875871	18973153	1067	0.0412
687ba848-034e-46e8-af43-bc3cd1f7e282	17	18973270	19246050	32	0.5293
687ba848-034e-46e8-af43-bc3cd1f7e282	17	19248789	22530437	1214	0.0598
687ba848-034e-46e8-af43-bc3cd1f7e282	17	22530697	22671863	59	-0.268
687ba848-034e-46e8-af43-bc3cd1f7e282	17	22676467	34421041	4279	0.0288
687ba848-034e-46e8-af43-bc3cd1f7e282	17	34422675	34608937	197	0.1932
687ba848-034e-46e8-af43-bc3cd1f7e282	17	34608994	36109315	909	0.0361
687ba848-034e-46e8-af43-bc3cd1f7e282	17	36109735	36567187	128	0.388
687ba848-034e-46e8-af43-bc3cd1f7e282	17	36567203	37802421	831	0.0403
687ba848-034e-46e8-af43-bc3cd1f7e282	17	37802763	37884725	56	0.2797
687ba848-034e-46e8-af43-bc3cd1f7e282	17	37884738	41273905	1565	0.0363
687ba848-034e-46e8-af43-bc3cd1f7e282	17	41273921	41274198	3	-1.4441
687ba848-034e-46e8-af43-bc3cd1f7e282	17	41274279	45626448	2171	0.0467
687ba848-034e-46e8-af43-bc3cd1f7e282	17	45632798	46032108	281	0.2922
687ba848-034e-46e8-af43-bc3cd1f7e282	17	46032403	46130967	81	0.0376
687ba848-034e-46e8-af43-bc3cd1f7e282	17	46131308	46712919	107	0.2931
687ba848-034e-46e8-af43-bc3cd1f7e282	17	46713445	73741253	16724	0.0158
687ba848-034e-46e8-af43-bc3cd1f7e282	17	73742096	74202289	338	0.2296
687ba848-034e-46e8-af43-bc3cd1f7e282	17	74202700	74491696	148	0.4534
687ba848-034e-46e8-af43-bc3cd1f7e282	17	74491849	74665438	136	0.2617
687ba848-034e-46e8-af43-bc3cd1f7e282	17	74666058	76213651	658	0.0449
687ba848-034e-46e8-af43-bc3cd1f7e282	17	76213820	76305693	51	0.2963
687ba848-034e-46e8-af43-bc3cd1f7e282	17	76305708	76768464	271	0.0501
687ba848-034e-46e8-af43-bc3cd1f7e282	17	76773402	76833305	31	0.3969
687ba848-034e-46e8-af43-bc3cd1f7e282	17	76835725	76917855	48	0.0954
687ba848-034e-46e8-af43-bc3cd1f7e282	17	76918076	76924115	13	0.6502
687ba848-034e-46e8-af43-bc3cd1f7e282	17	76930346	77336374	248	0.0382
687ba848-034e-46e8-af43-bc3cd1f7e282	17	77336750	77375639	37	0.5819
687ba848-034e-46e8-af43-bc3cd1f7e282	17	77375740	77449922	56	0.1207
687ba848-034e-46e8-af43-bc3cd1f7e282	17	77452076	77554639	52	0.4185
687ba848-034e-46e8-af43-bc3cd1f7e282	17	77554978	78285287	416	0.0311
687ba848-034e-46e8-af43-bc3cd1f7e282	17	78286051	78286887	2	2.3972
687ba848-034e-46e8-af43-bc3cd1f7e282	17	78290662	78302453	10	0.4796
687ba848-034e-46e8-af43-bc3cd1f7e282	17	78305118	78412288	52	0.1097
687ba848-034e-46e8-af43-bc3cd1f7e282	17	78412343	78456702	25	0.5188
687ba848-034e-46e8-af43-bc3cd1f7e282	17	78459996	78563081	75	0.0566
687ba848-034e-46e8-af43-bc3cd1f7e282	17	78573730	78724727	126	0.2991
687ba848-034e-46e8-af43-bc3cd1f7e282	17	78732558	79158854	229	0.0498
687ba848-034e-46e8-af43-bc3cd1f7e282	17	79159586	79250308	68	0.3828
687ba848-034e-46e8-af43-bc3cd1f7e282	17	79250962	80243298	544	0.0891
687ba848-034e-46e8-af43-bc3cd1f7e282	17	80245008	80305570	31	0.5504
687ba848-034e-46e8-af43-bc3cd1f7e282	17	80310187	80751966	267	0.0754
687ba848-034e-46e8-af43-bc3cd1f7e282	17	80752461	80961397	129	-0.0658
687ba848-034e-46e8-af43-bc3cd1f7e282	17	80977365	81086380	36	0.0906
687ba848-034e-46e8-af43-bc3cd1f7e282	17	81094849	81494370	127	0.2621
687ba848-034e-46e8-af43-bc3cd1f7e282	17	81494460	82125680	131	0.0004
687ba848-034e-46e8-af43-bc3cd1f7e282	17	82128370	82257710	55	0.461
687ba848-034e-46e8-af43-bc3cd1f7e282	17	82259505	82410500	43	0.1776
687ba848-034e-46e8-af43-bc3cd1f7e282	17	82411563	82690977	160	0.029
687ba848-034e-46e8-af43-bc3cd1f7e282	17	82690981	82696259	12	0.3667
687ba848-034e-46e8-af43-bc3cd1f7e282	17	82696355	83000756	156	-0.0458
687ba848-034e-46e8-af43-bc3cd1f7e282	17	83000772	83064898	33	0.4181
687ba848-034e-46e8-af43-bc3cd1f7e282	17	83069541	83091923	8	1.0557
687ba848-034e-46e8-af43-bc3cd1f7e282	18	48133	463146	302	0.0454
687ba848-034e-46e8-af43-bc3cd1f7e282	18	463208	706047	211	0.1629
687ba848-034e-46e8-af43-bc3cd1f7e282	18	706092	706589	2	-1.2636
687ba848-034e-46e8-af43-bc3cd1f7e282	18	709920	868286	97	0.1602
687ba848-034e-46e8-af43-bc3cd1f7e282	18	871267	1038276	135	0.0153
687ba848-034e-46e8-af43-bc3cd1f7e282	18	1039385	1047348	6	-0.7441
687ba848-034e-46e8-af43-bc3cd1f7e282	18	1048515	1600944	343	0.0103
687ba848-034e-46e8-af43-bc3cd1f7e282	18	1600971	2078440	378	-0.1371
687ba848-034e-46e8-af43-bc3cd1f7e282	18	2079539	42471713	22538	0.0091
687ba848-034e-46e8-af43-bc3cd1f7e282	18	42476604	42477802	25	-0.8253
687ba848-034e-46e8-af43-bc3cd1f7e282	18	42478430	64339513	15093	0.0175
687ba848-034e-46e8-af43-bc3cd1f7e282	18	64339550	69698036	3928	-0.0498
687ba848-034e-46e8-af43-bc3cd1f7e282	18	69698249	71392537	1077	0.0386
687ba848-034e-46e8-af43-bc3cd1f7e282	18	71392837	73697627	1833	-0.1335
687ba848-034e-46e8-af43-bc3cd1f7e282	18	73699619	79373383	4344	0.0074
687ba848-034e-46e8-af43-bc3cd1f7e282	18	79379494	80005769	261	0.3248
687ba848-034e-46e8-af43-bc3cd1f7e282	18	80006478	80257174	153	0.1087
687ba848-034e-46e8-af43-bc3cd1f7e282	19	90910	482221	104	0.2439
687ba848-034e-46e8-af43-bc3cd1f7e282	19	482616	521281	12	0.9502
687ba848-034e-46e8-af43-bc3cd1f7e282	19	528822	1846112	289	0.191
687ba848-034e-46e8-af43-bc3cd1f7e282	19	1867913	2284285	112	0.0051
687ba848-034e-46e8-af43-bc3cd1f7e282	19	2299390	2496664	58	0.3611
687ba848-034e-46e8-af43-bc3cd1f7e282	19	2498449	2557632	36	-0.0362
687ba848-034e-46e8-af43-bc3cd1f7e282	19	2558656	2648184	31	0.3491
687ba848-034e-46e8-af43-bc3cd1f7e282	19	2652288	3288126	244	0.0171
687ba848-034e-46e8-af43-bc3cd1f7e282	19	3300341	3319783	7	0.8126
687ba848-034e-46e8-af43-bc3cd1f7e282	19	3321679	4417848	276	0.0369
687ba848-034e-46e8-af43-bc3cd1f7e282	19	4423834	4673369	62	0.6101
687ba848-034e-46e8-af43-bc3cd1f7e282	19	4673502	5506118	361	0.0572
687ba848-034e-46e8-af43-bc3cd1f7e282	19	5506446	5510642	5	1.4291
687ba848-034e-46e8-af43-bc3cd1f7e282	19	5510689	5830291	133	0.0517
687ba848-034e-46e8-af43-bc3cd1f7e282	19	5831096	5882858	23	0.4833
687ba848-034e-46e8-af43-bc3cd1f7e282	19	5884662	7569708	839	0.0745
687ba848-034e-46e8-af43-bc3cd1f7e282	19	7570803	7570985	3	-1.0989
687ba848-034e-46e8-af43-bc3cd1f7e282	19	7571111	8175529	274	0.0552
687ba848-034e-46e8-af43-bc3cd1f7e282	19	8176842	8183646	5	0.8867
687ba848-034e-46e8-af43-bc3cd1f7e282	19	8191829	12581187	2170	0.0441
687ba848-034e-46e8-af43-bc3cd1f7e282	19	12586552	12587288	2	2.5969
687ba848-034e-46e8-af43-bc3cd1f7e282	19	12589709	16566478	2094	0.0472
687ba848-034e-46e8-af43-bc3cd1f7e282	19	16570145	16629671	41	0.4178
687ba848-034e-46e8-af43-bc3cd1f7e282	19	16632171	20209665	1624	0.0786
687ba848-034e-46e8-af43-bc3cd1f7e282	19	20212569	35364547	7909	0.0173
687ba848-034e-46e8-af43-bc3cd1f7e282	19	35365141	35366964	14	-0.549
687ba848-034e-46e8-af43-bc3cd1f7e282	19	35370268	38925769	1786	0.0262
687ba848-034e-46e8-af43-bc3cd1f7e282	19	38930748	39026777	39	0.0748
687ba848-034e-46e8-af43-bc3cd1f7e282	19	39034196	39091645	40	0.4332
687ba848-034e-46e8-af43-bc3cd1f7e282	19	39092058	39220263	60	0.046
687ba848-034e-46e8-af43-bc3cd1f7e282	19	39221497	39257070	17	0.4906
687ba848-034e-46e8-af43-bc3cd1f7e282	19	39257608	39868963	350	0.0265
687ba848-034e-46e8-af43-bc3cd1f7e282	19	39869041	39890460	12	0.5339
687ba848-034e-46e8-af43-bc3cd1f7e282	19	39890834	40560077	332	0.0316
687ba848-034e-46e8-af43-bc3cd1f7e282	19	40560555	40638558	27	0.5504
687ba848-034e-46e8-af43-bc3cd1f7e282	19	40640254	40823325	100	0.0131
687ba848-034e-46e8-af43-bc3cd1f7e282	19	40824104	40886749	35	0.4345
687ba848-034e-46e8-af43-bc3cd1f7e282	19	40886980	43193181	1071	0.0573
687ba848-034e-46e8-af43-bc3cd1f7e282	19	43198881	43249358	21	-0.9864
687ba848-034e-46e8-af43-bc3cd1f7e282	19	43252085	43334601	39	-0.0552
687ba848-034e-46e8-af43-bc3cd1f7e282	19	43335559	43458545	64	0.3333
687ba848-034e-46e8-af43-bc3cd1f7e282	19	43459491	45322440	1107	0.019
687ba848-034e-46e8-af43-bc3cd1f7e282	19	45330543	45392733	25	0.5402
687ba848-034e-46e8-af43-bc3cd1f7e282	19	45400216	45655215	81	0.0689
687ba848-034e-46e8-af43-bc3cd1f7e282	19	45655255	45664643	6	0.8946
687ba848-034e-46e8-af43-bc3cd1f7e282	19	45667099	47730870	884	0.046
687ba848-034e-46e8-af43-bc3cd1f7e282	19	47731099	47961965	105	0.2441
687ba848-034e-46e8-af43-bc3cd1f7e282	19	47965532	48686158	432	0.0152
687ba848-034e-46e8-af43-bc3cd1f7e282	19	48688543	48705850	16	0.6533
687ba848-034e-46e8-af43-bc3cd1f7e282	19	48710920	49608162	304	0.0564
687ba848-034e-46e8-af43-bc3cd1f7e282	19	49608188	50082631	239	0.2192
687ba848-034e-46e8-af43-bc3cd1f7e282	19	50088857	50088867	2	-2.5667
687ba848-034e-46e8-af43-bc3cd1f7e282	19	50090736	50752054	252	0.0461
687ba848-034e-46e8-af43-bc3cd1f7e282	19	50753993	50896057	88	0.316
687ba848-034e-46e8-af43-bc3cd1f7e282	19	50896758	51628560	501	0.0454
687ba848-034e-46e8-af43-bc3cd1f7e282	19	51639099	51652217	13	0.6584
687ba848-034e-46e8-af43-bc3cd1f7e282	19	51652635	52101372	301	0.1135
687ba848-034e-46e8-af43-bc3cd1f7e282	19	52103623	52368649	199	-0.0266
687ba848-034e-46e8-af43-bc3cd1f7e282	19	52369752	52530158	99	0.1839
687ba848-034e-46e8-af43-bc3cd1f7e282	19	52530843	52622219	60	-0.0889
687ba848-034e-46e8-af43-bc3cd1f7e282	19	52624218	53010259	274	0.171
687ba848-034e-46e8-af43-bc3cd1f7e282	19	53011074	53048976	25	0.6348
687ba848-034e-46e8-af43-bc3cd1f7e282	19	53050987	53563726	407	0.055
687ba848-034e-46e8-af43-bc3cd1f7e282	19	53563791	53672197	68	0.4638
687ba848-034e-46e8-af43-bc3cd1f7e282	19	53678804	53763502	71	0.1063
687ba848-034e-46e8-af43-bc3cd1f7e282	19	53763518	53871273	52	0.4158
687ba848-034e-46e8-af43-bc3cd1f7e282	19	53872572	54201751	150	0.0541
687ba848-034e-46e8-af43-bc3cd1f7e282	19	54202554	54249734	45	0.6024
687ba848-034e-46e8-af43-bc3cd1f7e282	19	54250521	54390781	53	0.1295
687ba848-034e-46e8-af43-bc3cd1f7e282	19	54397776	54437283	16	1.0646
687ba848-034e-46e8-af43-bc3cd1f7e282	19	54438585	55687738	613	0.0483
687ba848-034e-46e8-af43-bc3cd1f7e282	19	55698231	55722937	20	0.6478
687ba848-034e-46e8-af43-bc3cd1f7e282	19	55723276	58370362	1781	0.0366
687ba848-034e-46e8-af43-bc3cd1f7e282	19	58372530	58586487	100	0.4586
687ba848-034e-46e8-af43-bc3cd1f7e282	20	80664	250342	141	0.0133
687ba848-034e-46e8-af43-bc3cd1f7e282	20	253217	444178	121	0.3321
687ba848-034e-46e8-af43-bc3cd1f7e282	20	444453	1586808	944	0.0412
687ba848-034e-46e8-af43-bc3cd1f7e282	20	1587007	1601561	33	-0.3496
687ba848-034e-46e8-af43-bc3cd1f7e282	20	1609611	1613247	5	-1.5317
687ba848-034e-46e8-af43-bc3cd1f7e282	20	1617300	2013466	339	0.0324
687ba848-034e-46e8-af43-bc3cd1f7e282	20	2013704	2017002	4	-1.0374
687ba848-034e-46e8-af43-bc3cd1f7e282	20	2019209	3827707	1221	0.0089
687ba848-034e-46e8-af43-bc3cd1f7e282	20	3828119	4123473	190	0.2132
687ba848-034e-46e8-af43-bc3cd1f7e282	20	4123863	4155347	21	-0.0416
687ba848-034e-46e8-af43-bc3cd1f7e282	20	4156073	4177753	6	0.605
687ba848-034e-46e8-af43-bc3cd1f7e282	20	4178460	4818296	590	0.0134
687ba848-034e-46e8-af43-bc3cd1f7e282	20	4818690	4846688	26	0.4449
687ba848-034e-46e8-af43-bc3cd1f7e282	20	4846901	5465245	421	0.0348
687ba848-034e-46e8-af43-bc3cd1f7e282	20	5467003	5737384	170	0.2111
687ba848-034e-46e8-af43-bc3cd1f7e282	20	5737655	6791616	846	0.0307
687ba848-034e-46e8-af43-bc3cd1f7e282	20	6792669	8137996	1013	-0.0158
687ba848-034e-46e8-af43-bc3cd1f7e282	20	8141915	8614686	381	-0.1186
687ba848-034e-46e8-af43-bc3cd1f7e282	20	8619525	14585075	4525	0.0079
687ba848-034e-46e8-af43-bc3cd1f7e282	20	14588540	14616133	21	-0.3159
687ba848-034e-46e8-af43-bc3cd1f7e282	20	14618789	14725414	79	-0.0525
687ba848-034e-46e8-af43-bc3cd1f7e282	20	14727136	14775377	27	-0.3542
687ba848-034e-46e8-af43-bc3cd1f7e282	20	14775520	14842826	86	-0.0549
687ba848-034e-46e8-af43-bc3cd1f7e282	20	14843047	14870289	27	-0.4193
687ba848-034e-46e8-af43-bc3cd1f7e282	20	14881023	16699320	1770	-0.0224
687ba848-034e-46e8-af43-bc3cd1f7e282	20	16699565	20139770	2880	0.0247
687ba848-034e-46e8-af43-bc3cd1f7e282	20	20140022	20141247	3	-1.2616
687ba848-034e-46e8-af43-bc3cd1f7e282	20	20143935	24360855	3064	0.0127
687ba848-034e-46e8-af43-bc3cd1f7e282	20	24362751	25483391	729	0.0923
687ba848-034e-46e8-af43-bc3cd1f7e282	20	25484655	26324943	320	0.0281
687ba848-034e-46e8-af43-bc3cd1f7e282	20	30185676	30271154	16	-0.9195
687ba848-034e-46e8-af43-bc3cd1f7e282	20	30293217	37987014	3460	0.014
687ba848-034e-46e8-af43-bc3cd1f7e282	20	37988292	38011461	12	-0.63
687ba848-034e-46e8-af43-bc3cd1f7e282	20	38013721	45719923	5457	0.0224
687ba848-034e-46e8-af43-bc3cd1f7e282	20	45721734	45749572	26	-1.1806
687ba848-034e-46e8-af43-bc3cd1f7e282	20	45752208	49524126	2666	0.0301
687ba848-034e-46e8-af43-bc3cd1f7e282	20	49524145	49811665	174	0.1679
687ba848-034e-46e8-af43-bc3cd1f7e282	20	49813757	49969523	86	-0.0355
687ba848-034e-46e8-af43-bc3cd1f7e282	20	49970816	49999680	15	0.4979
687ba848-034e-46e8-af43-bc3cd1f7e282	20	50001086	50159915	65	0.037
687ba848-034e-46e8-af43-bc3cd1f7e282	20	50160504	50182546	12	0.7532
687ba848-034e-46e8-af43-bc3cd1f7e282	20	50186081	63077653	9866	0.0209
687ba848-034e-46e8-af43-bc3cd1f7e282	20	63080185	63132152	37	0.4333
687ba848-034e-46e8-af43-bc3cd1f7e282	20	63138899	63588484	133	0.0825
687ba848-034e-46e8-af43-bc3cd1f7e282	20	63588502	64103792	196	0.5289
687ba848-034e-46e8-af43-bc3cd1f7e282	20	64108063	64269395	100	0.3157
687ba848-034e-46e8-af43-bc3cd1f7e282	20	64272182	64324800	17	-0.1199
687ba848-034e-46e8-af43-bc3cd1f7e282	21	10354168	10494350	19	-0.0998
687ba848-034e-46e8-af43-bc3cd1f7e282	21	10511939	10642546	62	-0.431
687ba848-034e-46e8-af43-bc3cd1f7e282	21	10643703	13583316	188	-0.1093
687ba848-034e-46e8-af43-bc3cd1f7e282	21	13612103	13677975	4	-1.1941
687ba848-034e-46e8-af43-bc3cd1f7e282	21	13803967	22358849	6090	-0.0042
687ba848-034e-46e8-af43-bc3cd1f7e282	21	22359384	23512948	895	-0.0974
687ba848-034e-46e8-af43-bc3cd1f7e282	21	23522455	26988947	2690	0.0049
687ba848-034e-46e8-af43-bc3cd1f7e282	21	26991458	26992648	5	-0.9478
687ba848-034e-46e8-af43-bc3cd1f7e282	21	26994167	28328013	971	0.0089
687ba848-034e-46e8-af43-bc3cd1f7e282	21	28328109	28388790	59	-0.2833
687ba848-034e-46e8-af43-bc3cd1f7e282	21	28388854	34269568	4098	0.011
687ba848-034e-46e8-af43-bc3cd1f7e282	21	34271717	34271738	2	-1.3801
687ba848-034e-46e8-af43-bc3cd1f7e282	21	34274804	36112582	1361	0.0158
687ba848-034e-46e8-af43-bc3cd1f7e282	21	36112644	36161738	22	0.5498
687ba848-034e-46e8-af43-bc3cd1f7e282	21	36163974	36247984	76	0.2483
687ba848-034e-46e8-af43-bc3cd1f7e282	21	36248238	43034905	5548	0.0125
687ba848-034e-46e8-af43-bc3cd1f7e282	21	43188895	43287476	28	0.4473
687ba848-034e-46e8-af43-bc3cd1f7e282	21	43287878	43319375	20	0.0224
687ba848-034e-46e8-af43-bc3cd1f7e282	21	43319601	43374861	42	0.3848
687ba848-034e-46e8-af43-bc3cd1f7e282	21	43572694	44342833	322	0.0174
687ba848-034e-46e8-af43-bc3cd1f7e282	21	44343759	44448469	43	0.4727
687ba848-034e-46e8-af43-bc3cd1f7e282	21	44452104	45229407	475	0.0378
687ba848-034e-46e8-af43-bc3cd1f7e282	21	45231935	45673302	238	0.3923
687ba848-034e-46e8-af43-bc3cd1f7e282	21	45674233	46274443	325	0.0189
687ba848-034e-46e8-af43-bc3cd1f7e282	21	46275219	46474792	84	0.3519
687ba848-034e-46e8-af43-bc3cd1f7e282	21	46474811	46677045	186	0.1024
687ba848-034e-46e8-af43-bc3cd1f7e282	22	15294547	18131238	1104	0.0234
687ba848-034e-46e8-af43-bc3cd1f7e282	22	18134748	19703133	512	0.2668
687ba848-034e-46e8-af43-bc3cd1f7e282	22	19708302	19786261	28	0.7675
687ba848-034e-46e8-af43-bc3cd1f7e282	22	19786445	20111021	266	0.4337
687ba848-034e-46e8-af43-bc3cd1f7e282	22	20114567	20322846	101	0.602
687ba848-034e-46e8-af43-bc3cd1f7e282	22	20323099	20768101	332	0.3062
687ba848-034e-46e8-af43-bc3cd1f7e282	22	20768124	20836857	122	0.0888
687ba848-034e-46e8-af43-bc3cd1f7e282	22	20836872	20836919	3	0.8329
687ba848-034e-46e8-af43-bc3cd1f7e282	22	20836938	20948379	87	0.2574
687ba848-034e-46e8-af43-bc3cd1f7e282	22	20948399	21067207	63	0.4924
687ba848-034e-46e8-af43-bc3cd1f7e282	22	21067405	21491066	102	0.1657
687ba848-034e-46e8-af43-bc3cd1f7e282	22	21562864	21741482	80	0.4526
687ba848-034e-46e8-af43-bc3cd1f7e282	22	21742513	21936109	97	-0.0089
687ba848-034e-46e8-af43-bc3cd1f7e282	22	21938623	21988657	36	0.3988
687ba848-034e-46e8-af43-bc3cd1f7e282	22	21988797	22119654	186	0.0606
687ba848-034e-46e8-af43-bc3cd1f7e282	22	22120134	22120255	4	-3.7941
687ba848-034e-46e8-af43-bc3cd1f7e282	22	22127104	22170813	105	-0.0564
687ba848-034e-46e8-af43-bc3cd1f7e282	22	22175473	22398127	227	0.1256
687ba848-034e-46e8-af43-bc3cd1f7e282	22	22398345	22398545	4	-1.3582
687ba848-034e-46e8-af43-bc3cd1f7e282	22	22402989	22839580	214	0.126
687ba848-034e-46e8-af43-bc3cd1f7e282	22	22840478	23417952	381	0.3071
687ba848-034e-46e8-af43-bc3cd1f7e282	22	23418386	23987520	336	0.0874
687ba848-034e-46e8-af43-bc3cd1f7e282	22	23988078	23990739	4	-2.209
687ba848-034e-46e8-af43-bc3cd1f7e282	22	23995113	24015674	15	0.4559
687ba848-034e-46e8-af43-bc3cd1f7e282	22	24020015	24376516	188	0.0073
687ba848-034e-46e8-af43-bc3cd1f7e282	22	24385943	24480878	50	0.2913
687ba848-034e-46e8-af43-bc3cd1f7e282	22	24481324	25340708	615	0.0414
687ba848-034e-46e8-af43-bc3cd1f7e282	22	25340709	25507962	181	0.3004
687ba848-034e-46e8-af43-bc3cd1f7e282	22	25508290	31019501	4148	0.0276
687ba848-034e-46e8-af43-bc3cd1f7e282	22	31019850	31053199	15	0.5559
687ba848-034e-46e8-af43-bc3cd1f7e282	22	31053755	35564674	3629	0.0166
687ba848-034e-46e8-af43-bc3cd1f7e282	22	35566539	35656866	68	0.3552
687ba848-034e-46e8-af43-bc3cd1f7e282	22	35657023	36267956	355	0.0646
687ba848-034e-46e8-af43-bc3cd1f7e282	22	36273724	36312708	40	0.3555
687ba848-034e-46e8-af43-bc3cd1f7e282	22	36314496	38104375	1061	0.0434
687ba848-034e-46e8-af43-bc3cd1f7e282	22	38110681	38147446	28	0.5372
687ba848-034e-46e8-af43-bc3cd1f7e282	22	38148126	38937335	419	-0.0078
687ba848-034e-46e8-af43-bc3cd1f7e282	22	38937495	38999277	47	0.481
687ba848-034e-46e8-af43-bc3cd1f7e282	22	38999293	39552075	252	0.037
687ba848-034e-46e8-af43-bc3cd1f7e282	22	39552393	39582675	8	0.6368
687ba848-034e-46e8-af43-bc3cd1f7e282	22	39584874	41900699	1304	0.0087
687ba848-034e-46e8-af43-bc3cd1f7e282	22	41901150	41921107	6	0.5151
687ba848-034e-46e8-af43-bc3cd1f7e282	22	41921921	41937290	6	1.0808
687ba848-034e-46e8-af43-bc3cd1f7e282	22	41943340	41968015	19	0.528
687ba848-034e-46e8-af43-bc3cd1f7e282	22	41969069	42300294	177	0.0224
687ba848-034e-46e8-af43-bc3cd1f7e282	22	42301210	42529206	129	0.3673
687ba848-034e-46e8-af43-bc3cd1f7e282	22	42529608	48969821	4944	0.0386
687ba848-034e-46e8-af43-bc3cd1f7e282	22	48970001	49713748	705	0.2559
687ba848-034e-46e8-af43-bc3cd1f7e282	22	49715226	50089758	144	0.4925
687ba848-034e-46e8-af43-bc3cd1f7e282	22	50092775	50159275	55	0.249
687ba848-034e-46e8-af43-bc3cd1f7e282	22	50162431	50728250	237	0.5233
687ba848-034e-46e8-af43-bc3cd1f7e282	22	50732591	50796027	20	0.2475
687ba848-034e-46e8-af43-bc3cd1f7e282	X	251810	2792701	101	0.3711
687ba848-034e-46e8-af43-bc3cd1f7e282	X	2792799	3235433	332	0.1123
687ba848-034e-46e8-af43-bc3cd1f7e282	X	3235609	71651088	36965	0.0152
687ba848-034e-46e8-af43-bc3cd1f7e282	X	71651769	71855658	35	0.6392
687ba848-034e-46e8-af43-bc3cd1f7e282	X	71858195	72741009	450	0.0147
687ba848-034e-46e8-af43-bc3cd1f7e282	X	72804528	77070100	1901	0.0741
687ba848-034e-46e8-af43-bc3cd1f7e282	X	77070132	78527601	337	0.0267
687ba848-034e-46e8-af43-bc3cd1f7e282	X	78528444	78531196	5	-1.0335
687ba848-034e-46e8-af43-bc3cd1f7e282	X	78537756	123237855	24373	0.0147
687ba848-034e-46e8-af43-bc3cd1f7e282	X	123238933	123239256	2	-1.9008
687ba848-034e-46e8-af43-bc3cd1f7e282	X	123239733	140200262	9527	0.0104
687ba848-034e-46e8-af43-bc3cd1f7e282	X	140200284	140202494	4	-2.2469
687ba848-034e-46e8-af43-bc3cd1f7e282	X	140203496	141754215	848	0.0087
687ba848-034e-46e8-af43-bc3cd1f7e282	X	141756704	141798086	32	-0.4366
687ba848-034e-46e8-af43-bc3cd1f7e282	X	141798999	152701849	7344	0.0059
687ba848-034e-46e8-af43-bc3cd1f7e282	X	152726306	152880008	101	0.1577
687ba848-034e-46e8-af43-bc3cd1f7e282	X	152880142	152948397	52	0.3766
687ba848-034e-46e8-af43-bc3cd1f7e282	X	152949221	153317517	230	0.1003
687ba848-034e-46e8-af43-bc3cd1f7e282	X	153318149	153425752	57	0.3682
687ba848-034e-46e8-af43-bc3cd1f7e282	X	153433297	154209234	313	0.0735
687ba848-034e-46e8-af43-bc3cd1f7e282	X	154239991	154295951	2	1.4653
687ba848-034e-46e8-af43-bc3cd1f7e282	X	154299735	154334428	29	0.0334
687ba848-034e-46e8-af43-bc3cd1f7e282	X	154347478	154382547	49	0.6765
687ba848-034e-46e8-af43-bc3cd1f7e282	X	154395856	154497009	35	-0.0677
687ba848-034e-46e8-af43-bc3cd1f7e282	X	154497123	154812202	123	0.2577
687ba848-034e-46e8-af43-bc3cd1f7e282	X	154820552	155952689	377	0.0391
687ba848-034e-46e8-af43-bc3cd1f7e282	Y	2782397	3314408	191	-3.0692
687ba848-034e-46e8-af43-bc3cd1f7e282	Y	3326047	6076562	529	-2.7049
687ba848-034e-46e8-af43-bc3cd1f7e282	Y	6080059	8505342	1156	-3.2348
687ba848-034e-46e8-af43-bc3cd1f7e282	Y	8507534	9554275	376	-3.7232
687ba848-034e-46e8-af43-bc3cd1f7e282	Y	9554586	56872112	4384	-3.1586
