GDC_Aliquot	Chromosome	Start	End	Num_Probes	Segment_Mean
92c4ea12-3dbf-4395-8747-49542a1b150e	1	62920	98588	12	1.3576
92c4ea12-3dbf-4395-8747-49542a1b150e	1	98602	1716055	203	0.0758
92c4ea12-3dbf-4395-8747-49542a1b150e	1	1716451	1741164	11	-1.1564
92c4ea12-3dbf-4395-8747-49542a1b150e	1	1756148	3530249	628	0.041
92c4ea12-3dbf-4395-8747-49542a1b150e	1	3558079	3558286	5	-1.214
92c4ea12-3dbf-4395-8747-49542a1b150e	1	3558637	16504088	7778	0.026
92c4ea12-3dbf-4395-8747-49542a1b150e	1	16504325	16863509	61	-0.2989
92c4ea12-3dbf-4395-8747-49542a1b150e	1	16864367	16935752	54	0.914
92c4ea12-3dbf-4395-8747-49542a1b150e	1	16949746	25092208	5143	0.0255
92c4ea12-3dbf-4395-8747-49542a1b150e	1	25096910	25097831	2	-1.5786
92c4ea12-3dbf-4395-8747-49542a1b150e	1	25098398	25256850	117	0.0559
92c4ea12-3dbf-4395-8747-49542a1b150e	1	25266637	25269914	4	-1.7765
92c4ea12-3dbf-4395-8747-49542a1b150e	1	25273814	53022198	14954	0.025
92c4ea12-3dbf-4395-8747-49542a1b150e	1	53022778	53024068	11	-0.7364
92c4ea12-3dbf-4395-8747-49542a1b150e	1	53026932	72284670	13774	0.0162
92c4ea12-3dbf-4395-8747-49542a1b150e	1	72290430	72297687	9	-1.1492
92c4ea12-3dbf-4395-8747-49542a1b150e	1	72302735	105763866	21220	0.0168
92c4ea12-3dbf-4395-8747-49542a1b150e	1	105766516	105773232	7	-1.2642
92c4ea12-3dbf-4395-8747-49542a1b150e	1	105778334	107097766	857	0.0104
92c4ea12-3dbf-4395-8747-49542a1b150e	1	107098212	107112980	10	-1.2021
92c4ea12-3dbf-4395-8747-49542a1b150e	1	107113237	109690352	1553	0.0155
92c4ea12-3dbf-4395-8747-49542a1b150e	1	109690415	109697556	12	1.3452
92c4ea12-3dbf-4395-8747-49542a1b150e	1	109702376	110833598	834	0.015
92c4ea12-3dbf-4395-8747-49542a1b150e	1	110834746	110845604	39	-0.8362
92c4ea12-3dbf-4395-8747-49542a1b150e	1	110849445	112147704	1075	0.0218
92c4ea12-3dbf-4395-8747-49542a1b150e	1	112153343	112154375	17	0.7851
92c4ea12-3dbf-4395-8747-49542a1b150e	1	112154390	116651953	2893	0.0072
92c4ea12-3dbf-4395-8747-49542a1b150e	1	116657749	116657782	2	-2.0187
92c4ea12-3dbf-4395-8747-49542a1b150e	1	116663714	143459641	2273	0.0156
92c4ea12-3dbf-4395-8747-49542a1b150e	1	143494500	144432313	129	-0.7592
92c4ea12-3dbf-4395-8747-49542a1b150e	1	144442092	152582700	2309	0.0175
92c4ea12-3dbf-4395-8747-49542a1b150e	1	152583051	152614100	35	1.2836
92c4ea12-3dbf-4395-8747-49542a1b150e	1	152614118	160389275	4793	0.0138
92c4ea12-3dbf-4395-8747-49542a1b150e	1	160393067	160394458	2	-2.0909
92c4ea12-3dbf-4395-8747-49542a1b150e	1	160394930	166579136	4631	0.015
92c4ea12-3dbf-4395-8747-49542a1b150e	1	166582964	166583858	6	-1.0551
92c4ea12-3dbf-4395-8747-49542a1b150e	1	166584258	179354603	8667	0.0124
92c4ea12-3dbf-4395-8747-49542a1b150e	1	179361393	179364180	4	-1.3909
92c4ea12-3dbf-4395-8747-49542a1b150e	1	179370071	187323476	5273	0.015
92c4ea12-3dbf-4395-8747-49542a1b150e	1	187329235	187331559	4	-1.4652
92c4ea12-3dbf-4395-8747-49542a1b150e	1	187331953	196745692	6286	0.0116
92c4ea12-3dbf-4395-8747-49542a1b150e	1	196745743	196821815	49	-0.5606
92c4ea12-3dbf-4395-8747-49542a1b150e	1	196829435	199138525	1385	0.0105
92c4ea12-3dbf-4395-8747-49542a1b150e	1	199138574	199144712	10	-2.1856
92c4ea12-3dbf-4395-8747-49542a1b150e	1	199145110	248546369	34237	0.0172
92c4ea12-3dbf-4395-8747-49542a1b150e	1	248550567	248645808	37	-0.8309
92c4ea12-3dbf-4395-8747-49542a1b150e	1	248646068	248930189	139	0.0359
92c4ea12-3dbf-4395-8747-49542a1b150e	2	12784	6474856	5011	0.0267
92c4ea12-3dbf-4395-8747-49542a1b150e	2	6475136	6475398	3	-1.8043
92c4ea12-3dbf-4395-8747-49542a1b150e	2	6476007	52516787	32119	0.0277
92c4ea12-3dbf-4395-8747-49542a1b150e	2	52527330	52554274	36	0.4915
92c4ea12-3dbf-4395-8747-49542a1b150e	2	52554359	71119433	12255	0.0251
92c4ea12-3dbf-4395-8747-49542a1b150e	2	71119487	71119695	5	-1.7593
92c4ea12-3dbf-4395-8747-49542a1b150e	2	71120262	89933871	10511	0.0136
92c4ea12-3dbf-4395-8747-49542a1b150e	2	89936810	90224032	120	-1.0444
92c4ea12-3dbf-4395-8747-49542a1b150e	2	90228220	106263639	6524	0.0229
92c4ea12-3dbf-4395-8747-49542a1b150e	2	106264257	106268901	11	-1.9218
92c4ea12-3dbf-4395-8747-49542a1b150e	2	106270799	131326276	14641	0.0185
92c4ea12-3dbf-4395-8747-49542a1b150e	2	131335459	131338814	6	-1.1532
92c4ea12-3dbf-4395-8747-49542a1b150e	2	131338866	242147305	68246	0.0227
92c4ea12-3dbf-4395-8747-49542a1b150e	3	20930	16199049	12897	0.0096
92c4ea12-3dbf-4395-8747-49542a1b150e	3	16199122	16199672	5	-3.1858
92c4ea12-3dbf-4395-8747-49542a1b150e	3	16199818	25800835	6606	0.0053
92c4ea12-3dbf-4395-8747-49542a1b150e	3	25809289	25813406	14	-1.2102
92c4ea12-3dbf-4395-8747-49542a1b150e	3	25816465	36242239	6980	0.0008
92c4ea12-3dbf-4395-8747-49542a1b150e	3	36242465	36243538	3	-2.7112
92c4ea12-3dbf-4395-8747-49542a1b150e	3	36243787	125993370	53590	0.0169
92c4ea12-3dbf-4395-8747-49542a1b150e	3	125993427	126003019	28	-1.0124
92c4ea12-3dbf-4395-8747-49542a1b150e	3	126003489	127700275	1079	0.0106
92c4ea12-3dbf-4395-8747-49542a1b150e	3	127700333	127700552	3	1.591
92c4ea12-3dbf-4395-8747-49542a1b150e	3	127700600	154775592	16679	0.0092
92c4ea12-3dbf-4395-8747-49542a1b150e	3	154777163	154778164	5	-1.7441
92c4ea12-3dbf-4395-8747-49542a1b150e	3	154778302	169631156	8839	0.0087
92c4ea12-3dbf-4395-8747-49542a1b150e	3	169632074	169632816	2	-1.9537
92c4ea12-3dbf-4395-8747-49542a1b150e	3	169634670	175362822	3743	0.0083
92c4ea12-3dbf-4395-8747-49542a1b150e	3	175362958	175363437	4	-3.6484
92c4ea12-3dbf-4395-8747-49542a1b150e	3	175363536	195685341	13015	0.0147
92c4ea12-3dbf-4395-8747-49542a1b150e	3	195691392	195755499	44	0.3842
92c4ea12-3dbf-4395-8747-49542a1b150e	3	195768362	198169247	1161	0.0324
92c4ea12-3dbf-4395-8747-49542a1b150e	4	68929	9455251	5157	0.0108
92c4ea12-3dbf-4395-8747-49542a1b150e	4	9459504	9477699	6	2.0415
92c4ea12-3dbf-4395-8747-49542a1b150e	4	9484440	10208766	540	-0.013
92c4ea12-3dbf-4395-8747-49542a1b150e	4	10221792	10232642	30	-2.1416
92c4ea12-3dbf-4395-8747-49542a1b150e	4	10232984	33374961	16203	0.015
92c4ea12-3dbf-4395-8747-49542a1b150e	4	33377514	33384564	11	-0.9639
92c4ea12-3dbf-4395-8747-49542a1b150e	4	33386731	34777432	762	0.0003
92c4ea12-3dbf-4395-8747-49542a1b150e	4	34784878	34819718	36	-0.6931
92c4ea12-3dbf-4395-8747-49542a1b150e	4	34822561	68395346	19450	0.0147
92c4ea12-3dbf-4395-8747-49542a1b150e	4	68416487	68674307	89	0.453
92c4ea12-3dbf-4395-8747-49542a1b150e	4	68686026	99401629	18707	0.0097
92c4ea12-3dbf-4395-8747-49542a1b150e	4	99402713	99447629	30	0.5655
92c4ea12-3dbf-4395-8747-49542a1b150e	4	99448412	111366043	7071	0.0121
92c4ea12-3dbf-4395-8747-49542a1b150e	4	111374470	111374512	4	-1.4127
92c4ea12-3dbf-4395-8747-49542a1b150e	4	111374542	115244651	2503	0.0166
92c4ea12-3dbf-4395-8747-49542a1b150e	4	115244712	115254969	24	-0.6146
92c4ea12-3dbf-4395-8747-49542a1b150e	4	115259026	125075205	5819	-0.0003
92c4ea12-3dbf-4395-8747-49542a1b150e	4	125075631	125075806	3	-1.6787
92c4ea12-3dbf-4395-8747-49542a1b150e	4	125079041	155673078	18083	0.0097
92c4ea12-3dbf-4395-8747-49542a1b150e	4	155673116	155676843	14	-0.9624
92c4ea12-3dbf-4395-8747-49542a1b150e	4	155680783	172066777	10498	0.0151
92c4ea12-3dbf-4395-8747-49542a1b150e	4	172067997	172068382	12	-1.6059
92c4ea12-3dbf-4395-8747-49542a1b150e	4	172074828	172501371	231	-0.0077
92c4ea12-3dbf-4395-8747-49542a1b150e	4	172503796	172507492	7	1.7813
92c4ea12-3dbf-4395-8747-49542a1b150e	4	172519981	175512060	1687	0.0135
92c4ea12-3dbf-4395-8747-49542a1b150e	4	175512561	175552597	23	-0.5565
92c4ea12-3dbf-4395-8747-49542a1b150e	4	175554253	182650187	5178	0.0194
92c4ea12-3dbf-4395-8747-49542a1b150e	4	182650253	182651199	2	-2.0659
92c4ea12-3dbf-4395-8747-49542a1b150e	4	182651237	186980063	2990	0.0176
92c4ea12-3dbf-4395-8747-49542a1b150e	4	186980078	186980091	2	-2.6575
92c4ea12-3dbf-4395-8747-49542a1b150e	4	186980103	190106768	1962	0.0037
92c4ea12-3dbf-4395-8747-49542a1b150e	5	15532	11161513	9101	0.0225
92c4ea12-3dbf-4395-8747-49542a1b150e	5	11162524	11162659	3	-3.2304
92c4ea12-3dbf-4395-8747-49542a1b150e	5	11167165	12815668	1090	0.014
92c4ea12-3dbf-4395-8747-49542a1b150e	5	12815753	12819964	8	1.2717
92c4ea12-3dbf-4395-8747-49542a1b150e	5	12824299	29077540	9957	0.017
92c4ea12-3dbf-4395-8747-49542a1b150e	5	29077675	29078527	11	-0.6846
92c4ea12-3dbf-4395-8747-49542a1b150e	5	29082473	46196012	10489	0.0141
92c4ea12-3dbf-4395-8747-49542a1b150e	5	46199332	46199333	2	-2.3906
92c4ea12-3dbf-4395-8747-49542a1b150e	5	46209197	46271006	15	-0.0029
92c4ea12-3dbf-4395-8747-49542a1b150e	5	46271828	46273400	6	1.3721
92c4ea12-3dbf-4395-8747-49542a1b150e	5	46278110	58979773	5813	0.0162
92c4ea12-3dbf-4395-8747-49542a1b150e	5	58980363	58980627	3	-2.2675
92c4ea12-3dbf-4395-8747-49542a1b150e	5	58982165	69550476	6580	0.0159
92c4ea12-3dbf-4395-8747-49542a1b150e	5	69571467	69779150	2	3.4473
92c4ea12-3dbf-4395-8747-49542a1b150e	5	69779164	104515520	19527	0.015
92c4ea12-3dbf-4395-8747-49542a1b150e	5	104524672	104524903	4	-1.6088
92c4ea12-3dbf-4395-8747-49542a1b150e	5	104525348	112353065	5065	0.0082
92c4ea12-3dbf-4395-8747-49542a1b150e	5	112353597	112353817	4	-1.5034
92c4ea12-3dbf-4395-8747-49542a1b150e	5	112355319	113813930	1176	0.0173
92c4ea12-3dbf-4395-8747-49542a1b150e	5	113814189	113814486	2	-1.9819
92c4ea12-3dbf-4395-8747-49542a1b150e	5	113817942	117740530	2936	0.0125
92c4ea12-3dbf-4395-8747-49542a1b150e	5	117745351	117746769	3	-1.88
92c4ea12-3dbf-4395-8747-49542a1b150e	5	117748530	118050922	204	0.0257
92c4ea12-3dbf-4395-8747-49542a1b150e	5	118052727	118053390	11	-0.8413
92c4ea12-3dbf-4395-8747-49542a1b150e	5	118068645	150819676	20403	0.0123
92c4ea12-3dbf-4395-8747-49542a1b150e	5	150822643	150839042	9	-1.0232
92c4ea12-3dbf-4395-8747-49542a1b150e	5	150843825	176033084	17727	0.017
92c4ea12-3dbf-4395-8747-49542a1b150e	5	176038686	176042504	2	-2.2332
92c4ea12-3dbf-4395-8747-49542a1b150e	5	176043321	177800550	725	0.0149
92c4ea12-3dbf-4395-8747-49542a1b150e	5	177801578	177805604	2	2.1832
92c4ea12-3dbf-4395-8747-49542a1b150e	5	177827964	180947523	1794	0.0315
92c4ea12-3dbf-4395-8747-49542a1b150e	5	180951710	180971271	6	1.0244
92c4ea12-3dbf-4395-8747-49542a1b150e	5	180972373	181006225	14	0.5328
92c4ea12-3dbf-4395-8747-49542a1b150e	5	181006264	181363319	168	0.0037
92c4ea12-3dbf-4395-8747-49542a1b150e	6	149661	327531	136	-0.0966
92c4ea12-3dbf-4395-8747-49542a1b150e	6	328070	381149	66	-0.5319
92c4ea12-3dbf-4395-8747-49542a1b150e	6	382559	29882603	21471	0.0184
92c4ea12-3dbf-4395-8747-49542a1b150e	6	29903859	29933799	16	-1.408
92c4ea12-3dbf-4395-8747-49542a1b150e	6	29940692	31313046	642	0.0062
92c4ea12-3dbf-4395-8747-49542a1b150e	6	31318499	31328674	11	-1.7737
92c4ea12-3dbf-4395-8747-49542a1b150e	6	31342147	54066286	14261	0.0145
92c4ea12-3dbf-4395-8747-49542a1b150e	6	54066353	54067057	7	2.0426
92c4ea12-3dbf-4395-8747-49542a1b150e	6	54070550	73882142	10388	0.0169
92c4ea12-3dbf-4395-8747-49542a1b150e	6	73882509	73891694	10	0.9967
92c4ea12-3dbf-4395-8747-49542a1b150e	6	73893839	76305231	1472	0.0194
92c4ea12-3dbf-4395-8747-49542a1b150e	6	76307183	76307209	3	1.3588
92c4ea12-3dbf-4395-8747-49542a1b150e	6	76307276	76720013	294	-0.012
92c4ea12-3dbf-4395-8747-49542a1b150e	6	76726442	76739852	15	0.5115
92c4ea12-3dbf-4395-8747-49542a1b150e	6	76742553	78253157	984	0.0228
92c4ea12-3dbf-4395-8747-49542a1b150e	6	78253172	78332092	119	-0.3048
92c4ea12-3dbf-4395-8747-49542a1b150e	6	78336049	103290101	15474	0.0121
92c4ea12-3dbf-4395-8747-49542a1b150e	6	103290164	103314186	45	0.5844
92c4ea12-3dbf-4395-8747-49542a1b150e	6	103317795	133945130	19083	0.0147
92c4ea12-3dbf-4395-8747-49542a1b150e	6	133947933	133948494	2	-2.2071
92c4ea12-3dbf-4395-8747-49542a1b150e	6	133950934	153636235	13178	0.0124
92c4ea12-3dbf-4395-8747-49542a1b150e	6	153639651	153640764	3	-2.4497
92c4ea12-3dbf-4395-8747-49542a1b150e	6	153644544	162075577	5849	0.0166
92c4ea12-3dbf-4395-8747-49542a1b150e	6	162075620	162083373	25	-1.0898
92c4ea12-3dbf-4395-8747-49542a1b150e	6	162086658	167147930	3916	0.0139
92c4ea12-3dbf-4395-8747-49542a1b150e	6	167156031	167425505	168	0.6724
92c4ea12-3dbf-4395-8747-49542a1b150e	6	167652277	170741917	1955	0.0151
92c4ea12-3dbf-4395-8747-49542a1b150e	7	43355	8786255	5058	0.0276
92c4ea12-3dbf-4395-8747-49542a1b150e	7	8787540	8826367	50	-1.0839
92c4ea12-3dbf-4395-8747-49542a1b150e	7	8833366	22395161	10944	0.0084
92c4ea12-3dbf-4395-8747-49542a1b150e	7	22395853	22396868	2	-3.068
92c4ea12-3dbf-4395-8747-49542a1b150e	7	22399135	23089363	496	-0.0001
92c4ea12-3dbf-4395-8747-49542a1b150e	7	23094092	23101519	13	-1.0477
92c4ea12-3dbf-4395-8747-49542a1b150e	7	23101556	56686405	23465	0.0171
92c4ea12-3dbf-4395-8747-49542a1b150e	7	56687890	56701121	7	-1.7107
92c4ea12-3dbf-4395-8747-49542a1b150e	7	56704473	56733561	15	0.0832
92c4ea12-3dbf-4395-8747-49542a1b150e	7	56740039	57061965	46	-0.7387
92c4ea12-3dbf-4395-8747-49542a1b150e	7	57074459	63675854	731	0.0264
92c4ea12-3dbf-4395-8747-49542a1b150e	7	63677725	63841552	25	0.6745
92c4ea12-3dbf-4395-8747-49542a1b150e	7	63842064	79860043	8015	0.0135
92c4ea12-3dbf-4395-8747-49542a1b150e	7	79860322	79861300	3	-1.6995
92c4ea12-3dbf-4395-8747-49542a1b150e	7	79866662	97766148	11415	0.0044
92c4ea12-3dbf-4395-8747-49542a1b150e	7	97766150	97766159	5	1.3072
92c4ea12-3dbf-4395-8747-49542a1b150e	7	97766194	97777749	29	0.2669
92c4ea12-3dbf-4395-8747-49542a1b150e	7	97788295	97788298	2	-1.915
92c4ea12-3dbf-4395-8747-49542a1b150e	7	97791337	126404459	16638	0.018
92c4ea12-3dbf-4395-8747-49542a1b150e	7	126404480	126406561	15	1.0123
92c4ea12-3dbf-4395-8747-49542a1b150e	7	126406822	134100424	4699	0.0137
92c4ea12-3dbf-4395-8747-49542a1b150e	7	134100442	134113805	33	0.5293
92c4ea12-3dbf-4395-8747-49542a1b150e	7	134114093	142063324	5195	0.0272
92c4ea12-3dbf-4395-8747-49542a1b150e	7	142069843	142070732	7	-2.592
92c4ea12-3dbf-4395-8747-49542a1b150e	7	142070827	142082310	7	-5.1231
92c4ea12-3dbf-4395-8747-49542a1b150e	7	142082848	142092108	19	-2.2389
92c4ea12-3dbf-4395-8747-49542a1b150e	7	142092307	155169676	8183	0.0078
92c4ea12-3dbf-4395-8747-49542a1b150e	7	155171553	155174851	19	-1.0202
92c4ea12-3dbf-4395-8747-49542a1b150e	7	155174907	159334314	2659	0.0142
92c4ea12-3dbf-4395-8747-49542a1b150e	8	81254	644973	324	0.0092
92c4ea12-3dbf-4395-8747-49542a1b150e	8	645220	645875	6	1.0035
92c4ea12-3dbf-4395-8747-49542a1b150e	8	645892	645908	2	4.353
92c4ea12-3dbf-4395-8747-49542a1b150e	8	656117	7130946	7381	0.0216
92c4ea12-3dbf-4395-8747-49542a1b150e	8	7131404	7941868	67	-0.3255
92c4ea12-3dbf-4395-8747-49542a1b150e	8	7974123	12323772	3247	0.0429
92c4ea12-3dbf-4395-8747-49542a1b150e	8	12358500	12389977	28	-1.5105
92c4ea12-3dbf-4395-8747-49542a1b150e	8	12418301	39368830	19464	0.0191
92c4ea12-3dbf-4395-8747-49542a1b150e	8	39372664	39531260	64	0.6092
92c4ea12-3dbf-4395-8747-49542a1b150e	8	39531496	111282237	41995	0.0158
92c4ea12-3dbf-4395-8747-49542a1b150e	8	111282417	111283016	6	2.6488
92c4ea12-3dbf-4395-8747-49542a1b150e	8	111283031	114619207	1822	0.0148
92c4ea12-3dbf-4395-8747-49542a1b150e	8	114619814	114638468	37	-0.7073
92c4ea12-3dbf-4395-8747-49542a1b150e	8	114638558	145072769	21060	0.0139
92c4ea12-3dbf-4395-8747-49542a1b150e	9	46587	606699	506	-0.0385
92c4ea12-3dbf-4395-8747-49542a1b150e	9	606844	607307	4	-1.8231
92c4ea12-3dbf-4395-8747-49542a1b150e	9	607519	641751	58	-0.0307
92c4ea12-3dbf-4395-8747-49542a1b150e	9	646036	646656	5	-1.0536
92c4ea12-3dbf-4395-8747-49542a1b150e	9	648732	5384069	4910	0.0138
92c4ea12-3dbf-4395-8747-49542a1b150e	9	5385783	5398011	20	-1.1555
92c4ea12-3dbf-4395-8747-49542a1b150e	9	5406118	38490044	25349	0.0132
92c4ea12-3dbf-4395-8747-49542a1b150e	9	38498154	38498484	2	-3.4781
92c4ea12-3dbf-4395-8747-49542a1b150e	9	38500229	41473331	388	-0.0168
92c4ea12-3dbf-4395-8747-49542a1b150e	9	41473518	61629689	151	0.3488
92c4ea12-3dbf-4395-8747-49542a1b150e	9	61633080	63580418	40	-0.3339
92c4ea12-3dbf-4395-8747-49542a1b150e	9	63590317	63592813	7	2.0103
92c4ea12-3dbf-4395-8747-49542a1b150e	9	63614182	64493528	50	-0.0566
92c4ea12-3dbf-4395-8747-49542a1b150e	9	64495298	64510407	8	-1.0854
92c4ea12-3dbf-4395-8747-49542a1b150e	9	64520620	138200944	47974	0.0133
92c4ea12-3dbf-4395-8747-49542a1b150e	10	45792	14942090	12692	0.0227
92c4ea12-3dbf-4395-8747-49542a1b150e	10	14943303	15023676	37	-0.9264
92c4ea12-3dbf-4395-8747-49542a1b150e	10	15024489	17029464	1589	0.0005
92c4ea12-3dbf-4395-8747-49542a1b150e	10	17031607	17032415	2	-1.885
92c4ea12-3dbf-4395-8747-49542a1b150e	10	17032579	24083828	4872	0.0193
92c4ea12-3dbf-4395-8747-49542a1b150e	10	24086334	24089125	12	0.6853
92c4ea12-3dbf-4395-8747-49542a1b150e	10	24089979	26938836	1992	0.0162
92c4ea12-3dbf-4395-8747-49542a1b150e	10	26939421	26939544	5	-1.4367
92c4ea12-3dbf-4395-8747-49542a1b150e	10	26941064	44760383	9659	0.0113
92c4ea12-3dbf-4395-8747-49542a1b150e	10	44760744	44762845	2	-2.009
92c4ea12-3dbf-4395-8747-49542a1b150e	10	44763045	46560494	841	0.0052
92c4ea12-3dbf-4395-8747-49542a1b150e	10	46560525	47045228	30	-0.5309
92c4ea12-3dbf-4395-8747-49542a1b150e	10	47066259	133654968	58920	0.0156
92c4ea12-3dbf-4395-8747-49542a1b150e	11	198510	4248034	1748	0.024
92c4ea12-3dbf-4395-8747-49542a1b150e	11	4251190	4298484	14	0.7968
92c4ea12-3dbf-4395-8747-49542a1b150e	11	4306942	4949137	665	-0.0002
92c4ea12-3dbf-4395-8747-49542a1b150e	11	4950775	4955042	23	-2.0941
92c4ea12-3dbf-4395-8747-49542a1b150e	11	4955781	18919323	10225	0.0095
92c4ea12-3dbf-4395-8747-49542a1b150e	11	18927525	18939631	35	0.9675
92c4ea12-3dbf-4395-8747-49542a1b150e	11	18939734	21977599	2712	0.0178
92c4ea12-3dbf-4395-8747-49542a1b150e	11	21979340	22005113	22	-1.1067
92c4ea12-3dbf-4395-8747-49542a1b150e	11	22013993	42039857	13920	0.0053
92c4ea12-3dbf-4395-8747-49542a1b150e	11	42040023	42040533	2	-1.9807
92c4ea12-3dbf-4395-8747-49542a1b150e	11	42040607	48540700	3911	0.0206
92c4ea12-3dbf-4395-8747-49542a1b150e	11	48545348	48548881	5	-1.2942
92c4ea12-3dbf-4395-8747-49542a1b150e	11	48557342	56546606	1842	0.0142
92c4ea12-3dbf-4395-8747-49542a1b150e	11	56547032	56586568	15	-0.9955
92c4ea12-3dbf-4395-8747-49542a1b150e	11	56586901	65803850	4871	0.0188
92c4ea12-3dbf-4395-8747-49542a1b150e	11	65808379	65812199	6	-1.38
92c4ea12-3dbf-4395-8747-49542a1b150e	11	65813167	81792426	9087	0.0165
92c4ea12-3dbf-4395-8747-49542a1b150e	11	81792950	81806116	10	-0.9029
92c4ea12-3dbf-4395-8747-49542a1b150e	11	81811590	88967651	4873	0.0116
92c4ea12-3dbf-4395-8747-49542a1b150e	11	88968112	88968120	2	-2.2484
92c4ea12-3dbf-4395-8747-49542a1b150e	11	88970682	89754781	397	0.0146
92c4ea12-3dbf-4395-8747-49542a1b150e	11	89759710	89802498	6	-0.8719
92c4ea12-3dbf-4395-8747-49542a1b150e	11	89810584	95110982	3618	0.0079
92c4ea12-3dbf-4395-8747-49542a1b150e	11	95111251	95112309	3	-1.5335
92c4ea12-3dbf-4395-8747-49542a1b150e	11	95112611	125205483	21246	0.015
92c4ea12-3dbf-4395-8747-49542a1b150e	11	125205555	125218374	28	-1.1168
92c4ea12-3dbf-4395-8747-49542a1b150e	11	125218431	135074876	7540	0.0154
92c4ea12-3dbf-4395-8747-49542a1b150e	12	51460	8404097	5597	0.0266
92c4ea12-3dbf-4395-8747-49542a1b150e	12	8405892	8432076	18	1.3626
92c4ea12-3dbf-4395-8747-49542a1b150e	12	8442298	11359558	1761	0.0166
92c4ea12-3dbf-4395-8747-49542a1b150e	12	11359597	11390472	28	0.6715
92c4ea12-3dbf-4395-8747-49542a1b150e	12	11399258	33233822	15446	0.0093
92c4ea12-3dbf-4395-8747-49542a1b150e	12	33235894	33242483	5	-3.9465
92c4ea12-3dbf-4395-8747-49542a1b150e	12	33246118	34057235	510	0.0057
92c4ea12-3dbf-4395-8747-49542a1b150e	12	34059867	34063370	4	-1.2325
92c4ea12-3dbf-4395-8747-49542a1b150e	12	34064565	126509681	56423	0.0161
92c4ea12-3dbf-4395-8747-49542a1b150e	12	126510400	126522929	8	-1.1967
92c4ea12-3dbf-4395-8747-49542a1b150e	12	126523087	130663147	3683	0.019
92c4ea12-3dbf-4395-8747-49542a1b150e	12	130663412	130668803	20	-0.8548
92c4ea12-3dbf-4395-8747-49542a1b150e	12	130668882	133201603	1336	0.0371
92c4ea12-3dbf-4395-8747-49542a1b150e	13	18452809	24995207	4350	0.0204
92c4ea12-3dbf-4395-8747-49542a1b150e	13	24998780	25001458	5	-1.4139
92c4ea12-3dbf-4395-8747-49542a1b150e	13	25005786	37496998	9123	0.0177
92c4ea12-3dbf-4395-8747-49542a1b150e	13	37497899	37514193	17	-0.6188
92c4ea12-3dbf-4395-8747-49542a1b150e	13	37514237	38478674	700	0.0271
92c4ea12-3dbf-4395-8747-49542a1b150e	13	38483435	38483919	2	-2.1706
92c4ea12-3dbf-4395-8747-49542a1b150e	13	38490920	57176962	11823	0.0238
92c4ea12-3dbf-4395-8747-49542a1b150e	13	57184136	57215580	35	-0.6621
92c4ea12-3dbf-4395-8747-49542a1b150e	13	57215875	71902850	8991	0.0084
92c4ea12-3dbf-4395-8747-49542a1b150e	13	71903417	71906418	4	1.7474
92c4ea12-3dbf-4395-8747-49542a1b150e	13	71906467	94322376	14696	0.0076
92c4ea12-3dbf-4395-8747-49542a1b150e	13	94324634	94324748	2	-2.8561
92c4ea12-3dbf-4395-8747-49542a1b150e	13	94326480	107245262	9491	0.0187
92c4ea12-3dbf-4395-8747-49542a1b150e	13	107248689	107249633	2	-3.3152
92c4ea12-3dbf-4395-8747-49542a1b150e	13	107249799	112879562	4249	0.027
92c4ea12-3dbf-4395-8747-49542a1b150e	13	112879747	112879894	3	1.7758
92c4ea12-3dbf-4395-8747-49542a1b150e	13	112880521	114342922	648	0.0484
92c4ea12-3dbf-4395-8747-49542a1b150e	14	18239283	19689684	64	-0.0927
92c4ea12-3dbf-4395-8747-49542a1b150e	14	19732024	19957701	106	-0.7368
92c4ea12-3dbf-4395-8747-49542a1b150e	14	19957752	38116720	11682	0.0203
92c4ea12-3dbf-4395-8747-49542a1b150e	14	38117463	38121939	9	-1.0127
92c4ea12-3dbf-4395-8747-49542a1b150e	14	38125431	40139724	1182	0.0143
92c4ea12-3dbf-4395-8747-49542a1b150e	14	40144718	40147715	2	-2.5644
92c4ea12-3dbf-4395-8747-49542a1b150e	14	40148961	55848193	9801	0.0145
92c4ea12-3dbf-4395-8747-49542a1b150e	14	55855565	55858405	3	-2.3982
92c4ea12-3dbf-4395-8747-49542a1b150e	14	55859177	69551651	8754	0.0289
92c4ea12-3dbf-4395-8747-49542a1b150e	14	69551961	69555750	7	-1.0085
92c4ea12-3dbf-4395-8747-49542a1b150e	14	69555996	75503103	3764	0.0219
92c4ea12-3dbf-4395-8747-49542a1b150e	14	75504050	75504790	2	-1.842
92c4ea12-3dbf-4395-8747-49542a1b150e	14	75510827	92519695	11305	0.0142
92c4ea12-3dbf-4395-8747-49542a1b150e	14	92522151	92522453	3	-1.9103
92c4ea12-3dbf-4395-8747-49542a1b150e	14	92522962	106321086	8436	0.0143
92c4ea12-3dbf-4395-8747-49542a1b150e	14	106340102	106346129	7	-1.9462
92c4ea12-3dbf-4395-8747-49542a1b150e	14	106360014	106779223	212	0.1153
92c4ea12-3dbf-4395-8747-49542a1b150e	14	106779537	106779612	3	-1.2638
92c4ea12-3dbf-4395-8747-49542a1b150e	14	106780210	106877229	59	-0.0193
92c4ea12-3dbf-4395-8747-49542a1b150e	15	19811075	20041902	48	-0.098
92c4ea12-3dbf-4395-8747-49542a1b150e	15	20056983	22299523	157	0.447
92c4ea12-3dbf-4395-8747-49542a1b150e	15	22385639	23809640	610	0.0167
92c4ea12-3dbf-4395-8747-49542a1b150e	15	23810290	23814160	19	-1.1093
92c4ea12-3dbf-4395-8747-49542a1b150e	15	23820546	30094208	3989	0.0158
92c4ea12-3dbf-4395-8747-49542a1b150e	15	30106026	30231102	11	-0.7181
92c4ea12-3dbf-4395-8747-49542a1b150e	15	30252720	56497331	16293	0.0215
92c4ea12-3dbf-4395-8747-49542a1b150e	15	56497449	56508779	26	-0.7217
92c4ea12-3dbf-4395-8747-49542a1b150e	15	56509425	76586021	12750	0.0179
92c4ea12-3dbf-4395-8747-49542a1b150e	15	76598900	76602857	14	1.1213
92c4ea12-3dbf-4395-8747-49542a1b150e	15	76603003	101928837	17620	0.0221
92c4ea12-3dbf-4395-8747-49542a1b150e	16	10777	15876151	11502	0.0268
92c4ea12-3dbf-4395-8747-49542a1b150e	16	15878284	15932279	28	0.5281
92c4ea12-3dbf-4395-8747-49542a1b150e	16	15935358	16269368	222	0.0749
92c4ea12-3dbf-4395-8747-49542a1b150e	16	16419234	16693237	37	0.5096
92c4ea12-3dbf-4395-8747-49542a1b150e	16	16737225	18088127	970	0.0309
92c4ea12-3dbf-4395-8747-49542a1b150e	16	18104860	18621034	22	0.6119
92c4ea12-3dbf-4395-8747-49542a1b150e	16	18622094	32169655	7181	0.0258
92c4ea12-3dbf-4395-8747-49542a1b150e	16	32197425	32458145	11	-1.357
92c4ea12-3dbf-4395-8747-49542a1b150e	16	32471634	33973618	53	-0.5638
92c4ea12-3dbf-4395-8747-49542a1b150e	16	33992188	55762682	6899	0.0213
92c4ea12-3dbf-4395-8747-49542a1b150e	16	55764310	55764867	3	3.218
92c4ea12-3dbf-4395-8747-49542a1b150e	16	55770436	55782793	12	0.7655
92c4ea12-3dbf-4395-8747-49542a1b150e	16	55788057	82751338	19114	0.0163
92c4ea12-3dbf-4395-8747-49542a1b150e	16	82751514	82752683	3	-1.6031
92c4ea12-3dbf-4395-8747-49542a1b150e	16	82752802	90096867	5793	0.0315
92c4ea12-3dbf-4395-8747-49542a1b150e	17	150733	2408335	1156	0.0589
92c4ea12-3dbf-4395-8747-49542a1b150e	17	2409060	2409080	4	1.2943
92c4ea12-3dbf-4395-8747-49542a1b150e	17	2413234	11131873	5368	0.0258
92c4ea12-3dbf-4395-8747-49542a1b150e	17	11132209	11132520	4	-1.5039
92c4ea12-3dbf-4395-8747-49542a1b150e	17	11133132	15134796	3149	0.008
92c4ea12-3dbf-4395-8747-49542a1b150e	17	15140609	15140628	2	-1.6922
92c4ea12-3dbf-4395-8747-49542a1b150e	17	15140645	16759600	793	0.0211
92c4ea12-3dbf-4395-8747-49542a1b150e	17	16759737	16815664	6	-1.595
92c4ea12-3dbf-4395-8747-49542a1b150e	17	16815729	18414080	908	0.02
92c4ea12-3dbf-4395-8747-49542a1b150e	17	18452078	18550123	25	1.309
92c4ea12-3dbf-4395-8747-49542a1b150e	17	18561272	36109315	6832	0.021
92c4ea12-3dbf-4395-8747-49542a1b150e	17	36109735	36208249	37	0.9066
92c4ea12-3dbf-4395-8747-49542a1b150e	17	36460442	41224178	2505	0.0231
92c4ea12-3dbf-4395-8747-49542a1b150e	17	41231308	41237517	5	-1.3372
92c4ea12-3dbf-4395-8747-49542a1b150e	17	41239604	41265456	12	0.1324
92c4ea12-3dbf-4395-8747-49542a1b150e	17	41266762	41274279	24	1.5434
92c4ea12-3dbf-4395-8747-49542a1b150e	17	41276472	41370633	108	0.0178
92c4ea12-3dbf-4395-8747-49542a1b150e	17	41370910	41371012	3	1.5192
92c4ea12-3dbf-4395-8747-49542a1b150e	17	41371063	46120775	2411	0.0206
92c4ea12-3dbf-4395-8747-49542a1b150e	17	46120791	46284643	97	-0.3672
92c4ea12-3dbf-4395-8747-49542a1b150e	17	46284997	69889125	13692	0.0173
92c4ea12-3dbf-4395-8747-49542a1b150e	17	69889342	69895785	3	-2.4615
92c4ea12-3dbf-4395-8747-49542a1b150e	17	69895877	73747641	3056	0.0154
92c4ea12-3dbf-4395-8747-49542a1b150e	17	73749837	73751471	17	-0.8384
92c4ea12-3dbf-4395-8747-49542a1b150e	17	73751886	83091923	4801	0.0293
92c4ea12-3dbf-4395-8747-49542a1b150e	18	48133	65535759	39930	0.0155
92c4ea12-3dbf-4395-8747-49542a1b150e	18	65535772	65537481	15	0.9092
92c4ea12-3dbf-4395-8747-49542a1b150e	18	65540037	66095064	416	-0.0056
92c4ea12-3dbf-4395-8747-49542a1b150e	18	66099904	66100686	3	-2.4518
92c4ea12-3dbf-4395-8747-49542a1b150e	18	66108359	67292135	774	0.0002
92c4ea12-3dbf-4395-8747-49542a1b150e	18	67292264	67300028	17	-0.9776
92c4ea12-3dbf-4395-8747-49542a1b150e	18	67300481	80257174	9587	0.0235
92c4ea12-3dbf-4395-8747-49542a1b150e	19	90910	24192647	11112	0.0302
92c4ea12-3dbf-4395-8747-49542a1b150e	19	24196300	24219440	10	-0.7959
92c4ea12-3dbf-4395-8747-49542a1b150e	19	24236573	24274155	15	0.0929
92c4ea12-3dbf-4395-8747-49542a1b150e	19	24278016	24282155	10	-0.8395
92c4ea12-3dbf-4395-8747-49542a1b150e	19	24304880	31698191	3111	0.0081
92c4ea12-3dbf-4395-8747-49542a1b150e	19	31700736	31701786	5	-1.495
92c4ea12-3dbf-4395-8747-49542a1b150e	19	31702241	40846752	5241	0.0258
92c4ea12-3dbf-4395-8747-49542a1b150e	19	40846832	40864857	17	0.7676
92c4ea12-3dbf-4395-8747-49542a1b150e	19	40864888	51628560	5246	0.0265
92c4ea12-3dbf-4395-8747-49542a1b150e	19	51639099	51644944	11	-0.686
92c4ea12-3dbf-4395-8747-49542a1b150e	19	51651652	52815851	788	0.0487
92c4ea12-3dbf-4395-8747-49542a1b150e	19	52815906	52846597	43	0.5669
92c4ea12-3dbf-4395-8747-49542a1b150e	19	52847616	56201625	1987	0.0351
92c4ea12-3dbf-4395-8747-49542a1b150e	19	56201725	56211390	11	-0.8948
92c4ea12-3dbf-4395-8747-49542a1b150e	19	56212254	58586487	1505	0.0315
92c4ea12-3dbf-4395-8747-49542a1b150e	20	80664	1571811	1182	0.0288
92c4ea12-3dbf-4395-8747-49542a1b150e	20	1576544	1601561	57	1.1671
92c4ea12-3dbf-4395-8747-49542a1b150e	20	1609611	1613247	5	-1.7038
92c4ea12-3dbf-4395-8747-49542a1b150e	20	1617300	64324800	41123	0.0189
92c4ea12-3dbf-4395-8747-49542a1b150e	21	10354168	10388367	3	-1.1652
92c4ea12-3dbf-4395-8747-49542a1b150e	21	10388377	13081432	96	-0.177
92c4ea12-3dbf-4395-8747-49542a1b150e	21	13084095	13197963	16	-0.6977
92c4ea12-3dbf-4395-8747-49542a1b150e	21	13197978	46677045	23743	0.0105
92c4ea12-3dbf-4395-8747-49542a1b150e	22	15294547	23232307	3935	0.0392
92c4ea12-3dbf-4395-8747-49542a1b150e	22	23234925	23235402	2	-2.1943
92c4ea12-3dbf-4395-8747-49542a1b150e	22	23239115	50796027	19331	0.022
92c4ea12-3dbf-4395-8747-49542a1b150e	X	251810	82140813	42127	0.0246
92c4ea12-3dbf-4395-8747-49542a1b150e	X	82141047	82156972	39	-0.8459
92c4ea12-3dbf-4395-8747-49542a1b150e	X	82166088	94164611	6254	0.0122
92c4ea12-3dbf-4395-8747-49542a1b150e	X	94168196	94174154	6	-1.038
92c4ea12-3dbf-4395-8747-49542a1b150e	X	94174579	95428876	730	-0.0036
92c4ea12-3dbf-4395-8747-49542a1b150e	X	95434262	95508430	47	-0.4013
92c4ea12-3dbf-4395-8747-49542a1b150e	X	95514955	112747549	9166	0.0196
92c4ea12-3dbf-4395-8747-49542a1b150e	X	112751634	112753192	2	-2.0435
92c4ea12-3dbf-4395-8747-49542a1b150e	X	112756840	141585301	16419	0.016
92c4ea12-3dbf-4395-8747-49542a1b150e	X	141585605	141585618	2	-3.5423
92c4ea12-3dbf-4395-8747-49542a1b150e	X	141595849	153304220	7847	0.0063
92c4ea12-3dbf-4395-8747-49542a1b150e	X	153305955	153308118	3	-1.5832
92c4ea12-3dbf-4395-8747-49542a1b150e	X	153310050	155952689	989	0.0432
92c4ea12-3dbf-4395-8747-49542a1b150e	Y	2782397	6075631	719	-2.7485
92c4ea12-3dbf-4395-8747-49542a1b150e	Y	6076562	8493078	1143	-3.2018
92c4ea12-3dbf-4395-8747-49542a1b150e	Y	8493565	9554586	391	-3.6958
92c4ea12-3dbf-4395-8747-49542a1b150e	Y	9555122	23586854	4189	-3.1482
92c4ea12-3dbf-4395-8747-49542a1b150e	Y	23784615	56872112	191	-2.8829
