GDC_Aliquot	Chromosome	Start	End	Num_Probes	Segment_Mean
0d6bedbe-ff61-47a2-9ded-c15c88db91c8	1	3301765	55284927	27789	0.0383
0d6bedbe-ff61-47a2-9ded-c15c88db91c8	1	55286148	66219596	7997	0.0808
0d6bedbe-ff61-47a2-9ded-c15c88db91c8	1	66219618	104148611	22487	-0.4542
0d6bedbe-ff61-47a2-9ded-c15c88db91c8	1	104148666	104149835	2	-5.7664
0d6bedbe-ff61-47a2-9ded-c15c88db91c8	1	104150741	104205224	36	-0.7315
0d6bedbe-ff61-47a2-9ded-c15c88db91c8	1	104207183	106710169	1277	-0.3705
0d6bedbe-ff61-47a2-9ded-c15c88db91c8	1	106713277	119979978	8181	-0.4897
0d6bedbe-ff61-47a2-9ded-c15c88db91c8	1	119981279	188503834	24063	0.1188
0d6bedbe-ff61-47a2-9ded-c15c88db91c8	1	188504079	190332058	937	0.2262
0d6bedbe-ff61-47a2-9ded-c15c88db91c8	1	190332402	192120912	967	-0.1173
0d6bedbe-ff61-47a2-9ded-c15c88db91c8	1	192123723	194384786	1582	0.3058
0d6bedbe-ff61-47a2-9ded-c15c88db91c8	1	194385255	194681937	145	-0.8801
0d6bedbe-ff61-47a2-9ded-c15c88db91c8	1	194686224	200539440	3286	0.29
0d6bedbe-ff61-47a2-9ded-c15c88db91c8	1	200555289	210164867	6377	-0.2686
0d6bedbe-ff61-47a2-9ded-c15c88db91c8	1	210165011	210165529	3	-4.338
0d6bedbe-ff61-47a2-9ded-c15c88db91c8	1	210165934	247650984	24061	-0.2456
0d6bedbe-ff61-47a2-9ded-c15c88db91c8	2	480597	7089698	4014	0.2052
0d6bedbe-ff61-47a2-9ded-c15c88db91c8	2	7096019	7098204	12	1.0886
0d6bedbe-ff61-47a2-9ded-c15c88db91c8	2	7098324	10019955	1877	0.1635
0d6bedbe-ff61-47a2-9ded-c15c88db91c8	2	10020702	10237708	137	-0.0155
0d6bedbe-ff61-47a2-9ded-c15c88db91c8	2	10238681	10244116	11	0.4281
0d6bedbe-ff61-47a2-9ded-c15c88db91c8	2	10244163	11265120	729	0.0624
0d6bedbe-ff61-47a2-9ded-c15c88db91c8	2	11270521	11310417	15	0.7405
0d6bedbe-ff61-47a2-9ded-c15c88db91c8	2	11310499	12167213	678	0.1244
0d6bedbe-ff61-47a2-9ded-c15c88db91c8	2	12167822	12911253	561	0.0077
0d6bedbe-ff61-47a2-9ded-c15c88db91c8	2	12911355	13052723	83	0.4355
0d6bedbe-ff61-47a2-9ded-c15c88db91c8	2	13148801	24814666	7520	-0.0115
0d6bedbe-ff61-47a2-9ded-c15c88db91c8	2	24814757	25624523	379	-0.5218
0d6bedbe-ff61-47a2-9ded-c15c88db91c8	2	25625668	25879714	110	-0.2921
0d6bedbe-ff61-47a2-9ded-c15c88db91c8	2	25879728	26777285	445	-0.5117
0d6bedbe-ff61-47a2-9ded-c15c88db91c8	2	26782922	31475672	2855	0.0496
0d6bedbe-ff61-47a2-9ded-c15c88db91c8	2	31479206	34895322	1506	0.4492
0d6bedbe-ff61-47a2-9ded-c15c88db91c8	2	34897094	34902238	2	-1.7648
0d6bedbe-ff61-47a2-9ded-c15c88db91c8	2	34902427	40027671	2559	0.4535
0d6bedbe-ff61-47a2-9ded-c15c88db91c8	2	40028084	40312111	239	0.0861
0d6bedbe-ff61-47a2-9ded-c15c88db91c8	2	40316206	41466761	615	-0.0041
0d6bedbe-ff61-47a2-9ded-c15c88db91c8	2	41467294	41482680	11	-0.993
0d6bedbe-ff61-47a2-9ded-c15c88db91c8	2	41483417	43580229	1398	-0.0166
0d6bedbe-ff61-47a2-9ded-c15c88db91c8	2	43580926	77503099	19643	0.0883
0d6bedbe-ff61-47a2-9ded-c15c88db91c8	2	77503415	77506509	5	-1.5401
0d6bedbe-ff61-47a2-9ded-c15c88db91c8	2	77518400	88683741	5118	0.0975
0d6bedbe-ff61-47a2-9ded-c15c88db91c8	2	88686730	88831554	81	0.5962
0d6bedbe-ff61-47a2-9ded-c15c88db91c8	2	94675825	165051827	36963	0.0901
0d6bedbe-ff61-47a2-9ded-c15c88db91c8	2	165053015	174511126	5966	-0.4729
0d6bedbe-ff61-47a2-9ded-c15c88db91c8	2	174513366	175820971	756	0.0929
0d6bedbe-ff61-47a2-9ded-c15c88db91c8	2	175822665	175827352	8	1.0187
0d6bedbe-ff61-47a2-9ded-c15c88db91c8	2	175829726	176460846	332	0.0981
0d6bedbe-ff61-47a2-9ded-c15c88db91c8	2	176460962	176462474	2	-2.4456
0d6bedbe-ff61-47a2-9ded-c15c88db91c8	2	176463265	180184078	2403	0.1137
0d6bedbe-ff61-47a2-9ded-c15c88db91c8	2	180191852	181775134	991	-0.5188
0d6bedbe-ff61-47a2-9ded-c15c88db91c8	2	181776733	181779394	3	-3.9745
0d6bedbe-ff61-47a2-9ded-c15c88db91c8	2	181779457	182399898	355	-0.4434
0d6bedbe-ff61-47a2-9ded-c15c88db91c8	2	182400386	182400445	2	-6.2402
0d6bedbe-ff61-47a2-9ded-c15c88db91c8	2	182403246	190571844	3721	-0.4211
0d6bedbe-ff61-47a2-9ded-c15c88db91c8	2	190572122	191294834	448	0.0621
0d6bedbe-ff61-47a2-9ded-c15c88db91c8	2	191295960	210832430	10363	-0.4558
0d6bedbe-ff61-47a2-9ded-c15c88db91c8	2	210834861	211116564	151	0.1364
0d6bedbe-ff61-47a2-9ded-c15c88db91c8	2	211116737	211119219	5	-1.17
0d6bedbe-ff61-47a2-9ded-c15c88db91c8	2	211123379	213228046	1379	0.125
0d6bedbe-ff61-47a2-9ded-c15c88db91c8	2	213236033	213237483	3	-1.8649
0d6bedbe-ff61-47a2-9ded-c15c88db91c8	2	213240870	228796872	9806	0.0774
0d6bedbe-ff61-47a2-9ded-c15c88db91c8	2	228801152	228802205	2	-2.222
0d6bedbe-ff61-47a2-9ded-c15c88db91c8	2	228804152	233054375	2134	0.0679
0d6bedbe-ff61-47a2-9ded-c15c88db91c8	2	233061491	233069465	9	-0.9485
0d6bedbe-ff61-47a2-9ded-c15c88db91c8	2	233069709	241537572	5257	0.0617
0d6bedbe-ff61-47a2-9ded-c15c88db91c8	3	2170634	2175327	5	1.0806
0d6bedbe-ff61-47a2-9ded-c15c88db91c8	3	2176026	2245321	51	0.0672
0d6bedbe-ff61-47a2-9ded-c15c88db91c8	3	2245876	12743076	6324	0.2535
0d6bedbe-ff61-47a2-9ded-c15c88db91c8	3	12747339	13566246	528	0.1527
0d6bedbe-ff61-47a2-9ded-c15c88db91c8	3	13566662	13575637	2	1.9642
0d6bedbe-ff61-47a2-9ded-c15c88db91c8	3	13579162	13928400	244	0.2081
0d6bedbe-ff61-47a2-9ded-c15c88db91c8	3	13935131	13957817	4	1.2712
0d6bedbe-ff61-47a2-9ded-c15c88db91c8	3	13963201	15257930	850	0.1553
0d6bedbe-ff61-47a2-9ded-c15c88db91c8	3	15259292	20619965	3094	0.2388
0d6bedbe-ff61-47a2-9ded-c15c88db91c8	3	20628408	20721766	61	-0.1768
0d6bedbe-ff61-47a2-9ded-c15c88db91c8	3	20722145	29639141	5145	0.2654
0d6bedbe-ff61-47a2-9ded-c15c88db91c8	3	29640305	35590885	3669	0.1895
0d6bedbe-ff61-47a2-9ded-c15c88db91c8	3	35596219	35676622	71	0.3541
0d6bedbe-ff61-47a2-9ded-c15c88db91c8	3	35678341	61359116	13794	0.0936
0d6bedbe-ff61-47a2-9ded-c15c88db91c8	3	61359142	61360836	2	-3.0878
0d6bedbe-ff61-47a2-9ded-c15c88db91c8	3	61360890	102156711	21531	0.1169
0d6bedbe-ff61-47a2-9ded-c15c88db91c8	3	102157241	103769806	849	0.4253
0d6bedbe-ff61-47a2-9ded-c15c88db91c8	3	103769987	106441289	1625	0.3241
0d6bedbe-ff61-47a2-9ded-c15c88db91c8	3	106441469	118746278	7346	0.4368
0d6bedbe-ff61-47a2-9ded-c15c88db91c8	3	118749865	129757011	6114	0.3914
0d6bedbe-ff61-47a2-9ded-c15c88db91c8	3	129758076	173437966	23226	0.4369
0d6bedbe-ff61-47a2-9ded-c15c88db91c8	3	173438698	175223466	869	0.7747
0d6bedbe-ff61-47a2-9ded-c15c88db91c8	3	175226150	175228665	20	0.1138
0d6bedbe-ff61-47a2-9ded-c15c88db91c8	3	175228787	179168834	1774	0.7808
0d6bedbe-ff61-47a2-9ded-c15c88db91c8	3	179168845	179169846	11	1.763
0d6bedbe-ff61-47a2-9ded-c15c88db91c8	3	179174436	179214239	32	0.711
0d6bedbe-ff61-47a2-9ded-c15c88db91c8	3	179214262	179234432	68	0.3432
0d6bedbe-ff61-47a2-9ded-c15c88db91c8	3	179234447	197812401	9697	0.7567
0d6bedbe-ff61-47a2-9ded-c15c88db91c8	4	1059384	9783904	4395	0.1722
0d6bedbe-ff61-47a2-9ded-c15c88db91c8	4	9786607	21290789	8182	0.2371
0d6bedbe-ff61-47a2-9ded-c15c88db91c8	4	21299086	21367070	27	-0.0668
0d6bedbe-ff61-47a2-9ded-c15c88db91c8	4	21382117	21383586	2	-3.2189
0d6bedbe-ff61-47a2-9ded-c15c88db91c8	4	21383631	23017125	1048	0.2131
0d6bedbe-ff61-47a2-9ded-c15c88db91c8	4	23018777	27375228	2875	0.5266
0d6bedbe-ff61-47a2-9ded-c15c88db91c8	4	27375326	58077510	15803	0.129
0d6bedbe-ff61-47a2-9ded-c15c88db91c8	4	58078404	72062426	6904	-0.3761
0d6bedbe-ff61-47a2-9ded-c15c88db91c8	4	72063100	72070205	5	-5.1528
0d6bedbe-ff61-47a2-9ded-c15c88db91c8	4	72070952	125241470	30354	-0.3958
0d6bedbe-ff61-47a2-9ded-c15c88db91c8	4	125241932	125242526	2	-5.1362
0d6bedbe-ff61-47a2-9ded-c15c88db91c8	4	125243143	125517169	177	-0.3787
0d6bedbe-ff61-47a2-9ded-c15c88db91c8	4	125518038	125527549	9	-2.4324
0d6bedbe-ff61-47a2-9ded-c15c88db91c8	4	125527962	132850681	3544	-0.3748
0d6bedbe-ff61-47a2-9ded-c15c88db91c8	4	132850936	132853933	7	-2.9332
0d6bedbe-ff61-47a2-9ded-c15c88db91c8	4	132854099	166606415	18672	-0.3946
0d6bedbe-ff61-47a2-9ded-c15c88db91c8	4	166607472	166610086	2	-6.1439
0d6bedbe-ff61-47a2-9ded-c15c88db91c8	4	166610226	170854444	2334	-0.4156
0d6bedbe-ff61-47a2-9ded-c15c88db91c8	4	170858835	170858956	2	-5.3999
0d6bedbe-ff61-47a2-9ded-c15c88db91c8	4	170865733	179094618	4338	-0.4056
0d6bedbe-ff61-47a2-9ded-c15c88db91c8	4	179094738	187842528	4205	-0.2714
0d6bedbe-ff61-47a2-9ded-c15c88db91c8	5	913983	7482996	4683	0.3229
0d6bedbe-ff61-47a2-9ded-c15c88db91c8	5	7484982	8041744	445	0.8849
0d6bedbe-ff61-47a2-9ded-c15c88db91c8	5	8042747	26112594	10041	0.3948
0d6bedbe-ff61-47a2-9ded-c15c88db91c8	5	26112824	26785873	393	0.1593
0d6bedbe-ff61-47a2-9ded-c15c88db91c8	5	26787851	26807795	8	1.1033
0d6bedbe-ff61-47a2-9ded-c15c88db91c8	5	26812792	27801127	504	0.1583
0d6bedbe-ff61-47a2-9ded-c15c88db91c8	5	27803392	27805598	2	-3.5458
0d6bedbe-ff61-47a2-9ded-c15c88db91c8	5	27807388	51019830	10144	0.1196
0d6bedbe-ff61-47a2-9ded-c15c88db91c8	5	51021214	58507732	4726	0.3697
0d6bedbe-ff61-47a2-9ded-c15c88db91c8	5	58511464	60162650	1113	-0.4942
0d6bedbe-ff61-47a2-9ded-c15c88db91c8	5	60163200	60361065	98	-1.0457
0d6bedbe-ff61-47a2-9ded-c15c88db91c8	5	60361868	84899612	13112	-0.4595
0d6bedbe-ff61-47a2-9ded-c15c88db91c8	5	84900294	84900737	2	-5.5395
0d6bedbe-ff61-47a2-9ded-c15c88db91c8	5	84902444	134843857	27029	-0.4352
0d6bedbe-ff61-47a2-9ded-c15c88db91c8	5	134849625	148442087	8077	0.0898
0d6bedbe-ff61-47a2-9ded-c15c88db91c8	5	148446775	150017163	1100	0.6926
0d6bedbe-ff61-47a2-9ded-c15c88db91c8	5	150018299	150256302	189	0.4767
0d6bedbe-ff61-47a2-9ded-c15c88db91c8	5	150258797	155612950	3476	0.7034
0d6bedbe-ff61-47a2-9ded-c15c88db91c8	5	155613244	159886640	2866	-0.0904
0d6bedbe-ff61-47a2-9ded-c15c88db91c8	5	159887357	159887428	2	-2.6055
0d6bedbe-ff61-47a2-9ded-c15c88db91c8	5	159887851	171304585	7539	-0.0931
0d6bedbe-ff61-47a2-9ded-c15c88db91c8	5	171306187	171320288	3	-2.1168
0d6bedbe-ff61-47a2-9ded-c15c88db91c8	5	171332350	179468398	4462	-0.1208
0d6bedbe-ff61-47a2-9ded-c15c88db91c8	5	179469618	179469873	4	1.4214
0d6bedbe-ff61-47a2-9ded-c15c88db91c8	5	179472732	180934240	684	-0.1222
0d6bedbe-ff61-47a2-9ded-c15c88db91c8	6	1011760	3242166	1685	0.0161
0d6bedbe-ff61-47a2-9ded-c15c88db91c8	6	3243417	4782814	990	0.4328
0d6bedbe-ff61-47a2-9ded-c15c88db91c8	6	4783371	4797572	14	-0.7522
0d6bedbe-ff61-47a2-9ded-c15c88db91c8	6	4798363	17594998	9095	0.4269
0d6bedbe-ff61-47a2-9ded-c15c88db91c8	6	17603964	19053125	1019	0.0807
0d6bedbe-ff61-47a2-9ded-c15c88db91c8	6	19053380	19217306	113	0.4036
0d6bedbe-ff61-47a2-9ded-c15c88db91c8	6	19217408	30467511	6190	0.1101
0d6bedbe-ff61-47a2-9ded-c15c88db91c8	6	30470449	44366086	7196	0.0583
0d6bedbe-ff61-47a2-9ded-c15c88db91c8	6	44366515	75301848	15510	0.1129
0d6bedbe-ff61-47a2-9ded-c15c88db91c8	6	75302331	81179783	3126	0.535
0d6bedbe-ff61-47a2-9ded-c15c88db91c8	6	81183951	83035299	1007	0.135
0d6bedbe-ff61-47a2-9ded-c15c88db91c8	6	83037555	83985025	517	0.5133
0d6bedbe-ff61-47a2-9ded-c15c88db91c8	6	83985977	85973721	1168	0.132
0d6bedbe-ff61-47a2-9ded-c15c88db91c8	6	85976356	87524779	846	0.5447
0d6bedbe-ff61-47a2-9ded-c15c88db91c8	6	87527482	104196371	8980	0.1211
0d6bedbe-ff61-47a2-9ded-c15c88db91c8	6	104199176	120283965	9165	-0.462
0d6bedbe-ff61-47a2-9ded-c15c88db91c8	6	120285212	120287010	4	-3.7789
0d6bedbe-ff61-47a2-9ded-c15c88db91c8	6	120287564	123487643	1735	-0.4182
0d6bedbe-ff61-47a2-9ded-c15c88db91c8	6	123488439	123489163	2	-5.0517
0d6bedbe-ff61-47a2-9ded-c15c88db91c8	6	123489587	132140908	5352	-0.437
0d6bedbe-ff61-47a2-9ded-c15c88db91c8	6	132145593	132145642	2	-5.3577
0d6bedbe-ff61-47a2-9ded-c15c88db91c8	6	132145895	136058596	2722	-0.4795
0d6bedbe-ff61-47a2-9ded-c15c88db91c8	6	136061822	136066148	6	-2.4574
0d6bedbe-ff61-47a2-9ded-c15c88db91c8	6	136067284	146162510	5787	-0.461
0d6bedbe-ff61-47a2-9ded-c15c88db91c8	6	146162563	146179097	5	-3.0583
0d6bedbe-ff61-47a2-9ded-c15c88db91c8	6	146179327	170596889	14578	-0.4505
0d6bedbe-ff61-47a2-9ded-c15c88db91c8	7	664936	3316851	1035	-0.5648
0d6bedbe-ff61-47a2-9ded-c15c88db91c8	7	3318894	3520646	44	-1.1256
0d6bedbe-ff61-47a2-9ded-c15c88db91c8	7	3520769	7621267	1658	-0.5176
0d6bedbe-ff61-47a2-9ded-c15c88db91c8	7	7626793	12196923	2308	-0.4191
0d6bedbe-ff61-47a2-9ded-c15c88db91c8	7	12198238	12199608	2	-3.9387
0d6bedbe-ff61-47a2-9ded-c15c88db91c8	7	12199648	17986681	3527	-0.4345
0d6bedbe-ff61-47a2-9ded-c15c88db91c8	7	17987347	66144214	25491	0.0943
0d6bedbe-ff61-47a2-9ded-c15c88db91c8	7	66152608	76424106	4406	0.0258
0d6bedbe-ff61-47a2-9ded-c15c88db91c8	7	76424254	83669451	4170	0.1069
0d6bedbe-ff61-47a2-9ded-c15c88db91c8	7	83670980	83671644	10	1.0491
0d6bedbe-ff61-47a2-9ded-c15c88db91c8	7	83680679	83870422	174	0.0084
0d6bedbe-ff61-47a2-9ded-c15c88db91c8	7	83870448	97742366	7013	0.5155
0d6bedbe-ff61-47a2-9ded-c15c88db91c8	7	97742416	107525940	4659	0.4172
0d6bedbe-ff61-47a2-9ded-c15c88db91c8	7	107527674	130510864	12014	-0.0066
0d6bedbe-ff61-47a2-9ded-c15c88db91c8	7	130511242	137275843	4220	0.0803
0d6bedbe-ff61-47a2-9ded-c15c88db91c8	7	137276146	158429752	10949	0.4943
0d6bedbe-ff61-47a2-9ded-c15c88db91c8	7	158430547	158451066	2	2.9292
0d6bedbe-ff61-47a2-9ded-c15c88db91c8	7	158465068	158592540	54	0.4946
0d6bedbe-ff61-47a2-9ded-c15c88db91c8	8	667625	6967762	3238	0.1955
0d6bedbe-ff61-47a2-9ded-c15c88db91c8	8	6967890	11244214	1666	-0.318
0d6bedbe-ff61-47a2-9ded-c15c88db91c8	8	11244629	11248973	11	-1.3716
0d6bedbe-ff61-47a2-9ded-c15c88db91c8	8	11253493	15139403	2266	-0.3062
0d6bedbe-ff61-47a2-9ded-c15c88db91c8	8	15139637	15142547	6	-2.5093
0d6bedbe-ff61-47a2-9ded-c15c88db91c8	8	15142603	32574851	12167	-0.3192
0d6bedbe-ff61-47a2-9ded-c15c88db91c8	8	32584133	32584838	2	-3.4229
0d6bedbe-ff61-47a2-9ded-c15c88db91c8	8	32586748	39183705	3315	-0.3031
0d6bedbe-ff61-47a2-9ded-c15c88db91c8	8	39183871	51561238	4791	0.2253
0d6bedbe-ff61-47a2-9ded-c15c88db91c8	8	51582597	51978562	230	0.6083
0d6bedbe-ff61-47a2-9ded-c15c88db91c8	8	51980167	62878378	6776	0.2125
0d6bedbe-ff61-47a2-9ded-c15c88db91c8	8	62881707	72995464	5785	-0.3166
0d6bedbe-ff61-47a2-9ded-c15c88db91c8	8	72995657	79489101	3692	0.2297
0d6bedbe-ff61-47a2-9ded-c15c88db91c8	8	79490004	86049962	3421	-0.2751
0d6bedbe-ff61-47a2-9ded-c15c88db91c8	8	86051706	86071643	15	0.8121
0d6bedbe-ff61-47a2-9ded-c15c88db91c8	8	86075739	87076129	473	0.4528
0d6bedbe-ff61-47a2-9ded-c15c88db91c8	8	87077335	88542623	776	0.8141
0d6bedbe-ff61-47a2-9ded-c15c88db91c8	8	88542977	95813940	4354	0.451
0d6bedbe-ff61-47a2-9ded-c15c88db91c8	8	95814029	109290764	7557	0.7842
0d6bedbe-ff61-47a2-9ded-c15c88db91c8	8	109290868	114687506	2742	1.0459
0d6bedbe-ff61-47a2-9ded-c15c88db91c8	8	114690386	115443775	391	1.2725
0d6bedbe-ff61-47a2-9ded-c15c88db91c8	8	115450347	120963746	3710	1.0435
0d6bedbe-ff61-47a2-9ded-c15c88db91c8	8	120965088	121367232	249	0.4564
0d6bedbe-ff61-47a2-9ded-c15c88db91c8	8	121374850	127185934	3930	0.9856
0d6bedbe-ff61-47a2-9ded-c15c88db91c8	8	127186319	127961698	561	1.2871
0d6bedbe-ff61-47a2-9ded-c15c88db91c8	8	127973398	140300003	9179	0.9785
0d6bedbe-ff61-47a2-9ded-c15c88db91c8	8	140300387	140561960	125	0.6393
0d6bedbe-ff61-47a2-9ded-c15c88db91c8	8	140562068	140610614	25	0.9115
0d6bedbe-ff61-47a2-9ded-c15c88db91c8	8	140613553	141150299	4	2.5838
0d6bedbe-ff61-47a2-9ded-c15c88db91c8	8	141153819	143361336	395	0.9192
0d6bedbe-ff61-47a2-9ded-c15c88db91c8	8	143365688	144182542	177	0.7886
0d6bedbe-ff61-47a2-9ded-c15c88db91c8	9	789794	9623685	5437	-0.452
0d6bedbe-ff61-47a2-9ded-c15c88db91c8	9	9624597	9627740	4	-3.3633
0d6bedbe-ff61-47a2-9ded-c15c88db91c8	9	9628217	17485790	4677	-0.4611
0d6bedbe-ff61-47a2-9ded-c15c88db91c8	9	17486685	17487141	3	-3.7424
0d6bedbe-ff61-47a2-9ded-c15c88db91c8	9	17493371	21367122	3070	-0.4413
0d6bedbe-ff61-47a2-9ded-c15c88db91c8	9	21369316	30598663	5121	-1.3632
0d6bedbe-ff61-47a2-9ded-c15c88db91c8	9	30598710	31678990	670	-0.3445
0d6bedbe-ff61-47a2-9ded-c15c88db91c8	9	31679896	37313085	3339	-0.4966
0d6bedbe-ff61-47a2-9ded-c15c88db91c8	9	37324683	72038208	3699	0.0847
0d6bedbe-ff61-47a2-9ded-c15c88db91c8	9	72042717	83730989	8022	0.5282
0d6bedbe-ff61-47a2-9ded-c15c88db91c8	9	83731209	100271099	10689	0.483
0d6bedbe-ff61-47a2-9ded-c15c88db91c8	9	100271136	111410883	7603	0.5137
0d6bedbe-ff61-47a2-9ded-c15c88db91c8	9	111411054	122431008	7629	0.461
0d6bedbe-ff61-47a2-9ded-c15c88db91c8	9	122437137	123176519	422	0.514
0d6bedbe-ff61-47a2-9ded-c15c88db91c8	9	123177114	132742938	5535	0.2146
0d6bedbe-ff61-47a2-9ded-c15c88db91c8	9	132745882	132754142	2	2.4003
0d6bedbe-ff61-47a2-9ded-c15c88db91c8	9	132754557	132909945	113	0.2889
0d6bedbe-ff61-47a2-9ded-c15c88db91c8	9	132910076	136161138	1639	0.1321
0d6bedbe-ff61-47a2-9ded-c15c88db91c8	9	136169628	136362835	3	1.8326
0d6bedbe-ff61-47a2-9ded-c15c88db91c8	9	136374683	137190033	223	-0.0093
0d6bedbe-ff61-47a2-9ded-c15c88db91c8	9	137191593	138044505	245	0.302
0d6bedbe-ff61-47a2-9ded-c15c88db91c8	10	366509	8282278	5454	0.0841
0d6bedbe-ff61-47a2-9ded-c15c88db91c8	10	8282351	8282926	2	-2.0908
0d6bedbe-ff61-47a2-9ded-c15c88db91c8	10	8284483	9041857	632	0.0524
0d6bedbe-ff61-47a2-9ded-c15c88db91c8	10	9043340	9043377	2	-3.594
0d6bedbe-ff61-47a2-9ded-c15c88db91c8	10	9043663	59830207	29137	0.1
0d6bedbe-ff61-47a2-9ded-c15c88db91c8	10	59832689	60306753	399	0.5362
0d6bedbe-ff61-47a2-9ded-c15c88db91c8	10	60307642	63099803	1841	0.1384
0d6bedbe-ff61-47a2-9ded-c15c88db91c8	10	63099928	63102110	2	-1.5423
0d6bedbe-ff61-47a2-9ded-c15c88db91c8	10	63103669	63177225	38	0.0227
0d6bedbe-ff61-47a2-9ded-c15c88db91c8	10	63182629	63902030	365	0.3415
0d6bedbe-ff61-47a2-9ded-c15c88db91c8	10	63908028	69410070	2960	0.1082
0d6bedbe-ff61-47a2-9ded-c15c88db91c8	10	69410159	75412303	3364	0.0416
0d6bedbe-ff61-47a2-9ded-c15c88db91c8	10	75415176	79036171	2792	0.106
0d6bedbe-ff61-47a2-9ded-c15c88db91c8	10	79037682	79260757	210	-0.1793
0d6bedbe-ff61-47a2-9ded-c15c88db91c8	10	79261884	123710814	28382	0.0972
0d6bedbe-ff61-47a2-9ded-c15c88db91c8	10	123717313	124748197	585	-0.2427
0d6bedbe-ff61-47a2-9ded-c15c88db91c8	10	124749829	124768057	11	-1.3107
0d6bedbe-ff61-47a2-9ded-c15c88db91c8	10	124773055	126058256	799	-0.2185
0d6bedbe-ff61-47a2-9ded-c15c88db91c8	10	126058412	126060270	2	-2.4577
0d6bedbe-ff61-47a2-9ded-c15c88db91c8	10	126060339	127473052	1143	-0.2061
0d6bedbe-ff61-47a2-9ded-c15c88db91c8	10	127474868	127475409	3	-2.1999
0d6bedbe-ff61-47a2-9ded-c15c88db91c8	10	127476239	133411599	2945	-0.2393
0d6bedbe-ff61-47a2-9ded-c15c88db91c8	11	456012	3982846	1212	-0.454
0d6bedbe-ff61-47a2-9ded-c15c88db91c8	11	3983309	4208752	159	0.145
0d6bedbe-ff61-47a2-9ded-c15c88db91c8	11	4370299	4940683	512	0.5653
0d6bedbe-ff61-47a2-9ded-c15c88db91c8	11	4940884	20845012	11200	0.169
0d6bedbe-ff61-47a2-9ded-c15c88db91c8	11	20848008	30245006	5990	0.2204
0d6bedbe-ff61-47a2-9ded-c15c88db91c8	11	30246527	34920766	2987	0.1606
0d6bedbe-ff61-47a2-9ded-c15c88db91c8	11	34921029	34926397	33	-0.2992
0d6bedbe-ff61-47a2-9ded-c15c88db91c8	11	34929740	34937967	11	0.1482
0d6bedbe-ff61-47a2-9ded-c15c88db91c8	11	34939757	34948093	12	0.8348
0d6bedbe-ff61-47a2-9ded-c15c88db91c8	11	34948624	37961011	1720	0.1644
0d6bedbe-ff61-47a2-9ded-c15c88db91c8	11	37961745	37962916	4	-1.4625
0d6bedbe-ff61-47a2-9ded-c15c88db91c8	11	37963833	38847046	492	0.0575
0d6bedbe-ff61-47a2-9ded-c15c88db91c8	11	38848162	41595648	1813	0.1291
0d6bedbe-ff61-47a2-9ded-c15c88db91c8	11	41596002	58362444	5671	0.0522
0d6bedbe-ff61-47a2-9ded-c15c88db91c8	11	58364197	58365523	3	-1.7401
0d6bedbe-ff61-47a2-9ded-c15c88db91c8	11	58366736	78334374	9202	0.0597
0d6bedbe-ff61-47a2-9ded-c15c88db91c8	11	78346922	81874350	2574	-0.4638
0d6bedbe-ff61-47a2-9ded-c15c88db91c8	11	81874808	81874901	3	-4.2483
0d6bedbe-ff61-47a2-9ded-c15c88db91c8	11	81877316	88733193	4114	-0.4355
0d6bedbe-ff61-47a2-9ded-c15c88db91c8	11	88733645	88734790	2	-6.2402
0d6bedbe-ff61-47a2-9ded-c15c88db91c8	11	88736016	88738902	10	-2.0903
0d6bedbe-ff61-47a2-9ded-c15c88db91c8	11	88742609	91122240	1147	-0.4169
0d6bedbe-ff61-47a2-9ded-c15c88db91c8	11	91122775	91123811	2	-3.3974
0d6bedbe-ff61-47a2-9ded-c15c88db91c8	11	91124093	91211618	54	-0.3653
0d6bedbe-ff61-47a2-9ded-c15c88db91c8	11	91212806	91222100	7	-1.9965
0d6bedbe-ff61-47a2-9ded-c15c88db91c8	11	91222726	96460017	3296	-0.4765
0d6bedbe-ff61-47a2-9ded-c15c88db91c8	11	96460414	105008595	5418	-0.3966
0d6bedbe-ff61-47a2-9ded-c15c88db91c8	11	105008901	105008973	2	-3.7745
0d6bedbe-ff61-47a2-9ded-c15c88db91c8	11	105009303	105701441	397	-0.3714
0d6bedbe-ff61-47a2-9ded-c15c88db91c8	11	105704129	129061266	16011	-0.4908
0d6bedbe-ff61-47a2-9ded-c15c88db91c8	11	129061538	129062674	3	-4.515
0d6bedbe-ff61-47a2-9ded-c15c88db91c8	11	129067107	130467961	810	-0.4609
0d6bedbe-ff61-47a2-9ded-c15c88db91c8	11	130468231	130468268	2	-3.0084
0d6bedbe-ff61-47a2-9ded-c15c88db91c8	11	130469101	134272740	2362	-0.5076
0d6bedbe-ff61-47a2-9ded-c15c88db91c8	12	780472	8453628	4302	0.0751
0d6bedbe-ff61-47a2-9ded-c15c88db91c8	12	8455906	9192812	400	-0.4553
0d6bedbe-ff61-47a2-9ded-c15c88db91c8	12	9195754	83557783	40949	0.0983
0d6bedbe-ff61-47a2-9ded-c15c88db91c8	12	83557897	87215650	1927	0.1752
0d6bedbe-ff61-47a2-9ded-c15c88db91c8	12	87218070	99958852	8150	0.0941
0d6bedbe-ff61-47a2-9ded-c15c88db91c8	12	99959831	100599775	305	0.5128
0d6bedbe-ff61-47a2-9ded-c15c88db91c8	12	100599869	132605822	18070	0.0635
0d6bedbe-ff61-47a2-9ded-c15c88db91c8	13	18874255	21714409	1170	0.0903
0d6bedbe-ff61-47a2-9ded-c15c88db91c8	13	21719363	25236685	1973	0.1706
0d6bedbe-ff61-47a2-9ded-c15c88db91c8	13	25240803	34225067	6342	0.0708
0d6bedbe-ff61-47a2-9ded-c15c88db91c8	13	34227996	34228325	2	-2.7992
0d6bedbe-ff61-47a2-9ded-c15c88db91c8	13	34230366	35235657	613	0.0834
0d6bedbe-ff61-47a2-9ded-c15c88db91c8	13	35236259	35356841	56	-0.3814
0d6bedbe-ff61-47a2-9ded-c15c88db91c8	13	35363318	35364530	4	-3.4563
0d6bedbe-ff61-47a2-9ded-c15c88db91c8	13	35364636	48368678	8578	0.0911
0d6bedbe-ff61-47a2-9ded-c15c88db91c8	13	48369364	81563208	17609	0.0376
0d6bedbe-ff61-47a2-9ded-c15c88db91c8	13	81563388	99117058	10503	0.0657
0d6bedbe-ff61-47a2-9ded-c15c88db91c8	13	99119033	104877181	4231	-0.0647
0d6bedbe-ff61-47a2-9ded-c15c88db91c8	13	104877606	104881584	3	-2.4332
0d6bedbe-ff61-47a2-9ded-c15c88db91c8	13	104883430	112094243	4811	-0.0739
0d6bedbe-ff61-47a2-9ded-c15c88db91c8	13	112096242	114226675	846	0.2094
0d6bedbe-ff61-47a2-9ded-c15c88db91c8	14	20033191	21634977	907	0.1147
0d6bedbe-ff61-47a2-9ded-c15c88db91c8	14	21635439	51944350	15710	-0.4539
0d6bedbe-ff61-47a2-9ded-c15c88db91c8	14	51946028	51957781	14	-2.0191
0d6bedbe-ff61-47a2-9ded-c15c88db91c8	14	51958724	75079527	14081	-0.4653
0d6bedbe-ff61-47a2-9ded-c15c88db91c8	14	75080048	83413070	5564	0.0977
0d6bedbe-ff61-47a2-9ded-c15c88db91c8	14	83413185	83421999	9	-2.3981
0d6bedbe-ff61-47a2-9ded-c15c88db91c8	14	83424693	100121602	10905	0.0785
0d6bedbe-ff61-47a2-9ded-c15c88db91c8	14	100125941	101616660	853	0.4311
0d6bedbe-ff61-47a2-9ded-c15c88db91c8	14	101621062	103055952	615	0.537
0d6bedbe-ff61-47a2-9ded-c15c88db91c8	14	103059333	105365126	804	0.395
0d6bedbe-ff61-47a2-9ded-c15c88db91c8	14	105382554	105533894	35	0.2125
0d6bedbe-ff61-47a2-9ded-c15c88db91c8	15	23437561	36768379	6106	-0.4619
0d6bedbe-ff61-47a2-9ded-c15c88db91c8	15	36774838	37039908	192	0.026
0d6bedbe-ff61-47a2-9ded-c15c88db91c8	15	37040299	38448758	898	-0.4441
0d6bedbe-ff61-47a2-9ded-c15c88db91c8	15	38450424	39953553	1094	0.0815
0d6bedbe-ff61-47a2-9ded-c15c88db91c8	15	39953578	45678932	2497	-0.5041
0d6bedbe-ff61-47a2-9ded-c15c88db91c8	15	45679968	68313230	14606	0.0908
0d6bedbe-ff61-47a2-9ded-c15c88db91c8	15	68318031	71826436	2340	0.4801
0d6bedbe-ff61-47a2-9ded-c15c88db91c8	15	71827746	86915597	8051	0.3879
0d6bedbe-ff61-47a2-9ded-c15c88db91c8	15	86917483	88384213	920	0.4393
0d6bedbe-ff61-47a2-9ded-c15c88db91c8	15	88384519	98478219	6467	-0.0356
0d6bedbe-ff61-47a2-9ded-c15c88db91c8	15	98480739	101344124	1458	-0.3601
0d6bedbe-ff61-47a2-9ded-c15c88db91c8	16	603333	1201281	106	-0.6337
0d6bedbe-ff61-47a2-9ded-c15c88db91c8	16	1223803	1299186	3	1.3147
0d6bedbe-ff61-47a2-9ded-c15c88db91c8	16	1299208	6582614	2670	-0.5327
0d6bedbe-ff61-47a2-9ded-c15c88db91c8	16	6582887	11169999	2977	0.053
0d6bedbe-ff61-47a2-9ded-c15c88db91c8	16	11170646	11177047	6	0.2268
0d6bedbe-ff61-47a2-9ded-c15c88db91c8	16	11177648	11189830	4	1.1553
0d6bedbe-ff61-47a2-9ded-c15c88db91c8	16	11189845	11350715	124	0.2886
0d6bedbe-ff61-47a2-9ded-c15c88db91c8	16	11350869	20979654	3541	0.0684
0d6bedbe-ff61-47a2-9ded-c15c88db91c8	16	20980052	26961084	3051	-0.5493
0d6bedbe-ff61-47a2-9ded-c15c88db91c8	16	26961149	26963621	3	-3.0542
0d6bedbe-ff61-47a2-9ded-c15c88db91c8	16	26963907	60454371	10564	-0.4941
0d6bedbe-ff61-47a2-9ded-c15c88db91c8	16	60459516	63500033	1822	0.085
0d6bedbe-ff61-47a2-9ded-c15c88db91c8	16	63500819	66490848	2190	-0.5
0d6bedbe-ff61-47a2-9ded-c15c88db91c8	16	66493956	66985874	232	0.4319
0d6bedbe-ff61-47a2-9ded-c15c88db91c8	16	66986594	75959889	4243	-0.4931
0d6bedbe-ff61-47a2-9ded-c15c88db91c8	16	75961910	82583031	5640	0.051
0d6bedbe-ff61-47a2-9ded-c15c88db91c8	16	82583530	82653781	77	-0.5144
0d6bedbe-ff61-47a2-9ded-c15c88db91c8	16	82654192	85400091	1617	0.0374
0d6bedbe-ff61-47a2-9ded-c15c88db91c8	16	85400120	85744321	168	-0.2047
0d6bedbe-ff61-47a2-9ded-c15c88db91c8	16	85745191	89317317	1975	0.0086
0d6bedbe-ff61-47a2-9ded-c15c88db91c8	17	1074619	1330752	43	-0.291
0d6bedbe-ff61-47a2-9ded-c15c88db91c8	17	1330977	13465866	6909	-0.5096
0d6bedbe-ff61-47a2-9ded-c15c88db91c8	17	13465925	13466310	2	-3.0302
0d6bedbe-ff61-47a2-9ded-c15c88db91c8	17	13466453	32392764	5086	-0.5022
0d6bedbe-ff61-47a2-9ded-c15c88db91c8	17	32392900	37413676	2367	-0.3645
0d6bedbe-ff61-47a2-9ded-c15c88db91c8	17	37413714	53342283	6893	0.0304
0d6bedbe-ff61-47a2-9ded-c15c88db91c8	17	53344060	72809416	11687	0.0739
0d6bedbe-ff61-47a2-9ded-c15c88db91c8	17	72810256	79159586	2698	0.0127
0d6bedbe-ff61-47a2-9ded-c15c88db91c8	17	79162921	82959812	1434	0.6671
0d6bedbe-ff61-47a2-9ded-c15c88db91c8	18	326691	2079539	516	-0.1527
0d6bedbe-ff61-47a2-9ded-c15c88db91c8	18	2079800	2282127	152	0.3118
0d6bedbe-ff61-47a2-9ded-c15c88db91c8	18	2282484	7558554	3104	-0.1384
0d6bedbe-ff61-47a2-9ded-c15c88db91c8	18	7562356	7980324	268	-0.4747
0d6bedbe-ff61-47a2-9ded-c15c88db91c8	18	7980688	22472071	4847	-0.1193
0d6bedbe-ff61-47a2-9ded-c15c88db91c8	18	22472907	22827552	209	0.4023
0d6bedbe-ff61-47a2-9ded-c15c88db91c8	18	22831258	23018504	70	0.7235
0d6bedbe-ff61-47a2-9ded-c15c88db91c8	18	23019163	48289046	15633	0.346
0d6bedbe-ff61-47a2-9ded-c15c88db91c8	18	48289447	48800194	394	0.6571
0d6bedbe-ff61-47a2-9ded-c15c88db91c8	18	48802193	69057378	12512	0.3362
0d6bedbe-ff61-47a2-9ded-c15c88db91c8	18	69057453	70975770	1137	-0.4324
0d6bedbe-ff61-47a2-9ded-c15c88db91c8	18	70975789	70979552	2	-4.013
0d6bedbe-ff61-47a2-9ded-c15c88db91c8	18	70981736	76249175	2096	-0.4757
0d6bedbe-ff61-47a2-9ded-c15c88db91c8	18	76249545	76256573	5	-2.4286
0d6bedbe-ff61-47a2-9ded-c15c88db91c8	18	76257467	79349796	1892	-0.4668
0d6bedbe-ff61-47a2-9ded-c15c88db91c8	19	283868	1922940	306	-0.5702
0d6bedbe-ff61-47a2-9ded-c15c88db91c8	19	1929105	2505568	141	-0.0793
0d6bedbe-ff61-47a2-9ded-c15c88db91c8	19	2507030	5659854	963	-0.5649
0d6bedbe-ff61-47a2-9ded-c15c88db91c8	19	5659863	21458313	6497	0.0421
0d6bedbe-ff61-47a2-9ded-c15c88db91c8	19	21458742	28919705	2006	0.1125
0d6bedbe-ff61-47a2-9ded-c15c88db91c8	19	28923724	31096919	1616	0.0212
0d6bedbe-ff61-47a2-9ded-c15c88db91c8	19	31106213	33960041	1898	0.4619
0d6bedbe-ff61-47a2-9ded-c15c88db91c8	19	33960874	33973532	10	-0.6192
0d6bedbe-ff61-47a2-9ded-c15c88db91c8	19	33974961	38182658	2235	0.4756
0d6bedbe-ff61-47a2-9ded-c15c88db91c8	19	38185231	40748786	1163	0.3857
0d6bedbe-ff61-47a2-9ded-c15c88db91c8	19	40751491	47748790	2830	-0.4996
0d6bedbe-ff61-47a2-9ded-c15c88db91c8	19	47751135	48710920	471	-0.0208
0d6bedbe-ff61-47a2-9ded-c15c88db91c8	19	48711017	58370362	3908	-0.4999
0d6bedbe-ff61-47a2-9ded-c15c88db91c8	20	472817	1908163	857	0.0354
0d6bedbe-ff61-47a2-9ded-c15c88db91c8	20	1908831	1913689	2	-2.5283
0d6bedbe-ff61-47a2-9ded-c15c88db91c8	20	1919121	2962922	824	-0.0289
0d6bedbe-ff61-47a2-9ded-c15c88db91c8	20	2963901	3720854	420	0.4318
0d6bedbe-ff61-47a2-9ded-c15c88db91c8	20	3734568	26217263	14803	0.034
0d6bedbe-ff61-47a2-9ded-c15c88db91c8	20	26217295	37094427	2814	0.4244
0d6bedbe-ff61-47a2-9ded-c15c88db91c8	20	37097999	41730880	2958	0.7818
0d6bedbe-ff61-47a2-9ded-c15c88db91c8	20	41731384	41731388	5	-1.8127
0d6bedbe-ff61-47a2-9ded-c15c88db91c8	20	41732145	48612299	4777	0.7728
0d6bedbe-ff61-47a2-9ded-c15c88db91c8	20	48612393	50558065	1040	0.4602
0d6bedbe-ff61-47a2-9ded-c15c88db91c8	20	50558183	56690487	4356	0.5212
0d6bedbe-ff61-47a2-9ded-c15c88db91c8	20	56690848	57973335	989	0.4364
0d6bedbe-ff61-47a2-9ded-c15c88db91c8	20	57975718	57976528	2	2.7293
0d6bedbe-ff61-47a2-9ded-c15c88db91c8	20	57978819	61970102	3015	0.4749
0d6bedbe-ff61-47a2-9ded-c15c88db91c8	20	61970501	61995156	2	2.5025
0d6bedbe-ff61-47a2-9ded-c15c88db91c8	20	61995408	63588502	596	0.5211
0d6bedbe-ff61-47a2-9ded-c15c88db91c8	21	13974127	16714118	1687	-0.3031
0d6bedbe-ff61-47a2-9ded-c15c88db91c8	21	16718443	16718929	2	-3.5297
0d6bedbe-ff61-47a2-9ded-c15c88db91c8	21	16720419	19381502	1714	-0.4299
0d6bedbe-ff61-47a2-9ded-c15c88db91c8	21	19383355	19387521	5	-2.6773
0d6bedbe-ff61-47a2-9ded-c15c88db91c8	21	19389036	27088258	4830	-0.4286
0d6bedbe-ff61-47a2-9ded-c15c88db91c8	21	27088278	28926211	1285	-0.2888
0d6bedbe-ff61-47a2-9ded-c15c88db91c8	21	28929013	32162369	2041	-0.4707
0d6bedbe-ff61-47a2-9ded-c15c88db91c8	21	32165541	46262057	8893	0.0886
0d6bedbe-ff61-47a2-9ded-c15c88db91c8	22	16934932	48940621	17076	-0.0009
0d6bedbe-ff61-47a2-9ded-c15c88db91c8	X	3236359	21559318	7391	-0.0419
0d6bedbe-ff61-47a2-9ded-c15c88db91c8	X	21562939	22138449	321	0.6095
0d6bedbe-ff61-47a2-9ded-c15c88db91c8	X	22139111	25922416	1994	0.0258
0d6bedbe-ff61-47a2-9ded-c15c88db91c8	X	25922578	25923950	5	-2.8677
0d6bedbe-ff61-47a2-9ded-c15c88db91c8	X	25926432	36513933	5146	0.0017
0d6bedbe-ff61-47a2-9ded-c15c88db91c8	X	36514726	36514826	2	-6.0883
0d6bedbe-ff61-47a2-9ded-c15c88db91c8	X	36516390	123457805	34253	0.0062
0d6bedbe-ff61-47a2-9ded-c15c88db91c8	X	123459199	124234199	407	0.583
0d6bedbe-ff61-47a2-9ded-c15c88db91c8	X	124236580	155677414	13868	-0.029
