GDC_Aliquot	Chromosome	Start	End	Num_Probes	Segment_Mean
4fc3606d-b5d2-4caa-929d-54d4dc4a824c	1	62920	462894	19	0.5985
4fc3606d-b5d2-4caa-929d-54d4dc4a824c	1	599171	30265687	16421	0.002
4fc3606d-b5d2-4caa-929d-54d4dc4a824c	1	30266452	30266949	3	-1.5559
4fc3606d-b5d2-4caa-929d-54d4dc4a824c	1	30268649	34637053	2559	0.0002
4fc3606d-b5d2-4caa-929d-54d4dc4a824c	1	34637069	34637435	5	-0.9611
4fc3606d-b5d2-4caa-929d-54d4dc4a824c	1	34637541	34638226	5	0.149
4fc3606d-b5d2-4caa-929d-54d4dc4a824c	1	34638263	34638890	9	-1.1739
4fc3606d-b5d2-4caa-929d-54d4dc4a824c	1	34648667	72284670	23767	0.0033
4fc3606d-b5d2-4caa-929d-54d4dc4a824c	1	72290430	72297687	9	-1.1594
4fc3606d-b5d2-4caa-929d-54d4dc4a824c	1	72302735	72345465	48	1.1712
4fc3606d-b5d2-4caa-929d-54d4dc4a824c	1	72346221	105478582	20971	0.0076
4fc3606d-b5d2-4caa-929d-54d4dc4a824c	1	105478597	105479231	7	1.2566
4fc3606d-b5d2-4caa-929d-54d4dc4a824c	1	105479468	107672688	1556	0.0037
4fc3606d-b5d2-4caa-929d-54d4dc4a824c	1	107675635	107675654	2	-1.5492
4fc3606d-b5d2-4caa-929d-54d4dc4a824c	1	107676065	108223733	406	0.0229
4fc3606d-b5d2-4caa-929d-54d4dc4a824c	1	108226680	108274557	2	-1.7452
4fc3606d-b5d2-4caa-929d-54d4dc4a824c	1	108310648	110834746	1526	0.0104
4fc3606d-b5d2-4caa-929d-54d4dc4a824c	1	110834943	110840856	31	-1.0875
4fc3606d-b5d2-4caa-929d-54d4dc4a824c	1	110841157	152582700	8715	0.0086
4fc3606d-b5d2-4caa-929d-54d4dc4a824c	1	152583051	152614118	36	0.3471
4fc3606d-b5d2-4caa-929d-54d4dc4a824c	1	152618018	153699771	828	-0.0082
4fc3606d-b5d2-4caa-929d-54d4dc4a824c	1	153701198	153720772	8	0.785
4fc3606d-b5d2-4caa-929d-54d4dc4a824c	1	153722864	165866127	8068	-0.0007
4fc3606d-b5d2-4caa-929d-54d4dc4a824c	1	165866311	165866453	3	-1.2524
4fc3606d-b5d2-4caa-929d-54d4dc4a824c	1	165868741	187746723	14804	0.004
4fc3606d-b5d2-4caa-929d-54d4dc4a824c	1	187748429	187752238	2	1.4821
4fc3606d-b5d2-4caa-929d-54d4dc4a824c	1	187755479	193186662	3572	0.0034
4fc3606d-b5d2-4caa-929d-54d4dc4a824c	1	193187149	193187218	4	1.2769
4fc3606d-b5d2-4caa-929d-54d4dc4a824c	1	193190593	194479104	943	-0.0016
4fc3606d-b5d2-4caa-929d-54d4dc4a824c	1	194482281	194485888	2	2.3764
4fc3606d-b5d2-4caa-929d-54d4dc4a824c	1	194487886	196745743	1451	0.002
4fc3606d-b5d2-4caa-929d-54d4dc4a824c	1	196758720	196830158	53	0.3949
4fc3606d-b5d2-4caa-929d-54d4dc4a824c	1	196830375	199142235	1383	0.0194
4fc3606d-b5d2-4caa-929d-54d4dc4a824c	1	199142298	199144712	8	-0.7836
4fc3606d-b5d2-4caa-929d-54d4dc4a824c	1	199145110	248930189	34445	0.0042
4fc3606d-b5d2-4caa-929d-54d4dc4a824c	2	12784	737505	518	0.0277
4fc3606d-b5d2-4caa-929d-54d4dc4a824c	2	742100	747161	3	-1.7955
4fc3606d-b5d2-4caa-929d-54d4dc4a824c	2	751300	86710564	58603	0.0039
4fc3606d-b5d2-4caa-929d-54d4dc4a824c	2	86725947	86726731	2	-1.7916
4fc3606d-b5d2-4caa-929d-54d4dc4a824c	2	86743283	97180592	1897	0.0058
4fc3606d-b5d2-4caa-929d-54d4dc4a824c	2	97180963	97211436	20	-0.5614
4fc3606d-b5d2-4caa-929d-54d4dc4a824c	2	97310327	97359885	13	0.029
4fc3606d-b5d2-4caa-929d-54d4dc4a824c	2	97524284	97545726	9	1.2408
4fc3606d-b5d2-4caa-929d-54d4dc4a824c	2	97550415	159102108	37227	-0.0008
4fc3606d-b5d2-4caa-929d-54d4dc4a824c	2	159103831	159104461	2	1.6189
4fc3606d-b5d2-4caa-929d-54d4dc4a824c	2	159106775	193823021	21089	0.0038
4fc3606d-b5d2-4caa-929d-54d4dc4a824c	2	193825580	193829074	2	1.8434
4fc3606d-b5d2-4caa-929d-54d4dc4a824c	2	193837590	194495886	349	-0.0255
4fc3606d-b5d2-4caa-929d-54d4dc4a824c	2	194500751	194501360	4	-1.1516
4fc3606d-b5d2-4caa-929d-54d4dc4a824c	2	194501795	198026343	1985	-0.0033
4fc3606d-b5d2-4caa-929d-54d4dc4a824c	2	198029788	198030369	2	-1.7692
4fc3606d-b5d2-4caa-929d-54d4dc4a824c	2	198033415	198747094	483	0.0166
4fc3606d-b5d2-4caa-929d-54d4dc4a824c	2	198753102	198753646	2	-1.2434
4fc3606d-b5d2-4caa-929d-54d4dc4a824c	2	198755763	207485467	5268	0.0154
4fc3606d-b5d2-4caa-929d-54d4dc4a824c	2	207485523	207490231	7	0.4804
4fc3606d-b5d2-4caa-929d-54d4dc4a824c	2	207490454	207494612	16	-0.949
4fc3606d-b5d2-4caa-929d-54d4dc4a824c	2	207494752	212316597	3042	-0.0077
4fc3606d-b5d2-4caa-929d-54d4dc4a824c	2	212321824	212327101	25	-0.9788
4fc3606d-b5d2-4caa-929d-54d4dc4a824c	2	212327402	242147305	19025	0.0005
4fc3606d-b5d2-4caa-929d-54d4dc4a824c	3	20930	1780497	1573	-0.0075
4fc3606d-b5d2-4caa-929d-54d4dc4a824c	3	1785824	1786243	5	-0.8808
4fc3606d-b5d2-4caa-929d-54d4dc4a824c	3	1786283	37935926	26060	0.0075
4fc3606d-b5d2-4caa-929d-54d4dc4a824c	3	37940617	37945392	17	-1.0385
4fc3606d-b5d2-4caa-929d-54d4dc4a824c	3	37945437	61649388	14630	0.0081
4fc3606d-b5d2-4caa-929d-54d4dc4a824c	3	61649482	61649586	2	1.3845
4fc3606d-b5d2-4caa-929d-54d4dc4a824c	3	61649634	65213590	3074	0.0107
4fc3606d-b5d2-4caa-929d-54d4dc4a824c	3	65213747	65221229	14	0.38
4fc3606d-b5d2-4caa-929d-54d4dc4a824c	3	65221269	65221671	3	1.1046
4fc3606d-b5d2-4caa-929d-54d4dc4a824c	3	65222038	68682877	2431	0.016
4fc3606d-b5d2-4caa-929d-54d4dc4a824c	3	68697013	68698138	12	0.5124
4fc3606d-b5d2-4caa-929d-54d4dc4a824c	3	68698178	72179565	2678	0.0097
4fc3606d-b5d2-4caa-929d-54d4dc4a824c	3	72179783	72180045	2	1.2429
4fc3606d-b5d2-4caa-929d-54d4dc4a824c	3	72181640	84650533	7241	0.0083
4fc3606d-b5d2-4caa-929d-54d4dc4a824c	3	84650607	84651178	6	-0.8231
4fc3606d-b5d2-4caa-929d-54d4dc4a824c	3	84651212	84652985	7	-2.1518
4fc3606d-b5d2-4caa-929d-54d4dc4a824c	3	84653010	97849508	5181	0.0007
4fc3606d-b5d2-4caa-929d-54d4dc4a824c	3	97852020	97853922	2	1.3908
4fc3606d-b5d2-4caa-929d-54d4dc4a824c	3	97856077	99217783	798	-0.0005
4fc3606d-b5d2-4caa-929d-54d4dc4a824c	3	99218119	99232120	41	0.4092
4fc3606d-b5d2-4caa-929d-54d4dc4a824c	3	99232539	125716589	16245	-0.0003
4fc3606d-b5d2-4caa-929d-54d4dc4a824c	3	125717394	125739919	11	0.5516
4fc3606d-b5d2-4caa-929d-54d4dc4a824c	3	125743486	128661409	1823	-0.0172
4fc3606d-b5d2-4caa-929d-54d4dc4a824c	3	128662406	128693488	16	0.916
4fc3606d-b5d2-4caa-929d-54d4dc4a824c	3	128695318	152625038	14764	-0.0014
4fc3606d-b5d2-4caa-929d-54d4dc4a824c	3	152629305	152638694	47	-0.9186
4fc3606d-b5d2-4caa-929d-54d4dc4a824c	3	152638752	162790480	6118	0.0038
4fc3606d-b5d2-4caa-929d-54d4dc4a824c	3	162794869	162908207	70	0.6969
4fc3606d-b5d2-4caa-929d-54d4dc4a824c	3	162908784	192195081	18472	0.0028
4fc3606d-b5d2-4caa-929d-54d4dc4a824c	3	192195287	192199579	3	-1.2103
4fc3606d-b5d2-4caa-929d-54d4dc4a824c	3	192199643	193155915	699	-0.0025
4fc3606d-b5d2-4caa-929d-54d4dc4a824c	3	193156018	193165114	22	0.6218
4fc3606d-b5d2-4caa-929d-54d4dc4a824c	3	193168646	194920587	1160	-0.0121
4fc3606d-b5d2-4caa-929d-54d4dc4a824c	3	194920617	194921116	4	-1.1763
4fc3606d-b5d2-4caa-929d-54d4dc4a824c	3	194921751	198169247	1529	-0.0198
4fc3606d-b5d2-4caa-929d-54d4dc4a824c	4	68929	3597723	1439	-0.0028
4fc3606d-b5d2-4caa-929d-54d4dc4a824c	4	3598142	3600457	2	-1.9978
4fc3606d-b5d2-4caa-929d-54d4dc4a824c	4	3607663	10208766	4263	-0.0094
4fc3606d-b5d2-4caa-929d-54d4dc4a824c	4	10212536	10233644	36	-2.0694
4fc3606d-b5d2-4caa-929d-54d4dc4a824c	4	10234518	10391530	173	0.0063
4fc3606d-b5d2-4caa-929d-54d4dc4a824c	4	10396694	10398887	13	0.6292
4fc3606d-b5d2-4caa-929d-54d4dc4a824c	4	10399044	12149839	1471	0.0069
4fc3606d-b5d2-4caa-929d-54d4dc4a824c	4	12152884	12160517	3	-1.0913
4fc3606d-b5d2-4caa-929d-54d4dc4a824c	4	12164300	34777382	15319	-0.0009
4fc3606d-b5d2-4caa-929d-54d4dc4a824c	4	34777403	34823103	41	0.6689
4fc3606d-b5d2-4caa-929d-54d4dc4a824c	4	34828250	45003738	6638	0.0049
4fc3606d-b5d2-4caa-929d-54d4dc4a824c	4	45003835	45008952	5	-1.2653
4fc3606d-b5d2-4caa-929d-54d4dc4a824c	4	45009245	59413101	7374	0.007
4fc3606d-b5d2-4caa-929d-54d4dc4a824c	4	59424971	59427066	2	-1.6638
4fc3606d-b5d2-4caa-929d-54d4dc4a824c	4	59429225	60631418	770	-0.0012
4fc3606d-b5d2-4caa-929d-54d4dc4a824c	4	60635111	60635552	2	-1.4779
4fc3606d-b5d2-4caa-929d-54d4dc4a824c	4	60638258	63825689	1766	0.0076
4fc3606d-b5d2-4caa-929d-54d4dc4a824c	4	63826341	63850713	32	0.3793
4fc3606d-b5d2-4caa-929d-54d4dc4a824c	4	63851308	68468423	2868	0.0067
4fc3606d-b5d2-4caa-929d-54d4dc4a824c	4	68472744	68620261	71	-0.3263
4fc3606d-b5d2-4caa-929d-54d4dc4a824c	4	68623617	69074404	209	-0.0185
4fc3606d-b5d2-4caa-929d-54d4dc4a824c	4	69074510	69074528	2	-1.5107
4fc3606d-b5d2-4caa-929d-54d4dc4a824c	4	69075436	160958866	55499	0.0068
4fc3606d-b5d2-4caa-929d-54d4dc4a824c	4	160958972	160963448	19	-0.8046
4fc3606d-b5d2-4caa-929d-54d4dc4a824c	4	160963756	171448195	6668	0.0087
4fc3606d-b5d2-4caa-929d-54d4dc4a824c	4	171453733	171456307	9	1.4995
4fc3606d-b5d2-4caa-929d-54d4dc4a824c	4	171456559	172066777	400	0.014
4fc3606d-b5d2-4caa-929d-54d4dc4a824c	4	172067997	172068382	12	-1.3761
4fc3606d-b5d2-4caa-929d-54d4dc4a824c	4	172074828	188712294	11308	0.0081
4fc3606d-b5d2-4caa-929d-54d4dc4a824c	4	188715090	188715193	3	-1.4037
4fc3606d-b5d2-4caa-929d-54d4dc4a824c	4	188717327	190106768	777	-0.0174
4fc3606d-b5d2-4caa-929d-54d4dc4a824c	5	15532	685633	306	-0.0371
4fc3606d-b5d2-4caa-929d-54d4dc4a824c	5	698256	808932	32	-0.3764
4fc3606d-b5d2-4caa-929d-54d4dc4a824c	5	817735	17342373	12934	0.0032
4fc3606d-b5d2-4caa-929d-54d4dc4a824c	5	17344127	17356130	7	-1.1955
4fc3606d-b5d2-4caa-929d-54d4dc4a824c	5	17358160	17625524	113	0.0412
4fc3606d-b5d2-4caa-929d-54d4dc4a824c	5	17629411	17642442	8	-1.2052
4fc3606d-b5d2-4caa-929d-54d4dc4a824c	5	17655029	17670916	8	-0.4531
4fc3606d-b5d2-4caa-929d-54d4dc4a824c	5	17671938	26789387	5451	0.0088
4fc3606d-b5d2-4caa-929d-54d4dc4a824c	5	26797651	26797735	2	-2.2111
4fc3606d-b5d2-4caa-929d-54d4dc4a824c	5	26803775	40963060	9283	0.0092
4fc3606d-b5d2-4caa-929d-54d4dc4a824c	5	40963768	40964493	3	-1.2913
4fc3606d-b5d2-4caa-929d-54d4dc4a824c	5	40964750	70959079	14966	0.0091
4fc3606d-b5d2-4caa-929d-54d4dc4a824c	5	71010832	71095426	8	0.8668
4fc3606d-b5d2-4caa-929d-54d4dc4a824c	5	71358245	78812085	4939	0.0084
4fc3606d-b5d2-4caa-929d-54d4dc4a824c	5	78814168	78815348	3	-1.7579
4fc3606d-b5d2-4caa-929d-54d4dc4a824c	5	78819688	152134610	45371	0.0065
4fc3606d-b5d2-4caa-929d-54d4dc4a824c	5	152135825	152136330	8	-1.1329
4fc3606d-b5d2-4caa-929d-54d4dc4a824c	5	152137227	159305764	4914	0.011
4fc3606d-b5d2-4caa-929d-54d4dc4a824c	5	159307077	159307205	2	1.4478
4fc3606d-b5d2-4caa-929d-54d4dc4a824c	5	159308925	163431168	2679	0.0112
4fc3606d-b5d2-4caa-929d-54d4dc4a824c	5	163435178	163435536	2	-2.7918
4fc3606d-b5d2-4caa-929d-54d4dc4a824c	5	163439542	177770954	9892	0.0103
4fc3606d-b5d2-4caa-929d-54d4dc4a824c	5	177771448	177805604	4	3.0602
4fc3606d-b5d2-4caa-929d-54d4dc4a824c	5	177827964	177963074	22	0.1291
4fc3606d-b5d2-4caa-929d-54d4dc4a824c	5	177963270	177973247	6	-1.0331
4fc3606d-b5d2-4caa-929d-54d4dc4a824c	5	177973282	178680821	419	0.0105
4fc3606d-b5d2-4caa-929d-54d4dc4a824c	5	178682974	178685260	2	-2.5064
4fc3606d-b5d2-4caa-929d-54d4dc4a824c	5	178686162	180947523	1347	0.0146
4fc3606d-b5d2-4caa-929d-54d4dc4a824c	5	180951710	180972373	7	-3.2417
4fc3606d-b5d2-4caa-929d-54d4dc4a824c	5	180975764	180991103	12	-1.6136
4fc3606d-b5d2-4caa-929d-54d4dc4a824c	5	181006225	181363319	170	0.0381
4fc3606d-b5d2-4caa-929d-54d4dc4a824c	6	149661	26747504	20246	0.0022
4fc3606d-b5d2-4caa-929d-54d4dc4a824c	6	26749330	26831719	4	-1.3105
4fc3606d-b5d2-4caa-929d-54d4dc4a824c	6	26831866	29869295	1415	0.0157
4fc3606d-b5d2-4caa-929d-54d4dc4a824c	6	29869410	29931900	32	0.3917
4fc3606d-b5d2-4caa-929d-54d4dc4a824c	6	29933787	29933799	4	1.4811
4fc3606d-b5d2-4caa-929d-54d4dc4a824c	6	29940692	40396586	6172	0.0053
4fc3606d-b5d2-4caa-929d-54d4dc4a824c	6	40397862	40401554	6	-1.1293
4fc3606d-b5d2-4caa-929d-54d4dc4a824c	6	40402760	47595615	4603	0.0002
4fc3606d-b5d2-4caa-929d-54d4dc4a824c	6	47596323	47601821	4	-0.9541
4fc3606d-b5d2-4caa-929d-54d4dc4a824c	6	47601940	52751631	3148	0.005
4fc3606d-b5d2-4caa-929d-54d4dc4a824c	6	52754436	52792463	35	0.3511
4fc3606d-b5d2-4caa-929d-54d4dc4a824c	6	52792523	54066477	956	0.0106
4fc3606d-b5d2-4caa-929d-54d4dc4a824c	6	54066582	54067057	4	-1.9654
4fc3606d-b5d2-4caa-929d-54d4dc4a824c	6	54070550	54980887	604	-0.0036
4fc3606d-b5d2-4caa-929d-54d4dc4a824c	6	54983657	54985341	4	-1.0886
4fc3606d-b5d2-4caa-929d-54d4dc4a824c	6	54987314	58096364	1469	-0.0074
4fc3606d-b5d2-4caa-929d-54d4dc4a824c	6	58099774	58100791	4	-1.3273
4fc3606d-b5d2-4caa-929d-54d4dc4a824c	6	58106296	65373660	2633	0.0021
4fc3606d-b5d2-4caa-929d-54d4dc4a824c	6	65374753	65378791	3	-1.4949
4fc3606d-b5d2-4caa-929d-54d4dc4a824c	6	65381358	73882142	5675	0.0067
4fc3606d-b5d2-4caa-929d-54d4dc4a824c	6	73882509	73887625	9	0.8848
4fc3606d-b5d2-4caa-929d-54d4dc4a824c	6	73891694	76726815	1771	-0.0026
4fc3606d-b5d2-4caa-929d-54d4dc4a824c	6	76730151	76742956	19	-0.8502
4fc3606d-b5d2-4caa-929d-54d4dc4a824c	6	76742972	77123159	258	-0.001
4fc3606d-b5d2-4caa-929d-54d4dc4a824c	6	77124206	77130159	2	1.2647
4fc3606d-b5d2-4caa-929d-54d4dc4a824c	6	77131399	78253172	719	-0.0157
4fc3606d-b5d2-4caa-929d-54d4dc4a824c	6	78259348	78329517	114	0.2185
4fc3606d-b5d2-4caa-929d-54d4dc4a824c	6	78331916	78661494	231	-0.0057
4fc3606d-b5d2-4caa-929d-54d4dc4a824c	6	78664338	78665008	2	-1.3776
4fc3606d-b5d2-4caa-929d-54d4dc4a824c	6	78665459	103286954	15248	0.0049
4fc3606d-b5d2-4caa-929d-54d4dc4a824c	6	103290101	103314186	46	0.7753
4fc3606d-b5d2-4caa-929d-54d4dc4a824c	6	103317795	123909699	12502	0.0108
4fc3606d-b5d2-4caa-929d-54d4dc4a824c	6	123909907	123915173	10	-0.824
4fc3606d-b5d2-4caa-929d-54d4dc4a824c	6	123915590	134375877	6856	0.0067
4fc3606d-b5d2-4caa-929d-54d4dc4a824c	6	134376239	134376302	2	-1.3636
4fc3606d-b5d2-4caa-929d-54d4dc4a824c	6	134376858	151790611	11456	0.0092
4fc3606d-b5d2-4caa-929d-54d4dc4a824c	6	151792057	151794884	2	1.4368
4fc3606d-b5d2-4caa-929d-54d4dc4a824c	6	151795520	168419120	11848	0.0047
4fc3606d-b5d2-4caa-929d-54d4dc4a824c	6	168419365	168423000	2	-1.6048
4fc3606d-b5d2-4caa-929d-54d4dc4a824c	6	168425625	170741917	1516	-0.0168
4fc3606d-b5d2-4caa-929d-54d4dc4a824c	7	43355	49083070	34617	0.0069
4fc3606d-b5d2-4caa-929d-54d4dc4a824c	7	49085890	49086317	3	-1.3848
4fc3606d-b5d2-4caa-929d-54d4dc4a824c	7	49091839	54318812	3883	-0.0037
4fc3606d-b5d2-4caa-929d-54d4dc4a824c	7	54318816	54318824	5	-2.4403
4fc3606d-b5d2-4caa-929d-54d4dc4a824c	7	54325795	97772620	21839	0.0024
4fc3606d-b5d2-4caa-929d-54d4dc4a824c	7	97772647	97773163	7	-0.8784
4fc3606d-b5d2-4caa-929d-54d4dc4a824c	7	97774928	109793728	6603	0.0078
4fc3606d-b5d2-4caa-929d-54d4dc4a824c	7	109793741	109813853	36	0.4707
4fc3606d-b5d2-4caa-929d-54d4dc4a824c	7	109813925	122093330	7402	0.0061
4fc3606d-b5d2-4caa-929d-54d4dc4a824c	7	122094880	122160338	31	-1.1891
4fc3606d-b5d2-4caa-929d-54d4dc4a824c	7	122163643	126406489	2608	-0.0056
4fc3606d-b5d2-4caa-929d-54d4dc4a824c	7	126406546	126406826	7	0.8041
4fc3606d-b5d2-4caa-929d-54d4dc4a824c	7	126406827	127994228	1068	0.0001
4fc3606d-b5d2-4caa-929d-54d4dc4a824c	7	127998333	128001490	7	-1.3302
4fc3606d-b5d2-4caa-929d-54d4dc4a824c	7	128004159	159324925	19739	0.0002
4fc3606d-b5d2-4caa-929d-54d4dc4a824c	7	159324952	159334314	13	-1.1397
4fc3606d-b5d2-4caa-929d-54d4dc4a824c	8	81254	2846011	2041	0.0023
4fc3606d-b5d2-4caa-929d-54d4dc4a824c	8	2846043	2846377	6	1.0598
4fc3606d-b5d2-4caa-929d-54d4dc4a824c	8	2849649	3919342	1303	0.0076
4fc3606d-b5d2-4caa-929d-54d4dc4a824c	8	3926665	3932584	25	-0.9545
4fc3606d-b5d2-4caa-929d-54d4dc4a824c	8	3933696	5716836	2594	0.0035
4fc3606d-b5d2-4caa-929d-54d4dc4a824c	8	5718947	5719222	6	-0.9784
4fc3606d-b5d2-4caa-929d-54d4dc4a824c	8	5721181	7358233	1763	0.0112
4fc3606d-b5d2-4caa-929d-54d4dc4a824c	8	7358321	8139659	57	0.5936
4fc3606d-b5d2-4caa-929d-54d4dc4a824c	8	8196822	25122039	13700	0.0077
4fc3606d-b5d2-4caa-929d-54d4dc4a824c	8	25122389	25122472	7	-2.1675
4fc3606d-b5d2-4caa-929d-54d4dc4a824c	8	25126554	39373140	9027	0.0103
4fc3606d-b5d2-4caa-929d-54d4dc4a824c	8	39378084	39529446	59	-2.57
4fc3606d-b5d2-4caa-929d-54d4dc4a824c	8	39530780	57850330	9669	-0.0033
4fc3606d-b5d2-4caa-929d-54d4dc4a824c	8	57850434	57850495	3	-1.3187
4fc3606d-b5d2-4caa-929d-54d4dc4a824c	8	57858719	93883526	21623	0.0022
4fc3606d-b5d2-4caa-929d-54d4dc4a824c	8	93886259	93889467	3	-1.4637
4fc3606d-b5d2-4caa-929d-54d4dc4a824c	8	93892097	145072769	33663	-0.0021
4fc3606d-b5d2-4caa-929d-54d4dc4a824c	9	46587	2147099	2315	0.0236
4fc3606d-b5d2-4caa-929d-54d4dc4a824c	9	2148837	2150662	6	-1.2913
4fc3606d-b5d2-4caa-929d-54d4dc4a824c	9	2152115	6695986	4055	0.0183
4fc3606d-b5d2-4caa-929d-54d4dc4a824c	9	6701145	6708357	7	-0.8593
4fc3606d-b5d2-4caa-929d-54d4dc4a824c	9	6712314	7333847	651	0.0171
4fc3606d-b5d2-4caa-929d-54d4dc4a824c	9	7333909	7334464	3	1.0805
4fc3606d-b5d2-4caa-929d-54d4dc4a824c	9	7335086	8185403	855	0.0221
4fc3606d-b5d2-4caa-929d-54d4dc4a824c	9	8187876	8189810	3	-1.5063
4fc3606d-b5d2-4caa-929d-54d4dc4a824c	9	8190651	28044706	16090	0.0022
4fc3606d-b5d2-4caa-929d-54d4dc4a824c	9	28047590	28050693	5	-1.322
4fc3606d-b5d2-4caa-929d-54d4dc4a824c	9	28055605	39588611	7204	0.0047
4fc3606d-b5d2-4caa-929d-54d4dc4a824c	9	39747848	39840169	5	1.25
4fc3606d-b5d2-4caa-929d-54d4dc4a824c	9	40018947	41741096	99	0.1115
4fc3606d-b5d2-4caa-929d-54d4dc4a824c	9	41741113	42585140	40	-0.6844
4fc3606d-b5d2-4caa-929d-54d4dc4a824c	9	42697878	42729302	14	0.5956
4fc3606d-b5d2-4caa-929d-54d4dc4a824c	9	42736668	61405110	40	0.0499
4fc3606d-b5d2-4caa-929d-54d4dc4a824c	9	61520021	61647899	30	0.8947
4fc3606d-b5d2-4caa-929d-54d4dc4a824c	9	61665362	68412579	187	0.1622
4fc3606d-b5d2-4caa-929d-54d4dc4a824c	9	68420536	76127781	5563	0.0118
4fc3606d-b5d2-4caa-929d-54d4dc4a824c	9	76127833	76127850	2	-1.4242
4fc3606d-b5d2-4caa-929d-54d4dc4a824c	9	76127865	87899200	8631	0.0039
4fc3606d-b5d2-4caa-929d-54d4dc4a824c	9	87907679	87939304	3	1.2404
4fc3606d-b5d2-4caa-929d-54d4dc4a824c	9	87943042	103481419	10364	0.0003
4fc3606d-b5d2-4caa-929d-54d4dc4a824c	9	103481784	103485891	3	-1.6258
4fc3606d-b5d2-4caa-929d-54d4dc4a824c	9	103485917	133902372	21418	0.0062
4fc3606d-b5d2-4caa-929d-54d4dc4a824c	9	133904319	133923417	11	-0.5796
4fc3606d-b5d2-4caa-929d-54d4dc4a824c	9	133925887	137358495	1518	-0.0194
4fc3606d-b5d2-4caa-929d-54d4dc4a824c	9	137361190	137361381	3	-1.1575
4fc3606d-b5d2-4caa-929d-54d4dc4a824c	9	137378551	138200944	407	0.0028
4fc3606d-b5d2-4caa-929d-54d4dc4a824c	10	45792	2030221	1464	-0.0023
4fc3606d-b5d2-4caa-929d-54d4dc4a824c	10	2030387	2031213	4	-1.1412
4fc3606d-b5d2-4caa-929d-54d4dc4a824c	10	2031517	4197915	2060	0.0038
4fc3606d-b5d2-4caa-929d-54d4dc4a824c	10	4198530	4199380	4	-1.6015
4fc3606d-b5d2-4caa-929d-54d4dc4a824c	10	4201806	4244878	45	0.0412
4fc3606d-b5d2-4caa-929d-54d4dc4a824c	10	4248622	4248732	3	1.76
4fc3606d-b5d2-4caa-929d-54d4dc4a824c	10	4248824	27298602	17829	0.0065
4fc3606d-b5d2-4caa-929d-54d4dc4a824c	10	27304498	27308509	2	-1.8676
4fc3606d-b5d2-4caa-929d-54d4dc4a824c	10	27318256	65546518	23032	0.0056
4fc3606d-b5d2-4caa-929d-54d4dc4a824c	10	65548165	65548951	7	-1.0508
4fc3606d-b5d2-4caa-929d-54d4dc4a824c	10	65548979	65554688	21	-2.3106
4fc3606d-b5d2-4caa-929d-54d4dc4a824c	10	65563037	79491575	9225	0.005
4fc3606d-b5d2-4caa-929d-54d4dc4a824c	10	79523511	79533859	2	-1.627
4fc3606d-b5d2-4caa-929d-54d4dc4a824c	10	79576939	80022095	121	-0.058
4fc3606d-b5d2-4caa-929d-54d4dc4a824c	10	80026241	80030897	6	-1.4726
4fc3606d-b5d2-4caa-929d-54d4dc4a824c	10	80033338	122574497	28982	0.0061
4fc3606d-b5d2-4caa-929d-54d4dc4a824c	10	122584593	122591497	6	-1.1706
4fc3606d-b5d2-4caa-929d-54d4dc4a824c	10	122597296	133654968	7905	0.0058
4fc3606d-b5d2-4caa-929d-54d4dc4a824c	11	198510	1626349	486	-0.0105
4fc3606d-b5d2-4caa-929d-54d4dc4a824c	11	1627184	1632338	7	-1.507
4fc3606d-b5d2-4caa-929d-54d4dc4a824c	11	1633335	4274526	1259	-0.0041
4fc3606d-b5d2-4caa-929d-54d4dc4a824c	11	4280126	4280161	4	-1.2285
4fc3606d-b5d2-4caa-929d-54d4dc4a824c	11	4286190	4946420	663	0.0257
4fc3606d-b5d2-4caa-929d-54d4dc4a824c	11	4947280	4955042	30	0.681
4fc3606d-b5d2-4caa-929d-54d4dc4a824c	11	4955781	5768639	791	-0.009
4fc3606d-b5d2-4caa-929d-54d4dc4a824c	11	5769582	5788231	28	0.3485
4fc3606d-b5d2-4caa-929d-54d4dc4a824c	11	5791130	18919323	9411	0.0059
4fc3606d-b5d2-4caa-929d-54d4dc4a824c	11	18927525	18939631	35	-0.3919
4fc3606d-b5d2-4caa-929d-54d4dc4a824c	11	18939734	49737435	21056	0.0067
4fc3606d-b5d2-4caa-929d-54d4dc4a824c	11	49738003	49739136	6	-1.2622
4fc3606d-b5d2-4caa-929d-54d4dc4a824c	11	49744609	55606572	725	-0.0241
4fc3606d-b5d2-4caa-929d-54d4dc4a824c	11	55606712	55685533	57	-0.4822
4fc3606d-b5d2-4caa-929d-54d4dc4a824c	11	55686100	107367930	32377	0.0064
4fc3606d-b5d2-4caa-929d-54d4dc4a824c	11	107367945	107368205	5	-1.0467
4fc3606d-b5d2-4caa-929d-54d4dc4a824c	11	107368402	127919009	14396	0.0018
4fc3606d-b5d2-4caa-929d-54d4dc4a824c	11	127920860	127921067	3	-2.0677
4fc3606d-b5d2-4caa-929d-54d4dc4a824c	11	127922395	131556517	2786	0.0106
4fc3606d-b5d2-4caa-929d-54d4dc4a824c	11	131556906	131556971	2	1.2903
4fc3606d-b5d2-4caa-929d-54d4dc4a824c	11	131557143	135074876	2747	0.0077
4fc3606d-b5d2-4caa-929d-54d4dc4a824c	12	51460	8204911	5541	0.0006
4fc3606d-b5d2-4caa-929d-54d4dc4a824c	12	8209454	8220161	9	0.761
4fc3606d-b5d2-4caa-929d-54d4dc4a824c	12	8241232	9477960	627	0.01
4fc3606d-b5d2-4caa-929d-54d4dc4a824c	12	9481274	9582374	26	1.0232
4fc3606d-b5d2-4caa-929d-54d4dc4a824c	12	9583090	11358644	1178	-0.0096
4fc3606d-b5d2-4caa-929d-54d4dc4a824c	12	11359558	11399258	30	0.795
4fc3606d-b5d2-4caa-929d-54d4dc4a824c	12	11399668	33141710	15382	0.0108
4fc3606d-b5d2-4caa-929d-54d4dc4a824c	12	33141726	33154440	28	0.3887
4fc3606d-b5d2-4caa-929d-54d4dc4a824c	12	33155426	37593924	829	0.0076
4fc3606d-b5d2-4caa-929d-54d4dc4a824c	12	37618765	37620216	2	-2.1227
4fc3606d-b5d2-4caa-929d-54d4dc4a824c	12	37640556	43530675	3598	0.0091
4fc3606d-b5d2-4caa-929d-54d4dc4a824c	12	43532310	43532329	2	-1.2803
4fc3606d-b5d2-4caa-929d-54d4dc4a824c	12	43534681	45510655	1162	0.0075
4fc3606d-b5d2-4caa-929d-54d4dc4a824c	12	45512057	45515754	3	-1.6377
4fc3606d-b5d2-4caa-929d-54d4dc4a824c	12	45519509	56083705	6021	0.0087
4fc3606d-b5d2-4caa-929d-54d4dc4a824c	12	56084552	56084625	5	1.0358
4fc3606d-b5d2-4caa-929d-54d4dc4a824c	12	56087291	128744341	47366	0.0057
4fc3606d-b5d2-4caa-929d-54d4dc4a824c	12	128745968	128747752	6	-1.0406
4fc3606d-b5d2-4caa-929d-54d4dc4a824c	12	128748000	131636170	2494	0.0069
4fc3606d-b5d2-4caa-929d-54d4dc4a824c	12	131648039	131658450	15	-0.4889
4fc3606d-b5d2-4caa-929d-54d4dc4a824c	12	131658829	133201603	557	0.0023
4fc3606d-b5d2-4caa-929d-54d4dc4a824c	13	18452809	31958485	9571	0.0071
4fc3606d-b5d2-4caa-929d-54d4dc4a824c	13	31958590	31964286	17	-1.1772
4fc3606d-b5d2-4caa-929d-54d4dc4a824c	13	31965910	37496998	3902	0.002
4fc3606d-b5d2-4caa-929d-54d4dc4a824c	13	37497899	37510620	16	-2.6642
4fc3606d-b5d2-4caa-929d-54d4dc4a824c	13	37514193	38478674	701	0.0137
4fc3606d-b5d2-4caa-929d-54d4dc4a824c	13	38483435	38483919	2	-3.0824
4fc3606d-b5d2-4caa-929d-54d4dc4a824c	13	38490920	114342922	49972	0.0021
4fc3606d-b5d2-4caa-929d-54d4dc4a824c	14	18239283	19215688	42	0.0158
4fc3606d-b5d2-4caa-929d-54d4dc4a824c	14	19256296	19951100	121	-0.5267
4fc3606d-b5d2-4caa-929d-54d4dc4a824c	14	19951992	73529070	34096	0.0082
4fc3606d-b5d2-4caa-929d-54d4dc4a824c	14	73534419	73554275	9	0.9616
4fc3606d-b5d2-4caa-929d-54d4dc4a824c	14	73563196	85098746	7601	0.0097
4fc3606d-b5d2-4caa-929d-54d4dc4a824c	14	85098811	85098951	3	-1.2317
4fc3606d-b5d2-4caa-929d-54d4dc4a824c	14	85099082	106258891	13251	0.01
4fc3606d-b5d2-4caa-929d-54d4dc4a824c	14	106260759	106266923	7	-1.1727
4fc3606d-b5d2-4caa-929d-54d4dc4a824c	14	106271566	106877229	308	0.0168
4fc3606d-b5d2-4caa-929d-54d4dc4a824c	15	19811075	20406116	123	0.071
4fc3606d-b5d2-4caa-929d-54d4dc4a824c	15	20406256	22294951	80	0.3986
4fc3606d-b5d2-4caa-929d-54d4dc4a824c	15	22296480	30252720	4638	-0.0042
4fc3606d-b5d2-4caa-929d-54d4dc4a824c	15	30253290	30297594	9	-0.9936
4fc3606d-b5d2-4caa-929d-54d4dc4a824c	15	30300815	30503586	13	0.1819
4fc3606d-b5d2-4caa-929d-54d4dc4a824c	15	30515739	30595753	2	-1.6088
4fc3606d-b5d2-4caa-929d-54d4dc4a824c	15	30608675	34430601	2566	0.0107
4fc3606d-b5d2-4caa-929d-54d4dc4a824c	15	34431231	34434988	4	-1.1433
4fc3606d-b5d2-4caa-929d-54d4dc4a824c	15	34435421	37815207	2347	0.0103
4fc3606d-b5d2-4caa-929d-54d4dc4a824c	15	37816448	37817575	2	-1.5418
4fc3606d-b5d2-4caa-929d-54d4dc4a824c	15	37819527	40556152	1927	0.0126
4fc3606d-b5d2-4caa-929d-54d4dc4a824c	15	40557499	40557629	2	-1.3741
4fc3606d-b5d2-4caa-929d-54d4dc4a824c	15	40559556	53492956	7406	0.011
4fc3606d-b5d2-4caa-929d-54d4dc4a824c	15	53492997	53493082	3	-1.5044
4fc3606d-b5d2-4caa-929d-54d4dc4a824c	15	53498050	71375388	12087	0.0085
4fc3606d-b5d2-4caa-929d-54d4dc4a824c	15	71375801	71375895	2	-1.5632
4fc3606d-b5d2-4caa-929d-54d4dc4a824c	15	71376173	76599170	2721	0.0142
4fc3606d-b5d2-4caa-929d-54d4dc4a824c	15	76599286	76602857	12	-2.4913
4fc3606d-b5d2-4caa-929d-54d4dc4a824c	15	76603003	76603434	8	-0.7274
4fc3606d-b5d2-4caa-929d-54d4dc4a824c	15	76609838	81796730	3318	0.0051
4fc3606d-b5d2-4caa-929d-54d4dc4a824c	15	81796850	81796869	2	-2.3789
4fc3606d-b5d2-4caa-929d-54d4dc4a824c	15	81804153	93591861	8099	0.0101
4fc3606d-b5d2-4caa-929d-54d4dc4a824c	15	93598378	93621088	28	-1.3228
4fc3606d-b5d2-4caa-929d-54d4dc4a824c	15	93625577	101928837	6173	0.0087
4fc3606d-b5d2-4caa-929d-54d4dc4a824c	16	10777	70105639	35722	0.0117
4fc3606d-b5d2-4caa-929d-54d4dc4a824c	16	70117657	70200633	18	0.9064
4fc3606d-b5d2-4caa-929d-54d4dc4a824c	16	70212022	74350360	2295	0.005
4fc3606d-b5d2-4caa-929d-54d4dc4a824c	16	74363160	74373481	7	0.725
4fc3606d-b5d2-4caa-929d-54d4dc4a824c	16	74418138	78339440	3212	0.01
4fc3606d-b5d2-4caa-929d-54d4dc4a824c	16	78339867	78339920	2	1.9198
4fc3606d-b5d2-4caa-929d-54d4dc4a824c	16	78342480	89895549	10516	0.0039
4fc3606d-b5d2-4caa-929d-54d4dc4a824c	16	89895562	89962800	28	-0.3671
4fc3606d-b5d2-4caa-929d-54d4dc4a824c	16	89965824	90096867	89	0.0579
4fc3606d-b5d2-4caa-929d-54d4dc4a824c	17	150733	18452078	11398	0.0046
4fc3606d-b5d2-4caa-929d-54d4dc4a824c	17	18455632	18509244	16	0.5792
4fc3606d-b5d2-4caa-929d-54d4dc4a824c	17	18523147	41266774	9412	0.0125
4fc3606d-b5d2-4caa-929d-54d4dc4a824c	17	41266805	41274279	22	0.5727
4fc3606d-b5d2-4caa-929d-54d4dc4a824c	17	41276472	46085231	2499	0.0217
4fc3606d-b5d2-4caa-929d-54d4dc4a824c	17	46085732	46286804	125	-0.2875
4fc3606d-b5d2-4caa-929d-54d4dc4a824c	17	46323701	79367431	19957	0.0059
4fc3606d-b5d2-4caa-929d-54d4dc4a824c	17	79369452	79404541	20	0.7578
4fc3606d-b5d2-4caa-929d-54d4dc4a824c	17	79405969	83091923	1599	-0.0113
4fc3606d-b5d2-4caa-929d-54d4dc4a824c	18	48133	1723387	1174	-0.0024
4fc3606d-b5d2-4caa-929d-54d4dc4a824c	18	1725757	1838111	91	-1.1644
4fc3606d-b5d2-4caa-929d-54d4dc4a824c	18	1841468	40678763	21537	0.0061
4fc3606d-b5d2-4caa-929d-54d4dc4a824c	18	40680456	40685425	19	0.4906
4fc3606d-b5d2-4caa-929d-54d4dc4a824c	18	40688060	53740491	8976	0.0031
4fc3606d-b5d2-4caa-929d-54d4dc4a824c	18	53740727	53741022	6	0.8512
4fc3606d-b5d2-4caa-929d-54d4dc4a824c	18	53741814	62642802	6087	0.0038
4fc3606d-b5d2-4caa-929d-54d4dc4a824c	18	62644898	62645005	2	-1.4718
4fc3606d-b5d2-4caa-929d-54d4dc4a824c	18	62649177	80257174	12875	0.0028
4fc3606d-b5d2-4caa-929d-54d4dc4a824c	19	90910	36267995	17168	0.0008
4fc3606d-b5d2-4caa-929d-54d4dc4a824c	19	36314803	36316398	3	-2.004
4fc3606d-b5d2-4caa-929d-54d4dc4a824c	19	36334346	43025248	3357	0.0131
4fc3606d-b5d2-4caa-929d-54d4dc4a824c	19	43026206	43099219	27	0.6717
4fc3606d-b5d2-4caa-929d-54d4dc4a824c	19	43103053	45330543	1284	0.0263
4fc3606d-b5d2-4caa-929d-54d4dc4a824c	19	45347447	45400216	25	0.7444
4fc3606d-b5d2-4caa-929d-54d4dc4a824c	19	45407710	47965532	1077	-0.0067
4fc3606d-b5d2-4caa-929d-54d4dc4a824c	19	47965698	47965928	4	-1.274
4fc3606d-b5d2-4caa-929d-54d4dc4a824c	19	47966522	51639677	1832	0.0017
4fc3606d-b5d2-4caa-929d-54d4dc4a824c	19	51641117	51644944	8	-0.9851
4fc3606d-b5d2-4caa-929d-54d4dc4a824c	19	51651652	54801157	2029	0.0184
4fc3606d-b5d2-4caa-929d-54d4dc4a824c	19	54801545	54802362	2	-2.0415
4fc3606d-b5d2-4caa-929d-54d4dc4a824c	19	54802832	55766684	462	0.0153
4fc3606d-b5d2-4caa-929d-54d4dc4a824c	19	55770704	55771701	5	-1.0301
4fc3606d-b5d2-4caa-929d-54d4dc4a824c	19	55774927	57489792	1222	0.016
4fc3606d-b5d2-4caa-929d-54d4dc4a824c	19	57490051	57490311	5	-1.5417
4fc3606d-b5d2-4caa-929d-54d4dc4a824c	19	57490557	57492505	9	-0.4391
4fc3606d-b5d2-4caa-929d-54d4dc4a824c	19	57494871	57497529	6	-1.1802
4fc3606d-b5d2-4caa-929d-54d4dc4a824c	19	57504613	58429053	542	0.033
4fc3606d-b5d2-4caa-929d-54d4dc4a824c	19	58429147	58433008	3	-1.2325
4fc3606d-b5d2-4caa-929d-54d4dc4a824c	19	58434689	58586487	52	0.1311
4fc3606d-b5d2-4caa-929d-54d4dc4a824c	20	80664	1580353	1204	0.0109
4fc3606d-b5d2-4caa-929d-54d4dc4a824c	20	1580934	1601561	36	-0.5567
4fc3606d-b5d2-4caa-929d-54d4dc4a824c	20	1609611	1613247	5	-1.9354
4fc3606d-b5d2-4caa-929d-54d4dc4a824c	20	1617300	61973114	40174	-0.0009
4fc3606d-b5d2-4caa-929d-54d4dc4a824c	20	61983972	61984028	3	1.3655
4fc3606d-b5d2-4caa-929d-54d4dc4a824c	20	61992694	64324800	976	-0.011
4fc3606d-b5d2-4caa-929d-54d4dc4a824c	21	10354168	10578371	57	0.0824
4fc3606d-b5d2-4caa-929d-54d4dc4a824c	21	10579237	10756733	29	0.5023
4fc3606d-b5d2-4caa-929d-54d4dc4a824c	21	10775586	46677045	23787	0.0082
4fc3606d-b5d2-4caa-929d-54d4dc4a824c	22	15294547	25430519	5371	0.0177
4fc3606d-b5d2-4caa-929d-54d4dc4a824c	22	25439231	25439490	2	-1.6289
4fc3606d-b5d2-4caa-929d-54d4dc4a824c	22	25440170	33777419	6274	-0.0012
4fc3606d-b5d2-4caa-929d-54d4dc4a824c	22	33778960	33778975	2	-3.0652
4fc3606d-b5d2-4caa-929d-54d4dc4a824c	22	33778986	44737460	7161	-0.0001
4fc3606d-b5d2-4caa-929d-54d4dc4a824c	22	44739926	44740755	3	-1.3549
4fc3606d-b5d2-4caa-929d-54d4dc4a824c	22	44741026	50796027	4470	-0.0033
4fc3606d-b5d2-4caa-929d-54d4dc4a824c	X	251810	155952689	83679	0.0042
4fc3606d-b5d2-4caa-929d-54d4dc4a824c	Y	2782397	56872112	6628	-0.8226
