GDC_Aliquot	Chromosome	Start	End	Num_Probes	Segment_Mean
e6d40df2-a74c-4a7e-903a-fdcb488457af	1	3301765	9033750	3560	0.2005
e6d40df2-a74c-4a7e-903a-fdcb488457af	1	9034439	9190932	85	-0.5231
e6d40df2-a74c-4a7e-903a-fdcb488457af	1	9193127	21135060	6478	0.1985
e6d40df2-a74c-4a7e-903a-fdcb488457af	1	21135560	21216966	30	0.6363
e6d40df2-a74c-4a7e-903a-fdcb488457af	1	21218108	42802313	11146	0.1976
e6d40df2-a74c-4a7e-903a-fdcb488457af	1	42804224	43088980	204	1.4432
e6d40df2-a74c-4a7e-903a-fdcb488457af	1	43093757	52878277	4856	0.1819
e6d40df2-a74c-4a7e-903a-fdcb488457af	1	52879235	53134678	170	0.6381
e6d40df2-a74c-4a7e-903a-fdcb488457af	1	53140212	53273344	97	0.1706
e6d40df2-a74c-4a7e-903a-fdcb488457af	1	53279206	53599850	249	0.6582
e6d40df2-a74c-4a7e-903a-fdcb488457af	1	53600534	59433000	4351	0.1856
e6d40df2-a74c-4a7e-903a-fdcb488457af	1	59444878	59479011	29	-0.5383
e6d40df2-a74c-4a7e-903a-fdcb488457af	1	59486033	80141192	12798	0.2051
e6d40df2-a74c-4a7e-903a-fdcb488457af	1	80141216	82200281	1265	0.2659
e6d40df2-a74c-4a7e-903a-fdcb488457af	1	82201185	88793375	4346	0.1989
e6d40df2-a74c-4a7e-903a-fdcb488457af	1	88794408	90429724	984	0.6457
e6d40df2-a74c-4a7e-903a-fdcb488457af	1	90432644	96041174	3402	0.2163
e6d40df2-a74c-4a7e-903a-fdcb488457af	1	96048293	96063021	11	-0.369
e6d40df2-a74c-4a7e-903a-fdcb488457af	1	96065188	106228581	5580	0.2093
e6d40df2-a74c-4a7e-903a-fdcb488457af	1	106230113	106236421	12	-0.4341
e6d40df2-a74c-4a7e-903a-fdcb488457af	1	106236645	113902991	4656	0.1998
e6d40df2-a74c-4a7e-903a-fdcb488457af	1	113904412	114536676	418	0.6521
e6d40df2-a74c-4a7e-903a-fdcb488457af	1	114542682	153437646	5157	0.2172
e6d40df2-a74c-4a7e-903a-fdcb488457af	1	153438774	153600969	74	0.7213
e6d40df2-a74c-4a7e-903a-fdcb488457af	1	153601557	158679547	2694	0.2039
e6d40df2-a74c-4a7e-903a-fdcb488457af	1	158679639	158679663	2	-1.1178
e6d40df2-a74c-4a7e-903a-fdcb488457af	1	158679674	165408924	4643	0.2062
e6d40df2-a74c-4a7e-903a-fdcb488457af	1	165409994	165506445	131	0.6972
e6d40df2-a74c-4a7e-903a-fdcb488457af	1	165510467	170343533	3618	0.2111
e6d40df2-a74c-4a7e-903a-fdcb488457af	1	170345940	170680851	193	-0.4802
e6d40df2-a74c-4a7e-903a-fdcb488457af	1	170683293	203389048	19846	0.2165
e6d40df2-a74c-4a7e-903a-fdcb488457af	1	203392045	203685267	175	0.6855
e6d40df2-a74c-4a7e-903a-fdcb488457af	1	203686142	206725707	1855	0.2332
e6d40df2-a74c-4a7e-903a-fdcb488457af	1	206726902	210906583	3123	-0.5281
e6d40df2-a74c-4a7e-903a-fdcb488457af	1	210907596	210908061	3	-3.0981
e6d40df2-a74c-4a7e-903a-fdcb488457af	1	210908549	219783892	5971	-0.4908
e6d40df2-a74c-4a7e-903a-fdcb488457af	1	219786407	224613811	2940	0.2112
e6d40df2-a74c-4a7e-903a-fdcb488457af	1	224614250	226465137	986	0.6854
e6d40df2-a74c-4a7e-903a-fdcb488457af	1	226465622	227467521	663	0.2365
e6d40df2-a74c-4a7e-903a-fdcb488457af	1	227480035	233781287	4114	-0.4808
e6d40df2-a74c-4a7e-903a-fdcb488457af	1	233784012	233784719	2	-2.9747
e6d40df2-a74c-4a7e-903a-fdcb488457af	1	233785067	238049146	3016	-0.5044
e6d40df2-a74c-4a7e-903a-fdcb488457af	1	238049405	240610896	2012	-0.4404
e6d40df2-a74c-4a7e-903a-fdcb488457af	1	240614880	246026700	3390	-0.4986
e6d40df2-a74c-4a7e-903a-fdcb488457af	1	246435044	247650984	436	0.222
e6d40df2-a74c-4a7e-903a-fdcb488457af	2	480597	2909926	936	0.5382
e6d40df2-a74c-4a7e-903a-fdcb488457af	2	2910520	3633276	357	-0.0068
e6d40df2-a74c-4a7e-903a-fdcb488457af	2	3634441	20680585	12037	0.2039
e6d40df2-a74c-4a7e-903a-fdcb488457af	2	20682216	20685561	4	-0.8331
e6d40df2-a74c-4a7e-903a-fdcb488457af	2	20688000	26296061	3019	0.2184
e6d40df2-a74c-4a7e-903a-fdcb488457af	2	26300585	26304544	6	-0.7201
e6d40df2-a74c-4a7e-903a-fdcb488457af	2	26306475	28174787	873	0.2126
e6d40df2-a74c-4a7e-903a-fdcb488457af	2	28175972	28188550	6	0.9704
e6d40df2-a74c-4a7e-903a-fdcb488457af	2	28189565	28463888	171	0.6584
e6d40df2-a74c-4a7e-903a-fdcb488457af	2	28464176	28763484	181	0.9709
e6d40df2-a74c-4a7e-903a-fdcb488457af	2	29003693	39331765	5648	0.2166
e6d40df2-a74c-4a7e-903a-fdcb488457af	2	39336098	40160323	487	0.6682
e6d40df2-a74c-4a7e-903a-fdcb488457af	2	40164376	40304836	106	0.9453
e6d40df2-a74c-4a7e-903a-fdcb488457af	2	40305097	53633866	8094	0.6519
e6d40df2-a74c-4a7e-903a-fdcb488457af	2	53634290	62274752	4733	0.6141
e6d40df2-a74c-4a7e-903a-fdcb488457af	2	62275252	62454087	105	1.3169
e6d40df2-a74c-4a7e-903a-fdcb488457af	2	62460245	63759343	600	0.69
e6d40df2-a74c-4a7e-903a-fdcb488457af	2	63766037	65375326	858	0.6111
e6d40df2-a74c-4a7e-903a-fdcb488457af	2	65375392	68360851	2171	0.6795
e6d40df2-a74c-4a7e-903a-fdcb488457af	2	68361437	70603043	1339	0.6014
e6d40df2-a74c-4a7e-903a-fdcb488457af	2	70604687	70612869	8	0.9297
e6d40df2-a74c-4a7e-903a-fdcb488457af	2	70612970	70659470	39	0.6605
e6d40df2-a74c-4a7e-903a-fdcb488457af	2	70660887	70664383	3	0.1413
e6d40df2-a74c-4a7e-903a-fdcb488457af	2	70664647	70694714	25	0.6228
e6d40df2-a74c-4a7e-903a-fdcb488457af	2	70695009	70724078	27	1.0284
e6d40df2-a74c-4a7e-903a-fdcb488457af	2	70725765	112755289	17831	0.187
e6d40df2-a74c-4a7e-903a-fdcb488457af	2	112755503	113209498	382	0.6437
e6d40df2-a74c-4a7e-903a-fdcb488457af	2	113214969	114010153	321	0.1907
e6d40df2-a74c-4a7e-903a-fdcb488457af	2	114020774	133955805	9794	-0.528
e6d40df2-a74c-4a7e-903a-fdcb488457af	2	133956164	133962149	3	-2.0802
e6d40df2-a74c-4a7e-903a-fdcb488457af	2	133962709	134455248	355	-0.5888
e6d40df2-a74c-4a7e-903a-fdcb488457af	2	134455685	134455842	2	-2.2629
e6d40df2-a74c-4a7e-903a-fdcb488457af	2	134456191	135751890	644	-0.5387
e6d40df2-a74c-4a7e-903a-fdcb488457af	2	135754247	136785203	707	0.18
e6d40df2-a74c-4a7e-903a-fdcb488457af	2	136789240	137358995	446	-0.5063
e6d40df2-a74c-4a7e-903a-fdcb488457af	2	137361670	142758215	2858	0.1954
e6d40df2-a74c-4a7e-903a-fdcb488457af	2	142761110	145842786	1719	0.1281
e6d40df2-a74c-4a7e-903a-fdcb488457af	2	145842911	155095579	5408	0.2036
e6d40df2-a74c-4a7e-903a-fdcb488457af	2	155096158	155096417	2	-1.3789
e6d40df2-a74c-4a7e-903a-fdcb488457af	2	155099897	169028864	8104	0.2003
e6d40df2-a74c-4a7e-903a-fdcb488457af	2	169031103	172971063	2443	0.6515
e6d40df2-a74c-4a7e-903a-fdcb488457af	2	172971662	174043807	804	0.9931
e6d40df2-a74c-4a7e-903a-fdcb488457af	2	174043851	181274705	4437	0.672
e6d40df2-a74c-4a7e-903a-fdcb488457af	2	181274781	186208246	2262	0.2224
e6d40df2-a74c-4a7e-903a-fdcb488457af	2	186213158	187511288	645	0.7022
e6d40df2-a74c-4a7e-903a-fdcb488457af	2	187526371	187751705	127	0.2212
e6d40df2-a74c-4a7e-903a-fdcb488457af	2	187756770	187769500	7	0.8545
e6d40df2-a74c-4a7e-903a-fdcb488457af	2	187770820	197125457	4452	0.2152
e6d40df2-a74c-4a7e-903a-fdcb488457af	2	197129028	197473123	167	0.0666
e6d40df2-a74c-4a7e-903a-fdcb488457af	2	197473784	212895831	8970	0.2117
e6d40df2-a74c-4a7e-903a-fdcb488457af	2	212898142	213096754	162	-0.5444
e6d40df2-a74c-4a7e-903a-fdcb488457af	2	213099483	217380103	2733	0.2227
e6d40df2-a74c-4a7e-903a-fdcb488457af	2	217380511	217395161	16	0.7392
e6d40df2-a74c-4a7e-903a-fdcb488457af	2	217397805	226877035	6011	0.2071
e6d40df2-a74c-4a7e-903a-fdcb488457af	2	226889162	233928393	3865	-0.544
e6d40df2-a74c-4a7e-903a-fdcb488457af	2	233930267	237888451	2767	0.201
e6d40df2-a74c-4a7e-903a-fdcb488457af	2	237889167	238572967	352	-0.5506
e6d40df2-a74c-4a7e-903a-fdcb488457af	2	238573550	238573818	2	-2.8843
e6d40df2-a74c-4a7e-903a-fdcb488457af	2	238573833	241537572	1597	-0.5823
e6d40df2-a74c-4a7e-903a-fdcb488457af	3	2170634	3050919	374	0.2348
e6d40df2-a74c-4a7e-903a-fdcb488457af	3	3051593	3055243	9	-0.6271
e6d40df2-a74c-4a7e-903a-fdcb488457af	3	3056126	16616077	8570	0.2317
e6d40df2-a74c-4a7e-903a-fdcb488457af	3	16616195	16848513	170	0.6817
e6d40df2-a74c-4a7e-903a-fdcb488457af	3	16849561	25938994	5199	0.2488
e6d40df2-a74c-4a7e-903a-fdcb488457af	3	25939090	26419435	2	-1.2175
e6d40df2-a74c-4a7e-903a-fdcb488457af	3	26420403	27521412	570	0.2355
e6d40df2-a74c-4a7e-903a-fdcb488457af	3	27522036	27816732	213	0.6952
e6d40df2-a74c-4a7e-903a-fdcb488457af	3	27822875	27897222	43	0.2315
e6d40df2-a74c-4a7e-903a-fdcb488457af	3	27903129	28620112	464	0.6818
e6d40df2-a74c-4a7e-903a-fdcb488457af	3	28628062	58147947	17013	0.2385
e6d40df2-a74c-4a7e-903a-fdcb488457af	3	58155261	58731386	375	0.6916
e6d40df2-a74c-4a7e-903a-fdcb488457af	3	58731459	62075722	1392	0.2337
e6d40df2-a74c-4a7e-903a-fdcb488457af	3	62076946	62078050	2	-1.3051
e6d40df2-a74c-4a7e-903a-fdcb488457af	3	62078843	65296901	2638	0.2537
e6d40df2-a74c-4a7e-903a-fdcb488457af	3	65300728	66243264	622	0.7334
e6d40df2-a74c-4a7e-903a-fdcb488457af	3	66243636	67611940	969	0.8406
e6d40df2-a74c-4a7e-903a-fdcb488457af	3	67613614	69065330	951	0.3852
e6d40df2-a74c-4a7e-903a-fdcb488457af	3	69071928	69109099	29	0.8061
e6d40df2-a74c-4a7e-903a-fdcb488457af	3	69110217	69526152	320	0.3659
e6d40df2-a74c-4a7e-903a-fdcb488457af	3	69526229	69550875	19	0.8138
e6d40df2-a74c-4a7e-903a-fdcb488457af	3	69552185	71301795	1246	0.3728
e6d40df2-a74c-4a7e-903a-fdcb488457af	3	71305276	73117880	1274	0.195
e6d40df2-a74c-4a7e-903a-fdcb488457af	3	73120021	79084574	3283	0.2402
e6d40df2-a74c-4a7e-903a-fdcb488457af	3	79085300	81816676	1498	0.1943
e6d40df2-a74c-4a7e-903a-fdcb488457af	3	81819017	82887415	585	0.6768
e6d40df2-a74c-4a7e-903a-fdcb488457af	3	82890602	94997540	3926	0.2156
e6d40df2-a74c-4a7e-903a-fdcb488457af	3	94999323	95411430	258	-0.4438
e6d40df2-a74c-4a7e-903a-fdcb488457af	3	95411962	144333936	27605	0.2207
e6d40df2-a74c-4a7e-903a-fdcb488457af	3	144334727	150094286	2847	0.2633
e6d40df2-a74c-4a7e-903a-fdcb488457af	3	150094480	168572211	9440	0.2084
e6d40df2-a74c-4a7e-903a-fdcb488457af	3	168572250	169513564	615	0.2899
e6d40df2-a74c-4a7e-903a-fdcb488457af	3	169514132	169899617	233	0.7335
e6d40df2-a74c-4a7e-903a-fdcb488457af	3	169899648	187796943	9298	0.2242
e6d40df2-a74c-4a7e-903a-fdcb488457af	3	187797543	187837956	25	-0.5771
e6d40df2-a74c-4a7e-903a-fdcb488457af	3	187839065	191878772	2734	0.2244
e6d40df2-a74c-4a7e-903a-fdcb488457af	3	191878954	191910119	2	-0.9261
e6d40df2-a74c-4a7e-903a-fdcb488457af	3	191910640	193376592	780	0.2432
e6d40df2-a74c-4a7e-903a-fdcb488457af	3	193376622	197812401	1647	0.6915
e6d40df2-a74c-4a7e-903a-fdcb488457af	4	1059384	7691779	3748	-0.5265
e6d40df2-a74c-4a7e-903a-fdcb488457af	4	7692745	7694444	2	-2.4108
e6d40df2-a74c-4a7e-903a-fdcb488457af	4	7695009	17693293	6632	-0.51
e6d40df2-a74c-4a7e-903a-fdcb488457af	4	17693583	35829523	11077	-0.4692
e6d40df2-a74c-4a7e-903a-fdcb488457af	4	35836590	56044892	9650	-0.5028
e6d40df2-a74c-4a7e-903a-fdcb488457af	4	56044932	56163669	57	0.2555
e6d40df2-a74c-4a7e-903a-fdcb488457af	4	56166803	82357640	14444	-0.4792
e6d40df2-a74c-4a7e-903a-fdcb488457af	4	82358250	82751010	252	0.2385
e6d40df2-a74c-4a7e-903a-fdcb488457af	4	82759399	85339417	1503	-0.4679
e6d40df2-a74c-4a7e-903a-fdcb488457af	4	85339839	85381614	36	0.1973
e6d40df2-a74c-4a7e-903a-fdcb488457af	4	85382700	87503943	1249	-0.4919
e6d40df2-a74c-4a7e-903a-fdcb488457af	4	87504552	87538194	34	0.2144
e6d40df2-a74c-4a7e-903a-fdcb488457af	4	87540750	135944298	26321	-0.4743
e6d40df2-a74c-4a7e-903a-fdcb488457af	4	135952787	135999690	20	-1.9795
e6d40df2-a74c-4a7e-903a-fdcb488457af	4	136002145	139122196	1963	-0.4686
e6d40df2-a74c-4a7e-903a-fdcb488457af	4	139122285	139127996	16	0.0445
e6d40df2-a74c-4a7e-903a-fdcb488457af	4	139128152	152407528	7298	-0.4781
e6d40df2-a74c-4a7e-903a-fdcb488457af	4	152408690	152409149	2	-2.6334
e6d40df2-a74c-4a7e-903a-fdcb488457af	4	152409654	181576753	16247	-0.4684
e6d40df2-a74c-4a7e-903a-fdcb488457af	4	181631890	182614883	801	-2.2878
e6d40df2-a74c-4a7e-903a-fdcb488457af	4	183286625	184200401	220	-0.5195
e6d40df2-a74c-4a7e-903a-fdcb488457af	4	184200563	184200580	2	-4.8659
e6d40df2-a74c-4a7e-903a-fdcb488457af	4	184202241	187842528	1860	-0.5227
e6d40df2-a74c-4a7e-903a-fdcb488457af	5	913983	2737411	864	0.6508
e6d40df2-a74c-4a7e-903a-fdcb488457af	5	2757845	4541959	1464	0.9889
e6d40df2-a74c-4a7e-903a-fdcb488457af	5	4543994	6189668	1416	0.6748
e6d40df2-a74c-4a7e-903a-fdcb488457af	5	6193139	6279350	84	-0.5207
e6d40df2-a74c-4a7e-903a-fdcb488457af	5	6284050	8827525	1883	0.6759
e6d40df2-a74c-4a7e-903a-fdcb488457af	5	8828023	8837291	11	1.2116
e6d40df2-a74c-4a7e-903a-fdcb488457af	5	8837731	28635768	10842	0.6825
e6d40df2-a74c-4a7e-903a-fdcb488457af	5	28729999	38512292	5800	0.2361
e6d40df2-a74c-4a7e-903a-fdcb488457af	5	38513842	40023146	1026	0.1982
e6d40df2-a74c-4a7e-903a-fdcb488457af	5	40026898	40038375	2	-1.192
e6d40df2-a74c-4a7e-903a-fdcb488457af	5	40039162	56355886	6117	0.192
e6d40df2-a74c-4a7e-903a-fdcb488457af	5	56355995	60848119	2946	0.2222
e6d40df2-a74c-4a7e-903a-fdcb488457af	5	60849493	73490348	6141	-0.4957
e6d40df2-a74c-4a7e-903a-fdcb488457af	5	73494260	73583708	75	0.2048
e6d40df2-a74c-4a7e-903a-fdcb488457af	5	73584874	78846673	3310	-0.5304
e6d40df2-a74c-4a7e-903a-fdcb488457af	5	78847948	91177571	6687	0.2032
e6d40df2-a74c-4a7e-903a-fdcb488457af	5	91181580	91358570	93	0.6509
e6d40df2-a74c-4a7e-903a-fdcb488457af	5	91361189	93727636	1120	0.261
e6d40df2-a74c-4a7e-903a-fdcb488457af	5	93728216	101207579	3335	0.2097
e6d40df2-a74c-4a7e-903a-fdcb488457af	5	101208930	101378891	119	0.281
e6d40df2-a74c-4a7e-903a-fdcb488457af	5	101383089	101423699	2	1.4019
e6d40df2-a74c-4a7e-903a-fdcb488457af	5	101423715	102280698	306	0.2379
e6d40df2-a74c-4a7e-903a-fdcb488457af	5	102281206	102297906	14	0.7186
e6d40df2-a74c-4a7e-903a-fdcb488457af	5	102300513	109530827	3938	0.2465
e6d40df2-a74c-4a7e-903a-fdcb488457af	5	109531324	122168952	7682	-0.5046
e6d40df2-a74c-4a7e-903a-fdcb488457af	5	122169525	122169712	3	-3.317
e6d40df2-a74c-4a7e-903a-fdcb488457af	5	122176501	137269184	9068	-0.5077
e6d40df2-a74c-4a7e-903a-fdcb488457af	5	137269415	141444562	1874	0.2136
e6d40df2-a74c-4a7e-903a-fdcb488457af	5	141447667	141450788	2	-1.2556
e6d40df2-a74c-4a7e-903a-fdcb488457af	5	141453510	156382042	9828	0.2137
e6d40df2-a74c-4a7e-903a-fdcb488457af	5	156382725	165112402	5520	0.1818
e6d40df2-a74c-4a7e-903a-fdcb488457af	5	165114972	167487766	1584	0.211
e6d40df2-a74c-4a7e-903a-fdcb488457af	5	167489316	167538586	34	0.7071
e6d40df2-a74c-4a7e-903a-fdcb488457af	5	167538705	169243004	1352	0.1951
e6d40df2-a74c-4a7e-903a-fdcb488457af	5	169246611	169282063	30	1.0308
e6d40df2-a74c-4a7e-903a-fdcb488457af	5	169283810	180934240	6554	0.1927
e6d40df2-a74c-4a7e-903a-fdcb488457af	6	1011760	12881832	8551	-0.4843
e6d40df2-a74c-4a7e-903a-fdcb488457af	6	12886144	13180660	227	0.2884
e6d40df2-a74c-4a7e-903a-fdcb488457af	6	13186241	13755353	447	0.7267
e6d40df2-a74c-4a7e-903a-fdcb488457af	6	13761884	14328964	374	0.2569
e6d40df2-a74c-4a7e-903a-fdcb488457af	6	14333556	16962373	1825	-0.5071
e6d40df2-a74c-4a7e-903a-fdcb488457af	6	16962482	24708819	5384	-0.452
e6d40df2-a74c-4a7e-903a-fdcb488457af	6	24710254	36067733	4120	-0.5111
e6d40df2-a74c-4a7e-903a-fdcb488457af	6	36071376	37632877	1025	0.252
e6d40df2-a74c-4a7e-903a-fdcb488457af	6	37634565	41282728	2676	0.2688
e6d40df2-a74c-4a7e-903a-fdcb488457af	6	41283223	41294053	12	0.7759
e6d40df2-a74c-4a7e-903a-fdcb488457af	6	41302346	47663886	3687	0.2876
e6d40df2-a74c-4a7e-903a-fdcb488457af	6	47666191	64675733	7283	0.2452
e6d40df2-a74c-4a7e-903a-fdcb488457af	6	64676445	64690720	9	-0.6327
e6d40df2-a74c-4a7e-903a-fdcb488457af	6	64691476	77815324	7646	0.2546
e6d40df2-a74c-4a7e-903a-fdcb488457af	6	77815433	81100949	1661	0.2997
e6d40df2-a74c-4a7e-903a-fdcb488457af	6	81103902	83077609	1103	0.2536
e6d40df2-a74c-4a7e-903a-fdcb488457af	6	83079098	83538872	257	0.6818
e6d40df2-a74c-4a7e-903a-fdcb488457af	6	83540446	87006819	1949	0.267
e6d40df2-a74c-4a7e-903a-fdcb488457af	6	87007539	87126175	77	0.7178
e6d40df2-a74c-4a7e-903a-fdcb488457af	6	87126803	87715367	350	0.2238
e6d40df2-a74c-4a7e-903a-fdcb488457af	6	87717379	87719663	3	-0.5693
e6d40df2-a74c-4a7e-903a-fdcb488457af	6	87722934	88568100	572	0.2652
e6d40df2-a74c-4a7e-903a-fdcb488457af	6	88573921	88573953	2	-0.9569
e6d40df2-a74c-4a7e-903a-fdcb488457af	6	88574395	90154476	935	0.2637
e6d40df2-a74c-4a7e-903a-fdcb488457af	6	90158347	124765582	19137	-0.4917
e6d40df2-a74c-4a7e-903a-fdcb488457af	6	124768650	125221912	332	0.2486
e6d40df2-a74c-4a7e-903a-fdcb488457af	6	125222112	129424200	2448	-0.4645
e6d40df2-a74c-4a7e-903a-fdcb488457af	6	129424888	140186713	7148	-0.5078
e6d40df2-a74c-4a7e-903a-fdcb488457af	6	140188956	142766254	1108	-0.4491
e6d40df2-a74c-4a7e-903a-fdcb488457af	6	142770389	142787620	12	0.2633
e6d40df2-a74c-4a7e-903a-fdcb488457af	6	142792169	151495135	5750	-0.4907
e6d40df2-a74c-4a7e-903a-fdcb488457af	6	151499742	151650105	103	0.2594
e6d40df2-a74c-4a7e-903a-fdcb488457af	6	151650552	170596889	10905	-0.4956
e6d40df2-a74c-4a7e-903a-fdcb488457af	7	664936	2193036	437	-0.5297
e6d40df2-a74c-4a7e-903a-fdcb488457af	7	2195964	2320354	14	-1.1587
e6d40df2-a74c-4a7e-903a-fdcb488457af	7	2320721	22241873	10687	-0.5027
e6d40df2-a74c-4a7e-903a-fdcb488457af	7	22247448	23613188	928	-0.3892
e6d40df2-a74c-4a7e-903a-fdcb488457af	7	23615758	23995508	241	-0.5176
e6d40df2-a74c-4a7e-903a-fdcb488457af	7	24000259	24000764	2	2.1286
e6d40df2-a74c-4a7e-903a-fdcb488457af	7	24001198	34255480	6780	-0.5207
e6d40df2-a74c-4a7e-903a-fdcb488457af	7	34259104	36464079	1444	0.1928
e6d40df2-a74c-4a7e-903a-fdcb488457af	7	36464322	45130911	5153	-0.5086
e6d40df2-a74c-4a7e-903a-fdcb488457af	7	45130919	45167342	25	0.1256
e6d40df2-a74c-4a7e-903a-fdcb488457af	7	45172342	49271635	2865	-0.4967
e6d40df2-a74c-4a7e-903a-fdcb488457af	7	49275443	51380512	1511	0.1814
e6d40df2-a74c-4a7e-903a-fdcb488457af	7	51395349	52994173	1220	-0.478
e6d40df2-a74c-4a7e-903a-fdcb488457af	7	52999596	53003057	4	-2.8576
e6d40df2-a74c-4a7e-903a-fdcb488457af	7	53003082	87792307	13661	-0.4933
e6d40df2-a74c-4a7e-903a-fdcb488457af	7	87799539	88279073	204	0.183
e6d40df2-a74c-4a7e-903a-fdcb488457af	7	88281730	88428970	80	0.7327
e6d40df2-a74c-4a7e-903a-fdcb488457af	7	88430232	88511864	82	0.1658
e6d40df2-a74c-4a7e-903a-fdcb488457af	7	88517017	95051321	2901	-0.4719
e6d40df2-a74c-4a7e-903a-fdcb488457af	7	95052386	95065700	9	0.2759
e6d40df2-a74c-4a7e-903a-fdcb488457af	7	95066813	95072545	3	-0.4947
e6d40df2-a74c-4a7e-903a-fdcb488457af	7	95073493	96058415	657	0.2374
e6d40df2-a74c-4a7e-903a-fdcb488457af	7	96059199	101518850	2379	-0.5096
e6d40df2-a74c-4a7e-903a-fdcb488457af	7	101519270	101520113	2	-2.4081
e6d40df2-a74c-4a7e-903a-fdcb488457af	7	101521752	109945605	4634	-0.5005
e6d40df2-a74c-4a7e-903a-fdcb488457af	7	109950854	127243932	9133	0.2411
e6d40df2-a74c-4a7e-903a-fdcb488457af	7	127245925	127245959	2	-2.0705
e6d40df2-a74c-4a7e-903a-fdcb488457af	7	127247079	128738251	744	0.2682
e6d40df2-a74c-4a7e-903a-fdcb488457af	7	128739941	142581256	7912	0.4056
e6d40df2-a74c-4a7e-903a-fdcb488457af	7	142768623	142831282	18	0.8337
e6d40df2-a74c-4a7e-903a-fdcb488457af	7	142837056	143507648	363	0.3953
e6d40df2-a74c-4a7e-903a-fdcb488457af	7	143923163	144765077	433	0.7936
e6d40df2-a74c-4a7e-903a-fdcb488457af	7	144770627	144790787	32	-0.4948
e6d40df2-a74c-4a7e-903a-fdcb488457af	7	144794553	154183070	4554	0.8093
e6d40df2-a74c-4a7e-903a-fdcb488457af	7	154183133	155402936	1002	0.7395
e6d40df2-a74c-4a7e-903a-fdcb488457af	7	155403064	157465415	1283	0.7949
e6d40df2-a74c-4a7e-903a-fdcb488457af	7	157465446	157465489	2	0.5299
e6d40df2-a74c-4a7e-903a-fdcb488457af	7	157465940	157645345	110	-0.5844
e6d40df2-a74c-4a7e-903a-fdcb488457af	7	157653303	158592540	380	0.8059
e6d40df2-a74c-4a7e-903a-fdcb488457af	8	667625	6590002	2886	-0.5627
e6d40df2-a74c-4a7e-903a-fdcb488457af	8	6590383	6968014	351	0.2333
e6d40df2-a74c-4a7e-903a-fdcb488457af	8	8398802	8565425	140	-0.5474
e6d40df2-a74c-4a7e-903a-fdcb488457af	8	8565865	30430390	14603	0.2129
e6d40df2-a74c-4a7e-903a-fdcb488457af	8	30430756	30430890	2	-1.521
e6d40df2-a74c-4a7e-903a-fdcb488457af	8	30439461	37725475	4180	0.2066
e6d40df2-a74c-4a7e-903a-fdcb488457af	8	37732928	37756889	12	0.7096
e6d40df2-a74c-4a7e-903a-fdcb488457af	8	37758165	49893542	4460	0.2077
e6d40df2-a74c-4a7e-903a-fdcb488457af	8	49893895	49895198	2	-1.0658
e6d40df2-a74c-4a7e-903a-fdcb488457af	8	49895649	53897708	2289	0.2058
e6d40df2-a74c-4a7e-903a-fdcb488457af	8	53898270	68895635	8889	0.6565
e6d40df2-a74c-4a7e-903a-fdcb488457af	8	68898913	69103351	142	0.1924
e6d40df2-a74c-4a7e-903a-fdcb488457af	8	69107920	77223578	4976	0.6431
e6d40df2-a74c-4a7e-903a-fdcb488457af	8	77225417	78341711	590	0.9953
e6d40df2-a74c-4a7e-903a-fdcb488457af	8	78345327	78358598	5	-1.0341
e6d40df2-a74c-4a7e-903a-fdcb488457af	8	78360097	101997619	13281	0.998
e6d40df2-a74c-4a7e-903a-fdcb488457af	8	102007598	102104702	81	1.2763
e6d40df2-a74c-4a7e-903a-fdcb488457af	8	102106569	118737014	9220	1.0087
e6d40df2-a74c-4a7e-903a-fdcb488457af	8	118737828	119662091	700	1.2541
e6d40df2-a74c-4a7e-903a-fdcb488457af	8	119667018	123297480	2307	1.0048
e6d40df2-a74c-4a7e-903a-fdcb488457af	8	123308806	123498179	98	1.2403
e6d40df2-a74c-4a7e-903a-fdcb488457af	8	123500982	124284631	555	0.9857
e6d40df2-a74c-4a7e-903a-fdcb488457af	8	124285672	125401792	705	1.2163
e6d40df2-a74c-4a7e-903a-fdcb488457af	8	125404083	130632559	3649	0.9671
e6d40df2-a74c-4a7e-903a-fdcb488457af	8	130635346	130817017	194	1.213
e6d40df2-a74c-4a7e-903a-fdcb488457af	8	130818751	134898355	3222	0.9755
e6d40df2-a74c-4a7e-903a-fdcb488457af	8	134898916	137792210	1973	1.0768
e6d40df2-a74c-4a7e-903a-fdcb488457af	8	137792952	137915437	109	0.9895
e6d40df2-a74c-4a7e-903a-fdcb488457af	8	137920190	144182542	2657	0.775
e6d40df2-a74c-4a7e-903a-fdcb488457af	9	789794	789932	2	-0.0869
e6d40df2-a74c-4a7e-903a-fdcb488457af	9	790037	4136023	2416	0.6738
e6d40df2-a74c-4a7e-903a-fdcb488457af	9	4138421	4185739	68	1.0157
e6d40df2-a74c-4a7e-903a-fdcb488457af	9	4186254	5364810	798	0.6429
e6d40df2-a74c-4a7e-903a-fdcb488457af	9	5364899	7055489	426	0.9822
e6d40df2-a74c-4a7e-903a-fdcb488457af	9	7057302	16025878	5245	0.6645
e6d40df2-a74c-4a7e-903a-fdcb488457af	9	16033788	21099472	4173	0.2062
e6d40df2-a74c-4a7e-903a-fdcb488457af	9	21100142	21101292	4	-1.161
e6d40df2-a74c-4a7e-903a-fdcb488457af	9	21102281	23348179	1432	0.2569
e6d40df2-a74c-4a7e-903a-fdcb488457af	9	23352948	37491915	8129	0.1935
e6d40df2-a74c-4a7e-903a-fdcb488457af	9	37492370	38747691	919	0.6448
e6d40df2-a74c-4a7e-903a-fdcb488457af	9	38752071	70281932	1432	0.2229
e6d40df2-a74c-4a7e-903a-fdcb488457af	9	70285373	83961011	9414	-0.4865
e6d40df2-a74c-4a7e-903a-fdcb488457af	9	83971518	90635751	4695	0.2293
e6d40df2-a74c-4a7e-903a-fdcb488457af	9	90636383	90652395	13	0.7808
e6d40df2-a74c-4a7e-903a-fdcb488457af	9	90653114	99225478	5317	0.2177
e6d40df2-a74c-4a7e-903a-fdcb488457af	9	99228100	115135892	10531	-0.4933
e6d40df2-a74c-4a7e-903a-fdcb488457af	9	115136630	115136888	2	-2.4916
e6d40df2-a74c-4a7e-903a-fdcb488457af	9	115137080	133202988	11536	-0.5056
e6d40df2-a74c-4a7e-903a-fdcb488457af	9	133205149	133209813	2	-2.7203
e6d40df2-a74c-4a7e-903a-fdcb488457af	9	133211156	138044505	1890	-0.534
e6d40df2-a74c-4a7e-903a-fdcb488457af	10	366509	379001	8	0.5054
e6d40df2-a74c-4a7e-903a-fdcb488457af	10	381671	391161	11	0.6561
e6d40df2-a74c-4a7e-903a-fdcb488457af	10	391973	778753	122	1.0151
e6d40df2-a74c-4a7e-903a-fdcb488457af	10	782348	870878	46	0.6275
e6d40df2-a74c-4a7e-903a-fdcb488457af	10	872952	4384657	2317	0.1695
e6d40df2-a74c-4a7e-903a-fdcb488457af	10	4384695	4390972	10	0.5658
e6d40df2-a74c-4a7e-903a-fdcb488457af	10	4390988	4391027	3	-0.044
e6d40df2-a74c-4a7e-903a-fdcb488457af	10	4394250	4439439	50	0.6546
e6d40df2-a74c-4a7e-903a-fdcb488457af	10	4440930	5596333	832	0.2025
e6d40df2-a74c-4a7e-903a-fdcb488457af	10	5678461	6598582	770	0.6593
e6d40df2-a74c-4a7e-903a-fdcb488457af	10	6601765	12212240	4170	0.1868
e6d40df2-a74c-4a7e-903a-fdcb488457af	10	12212887	12230971	15	0.6513
e6d40df2-a74c-4a7e-903a-fdcb488457af	10	12234048	18723631	5053	0.1717
e6d40df2-a74c-4a7e-903a-fdcb488457af	10	18724048	29261585	6934	0.2134
e6d40df2-a74c-4a7e-903a-fdcb488457af	10	29264541	33360095	2873	0.1769
e6d40df2-a74c-4a7e-903a-fdcb488457af	10	33360428	35801595	1422	0.2561
e6d40df2-a74c-4a7e-903a-fdcb488457af	10	35801724	44563219	3112	0.1904
e6d40df2-a74c-4a7e-903a-fdcb488457af	10	44564293	44570470	13	0.72
e6d40df2-a74c-4a7e-903a-fdcb488457af	10	44571544	44575298	5	0.1602
e6d40df2-a74c-4a7e-903a-fdcb488457af	10	44576442	50950312	2080	-0.5411
e6d40df2-a74c-4a7e-903a-fdcb488457af	10	50951392	60282733	5882	-0.4834
e6d40df2-a74c-4a7e-903a-fdcb488457af	10	60285878	61744007	961	0.201
e6d40df2-a74c-4a7e-903a-fdcb488457af	10	61749254	61749436	3	-0.7444
e6d40df2-a74c-4a7e-903a-fdcb488457af	10	61752031	63913991	1319	0.2001
e6d40df2-a74c-4a7e-903a-fdcb488457af	10	63914063	68184190	2240	-0.4837
e6d40df2-a74c-4a7e-903a-fdcb488457af	10	68187813	68534560	188	-0.2452
e6d40df2-a74c-4a7e-903a-fdcb488457af	10	68534941	74175606	3286	-0.5175
e6d40df2-a74c-4a7e-903a-fdcb488457af	10	74178801	74282431	44	0.1864
e6d40df2-a74c-4a7e-903a-fdcb488457af	10	74283084	75388705	547	0.6901
e6d40df2-a74c-4a7e-903a-fdcb488457af	10	75389181	75528287	74	0.2585
e6d40df2-a74c-4a7e-903a-fdcb488457af	10	75530692	102886998	16945	-0.4902
e6d40df2-a74c-4a7e-903a-fdcb488457af	10	102891565	102931735	21	0.7545
e6d40df2-a74c-4a7e-903a-fdcb488457af	10	102932665	104961225	1237	0.2017
e6d40df2-a74c-4a7e-903a-fdcb488457af	10	104964602	105056505	69	-0.5505
e6d40df2-a74c-4a7e-903a-fdcb488457af	10	105060553	125608720	14223	0.2221
e6d40df2-a74c-4a7e-903a-fdcb488457af	10	125611635	125640422	29	0.8907
e6d40df2-a74c-4a7e-903a-fdcb488457af	10	125640938	130379950	3665	0.2125
e6d40df2-a74c-4a7e-903a-fdcb488457af	10	130380338	133411599	709	0.6456
e6d40df2-a74c-4a7e-903a-fdcb488457af	11	456012	4478801	1489	-0.3169
e6d40df2-a74c-4a7e-903a-fdcb488457af	11	4486994	4487014	2	-2.1481
e6d40df2-a74c-4a7e-903a-fdcb488457af	11	4487039	6699985	1509	-0.3358
e6d40df2-a74c-4a7e-903a-fdcb488457af	11	6700272	7846416	827	-0.2325
e6d40df2-a74c-4a7e-903a-fdcb488457af	11	7847983	7848373	3	-1.8169
e6d40df2-a74c-4a7e-903a-fdcb488457af	11	7857629	8877981	708	-0.2372
e6d40df2-a74c-4a7e-903a-fdcb488457af	11	8878121	9719562	419	-0.1258
e6d40df2-a74c-4a7e-903a-fdcb488457af	11	9720515	9848239	97	-0.2194
e6d40df2-a74c-4a7e-903a-fdcb488457af	11	9849469	9850135	4	-1.4503
e6d40df2-a74c-4a7e-903a-fdcb488457af	11	9851266	13333942	2902	-0.1895
e6d40df2-a74c-4a7e-903a-fdcb488457af	11	13334483	14642233	810	0.1033
e6d40df2-a74c-4a7e-903a-fdcb488457af	11	14645939	19354808	3000	-0.1386
e6d40df2-a74c-4a7e-903a-fdcb488457af	11	19355867	27661764	5898	-0.0196
e6d40df2-a74c-4a7e-903a-fdcb488457af	11	27662862	28277147	308	0.1844
e6d40df2-a74c-4a7e-903a-fdcb488457af	11	28285390	28356013	40	0.6332
e6d40df2-a74c-4a7e-903a-fdcb488457af	11	28356423	40214357	7220	0.2175
e6d40df2-a74c-4a7e-903a-fdcb488457af	11	40216367	40245359	25	0.6069
e6d40df2-a74c-4a7e-903a-fdcb488457af	11	40249871	57554047	6186	0.2228
e6d40df2-a74c-4a7e-903a-fdcb488457af	11	57554338	61037594	1979	0.1704
e6d40df2-a74c-4a7e-903a-fdcb488457af	11	61037913	62836444	874	0.2069
e6d40df2-a74c-4a7e-903a-fdcb488457af	11	62836624	62922552	47	0.6309
e6d40df2-a74c-4a7e-903a-fdcb488457af	11	62922935	68298566	1580	0.2013
e6d40df2-a74c-4a7e-903a-fdcb488457af	11	68307527	71978553	1932	0.6865
e6d40df2-a74c-4a7e-903a-fdcb488457af	11	71986203	75304052	1659	0.1907
e6d40df2-a74c-4a7e-903a-fdcb488457af	11	75304694	75305789	2	-2.4884
e6d40df2-a74c-4a7e-903a-fdcb488457af	11	75309335	77900821	1384	0.1869
e6d40df2-a74c-4a7e-903a-fdcb488457af	11	77902070	78181184	150	0.6925
e6d40df2-a74c-4a7e-903a-fdcb488457af	11	78181598	78692848	294	0.2233
e6d40df2-a74c-4a7e-903a-fdcb488457af	11	78694848	87024844	5368	-0.5096
e6d40df2-a74c-4a7e-903a-fdcb488457af	11	87025096	91799864	2786	-0.4577
e6d40df2-a74c-4a7e-903a-fdcb488457af	11	91801490	95882601	2482	-0.5072
e6d40df2-a74c-4a7e-903a-fdcb488457af	11	95887172	95887195	2	-2.9943
e6d40df2-a74c-4a7e-903a-fdcb488457af	11	95890868	116640311	13440	-0.4863
e6d40df2-a74c-4a7e-903a-fdcb488457af	11	116640608	116691280	49	-2.0264
e6d40df2-a74c-4a7e-903a-fdcb488457af	11	116701489	123825553	4951	-0.5266
e6d40df2-a74c-4a7e-903a-fdcb488457af	11	123828543	126924510	2203	0.6854
e6d40df2-a74c-4a7e-903a-fdcb488457af	11	126924867	127968336	755	0.2159
e6d40df2-a74c-4a7e-903a-fdcb488457af	11	127968680	128818758	811	0.149
e6d40df2-a74c-4a7e-903a-fdcb488457af	11	128819485	131134515	1370	0.2275
e6d40df2-a74c-4a7e-903a-fdcb488457af	11	131134802	131134936	2	-1.23
e6d40df2-a74c-4a7e-903a-fdcb488457af	11	131135921	134272740	1998	0.2081
e6d40df2-a74c-4a7e-903a-fdcb488457af	12	780472	8546358	4367	0.1957
e6d40df2-a74c-4a7e-903a-fdcb488457af	12	8548030	8574294	24	0.6139
e6d40df2-a74c-4a7e-903a-fdcb488457af	12	8575726	10869285	1144	0.1888
e6d40df2-a74c-4a7e-903a-fdcb488457af	12	10869516	10908604	19	0.5897
e6d40df2-a74c-4a7e-903a-fdcb488457af	12	10918014	11232842	63	0.1842
e6d40df2-a74c-4a7e-903a-fdcb488457af	12	11233776	11314521	20	0.673
e6d40df2-a74c-4a7e-903a-fdcb488457af	12	11320628	16449328	3352	0.1903
e6d40df2-a74c-4a7e-903a-fdcb488457af	12	16449535	21401989	2944	0.2433
e6d40df2-a74c-4a7e-903a-fdcb488457af	12	21402567	23087460	1154	0.2072
e6d40df2-a74c-4a7e-903a-fdcb488457af	12	23088596	23623841	315	-0.4549
e6d40df2-a74c-4a7e-903a-fdcb488457af	12	23630495	31782835	5321	0.6963
e6d40df2-a74c-4a7e-903a-fdcb488457af	12	31786179	31846060	42	0.2276
e6d40df2-a74c-4a7e-903a-fdcb488457af	12	31846641	32034292	82	0.6368
e6d40df2-a74c-4a7e-903a-fdcb488457af	12	32034418	32035831	2	-0.7321
e6d40df2-a74c-4a7e-903a-fdcb488457af	12	32037799	38827290	881	0.6761
e6d40df2-a74c-4a7e-903a-fdcb488457af	12	38829764	45147151	3477	0.2074
e6d40df2-a74c-4a7e-903a-fdcb488457af	12	45147238	45214913	35	-0.4786
e6d40df2-a74c-4a7e-903a-fdcb488457af	12	45224455	48075779	1666	0.2293
e6d40df2-a74c-4a7e-903a-fdcb488457af	12	48078803	48094187	9	-0.4876
e6d40df2-a74c-4a7e-903a-fdcb488457af	12	48094231	56070651	4114	0.2216
e6d40df2-a74c-4a7e-903a-fdcb488457af	12	56071905	56256067	127	0.6934
e6d40df2-a74c-4a7e-903a-fdcb488457af	12	56261997	56803447	235	0.252
e6d40df2-a74c-4a7e-903a-fdcb488457af	12	56804850	56809821	3	-0.7536
e6d40df2-a74c-4a7e-903a-fdcb488457af	12	56812900	58085808	615	0.2143
e6d40df2-a74c-4a7e-903a-fdcb488457af	12	58086899	64279021	3804	0.2592
e6d40df2-a74c-4a7e-903a-fdcb488457af	12	64282057	69130143	3241	0.1976
e6d40df2-a74c-4a7e-903a-fdcb488457af	12	69131114	72634945	2191	0.2872
e6d40df2-a74c-4a7e-903a-fdcb488457af	12	72646775	81700079	5512	0.2291
e6d40df2-a74c-4a7e-903a-fdcb488457af	12	81708347	81743680	20	0.7832
e6d40df2-a74c-4a7e-903a-fdcb488457af	12	81747358	91364721	5425	0.227
e6d40df2-a74c-4a7e-903a-fdcb488457af	12	91365117	96714238	3613	0.1811
e6d40df2-a74c-4a7e-903a-fdcb488457af	12	96714446	97153189	293	0.2255
e6d40df2-a74c-4a7e-903a-fdcb488457af	12	97156407	97156666	3	1.6174
e6d40df2-a74c-4a7e-903a-fdcb488457af	12	97158194	103468752	3937	0.217
e6d40df2-a74c-4a7e-903a-fdcb488457af	12	103470794	120385677	10573	-0.5244
e6d40df2-a74c-4a7e-903a-fdcb488457af	12	120385919	120442631	28	0.2147
e6d40df2-a74c-4a7e-903a-fdcb488457af	12	120442769	125662662	2645	-0.4992
e6d40df2-a74c-4a7e-903a-fdcb488457af	12	125665000	125665095	2	-2.4528
e6d40df2-a74c-4a7e-903a-fdcb488457af	12	125665492	126887121	820	-0.5416
e6d40df2-a74c-4a7e-903a-fdcb488457af	12	126889117	126889193	2	-2.6586
e6d40df2-a74c-4a7e-903a-fdcb488457af	12	126890667	132605822	2231	-0.55
e6d40df2-a74c-4a7e-903a-fdcb488457af	13	18874255	25133455	3078	0.213
e6d40df2-a74c-4a7e-903a-fdcb488457af	13	25135091	31057416	4374	0.1848
e6d40df2-a74c-4a7e-903a-fdcb488457af	13	31059143	36773297	3790	0.2318
e6d40df2-a74c-4a7e-903a-fdcb488457af	13	36773329	36778237	5	-0.521
e6d40df2-a74c-4a7e-903a-fdcb488457af	13	36780163	39385342	1802	0.2225
e6d40df2-a74c-4a7e-903a-fdcb488457af	13	39386528	93464633	30346	-0.4786
e6d40df2-a74c-4a7e-903a-fdcb488457af	13	93466322	96568109	1953	0.2383
e6d40df2-a74c-4a7e-903a-fdcb488457af	13	96571152	96571264	2	-2.3472
e6d40df2-a74c-4a7e-903a-fdcb488457af	13	96571316	96878772	165	0.2551
e6d40df2-a74c-4a7e-903a-fdcb488457af	13	96881922	97108988	131	-0.473
e6d40df2-a74c-4a7e-903a-fdcb488457af	13	97111591	106730287	6579	0.2277
e6d40df2-a74c-4a7e-903a-fdcb488457af	13	106731890	106732362	2	-1.9529
e6d40df2-a74c-4a7e-903a-fdcb488457af	13	106732887	110440890	2911	0.224
e6d40df2-a74c-4a7e-903a-fdcb488457af	13	110442142	111488418	708	0.7005
e6d40df2-a74c-4a7e-903a-fdcb488457af	13	111488502	113877048	1052	0.234
e6d40df2-a74c-4a7e-903a-fdcb488457af	13	113879897	114226675	97	0.7056
e6d40df2-a74c-4a7e-903a-fdcb488457af	14	20033191	20109539	38	0.2608
e6d40df2-a74c-4a7e-903a-fdcb488457af	14	20110011	20132321	13	0.7054
e6d40df2-a74c-4a7e-903a-fdcb488457af	14	20133487	25240926	2232	0.2034
e6d40df2-a74c-4a7e-903a-fdcb488457af	14	25242683	25478230	137	0.6281
e6d40df2-a74c-4a7e-903a-fdcb488457af	14	25482109	29145340	2044	0.2374
e6d40df2-a74c-4a7e-903a-fdcb488457af	14	29150674	29160432	10	-0.5008
e6d40df2-a74c-4a7e-903a-fdcb488457af	14	29168230	32086024	1597	0.2198
e6d40df2-a74c-4a7e-903a-fdcb488457af	14	32086575	33370567	988	0.2816
e6d40df2-a74c-4a7e-903a-fdcb488457af	14	33370633	35865911	1463	0.2131
e6d40df2-a74c-4a7e-903a-fdcb488457af	14	35867920	36195622	228	0.692
e6d40df2-a74c-4a7e-903a-fdcb488457af	14	36198343	36200115	3	-0.2613
e6d40df2-a74c-4a7e-903a-fdcb488457af	14	36200198	37290608	825	0.6706
e6d40df2-a74c-4a7e-903a-fdcb488457af	14	37290897	65187290	15700	0.2138
e6d40df2-a74c-4a7e-903a-fdcb488457af	14	65191204	65249600	29	0.7785
e6d40df2-a74c-4a7e-903a-fdcb488457af	14	65249932	79804923	8924	0.2185
e6d40df2-a74c-4a7e-903a-fdcb488457af	14	79807333	84457400	3008	0.253
e6d40df2-a74c-4a7e-903a-fdcb488457af	14	84457812	104570691	12332	0.2096
e6d40df2-a74c-4a7e-903a-fdcb488457af	14	104670444	105533894	250	-0.5204
e6d40df2-a74c-4a7e-903a-fdcb488457af	15	23437561	35756242	5391	0.2052
e6d40df2-a74c-4a7e-903a-fdcb488457af	15	35756386	37843427	1486	0.2597
e6d40df2-a74c-4a7e-903a-fdcb488457af	15	37847386	53147628	8683	0.2112
e6d40df2-a74c-4a7e-903a-fdcb488457af	15	53148549	53148980	3	-0.9645
e6d40df2-a74c-4a7e-903a-fdcb488457af	15	53149993	61982741	6126	0.2174
e6d40df2-a74c-4a7e-903a-fdcb488457af	15	61986780	62159406	117	0.6205
e6d40df2-a74c-4a7e-903a-fdcb488457af	15	62159660	81374505	11279	0.2113
e6d40df2-a74c-4a7e-903a-fdcb488457af	15	81379994	82085282	353	-0.4631
e6d40df2-a74c-4a7e-903a-fdcb488457af	15	82085534	82087617	4	-2.6093
e6d40df2-a74c-4a7e-903a-fdcb488457af	15	82088524	87056507	2593	-0.489
e6d40df2-a74c-4a7e-903a-fdcb488457af	15	87057470	92261512	3372	0.2002
e6d40df2-a74c-4a7e-903a-fdcb488457af	15	92261527	101344124	5399	1.003
e6d40df2-a74c-4a7e-903a-fdcb488457af	16	603333	6229093	2538	-0.5335
e6d40df2-a74c-4a7e-903a-fdcb488457af	16	6229305	25035568	8478	0.2146
e6d40df2-a74c-4a7e-903a-fdcb488457af	16	25039670	25054259	16	0.6669
e6d40df2-a74c-4a7e-903a-fdcb488457af	16	25057245	31841585	3009	0.1871
e6d40df2-a74c-4a7e-903a-fdcb488457af	16	46470502	58109396	7633	-0.5217
e6d40df2-a74c-4a7e-903a-fdcb488457af	16	58109488	68464324	6346	-0.4922
e6d40df2-a74c-4a7e-903a-fdcb488457af	16	68469300	68475459	3	-1.7959
e6d40df2-a74c-4a7e-903a-fdcb488457af	16	68479007	77028468	4477	-0.4876
e6d40df2-a74c-4a7e-903a-fdcb488457af	16	77029154	87412678	8166	-0.5351
e6d40df2-a74c-4a7e-903a-fdcb488457af	16	87421286	87517042	41	0.2803
e6d40df2-a74c-4a7e-903a-fdcb488457af	16	87522482	89317317	452	-0.5694
e6d40df2-a74c-4a7e-903a-fdcb488457af	17	1074619	17730618	8465	-0.5194
e6d40df2-a74c-4a7e-903a-fdcb488457af	17	17734636	17846424	42	0.23
e6d40df2-a74c-4a7e-903a-fdcb488457af	17	17849495	48395070	10354	-0.4949
e6d40df2-a74c-4a7e-903a-fdcb488457af	17	48397106	64198641	8696	-0.363
e6d40df2-a74c-4a7e-903a-fdcb488457af	17	64199859	64485415	104	0.3897
e6d40df2-a74c-4a7e-903a-fdcb488457af	17	64487672	78225318	7763	-0.3576
e6d40df2-a74c-4a7e-903a-fdcb488457af	17	78226482	78404990	62	0.4192
e6d40df2-a74c-4a7e-903a-fdcb488457af	17	78406024	78522344	52	-0.3472
e6d40df2-a74c-4a7e-903a-fdcb488457af	17	78525444	80074189	642	0.2816
e6d40df2-a74c-4a7e-903a-fdcb488457af	17	80080303	80080445	2	2.0486
e6d40df2-a74c-4a7e-903a-fdcb488457af	17	80080590	82959812	1060	0.2933
e6d40df2-a74c-4a7e-903a-fdcb488457af	18	326691	23917300	9719	0.2163
e6d40df2-a74c-4a7e-903a-fdcb488457af	18	23917950	26623088	1804	-0.5266
e6d40df2-a74c-4a7e-903a-fdcb488457af	18	26625910	30423267	2276	-0.4611
e6d40df2-a74c-4a7e-903a-fdcb488457af	18	30425628	30427068	2	-2.0136
e6d40df2-a74c-4a7e-903a-fdcb488457af	18	30427292	34927489	2800	-0.4546
e6d40df2-a74c-4a7e-903a-fdcb488457af	18	34928548	35749361	415	-0.5273
e6d40df2-a74c-4a7e-903a-fdcb488457af	18	35750984	36848417	846	0.2345
e6d40df2-a74c-4a7e-903a-fdcb488457af	18	36848625	76303240	23210	-0.4958
e6d40df2-a74c-4a7e-903a-fdcb488457af	18	76306771	78729287	1524	-0.5708
e6d40df2-a74c-4a7e-903a-fdcb488457af	18	78733628	79349796	348	-0.5046
e6d40df2-a74c-4a7e-903a-fdcb488457af	19	283868	4063069	919	-0.5149
e6d40df2-a74c-4a7e-903a-fdcb488457af	19	4073730	28002554	8314	0.2138
e6d40df2-a74c-4a7e-903a-fdcb488457af	19	28003851	29808602	1422	0.656
e6d40df2-a74c-4a7e-903a-fdcb488457af	19	29809086	29814163	8	0.0335
e6d40df2-a74c-4a7e-903a-fdcb488457af	19	29814280	30047718	173	0.6518
e6d40df2-a74c-4a7e-903a-fdcb488457af	19	30048884	30552899	355	0.1509
e6d40df2-a74c-4a7e-903a-fdcb488457af	19	30555649	56874691	12161	0.1968
e6d40df2-a74c-4a7e-903a-fdcb488457af	19	56884477	58370362	810	0.1324
e6d40df2-a74c-4a7e-903a-fdcb488457af	20	472817	742634	188	-0.5409
e6d40df2-a74c-4a7e-903a-fdcb488457af	20	747955	767191	21	0.183
e6d40df2-a74c-4a7e-903a-fdcb488457af	20	769360	21004681	13689	-0.5191
e6d40df2-a74c-4a7e-903a-fdcb488457af	20	21006428	21146771	105	0.1321
e6d40df2-a74c-4a7e-903a-fdcb488457af	20	21149215	22822009	1126	-0.5368
e6d40df2-a74c-4a7e-903a-fdcb488457af	20	22822328	22823163	2	-2.2193
e6d40df2-a74c-4a7e-903a-fdcb488457af	20	22823271	23862550	618	-0.5639
e6d40df2-a74c-4a7e-903a-fdcb488457af	20	23869416	31877185	1492	0.7083
e6d40df2-a74c-4a7e-903a-fdcb488457af	20	31879698	34335182	1224	0.9885
e6d40df2-a74c-4a7e-903a-fdcb488457af	20	34338615	36304686	884	0.6823
e6d40df2-a74c-4a7e-903a-fdcb488457af	20	36323899	36978502	262	-0.4981
e6d40df2-a74c-4a7e-903a-fdcb488457af	20	36984415	37121592	165	-0.3278
e6d40df2-a74c-4a7e-903a-fdcb488457af	20	37122684	46492180	6095	-0.5446
e6d40df2-a74c-4a7e-903a-fdcb488457af	20	46498437	46529532	25	0.6557
e6d40df2-a74c-4a7e-903a-fdcb488457af	20	46529811	46984328	397	0.1469
e6d40df2-a74c-4a7e-903a-fdcb488457af	20	46984868	47210081	233	0.955
e6d40df2-a74c-4a7e-903a-fdcb488457af	20	47212273	47442622	93	1.8397
e6d40df2-a74c-4a7e-903a-fdcb488457af	20	47447652	48268738	632	0.9837
e6d40df2-a74c-4a7e-903a-fdcb488457af	20	48272101	49478053	759	0.1083
e6d40df2-a74c-4a7e-903a-fdcb488457af	20	49479298	49486817	5	1.5626
e6d40df2-a74c-4a7e-903a-fdcb488457af	20	49490871	49750087	73	0.92
e6d40df2-a74c-4a7e-903a-fdcb488457af	20	49820922	49937166	71	1.4681
e6d40df2-a74c-4a7e-903a-fdcb488457af	20	49941704	50569112	403	1.7229
e6d40df2-a74c-4a7e-903a-fdcb488457af	20	50571723	50580461	13	2.2489
e6d40df2-a74c-4a7e-903a-fdcb488457af	20	50580639	50581391	6	3.0657
e6d40df2-a74c-4a7e-903a-fdcb488457af	20	50581531	50607032	17	2.2317
e6d40df2-a74c-4a7e-903a-fdcb488457af	20	50611428	50856757	119	1.7604
e6d40df2-a74c-4a7e-903a-fdcb488457af	20	50857038	54214923	2368	1.4452
e6d40df2-a74c-4a7e-903a-fdcb488457af	20	54214957	54515978	209	1.5765
e6d40df2-a74c-4a7e-903a-fdcb488457af	20	54522046	54643425	105	0.3313
e6d40df2-a74c-4a7e-903a-fdcb488457af	20	54643947	56564813	1440	0.1422
e6d40df2-a74c-4a7e-903a-fdcb488457af	20	56567062	56584684	15	0.992
e6d40df2-a74c-4a7e-903a-fdcb488457af	20	56587388	61434025	3752	0.1082
e6d40df2-a74c-4a7e-903a-fdcb488457af	20	61434074	61435109	3	-1.1276
e6d40df2-a74c-4a7e-903a-fdcb488457af	20	61436056	63588502	926	0.1412
e6d40df2-a74c-4a7e-903a-fdcb488457af	21	13974127	15289762	878	0.1904
e6d40df2-a74c-4a7e-903a-fdcb488457af	21	15290685	17841742	1460	0.2562
e6d40df2-a74c-4a7e-903a-fdcb488457af	21	17842620	17883353	29	0.6518
e6d40df2-a74c-4a7e-903a-fdcb488457af	21	17885400	19148783	880	0.2669
e6d40df2-a74c-4a7e-903a-fdcb488457af	21	19149342	33309645	9218	0.2129
e6d40df2-a74c-4a7e-903a-fdcb488457af	21	33316609	36062147	1862	0.4195
e6d40df2-a74c-4a7e-903a-fdcb488457af	21	36064338	42835078	5071	0.2139
e6d40df2-a74c-4a7e-903a-fdcb488457af	21	42844412	43034905	118	-0.5195
e6d40df2-a74c-4a7e-903a-fdcb488457af	21	43572694	44730569	485	0.2226
e6d40df2-a74c-4a7e-903a-fdcb488457af	21	44731172	44731486	3	-0.6648
e6d40df2-a74c-4a7e-903a-fdcb488457af	21	44739364	46262057	606	0.2165
e6d40df2-a74c-4a7e-903a-fdcb488457af	22	16934932	17031916	47	0.2193
e6d40df2-a74c-4a7e-903a-fdcb488457af	22	17039481	17097812	41	0.6431
e6d40df2-a74c-4a7e-903a-fdcb488457af	22	17101209	35238626	8889	0.209
e6d40df2-a74c-4a7e-903a-fdcb488457af	22	35247380	48940621	8096	-0.531
e6d40df2-a74c-4a7e-903a-fdcb488457af	X	3236359	9085550	1095	-0.0742
e6d40df2-a74c-4a7e-903a-fdcb488457af	X	9085988	12497552	2135	0.6829
e6d40df2-a74c-4a7e-903a-fdcb488457af	X	12499666	12557711	43	1.0809
e6d40df2-a74c-4a7e-903a-fdcb488457af	X	12560635	12686511	105	0.726
e6d40df2-a74c-4a7e-903a-fdcb488457af	X	12851865	22640136	4818	-0.0432
e6d40df2-a74c-4a7e-903a-fdcb488457af	X	22641876	22642533	3	-1.415
e6d40df2-a74c-4a7e-903a-fdcb488457af	X	22642942	24511076	926	-0.0369
e6d40df2-a74c-4a7e-903a-fdcb488457af	X	24511917	24512022	2	-2.331
e6d40df2-a74c-4a7e-903a-fdcb488457af	X	24512958	45151701	9763	-0.0687
e6d40df2-a74c-4a7e-903a-fdcb488457af	X	45161939	50102510	2067	1.1258
e6d40df2-a74c-4a7e-903a-fdcb488457af	X	50107337	53290050	1207	-0.0595
e6d40df2-a74c-4a7e-903a-fdcb488457af	X	53292887	53312360	14	0.7952
e6d40df2-a74c-4a7e-903a-fdcb488457af	X	53317488	92292193	13104	-0.056
e6d40df2-a74c-4a7e-903a-fdcb488457af	X	92295958	92336794	19	-1.4529
e6d40df2-a74c-4a7e-903a-fdcb488457af	X	92340295	107747149	6491	-0.0503
e6d40df2-a74c-4a7e-903a-fdcb488457af	X	107747203	107751177	4	-1.4253
e6d40df2-a74c-4a7e-903a-fdcb488457af	X	107753097	119788780	5898	-0.063
e6d40df2-a74c-4a7e-903a-fdcb488457af	X	119788923	119789632	2	-1.6162
e6d40df2-a74c-4a7e-903a-fdcb488457af	X	119790045	134998107	7136	-0.0703
e6d40df2-a74c-4a7e-903a-fdcb488457af	X	134998123	134999775	4	-2.1404
e6d40df2-a74c-4a7e-903a-fdcb488457af	X	135000890	155677414	9094	-0.0678
