GDC_Aliquot	Chromosome	Start	End	Num_Probes	Segment_Mean
0cf0722f-55bc-438b-92fd-d7f65d6b4ef4	1	62920	82315	6	-1.0065
0cf0722f-55bc-438b-92fd-d7f65d6b4ef4	1	82650	1300759	155	0.1788
0cf0722f-55bc-438b-92fd-d7f65d6b4ef4	1	1301071	1991141	171	0.4305
0cf0722f-55bc-438b-92fd-d7f65d6b4ef4	1	1991155	12778601	6157	0.2094
0cf0722f-55bc-438b-92fd-d7f65d6b4ef4	1	12779433	12832455	26	0.8356
0cf0722f-55bc-438b-92fd-d7f65d6b4ef4	1	12850124	15816465	1814	0.2179
0cf0722f-55bc-438b-92fd-d7f65d6b4ef4	1	15820537	15828515	21	0.7723
0cf0722f-55bc-438b-92fd-d7f65d6b4ef4	1	15839166	16643683	324	0.18
0cf0722f-55bc-438b-92fd-d7f65d6b4ef4	1	16643816	16686246	9	0.8903
0cf0722f-55bc-438b-92fd-d7f65d6b4ef4	1	16689764	16864367	23	0.1436
0cf0722f-55bc-438b-92fd-d7f65d6b4ef4	1	16868660	16959824	60	0.5479
0cf0722f-55bc-438b-92fd-d7f65d6b4ef4	1	16965399	21992508	3338	0.2032
0cf0722f-55bc-438b-92fd-d7f65d6b4ef4	1	21996664	22010750	4	-1.9066
0cf0722f-55bc-438b-92fd-d7f65d6b4ef4	1	22011632	25284961	1929	0.2006
0cf0722f-55bc-438b-92fd-d7f65d6b4ef4	1	25289805	25351898	17	0.8255
0cf0722f-55bc-438b-92fd-d7f65d6b4ef4	1	25354292	36401633	5752	0.1951
0cf0722f-55bc-438b-92fd-d7f65d6b4ef4	1	36407064	36407648	3	-1.1661
0cf0722f-55bc-438b-92fd-d7f65d6b4ef4	1	36407717	48157129	6825	0.1839
0cf0722f-55bc-438b-92fd-d7f65d6b4ef4	1	48159569	48160678	2	-1.7244
0cf0722f-55bc-438b-92fd-d7f65d6b4ef4	1	48162464	72296993	16152	0.1778
0cf0722f-55bc-438b-92fd-d7f65d6b4ef4	1	72297687	72345465	49	1.5144
0cf0722f-55bc-438b-92fd-d7f65d6b4ef4	1	72346221	75585159	1932	0.1574
0cf0722f-55bc-438b-92fd-d7f65d6b4ef4	1	75589078	75594274	5	1.131
0cf0722f-55bc-438b-92fd-d7f65d6b4ef4	1	75598372	80861307	3426	0.1633
0cf0722f-55bc-438b-92fd-d7f65d6b4ef4	1	80864080	80865290	3	-1.3225
0cf0722f-55bc-438b-92fd-d7f65d6b4ef4	1	80865712	80967647	69	0.1172
0cf0722f-55bc-438b-92fd-d7f65d6b4ef4	1	80972442	80977521	5	-1.0892
0cf0722f-55bc-438b-92fd-d7f65d6b4ef4	1	80978895	93939225	8402	0.1613
0cf0722f-55bc-438b-92fd-d7f65d6b4ef4	1	93942597	96334271	1750	0.2141
0cf0722f-55bc-438b-92fd-d7f65d6b4ef4	1	96335225	96730928	242	0.1263
0cf0722f-55bc-438b-92fd-d7f65d6b4ef4	1	96740447	103566616	4181	-0.3843
0cf0722f-55bc-438b-92fd-d7f65d6b4ef4	1	103566732	103760781	33	0.4934
0cf0722f-55bc-438b-92fd-d7f65d6b4ef4	1	103760879	108951525	3225	-0.3613
0cf0722f-55bc-438b-92fd-d7f65d6b4ef4	1	108954232	108966416	19	-0.9255
0cf0722f-55bc-438b-92fd-d7f65d6b4ef4	1	108966674	109679105	326	-0.274
0cf0722f-55bc-438b-92fd-d7f65d6b4ef4	1	109684695	109697556	15	0.2793
0cf0722f-55bc-438b-92fd-d7f65d6b4ef4	1	109702376	110788378	802	-0.339
0cf0722f-55bc-438b-92fd-d7f65d6b4ef4	1	110789023	110859082	94	-0.0938
0cf0722f-55bc-438b-92fd-d7f65d6b4ef4	1	110859267	111285956	308	-0.37
0cf0722f-55bc-438b-92fd-d7f65d6b4ef4	1	111285982	111286515	12	0.1633
0cf0722f-55bc-438b-92fd-d7f65d6b4ef4	1	111286598	111289583	7	-0.6315
0cf0722f-55bc-438b-92fd-d7f65d6b4ef4	1	111291443	111291716	6	0.3527
0cf0722f-55bc-438b-92fd-d7f65d6b4ef4	1	111291867	112153651	726	-0.3631
0cf0722f-55bc-438b-92fd-d7f65d6b4ef4	1	112153686	112163572	30	0.3604
0cf0722f-55bc-438b-92fd-d7f65d6b4ef4	1	112163576	120138527	5048	-0.3464
0cf0722f-55bc-438b-92fd-d7f65d6b4ef4	1	120141112	120885477	9	0.6178
0cf0722f-55bc-438b-92fd-d7f65d6b4ef4	1	120954128	121561051	83	-0.2333
0cf0722f-55bc-438b-92fd-d7f65d6b4ef4	1	121562160	149820412	1032	0.248
0cf0722f-55bc-438b-92fd-d7f65d6b4ef4	1	149844633	151195484	600	0.6704
0cf0722f-55bc-438b-92fd-d7f65d6b4ef4	1	151198313	151366825	77	0.2226
0cf0722f-55bc-438b-92fd-d7f65d6b4ef4	1	151367005	151367020	2	1.9035
0cf0722f-55bc-438b-92fd-d7f65d6b4ef4	1	151367035	152582700	745	0.2447
0cf0722f-55bc-438b-92fd-d7f65d6b4ef4	1	152583051	152614118	36	1.6408
0cf0722f-55bc-438b-92fd-d7f65d6b4ef4	1	152618018	152787202	167	0.2257
0cf0722f-55bc-438b-92fd-d7f65d6b4ef4	1	152789447	152796224	37	1.2721
0cf0722f-55bc-438b-92fd-d7f65d6b4ef4	1	152801429	154992265	1264	0.2376
0cf0722f-55bc-438b-92fd-d7f65d6b4ef4	1	154993514	155691436	291	0.6712
0cf0722f-55bc-438b-92fd-d7f65d6b4ef4	1	155692180	155693566	2	-2.9392
0cf0722f-55bc-438b-92fd-d7f65d6b4ef4	1	155697170	156429151	318	0.8935
0cf0722f-55bc-438b-92fd-d7f65d6b4ef4	1	156441358	158896783	1739	0.2176
0cf0722f-55bc-438b-92fd-d7f65d6b4ef4	1	158898711	158899969	2	3.4329
0cf0722f-55bc-438b-92fd-d7f65d6b4ef4	1	158905028	168545734	7029	0.1986
0cf0722f-55bc-438b-92fd-d7f65d6b4ef4	1	168546320	168558662	15	-0.4133
0cf0722f-55bc-438b-92fd-d7f65d6b4ef4	1	168558845	169247699	628	0.1861
0cf0722f-55bc-438b-92fd-d7f65d6b4ef4	1	169264736	169273163	8	1.282
0cf0722f-55bc-438b-92fd-d7f65d6b4ef4	1	169285639	189679027	13443	0.2007
0cf0722f-55bc-438b-92fd-d7f65d6b4ef4	1	189679353	189679397	2	-2.2092
0cf0722f-55bc-438b-92fd-d7f65d6b4ef4	1	189682917	193186662	2339	0.1738
0cf0722f-55bc-438b-92fd-d7f65d6b4ef4	1	193187149	193187202	3	1.6714
0cf0722f-55bc-438b-92fd-d7f65d6b4ef4	1	193187218	196729142	2379	0.1827
0cf0722f-55bc-438b-92fd-d7f65d6b4ef4	1	196729169	196792690	58	0.7084
0cf0722f-55bc-438b-92fd-d7f65d6b4ef4	1	196798282	196846661	21	-0.1459
0cf0722f-55bc-438b-92fd-d7f65d6b4ef4	1	196847600	196932623	59	-1.2498
0cf0722f-55bc-438b-92fd-d7f65d6b4ef4	1	196936029	196983144	29	0.4238
0cf0722f-55bc-438b-92fd-d7f65d6b4ef4	1	196983271	198907465	1125	0.137
0cf0722f-55bc-438b-92fd-d7f65d6b4ef4	1	198907683	198907729	2	1.7645
0cf0722f-55bc-438b-92fd-d7f65d6b4ef4	1	198909218	199084915	106	0.0903
0cf0722f-55bc-438b-92fd-d7f65d6b4ef4	1	199085011	199120294	23	0.538
0cf0722f-55bc-438b-92fd-d7f65d6b4ef4	1	199120933	199142235	28	0.0877
0cf0722f-55bc-438b-92fd-d7f65d6b4ef4	1	199142298	199144712	8	-0.8858
0cf0722f-55bc-438b-92fd-d7f65d6b4ef4	1	199145110	199777994	408	0.1306
0cf0722f-55bc-438b-92fd-d7f65d6b4ef4	1	199782731	202598144	1895	0.2251
0cf0722f-55bc-438b-92fd-d7f65d6b4ef4	1	202598425	202598658	3	1.9262
0cf0722f-55bc-438b-92fd-d7f65d6b4ef4	1	202599414	204626771	1422	0.2202
0cf0722f-55bc-438b-92fd-d7f65d6b4ef4	1	204628947	207202684	1535	0.5693
0cf0722f-55bc-438b-92fd-d7f65d6b4ef4	1	207208799	209897717	2143	0.1882
0cf0722f-55bc-438b-92fd-d7f65d6b4ef4	1	209908268	209910639	3	1.5197
0cf0722f-55bc-438b-92fd-d7f65d6b4ef4	1	209913207	211592143	1152	0.1887
0cf0722f-55bc-438b-92fd-d7f65d6b4ef4	1	211594275	211770537	134	0.5299
0cf0722f-55bc-438b-92fd-d7f65d6b4ef4	1	211774418	214117685	1505	0.1886
0cf0722f-55bc-438b-92fd-d7f65d6b4ef4	1	214117997	214471811	314	0.6467
0cf0722f-55bc-438b-92fd-d7f65d6b4ef4	1	214471920	214471977	4	1.4905
0cf0722f-55bc-438b-92fd-d7f65d6b4ef4	1	214474285	214710383	167	0.652
0cf0722f-55bc-438b-92fd-d7f65d6b4ef4	1	214711204	214755242	29	0.1999
0cf0722f-55bc-438b-92fd-d7f65d6b4ef4	1	214759419	216041119	886	0.6351
0cf0722f-55bc-438b-92fd-d7f65d6b4ef4	1	216042399	216050440	8	1.2762
0cf0722f-55bc-438b-92fd-d7f65d6b4ef4	1	216051757	216206038	95	0.6376
0cf0722f-55bc-438b-92fd-d7f65d6b4ef4	1	216211989	218291312	1598	0.2125
0cf0722f-55bc-438b-92fd-d7f65d6b4ef4	1	218293349	218635851	230	0.5818
0cf0722f-55bc-438b-92fd-d7f65d6b4ef4	1	218636811	225088122	4237	0.1921
0cf0722f-55bc-438b-92fd-d7f65d6b4ef4	1	225095349	225283759	104	0.5846
0cf0722f-55bc-438b-92fd-d7f65d6b4ef4	1	225283981	227027095	1060	0.2027
0cf0722f-55bc-438b-92fd-d7f65d6b4ef4	1	227027521	227672088	421	0.519
0cf0722f-55bc-438b-92fd-d7f65d6b4ef4	1	227679757	229675422	1107	0.2069
0cf0722f-55bc-438b-92fd-d7f65d6b4ef4	1	229681109	229684449	3	-1.2699
0cf0722f-55bc-438b-92fd-d7f65d6b4ef4	1	229684709	231645163	1411	0.1929
0cf0722f-55bc-438b-92fd-d7f65d6b4ef4	1	231646457	231646463	3	1.4797
0cf0722f-55bc-438b-92fd-d7f65d6b4ef4	1	231652755	234168164	2114	0.1941
0cf0722f-55bc-438b-92fd-d7f65d6b4ef4	1	234169430	238586809	3285	0.5685
0cf0722f-55bc-438b-92fd-d7f65d6b4ef4	1	238588320	238588637	5	-0.5895
0cf0722f-55bc-438b-92fd-d7f65d6b4ef4	1	238589096	239568577	725	0.5797
0cf0722f-55bc-438b-92fd-d7f65d6b4ef4	1	239576070	239825549	196	1.067
0cf0722f-55bc-438b-92fd-d7f65d6b4ef4	1	239826448	240228440	376	0.5732
0cf0722f-55bc-438b-92fd-d7f65d6b4ef4	1	240230715	240230839	6	1.5849
0cf0722f-55bc-438b-92fd-d7f65d6b4ef4	1	240232805	248424525	5656	0.5649
0cf0722f-55bc-438b-92fd-d7f65d6b4ef4	1	248429571	248524544	24	0.0358
0cf0722f-55bc-438b-92fd-d7f65d6b4ef4	1	248524859	248572774	8	-1.111
0cf0722f-55bc-438b-92fd-d7f65d6b4ef4	1	248574146	248930189	174	0.215
0cf0722f-55bc-438b-92fd-d7f65d6b4ef4	2	12784	5170889	3822	0.5385
0cf0722f-55bc-438b-92fd-d7f65d6b4ef4	2	5171259	10141977	3961	0.1492
0cf0722f-55bc-438b-92fd-d7f65d6b4ef4	2	10146239	10146408	3	-1.4343
0cf0722f-55bc-438b-92fd-d7f65d6b4ef4	2	10147183	24374168	10146	0.154
0cf0722f-55bc-438b-92fd-d7f65d6b4ef4	2	24374359	24396983	41	0.4976
0cf0722f-55bc-438b-92fd-d7f65d6b4ef4	2	24396996	29412932	2674	0.1709
0cf0722f-55bc-438b-92fd-d7f65d6b4ef4	2	29416272	29416897	5	-1.0597
0cf0722f-55bc-438b-92fd-d7f65d6b4ef4	2	29417405	34476327	3448	0.1493
0cf0722f-55bc-438b-92fd-d7f65d6b4ef4	2	34476516	34511990	44	0.8419
0cf0722f-55bc-438b-92fd-d7f65d6b4ef4	2	34512096	35750907	872	0.1431
0cf0722f-55bc-438b-92fd-d7f65d6b4ef4	2	35752724	35762850	6	1.2033
0cf0722f-55bc-438b-92fd-d7f65d6b4ef4	2	35762881	35784548	16	0.2357
0cf0722f-55bc-438b-92fd-d7f65d6b4ef4	2	35784875	35785159	2	-1.9012
0cf0722f-55bc-438b-92fd-d7f65d6b4ef4	2	35785199	40256500	3299	0.1492
0cf0722f-55bc-438b-92fd-d7f65d6b4ef4	2	40257519	40259799	6	-1.2252
0cf0722f-55bc-438b-92fd-d7f65d6b4ef4	2	40261515	47618877	5501	0.154
0cf0722f-55bc-438b-92fd-d7f65d6b4ef4	2	47619051	50262541	1694	0.5395
0cf0722f-55bc-438b-92fd-d7f65d6b4ef4	2	50262791	50262804	2	-1.12
0cf0722f-55bc-438b-92fd-d7f65d6b4ef4	2	50274269	51255441	755	0.5723
0cf0722f-55bc-438b-92fd-d7f65d6b4ef4	2	51257255	52509639	845	0.1592
0cf0722f-55bc-438b-92fd-d7f65d6b4ef4	2	52509656	52554404	50	0.648
0cf0722f-55bc-438b-92fd-d7f65d6b4ef4	2	52560811	87228594	22038	0.1582
0cf0722f-55bc-438b-92fd-d7f65d6b4ef4	2	87229739	87660796	82	0.5948
0cf0722f-55bc-438b-92fd-d7f65d6b4ef4	2	87672366	89044490	600	0.1777
0cf0722f-55bc-438b-92fd-d7f65d6b4ef4	2	89055939	89156391	24	-0.6321
0cf0722f-55bc-438b-92fd-d7f65d6b4ef4	2	89161562	97210040	1093	0.1832
0cf0722f-55bc-438b-92fd-d7f65d6b4ef4	2	97210463	97210536	2	-2.6921
0cf0722f-55bc-438b-92fd-d7f65d6b4ef4	2	97211069	97359885	16	0.0779
0cf0722f-55bc-438b-92fd-d7f65d6b4ef4	2	97524284	97545247	8	1.8497
0cf0722f-55bc-438b-92fd-d7f65d6b4ef4	2	97545726	97638277	20	0.5958
0cf0722f-55bc-438b-92fd-d7f65d6b4ef4	2	97638482	106266773	5555	0.1563
0cf0722f-55bc-438b-92fd-d7f65d6b4ef4	2	106266875	106268557	6	1.4875
0cf0722f-55bc-438b-92fd-d7f65d6b4ef4	2	106268901	110680034	2200	0.1686
0cf0722f-55bc-438b-92fd-d7f65d6b4ef4	2	110682702	111239941	360	-1.3656
0cf0722f-55bc-438b-92fd-d7f65d6b4ef4	2	111240098	111407836	47	-0.7998
0cf0722f-55bc-438b-92fd-d7f65d6b4ef4	2	111411895	113604438	1175	0.1698
0cf0722f-55bc-438b-92fd-d7f65d6b4ef4	2	113604837	113604839	2	-2.9963
0cf0722f-55bc-438b-92fd-d7f65d6b4ef4	2	113623244	114781818	733	0.1832
0cf0722f-55bc-438b-92fd-d7f65d6b4ef4	2	114782002	114784928	15	0.8376
0cf0722f-55bc-438b-92fd-d7f65d6b4ef4	2	114785021	140424503	15795	0.1575
0cf0722f-55bc-438b-92fd-d7f65d6b4ef4	2	140437058	140636052	141	0.5522
0cf0722f-55bc-438b-92fd-d7f65d6b4ef4	2	140639019	184379336	27027	0.1354
0cf0722f-55bc-438b-92fd-d7f65d6b4ef4	2	184392326	184400102	15	-0.7068
0cf0722f-55bc-438b-92fd-d7f65d6b4ef4	2	184400238	185432630	579	0.1285
0cf0722f-55bc-438b-92fd-d7f65d6b4ef4	2	185433497	185568316	59	0.4656
0cf0722f-55bc-438b-92fd-d7f65d6b4ef4	2	185569056	195125374	5304	0.1432
0cf0722f-55bc-438b-92fd-d7f65d6b4ef4	2	195127591	195315291	110	0.3749
0cf0722f-55bc-438b-92fd-d7f65d6b4ef4	2	195315562	202431284	4107	0.1284
0cf0722f-55bc-438b-92fd-d7f65d6b4ef4	2	202433164	202448915	39	0.5632
0cf0722f-55bc-438b-92fd-d7f65d6b4ef4	2	202450169	207486030	3125	0.1434
0cf0722f-55bc-438b-92fd-d7f65d6b4ef4	2	207490188	207491370	10	0.8117
0cf0722f-55bc-438b-92fd-d7f65d6b4ef4	2	207491392	214846907	4691	0.1531
0cf0722f-55bc-438b-92fd-d7f65d6b4ef4	2	214850983	214851445	2	-1.4167
0cf0722f-55bc-438b-92fd-d7f65d6b4ef4	2	214851508	217411095	1800	0.1625
0cf0722f-55bc-438b-92fd-d7f65d6b4ef4	2	217411422	217411517	3	1.1675
0cf0722f-55bc-438b-92fd-d7f65d6b4ef4	2	217417079	218407678	607	0.161
0cf0722f-55bc-438b-92fd-d7f65d6b4ef4	2	218410827	234220862	10044	-0.4033
0cf0722f-55bc-438b-92fd-d7f65d6b4ef4	2	234225502	234225748	2	-4.0458
0cf0722f-55bc-438b-92fd-d7f65d6b4ef4	2	234228195	240063161	3940	-0.388
0cf0722f-55bc-438b-92fd-d7f65d6b4ef4	2	240063721	240063735	2	-2.9247
0cf0722f-55bc-438b-92fd-d7f65d6b4ef4	2	240064188	242147305	990	-0.3508
0cf0722f-55bc-438b-92fd-d7f65d6b4ef4	3	20930	4125604	3731	0.1418
0cf0722f-55bc-438b-92fd-d7f65d6b4ef4	3	4132155	4169512	27	-1.1729
0cf0722f-55bc-438b-92fd-d7f65d6b4ef4	3	4171000	46008216	28952	0.1372
0cf0722f-55bc-438b-92fd-d7f65d6b4ef4	3	46008344	46010221	2	-2.6561
0cf0722f-55bc-438b-92fd-d7f65d6b4ef4	3	46010251	46384426	244	0.0578
0cf0722f-55bc-438b-92fd-d7f65d6b4ef4	3	46384443	46384473	2	-1.3029
0cf0722f-55bc-438b-92fd-d7f65d6b4ef4	3	46384743	46760471	237	0.1366
0cf0722f-55bc-438b-92fd-d7f65d6b4ef4	3	46760515	46806126	35	-1.0235
0cf0722f-55bc-438b-92fd-d7f65d6b4ef4	3	46807689	52994359	2497	0.1526
0cf0722f-55bc-438b-92fd-d7f65d6b4ef4	3	52997720	52998009	11	1.0096
0cf0722f-55bc-438b-92fd-d7f65d6b4ef4	3	52998022	61008760	6015	0.1359
0cf0722f-55bc-438b-92fd-d7f65d6b4ef4	3	61009928	61010264	3	-1.4356
0cf0722f-55bc-438b-92fd-d7f65d6b4ef4	3	61010548	62684964	1375	0.1654
0cf0722f-55bc-438b-92fd-d7f65d6b4ef4	3	62685267	62686828	11	0.7954
0cf0722f-55bc-438b-92fd-d7f65d6b4ef4	3	62687068	65203969	2189	0.1531
0cf0722f-55bc-438b-92fd-d7f65d6b4ef4	3	65204342	65232734	56	0.435
0cf0722f-55bc-438b-92fd-d7f65d6b4ef4	3	65232767	68697013	2415	0.169
0cf0722f-55bc-438b-92fd-d7f65d6b4ef4	3	68697108	68700106	23	0.9709
0cf0722f-55bc-438b-92fd-d7f65d6b4ef4	3	68700200	88396083	11986	0.1564
0cf0722f-55bc-438b-92fd-d7f65d6b4ef4	3	88401715	88529033	79	0.5921
0cf0722f-55bc-438b-92fd-d7f65d6b4ef4	3	88532057	89211843	397	0.8789
0cf0722f-55bc-438b-92fd-d7f65d6b4ef4	3	89211911	91462299	595	0.5459
0cf0722f-55bc-438b-92fd-d7f65d6b4ef4	3	93800634	99205642	2841	0.8379
0cf0722f-55bc-438b-92fd-d7f65d6b4ef4	3	99210576	99230457	41	1.2318
0cf0722f-55bc-438b-92fd-d7f65d6b4ef4	3	99230464	100648381	769	0.811
0cf0722f-55bc-438b-92fd-d7f65d6b4ef4	3	100648519	100683454	21	1.211
0cf0722f-55bc-438b-92fd-d7f65d6b4ef4	3	100692517	100964460	192	0.8244
0cf0722f-55bc-438b-92fd-d7f65d6b4ef4	3	100967696	117112654	10019	0.7863
0cf0722f-55bc-438b-92fd-d7f65d6b4ef4	3	117113667	117273278	126	1.0094
0cf0722f-55bc-438b-92fd-d7f65d6b4ef4	3	117276200	128553687	6901	0.7797
0cf0722f-55bc-438b-92fd-d7f65d6b4ef4	3	128556653	130044855	693	0.8156
0cf0722f-55bc-438b-92fd-d7f65d6b4ef4	3	130047743	130087393	37	-1.5651
0cf0722f-55bc-438b-92fd-d7f65d6b4ef4	3	130088081	134758794	3017	0.788
0cf0722f-55bc-438b-92fd-d7f65d6b4ef4	3	134759153	134759713	5	-0.5902
0cf0722f-55bc-438b-92fd-d7f65d6b4ef4	3	134760439	136057180	910	0.7911
0cf0722f-55bc-438b-92fd-d7f65d6b4ef4	3	136060574	136149978	39	0.1452
0cf0722f-55bc-438b-92fd-d7f65d6b4ef4	3	136155743	137308837	509	0.7782
0cf0722f-55bc-438b-92fd-d7f65d6b4ef4	3	137309112	137309121	7	-0.0742
0cf0722f-55bc-438b-92fd-d7f65d6b4ef4	3	137311987	146682191	5919	0.7953
0cf0722f-55bc-438b-92fd-d7f65d6b4ef4	3	146682508	147969350	688	0.8852
0cf0722f-55bc-438b-92fd-d7f65d6b4ef4	3	147970210	154775592	4311	0.7786
0cf0722f-55bc-438b-92fd-d7f65d6b4ef4	3	154777163	154778164	5	-1.2894
0cf0722f-55bc-438b-92fd-d7f65d6b4ef4	3	154778302	162506177	4683	0.7833
0cf0722f-55bc-438b-92fd-d7f65d6b4ef4	3	162508857	162509171	7	2.211
0cf0722f-55bc-438b-92fd-d7f65d6b4ef4	3	162518746	162794951	173	0.8155
0cf0722f-55bc-438b-92fd-d7f65d6b4ef4	3	162795304	162898127	62	1.7449
0cf0722f-55bc-438b-92fd-d7f65d6b4ef4	3	162906054	162996729	78	0.8183
0cf0722f-55bc-438b-92fd-d7f65d6b4ef4	3	162999939	163001774	2	-3.5161
0cf0722f-55bc-438b-92fd-d7f65d6b4ef4	3	163008371	165341781	1271	0.8071
0cf0722f-55bc-438b-92fd-d7f65d6b4ef4	3	165341795	165344711	11	1.7702
0cf0722f-55bc-438b-92fd-d7f65d6b4ef4	3	165344960	187863073	13977	0.8018
0cf0722f-55bc-438b-92fd-d7f65d6b4ef4	3	187869052	187869784	7	1.7488
0cf0722f-55bc-438b-92fd-d7f65d6b4ef4	3	187876304	187878126	11	0.8528
0cf0722f-55bc-438b-92fd-d7f65d6b4ef4	3	187878159	187878586	11	1.6359
0cf0722f-55bc-438b-92fd-d7f65d6b4ef4	3	187878673	193160113	3814	0.792
0cf0722f-55bc-438b-92fd-d7f65d6b4ef4	3	193160173	193161217	6	3.5056
0cf0722f-55bc-438b-92fd-d7f65d6b4ef4	3	193162684	193165114	13	1.8479
0cf0722f-55bc-438b-92fd-d7f65d6b4ef4	3	193168646	195558822	1483	0.8294
0cf0722f-55bc-438b-92fd-d7f65d6b4ef4	3	195559056	195747892	45	1.526
0cf0722f-55bc-438b-92fd-d7f65d6b4ef4	3	195751823	197579641	895	0.8599
0cf0722f-55bc-438b-92fd-d7f65d6b4ef4	3	197580574	197587951	13	-0.2124
0cf0722f-55bc-438b-92fd-d7f65d6b4ef4	3	197588227	198142659	254	0.8804
0cf0722f-55bc-438b-92fd-d7f65d6b4ef4	3	198169114	198169247	4	-0.4851
0cf0722f-55bc-438b-92fd-d7f65d6b4ef4	4	68929	3597723	1439	0.1732
0cf0722f-55bc-438b-92fd-d7f65d6b4ef4	4	3598142	3600457	2	-1.8828
0cf0722f-55bc-438b-92fd-d7f65d6b4ef4	4	3607663	9455251	3718	0.1968
0cf0722f-55bc-438b-92fd-d7f65d6b4ef4	4	9459504	9477699	5	1.9258
0cf0722f-55bc-438b-92fd-d7f65d6b4ef4	4	9484440	10208766	540	0.1426
0cf0722f-55bc-438b-92fd-d7f65d6b4ef4	4	10212536	10229874	29	-1.8531
0cf0722f-55bc-438b-92fd-d7f65d6b4ef4	4	10232590	10389091	178	0.1075
0cf0722f-55bc-438b-92fd-d7f65d6b4ef4	4	10390730	10399044	16	0.8959
0cf0722f-55bc-438b-92fd-d7f65d6b4ef4	4	10401094	20631189	7486	0.1529
0cf0722f-55bc-438b-92fd-d7f65d6b4ef4	4	20637613	21514297	665	-0.3811
0cf0722f-55bc-438b-92fd-d7f65d6b4ef4	4	21516422	34777353	8636	0.1567
0cf0722f-55bc-438b-92fd-d7f65d6b4ef4	4	34777382	34823103	42	0.996
0cf0722f-55bc-438b-92fd-d7f65d6b4ef4	4	34828250	48146591	8392	0.1504
0cf0722f-55bc-438b-92fd-d7f65d6b4ef4	4	48146606	49214614	584	0.2968
0cf0722f-55bc-438b-92fd-d7f65d6b4ef4	4	49289175	49289338	2	-1.6928
0cf0722f-55bc-438b-92fd-d7f65d6b4ef4	4	49295203	54353318	1620	0.1259
0cf0722f-55bc-438b-92fd-d7f65d6b4ef4	4	54353363	54354188	8	-1.3386
0cf0722f-55bc-438b-92fd-d7f65d6b4ef4	4	54355243	63816428	5947	0.1529
0cf0722f-55bc-438b-92fd-d7f65d6b4ef4	4	63818451	63857475	44	0.5927
0cf0722f-55bc-438b-92fd-d7f65d6b4ef4	4	63859786	63861672	4	-2.2692
0cf0722f-55bc-438b-92fd-d7f65d6b4ef4	4	63865087	64955247	654	0.1828
0cf0722f-55bc-438b-92fd-d7f65d6b4ef4	4	64955795	64978333	34	0.7011
0cf0722f-55bc-438b-92fd-d7f65d6b4ef4	4	64978716	69254981	2553	0.149
0cf0722f-55bc-438b-92fd-d7f65d6b4ef4	4	69255175	69428422	89	0.454
0cf0722f-55bc-438b-92fd-d7f65d6b4ef4	4	69428887	86054070	10412	0.1513
0cf0722f-55bc-438b-92fd-d7f65d6b4ef4	4	86054941	86061275	22	-0.5587
0cf0722f-55bc-438b-92fd-d7f65d6b4ef4	4	86061281	105782376	11688	0.1292
0cf0722f-55bc-438b-92fd-d7f65d6b4ef4	4	105788935	105795937	6	-1.1804
0cf0722f-55bc-438b-92fd-d7f65d6b4ef4	4	105796640	107145001	739	0.1372
0cf0722f-55bc-438b-92fd-d7f65d6b4ef4	4	107145112	107150471	16	1.0442
0cf0722f-55bc-438b-92fd-d7f65d6b4ef4	4	107150731	108452118	826	0.1526
0cf0722f-55bc-438b-92fd-d7f65d6b4ef4	4	108452505	108454780	3	-1.4609
0cf0722f-55bc-438b-92fd-d7f65d6b4ef4	4	108463458	120601757	7472	0.1396
0cf0722f-55bc-438b-92fd-d7f65d6b4ef4	4	120602424	120622264	19	-1.4301
0cf0722f-55bc-438b-92fd-d7f65d6b4ef4	4	120626306	121360818	470	0.1275
0cf0722f-55bc-438b-92fd-d7f65d6b4ef4	4	121361313	121363980	28	-1.1493
0cf0722f-55bc-438b-92fd-d7f65d6b4ef4	4	121369976	137261327	8975	0.1391
0cf0722f-55bc-438b-92fd-d7f65d6b4ef4	4	137261339	137267606	36	0.6068
0cf0722f-55bc-438b-92fd-d7f65d6b4ef4	4	137267629	143909660	4315	0.1342
0cf0722f-55bc-438b-92fd-d7f65d6b4ef4	4	143911133	144068850	77	0.4022
0cf0722f-55bc-438b-92fd-d7f65d6b4ef4	4	144073750	150939918	3831	0.1202
0cf0722f-55bc-438b-92fd-d7f65d6b4ef4	4	150944960	151067517	84	0.3825
0cf0722f-55bc-438b-92fd-d7f65d6b4ef4	4	151070350	160950731	6279	0.1371
0cf0722f-55bc-438b-92fd-d7f65d6b4ef4	4	160952454	160964197	44	0.4938
0cf0722f-55bc-438b-92fd-d7f65d6b4ef4	4	160966393	167943523	4415	0.14
0cf0722f-55bc-438b-92fd-d7f65d6b4ef4	4	167943780	168055116	63	0.5022
0cf0722f-55bc-438b-92fd-d7f65d6b4ef4	4	168057164	168058099	5	-0.3778
0cf0722f-55bc-438b-92fd-d7f65d6b4ef4	4	168058112	168066311	18	0.5745
0cf0722f-55bc-438b-92fd-d7f65d6b4ef4	4	168066324	170333153	1456	0.1397
0cf0722f-55bc-438b-92fd-d7f65d6b4ef4	4	170333970	170353073	17	0.6295
0cf0722f-55bc-438b-92fd-d7f65d6b4ef4	4	170354739	171448195	680	0.1306
0cf0722f-55bc-438b-92fd-d7f65d6b4ef4	4	171453733	171460314	16	1.0208
0cf0722f-55bc-438b-92fd-d7f65d6b4ef4	4	171460359	172067997	394	0.1491
0cf0722f-55bc-438b-92fd-d7f65d6b4ef4	4	172068015	172068382	11	1.4868
0cf0722f-55bc-438b-92fd-d7f65d6b4ef4	4	172074828	172501371	231	0.1732
0cf0722f-55bc-438b-92fd-d7f65d6b4ef4	4	172503796	172519981	8	1.766
0cf0722f-55bc-438b-92fd-d7f65d6b4ef4	4	172532557	182101932	6456	0.1408
0cf0722f-55bc-438b-92fd-d7f65d6b4ef4	4	182102600	182223980	99	-0.4194
0cf0722f-55bc-438b-92fd-d7f65d6b4ef4	4	182224092	182631147	315	0.1192
0cf0722f-55bc-438b-92fd-d7f65d6b4ef4	4	182631670	186982769	3022	0.1853
0cf0722f-55bc-438b-92fd-d7f65d6b4ef4	4	186983896	188511336	997	0.1006
0cf0722f-55bc-438b-92fd-d7f65d6b4ef4	4	188511393	188511528	5	1.2978
0cf0722f-55bc-438b-92fd-d7f65d6b4ef4	4	188511692	190106768	954	0.1272
0cf0722f-55bc-438b-92fd-d7f65d6b4ef4	5	15532	11805140	9624	0.1525
0cf0722f-55bc-438b-92fd-d7f65d6b4ef4	5	11805242	11814268	18	-0.6009
0cf0722f-55bc-438b-92fd-d7f65d6b4ef4	5	11816225	12785079	543	0.1578
0cf0722f-55bc-438b-92fd-d7f65d6b4ef4	5	12785134	12791608	6	-0.6801
0cf0722f-55bc-438b-92fd-d7f65d6b4ef4	5	12800777	12819964	10	1.5283
0cf0722f-55bc-438b-92fd-d7f65d6b4ef4	5	12824299	21370468	5468	0.1854
0cf0722f-55bc-438b-92fd-d7f65d6b4ef4	5	21376735	21377744	3	-1.9388
0cf0722f-55bc-438b-92fd-d7f65d6b4ef4	5	21385957	21449167	44	0.2921
0cf0722f-55bc-438b-92fd-d7f65d6b4ef4	5	21451091	21452329	5	1.4538
0cf0722f-55bc-438b-92fd-d7f65d6b4ef4	5	21452387	45878225	14881	0.1617
0cf0722f-55bc-438b-92fd-d7f65d6b4ef4	5	45880280	45888562	3	-1.1872
0cf0722f-55bc-438b-92fd-d7f65d6b4ef4	5	45892447	46191782	55	0.3333
0cf0722f-55bc-438b-92fd-d7f65d6b4ef4	5	46195781	46199333	4	-1.0384
0cf0722f-55bc-438b-92fd-d7f65d6b4ef4	5	46209197	46271006	15	0.3262
0cf0722f-55bc-438b-92fd-d7f65d6b4ef4	5	46271828	46273400	6	1.4221
0cf0722f-55bc-438b-92fd-d7f65d6b4ef4	5	46278110	55643243	3413	0.1561
0cf0722f-55bc-438b-92fd-d7f65d6b4ef4	5	55648434	55648442	2	2.0817
0cf0722f-55bc-438b-92fd-d7f65d6b4ef4	5	55652905	58025759	1660	0.1645
0cf0722f-55bc-438b-92fd-d7f65d6b4ef4	5	58025819	58042530	34	0.654
0cf0722f-55bc-438b-92fd-d7f65d6b4ef4	5	58044246	60889604	1946	0.1633
0cf0722f-55bc-438b-92fd-d7f65d6b4ef4	5	60892395	104515520	24898	0.1999
0cf0722f-55bc-438b-92fd-d7f65d6b4ef4	5	104524672	104524903	4	-1.8232
0cf0722f-55bc-438b-92fd-d7f65d6b4ef4	5	104525348	122142128	12050	0.1905
0cf0722f-55bc-438b-92fd-d7f65d6b4ef4	5	122144821	122145488	4	-1.3712
0cf0722f-55bc-438b-92fd-d7f65d6b4ef4	5	122145952	150822643	17755	0.2015
0cf0722f-55bc-438b-92fd-d7f65d6b4ef4	5	150825938	150839042	8	-3.7114
0cf0722f-55bc-438b-92fd-d7f65d6b4ef4	5	150843825	152131496	954	0.2004
0cf0722f-55bc-438b-92fd-d7f65d6b4ef4	5	152132087	152140936	26	0.7018
0cf0722f-55bc-438b-92fd-d7f65d6b4ef4	5	152141650	156068249	2674	0.1811
0cf0722f-55bc-438b-92fd-d7f65d6b4ef4	5	156073982	156075169	2	-1.5989
0cf0722f-55bc-438b-92fd-d7f65d6b4ef4	5	156077395	171017078	10491	0.1891
0cf0722f-55bc-438b-92fd-d7f65d6b4ef4	5	171022422	177770954	4312	0.2447
0cf0722f-55bc-438b-92fd-d7f65d6b4ef4	5	177771448	177805604	4	3.4928
0cf0722f-55bc-438b-92fd-d7f65d6b4ef4	5	177827964	180766199	1690	0.2279
0cf0722f-55bc-438b-92fd-d7f65d6b4ef4	5	180766779	180767609	3	-1.692
0cf0722f-55bc-438b-92fd-d7f65d6b4ef4	5	180768522	181363319	290	0.165
0cf0722f-55bc-438b-92fd-d7f65d6b4ef4	6	149661	217548	48	-0.3149
0cf0722f-55bc-438b-92fd-d7f65d6b4ef4	6	219692	227385	17	-1.0924
0cf0722f-55bc-438b-92fd-d7f65d6b4ef4	6	229169	254283	35	-0.3014
0cf0722f-55bc-438b-92fd-d7f65d6b4ef4	6	257353	380821	100	0.1902
0cf0722f-55bc-438b-92fd-d7f65d6b4ef4	6	381149	24112142	18274	-0.3941
0cf0722f-55bc-438b-92fd-d7f65d6b4ef4	6	24112309	24112509	2	-2.83
0cf0722f-55bc-438b-92fd-d7f65d6b4ef4	6	24118996	24256324	107	-0.4663
0cf0722f-55bc-438b-92fd-d7f65d6b4ef4	6	24256543	24268525	2	1.507
0cf0722f-55bc-438b-92fd-d7f65d6b4ef4	6	24278602	26743855	1643	-0.4184
0cf0722f-55bc-438b-92fd-d7f65d6b4ef4	6	26747492	26862132	14	0.4389
0cf0722f-55bc-438b-92fd-d7f65d6b4ef4	6	26862248	27587347	322	-0.4183
0cf0722f-55bc-438b-92fd-d7f65d6b4ef4	6	27593530	27701057	47	0.0261
0cf0722f-55bc-438b-92fd-d7f65d6b4ef4	6	27701157	29744982	935	-0.4038
0cf0722f-55bc-438b-92fd-d7f65d6b4ef4	6	29748220	29748613	2	-2.3633
0cf0722f-55bc-438b-92fd-d7f65d6b4ef4	6	29756370	29869295	100	-0.3497
0cf0722f-55bc-438b-92fd-d7f65d6b4ef4	6	29869410	29907031	24	0.6649
0cf0722f-55bc-438b-92fd-d7f65d6b4ef4	6	29909182	32836222	1363	-0.368
0cf0722f-55bc-438b-92fd-d7f65d6b4ef4	6	32836293	33969942	659	0.1528
0cf0722f-55bc-438b-92fd-d7f65d6b4ef4	6	33970029	33974928	9	-1.4312
0cf0722f-55bc-438b-92fd-d7f65d6b4ef4	6	33976809	73882142	23296	0.1697
0cf0722f-55bc-438b-92fd-d7f65d6b4ef4	6	73882509	73887625	9	1.1844
0cf0722f-55bc-438b-92fd-d7f65d6b4ef4	6	73891694	76305231	1473	0.1737
0cf0722f-55bc-438b-92fd-d7f65d6b4ef4	6	76307183	76307209	3	1.7192
0cf0722f-55bc-438b-92fd-d7f65d6b4ef4	6	76307276	78261995	1297	0.1677
0cf0722f-55bc-438b-92fd-d7f65d6b4ef4	6	78262064	78325468	109	-0.9211
0cf0722f-55bc-438b-92fd-d7f65d6b4ef4	6	78329517	93815677	9937	0.1511
0cf0722f-55bc-438b-92fd-d7f65d6b4ef4	6	93818710	95433859	791	0.2308
0cf0722f-55bc-438b-92fd-d7f65d6b4ef4	6	95438211	103286299	4748	0.1431
0cf0722f-55bc-438b-92fd-d7f65d6b4ef4	6	103286770	103314174	50	1.205
0cf0722f-55bc-438b-92fd-d7f65d6b4ef4	6	103314186	103757462	315	0.1398
0cf0722f-55bc-438b-92fd-d7f65d6b4ef4	6	103757580	103759078	2	-1.5774
0cf0722f-55bc-438b-92fd-d7f65d6b4ef4	6	103763320	115057911	6999	0.1508
0cf0722f-55bc-438b-92fd-d7f65d6b4ef4	6	115057996	115086809	3	-1.7264
0cf0722f-55bc-438b-92fd-d7f65d6b4ef4	6	115087407	160661663	29668	0.1546
0cf0722f-55bc-438b-92fd-d7f65d6b4ef4	6	160662525	168939506	6090	0.191
0cf0722f-55bc-438b-92fd-d7f65d6b4ef4	6	168940053	168971725	42	-0.0085
0cf0722f-55bc-438b-92fd-d7f65d6b4ef4	6	168974217	168987579	7	1.016
0cf0722f-55bc-438b-92fd-d7f65d6b4ef4	6	168988349	170598071	1060	0.1417
0cf0722f-55bc-438b-92fd-d7f65d6b4ef4	6	170599922	170741917	6	-0.3834
0cf0722f-55bc-438b-92fd-d7f65d6b4ef4	7	43355	17476242	12050	-0.3694
0cf0722f-55bc-438b-92fd-d7f65d6b4ef4	7	17480281	17480732	3	-2.1767
0cf0722f-55bc-438b-92fd-d7f65d6b4ef4	7	17480899	17672551	175	-0.2711
0cf0722f-55bc-438b-92fd-d7f65d6b4ef4	7	17672622	18953487	987	-0.4206
0cf0722f-55bc-438b-92fd-d7f65d6b4ef4	7	18953626	19161922	338	-0.2966
0cf0722f-55bc-438b-92fd-d7f65d6b4ef4	7	19164155	19185191	49	0.1134
0cf0722f-55bc-438b-92fd-d7f65d6b4ef4	7	19199968	38239282	13766	-0.3802
0cf0722f-55bc-438b-92fd-d7f65d6b4ef4	7	38244142	38318811	111	0.0438
0cf0722f-55bc-438b-92fd-d7f65d6b4ef4	7	38319127	38347842	15	-0.2398
0cf0722f-55bc-438b-92fd-d7f65d6b4ef4	7	38351764	38356875	4	-1.7583
0cf0722f-55bc-438b-92fd-d7f65d6b4ef4	7	38361356	54305455	10991	-0.3834
0cf0722f-55bc-438b-92fd-d7f65d6b4ef4	7	54318812	54318824	6	1.3555
0cf0722f-55bc-438b-92fd-d7f65d6b4ef4	7	54325795	54778938	331	-0.3851
0cf0722f-55bc-438b-92fd-d7f65d6b4ef4	7	54782988	54807838	37	-1.2947
0cf0722f-55bc-438b-92fd-d7f65d6b4ef4	7	54811052	56693807	1191	-0.3624
0cf0722f-55bc-438b-92fd-d7f65d6b4ef4	7	56694420	56701121	3	-1.9464
0cf0722f-55bc-438b-92fd-d7f65d6b4ef4	7	56704473	62332999	502	-0.3563
0cf0722f-55bc-438b-92fd-d7f65d6b4ef4	7	62526795	62617377	24	0.1518
0cf0722f-55bc-438b-92fd-d7f65d6b4ef4	7	62617439	62663696	24	-0.3441
0cf0722f-55bc-438b-92fd-d7f65d6b4ef4	7	62695960	62696259	8	0.4776
0cf0722f-55bc-438b-92fd-d7f65d6b4ef4	7	62696353	62835518	26	-0.0294
0cf0722f-55bc-438b-92fd-d7f65d6b4ef4	7	62835676	62865135	4	0.5567
0cf0722f-55bc-438b-92fd-d7f65d6b4ef4	7	62904814	62924899	12	-0.9655
0cf0722f-55bc-438b-92fd-d7f65d6b4ef4	7	62924962	65025285	833	-0.355
0cf0722f-55bc-438b-92fd-d7f65d6b4ef4	7	65027526	66162045	393	-0.2169
0cf0722f-55bc-438b-92fd-d7f65d6b4ef4	7	66165015	70951976	2732	-0.3705
0cf0722f-55bc-438b-92fd-d7f65d6b4ef4	7	70954428	70961155	5	0.6578
0cf0722f-55bc-438b-92fd-d7f65d6b4ef4	7	70963257	71437630	351	-0.3706
0cf0722f-55bc-438b-92fd-d7f65d6b4ef4	7	71438457	77082598	1960	-0.2939
0cf0722f-55bc-438b-92fd-d7f65d6b4ef4	7	77083484	88743311	7593	-0.3829
0cf0722f-55bc-438b-92fd-d7f65d6b4ef4	7	88743736	88752560	11	0.4615
0cf0722f-55bc-438b-92fd-d7f65d6b4ef4	7	88753062	91077966	1522	-0.3909
0cf0722f-55bc-438b-92fd-d7f65d6b4ef4	7	91078843	91624450	440	-1.1792
0cf0722f-55bc-438b-92fd-d7f65d6b4ef4	7	91629231	108161434	9351	-0.3781
0cf0722f-55bc-438b-92fd-d7f65d6b4ef4	7	108162976	108162984	2	1.746
0cf0722f-55bc-438b-92fd-d7f65d6b4ef4	7	108165429	109789993	1078	-0.3881
0cf0722f-55bc-438b-92fd-d7f65d6b4ef4	7	109793690	109814214	42	0.3275
0cf0722f-55bc-438b-92fd-d7f65d6b4ef4	7	109818333	111191632	914	-0.3834
0cf0722f-55bc-438b-92fd-d7f65d6b4ef4	7	111194974	111253518	51	0.0075
0cf0722f-55bc-438b-92fd-d7f65d6b4ef4	7	111254722	126405502	9064	-0.3978
0cf0722f-55bc-438b-92fd-d7f65d6b4ef4	7	126405597	126406561	10	-1.4215
0cf0722f-55bc-438b-92fd-d7f65d6b4ef4	7	126406822	150270897	14814	-0.3804
0cf0722f-55bc-438b-92fd-d7f65d6b4ef4	7	150271147	150298258	4	-1.9309
0cf0722f-55bc-438b-92fd-d7f65d6b4ef4	7	150298921	154221463	2433	-0.3499
0cf0722f-55bc-438b-92fd-d7f65d6b4ef4	7	154221776	154223216	5	-1.891
0cf0722f-55bc-438b-92fd-d7f65d6b4ef4	7	154225769	159334314	3571	-0.3892
0cf0722f-55bc-438b-92fd-d7f65d6b4ef4	8	81254	2364975	1624	-1.3521
0cf0722f-55bc-438b-92fd-d7f65d6b4ef4	8	2366263	2372604	15	-2.7198
0cf0722f-55bc-438b-92fd-d7f65d6b4ef4	8	2372893	2382635	34	-4.5856
0cf0722f-55bc-438b-92fd-d7f65d6b4ef4	8	2486424	3320389	829	-1.4086
0cf0722f-55bc-438b-92fd-d7f65d6b4ef4	8	3320909	3321534	3	-5.6125
0cf0722f-55bc-438b-92fd-d7f65d6b4ef4	8	3322009	3536128	251	-1.432
0cf0722f-55bc-438b-92fd-d7f65d6b4ef4	8	3536217	3537215	4	-5.7945
0cf0722f-55bc-438b-92fd-d7f65d6b4ef4	8	3538316	26329679	19470	-1.3263
0cf0722f-55bc-438b-92fd-d7f65d6b4ef4	8	26335919	26917224	466	1.0782
0cf0722f-55bc-438b-92fd-d7f65d6b4ef4	8	26917849	26917862	2	-1.4703
0cf0722f-55bc-438b-92fd-d7f65d6b4ef4	8	26919808	27765692	648	1.0656
0cf0722f-55bc-438b-92fd-d7f65d6b4ef4	8	27766513	28230764	365	0.5739
0cf0722f-55bc-438b-92fd-d7f65d6b4ef4	8	28231638	29225954	577	-1.3047
0cf0722f-55bc-438b-92fd-d7f65d6b4ef4	8	29226429	29226499	3	-3.6767
0cf0722f-55bc-438b-92fd-d7f65d6b4ef4	8	29227043	32821348	2424	-1.3402
0cf0722f-55bc-438b-92fd-d7f65d6b4ef4	8	32825580	32830895	8	1.9141
0cf0722f-55bc-438b-92fd-d7f65d6b4ef4	8	32834588	36434002	1984	-1.3383
0cf0722f-55bc-438b-92fd-d7f65d6b4ef4	8	36436212	36509833	42	-1.9696
0cf0722f-55bc-438b-92fd-d7f65d6b4ef4	8	36510124	37451998	600	-1.3256
0cf0722f-55bc-438b-92fd-d7f65d6b4ef4	8	37452009	38455679	453	-0.3609
0cf0722f-55bc-438b-92fd-d7f65d6b4ef4	8	38456862	38459420	7	0.4135
0cf0722f-55bc-438b-92fd-d7f65d6b4ef4	8	38459531	38460566	16	-0.0702
0cf0722f-55bc-438b-92fd-d7f65d6b4ef4	8	38460662	38460988	8	0.5377
0cf0722f-55bc-438b-92fd-d7f65d6b4ef4	8	38461831	39373140	455	-0.3403
0cf0722f-55bc-438b-92fd-d7f65d6b4ef4	8	39378084	39526605	55	0.4856
0cf0722f-55bc-438b-92fd-d7f65d6b4ef4	8	39527181	42429109	2074	-0.3647
0cf0722f-55bc-438b-92fd-d7f65d6b4ef4	8	42429559	42450043	9	-0.1313
0cf0722f-55bc-438b-92fd-d7f65d6b4ef4	8	42458082	43417966	394	0.7053
0cf0722f-55bc-438b-92fd-d7f65d6b4ef4	8	43418580	48394821	1074	0.3692
0cf0722f-55bc-438b-92fd-d7f65d6b4ef4	8	48398653	49277300	535	0.1923
0cf0722f-55bc-438b-92fd-d7f65d6b4ef4	8	49282455	50051669	450	-0.3861
0cf0722f-55bc-438b-92fd-d7f65d6b4ef4	8	50052878	50352064	222	0.7063
0cf0722f-55bc-438b-92fd-d7f65d6b4ef4	8	50352098	51441313	634	0.9654
0cf0722f-55bc-438b-92fd-d7f65d6b4ef4	8	51444568	51556795	96	1.2956
0cf0722f-55bc-438b-92fd-d7f65d6b4ef4	8	51561238	51581213	12	1.7703
0cf0722f-55bc-438b-92fd-d7f65d6b4ef4	8	51582597	51655155	56	1.2532
0cf0722f-55bc-438b-92fd-d7f65d6b4ef4	8	51655377	52307848	443	1.8621
0cf0722f-55bc-438b-92fd-d7f65d6b4ef4	8	52308379	53056814	493	1.6239
0cf0722f-55bc-438b-92fd-d7f65d6b4ef4	8	53057258	53057414	3	2.7848
0cf0722f-55bc-438b-92fd-d7f65d6b4ef4	8	53060587	53231785	138	1.5752
0cf0722f-55bc-438b-92fd-d7f65d6b4ef4	8	53232490	55451004	1464	1.8613
0cf0722f-55bc-438b-92fd-d7f65d6b4ef4	8	55451358	55758378	213	1.3311
0cf0722f-55bc-438b-92fd-d7f65d6b4ef4	8	55759072	56544990	443	1.5602
0cf0722f-55bc-438b-92fd-d7f65d6b4ef4	8	56548667	56875522	219	1.6815
0cf0722f-55bc-438b-92fd-d7f65d6b4ef4	8	56878194	57461738	421	0.8893
0cf0722f-55bc-438b-92fd-d7f65d6b4ef4	8	57462012	57465687	8	0.2286
0cf0722f-55bc-438b-92fd-d7f65d6b4ef4	8	57468448	58687316	866	0.5911
0cf0722f-55bc-438b-92fd-d7f65d6b4ef4	8	58694000	58823841	108	0.2375
0cf0722f-55bc-438b-92fd-d7f65d6b4ef4	8	58826454	58891277	62	0.8983
0cf0722f-55bc-438b-92fd-d7f65d6b4ef4	8	58891709	59111890	156	1.3441
0cf0722f-55bc-438b-92fd-d7f65d6b4ef4	8	59112127	60424745	806	1.8251
0cf0722f-55bc-438b-92fd-d7f65d6b4ef4	8	60432997	61831528	962	1.5917
0cf0722f-55bc-438b-92fd-d7f65d6b4ef4	8	61831713	62480698	420	2.3145
0cf0722f-55bc-438b-92fd-d7f65d6b4ef4	8	62481073	63452706	607	1.6779
0cf0722f-55bc-438b-92fd-d7f65d6b4ef4	8	63454475	63936079	263	2.0534
0cf0722f-55bc-438b-92fd-d7f65d6b4ef4	8	63936340	63936561	6	4.1725
0cf0722f-55bc-438b-92fd-d7f65d6b4ef4	8	63936953	64159802	122	2.0105
0cf0722f-55bc-438b-92fd-d7f65d6b4ef4	8	64160576	64323254	85	1.6553
0cf0722f-55bc-438b-92fd-d7f65d6b4ef4	8	64323461	65654255	712	1.3448
0cf0722f-55bc-438b-92fd-d7f65d6b4ef4	8	65655443	66718567	557	1.7553
0cf0722f-55bc-438b-92fd-d7f65d6b4ef4	8	66720094	67631798	398	-0.3656
0cf0722f-55bc-438b-92fd-d7f65d6b4ef4	8	67635224	67635400	5	-1.6918
0cf0722f-55bc-438b-92fd-d7f65d6b4ef4	8	67635434	67637956	24	-3.2031
0cf0722f-55bc-438b-92fd-d7f65d6b4ef4	8	67637971	81017438	8376	-0.4051
0cf0722f-55bc-438b-92fd-d7f65d6b4ef4	8	81020691	90261815	5334	0.1407
0cf0722f-55bc-438b-92fd-d7f65d6b4ef4	8	90261826	90284888	11	0.4678
0cf0722f-55bc-438b-92fd-d7f65d6b4ef4	8	90285244	92007199	946	0.8523
0cf0722f-55bc-438b-92fd-d7f65d6b4ef4	8	92007424	92007901	5	0.0067
0cf0722f-55bc-438b-92fd-d7f65d6b4ef4	8	92008360	93489815	853	0.8125
0cf0722f-55bc-438b-92fd-d7f65d6b4ef4	8	93492938	94545324	657	0.5197
0cf0722f-55bc-438b-92fd-d7f65d6b4ef4	8	94545374	94545764	6	1.8257
0cf0722f-55bc-438b-92fd-d7f65d6b4ef4	8	94545887	95813436	933	0.5396
0cf0722f-55bc-438b-92fd-d7f65d6b4ef4	8	95813940	95814029	2	2.103
0cf0722f-55bc-438b-92fd-d7f65d6b4ef4	8	95814273	96219684	288	0.5265
0cf0722f-55bc-438b-92fd-d7f65d6b4ef4	8	96223367	96231941	6	1.4506
0cf0722f-55bc-438b-92fd-d7f65d6b4ef4	8	96235241	99014979	1638	0.5307
0cf0722f-55bc-438b-92fd-d7f65d6b4ef4	8	99020113	100645007	839	0.7887
0cf0722f-55bc-438b-92fd-d7f65d6b4ef4	8	100650467	101281245	413	0.529
0cf0722f-55bc-438b-92fd-d7f65d6b4ef4	8	101282194	111279265	6150	0.8424
0cf0722f-55bc-438b-92fd-d7f65d6b4ef4	8	111282050	111282237	3	-0.5285
0cf0722f-55bc-438b-92fd-d7f65d6b4ef4	8	111282417	111283031	7	-2.3985
0cf0722f-55bc-438b-92fd-d7f65d6b4ef4	8	111288052	123229102	7712	0.832
0cf0722f-55bc-438b-92fd-d7f65d6b4ef4	8	123229511	128812873	3989	1.4727
0cf0722f-55bc-438b-92fd-d7f65d6b4ef4	8	128814313	136813730	6177	1.3614
0cf0722f-55bc-438b-92fd-d7f65d6b4ef4	8	136813898	136849952	52	1.7975
0cf0722f-55bc-438b-92fd-d7f65d6b4ef4	8	136850173	140300003	2858	1.3702
0cf0722f-55bc-438b-92fd-d7f65d6b4ef4	8	140300387	141005805	363	1.558
0cf0722f-55bc-438b-92fd-d7f65d6b4ef4	8	141006686	142987247	1052	1.3998
0cf0722f-55bc-438b-92fd-d7f65d6b4ef4	8	142993864	143227655	88	1.6961
0cf0722f-55bc-438b-92fd-d7f65d6b4ef4	8	143227769	143228447	7	0.7278
0cf0722f-55bc-438b-92fd-d7f65d6b4ef4	8	143232207	144232274	310	1.7051
0cf0722f-55bc-438b-92fd-d7f65d6b4ef4	8	144284502	144535362	77	-0.0471
0cf0722f-55bc-438b-92fd-d7f65d6b4ef4	8	144539160	145072769	245	-0.4218
0cf0722f-55bc-438b-92fd-d7f65d6b4ef4	9	46587	1509918	1545	0.1544
0cf0722f-55bc-438b-92fd-d7f65d6b4ef4	9	1510169	1518733	33	-0.3751
0cf0722f-55bc-438b-92fd-d7f65d6b4ef4	9	1518763	15848011	12725	0.1886
0cf0722f-55bc-438b-92fd-d7f65d6b4ef4	9	15849103	16082408	228	-0.3477
0cf0722f-55bc-438b-92fd-d7f65d6b4ef4	9	16082438	60889708	16848	0.1782
0cf0722f-55bc-438b-92fd-d7f65d6b4ef4	9	60893611	61647899	40	0.6674
0cf0722f-55bc-438b-92fd-d7f65d6b4ef4	9	61665362	63580401	37	-0.229
0cf0722f-55bc-438b-92fd-d7f65d6b4ef4	9	63580418	63592813	8	1.9823
0cf0722f-55bc-438b-92fd-d7f65d6b4ef4	9	63614182	69490698	1058	0.1582
0cf0722f-55bc-438b-92fd-d7f65d6b4ef4	9	69490699	69495944	28	0.6046
0cf0722f-55bc-438b-92fd-d7f65d6b4ef4	9	69496071	87907679	13253	0.1672
0cf0722f-55bc-438b-92fd-d7f65d6b4ef4	9	87939236	87939304	2	1.8798
0cf0722f-55bc-438b-92fd-d7f65d6b4ef4	9	87943042	94696723	4449	0.1593
0cf0722f-55bc-438b-92fd-d7f65d6b4ef4	9	94702165	94702419	2	-1.5969
0cf0722f-55bc-438b-92fd-d7f65d6b4ef4	9	94704600	95487949	595	0.164
0cf0722f-55bc-438b-92fd-d7f65d6b4ef4	9	95487988	95488676	3	1.2967
0cf0722f-55bc-438b-92fd-d7f65d6b4ef4	9	95491372	96805102	914	0.1508
0cf0722f-55bc-438b-92fd-d7f65d6b4ef4	9	96806457	96808051	2	-2.7638
0cf0722f-55bc-438b-92fd-d7f65d6b4ef4	9	96810941	99436068	1713	0.1771
0cf0722f-55bc-438b-92fd-d7f65d6b4ef4	9	99440159	99556970	77	-0.4057
0cf0722f-55bc-438b-92fd-d7f65d6b4ef4	9	99560972	100210688	314	0.1523
0cf0722f-55bc-438b-92fd-d7f65d6b4ef4	9	100213961	100214259	4	-1.6649
0cf0722f-55bc-438b-92fd-d7f65d6b4ef4	9	100226413	116436059	12162	0.1787
0cf0722f-55bc-438b-92fd-d7f65d6b4ef4	9	116436499	118948396	2161	0.1271
0cf0722f-55bc-438b-92fd-d7f65d6b4ef4	9	118949142	138200944	11328	0.1908
0cf0722f-55bc-438b-92fd-d7f65d6b4ef4	10	45792	70119	8	-0.1213
0cf0722f-55bc-438b-92fd-d7f65d6b4ef4	10	71599	87611	4	0.8186
0cf0722f-55bc-438b-92fd-d7f65d6b4ef4	10	87725	865303	461	0.1762
0cf0722f-55bc-438b-92fd-d7f65d6b4ef4	10	865351	1270227	242	0.8217
0cf0722f-55bc-438b-92fd-d7f65d6b4ef4	10	1272023	2645902	1315	0.5444
0cf0722f-55bc-438b-92fd-d7f65d6b4ef4	10	2646907	3089361	489	1.077
0cf0722f-55bc-438b-92fd-d7f65d6b4ef4	10	3091349	4197915	1009	0.5372
0cf0722f-55bc-438b-92fd-d7f65d6b4ef4	10	4198530	4199380	4	-1.4371
0cf0722f-55bc-438b-92fd-d7f65d6b4ef4	10	4201806	5610776	1253	0.5408
0cf0722f-55bc-438b-92fd-d7f65d6b4ef4	10	5610791	5675162	36	1.1193
0cf0722f-55bc-438b-92fd-d7f65d6b4ef4	10	5678461	6369253	580	0.5906
0cf0722f-55bc-438b-92fd-d7f65d6b4ef4	10	6369395	6369519	5	1.7419
0cf0722f-55bc-438b-92fd-d7f65d6b4ef4	10	6376792	17885034	9453	0.543
0cf0722f-55bc-438b-92fd-d7f65d6b4ef4	10	17896194	17910884	3	-0.9731
0cf0722f-55bc-438b-92fd-d7f65d6b4ef4	10	17929793	35225214	12198	0.5476
0cf0722f-55bc-438b-92fd-d7f65d6b4ef4	10	35226089	35318312	37	0.9308
0cf0722f-55bc-438b-92fd-d7f65d6b4ef4	10	35321703	41716768	1984	0.5472
0cf0722f-55bc-438b-92fd-d7f65d6b4ef4	10	41717270	42331264	55	-0.4637
0cf0722f-55bc-438b-92fd-d7f65d6b4ef4	10	42332543	42357675	7	-1.7448
0cf0722f-55bc-438b-92fd-d7f65d6b4ef4	10	42358241	42370837	6	-0.5207
0cf0722f-55bc-438b-92fd-d7f65d6b4ef4	10	42370860	42381056	9	-1.5294
0cf0722f-55bc-438b-92fd-d7f65d6b4ef4	10	42382133	42739966	220	-0.3021
0cf0722f-55bc-438b-92fd-d7f65d6b4ef4	10	42740820	43088808	201	-1.2087
0cf0722f-55bc-438b-92fd-d7f65d6b4ef4	10	43090153	43142025	122	-0.8758
0cf0722f-55bc-438b-92fd-d7f65d6b4ef4	10	43144239	46249048	1856	-1.2966
0cf0722f-55bc-438b-92fd-d7f65d6b4ef4	10	46249144	46250682	2	-7.5751
0cf0722f-55bc-438b-92fd-d7f65d6b4ef4	10	46250706	46522571	116	-1.0615
0cf0722f-55bc-438b-92fd-d7f65d6b4ef4	10	46525652	46526248	12	0.233
0cf0722f-55bc-438b-92fd-d7f65d6b4ef4	10	46526265	54106148	4705	-1.2923
0cf0722f-55bc-438b-92fd-d7f65d6b4ef4	10	54106322	54112631	12	-2.7374
0cf0722f-55bc-438b-92fd-d7f65d6b4ef4	10	54113392	59605132	3929	-1.2822
0cf0722f-55bc-438b-92fd-d7f65d6b4ef4	10	59605153	59606636	12	0.0642
0cf0722f-55bc-438b-92fd-d7f65d6b4ef4	10	59606737	63515167	2648	-1.3378
0cf0722f-55bc-438b-92fd-d7f65d6b4ef4	10	63524843	63584689	31	-3.9411
0cf0722f-55bc-438b-92fd-d7f65d6b4ef4	10	63584751	65546518	1314	-1.3047
0cf0722f-55bc-438b-92fd-d7f65d6b4ef4	10	65548165	65563037	29	-0.4081
0cf0722f-55bc-438b-92fd-d7f65d6b4ef4	10	65563168	70354489	3235	-1.2725
0cf0722f-55bc-438b-92fd-d7f65d6b4ef4	10	70354622	70354809	2	-6.7826
0cf0722f-55bc-438b-92fd-d7f65d6b4ef4	10	70356513	72336126	1405	-1.2442
0cf0722f-55bc-438b-92fd-d7f65d6b4ef4	10	72338587	76493093	2111	-0.3552
0cf0722f-55bc-438b-92fd-d7f65d6b4ef4	10	76497303	76497852	2	2.6797
0cf0722f-55bc-438b-92fd-d7f65d6b4ef4	10	76501509	79595316	2443	-0.3283
0cf0722f-55bc-438b-92fd-d7f65d6b4ef4	10	79624118	79892613	43	0.0515
0cf0722f-55bc-438b-92fd-d7f65d6b4ef4	10	79892719	87118074	5144	-0.3631
0cf0722f-55bc-438b-92fd-d7f65d6b4ef4	10	87136681	87189670	18	-0.7635
0cf0722f-55bc-438b-92fd-d7f65d6b4ef4	10	87189910	87352872	22	0.2922
0cf0722f-55bc-438b-92fd-d7f65d6b4ef4	10	87353136	89183979	1373	-0.3689
0cf0722f-55bc-438b-92fd-d7f65d6b4ef4	10	89188056	89190337	6	0.5342
0cf0722f-55bc-438b-92fd-d7f65d6b4ef4	10	89190649	89250704	75	-0.372
0cf0722f-55bc-438b-92fd-d7f65d6b4ef4	10	89251870	89252196	2	-2.0508
0cf0722f-55bc-438b-92fd-d7f65d6b4ef4	10	89254378	90949002	1170	-0.3692
0cf0722f-55bc-438b-92fd-d7f65d6b4ef4	10	90956126	90956475	2	1.0108
0cf0722f-55bc-438b-92fd-d7f65d6b4ef4	10	90956520	92082586	698	-0.3485
0cf0722f-55bc-438b-92fd-d7f65d6b4ef4	10	92085587	92308594	103	-1.1521
0cf0722f-55bc-438b-92fd-d7f65d6b4ef4	10	92315067	103851920	6709	-0.3245
0cf0722f-55bc-438b-92fd-d7f65d6b4ef4	10	103853296	105296521	1083	-0.3693
0cf0722f-55bc-438b-92fd-d7f65d6b4ef4	10	105297280	105299412	3	-1.7889
0cf0722f-55bc-438b-92fd-d7f65d6b4ef4	10	105302718	105913523	418	-0.3587
0cf0722f-55bc-438b-92fd-d7f65d6b4ef4	10	105914888	105914934	4	0.7649
0cf0722f-55bc-438b-92fd-d7f65d6b4ef4	10	105914955	108504164	2057	-0.3746
0cf0722f-55bc-438b-92fd-d7f65d6b4ef4	10	108506170	108510218	2	1.4073
0cf0722f-55bc-438b-92fd-d7f65d6b4ef4	10	108511046	111915850	2298	-0.3779
0cf0722f-55bc-438b-92fd-d7f65d6b4ef4	10	111915980	133654968	15777	-0.3392
0cf0722f-55bc-438b-92fd-d7f65d6b4ef4	11	198510	4217824	1738	-0.2967
0cf0722f-55bc-438b-92fd-d7f65d6b4ef4	11	4228783	4298484	23	0.4115
0cf0722f-55bc-438b-92fd-d7f65d6b4ef4	11	4306942	4365474	10	-0.3822
0cf0722f-55bc-438b-92fd-d7f65d6b4ef4	11	4365696	4368371	4	0.7809
0cf0722f-55bc-438b-92fd-d7f65d6b4ef4	11	4369227	4947280	645	-0.3561
0cf0722f-55bc-438b-92fd-d7f65d6b4ef4	11	4949013	4952664	23	0.1143
0cf0722f-55bc-438b-92fd-d7f65d6b4ef4	11	4952799	5757293	782	-0.3731
0cf0722f-55bc-438b-92fd-d7f65d6b4ef4	11	5761695	5781636	35	0.1817
0cf0722f-55bc-438b-92fd-d7f65d6b4ef4	11	5781682	5850293	75	-0.3386
0cf0722f-55bc-438b-92fd-d7f65d6b4ef4	11	5851007	5862087	7	-2.6283
0cf0722f-55bc-438b-92fd-d7f65d6b4ef4	11	5864481	18939631	9370	-0.3428
0cf0722f-55bc-438b-92fd-d7f65d6b4ef4	11	18939734	18949201	14	0.4662
0cf0722f-55bc-438b-92fd-d7f65d6b4ef4	11	18949628	21162819	2028	-0.3361
0cf0722f-55bc-438b-92fd-d7f65d6b4ef4	11	21165449	21174845	19	0.2006
0cf0722f-55bc-438b-92fd-d7f65d6b4ef4	11	21174963	21218281	57	-0.2786
0cf0722f-55bc-438b-92fd-d7f65d6b4ef4	11	21225317	24889060	2623	-0.3984
0cf0722f-55bc-438b-92fd-d7f65d6b4ef4	11	24889766	25584298	526	-0.3099
0cf0722f-55bc-438b-92fd-d7f65d6b4ef4	11	25587000	25639130	38	-1.2523
0cf0722f-55bc-438b-92fd-d7f65d6b4ef4	11	25641188	49046593	15445	-0.3441
0cf0722f-55bc-438b-92fd-d7f65d6b4ef4	11	49052503	54561545	656	0.5787
0cf0722f-55bc-438b-92fd-d7f65d6b4ef4	11	54567874	55595864	368	-0.3976
0cf0722f-55bc-438b-92fd-d7f65d6b4ef4	11	55606556	55629493	25	0.4963
0cf0722f-55bc-438b-92fd-d7f65d6b4ef4	11	55635338	55670243	20	-0.1752
0cf0722f-55bc-438b-92fd-d7f65d6b4ef4	11	55671856	55835764	123	-1.3714
0cf0722f-55bc-438b-92fd-d7f65d6b4ef4	11	55835993	85538546	16940	-0.3457
0cf0722f-55bc-438b-92fd-d7f65d6b4ef4	11	85547036	85736598	82	-1.3681
0cf0722f-55bc-438b-92fd-d7f65d6b4ef4	11	85741157	87921270	1598	-0.3608
0cf0722f-55bc-438b-92fd-d7f65d6b4ef4	11	87921382	87922595	2	-2.1476
0cf0722f-55bc-438b-92fd-d7f65d6b4ef4	11	87923989	89765194	1129	-0.3505
0cf0722f-55bc-438b-92fd-d7f65d6b4ef4	11	89768798	89923071	14	-0.6951
0cf0722f-55bc-438b-92fd-d7f65d6b4ef4	11	89962925	90085436	8	0.7043
0cf0722f-55bc-438b-92fd-d7f65d6b4ef4	11	90098873	95442519	3824	-0.3531
0cf0722f-55bc-438b-92fd-d7f65d6b4ef4	11	95443129	95447515	6	-1.4595
0cf0722f-55bc-438b-92fd-d7f65d6b4ef4	11	95451191	101723653	4853	-0.3463
0cf0722f-55bc-438b-92fd-d7f65d6b4ef4	11	101727129	101727233	4	1.3347
0cf0722f-55bc-438b-92fd-d7f65d6b4ef4	11	101727481	103978779	1504	-0.3365
0cf0722f-55bc-438b-92fd-d7f65d6b4ef4	11	103978845	111197924	4762	-0.3811
0cf0722f-55bc-438b-92fd-d7f65d6b4ef4	11	111198128	133279005	16136	-0.3379
0cf0722f-55bc-438b-92fd-d7f65d6b4ef4	11	133280545	133281116	6	-1.3822
0cf0722f-55bc-438b-92fd-d7f65d6b4ef4	11	133285180	134473674	825	-0.3345
0cf0722f-55bc-438b-92fd-d7f65d6b4ef4	11	134474748	134474949	3	-1.9799
0cf0722f-55bc-438b-92fd-d7f65d6b4ef4	11	134477668	135074876	491	-0.4358
0cf0722f-55bc-438b-92fd-d7f65d6b4ef4	12	51460	312228	158	-0.3125
0cf0722f-55bc-438b-92fd-d7f65d6b4ef4	12	312242	394586	33	0.2885
0cf0722f-55bc-438b-92fd-d7f65d6b4ef4	12	395110	574496	129	0.616
0cf0722f-55bc-438b-92fd-d7f65d6b4ef4	12	574780	4968238	3151	0.2391
0cf0722f-55bc-438b-92fd-d7f65d6b4ef4	12	4968508	9481274	2704	-0.2562
0cf0722f-55bc-438b-92fd-d7f65d6b4ef4	12	9485313	9538379	14	-1.7427
0cf0722f-55bc-438b-92fd-d7f65d6b4ef4	12	9541782	9561078	7	-0.8306
0cf0722f-55bc-438b-92fd-d7f65d6b4ef4	12	9562969	10994419	985	-0.2931
0cf0722f-55bc-438b-92fd-d7f65d6b4ef4	12	10999430	11027741	31	1.5209
0cf0722f-55bc-438b-92fd-d7f65d6b4ef4	12	11028029	11433434	214	1.8277
0cf0722f-55bc-438b-92fd-d7f65d6b4ef4	12	11433576	12122001	679	1.5169
0cf0722f-55bc-438b-92fd-d7f65d6b4ef4	12	12129953	12784340	428	-1.1375
0cf0722f-55bc-438b-92fd-d7f65d6b4ef4	12	12784739	12897432	71	1.4976
0cf0722f-55bc-438b-92fd-d7f65d6b4ef4	12	12899743	14753490	1382	-1.1541
0cf0722f-55bc-438b-92fd-d7f65d6b4ef4	12	14754000	15351070	384	-0.3058
0cf0722f-55bc-438b-92fd-d7f65d6b4ef4	12	15351859	18229867	1757	-1.1813
0cf0722f-55bc-438b-92fd-d7f65d6b4ef4	12	18235011	18235793	13	-0.1308
0cf0722f-55bc-438b-92fd-d7f65d6b4ef4	12	18235993	24853936	4414	-1.1723
0cf0722f-55bc-438b-92fd-d7f65d6b4ef4	12	24854080	25097841	244	-0.147
0cf0722f-55bc-438b-92fd-d7f65d6b4ef4	12	25097922	25671327	499	-0.0136
0cf0722f-55bc-438b-92fd-d7f65d6b4ef4	12	25672168	25979717	235	-0.2861
0cf0722f-55bc-438b-92fd-d7f65d6b4ef4	12	25979852	26351404	261	1.1402
0cf0722f-55bc-438b-92fd-d7f65d6b4ef4	12	26353500	26401971	42	1.5155
0cf0722f-55bc-438b-92fd-d7f65d6b4ef4	12	26402625	26419025	17	1.1181
0cf0722f-55bc-438b-92fd-d7f65d6b4ef4	12	26419273	27160361	483	0.5893
0cf0722f-55bc-438b-92fd-d7f65d6b4ef4	12	27163254	27346040	103	1.2979
0cf0722f-55bc-438b-92fd-d7f65d6b4ef4	12	27350022	27495118	129	0.192
0cf0722f-55bc-438b-92fd-d7f65d6b4ef4	12	27495269	27495423	8	0.7601
0cf0722f-55bc-438b-92fd-d7f65d6b4ef4	12	27495478	27495777	2	-1.9338
0cf0722f-55bc-438b-92fd-d7f65d6b4ef4	12	27497112	27940653	317	0.2084
0cf0722f-55bc-438b-92fd-d7f65d6b4ef4	12	27940758	27944306	26	0.567
0cf0722f-55bc-438b-92fd-d7f65d6b4ef4	12	27944418	30086486	1548	0.1673
0cf0722f-55bc-438b-92fd-d7f65d6b4ef4	12	30086777	30091017	24	0.7598
0cf0722f-55bc-438b-92fd-d7f65d6b4ef4	12	30091052	30831984	631	0.1651
0cf0722f-55bc-438b-92fd-d7f65d6b4ef4	12	30834314	31127656	239	1.1935
0cf0722f-55bc-438b-92fd-d7f65d6b4ef4	12	31128312	31239565	73	1.5528
0cf0722f-55bc-438b-92fd-d7f65d6b4ef4	12	31240528	33140973	1302	1.2588
0cf0722f-55bc-438b-92fd-d7f65d6b4ef4	12	33141564	33176904	53	1.6453
0cf0722f-55bc-438b-92fd-d7f65d6b4ef4	12	33179951	34054074	539	1.3345
0cf0722f-55bc-438b-92fd-d7f65d6b4ef4	12	34055421	34063370	6	-1.085
0cf0722f-55bc-438b-92fd-d7f65d6b4ef4	12	34064565	34123897	34	1.5202
0cf0722f-55bc-438b-92fd-d7f65d6b4ef4	12	34127330	34400860	131	1.1414
0cf0722f-55bc-438b-92fd-d7f65d6b4ef4	12	34404654	39680644	1043	1.4838
0cf0722f-55bc-438b-92fd-d7f65d6b4ef4	12	39687001	40128094	304	0.7778
0cf0722f-55bc-438b-92fd-d7f65d6b4ef4	12	40137262	40534088	303	1.2335
0cf0722f-55bc-438b-92fd-d7f65d6b4ef4	12	40537940	40597321	48	0.5913
0cf0722f-55bc-438b-92fd-d7f65d6b4ef4	12	40597416	42977402	1664	0.1763
0cf0722f-55bc-438b-92fd-d7f65d6b4ef4	12	42981528	43056569	52	0.5486
0cf0722f-55bc-438b-92fd-d7f65d6b4ef4	12	43056844	43060717	2	1.9669
0cf0722f-55bc-438b-92fd-d7f65d6b4ef4	12	43061985	44551274	880	0.5521
0cf0722f-55bc-438b-92fd-d7f65d6b4ef4	12	44551890	45034202	295	1.8448
0cf0722f-55bc-438b-92fd-d7f65d6b4ef4	12	45036128	45505721	270	2.0684
0cf0722f-55bc-438b-92fd-d7f65d6b4ef4	12	45506042	45521808	7	3.4496
0cf0722f-55bc-438b-92fd-d7f65d6b4ef4	12	45524880	46754778	689	2.14
0cf0722f-55bc-438b-92fd-d7f65d6b4ef4	12	46756005	47037981	188	1.8302
0cf0722f-55bc-438b-92fd-d7f65d6b4ef4	12	47038196	47055726	11	1.1213
0cf0722f-55bc-438b-92fd-d7f65d6b4ef4	12	47064159	53026497	3489	-0.3415
0cf0722f-55bc-438b-92fd-d7f65d6b4ef4	12	53027723	53112094	44	0.0038
0cf0722f-55bc-438b-92fd-d7f65d6b4ef4	12	53115101	54181188	543	-0.3201
0cf0722f-55bc-438b-92fd-d7f65d6b4ef4	12	54187280	54187699	2	-2.3902
0cf0722f-55bc-438b-92fd-d7f65d6b4ef4	12	54189420	59011493	2799	-0.3261
0cf0722f-55bc-438b-92fd-d7f65d6b4ef4	12	59013265	107167003	31180	-0.383
0cf0722f-55bc-438b-92fd-d7f65d6b4ef4	12	107167226	113960430	4123	-0.3392
0cf0722f-55bc-438b-92fd-d7f65d6b4ef4	12	113961332	114029458	75	-0.0678
0cf0722f-55bc-438b-92fd-d7f65d6b4ef4	12	114029821	117611702	2883	-0.347
0cf0722f-55bc-438b-92fd-d7f65d6b4ef4	12	117613408	117613722	2	-2.2098
0cf0722f-55bc-438b-92fd-d7f65d6b4ef4	12	117613773	119552240	1368	-0.3311
0cf0722f-55bc-438b-92fd-d7f65d6b4ef4	12	119552815	119556242	10	0.4645
0cf0722f-55bc-438b-92fd-d7f65d6b4ef4	12	119556245	123637861	1867	-0.3442
0cf0722f-55bc-438b-92fd-d7f65d6b4ef4	12	123642468	123694870	39	0.0779
0cf0722f-55bc-438b-92fd-d7f65d6b4ef4	12	123696765	130402354	5571	-0.3589
0cf0722f-55bc-438b-92fd-d7f65d6b4ef4	12	130402442	130480173	68	-0.6751
0cf0722f-55bc-438b-92fd-d7f65d6b4ef4	12	130483301	132927249	1371	-0.3322
0cf0722f-55bc-438b-92fd-d7f65d6b4ef4	12	132933498	133062898	65	0.0601
0cf0722f-55bc-438b-92fd-d7f65d6b4ef4	12	133063768	133201603	61	-0.324
0cf0722f-55bc-438b-92fd-d7f65d6b4ef4	13	18452809	23911963	3507	-0.3458
0cf0722f-55bc-438b-92fd-d7f65d6b4ef4	13	23912005	23912670	2	-3.811
0cf0722f-55bc-438b-92fd-d7f65d6b4ef4	13	23913132	24454945	468	-0.3465
0cf0722f-55bc-438b-92fd-d7f65d6b4ef4	13	24455157	24466081	24	0.1171
0cf0722f-55bc-438b-92fd-d7f65d6b4ef4	13	24467049	31209840	5069	-0.3794
0cf0722f-55bc-438b-92fd-d7f65d6b4ef4	13	31211931	31224925	10	0.3744
0cf0722f-55bc-438b-92fd-d7f65d6b4ef4	13	31225509	31765746	347	-0.3692
0cf0722f-55bc-438b-92fd-d7f65d6b4ef4	13	31769756	31769860	2	-2.6806
0cf0722f-55bc-438b-92fd-d7f65d6b4ef4	13	31770852	31957984	131	-0.3655
0cf0722f-55bc-438b-92fd-d7f65d6b4ef4	13	31958485	31964286	18	-3.5599
0cf0722f-55bc-438b-92fd-d7f65d6b4ef4	13	31965910	37493438	3897	-0.3644
0cf0722f-55bc-438b-92fd-d7f65d6b4ef4	13	37495907	37514250	22	0.4233
0cf0722f-55bc-438b-92fd-d7f65d6b4ef4	13	37514472	38478674	698	-0.3875
0cf0722f-55bc-438b-92fd-d7f65d6b4ef4	13	38483435	38490920	3	1.1254
0cf0722f-55bc-438b-92fd-d7f65d6b4ef4	13	38491096	43217904	3346	-0.3686
0cf0722f-55bc-438b-92fd-d7f65d6b4ef4	13	43218266	43219774	2	-2.5928
0cf0722f-55bc-438b-92fd-d7f65d6b4ef4	13	43219796	50486908	4724	-0.3816
0cf0722f-55bc-438b-92fd-d7f65d6b4ef4	13	50495756	50498752	2	2.0477
0cf0722f-55bc-438b-92fd-d7f65d6b4ef4	13	50501207	57295053	3836	-0.3633
0cf0722f-55bc-438b-92fd-d7f65d6b4ef4	13	57295980	57314461	15	-4.0486
0cf0722f-55bc-438b-92fd-d7f65d6b4ef4	13	57314833	58221640	493	-0.401
0cf0722f-55bc-438b-92fd-d7f65d6b4ef4	13	58230677	58235310	2	-2.521
0cf0722f-55bc-438b-92fd-d7f65d6b4ef4	13	58240029	63911851	3385	-0.3946
0cf0722f-55bc-438b-92fd-d7f65d6b4ef4	13	63911986	63924648	11	0.4455
0cf0722f-55bc-438b-92fd-d7f65d6b4ef4	13	63926126	70179961	3941	-0.373
0cf0722f-55bc-438b-92fd-d7f65d6b4ef4	13	70179993	70189130	8	0.7975
0cf0722f-55bc-438b-92fd-d7f65d6b4ef4	13	70189240	70207898	34	-0.3077
0cf0722f-55bc-438b-92fd-d7f65d6b4ef4	13	70208396	70215007	6	0.3366
0cf0722f-55bc-438b-92fd-d7f65d6b4ef4	13	70215859	70351306	91	-0.4099
0cf0722f-55bc-438b-92fd-d7f65d6b4ef4	13	70351941	70351967	2	-2.2999
0cf0722f-55bc-438b-92fd-d7f65d6b4ef4	13	70352275	71902850	953	-0.386
0cf0722f-55bc-438b-92fd-d7f65d6b4ef4	13	71903417	71906418	4	-2.2452
0cf0722f-55bc-438b-92fd-d7f65d6b4ef4	13	71906467	103626048	21270	-0.3865
0cf0722f-55bc-438b-92fd-d7f65d6b4ef4	13	103626060	103626521	7	0.7421
0cf0722f-55bc-438b-92fd-d7f65d6b4ef4	13	103626592	107245262	2901	-0.414
0cf0722f-55bc-438b-92fd-d7f65d6b4ef4	13	107248689	107249633	2	-3.1498
0cf0722f-55bc-438b-92fd-d7f65d6b4ef4	13	107249799	111082863	3155	-0.396
0cf0722f-55bc-438b-92fd-d7f65d6b4ef4	13	111084993	111085009	2	-4.1169
0cf0722f-55bc-438b-92fd-d7f65d6b4ef4	13	111085873	112871181	1086	-0.3621
0cf0722f-55bc-438b-92fd-d7f65d6b4ef4	13	112879562	112879894	4	0.9694
0cf0722f-55bc-438b-92fd-d7f65d6b4ef4	13	112880521	114342922	646	-0.3577
0cf0722f-55bc-438b-92fd-d7f65d6b4ef4	14	18239283	19326853	49	0.0771
0cf0722f-55bc-438b-92fd-d7f65d6b4ef4	14	19367655	19954424	117	0.8128
0cf0722f-55bc-438b-92fd-d7f65d6b4ef4	14	19955213	20888097	715	0.1186
0cf0722f-55bc-438b-92fd-d7f65d6b4ef4	14	20888988	20952929	25	-0.3811
0cf0722f-55bc-438b-92fd-d7f65d6b4ef4	14	20956559	21928968	627	0.1621
0cf0722f-55bc-438b-92fd-d7f65d6b4ef4	14	21929841	22526139	511	0.392
0cf0722f-55bc-438b-92fd-d7f65d6b4ef4	14	22526849	58295479	22623	0.1058
0cf0722f-55bc-438b-92fd-d7f65d6b4ef4	14	58305300	58503320	64	-0.404
0cf0722f-55bc-438b-92fd-d7f65d6b4ef4	14	58505218	70684946	7619	0.0858
0cf0722f-55bc-438b-92fd-d7f65d6b4ef4	14	70685054	70685060	2	-1.8947
0cf0722f-55bc-438b-92fd-d7f65d6b4ef4	14	70685716	106154301	22725	0.0926
0cf0722f-55bc-438b-92fd-d7f65d6b4ef4	14	106154876	106157688	3	-1.5261
0cf0722f-55bc-438b-92fd-d7f65d6b4ef4	14	106158294	106877229	352	0.1399
0cf0722f-55bc-438b-92fd-d7f65d6b4ef4	15	19811075	23809640	816	-0.3287
0cf0722f-55bc-438b-92fd-d7f65d6b4ef4	15	23810290	23813946	19	-1.5238
0cf0722f-55bc-438b-92fd-d7f65d6b4ef4	15	23814160	26315045	1727	-0.3779
0cf0722f-55bc-438b-92fd-d7f65d6b4ef4	15	26317005	26318009	2	-4.3027
0cf0722f-55bc-438b-92fd-d7f65d6b4ef4	15	26318441	34447720	4879	-0.3518
0cf0722f-55bc-438b-92fd-d7f65d6b4ef4	15	34453518	34454261	3	-2.3796
0cf0722f-55bc-438b-92fd-d7f65d6b4ef4	15	34455142	37815207	2335	-0.3499
0cf0722f-55bc-438b-92fd-d7f65d6b4ef4	15	37816448	37817575	2	-2.5376
0cf0722f-55bc-438b-92fd-d7f65d6b4ef4	15	37819527	56495478	11351	-0.3568
0cf0722f-55bc-438b-92fd-d7f65d6b4ef4	15	56495511	56520500	36	0.107
0cf0722f-55bc-438b-92fd-d7f65d6b4ef4	15	56521208	57614508	675	-0.3227
0cf0722f-55bc-438b-92fd-d7f65d6b4ef4	15	57616118	57618048	6	-1.8762
0cf0722f-55bc-438b-92fd-d7f65d6b4ef4	15	57618526	69037475	7823	-0.3512
0cf0722f-55bc-438b-92fd-d7f65d6b4ef4	15	69038945	69039020	2	2.6105
0cf0722f-55bc-438b-92fd-d7f65d6b4ef4	15	69045335	76586021	4247	-0.3365
0cf0722f-55bc-438b-92fd-d7f65d6b4ef4	15	76598900	76603434	22	0.8452
0cf0722f-55bc-438b-92fd-d7f65d6b4ef4	15	76609838	101900719	17610	-0.3369
0cf0722f-55bc-438b-92fd-d7f65d6b4ef4	15	101905038	101928837	3	-1.649
0cf0722f-55bc-438b-92fd-d7f65d6b4ef4	16	10777	954694	369	0.2536
0cf0722f-55bc-438b-92fd-d7f65d6b4ef4	16	955360	955666	2	-1.6482
0cf0722f-55bc-438b-92fd-d7f65d6b4ef4	16	957268	6932646	3939	0.1996
0cf0722f-55bc-438b-92fd-d7f65d6b4ef4	16	6934780	6935303	3	-1.5647
0cf0722f-55bc-438b-92fd-d7f65d6b4ef4	16	6935996	14658352	6779	0.1931
0cf0722f-55bc-438b-92fd-d7f65d6b4ef4	16	14660341	15171749	117	0.452
0cf0722f-55bc-438b-92fd-d7f65d6b4ef4	16	15176361	16200861	540	0.2363
0cf0722f-55bc-438b-92fd-d7f65d6b4ef4	16	16201950	16491407	16	-0.6249
0cf0722f-55bc-438b-92fd-d7f65d6b4ef4	16	16498856	22032848	2811	0.2002
0cf0722f-55bc-438b-92fd-d7f65d6b4ef4	16	22035679	22092614	35	0.6718
0cf0722f-55bc-438b-92fd-d7f65d6b4ef4	16	22093031	35082020	5462	0.191
0cf0722f-55bc-438b-92fd-d7f65d6b4ef4	16	35087005	35841749	353	-1.2046
0cf0722f-55bc-438b-92fd-d7f65d6b4ef4	16	35842192	46470502	49	-0.4624
0cf0722f-55bc-438b-92fd-d7f65d6b4ef4	16	46473753	51376418	2910	-1.211
0cf0722f-55bc-438b-92fd-d7f65d6b4ef4	16	51382323	52824398	1137	-0.375
0cf0722f-55bc-438b-92fd-d7f65d6b4ef4	16	52826712	53764640	690	-1.2131
0cf0722f-55bc-438b-92fd-d7f65d6b4ef4	16	53765066	53915009	124	-0.4117
0cf0722f-55bc-438b-92fd-d7f65d6b4ef4	16	53915678	55762682	1572	-1.2897
0cf0722f-55bc-438b-92fd-d7f65d6b4ef4	16	55764310	55764867	3	2.5308
0cf0722f-55bc-438b-92fd-d7f65d6b4ef4	16	55770436	68835607	8138	-1.2502
0cf0722f-55bc-438b-92fd-d7f65d6b4ef4	16	68838710	76056979	3917	-0.3097
0cf0722f-55bc-438b-92fd-d7f65d6b4ef4	16	76057848	78337711	2198	-0.3485
0cf0722f-55bc-438b-92fd-d7f65d6b4ef4	16	78338543	78350868	16	0.464
0cf0722f-55bc-438b-92fd-d7f65d6b4ef4	16	78351104	80901763	2992	-0.3628
0cf0722f-55bc-438b-92fd-d7f65d6b4ef4	16	80902494	80904936	4	-1.6214
0cf0722f-55bc-438b-92fd-d7f65d6b4ef4	16	80905171	82751338	1825	-0.3465
0cf0722f-55bc-438b-92fd-d7f65d6b4ef4	16	82751514	82752297	2	-2.4295
0cf0722f-55bc-438b-92fd-d7f65d6b4ef4	16	82752683	82803852	81	-0.3872
0cf0722f-55bc-438b-92fd-d7f65d6b4ef4	16	82804356	82805437	2	-2.5637
0cf0722f-55bc-438b-92fd-d7f65d6b4ef4	16	82806615	83120417	357	-0.3924
0cf0722f-55bc-438b-92fd-d7f65d6b4ef4	16	83121479	90096867	5352	-0.3021
0cf0722f-55bc-438b-92fd-d7f65d6b4ef4	17	150733	2524890	1219	-0.2828
0cf0722f-55bc-438b-92fd-d7f65d6b4ef4	17	2525214	2525230	2	-2.6972
0cf0722f-55bc-438b-92fd-d7f65d6b4ef4	17	2527447	18414080	10164	-0.3294
0cf0722f-55bc-438b-92fd-d7f65d6b4ef4	17	18452078	18543365	24	-1.5099
0cf0722f-55bc-438b-92fd-d7f65d6b4ef4	17	18550123	22736323	1481	-0.3134
0cf0722f-55bc-438b-92fd-d7f65d6b4ef4	17	26943491	28452035	775	2.1352
0cf0722f-55bc-438b-92fd-d7f65d6b4ef4	17	28454323	28455301	2	-1.4692
0cf0722f-55bc-438b-92fd-d7f65d6b4ef4	17	28462253	28625418	74	2.0362
0cf0722f-55bc-438b-92fd-d7f65d6b4ef4	17	28627226	29331215	313	1.072
0cf0722f-55bc-438b-92fd-d7f65d6b4ef4	17	29332755	29333867	2	-0.7663
0cf0722f-55bc-438b-92fd-d7f65d6b4ef4	17	29337967	29712467	158	1.0463
0cf0722f-55bc-438b-92fd-d7f65d6b4ef4	17	29713153	30293319	251	0.5414
0cf0722f-55bc-438b-92fd-d7f65d6b4ef4	17	30297827	30341722	14	1.1214
0cf0722f-55bc-438b-92fd-d7f65d6b4ef4	17	30344226	30678136	144	-1.1919
0cf0722f-55bc-438b-92fd-d7f65d6b4ef4	17	30684424	30822475	45	-0.6523
0cf0722f-55bc-438b-92fd-d7f65d6b4ef4	17	30823019	33253829	1342	-1.1969
0cf0722f-55bc-438b-92fd-d7f65d6b4ef4	17	33254220	34404782	1097	-1.3374
0cf0722f-55bc-438b-92fd-d7f65d6b4ef4	17	34405810	34413391	11	-2.6624
0cf0722f-55bc-438b-92fd-d7f65d6b4ef4	17	34415396	36501224	1190	-1.2496
0cf0722f-55bc-438b-92fd-d7f65d6b4ef4	17	36501292	41265433	2469	-0.3379
0cf0722f-55bc-438b-92fd-d7f65d6b4ef4	17	41265456	41274198	24	1.2077
0cf0722f-55bc-438b-92fd-d7f65d6b4ef4	17	41274279	46124088	2527	-0.2951
0cf0722f-55bc-438b-92fd-d7f65d6b4ef4	17	46127007	46286804	95	-0.73
0cf0722f-55bc-438b-92fd-d7f65d6b4ef4	17	46323701	56627468	6233	-0.3501
0cf0722f-55bc-438b-92fd-d7f65d6b4ef4	17	56627494	56628465	5	-2.426
0cf0722f-55bc-438b-92fd-d7f65d6b4ef4	17	56628959	69889125	7445	-0.3546
0cf0722f-55bc-438b-92fd-d7f65d6b4ef4	17	69889342	69895785	3	-2.5072
0cf0722f-55bc-438b-92fd-d7f65d6b4ef4	17	69895877	77858748	5355	-0.321
0cf0722f-55bc-438b-92fd-d7f65d6b4ef4	17	77864587	77864788	2	-3.9234
0cf0722f-55bc-438b-92fd-d7f65d6b4ef4	17	77870847	79245925	775	-0.3143
0cf0722f-55bc-438b-92fd-d7f65d6b4ef4	17	79246197	79246968	4	-1.6381
0cf0722f-55bc-438b-92fd-d7f65d6b4ef4	17	79246981	83091923	1740	-0.3293
0cf0722f-55bc-438b-92fd-d7f65d6b4ef4	18	48133	5026411	3562	-0.367
0cf0722f-55bc-438b-92fd-d7f65d6b4ef4	18	5029390	5128440	66	0.1853
0cf0722f-55bc-438b-92fd-d7f65d6b4ef4	18	5128559	5224796	89	0.598
0cf0722f-55bc-438b-92fd-d7f65d6b4ef4	18	5228295	5484372	164	0.81
0cf0722f-55bc-438b-92fd-d7f65d6b4ef4	18	5484994	6088173	464	1.5776
0cf0722f-55bc-438b-92fd-d7f65d6b4ef4	18	6088452	6478505	250	1.9628
0cf0722f-55bc-438b-92fd-d7f65d6b4ef4	18	6480070	6518282	28	1.5902
0cf0722f-55bc-438b-92fd-d7f65d6b4ef4	18	6520096	6520191	3	-0.3668
0cf0722f-55bc-438b-92fd-d7f65d6b4ef4	18	6520593	6975019	366	1.4983
0cf0722f-55bc-438b-92fd-d7f65d6b4ef4	18	6975108	6992530	30	0.7995
0cf0722f-55bc-438b-92fd-d7f65d6b4ef4	18	6997819	14757014	5208	-0.3669
0cf0722f-55bc-438b-92fd-d7f65d6b4ef4	18	14760954	20986206	195	0.1691
0cf0722f-55bc-438b-92fd-d7f65d6b4ef4	18	20991561	31459028	6411	-0.3394
0cf0722f-55bc-438b-92fd-d7f65d6b4ef4	18	31461771	31462381	2	-5.9436
0cf0722f-55bc-438b-92fd-d7f65d6b4ef4	18	31467464	40678132	5934	-0.36
0cf0722f-55bc-438b-92fd-d7f65d6b4ef4	18	40678205	40685425	31	0.4796
0cf0722f-55bc-438b-92fd-d7f65d6b4ef4	18	40688060	41092460	254	-0.4141
0cf0722f-55bc-438b-92fd-d7f65d6b4ef4	18	41092514	41101188	36	-0.016
0cf0722f-55bc-438b-92fd-d7f65d6b4ef4	18	41101357	41722740	417	-0.3899
0cf0722f-55bc-438b-92fd-d7f65d6b4ef4	18	41723252	41724124	3	-1.9417
0cf0722f-55bc-438b-92fd-d7f65d6b4ef4	18	41726745	46175878	2892	-0.3618
0cf0722f-55bc-438b-92fd-d7f65d6b4ef4	18	46178126	60250615	9832	0.2131
0cf0722f-55bc-438b-92fd-d7f65d6b4ef4	18	60250708	60256247	16	-0.7602
0cf0722f-55bc-438b-92fd-d7f65d6b4ef4	18	60256975	63276754	2088	0.2089
0cf0722f-55bc-438b-92fd-d7f65d6b4ef4	18	63281872	63285859	8	0.9407
0cf0722f-55bc-438b-92fd-d7f65d6b4ef4	18	63286046	65532714	1572	0.1986
0cf0722f-55bc-438b-92fd-d7f65d6b4ef4	18	65532801	65540145	24	0.6714
0cf0722f-55bc-438b-92fd-d7f65d6b4ef4	18	65540175	68334366	1998	0.2048
0cf0722f-55bc-438b-92fd-d7f65d6b4ef4	18	68334451	80257174	8792	-0.3713
0cf0722f-55bc-438b-92fd-d7f65d6b4ef4	19	90910	5682756	1677	-0.3033
0cf0722f-55bc-438b-92fd-d7f65d6b4ef4	19	5689275	7554353	905	1.0671
0cf0722f-55bc-438b-92fd-d7f65d6b4ef4	19	7557818	12709441	2510	0.558
0cf0722f-55bc-438b-92fd-d7f65d6b4ef4	19	12710182	17171440	2370	0.8292
0cf0722f-55bc-438b-92fd-d7f65d6b4ef4	19	17172617	18364920	496	1.0344
0cf0722f-55bc-438b-92fd-d7f65d6b4ef4	19	18365058	20146030	812	0.5713
0cf0722f-55bc-438b-92fd-d7f65d6b4ef4	19	20147573	20633675	279	0.2491
0cf0722f-55bc-438b-92fd-d7f65d6b4ef4	19	20637915	20678641	38	0.6578
0cf0722f-55bc-438b-92fd-d7f65d6b4ef4	19	20679821	24400510	2075	0.1806
0cf0722f-55bc-438b-92fd-d7f65d6b4ef4	19	24413948	27749110	76	1.0167
0cf0722f-55bc-438b-92fd-d7f65d6b4ef4	19	27749470	27860326	72	1.0585
0cf0722f-55bc-438b-92fd-d7f65d6b4ef4	19	27860439	28423391	484	1.6132
0cf0722f-55bc-438b-92fd-d7f65d6b4ef4	19	28423495	30793899	1777	1.8179
0cf0722f-55bc-438b-92fd-d7f65d6b4ef4	19	30797211	30797633	2	-0.9962
0cf0722f-55bc-438b-92fd-d7f65d6b4ef4	19	30799692	33124216	1636	1.9126
0cf0722f-55bc-438b-92fd-d7f65d6b4ef4	19	33124242	33589053	310	2.2515
0cf0722f-55bc-438b-92fd-d7f65d6b4ef4	19	33589942	34185159	427	2.565
0cf0722f-55bc-438b-92fd-d7f65d6b4ef4	19	34185540	35383481	797	2.3196
0cf0722f-55bc-438b-92fd-d7f65d6b4ef4	19	35383881	36238714	413	0.2916
0cf0722f-55bc-438b-92fd-d7f65d6b4ef4	19	36239139	52636034	8296	-0.267
0cf0722f-55bc-438b-92fd-d7f65d6b4ef4	19	52640363	52640762	2	-5.2945
0cf0722f-55bc-438b-92fd-d7f65d6b4ef4	19	52641567	54215136	1062	-0.2519
0cf0722f-55bc-438b-92fd-d7f65d6b4ef4	19	54226329	54237443	16	0.6569
0cf0722f-55bc-438b-92fd-d7f65d6b4ef4	19	54249482	55437282	594	-0.2924
0cf0722f-55bc-438b-92fd-d7f65d6b4ef4	19	55439139	56377931	597	0.2757
0cf0722f-55bc-438b-92fd-d7f65d6b4ef4	19	56378455	57012589	449	0.6324
0cf0722f-55bc-438b-92fd-d7f65d6b4ef4	19	57019563	57168248	114	0.1654
0cf0722f-55bc-438b-92fd-d7f65d6b4ef4	19	57172676	58586487	833	-0.3127
0cf0722f-55bc-438b-92fd-d7f65d6b4ef4	20	80664	80667	4	1.1053
0cf0722f-55bc-438b-92fd-d7f65d6b4ef4	20	80668	1580305	1199	0.4829
0cf0722f-55bc-438b-92fd-d7f65d6b4ef4	20	1580353	1617690	45	-0.307
0cf0722f-55bc-438b-92fd-d7f65d6b4ef4	20	1618356	15242390	10332	0.5001
0cf0722f-55bc-438b-92fd-d7f65d6b4ef4	20	15242986	15243099	4	-1.1208
0cf0722f-55bc-438b-92fd-d7f65d6b4ef4	20	15247649	24731446	7666	0.4952
0cf0722f-55bc-438b-92fd-d7f65d6b4ef4	20	24733187	24733791	3	-1.2594
0cf0722f-55bc-438b-92fd-d7f65d6b4ef4	20	24734069	30400790	814	0.4828
0cf0722f-55bc-438b-92fd-d7f65d6b4ef4	20	30406589	32979039	848	0.8175
0cf0722f-55bc-438b-92fd-d7f65d6b4ef4	20	32983165	32983216	2	-0.8827
0cf0722f-55bc-438b-92fd-d7f65d6b4ef4	20	32984094	34448677	744	0.7924
0cf0722f-55bc-438b-92fd-d7f65d6b4ef4	20	34448923	42632121	5162	0.0918
0cf0722f-55bc-438b-92fd-d7f65d6b4ef4	20	42634637	42639910	20	0.5689
0cf0722f-55bc-438b-92fd-d7f65d6b4ef4	20	42639994	44694228	1462	0.0757
0cf0722f-55bc-438b-92fd-d7f65d6b4ef4	20	44699932	44700888	2	-5.1818
0cf0722f-55bc-438b-92fd-d7f65d6b4ef4	20	44706422	45472044	484	0.0916
0cf0722f-55bc-438b-92fd-d7f65d6b4ef4	20	45472495	45479029	2	-1.4842
0cf0722f-55bc-438b-92fd-d7f65d6b4ef4	20	45479295	47004578	1107	0.0949
0cf0722f-55bc-438b-92fd-d7f65d6b4ef4	20	47004582	54035821	5006	0.4821
0cf0722f-55bc-438b-92fd-d7f65d6b4ef4	20	54035939	54036269	5	1.3652
0cf0722f-55bc-438b-92fd-d7f65d6b4ef4	20	54036337	54036481	5	0.6334
0cf0722f-55bc-438b-92fd-d7f65d6b4ef4	20	54036528	54036697	4	1.2218
0cf0722f-55bc-438b-92fd-d7f65d6b4ef4	20	54037290	54062640	40	0.5263
0cf0722f-55bc-438b-92fd-d7f65d6b4ef4	20	54062656	54062840	6	1.5257
0cf0722f-55bc-438b-92fd-d7f65d6b4ef4	20	54062953	54481580	353	0.5051
0cf0722f-55bc-438b-92fd-d7f65d6b4ef4	20	54481596	54608002	89	0.173
0cf0722f-55bc-438b-92fd-d7f65d6b4ef4	20	54611680	64324800	6984	0.4907
0cf0722f-55bc-438b-92fd-d7f65d6b4ef4	21	10354168	13004391	92	-0.7032
0cf0722f-55bc-438b-92fd-d7f65d6b4ef4	21	13008398	23057620	6779	-0.3669
0cf0722f-55bc-438b-92fd-d7f65d6b4ef4	21	23060177	23060282	7	0.696
0cf0722f-55bc-438b-92fd-d7f65d6b4ef4	21	23060289	24267485	1047	-0.3597
0cf0722f-55bc-438b-92fd-d7f65d6b4ef4	21	24269760	25491468	836	0.1701
0cf0722f-55bc-438b-92fd-d7f65d6b4ef4	21	25491882	25492552	2	-1.6743
0cf0722f-55bc-438b-92fd-d7f65d6b4ef4	21	25494354	34269568	6326	0.1718
0cf0722f-55bc-438b-92fd-d7f65d6b4ef4	21	34271717	34271738	2	-1.936
0cf0722f-55bc-438b-92fd-d7f65d6b4ef4	21	34274804	37384409	2137	0.1513
0cf0722f-55bc-438b-92fd-d7f65d6b4ef4	21	37387873	37460612	58	-0.5153
0cf0722f-55bc-438b-92fd-d7f65d6b4ef4	21	37464950	46677045	6583	0.1908
0cf0722f-55bc-438b-92fd-d7f65d6b4ef4	22	15294547	15925481	37	0.1393
0cf0722f-55bc-438b-92fd-d7f65d6b4ef4	22	16392123	22084887	3041	-0.29
0cf0722f-55bc-438b-92fd-d7f65d6b4ef4	22	22086088	22130687	45	0.0573
0cf0722f-55bc-438b-92fd-d7f65d6b4ef4	22	22130702	22130908	6	-2.738
0cf0722f-55bc-438b-92fd-d7f65d6b4ef4	22	22131094	23929558	1245	-0.2949
0cf0722f-55bc-438b-92fd-d7f65d6b4ef4	22	23940911	23946247	5	0.9452
0cf0722f-55bc-438b-92fd-d7f65d6b4ef4	22	23950883	25260283	825	-0.3021
0cf0722f-55bc-438b-92fd-d7f65d6b4ef4	22	25262594	25526375	290	0.6119
0cf0722f-55bc-438b-92fd-d7f65d6b4ef4	22	25526380	25740026	132	-0.3552
0cf0722f-55bc-438b-92fd-d7f65d6b4ef4	22	25742050	25742863	6	0.8635
0cf0722f-55bc-438b-92fd-d7f65d6b4ef4	22	25743126	26339682	640	-0.3487
0cf0722f-55bc-438b-92fd-d7f65d6b4ef4	22	26339833	26339847	2	-2.3088
0cf0722f-55bc-438b-92fd-d7f65d6b4ef4	22	26341182	33777419	5359	-0.3367
0cf0722f-55bc-438b-92fd-d7f65d6b4ef4	22	33778960	33778986	3	-3.5779
0cf0722f-55bc-438b-92fd-d7f65d6b4ef4	22	33778998	38967995	3592	-0.3437
0cf0722f-55bc-438b-92fd-d7f65d6b4ef4	22	38969353	39023848	37	0.2069
0cf0722f-55bc-438b-92fd-d7f65d6b4ef4	22	39028509	41134765	1060	-0.3406
0cf0722f-55bc-438b-92fd-d7f65d6b4ef4	22	41137530	41137814	7	-1.4863
0cf0722f-55bc-438b-92fd-d7f65d6b4ef4	22	41140372	46706598	3718	-0.3224
0cf0722f-55bc-438b-92fd-d7f65d6b4ef4	22	46706628	47082746	316	-0.4866
0cf0722f-55bc-438b-92fd-d7f65d6b4ef4	22	47084061	47631160	457	-0.3064
0cf0722f-55bc-438b-92fd-d7f65d6b4ef4	22	47631640	47631861	3	-2.3329
0cf0722f-55bc-438b-92fd-d7f65d6b4ef4	22	47635292	48872888	1201	-0.3474
0cf0722f-55bc-438b-92fd-d7f65d6b4ef4	22	48874111	48874730	2	-2.8092
0cf0722f-55bc-438b-92fd-d7f65d6b4ef4	22	48877479	49740556	789	-0.4303
0cf0722f-55bc-438b-92fd-d7f65d6b4ef4	22	49745504	50749902	430	-1.2857
0cf0722f-55bc-438b-92fd-d7f65d6b4ef4	22	50750050	50796027	10	-0.4076
0cf0722f-55bc-438b-92fd-d7f65d6b4ef4	X	251810	2860281	153	-0.1731
0cf0722f-55bc-438b-92fd-d7f65d6b4ef4	X	2860304	2861170	4	-3.5693
0cf0722f-55bc-438b-92fd-d7f65d6b4ef4	X	2861708	6423358	2690	-0.3351
0cf0722f-55bc-438b-92fd-d7f65d6b4ef4	X	6424977	6425521	4	-4.0924
0cf0722f-55bc-438b-92fd-d7f65d6b4ef4	X	6427181	17886055	7958	-0.3534
0cf0722f-55bc-438b-92fd-d7f65d6b4ef4	X	17892922	19777697	1024	1.2288
0cf0722f-55bc-438b-92fd-d7f65d6b4ef4	X	19779400	20700242	451	1.6155
0cf0722f-55bc-438b-92fd-d7f65d6b4ef4	X	20702904	20915616	96	0.5789
0cf0722f-55bc-438b-92fd-d7f65d6b4ef4	X	20922776	28821786	5069	-0.3429
0cf0722f-55bc-438b-92fd-d7f65d6b4ef4	X	28821928	28839281	18	-1.8647
0cf0722f-55bc-438b-92fd-d7f65d6b4ef4	X	28839566	30436547	1051	-0.3661
0cf0722f-55bc-438b-92fd-d7f65d6b4ef4	X	30438014	30441022	4	-3.5572
0cf0722f-55bc-438b-92fd-d7f65d6b4ef4	X	30441396	32665151	1574	-0.3782
0cf0722f-55bc-438b-92fd-d7f65d6b4ef4	X	32665554	32677865	10	-1.2695
0cf0722f-55bc-438b-92fd-d7f65d6b4ef4	X	32681251	32682170	5	-4.2819
0cf0722f-55bc-438b-92fd-d7f65d6b4ef4	X	32682962	48357673	8861	-0.3397
0cf0722f-55bc-438b-92fd-d7f65d6b4ef4	X	48357970	48563749	63	0.6061
0cf0722f-55bc-438b-92fd-d7f65d6b4ef4	X	48564458	49092744	161	1.1913
0cf0722f-55bc-438b-92fd-d7f65d6b4ef4	X	49101294	51396352	1061	0.6321
0cf0722f-55bc-438b-92fd-d7f65d6b4ef4	X	51398801	51905647	235	1.1912
0cf0722f-55bc-438b-92fd-d7f65d6b4ef4	X	51906728	52426450	177	1.5889
0cf0722f-55bc-438b-92fd-d7f65d6b4ef4	X	52544810	54042496	542	1.1952
0cf0722f-55bc-438b-92fd-d7f65d6b4ef4	X	54046627	54047079	2	-0.2158
0cf0722f-55bc-438b-92fd-d7f65d6b4ef4	X	54054841	55144185	449	1.1874
0cf0722f-55bc-438b-92fd-d7f65d6b4ef4	X	55147285	55906317	375	0.5844
0cf0722f-55bc-438b-92fd-d7f65d6b4ef4	X	55907685	57068808	619	1.2119
0cf0722f-55bc-438b-92fd-d7f65d6b4ef4	X	57069482	58271694	506	0.6319
0cf0722f-55bc-438b-92fd-d7f65d6b4ef4	X	58272201	62839150	90	0.9833
0cf0722f-55bc-438b-92fd-d7f65d6b4ef4	X	62839624	63043824	71	0.7135
0cf0722f-55bc-438b-92fd-d7f65d6b4ef4	X	63048487	63053242	4	-0.909
0cf0722f-55bc-438b-92fd-d7f65d6b4ef4	X	63055009	63188424	29	0.6988
0cf0722f-55bc-438b-92fd-d7f65d6b4ef4	X	63188485	63188573	4	2.4143
0cf0722f-55bc-438b-92fd-d7f65d6b4ef4	X	63191419	78406942	6515	0.6275
0cf0722f-55bc-438b-92fd-d7f65d6b4ef4	X	78407808	94195189	8343	-0.32
0cf0722f-55bc-438b-92fd-d7f65d6b4ef4	X	94204970	97402308	1881	1.2488
0cf0722f-55bc-438b-92fd-d7f65d6b4ef4	X	97409759	100417003	1652	0.6429
0cf0722f-55bc-438b-92fd-d7f65d6b4ef4	X	100419247	102015994	890	1.2314
0cf0722f-55bc-438b-92fd-d7f65d6b4ef4	X	102016341	109450167	3620	-0.3377
0cf0722f-55bc-438b-92fd-d7f65d6b4ef4	X	109450409	109454853	5	-3.0465
0cf0722f-55bc-438b-92fd-d7f65d6b4ef4	X	109455123	111053972	950	-0.3353
0cf0722f-55bc-438b-92fd-d7f65d6b4ef4	X	111054045	111054082	2	-6.4194
0cf0722f-55bc-438b-92fd-d7f65d6b4ef4	X	111054598	123252206	7016	-0.3433
0cf0722f-55bc-438b-92fd-d7f65d6b4ef4	X	123252446	123256685	11	-1.5818
0cf0722f-55bc-438b-92fd-d7f65d6b4ef4	X	123256821	124662634	860	-0.356
0cf0722f-55bc-438b-92fd-d7f65d6b4ef4	X	124664135	124664515	2	-4.0771
0cf0722f-55bc-438b-92fd-d7f65d6b4ef4	X	124664611	124971371	170	-0.3952
0cf0722f-55bc-438b-92fd-d7f65d6b4ef4	X	124974189	125485963	316	0.6173
0cf0722f-55bc-438b-92fd-d7f65d6b4ef4	X	125495082	137988948	6686	-0.3432
0cf0722f-55bc-438b-92fd-d7f65d6b4ef4	X	137989025	137989146	3	-5.3246
0cf0722f-55bc-438b-92fd-d7f65d6b4ef4	X	137990110	139641269	1096	-0.3517
0cf0722f-55bc-438b-92fd-d7f65d6b4ef4	X	139642566	139642770	3	-3.5965
0cf0722f-55bc-438b-92fd-d7f65d6b4ef4	X	139642962	144667398	3148	-0.3446
0cf0722f-55bc-438b-92fd-d7f65d6b4ef4	X	144667952	148221102	2561	0.6297
0cf0722f-55bc-438b-92fd-d7f65d6b4ef4	X	148223432	148223856	2	2.4652
0cf0722f-55bc-438b-92fd-d7f65d6b4ef4	X	148223987	148308180	51	0.6374
0cf0722f-55bc-438b-92fd-d7f65d6b4ef4	X	148310839	149550633	841	1.1488
0cf0722f-55bc-438b-92fd-d7f65d6b4ef4	X	149563013	149572955	9	-0.1697
0cf0722f-55bc-438b-92fd-d7f65d6b4ef4	X	149604380	149758163	70	1.2587
0cf0722f-55bc-438b-92fd-d7f65d6b4ef4	X	149793935	149899987	66	1.6913
0cf0722f-55bc-438b-92fd-d7f65d6b4ef4	X	149932109	151707681	1179	1.1752
0cf0722f-55bc-438b-92fd-d7f65d6b4ef4	X	151708283	151710185	6	-0.0195
0cf0722f-55bc-438b-92fd-d7f65d6b4ef4	X	151710911	155952689	1955	1.1662
0cf0722f-55bc-438b-92fd-d7f65d6b4ef4	Y	2782397	3083932	141	-0.4023
0cf0722f-55bc-438b-92fd-d7f65d6b4ef4	Y	3084091	6795040	731	-0.8064
0cf0722f-55bc-438b-92fd-d7f65d6b4ef4	Y	6799283	56872112	5754	-0.47
