GDC_Aliquot	Chromosome	Start	End	Num_Probes	Segment_Mean
3724cded-3a97-45eb-b6ee-738b82fb4918	1	62920	1710664	213	0.0563
3724cded-3a97-45eb-b6ee-738b82fb4918	1	1715891	1741164	13	0.5659
3724cded-3a97-45eb-b6ee-738b82fb4918	1	1756148	15827002	8098	0.0148
3724cded-3a97-45eb-b6ee-738b82fb4918	1	15827041	15827430	5	0.8849
3724cded-3a97-45eb-b6ee-738b82fb4918	1	15827706	16604834	307	0.0311
3724cded-3a97-45eb-b6ee-738b82fb4918	1	16605031	16863509	52	0.3142
3724cded-3a97-45eb-b6ee-738b82fb4918	1	16864367	16935752	54	-0.5155
3724cded-3a97-45eb-b6ee-738b82fb4918	1	16949746	72303233	33962	0.0055
3724cded-3a97-45eb-b6ee-738b82fb4918	1	72303253	72345465	45	-0.489
3724cded-3a97-45eb-b6ee-738b82fb4918	1	72346221	143494500	30695	-0.0011
3724cded-3a97-45eb-b6ee-738b82fb4918	1	143541857	143927536	123	-0.7205
3724cded-3a97-45eb-b6ee-738b82fb4918	1	143927887	152789532	2515	0.0463
3724cded-3a97-45eb-b6ee-738b82fb4918	1	152789570	152796224	33	0.6175
3724cded-3a97-45eb-b6ee-738b82fb4918	1	152801429	166206806	8946	0.006
3724cded-3a97-45eb-b6ee-738b82fb4918	1	166215244	166225133	10	0.8433
3724cded-3a97-45eb-b6ee-738b82fb4918	1	166226465	174828195	5818	0.009
3724cded-3a97-45eb-b6ee-738b82fb4918	1	174828247	174832716	10	0.6259
3724cded-3a97-45eb-b6ee-738b82fb4918	1	174832734	196762956	14619	-0.0008
3724cded-3a97-45eb-b6ee-738b82fb4918	1	196769493	196846661	57	-0.4657
3724cded-3a97-45eb-b6ee-738b82fb4918	1	196847600	209897717	8761	0.0006
3724cded-3a97-45eb-b6ee-738b82fb4918	1	209908268	209908720	2	-1.8689
3724cded-3a97-45eb-b6ee-738b82fb4918	1	209910639	229675422	13012	-0.0074
3724cded-3a97-45eb-b6ee-738b82fb4918	1	229681109	229684449	3	-3.2714
3724cded-3a97-45eb-b6ee-738b82fb4918	1	229684709	248930189	13943	-0.0031
3724cded-3a97-45eb-b6ee-738b82fb4918	2	12784	4158097	2985	0.0056
3724cded-3a97-45eb-b6ee-738b82fb4918	2	4166274	4175577	36	-0.7242
3724cded-3a97-45eb-b6ee-738b82fb4918	2	4175922	52514599	34040	0.0073
3724cded-3a97-45eb-b6ee-738b82fb4918	2	52516787	52560811	42	0.8036
3724cded-3a97-45eb-b6ee-738b82fb4918	2	52563002	97210040	23784	0.0138
3724cded-3a97-45eb-b6ee-738b82fb4918	2	97210463	97210536	2	-2.3879
3724cded-3a97-45eb-b6ee-738b82fb4918	2	97211069	131326276	20207	0.0255
3724cded-3a97-45eb-b6ee-738b82fb4918	2	131335459	131338866	7	-1.198
3724cded-3a97-45eb-b6ee-738b82fb4918	2	131339746	146108264	9166	0.0196
3724cded-3a97-45eb-b6ee-738b82fb4918	2	146108406	146109341	10	0.7738
3724cded-3a97-45eb-b6ee-738b82fb4918	2	146109366	150174288	2260	0.0103
3724cded-3a97-45eb-b6ee-738b82fb4918	2	150174937	150181218	5	-1.3708
3724cded-3a97-45eb-b6ee-738b82fb4918	2	150182694	154033296	2609	0.0136
3724cded-3a97-45eb-b6ee-738b82fb4918	2	154039462	154039969	2	-1.6792
3724cded-3a97-45eb-b6ee-738b82fb4918	2	154043710	179191284	15345	0.0202
3724cded-3a97-45eb-b6ee-738b82fb4918	2	179196928	179214417	4	-1.5696
3724cded-3a97-45eb-b6ee-738b82fb4918	2	179218864	227653530	29733	0.0186
3724cded-3a97-45eb-b6ee-738b82fb4918	2	227653550	239397060	7516	-0.006
3724cded-3a97-45eb-b6ee-738b82fb4918	2	239397395	239398180	2	-2.0067
3724cded-3a97-45eb-b6ee-738b82fb4918	2	239405221	241032385	993	0.02
3724cded-3a97-45eb-b6ee-738b82fb4918	2	241038785	241040133	3	-1.1422
3724cded-3a97-45eb-b6ee-738b82fb4918	2	241048962	242147305	468	0.02
3724cded-3a97-45eb-b6ee-738b82fb4918	3	20930	37935926	27563	-0.0055
3724cded-3a97-45eb-b6ee-738b82fb4918	3	37940617	37945437	18	-1.0634
3724cded-3a97-45eb-b6ee-738b82fb4918	3	37945615	75499583	25039	-0.003
3724cded-3a97-45eb-b6ee-738b82fb4918	3	75500567	75559488	15	0.7014
3724cded-3a97-45eb-b6ee-738b82fb4918	3	75564023	104415893	13908	-0.0005
3724cded-3a97-45eb-b6ee-738b82fb4918	3	104417391	104417478	3	-1.3498
3724cded-3a97-45eb-b6ee-738b82fb4918	3	104417687	130044016	15765	0.0103
3724cded-3a97-45eb-b6ee-738b82fb4918	3	130044855	130087393	38	0.5953
3724cded-3a97-45eb-b6ee-738b82fb4918	3	130088081	162767124	20201	0.0069
3724cded-3a97-45eb-b6ee-738b82fb4918	3	162769893	162906109	93	-0.2246
3724cded-3a97-45eb-b6ee-738b82fb4918	3	162908192	191562314	18005	0.017
3724cded-3a97-45eb-b6ee-738b82fb4918	3	191566836	191566890	2	-1.7168
3724cded-3a97-45eb-b6ee-738b82fb4918	3	191566911	193160113	1121	0.0167
3724cded-3a97-45eb-b6ee-738b82fb4918	3	193160173	193165114	19	-1.3748
3724cded-3a97-45eb-b6ee-738b82fb4918	3	193168646	194920617	1158	0.0228
3724cded-3a97-45eb-b6ee-738b82fb4918	3	194921025	194921116	2	-4.2341
3724cded-3a97-45eb-b6ee-738b82fb4918	3	194921751	195536070	307	0.0281
3724cded-3a97-45eb-b6ee-738b82fb4918	3	195536361	195719726	29	0.4376
3724cded-3a97-45eb-b6ee-738b82fb4918	3	195719871	198142659	1184	0.0433
3724cded-3a97-45eb-b6ee-738b82fb4918	3	198169114	198169247	4	0.9103
3724cded-3a97-45eb-b6ee-738b82fb4918	4	68929	5308576	2513	0.0161
3724cded-3a97-45eb-b6ee-738b82fb4918	4	5308694	5319207	6	-1.312
3724cded-3a97-45eb-b6ee-738b82fb4918	4	5321568	10208766	3165	0.0023
3724cded-3a97-45eb-b6ee-738b82fb4918	4	10212536	10233644	36	1.3462
3724cded-3a97-45eb-b6ee-738b82fb4918	4	10234518	10390730	171	0.0041
3724cded-3a97-45eb-b6ee-738b82fb4918	4	10391530	10399044	15	-2.25
3724cded-3a97-45eb-b6ee-738b82fb4918	4	10401094	34785368	16759	-0.0019
3724cded-3a97-45eb-b6ee-738b82fb4918	4	34785527	34823103	35	0.4061
3724cded-3a97-45eb-b6ee-738b82fb4918	4	34828250	63828222	16532	0.0042
3724cded-3a97-45eb-b6ee-738b82fb4918	4	63831751	63842540	28	0.5539
3724cded-3a97-45eb-b6ee-738b82fb4918	4	63850713	68378716	2844	-0.002
3724cded-3a97-45eb-b6ee-738b82fb4918	4	68389352	68422424	10	-1.0837
3724cded-3a97-45eb-b6ee-738b82fb4918	4	68429081	68725894	85	-0.2875
3724cded-3a97-45eb-b6ee-738b82fb4918	4	68726064	69257792	305	-0.0249
3724cded-3a97-45eb-b6ee-738b82fb4918	4	69261926	69366304	55	-0.5751
3724cded-3a97-45eb-b6ee-738b82fb4918	4	69366406	114252544	27260	0.0068
3724cded-3a97-45eb-b6ee-738b82fb4918	4	114254167	114261019	23	-1.41
3724cded-3a97-45eb-b6ee-738b82fb4918	4	114263073	121360818	4328	0.0098
3724cded-3a97-45eb-b6ee-738b82fb4918	4	121361313	121363980	28	-0.8159
3724cded-3a97-45eb-b6ee-738b82fb4918	4	121369976	171448195	30226	0.005
3724cded-3a97-45eb-b6ee-738b82fb4918	4	171453733	171456559	10	0.8045
3724cded-3a97-45eb-b6ee-738b82fb4918	4	171456573	172501371	640	-0.0286
3724cded-3a97-45eb-b6ee-738b82fb4918	4	172503796	172507492	7	0.9998
3724cded-3a97-45eb-b6ee-738b82fb4918	4	172519981	188300104	10680	-0.0071
3724cded-3a97-45eb-b6ee-738b82fb4918	4	188300206	188300221	2	1.7374
3724cded-3a97-45eb-b6ee-738b82fb4918	4	188300270	188907218	511	-0.0185
3724cded-3a97-45eb-b6ee-738b82fb4918	4	188910177	188917797	5	-1.5928
3724cded-3a97-45eb-b6ee-738b82fb4918	4	188918066	190106768	626	-0.0125
3724cded-3a97-45eb-b6ee-738b82fb4918	5	15532	45939197	30557	0.0509
3724cded-3a97-45eb-b6ee-738b82fb4918	5	45939572	58025819	5129	-0.0032
3724cded-3a97-45eb-b6ee-738b82fb4918	5	58030200	58037706	32	1.2708
3724cded-3a97-45eb-b6ee-738b82fb4918	5	58042530	104515520	26784	-0.0031
3724cded-3a97-45eb-b6ee-738b82fb4918	5	104524672	104524903	4	-1.7387
3724cded-3a97-45eb-b6ee-738b82fb4918	5	104525348	140839137	23169	-0.0079
3724cded-3a97-45eb-b6ee-738b82fb4918	5	140844251	140864171	13	-0.7975
3724cded-3a97-45eb-b6ee-738b82fb4918	5	140872578	156051752	10192	-0.0025
3724cded-3a97-45eb-b6ee-738b82fb4918	5	156053103	156068240	11	-0.8302
3724cded-3a97-45eb-b6ee-738b82fb4918	5	156068247	169941914	9617	-0.0064
3724cded-3a97-45eb-b6ee-738b82fb4918	5	169943516	169944914	4	1.0453
3724cded-3a97-45eb-b6ee-738b82fb4918	5	169947427	171765033	1286	-0.006
3724cded-3a97-45eb-b6ee-738b82fb4918	5	171767234	171767886	3	-1.5525
3724cded-3a97-45eb-b6ee-738b82fb4918	5	171768123	177771448	3859	-0.0037
3724cded-3a97-45eb-b6ee-738b82fb4918	5	177800550	177805604	3	3.3468
3724cded-3a97-45eb-b6ee-738b82fb4918	5	177827964	177933867	14	0.3458
3724cded-3a97-45eb-b6ee-738b82fb4918	5	177950647	180947523	1780	-0.0142
3724cded-3a97-45eb-b6ee-738b82fb4918	5	180951710	180990911	18	-0.6375
3724cded-3a97-45eb-b6ee-738b82fb4918	5	180991103	181363319	170	0.0408
3724cded-3a97-45eb-b6ee-738b82fb4918	6	149661	254283	101	0.0489
3724cded-3a97-45eb-b6ee-738b82fb4918	6	257353	366333	92	-0.5089
3724cded-3a97-45eb-b6ee-738b82fb4918	6	373453	23742789	17984	0.0072
3724cded-3a97-45eb-b6ee-738b82fb4918	6	23744444	23745202	2	-3.4075
3724cded-3a97-45eb-b6ee-738b82fb4918	6	23747504	31313046	4116	0.006
3724cded-3a97-45eb-b6ee-738b82fb4918	6	31318499	31328674	11	1.2623
3724cded-3a97-45eb-b6ee-738b82fb4918	6	31342147	54066286	14216	0.0067
3724cded-3a97-45eb-b6ee-738b82fb4918	6	54066353	54067057	7	-1.0194
3724cded-3a97-45eb-b6ee-738b82fb4918	6	54070550	65000836	4457	0.0043
3724cded-3a97-45eb-b6ee-738b82fb4918	6	65001506	65003899	3	-1.2832
3724cded-3a97-45eb-b6ee-738b82fb4918	6	65007491	66299161	862	-0.0203
3724cded-3a97-45eb-b6ee-738b82fb4918	6	66301114	66331020	33	0.233
3724cded-3a97-45eb-b6ee-738b82fb4918	6	66331558	66333004	5	-0.933
3724cded-3a97-45eb-b6ee-738b82fb4918	6	66333299	68428164	1519	-0.0176
3724cded-3a97-45eb-b6ee-738b82fb4918	6	68428437	68432116	2	-1.776
3724cded-3a97-45eb-b6ee-738b82fb4918	6	68436135	68976737	339	-0.0062
3724cded-3a97-45eb-b6ee-738b82fb4918	6	68977806	68981476	4	-1.342
3724cded-3a97-45eb-b6ee-738b82fb4918	6	68987514	73882142	3138	0.0014
3724cded-3a97-45eb-b6ee-738b82fb4918	6	73882509	73883255	3	-1.5591
3724cded-3a97-45eb-b6ee-738b82fb4918	6	73884089	76726815	1772	0.0034
3724cded-3a97-45eb-b6ee-738b82fb4918	6	76730151	76742924	18	-0.719
3724cded-3a97-45eb-b6ee-738b82fb4918	6	76742956	78262085	984	0.0185
3724cded-3a97-45eb-b6ee-738b82fb4918	6	78262117	78332056	110	0.2855
3724cded-3a97-45eb-b6ee-738b82fb4918	6	78332092	170741917	59571	-0.0031
3724cded-3a97-45eb-b6ee-738b82fb4918	7	43355	13834187	9038	-0.0096
3724cded-3a97-45eb-b6ee-738b82fb4918	7	13837082	13868625	28	-1.4657
3724cded-3a97-45eb-b6ee-738b82fb4918	7	13870143	19555501	4807	-0.024
3724cded-3a97-45eb-b6ee-738b82fb4918	7	19562229	19562376	2	-1.7971
3724cded-3a97-45eb-b6ee-738b82fb4918	7	19564961	29631102	7506	-0.0136
3724cded-3a97-45eb-b6ee-738b82fb4918	7	29634124	29744097	51	0.5307
3724cded-3a97-45eb-b6ee-738b82fb4918	7	29746314	54305455	16963	0.0023
3724cded-3a97-45eb-b6ee-738b82fb4918	7	54318812	54318824	6	-1.9022
3724cded-3a97-45eb-b6ee-738b82fb4918	7	54325795	101409205	23339	0.0106
3724cded-3a97-45eb-b6ee-738b82fb4918	7	101416451	101416668	2	-2.3246
3724cded-3a97-45eb-b6ee-738b82fb4918	7	101419630	109793720	5040	0.0151
3724cded-3a97-45eb-b6ee-738b82fb4918	7	109793728	109813853	37	0.48
3724cded-3a97-45eb-b6ee-738b82fb4918	7	109813925	134093899	14708	0.0141
3724cded-3a97-45eb-b6ee-738b82fb4918	7	134100424	134113300	30	0.8112
3724cded-3a97-45eb-b6ee-738b82fb4918	7	134113314	144199159	6424	0.0217
3724cded-3a97-45eb-b6ee-738b82fb4918	7	144207186	144306653	10	0.8617
3724cded-3a97-45eb-b6ee-738b82fb4918	7	144312471	156599096	8010	0.0145
3724cded-3a97-45eb-b6ee-738b82fb4918	7	156600474	156602214	4	-1.1509
3724cded-3a97-45eb-b6ee-738b82fb4918	7	156602336	159334314	1621	0.0113
3724cded-3a97-45eb-b6ee-738b82fb4918	8	81254	5741213	5986	-0.0158
3724cded-3a97-45eb-b6ee-738b82fb4918	8	5741242	5746973	25	-0.7943
3724cded-3a97-45eb-b6ee-738b82fb4918	8	5749566	7312952	1696	-0.0146
3724cded-3a97-45eb-b6ee-738b82fb4918	8	7329110	7974123	53	0.4088
3724cded-3a97-45eb-b6ee-738b82fb4918	8	7981252	9454621	1219	0.0041
3724cded-3a97-45eb-b6ee-738b82fb4918	8	9455371	9458297	8	-1.5164
3724cded-3a97-45eb-b6ee-738b82fb4918	8	9460805	12092042	2002	0.0038
3724cded-3a97-45eb-b6ee-738b82fb4918	8	12130217	12143614	6	0.8518
3724cded-3a97-45eb-b6ee-738b82fb4918	8	12176798	12385031	24	-0.2811
3724cded-3a97-45eb-b6ee-738b82fb4918	8	12387683	12389679	3	-1.6395
3724cded-3a97-45eb-b6ee-738b82fb4918	8	12389813	15555938	2752	0.0062
3724cded-3a97-45eb-b6ee-738b82fb4918	8	15565761	15576174	16	-1.1961
3724cded-3a97-45eb-b6ee-738b82fb4918	8	15583077	23431907	6410	-0.0028
3724cded-3a97-45eb-b6ee-738b82fb4918	8	23432023	23432036	2	-1.6182
3724cded-3a97-45eb-b6ee-738b82fb4918	8	23432388	24287495	575	-0.0229
3724cded-3a97-45eb-b6ee-738b82fb4918	8	24287917	24293553	4	-1.0947
3724cded-3a97-45eb-b6ee-738b82fb4918	8	24293995	25116928	647	-0.0103
3724cded-3a97-45eb-b6ee-738b82fb4918	8	25116961	25126818	26	1.0129
3724cded-3a97-45eb-b6ee-738b82fb4918	8	25133589	32574851	5213	-0.0026
3724cded-3a97-45eb-b6ee-738b82fb4918	8	32579357	32581889	5	-0.9531
3724cded-3a97-45eb-b6ee-738b82fb4918	8	32584133	39373140	3781	-0.0039
3724cded-3a97-45eb-b6ee-738b82fb4918	8	39378084	39529446	59	-2.5227
3724cded-3a97-45eb-b6ee-738b82fb4918	8	39530780	108514598	40387	0.0034
3724cded-3a97-45eb-b6ee-738b82fb4918	8	108515595	108523243	6	-1.249
3724cded-3a97-45eb-b6ee-738b82fb4918	8	108525147	136825523	19372	0.0032
3724cded-3a97-45eb-b6ee-738b82fb4918	8	136825697	136825777	2	-1.8836
3724cded-3a97-45eb-b6ee-738b82fb4918	8	136825896	145072769	5020	0.0016
3724cded-3a97-45eb-b6ee-738b82fb4918	9	46587	22492890	19801	-0.0019
3724cded-3a97-45eb-b6ee-738b82fb4918	9	22501914	22502700	2	-4.4315
3724cded-3a97-45eb-b6ee-738b82fb4918	9	22509341	23361807	581	0.0034
3724cded-3a97-45eb-b6ee-738b82fb4918	9	23363117	23373486	8	-2.0548
3724cded-3a97-45eb-b6ee-738b82fb4918	9	23378490	40887290	10743	-0.001
3724cded-3a97-45eb-b6ee-738b82fb4918	9	40922005	42585140	124	-0.4893
3724cded-3a97-45eb-b6ee-738b82fb4918	9	42697878	64467459	175	-0.0014
3724cded-3a97-45eb-b6ee-738b82fb4918	9	64480563	64510407	12	-0.8332
3724cded-3a97-45eb-b6ee-738b82fb4918	9	64520620	74695172	4581	0.0005
3724cded-3a97-45eb-b6ee-738b82fb4918	9	74696920	74701066	7	-1.1866
3724cded-3a97-45eb-b6ee-738b82fb4918	9	74705081	135319522	42171	-0.0008
3724cded-3a97-45eb-b6ee-738b82fb4918	9	135322259	135323776	2	-1.6543
3724cded-3a97-45eb-b6ee-738b82fb4918	9	135324566	138200944	1108	0.0169
3724cded-3a97-45eb-b6ee-738b82fb4918	10	45792	24086334	19153	0.0242
3724cded-3a97-45eb-b6ee-738b82fb4918	10	24088745	24090110	15	1.0716
3724cded-3a97-45eb-b6ee-738b82fb4918	10	24091731	26934974	1973	0.023
3724cded-3a97-45eb-b6ee-738b82fb4918	10	26936975	26941064	14	0.5697
3724cded-3a97-45eb-b6ee-738b82fb4918	10	26941746	37166217	7108	0.0229
3724cded-3a97-45eb-b6ee-738b82fb4918	10	37172220	37201025	9	-0.67
3724cded-3a97-45eb-b6ee-738b82fb4918	10	37205200	45798061	3092	0.0089
3724cded-3a97-45eb-b6ee-738b82fb4918	10	45798171	45817039	2	-1.9764
3724cded-3a97-45eb-b6ee-738b82fb4918	10	45936113	65548165	12958	-0.0036
3724cded-3a97-45eb-b6ee-738b82fb4918	10	65548178	65576730	42	-0.3104
3724cded-3a97-45eb-b6ee-738b82fb4918	10	65580420	87187304	14382	0.0005
3724cded-3a97-45eb-b6ee-738b82fb4918	10	87189670	87310039	13	0.6597
3724cded-3a97-45eb-b6ee-738b82fb4918	10	87310988	120750485	22176	-0.0033
3724cded-3a97-45eb-b6ee-738b82fb4918	10	120750851	120750877	2	-1.8397
3724cded-3a97-45eb-b6ee-738b82fb4918	10	120751247	133654968	9535	-0.0054
3724cded-3a97-45eb-b6ee-738b82fb4918	11	198510	3466435	1292	0.0327
3724cded-3a97-45eb-b6ee-738b82fb4918	11	3467200	3467311	2	-1.5906
3724cded-3a97-45eb-b6ee-738b82fb4918	11	3485296	4248034	447	-0.0043
3724cded-3a97-45eb-b6ee-738b82fb4918	11	4251190	4274526	5	-0.4431
3724cded-3a97-45eb-b6ee-738b82fb4918	11	4280126	4286190	5	-1.7737
3724cded-3a97-45eb-b6ee-738b82fb4918	11	4286769	4949100	665	0.0007
3724cded-3a97-45eb-b6ee-738b82fb4918	11	4949113	4952799	20	0.6409
3724cded-3a97-45eb-b6ee-738b82fb4918	11	4953934	5039561	77	-0.0245
3724cded-3a97-45eb-b6ee-738b82fb4918	11	5039711	5041606	5	-0.8706
3724cded-3a97-45eb-b6ee-738b82fb4918	11	5041712	5773478	719	-0.0109
3724cded-3a97-45eb-b6ee-738b82fb4918	11	5776383	5788231	21	-0.7938
3724cded-3a97-45eb-b6ee-738b82fb4918	11	5791130	6836688	734	0.0134
3724cded-3a97-45eb-b6ee-738b82fb4918	11	6837424	6837510	2	-2.821
3724cded-3a97-45eb-b6ee-738b82fb4918	11	6837517	8877853	1505	0.0012
3724cded-3a97-45eb-b6ee-738b82fb4918	11	8877981	8878121	2	-1.4317
3724cded-3a97-45eb-b6ee-738b82fb4918	11	8878847	18919323	7145	0.0077
3724cded-3a97-45eb-b6ee-738b82fb4918	11	18927525	18939631	35	0.5303
3724cded-3a97-45eb-b6ee-738b82fb4918	11	18939734	54743970	21431	0.0072
3724cded-3a97-45eb-b6ee-738b82fb4918	11	54762035	54766290	3	-1.47
3724cded-3a97-45eb-b6ee-738b82fb4918	11	54782119	55606572	287	0.0089
3724cded-3a97-45eb-b6ee-738b82fb4918	11	55606712	55685533	57	-0.3594
3724cded-3a97-45eb-b6ee-738b82fb4918	11	55686100	75869510	10443	0.0091
3724cded-3a97-45eb-b6ee-738b82fb4918	11	75876425	80268865	2798	0.1225
3724cded-3a97-45eb-b6ee-738b82fb4918	11	80269000	81792950	1283	-0.0191
3724cded-3a97-45eb-b6ee-738b82fb4918	11	81794421	81806116	9	-1.096
3724cded-3a97-45eb-b6ee-738b82fb4918	11	81811590	135074876	37629	-0.0123
3724cded-3a97-45eb-b6ee-738b82fb4918	12	51460	756804	415	0.0422
3724cded-3a97-45eb-b6ee-738b82fb4918	12	759943	764863	18	-0.7761
3724cded-3a97-45eb-b6ee-738b82fb4918	12	766188	7821407	4915	0.0121
3724cded-3a97-45eb-b6ee-738b82fb4918	12	7842191	7971304	59	0.7262
3724cded-3a97-45eb-b6ee-738b82fb4918	12	7978362	8204911	118	-0.001
3724cded-3a97-45eb-b6ee-738b82fb4918	12	8209454	8241232	10	0.7686
3724cded-3a97-45eb-b6ee-738b82fb4918	12	8241781	9481274	625	0.0786
3724cded-3a97-45eb-b6ee-738b82fb4918	12	9485313	9575696	23	-1.7951
3724cded-3a97-45eb-b6ee-738b82fb4918	12	9582373	11068125	1034	0.0626
3724cded-3a97-45eb-b6ee-738b82fb4918	12	11070111	11074314	3	-0.7605
3724cded-3a97-45eb-b6ee-738b82fb4918	12	11078856	11088933	6	-1.8333
3724cded-3a97-45eb-b6ee-738b82fb4918	12	11099275	11358644	133	0.0227
3724cded-3a97-45eb-b6ee-738b82fb4918	12	11359558	11390472	29	0.5371
3724cded-3a97-45eb-b6ee-738b82fb4918	12	11399258	12384501	831	0.0708
3724cded-3a97-45eb-b6ee-738b82fb4918	12	12384563	12387533	6	-1.0844
3724cded-3a97-45eb-b6ee-738b82fb4918	12	12388935	20182763	5173	0.0499
3724cded-3a97-45eb-b6ee-738b82fb4918	12	20184251	20184530	2	-1.4015
3724cded-3a97-45eb-b6ee-738b82fb4918	12	20188524	27941988	5510	0.0236
3724cded-3a97-45eb-b6ee-738b82fb4918	12	27942560	27950527	12	-0.8549
3724cded-3a97-45eb-b6ee-738b82fb4918	12	27950842	29726104	1286	0.0352
3724cded-3a97-45eb-b6ee-738b82fb4918	12	29730146	29739685	5	-1.1635
3724cded-3a97-45eb-b6ee-738b82fb4918	12	29743995	30082648	248	0.0078
3724cded-3a97-45eb-b6ee-738b82fb4918	12	30086334	30090642	19	-0.7561
3724cded-3a97-45eb-b6ee-738b82fb4918	12	30090657	32185818	1589	0.0249
3724cded-3a97-45eb-b6ee-738b82fb4918	12	32185833	32185941	2	-1.4355
3724cded-3a97-45eb-b6ee-738b82fb4918	12	32185984	33141726	666	0.0313
3724cded-3a97-45eb-b6ee-738b82fb4918	12	33148472	33154144	26	-0.9194
3724cded-3a97-45eb-b6ee-738b82fb4918	12	33154440	45510655	5573	0.0132
3724cded-3a97-45eb-b6ee-738b82fb4918	12	45512057	45515754	3	1.3482
3724cded-3a97-45eb-b6ee-738b82fb4918	12	45519509	80446147	21491	0.0151
3724cded-3a97-45eb-b6ee-738b82fb4918	12	80446276	80456533	2	-2.8921
3724cded-3a97-45eb-b6ee-738b82fb4918	12	80458189	133201603	34824	0.0076
3724cded-3a97-45eb-b6ee-738b82fb4918	13	18452809	37496998	13443	-0.0041
3724cded-3a97-45eb-b6ee-738b82fb4918	13	37497899	37510620	16	-2.022
3724cded-3a97-45eb-b6ee-738b82fb4918	13	37514193	57097752	12460	-0.0015
3724cded-3a97-45eb-b6ee-738b82fb4918	13	57099677	57099696	2	-2.1341
3724cded-3a97-45eb-b6ee-738b82fb4918	13	57102230	71902850	9036	-0.0073
3724cded-3a97-45eb-b6ee-738b82fb4918	13	71903417	71906418	4	1.298
3724cded-3a97-45eb-b6ee-738b82fb4918	13	71906467	114342922	29031	-0.0026
3724cded-3a97-45eb-b6ee-738b82fb4918	14	18239283	18394567	5	0.0274
3724cded-3a97-45eb-b6ee-738b82fb4918	14	18415241	19955213	162	0.7139
3724cded-3a97-45eb-b6ee-738b82fb4918	14	19956767	38174697	11702	0.0116
3724cded-3a97-45eb-b6ee-738b82fb4918	14	38174711	38176237	4	-1.6342
3724cded-3a97-45eb-b6ee-738b82fb4918	14	38176428	38842727	425	0.0032
3724cded-3a97-45eb-b6ee-738b82fb4918	14	38843439	38843455	2	-1.5901
3724cded-3a97-45eb-b6ee-738b82fb4918	14	38847192	40139724	713	-0.0063
3724cded-3a97-45eb-b6ee-738b82fb4918	14	40144718	40147715	2	1.5023
3724cded-3a97-45eb-b6ee-738b82fb4918	14	40148961	41139155	720	0.0102
3724cded-3a97-45eb-b6ee-738b82fb4918	14	41141293	41188146	15	-0.6686
3724cded-3a97-45eb-b6ee-738b82fb4918	14	41200899	73529070	20417	0.0078
3724cded-3a97-45eb-b6ee-738b82fb4918	14	73534419	73563196	10	0.8202
3724cded-3a97-45eb-b6ee-738b82fb4918	14	73563211	105588560	20605	0.0075
3724cded-3a97-45eb-b6ee-738b82fb4918	14	105612353	105701150	16	0.6253
3724cded-3a97-45eb-b6ee-738b82fb4918	14	105728140	106294689	193	0.0674
3724cded-3a97-45eb-b6ee-738b82fb4918	14	106297265	106297273	3	1.6473
3724cded-3a97-45eb-b6ee-738b82fb4918	14	106297409	106340102	15	-0.0283
3724cded-3a97-45eb-b6ee-738b82fb4918	14	106340305	106365807	10	-0.649
3724cded-3a97-45eb-b6ee-738b82fb4918	14	106369985	106877229	270	0.0453
3724cded-3a97-45eb-b6ee-738b82fb4918	15	19811075	20190276	56	0.0426
3724cded-3a97-45eb-b6ee-738b82fb4918	15	20206125	22385639	151	0.3584
3724cded-3a97-45eb-b6ee-738b82fb4918	15	22395047	30215235	4626	-0.0059
3724cded-3a97-45eb-b6ee-738b82fb4918	15	30230885	30269364	7	-1.4933
3724cded-3a97-45eb-b6ee-738b82fb4918	15	30281107	33826195	2194	0.0029
3724cded-3a97-45eb-b6ee-738b82fb4918	15	33826937	33828316	4	-1.9779
3724cded-3a97-45eb-b6ee-738b82fb4918	15	33830213	61392006	17699	-0.0012
3724cded-3a97-45eb-b6ee-738b82fb4918	15	61395970	61405509	13	-1.1457
3724cded-3a97-45eb-b6ee-738b82fb4918	15	61405729	101928837	26687	0.0006
3724cded-3a97-45eb-b6ee-738b82fb4918	16	10777	5771429	2880	0.0155
3724cded-3a97-45eb-b6ee-738b82fb4918	16	5772455	5802955	40	1.0042
3724cded-3a97-45eb-b6ee-738b82fb4918	16	5803759	29331280	16112	0.0038
3724cded-3a97-45eb-b6ee-738b82fb4918	16	29335808	29506390	14	0.6063
3724cded-3a97-45eb-b6ee-738b82fb4918	16	29555988	55762682	7823	0.0029
3724cded-3a97-45eb-b6ee-738b82fb4918	16	55764310	55764867	3	2.662
3724cded-3a97-45eb-b6ee-738b82fb4918	16	55770436	74346075	11051	-0.0099
3724cded-3a97-45eb-b6ee-738b82fb4918	16	74350360	74418138	9	-0.9209
3724cded-3a97-45eb-b6ee-738b82fb4918	16	74422703	90096867	13786	-0.0154
3724cded-3a97-45eb-b6ee-738b82fb4918	17	150733	18452078	11371	0.0039
3724cded-3a97-45eb-b6ee-738b82fb4918	17	18455632	18561907	26	-1.4109
3724cded-3a97-45eb-b6ee-738b82fb4918	17	18565883	27460208	1729	0.0109
3724cded-3a97-45eb-b6ee-738b82fb4918	17	27460263	27460837	2	-1.9093
3724cded-3a97-45eb-b6ee-738b82fb4918	17	27466846	36109735	5092	0.0028
3724cded-3a97-45eb-b6ee-738b82fb4918	17	36112585	36157718	34	0.5997
3724cded-3a97-45eb-b6ee-738b82fb4918	17	36200725	41262120	2517	0.0063
3724cded-3a97-45eb-b6ee-738b82fb4918	17	41265433	41274279	26	-0.4734
3724cded-3a97-45eb-b6ee-738b82fb4918	17	41276472	46085732	2494	0.0129
3724cded-3a97-45eb-b6ee-738b82fb4918	17	46088437	46286804	122	-0.284
3724cded-3a97-45eb-b6ee-738b82fb4918	17	46323701	55437578	5245	0.0133
3724cded-3a97-45eb-b6ee-738b82fb4918	17	55437956	55439186	2	-1.6332
3724cded-3a97-45eb-b6ee-738b82fb4918	17	55441762	78285287	13961	0.0089
3724cded-3a97-45eb-b6ee-738b82fb4918	17	78286051	78286887	2	-2.4998
3724cded-3a97-45eb-b6ee-738b82fb4918	17	78290662	80655063	1363	0.0151
3724cded-3a97-45eb-b6ee-738b82fb4918	17	80655993	80660379	2	1.9496
3724cded-3a97-45eb-b6ee-738b82fb4918	17	80660500	83091923	945	0.0321
3724cded-3a97-45eb-b6ee-738b82fb4918	18	48133	30232420	15968	0.0107
3724cded-3a97-45eb-b6ee-738b82fb4918	18	30234583	30236003	4	-2.02
3724cded-3a97-45eb-b6ee-738b82fb4918	18	30238649	40675136	6738	0.0247
3724cded-3a97-45eb-b6ee-738b82fb4918	18	40677266	44185756	2293	0.077
3724cded-3a97-45eb-b6ee-738b82fb4918	18	44185874	44196615	10	-1.05
3724cded-3a97-45eb-b6ee-738b82fb4918	18	44197205	45223864	690	0.0731
3724cded-3a97-45eb-b6ee-738b82fb4918	18	45224560	45224824	2	-1.5194
3724cded-3a97-45eb-b6ee-738b82fb4918	18	45231576	47911955	1836	0.0694
3724cded-3a97-45eb-b6ee-738b82fb4918	18	47911992	57994175	6904	-0.0038
3724cded-3a97-45eb-b6ee-738b82fb4918	18	57998289	80257174	16175	0.0243
3724cded-3a97-45eb-b6ee-738b82fb4918	19	90910	27290383	11141	0.0049
3724cded-3a97-45eb-b6ee-738b82fb4918	19	27294585	33164258	4065	0.0611
3724cded-3a97-45eb-b6ee-738b82fb4918	19	33165075	36339409	1934	0.0225
3724cded-3a97-45eb-b6ee-738b82fb4918	19	36354973	36356542	10	-0.565
3724cded-3a97-45eb-b6ee-738b82fb4918	19	36356596	37514259	594	0.025
3724cded-3a97-45eb-b6ee-738b82fb4918	19	37520684	37524926	4	-1.2378
3724cded-3a97-45eb-b6ee-738b82fb4918	19	37526680	54007771	8591	0.0181
3724cded-3a97-45eb-b6ee-738b82fb4918	19	54015056	54021771	3	-1.4328
3724cded-3a97-45eb-b6ee-738b82fb4918	19	54021784	58586487	2716	0.0318
3724cded-3a97-45eb-b6ee-738b82fb4918	20	80664	1571811	1179	0.0211
3724cded-3a97-45eb-b6ee-738b82fb4918	20	1576544	1591557	46	-0.7678
3724cded-3a97-45eb-b6ee-738b82fb4918	20	1591572	64324800	41050	0.0168
3724cded-3a97-45eb-b6ee-738b82fb4918	21	10354168	31864142	13409	0.0068
3724cded-3a97-45eb-b6ee-738b82fb4918	21	31865670	31867735	3	-1.7809
3724cded-3a97-45eb-b6ee-738b82fb4918	21	31879236	39513099	5628	0.0105
3724cded-3a97-45eb-b6ee-738b82fb4918	21	39513181	39513264	2	-2.2303
3724cded-3a97-45eb-b6ee-738b82fb4918	21	39519764	46677045	4777	0.013
3724cded-3a97-45eb-b6ee-738b82fb4918	22	15294547	50796027	23230	0.0017
3724cded-3a97-45eb-b6ee-738b82fb4918	X	251810	88897379	46118	0.002
3724cded-3a97-45eb-b6ee-738b82fb4918	X	88902909	88920125	15	-1.256
3724cded-3a97-45eb-b6ee-738b82fb4918	X	88924631	105335137	8252	0.008
3724cded-3a97-45eb-b6ee-738b82fb4918	X	105335719	105339871	5	-0.9962
3724cded-3a97-45eb-b6ee-738b82fb4918	X	105342655	155952689	29102	0.0139
3724cded-3a97-45eb-b6ee-738b82fb4918	Y	2782397	8632861	1950	-1.0337
3724cded-3a97-45eb-b6ee-738b82fb4918	Y	8634195	8640707	3	-4.7192
3724cded-3a97-45eb-b6ee-738b82fb4918	Y	8641028	19710635	3605	-1.0459
3724cded-3a97-45eb-b6ee-738b82fb4918	Y	19710852	19711000	2	-5.2826
3724cded-3a97-45eb-b6ee-738b82fb4918	Y	19711123	56872112	1029	-1.0116
