GDC_Aliquot	Chromosome	Start	End	Num_Probes	Segment_Mean
715a71ed-ca25-4124-8273-0bf88e69d5cb	1	3301765	10970785	4415	0.6259
715a71ed-ca25-4124-8273-0bf88e69d5cb	1	10972283	18754384	4180	0.3777
715a71ed-ca25-4124-8273-0bf88e69d5cb	1	18755928	46282559	14348	0.0298
715a71ed-ca25-4124-8273-0bf88e69d5cb	1	46285027	46535324	132	0.3855
715a71ed-ca25-4124-8273-0bf88e69d5cb	1	46542172	47187626	328	0.0582
715a71ed-ca25-4124-8273-0bf88e69d5cb	1	47191469	50373197	1832	0.3835
715a71ed-ca25-4124-8273-0bf88e69d5cb	1	50373486	52775157	988	0.4599
715a71ed-ca25-4124-8273-0bf88e69d5cb	1	52775747	62186114	6736	0.3841
715a71ed-ca25-4124-8273-0bf88e69d5cb	1	62190512	62190838	2	-2.4602
715a71ed-ca25-4124-8273-0bf88e69d5cb	1	62196120	70675250	5684	0.3933
715a71ed-ca25-4124-8273-0bf88e69d5cb	1	70676519	71214860	258	0.066
715a71ed-ca25-4124-8273-0bf88e69d5cb	1	71221484	71299140	43	-0.4279
715a71ed-ca25-4124-8273-0bf88e69d5cb	1	71301970	71598669	140	0.0603
715a71ed-ca25-4124-8273-0bf88e69d5cb	1	71599612	85540326	8266	0.385
715a71ed-ca25-4124-8273-0bf88e69d5cb	1	85540525	90160279	2947	0.688
715a71ed-ca25-4124-8273-0bf88e69d5cb	1	90160484	93152344	1684	0.4234
715a71ed-ca25-4124-8273-0bf88e69d5cb	1	93156311	109632424	9407	0.0449
715a71ed-ca25-4124-8273-0bf88e69d5cb	1	109633358	159091842	11274	0.4087
715a71ed-ca25-4124-8273-0bf88e69d5cb	1	159092646	166574305	5274	0.6412
715a71ed-ca25-4124-8273-0bf88e69d5cb	1	166576511	166645801	67	-0.1293
715a71ed-ca25-4124-8273-0bf88e69d5cb	1	166647666	175083254	5530	0.6473
715a71ed-ca25-4124-8273-0bf88e69d5cb	1	175086086	207755422	19920	0.3458
715a71ed-ca25-4124-8273-0bf88e69d5cb	1	207757285	213590983	4077	-0.0415
715a71ed-ca25-4124-8273-0bf88e69d5cb	1	213594573	214786450	895	0.3389
715a71ed-ca25-4124-8273-0bf88e69d5cb	1	214786652	247650984	20987	0.6329
715a71ed-ca25-4124-8273-0bf88e69d5cb	2	480597	36426408	21652	-0.0133
715a71ed-ca25-4124-8273-0bf88e69d5cb	2	36428862	36429129	7	-2.0245
715a71ed-ca25-4124-8273-0bf88e69d5cb	2	36430162	39178429	1378	0.0112
715a71ed-ca25-4124-8273-0bf88e69d5cb	2	39182713	42113961	1861	-0.4881
715a71ed-ca25-4124-8273-0bf88e69d5cb	2	42116247	97049417	26338	0.0125
715a71ed-ca25-4124-8273-0bf88e69d5cb	2	97660859	126513290	15067	-0.4464
715a71ed-ca25-4124-8273-0bf88e69d5cb	2	126514334	147896853	11282	0.0552
715a71ed-ca25-4124-8273-0bf88e69d5cb	2	147900020	148184514	118	-0.3405
715a71ed-ca25-4124-8273-0bf88e69d5cb	2	148197222	160295515	7213	0.064
715a71ed-ca25-4124-8273-0bf88e69d5cb	2	160296686	182814598	13682	0.4276
715a71ed-ca25-4124-8273-0bf88e69d5cb	2	182814694	183077905	135	0.7315
715a71ed-ca25-4124-8273-0bf88e69d5cb	2	183079366	187385057	1758	0.4177
715a71ed-ca25-4124-8273-0bf88e69d5cb	2	187387996	200607766	6655	0.0514
715a71ed-ca25-4124-8273-0bf88e69d5cb	2	200609649	238839679	23056	-0.4384
715a71ed-ca25-4124-8273-0bf88e69d5cb	2	238842563	241537572	1392	-0.0014
715a71ed-ca25-4124-8273-0bf88e69d5cb	3	2170634	36048318	20234	0.2676
715a71ed-ca25-4124-8273-0bf88e69d5cb	3	36056246	38427228	1485	0.5877
715a71ed-ca25-4124-8273-0bf88e69d5cb	3	38433796	39663800	841	0.0039
715a71ed-ca25-4124-8273-0bf88e69d5cb	3	39665707	53305952	6698	0.5922
715a71ed-ca25-4124-8273-0bf88e69d5cb	3	53314524	57283204	2866	0.9825
715a71ed-ca25-4124-8273-0bf88e69d5cb	3	57283680	58498794	616	0.7964
715a71ed-ca25-4124-8273-0bf88e69d5cb	3	58504281	67319668	5557	0.2721
715a71ed-ca25-4124-8273-0bf88e69d5cb	3	67324699	68857767	987	-0.1156
715a71ed-ca25-4124-8273-0bf88e69d5cb	3	68857967	70529094	1245	0.2982
715a71ed-ca25-4124-8273-0bf88e69d5cb	3	70529234	70529350	2	-1.4317
715a71ed-ca25-4124-8273-0bf88e69d5cb	3	70534339	87329078	9222	0.2813
715a71ed-ca25-4124-8273-0bf88e69d5cb	3	87334432	90368798	1401	0.6385
715a71ed-ca25-4124-8273-0bf88e69d5cb	3	90369509	106047854	6461	0.2784
715a71ed-ca25-4124-8273-0bf88e69d5cb	3	106050791	116946934	6313	-0.4945
715a71ed-ca25-4124-8273-0bf88e69d5cb	3	116949081	124920497	4707	0.0516
715a71ed-ca25-4124-8273-0bf88e69d5cb	3	124921004	124934866	11	0.3084
715a71ed-ca25-4124-8273-0bf88e69d5cb	3	124935024	125532516	365	0.9
715a71ed-ca25-4124-8273-0bf88e69d5cb	3	125532782	126322108	420	0.6663
715a71ed-ca25-4124-8273-0bf88e69d5cb	3	126323312	172334992	24313	0.3965
715a71ed-ca25-4124-8273-0bf88e69d5cb	3	172339225	176965646	2225	1.002
715a71ed-ca25-4124-8273-0bf88e69d5cb	3	176970284	176970480	2	-0.4518
715a71ed-ca25-4124-8273-0bf88e69d5cb	3	176970709	179229955	1218	0.9971
715a71ed-ca25-4124-8273-0bf88e69d5cb	3	179230023	179234432	35	0.6622
715a71ed-ca25-4124-8273-0bf88e69d5cb	3	179234447	180113293	524	0.9864
715a71ed-ca25-4124-8273-0bf88e69d5cb	3	180113945	180115365	3	-0.6671
715a71ed-ca25-4124-8273-0bf88e69d5cb	3	180117717	188722459	4616	1.018
715a71ed-ca25-4124-8273-0bf88e69d5cb	3	188724692	188724835	2	-1.1209
715a71ed-ca25-4124-8273-0bf88e69d5cb	3	188725748	197350996	4445	1.0067
715a71ed-ca25-4124-8273-0bf88e69d5cb	3	197351037	197812401	92	1.2399
715a71ed-ca25-4124-8273-0bf88e69d5cb	4	1059384	1239394	103	0.1072
715a71ed-ca25-4124-8273-0bf88e69d5cb	4	1243052	4587912	1313	0.0494
715a71ed-ca25-4124-8273-0bf88e69d5cb	4	4588537	16296048	7893	-0.0005
715a71ed-ca25-4124-8273-0bf88e69d5cb	4	16296630	52326818	19240	0.0404
715a71ed-ca25-4124-8273-0bf88e69d5cb	4	52327467	58140662	3806	0.13
715a71ed-ca25-4124-8273-0bf88e69d5cb	4	58140805	58141142	2	-1.5253
715a71ed-ca25-4124-8273-0bf88e69d5cb	4	58145638	60339461	1223	0.1087
715a71ed-ca25-4124-8273-0bf88e69d5cb	4	60339708	60339891	3	-1.1843
715a71ed-ca25-4124-8273-0bf88e69d5cb	4	60340625	66420866	3212	0.1216
715a71ed-ca25-4124-8273-0bf88e69d5cb	4	66422064	77024090	5497	0.4406
715a71ed-ca25-4124-8273-0bf88e69d5cb	4	77025061	79691502	1689	0.1299
715a71ed-ca25-4124-8273-0bf88e69d5cb	4	79701615	83533036	2203	-0.3107
715a71ed-ca25-4124-8273-0bf88e69d5cb	4	83540354	85550535	1216	-1.1704
715a71ed-ca25-4124-8273-0bf88e69d5cb	4	85555402	85556951	4	-5.3217
715a71ed-ca25-4124-8273-0bf88e69d5cb	4	85557608	85772779	174	-1.2134
715a71ed-ca25-4124-8273-0bf88e69d5cb	4	85773366	85776491	3	-4.1212
715a71ed-ca25-4124-8273-0bf88e69d5cb	4	85780845	88141037	1422	-1.1667
715a71ed-ca25-4124-8273-0bf88e69d5cb	4	88141133	88144923	5	-4.2574
715a71ed-ca25-4124-8273-0bf88e69d5cb	4	88145563	90842841	1487	-1.1696
715a71ed-ca25-4124-8273-0bf88e69d5cb	4	90842984	90851007	8	-3.6688
715a71ed-ca25-4124-8273-0bf88e69d5cb	4	90851533	94880993	1946	-1.1957
715a71ed-ca25-4124-8273-0bf88e69d5cb	4	94881425	94883086	5	-4.7241
715a71ed-ca25-4124-8273-0bf88e69d5cb	4	94883450	109933388	8361	-1.1782
715a71ed-ca25-4124-8273-0bf88e69d5cb	4	109938094	152461028	23063	-0.447
715a71ed-ca25-4124-8273-0bf88e69d5cb	4	152464317	153906909	892	-1.2614
715a71ed-ca25-4124-8273-0bf88e69d5cb	4	153908004	155527157	973	-0.474
715a71ed-ca25-4124-8273-0bf88e69d5cb	4	155528286	180604429	13943	0.0295
715a71ed-ca25-4124-8273-0bf88e69d5cb	4	181157671	181246669	70	-0.5121
715a71ed-ca25-4124-8273-0bf88e69d5cb	4	181247534	181470082	184	-0.008
715a71ed-ca25-4124-8273-0bf88e69d5cb	4	181470572	181551410	80	-0.5268
715a71ed-ca25-4124-8273-0bf88e69d5cb	4	181556233	187842528	2898	0.0073
715a71ed-ca25-4124-8273-0bf88e69d5cb	5	913983	2037420	233	0.4347
715a71ed-ca25-4124-8273-0bf88e69d5cb	5	2038028	2069417	2	-1.1339
715a71ed-ca25-4124-8273-0bf88e69d5cb	5	2070754	10433495	6733	0.4249
715a71ed-ca25-4124-8273-0bf88e69d5cb	5	10434084	17462220	3908	0.6962
715a71ed-ca25-4124-8273-0bf88e69d5cb	5	17747964	60598281	21366	0.3993
715a71ed-ca25-4124-8273-0bf88e69d5cb	5	60603420	66512706	2998	-0.451
715a71ed-ca25-4124-8273-0bf88e69d5cb	5	66515094	67696977	900	0.01
715a71ed-ca25-4124-8273-0bf88e69d5cb	5	67697435	67698890	3	-1.5271
715a71ed-ca25-4124-8273-0bf88e69d5cb	5	67701773	68637920	620	0.0404
715a71ed-ca25-4124-8273-0bf88e69d5cb	5	68645850	74394084	2425	-0.4745
715a71ed-ca25-4124-8273-0bf88e69d5cb	5	74394272	74395363	4	-2.0238
715a71ed-ca25-4124-8273-0bf88e69d5cb	5	74395746	76372402	1154	-0.4697
715a71ed-ca25-4124-8273-0bf88e69d5cb	5	76372726	77074316	388	0.0424
715a71ed-ca25-4124-8273-0bf88e69d5cb	5	77075294	131654381	29713	-0.4477
715a71ed-ca25-4124-8273-0bf88e69d5cb	5	131655082	131723619	41	-1.1275
715a71ed-ca25-4124-8273-0bf88e69d5cb	5	131723916	139311601	4544	-0.4628
715a71ed-ca25-4124-8273-0bf88e69d5cb	5	139312073	154669571	9554	0.0313
715a71ed-ca25-4124-8273-0bf88e69d5cb	5	154673637	180934240	16097	0.3945
715a71ed-ca25-4124-8273-0bf88e69d5cb	6	1011760	2100387	842	0.4556
715a71ed-ca25-4124-8273-0bf88e69d5cb	6	2103702	2318185	122	0.0702
715a71ed-ca25-4124-8273-0bf88e69d5cb	6	2318215	11712755	6617	0.4454
715a71ed-ca25-4124-8273-0bf88e69d5cb	6	11714917	17592305	4171	0.7416
715a71ed-ca25-4124-8273-0bf88e69d5cb	6	17592452	39938656	11774	0.4562
715a71ed-ca25-4124-8273-0bf88e69d5cb	6	39940048	55834911	9707	0.0398
715a71ed-ca25-4124-8273-0bf88e69d5cb	6	55838809	56053938	122	-1.2914
715a71ed-ca25-4124-8273-0bf88e69d5cb	6	56056413	84550043	13435	0.0648
715a71ed-ca25-4124-8273-0bf88e69d5cb	6	84550686	91683331	4165	-0.419
715a71ed-ca25-4124-8273-0bf88e69d5cb	6	91683596	91684309	4	-4.0221
715a71ed-ca25-4124-8273-0bf88e69d5cb	6	91685047	107972553	8769	-0.4108
715a71ed-ca25-4124-8273-0bf88e69d5cb	6	107972941	107973051	2	-3.0956
715a71ed-ca25-4124-8273-0bf88e69d5cb	6	107973432	113963570	3660	-0.4098
715a71ed-ca25-4124-8273-0bf88e69d5cb	6	113970418	113974101	2	-2.635
715a71ed-ca25-4124-8273-0bf88e69d5cb	6	113974320	126434496	6704	-0.399
715a71ed-ca25-4124-8273-0bf88e69d5cb	6	126436262	126506482	31	-1.0362
715a71ed-ca25-4124-8273-0bf88e69d5cb	6	126506933	131177137	2928	-0.3948
715a71ed-ca25-4124-8273-0bf88e69d5cb	6	131180662	131181453	2	-2.696
715a71ed-ca25-4124-8273-0bf88e69d5cb	6	131181488	134501603	2213	-0.3933
715a71ed-ca25-4124-8273-0bf88e69d5cb	6	134502781	134505768	2	-2.9151
715a71ed-ca25-4124-8273-0bf88e69d5cb	6	134507368	145378510	6482	-0.3837
715a71ed-ca25-4124-8273-0bf88e69d5cb	6	145378883	145380434	2	-2.501
715a71ed-ca25-4124-8273-0bf88e69d5cb	6	145380957	145899961	270	-0.3881
715a71ed-ca25-4124-8273-0bf88e69d5cb	6	145903392	145903594	6	-2.0019
715a71ed-ca25-4124-8273-0bf88e69d5cb	6	145903928	170596889	14701	-0.4054
715a71ed-ca25-4124-8273-0bf88e69d5cb	7	665647	37228150	20977	-0.4542
715a71ed-ca25-4124-8273-0bf88e69d5cb	7	37233148	37255510	22	0.0029
715a71ed-ca25-4124-8273-0bf88e69d5cb	7	37255729	37274086	13	0.2866
715a71ed-ca25-4124-8273-0bf88e69d5cb	7	37276245	37283813	8	0.0171
715a71ed-ca25-4124-8273-0bf88e69d5cb	7	37288767	53249136	10271	-0.4576
715a71ed-ca25-4124-8273-0bf88e69d5cb	7	53250694	53251092	2	-2.7637
715a71ed-ca25-4124-8273-0bf88e69d5cb	7	53253990	56641562	2018	-0.4645
715a71ed-ca25-4124-8273-0bf88e69d5cb	7	57130116	73632449	4236	0.0609
715a71ed-ca25-4124-8273-0bf88e69d5cb	7	73637727	101008900	13364	0.4277
715a71ed-ca25-4124-8273-0bf88e69d5cb	7	101012747	109839119	4740	0.0887
715a71ed-ca25-4124-8273-0bf88e69d5cb	7	109843683	110192466	177	0.4303
715a71ed-ca25-4124-8273-0bf88e69d5cb	7	110192542	110242862	34	0.148
715a71ed-ca25-4124-8273-0bf88e69d5cb	7	110243077	110268103	14	-0.0826
715a71ed-ca25-4124-8273-0bf88e69d5cb	7	110269802	153225163	22843	-0.38
715a71ed-ca25-4124-8273-0bf88e69d5cb	7	153229269	154462097	293	0.0862
715a71ed-ca25-4124-8273-0bf88e69d5cb	7	154465295	154631085	125	-0.5043
715a71ed-ca25-4124-8273-0bf88e69d5cb	7	154638321	158592540	2376	0.0569
715a71ed-ca25-4124-8273-0bf88e69d5cb	8	667625	6492582	2776	0.037
715a71ed-ca25-4124-8273-0bf88e69d5cb	8	6492943	43078229	22155	-0.4423
715a71ed-ca25-4124-8273-0bf88e69d5cb	8	43080575	80917906	19713	0.024
715a71ed-ca25-4124-8273-0bf88e69d5cb	8	80923012	80923456	2	-1.8735
715a71ed-ca25-4124-8273-0bf88e69d5cb	8	80923629	85903326	2569	0.0336
715a71ed-ca25-4124-8273-0bf88e69d5cb	8	85905386	95901928	5780	0.3774
715a71ed-ca25-4124-8273-0bf88e69d5cb	8	95907505	102718651	3936	0.6229
715a71ed-ca25-4124-8273-0bf88e69d5cb	8	102719454	103508787	491	0.3379
715a71ed-ca25-4124-8273-0bf88e69d5cb	8	103513949	115906205	6451	0.6237
715a71ed-ca25-4124-8273-0bf88e69d5cb	8	115906306	116108067	114	0.8098
715a71ed-ca25-4124-8273-0bf88e69d5cb	8	116108394	119859521	2617	0.8689
715a71ed-ca25-4124-8273-0bf88e69d5cb	8	119859955	121964618	1318	1.0465
715a71ed-ca25-4124-8273-0bf88e69d5cb	8	121969841	121970718	5	-0.0931
715a71ed-ca25-4124-8273-0bf88e69d5cb	8	121970812	122046691	47	1.0509
715a71ed-ca25-4124-8273-0bf88e69d5cb	8	122058503	122058644	2	-0.8644
715a71ed-ca25-4124-8273-0bf88e69d5cb	8	122058784	122553052	327	1.0589
715a71ed-ca25-4124-8273-0bf88e69d5cb	8	122553348	122568829	16	0.7784
715a71ed-ca25-4124-8273-0bf88e69d5cb	8	122569563	123820686	824	1.0879
715a71ed-ca25-4124-8273-0bf88e69d5cb	8	123821071	144182542	12782	1.2168
715a71ed-ca25-4124-8273-0bf88e69d5cb	9	789794	16160245	9024	-0.4551
715a71ed-ca25-4124-8273-0bf88e69d5cb	9	16161036	16161711	3	-2.9173
715a71ed-ca25-4124-8273-0bf88e69d5cb	9	16162548	38209179	13943	-0.4509
715a71ed-ca25-4124-8273-0bf88e69d5cb	9	38213574	68424128	449	0.016
715a71ed-ca25-4124-8273-0bf88e69d5cb	9	68425024	75413430	4745	0.4053
715a71ed-ca25-4124-8273-0bf88e69d5cb	9	75414287	75419737	2	-1.7135
715a71ed-ca25-4124-8273-0bf88e69d5cb	9	75419741	76505656	919	0.3939
715a71ed-ca25-4124-8273-0bf88e69d5cb	9	76505671	76505987	4	-0.7966
715a71ed-ca25-4124-8273-0bf88e69d5cb	9	76510715	76822469	254	0.4067
715a71ed-ca25-4124-8273-0bf88e69d5cb	9	76822882	116083991	25998	0.3134
715a71ed-ca25-4124-8273-0bf88e69d5cb	9	116084492	116097104	2	-1.4019
715a71ed-ca25-4124-8273-0bf88e69d5cb	9	116098328	117375479	1057	0.2943
715a71ed-ca25-4124-8273-0bf88e69d5cb	9	117379337	117379665	2	-1.5656
715a71ed-ca25-4124-8273-0bf88e69d5cb	9	117382051	119511961	1549	0.2813
715a71ed-ca25-4124-8273-0bf88e69d5cb	9	119512969	132754142	8000	0.327
715a71ed-ca25-4124-8273-0bf88e69d5cb	9	132754557	138044505	2223	0.2845
715a71ed-ca25-4124-8273-0bf88e69d5cb	10	366509	5991452	3621	0.0102
715a71ed-ca25-4124-8273-0bf88e69d5cb	10	5992207	7590623	1303	0.6947
715a71ed-ca25-4124-8273-0bf88e69d5cb	10	7594639	7847225	205	0.0287
715a71ed-ca25-4124-8273-0bf88e69d5cb	10	7849425	22712358	10789	-0.4533
715a71ed-ca25-4124-8273-0bf88e69d5cb	10	22717638	22772821	43	0.0974
715a71ed-ca25-4124-8273-0bf88e69d5cb	10	22773489	32911854	6722	-0.4443
715a71ed-ca25-4124-8273-0bf88e69d5cb	10	32913541	33709704	601	0.0549
715a71ed-ca25-4124-8273-0bf88e69d5cb	10	33711968	56286589	9534	0.336
715a71ed-ca25-4124-8273-0bf88e69d5cb	10	56288172	63373046	4697	0.297
715a71ed-ca25-4124-8273-0bf88e69d5cb	10	63373468	64638921	738	0.3287
715a71ed-ca25-4124-8273-0bf88e69d5cb	10	64639652	64640112	2	-1.7051
715a71ed-ca25-4124-8273-0bf88e69d5cb	10	64643074	67567814	1502	0.3145
715a71ed-ca25-4124-8273-0bf88e69d5cb	10	67568303	76934551	5415	0.6281
715a71ed-ca25-4124-8273-0bf88e69d5cb	10	76935544	84309461	5007	0.5892
715a71ed-ca25-4124-8273-0bf88e69d5cb	10	84309988	84904467	398	0.6398
715a71ed-ca25-4124-8273-0bf88e69d5cb	10	84906554	89467553	2882	0.2553
715a71ed-ca25-4124-8273-0bf88e69d5cb	10	89468309	121121167	19884	-0.1155
715a71ed-ca25-4124-8273-0bf88e69d5cb	10	121121180	121127207	2	-3.3912
715a71ed-ca25-4124-8273-0bf88e69d5cb	10	121127533	133411599	7576	-0.1674
715a71ed-ca25-4124-8273-0bf88e69d5cb	11	456012	28417396	17960	0.0434
715a71ed-ca25-4124-8273-0bf88e69d5cb	11	28424069	32585777	2675	0.4007
715a71ed-ca25-4124-8273-0bf88e69d5cb	11	32587209	32617646	19	0.8822
715a71ed-ca25-4124-8273-0bf88e69d5cb	11	32618299	40355048	4586	0.3968
715a71ed-ca25-4124-8273-0bf88e69d5cb	11	40357898	40455256	60	0.003
715a71ed-ca25-4124-8273-0bf88e69d5cb	11	40458313	78690191	15891	0.4093
715a71ed-ca25-4124-8273-0bf88e69d5cb	11	78690580	82317673	2678	0.3636
715a71ed-ca25-4124-8273-0bf88e69d5cb	11	82317986	84290818	1121	0.4103
715a71ed-ca25-4124-8273-0bf88e69d5cb	11	84294177	84726002	165	-0.0147
715a71ed-ca25-4124-8273-0bf88e69d5cb	11	84726514	99621028	9100	0.3895
715a71ed-ca25-4124-8273-0bf88e69d5cb	11	99621744	99804289	103	-0.5317
715a71ed-ca25-4124-8273-0bf88e69d5cb	11	99806957	118229789	11978	0.3901
715a71ed-ca25-4124-8273-0bf88e69d5cb	11	118233616	126435860	5671	0.0197
715a71ed-ca25-4124-8273-0bf88e69d5cb	11	126437330	126995139	472	-0.0798
715a71ed-ca25-4124-8273-0bf88e69d5cb	11	126996963	127001596	5	-1.2901
715a71ed-ca25-4124-8273-0bf88e69d5cb	11	127001744	134272740	4843	-0.0173
715a71ed-ca25-4124-8273-0bf88e69d5cb	12	780472	7069674	3816	-0.4602
715a71ed-ca25-4124-8273-0bf88e69d5cb	12	7075634	12661396	2749	-0.3989
715a71ed-ca25-4124-8273-0bf88e69d5cb	12	12661666	16586828	2435	-0.4491
715a71ed-ca25-4124-8273-0bf88e69d5cb	12	16587663	42818897	13084	0.0508
715a71ed-ca25-4124-8273-0bf88e69d5cb	12	43344680	54572973	5857	-1.1828
715a71ed-ca25-4124-8273-0bf88e69d5cb	12	54573505	71097725	10151	-0.4221
715a71ed-ca25-4124-8273-0bf88e69d5cb	12	71105261	71116475	12	0.4552
715a71ed-ca25-4124-8273-0bf88e69d5cb	12	71127747	94199216	13619	-0.4325
715a71ed-ca25-4124-8273-0bf88e69d5cb	12	94200259	94329182	97	0.0484
715a71ed-ca25-4124-8273-0bf88e69d5cb	12	94332703	112714436	11349	-0.4455
715a71ed-ca25-4124-8273-0bf88e69d5cb	12	112716157	112716553	3	-2.8593
715a71ed-ca25-4124-8273-0bf88e69d5cb	12	112718008	119393455	4458	-0.4692
715a71ed-ca25-4124-8273-0bf88e69d5cb	12	119393685	123786392	1929	-0.3903
715a71ed-ca25-4124-8273-0bf88e69d5cb	12	123794095	132605822	4236	-0.472
715a71ed-ca25-4124-8273-0bf88e69d5cb	13	18874255	37195792	11455	0.447
715a71ed-ca25-4124-8273-0bf88e69d5cb	13	37199050	56200377	10631	-0.636
715a71ed-ca25-4124-8273-0bf88e69d5cb	13	56200510	56201634	6	-2.7762
715a71ed-ca25-4124-8273-0bf88e69d5cb	13	56202531	63681260	3801	-0.6403
715a71ed-ca25-4124-8273-0bf88e69d5cb	13	64372045	106516410	25981	0.3077
715a71ed-ca25-4124-8273-0bf88e69d5cb	13	106518828	106556061	19	-0.5281
715a71ed-ca25-4124-8273-0bf88e69d5cb	13	106564250	108812277	1747	0.3042
715a71ed-ca25-4124-8273-0bf88e69d5cb	13	108817321	108915598	100	-0.0357
715a71ed-ca25-4124-8273-0bf88e69d5cb	13	108915898	114226675	3024	0.3444
715a71ed-ca25-4124-8273-0bf88e69d5cb	14	20033191	46518500	13519	0.0225
715a71ed-ca25-4124-8273-0bf88e69d5cb	14	46524432	49607404	1701	0.362
715a71ed-ca25-4124-8273-0bf88e69d5cb	14	49607802	57636001	5264	-0.0304
715a71ed-ca25-4124-8273-0bf88e69d5cb	14	57636259	63300268	3494	-0.4618
715a71ed-ca25-4124-8273-0bf88e69d5cb	14	63399772	78209577	8975	0.0452
715a71ed-ca25-4124-8273-0bf88e69d5cb	14	78210089	85278874	4593	0.0026
715a71ed-ca25-4124-8273-0bf88e69d5cb	14	85279620	92860516	4554	0.3923
715a71ed-ca25-4124-8273-0bf88e69d5cb	14	92860800	92909535	34	0.8767
715a71ed-ca25-4124-8273-0bf88e69d5cb	14	92910359	99583468	4818	0.3847
715a71ed-ca25-4124-8273-0bf88e69d5cb	14	99585602	105533894	2640	0.0219
715a71ed-ca25-4124-8273-0bf88e69d5cb	15	23437561	26271071	1619	-0.4814
715a71ed-ca25-4124-8273-0bf88e69d5cb	15	26277695	41988465	7484	-1.2168
715a71ed-ca25-4124-8273-0bf88e69d5cb	15	41989143	41989607	4	-5.4038
715a71ed-ca25-4124-8273-0bf88e69d5cb	15	41990471	46370922	1985	-1.1209
715a71ed-ca25-4124-8273-0bf88e69d5cb	15	46373934	46375989	3	-4.8188
715a71ed-ca25-4124-8273-0bf88e69d5cb	15	46380954	47753051	936	-1.2574
715a71ed-ca25-4124-8273-0bf88e69d5cb	15	47753444	47759259	4	-6.2159
715a71ed-ca25-4124-8273-0bf88e69d5cb	15	47759455	51262452	2042	-1.2301
715a71ed-ca25-4124-8273-0bf88e69d5cb	15	51262475	69549279	11815	-0.4328
715a71ed-ca25-4124-8273-0bf88e69d5cb	15	69549545	70561785	710	-0.5564
715a71ed-ca25-4124-8273-0bf88e69d5cb	15	70562045	101344124	17613	-0.4558
715a71ed-ca25-4124-8273-0bf88e69d5cb	16	603333	5470076	1920	-0.4347
715a71ed-ca25-4124-8273-0bf88e69d5cb	16	5471375	8839164	2029	-1.2883
715a71ed-ca25-4124-8273-0bf88e69d5cb	16	9132117	23069313	5785	-0.441
715a71ed-ca25-4124-8273-0bf88e69d5cb	16	23072276	31841585	4164	0.0808
715a71ed-ca25-4124-8273-0bf88e69d5cb	16	46470502	54965454	5566	-0.454
715a71ed-ca25-4124-8273-0bf88e69d5cb	16	54974183	55700659	622	-0.5576
715a71ed-ca25-4124-8273-0bf88e69d5cb	16	55700787	78716991	13754	-0.4354
715a71ed-ca25-4124-8273-0bf88e69d5cb	16	78896496	78972371	51	-1.3627
715a71ed-ca25-4124-8273-0bf88e69d5cb	16	78972593	79118290	185	-0.4022
715a71ed-ca25-4124-8273-0bf88e69d5cb	16	79121854	83822907	4084	-1.3232
715a71ed-ca25-4124-8273-0bf88e69d5cb	16	83824184	83835066	11	-5.0215
715a71ed-ca25-4124-8273-0bf88e69d5cb	16	83837167	89317317	2504	-1.4521
715a71ed-ca25-4124-8273-0bf88e69d5cb	17	1074619	3848517	1253	0.0756
715a71ed-ca25-4124-8273-0bf88e69d5cb	17	3848563	3849621	2	-1.5691
715a71ed-ca25-4124-8273-0bf88e69d5cb	17	3850706	4146844	154	0.0058
715a71ed-ca25-4124-8273-0bf88e69d5cb	17	4147148	45461373	16472	-0.44
715a71ed-ca25-4124-8273-0bf88e69d5cb	17	46733528	82959812	19148	0.0411
715a71ed-ca25-4124-8273-0bf88e69d5cb	18	326691	4326956	1946	-0.4565
715a71ed-ca25-4124-8273-0bf88e69d5cb	18	4336616	22032326	6678	0.1398
715a71ed-ca25-4124-8273-0bf88e69d5cb	18	22033634	23166764	609	-0.2779
715a71ed-ca25-4124-8273-0bf88e69d5cb	18	23167356	24485990	821	0.1523
715a71ed-ca25-4124-8273-0bf88e69d5cb	18	24487927	24953851	400	0.5048
715a71ed-ca25-4124-8273-0bf88e69d5cb	18	24954876	35828371	6564	0.165
715a71ed-ca25-4124-8273-0bf88e69d5cb	18	35831734	43664868	4763	0.5568
715a71ed-ca25-4124-8273-0bf88e69d5cb	18	43664946	43664986	2	-1.9085
715a71ed-ca25-4124-8273-0bf88e69d5cb	18	43665808	51936358	5585	0.568
715a71ed-ca25-4124-8273-0bf88e69d5cb	18	51938115	51961153	17	1.19
715a71ed-ca25-4124-8273-0bf88e69d5cb	18	51962202	64125365	7935	0.5646
715a71ed-ca25-4124-8273-0bf88e69d5cb	18	64126175	68776934	2211	0.2355
715a71ed-ca25-4124-8273-0bf88e69d5cb	18	68777124	68777154	2	-1.5574
715a71ed-ca25-4124-8273-0bf88e69d5cb	18	68778830	79349796	5332	0.2202
715a71ed-ca25-4124-8273-0bf88e69d5cb	19	283868	4921881	1070	-0.4122
715a71ed-ca25-4124-8273-0bf88e69d5cb	19	4928848	6782563	803	0.1045
715a71ed-ca25-4124-8273-0bf88e69d5cb	19	6788881	11659201	2147	0.1601
715a71ed-ca25-4124-8273-0bf88e69d5cb	19	11659622	17662624	2774	0.091
715a71ed-ca25-4124-8273-0bf88e69d5cb	19	17665421	17691113	21	-0.4051
715a71ed-ca25-4124-8273-0bf88e69d5cb	19	17691775	21065501	873	0.0633
715a71ed-ca25-4124-8273-0bf88e69d5cb	19	21066527	28914192	2213	0.421
715a71ed-ca25-4124-8273-0bf88e69d5cb	19	28915701	30793899	1389	0.0214
715a71ed-ca25-4124-8273-0bf88e69d5cb	19	30797211	30797633	2	-1.9118
715a71ed-ca25-4124-8273-0bf88e69d5cb	19	30799692	31621125	632	-0.0202
715a71ed-ca25-4124-8273-0bf88e69d5cb	19	31624848	47466137	7607	0.0716
715a71ed-ca25-4124-8273-0bf88e69d5cb	19	47466139	53172468	2215	0.4527
715a71ed-ca25-4124-8273-0bf88e69d5cb	19	53174292	58370362	2311	0.0578
715a71ed-ca25-4124-8273-0bf88e69d5cb	20	472817	475120	2	0.1335
715a71ed-ca25-4124-8273-0bf88e69d5cb	20	475808	1559043	637	0.8475
715a71ed-ca25-4124-8273-0bf88e69d5cb	20	1562687	2674981	875	0.5618
715a71ed-ca25-4124-8273-0bf88e69d5cb	20	2675849	13158875	6682	0.8222
715a71ed-ca25-4124-8273-0bf88e69d5cb	20	13159174	19860852	4824	0.3726
715a71ed-ca25-4124-8273-0bf88e69d5cb	20	19861152	25868606	3780	-0.0299
715a71ed-ca25-4124-8273-0bf88e69d5cb	20	25877795	37093415	2917	0.0262
715a71ed-ca25-4124-8273-0bf88e69d5cb	20	37093604	47247094	6759	-0.0203
715a71ed-ca25-4124-8273-0bf88e69d5cb	20	47259550	63588502	10958	0.6578
715a71ed-ca25-4124-8273-0bf88e69d5cb	21	13974127	17075001	1912	-0.4136
715a71ed-ca25-4124-8273-0bf88e69d5cb	21	17077728	17083120	4	-2.4409
715a71ed-ca25-4124-8273-0bf88e69d5cb	21	17089525	46262057	18531	-0.4243
715a71ed-ca25-4124-8273-0bf88e69d5cb	22	16934932	32272021	6273	0.0098
715a71ed-ca25-4124-8273-0bf88e69d5cb	22	32272430	32272616	3	-2.0072
715a71ed-ca25-4124-8273-0bf88e69d5cb	22	32273763	32638183	294	-0.0346
715a71ed-ca25-4124-8273-0bf88e69d5cb	22	32649633	44349371	7093	-0.4731
715a71ed-ca25-4124-8273-0bf88e69d5cb	22	44349562	44349703	2	-5.259
715a71ed-ca25-4124-8273-0bf88e69d5cb	22	44349840	48536609	3028	-0.5249
715a71ed-ca25-4124-8273-0bf88e69d5cb	22	48540946	48548830	4	-3.7304
715a71ed-ca25-4124-8273-0bf88e69d5cb	22	48549198	48935200	263	-0.6289
715a71ed-ca25-4124-8273-0bf88e69d5cb	X	3236359	12975247	3416	0.3003
715a71ed-ca25-4124-8273-0bf88e69d5cb	X	12979640	13131924	105	0.7234
715a71ed-ca25-4124-8273-0bf88e69d5cb	X	13132195	40433222	13249	0.2958
715a71ed-ca25-4124-8273-0bf88e69d5cb	X	40446623	47886437	3443	-0.1876
715a71ed-ca25-4124-8273-0bf88e69d5cb	X	47886951	48161732	46	0.4362
715a71ed-ca25-4124-8273-0bf88e69d5cb	X	48164172	50310135	688	-0.8614
715a71ed-ca25-4124-8273-0bf88e69d5cb	X	50311170	50313322	2	-5.2199
715a71ed-ca25-4124-8273-0bf88e69d5cb	X	50318731	50555595	140	-1.0476
715a71ed-ca25-4124-8273-0bf88e69d5cb	X	50557133	50636075	49	-0.1567
715a71ed-ca25-4124-8273-0bf88e69d5cb	X	50639183	50770027	75	-0.8839
715a71ed-ca25-4124-8273-0bf88e69d5cb	X	50772588	50772693	2	-3.8009
715a71ed-ca25-4124-8273-0bf88e69d5cb	X	50774547	53678412	992	-0.868
715a71ed-ca25-4124-8273-0bf88e69d5cb	X	53679929	54661490	254	-0.1021
715a71ed-ca25-4124-8273-0bf88e69d5cb	X	54670312	54825965	70	0.3811
715a71ed-ca25-4124-8273-0bf88e69d5cb	X	54827026	54916300	36	-0.1642
715a71ed-ca25-4124-8273-0bf88e69d5cb	X	54924314	55073616	63	0.3683
715a71ed-ca25-4124-8273-0bf88e69d5cb	X	55085017	55288846	113	0.7755
715a71ed-ca25-4124-8273-0bf88e69d5cb	X	55291344	55587908	130	0.4227
715a71ed-ca25-4124-8273-0bf88e69d5cb	X	55594139	55609486	12	0.9428
715a71ed-ca25-4124-8273-0bf88e69d5cb	X	55619743	55803332	84	0.3998
715a71ed-ca25-4124-8273-0bf88e69d5cb	X	55805126	55847089	27	-0.0676
715a71ed-ca25-4124-8273-0bf88e69d5cb	X	55851914	55867558	9	0.6289
715a71ed-ca25-4124-8273-0bf88e69d5cb	X	55867853	58291715	874	-0.1239
715a71ed-ca25-4124-8273-0bf88e69d5cb	X	62952913	62961074	7	0.8984
715a71ed-ca25-4124-8273-0bf88e69d5cb	X	62969104	63302648	27	-0.1427
715a71ed-ca25-4124-8273-0bf88e69d5cb	X	63307631	64549947	442	0.4195
715a71ed-ca25-4124-8273-0bf88e69d5cb	X	64552239	66546445	804	-0.1253
715a71ed-ca25-4124-8273-0bf88e69d5cb	X	66716590	68581046	813	0.4118
715a71ed-ca25-4124-8273-0bf88e69d5cb	X	68591036	68951577	178	-0.1462
715a71ed-ca25-4124-8273-0bf88e69d5cb	X	68951748	70240750	560	0.3799
715a71ed-ca25-4124-8273-0bf88e69d5cb	X	70246826	117727803	19664	-0.1429
715a71ed-ca25-4124-8273-0bf88e69d5cb	X	117734048	127184351	4860	0.2781
715a71ed-ca25-4124-8273-0bf88e69d5cb	X	127185869	129626506	1012	-0.9141
715a71ed-ca25-4124-8273-0bf88e69d5cb	X	129629483	129630629	4	-4.1155
715a71ed-ca25-4124-8273-0bf88e69d5cb	X	129632864	130566565	498	-0.9191
715a71ed-ca25-4124-8273-0bf88e69d5cb	X	130574227	146259280	7007	0.2732
715a71ed-ca25-4124-8273-0bf88e69d5cb	X	146263126	150825417	2484	-0.957
715a71ed-ca25-4124-8273-0bf88e69d5cb	X	150831223	153974859	1246	0.2635
715a71ed-ca25-4124-8273-0bf88e69d5cb	X	153974913	154537896	138	0.9187
715a71ed-ca25-4124-8273-0bf88e69d5cb	X	154539640	155677414	20	0.0708
