GDC_Aliquot	Chromosome	Start	End	Num_Probes	Segment_Mean
e5155eb2-5577-4e7a-9549-2ca02076e56d	1	62920	1570718	208	-0.1401
e5155eb2-5577-4e7a-9549-2ca02076e56d	1	1575421	1741164	17	0.8555
e5155eb2-5577-4e7a-9549-2ca02076e56d	1	1756148	16718963	8422	-0.1335
e5155eb2-5577-4e7a-9549-2ca02076e56d	1	16719082	16935752	74	-0.5564
e5155eb2-5577-4e7a-9549-2ca02076e56d	1	16949746	25000915	5048	-0.1397
e5155eb2-5577-4e7a-9549-2ca02076e56d	1	25003261	25003500	3	-2.5476
e5155eb2-5577-4e7a-9549-2ca02076e56d	1	25005094	25256800	187	-0.1073
e5155eb2-5577-4e7a-9549-2ca02076e56d	1	25256850	25320455	25	0.5142
e5155eb2-5577-4e7a-9549-2ca02076e56d	1	25336819	27288195	820	-0.1746
e5155eb2-5577-4e7a-9549-2ca02076e56d	1	27294806	27712636	166	0.147
e5155eb2-5577-4e7a-9549-2ca02076e56d	1	27718078	34626073	3952	-0.1397
e5155eb2-5577-4e7a-9549-2ca02076e56d	1	34637053	34638890	20	-1.7672
e5155eb2-5577-4e7a-9549-2ca02076e56d	1	34648667	34997105	197	-0.1033
e5155eb2-5577-4e7a-9549-2ca02076e56d	1	35001064	35066755	23	0.5383
e5155eb2-5577-4e7a-9549-2ca02076e56d	1	35071739	35167376	35	0.2808
e5155eb2-5577-4e7a-9549-2ca02076e56d	1	35169852	38614429	1911	0.4444
e5155eb2-5577-4e7a-9549-2ca02076e56d	1	38614759	38930211	213	0.3557
e5155eb2-5577-4e7a-9549-2ca02076e56d	1	38930398	38964590	15	-0.3396
e5155eb2-5577-4e7a-9549-2ca02076e56d	1	38965373	72303233	21357	0.3425
e5155eb2-5577-4e7a-9549-2ca02076e56d	1	72303253	72345465	45	-1.1733
e5155eb2-5577-4e7a-9549-2ca02076e56d	1	72346221	105470754	20952	0.3516
e5155eb2-5577-4e7a-9549-2ca02076e56d	1	105476583	105479753	17	-2.0589
e5155eb2-5577-4e7a-9549-2ca02076e56d	1	105481433	109684893	2637	0.3619
e5155eb2-5577-4e7a-9549-2ca02076e56d	1	109690352	109697556	13	-0.7174
e5155eb2-5577-4e7a-9549-2ca02076e56d	1	109702376	109707968	8	1.0304
e5155eb2-5577-4e7a-9549-2ca02076e56d	1	109708520	110788274	792	0.3112
e5155eb2-5577-4e7a-9549-2ca02076e56d	1	110788378	110833598	35	0.5619
e5155eb2-5577-4e7a-9549-2ca02076e56d	1	110834746	110850675	41	-0.2979
e5155eb2-5577-4e7a-9549-2ca02076e56d	1	110850774	112153651	1077	0.2989
e5155eb2-5577-4e7a-9549-2ca02076e56d	1	112153686	112154591	18	0.9741
e5155eb2-5577-4e7a-9549-2ca02076e56d	1	112154619	112154768	3	1.7169
e5155eb2-5577-4e7a-9549-2ca02076e56d	1	112163334	114289343	1326	0.3367
e5155eb2-5577-4e7a-9549-2ca02076e56d	1	114291004	114291088	2	-1.6458
e5155eb2-5577-4e7a-9549-2ca02076e56d	1	114291180	119508529	3338	0.3623
e5155eb2-5577-4e7a-9549-2ca02076e56d	1	119511257	121573699	479	0.5363
e5155eb2-5577-4e7a-9549-2ca02076e56d	1	121580012	144469876	148	0.2396
e5155eb2-5577-4e7a-9549-2ca02076e56d	1	144487217	147076494	216	0.5208
e5155eb2-5577-4e7a-9549-2ca02076e56d	1	147076642	152787202	2289	0.7143
e5155eb2-5577-4e7a-9549-2ca02076e56d	1	152789447	152796224	37	1.6112
e5155eb2-5577-4e7a-9549-2ca02076e56d	1	152801429	153042662	189	0.7748
e5155eb2-5577-4e7a-9549-2ca02076e56d	1	153046940	161648901	5078	0.5249
e5155eb2-5577-4e7a-9549-2ca02076e56d	1	161649069	161649268	6	-0.8337
e5155eb2-5577-4e7a-9549-2ca02076e56d	1	161678447	165207334	2816	0.5718
e5155eb2-5577-4e7a-9549-2ca02076e56d	1	165207704	169264736	3195	0.5202
e5155eb2-5577-4e7a-9549-2ca02076e56d	1	169265291	169272528	6	1.7915
e5155eb2-5577-4e7a-9549-2ca02076e56d	1	169273163	180477461	7302	0.5442
e5155eb2-5577-4e7a-9549-2ca02076e56d	1	180479646	180690499	141	0.9774
e5155eb2-5577-4e7a-9549-2ca02076e56d	1	180694492	180779181	44	0.566
e5155eb2-5577-4e7a-9549-2ca02076e56d	1	180781437	180784347	4	-1.0089
e5155eb2-5577-4e7a-9549-2ca02076e56d	1	180786525	183831767	2174	0.5466
e5155eb2-5577-4e7a-9549-2ca02076e56d	1	183835475	189860883	3937	0.0431
e5155eb2-5577-4e7a-9549-2ca02076e56d	1	189861119	189883490	21	-1.1154
e5155eb2-5577-4e7a-9549-2ca02076e56d	1	189890383	192920036	1936	0.0641
e5155eb2-5577-4e7a-9549-2ca02076e56d	1	192920041	192920275	2	-1.7956
e5155eb2-5577-4e7a-9549-2ca02076e56d	1	192920322	193186662	211	0.0454
e5155eb2-5577-4e7a-9549-2ca02076e56d	1	193187149	193187218	4	1.463
e5155eb2-5577-4e7a-9549-2ca02076e56d	1	193190593	195293067	1443	0.0642
e5155eb2-5577-4e7a-9549-2ca02076e56d	1	195293410	195295446	2	-2.0175
e5155eb2-5577-4e7a-9549-2ca02076e56d	1	195296637	196740630	944	0.0772
e5155eb2-5577-4e7a-9549-2ca02076e56d	1	196741937	196820637	49	0.6939
e5155eb2-5577-4e7a-9549-2ca02076e56d	1	196820704	209792548	8703	0.0414
e5155eb2-5577-4e7a-9549-2ca02076e56d	1	209794570	210340398	355	-0.3769
e5155eb2-5577-4e7a-9549-2ca02076e56d	1	210340809	220759758	7271	0.0432
e5155eb2-5577-4e7a-9549-2ca02076e56d	1	220763030	220767531	7	-1.5538
e5155eb2-5577-4e7a-9549-2ca02076e56d	1	220768102	220797042	25	0.1103
e5155eb2-5577-4e7a-9549-2ca02076e56d	1	220797099	220798492	7	-2.4272
e5155eb2-5577-4e7a-9549-2ca02076e56d	1	220799860	235615421	9939	0.0449
e5155eb2-5577-4e7a-9549-2ca02076e56d	1	235620929	235643355	15	-3.0271
e5155eb2-5577-4e7a-9549-2ca02076e56d	1	235644456	236703536	718	0.0823
e5155eb2-5577-4e7a-9549-2ca02076e56d	1	236707057	236707349	5	-1.2475
e5155eb2-5577-4e7a-9549-2ca02076e56d	1	236709815	238345689	1392	0.1011
e5155eb2-5577-4e7a-9549-2ca02076e56d	1	238346073	244775196	4695	-0.2628
e5155eb2-5577-4e7a-9549-2ca02076e56d	1	244775243	247166225	1630	0.0415
e5155eb2-5577-4e7a-9549-2ca02076e56d	1	247169209	248046743	588	-0.2744
e5155eb2-5577-4e7a-9549-2ca02076e56d	1	248053139	248574146	255	-0.0745
e5155eb2-5577-4e7a-9549-2ca02076e56d	1	248585893	248645563	33	-2.1582
e5155eb2-5577-4e7a-9549-2ca02076e56d	1	248645808	248930189	140	-0.2379
e5155eb2-5577-4e7a-9549-2ca02076e56d	2	12784	6259887	4823	0.1891
e5155eb2-5577-4e7a-9549-2ca02076e56d	2	6261777	6262028	2	-3.0735
e5155eb2-5577-4e7a-9549-2ca02076e56d	2	6262164	13844585	5638	0.2048
e5155eb2-5577-4e7a-9549-2ca02076e56d	2	13846099	13846179	2	-2.9883
e5155eb2-5577-4e7a-9549-2ca02076e56d	2	13847748	23044610	6631	0.2125
e5155eb2-5577-4e7a-9549-2ca02076e56d	2	23045303	23047125	3	-1.7279
e5155eb2-5577-4e7a-9549-2ca02076e56d	2	23047619	27406129	2298	0.1946
e5155eb2-5577-4e7a-9549-2ca02076e56d	2	27408324	29688304	1460	0.6336
e5155eb2-5577-4e7a-9549-2ca02076e56d	2	29688675	32442689	1714	0.4627
e5155eb2-5577-4e7a-9549-2ca02076e56d	2	32444896	32602258	76	0.7364
e5155eb2-5577-4e7a-9549-2ca02076e56d	2	32604997	34474248	1415	0.467
e5155eb2-5577-4e7a-9549-2ca02076e56d	2	34476327	34512096	46	1.2168
e5155eb2-5577-4e7a-9549-2ca02076e56d	2	34512489	35608848	749	0.4598
e5155eb2-5577-4e7a-9549-2ca02076e56d	2	35608912	35611220	4	-0.736
e5155eb2-5577-4e7a-9549-2ca02076e56d	2	35611848	36769466	1043	0.6622
e5155eb2-5577-4e7a-9549-2ca02076e56d	2	36769479	44880482	5772	0.4534
e5155eb2-5577-4e7a-9549-2ca02076e56d	2	44880679	52514599	5436	0.3098
e5155eb2-5577-4e7a-9549-2ca02076e56d	2	52516787	52527743	8	-0.927
e5155eb2-5577-4e7a-9549-2ca02076e56d	2	52531615	52554404	33	-2.8831
e5155eb2-5577-4e7a-9549-2ca02076e56d	2	52560811	57167767	3349	0.2932
e5155eb2-5577-4e7a-9549-2ca02076e56d	2	57174909	57218336	69	1.2993
e5155eb2-5577-4e7a-9549-2ca02076e56d	2	57220263	64652485	4343	0.3136
e5155eb2-5577-4e7a-9549-2ca02076e56d	2	64652729	75134738	6657	0.0332
e5155eb2-5577-4e7a-9549-2ca02076e56d	2	75134830	75147335	52	-0.9925
e5155eb2-5577-4e7a-9549-2ca02076e56d	2	75147768	84711857	6291	0.0464
e5155eb2-5577-4e7a-9549-2ca02076e56d	2	84717198	84798245	42	-0.8822
e5155eb2-5577-4e7a-9549-2ca02076e56d	2	84802030	90186197	2054	0.0521
e5155eb2-5577-4e7a-9549-2ca02076e56d	2	90186212	92068872	101	0.4512
e5155eb2-5577-4e7a-9549-2ca02076e56d	2	92078382	121992303	15418	0.0395
e5155eb2-5577-4e7a-9549-2ca02076e56d	2	121994132	150168768	17088	-0.3403
e5155eb2-5577-4e7a-9549-2ca02076e56d	2	150168788	158397612	5067	0.0528
e5155eb2-5577-4e7a-9549-2ca02076e56d	2	158403309	159099246	450	0.5728
e5155eb2-5577-4e7a-9549-2ca02076e56d	2	159100008	159104461	7	1.4711
e5155eb2-5577-4e7a-9549-2ca02076e56d	2	159106775	162149695	1852	0.5389
e5155eb2-5577-4e7a-9549-2ca02076e56d	2	162154825	180496370	11549	0.059
e5155eb2-5577-4e7a-9549-2ca02076e56d	2	180497351	182020108	926	0.2467
e5155eb2-5577-4e7a-9549-2ca02076e56d	2	182020232	189867884	4506	0.3223
e5155eb2-5577-4e7a-9549-2ca02076e56d	2	189868672	190466625	337	0.5279
e5155eb2-5577-4e7a-9549-2ca02076e56d	2	190469305	193823021	1893	0.2837
e5155eb2-5577-4e7a-9549-2ca02076e56d	2	193825580	193829074	2	2.2302
e5155eb2-5577-4e7a-9549-2ca02076e56d	2	193837590	194202242	194	0.3165
e5155eb2-5577-4e7a-9549-2ca02076e56d	2	194204144	194204314	2	-1.4443
e5155eb2-5577-4e7a-9549-2ca02076e56d	2	194216153	195212852	580	0.3363
e5155eb2-5577-4e7a-9549-2ca02076e56d	2	195214806	206956485	6954	0.2226
e5155eb2-5577-4e7a-9549-2ca02076e56d	2	206956921	242147305	22420	-0.0284
e5155eb2-5577-4e7a-9549-2ca02076e56d	3	20930	793299	643	-0.0832
e5155eb2-5577-4e7a-9549-2ca02076e56d	3	797883	4357533	3236	-0.3512
e5155eb2-5577-4e7a-9549-2ca02076e56d	3	4358347	4359501	6	-1.8918
e5155eb2-5577-4e7a-9549-2ca02076e56d	3	4360965	9200731	4195	-0.3139
e5155eb2-5577-4e7a-9549-2ca02076e56d	3	9203225	10622394	898	0.0465
e5155eb2-5577-4e7a-9549-2ca02076e56d	3	10625031	13574190	2121	-0.3228
e5155eb2-5577-4e7a-9549-2ca02076e56d	3	13575637	13673338	72	0.0424
e5155eb2-5577-4e7a-9549-2ca02076e56d	3	13675753	23937812	6609	-0.3233
e5155eb2-5577-4e7a-9549-2ca02076e56d	3	23939938	23940837	2	-4.7978
e5155eb2-5577-4e7a-9549-2ca02076e56d	3	23940839	80604645	37620	-0.3236
e5155eb2-5577-4e7a-9549-2ca02076e56d	3	80606221	81111534	255	0.3898
e5155eb2-5577-4e7a-9549-2ca02076e56d	3	81113892	81139751	9	-0.4379
e5155eb2-5577-4e7a-9549-2ca02076e56d	3	81146718	81921601	453	0.3548
e5155eb2-5577-4e7a-9549-2ca02076e56d	3	81921667	89337896	4095	0.0632
e5155eb2-5577-4e7a-9549-2ca02076e56d	3	89337951	89376664	57	-0.8156
e5155eb2-5577-4e7a-9549-2ca02076e56d	3	89376731	98172340	2624	0.0819
e5155eb2-5577-4e7a-9549-2ca02076e56d	3	98172728	98211020	17	0.6479
e5155eb2-5577-4e7a-9549-2ca02076e56d	3	98213209	99218940	582	0.0461
e5155eb2-5577-4e7a-9549-2ca02076e56d	3	99225614	99230577	38	0.506
e5155eb2-5577-4e7a-9549-2ca02076e56d	3	99232120	99418284	131	0.0541
e5155eb2-5577-4e7a-9549-2ca02076e56d	3	99419822	113183506	8335	0.3669
e5155eb2-5577-4e7a-9549-2ca02076e56d	3	113185482	113331146	109	0.5768
e5155eb2-5577-4e7a-9549-2ca02076e56d	3	113331646	122443225	5565	0.3356
e5155eb2-5577-4e7a-9549-2ca02076e56d	3	122445395	122871109	238	0.5834
e5155eb2-5577-4e7a-9549-2ca02076e56d	3	122875095	138650439	9581	0.3592
e5155eb2-5577-4e7a-9549-2ca02076e56d	3	138653327	138860173	66	0.4494
e5155eb2-5577-4e7a-9549-2ca02076e56d	3	138860208	139026109	83	0.8298
e5155eb2-5577-4e7a-9549-2ca02076e56d	3	139026412	162394677	14618	0.4327
e5155eb2-5577-4e7a-9549-2ca02076e56d	3	162401765	162498841	76	0.8906
e5155eb2-5577-4e7a-9549-2ca02076e56d	3	162498857	162519502	36	1.2726
e5155eb2-5577-4e7a-9549-2ca02076e56d	3	162519707	162790480	164	0.8462
e5155eb2-5577-4e7a-9549-2ca02076e56d	3	162794869	162828441	24	-1.547
e5155eb2-5577-4e7a-9549-2ca02076e56d	3	162829721	162834293	3	-5.0541
e5155eb2-5577-4e7a-9549-2ca02076e56d	3	162845543	162908207	43	-1.2153
e5155eb2-5577-4e7a-9549-2ca02076e56d	3	162908784	163941164	580	0.8185
e5155eb2-5577-4e7a-9549-2ca02076e56d	3	163941168	163945129	12	-0.2414
e5155eb2-5577-4e7a-9549-2ca02076e56d	3	163952660	167555514	1989	0.8715
e5155eb2-5577-4e7a-9549-2ca02076e56d	3	167556544	175228122	4938	0.9882
e5155eb2-5577-4e7a-9549-2ca02076e56d	3	175228137	175228581	4	2.3942
e5155eb2-5577-4e7a-9549-2ca02076e56d	3	175228665	175360729	133	1.0709
e5155eb2-5577-4e7a-9549-2ca02076e56d	3	175362803	175363437	6	-0.5248
e5155eb2-5577-4e7a-9549-2ca02076e56d	3	175363536	193425547	11711	0.9467
e5155eb2-5577-4e7a-9549-2ca02076e56d	3	193425591	197068068	1958	0.8433
e5155eb2-5577-4e7a-9549-2ca02076e56d	3	197069174	197229955	83	1.1026
e5155eb2-5577-4e7a-9549-2ca02076e56d	3	197234030	198106673	433	0.8538
e5155eb2-5577-4e7a-9549-2ca02076e56d	3	198106848	198106887	3	-0.6442
e5155eb2-5577-4e7a-9549-2ca02076e56d	3	198106927	198169247	36	1.1707
e5155eb2-5577-4e7a-9549-2ca02076e56d	4	68929	9462813	5131	-0.226
e5155eb2-5577-4e7a-9549-2ca02076e56d	4	9463248	9477699	4	1.7422
e5155eb2-5577-4e7a-9549-2ca02076e56d	4	9484440	10208766	535	-0.2015
e5155eb2-5577-4e7a-9549-2ca02076e56d	4	10212536	10233542	34	1.2865
e5155eb2-5577-4e7a-9549-2ca02076e56d	4	10233558	10270469	44	-0.211
e5155eb2-5577-4e7a-9549-2ca02076e56d	4	10271164	10271955	5	-1.7069
e5155eb2-5577-4e7a-9549-2ca02076e56d	4	10272212	10273370	6	-5.221
e5155eb2-5577-4e7a-9549-2ca02076e56d	4	10274358	15379867	4033	-0.2223
e5155eb2-5577-4e7a-9549-2ca02076e56d	4	15381910	34777418	12831	-0.3336
e5155eb2-5577-4e7a-9549-2ca02076e56d	4	34777432	34837370	48	0.4161
e5155eb2-5577-4e7a-9549-2ca02076e56d	4	34839673	38993095	2963	-0.3331
e5155eb2-5577-4e7a-9549-2ca02076e56d	4	39003180	39003981	2	-3.2265
e5155eb2-5577-4e7a-9549-2ca02076e56d	4	39007066	43143380	2532	-0.3374
e5155eb2-5577-4e7a-9549-2ca02076e56d	4	43143414	43146936	8	-2.3114
e5155eb2-5577-4e7a-9549-2ca02076e56d	4	43147945	46736062	2006	-0.3275
e5155eb2-5577-4e7a-9549-2ca02076e56d	4	46740632	49289175	1431	0.0852
e5155eb2-5577-4e7a-9549-2ca02076e56d	4	49289338	53426624	896	-0.349
e5155eb2-5577-4e7a-9549-2ca02076e56d	4	53430214	54596623	914	0.0221
e5155eb2-5577-4e7a-9549-2ca02076e56d	4	54597191	54802574	303	-0.3187
e5155eb2-5577-4e7a-9549-2ca02076e56d	4	54803935	55255239	287	0.0552
e5155eb2-5577-4e7a-9549-2ca02076e56d	4	55255654	67329216	7415	-0.3307
e5155eb2-5577-4e7a-9549-2ca02076e56d	4	67329420	68354665	618	0.0577
e5155eb2-5577-4e7a-9549-2ca02076e56d	4	68361130	68418873	9	0.5087
e5155eb2-5577-4e7a-9549-2ca02076e56d	4	68422420	68422424	3	-2.2394
e5155eb2-5577-4e7a-9549-2ca02076e56d	4	68429081	68674307	84	0.422
e5155eb2-5577-4e7a-9549-2ca02076e56d	4	68686026	75588450	4123	0.0658
e5155eb2-5577-4e7a-9549-2ca02076e56d	4	75591268	118804851	26198	-0.3201
e5155eb2-5577-4e7a-9549-2ca02076e56d	4	118808925	118813334	2	-3.4847
e5155eb2-5577-4e7a-9549-2ca02076e56d	4	118814724	133398817	8459	-0.283
e5155eb2-5577-4e7a-9549-2ca02076e56d	4	133401444	137168393	2068	0.1219
e5155eb2-5577-4e7a-9549-2ca02076e56d	4	137170949	137172260	16	-0.8915
e5155eb2-5577-4e7a-9549-2ca02076e56d	4	137173804	137258291	83	0.1507
e5155eb2-5577-4e7a-9549-2ca02076e56d	4	137261279	137267723	40	0.4787
e5155eb2-5577-4e7a-9549-2ca02076e56d	4	137267746	141829383	2994	0.0962
e5155eb2-5577-4e7a-9549-2ca02076e56d	4	141829573	142061076	155	0.4321
e5155eb2-5577-4e7a-9549-2ca02076e56d	4	142061245	171448195	18112	0.0981
e5155eb2-5577-4e7a-9549-2ca02076e56d	4	171453733	171456573	11	-1.3014
e5155eb2-5577-4e7a-9549-2ca02076e56d	4	171456625	178442196	4274	0.0893
e5155eb2-5577-4e7a-9549-2ca02076e56d	4	178442987	178443998	2	-2.1095
e5155eb2-5577-4e7a-9549-2ca02076e56d	4	178444766	182878443	3418	0.0929
e5155eb2-5577-4e7a-9549-2ca02076e56d	4	182880801	182884285	5	-1.2675
e5155eb2-5577-4e7a-9549-2ca02076e56d	4	182884314	183355301	274	0.1085
e5155eb2-5577-4e7a-9549-2ca02076e56d	4	183355902	183357552	2	-2.0784
e5155eb2-5577-4e7a-9549-2ca02076e56d	4	183357715	185716700	1584	0.0654
e5155eb2-5577-4e7a-9549-2ca02076e56d	4	185717114	190036988	2910	0.7347
e5155eb2-5577-4e7a-9549-2ca02076e56d	4	190046094	190106768	5	0.1627
e5155eb2-5577-4e7a-9549-2ca02076e56d	5	15532	551126	223	0.4089
e5155eb2-5577-4e7a-9549-2ca02076e56d	5	551275	685633	83	0.4739
e5155eb2-5577-4e7a-9549-2ca02076e56d	5	698256	773075	25	1.0643
e5155eb2-5577-4e7a-9549-2ca02076e56d	5	773432	7678343	5774	0.5295
e5155eb2-5577-4e7a-9549-2ca02076e56d	5	7680469	12819263	4088	0.3393
e5155eb2-5577-4e7a-9549-2ca02076e56d	5	12819554	12819964	5	-2.1773
e5155eb2-5577-4e7a-9549-2ca02076e56d	5	12824299	19523060	4422	0.3317
e5155eb2-5577-4e7a-9549-2ca02076e56d	5	19525692	19627917	68	-0.331
e5155eb2-5577-4e7a-9549-2ca02076e56d	5	19633945	56585473	20072	0.3408
e5155eb2-5577-4e7a-9549-2ca02076e56d	5	56587856	58030453	985	-0.3368
e5155eb2-5577-4e7a-9549-2ca02076e56d	5	58033288	58042530	30	0.1801
e5155eb2-5577-4e7a-9549-2ca02076e56d	5	58044246	69550476	7279	-0.3331
e5155eb2-5577-4e7a-9549-2ca02076e56d	5	69571467	71010901	19	0.74
e5155eb2-5577-4e7a-9549-2ca02076e56d	5	71011558	84449938	8308	-0.3515
e5155eb2-5577-4e7a-9549-2ca02076e56d	5	84453533	84471260	10	-1.6363
e5155eb2-5577-4e7a-9549-2ca02076e56d	5	84473607	109893862	14550	-0.3423
e5155eb2-5577-4e7a-9549-2ca02076e56d	5	109894696	156748601	30529	0.328
e5155eb2-5577-4e7a-9549-2ca02076e56d	5	156754298	180766779	16006	0.2993
e5155eb2-5577-4e7a-9549-2ca02076e56d	5	180767185	180772253	5	-1.0572
e5155eb2-5577-4e7a-9549-2ca02076e56d	5	180773629	181251717	269	0.225
e5155eb2-5577-4e7a-9549-2ca02076e56d	5	181252117	181363319	17	0.5841
e5155eb2-5577-4e7a-9549-2ca02076e56d	6	149661	343103	148	0.1702
e5155eb2-5577-4e7a-9549-2ca02076e56d	6	343144	343505	2	-1.7399
e5155eb2-5577-4e7a-9549-2ca02076e56d	6	344175	3408878	2513	0.2378
e5155eb2-5577-4e7a-9549-2ca02076e56d	6	3409730	3418915	14	-0.4145
e5155eb2-5577-4e7a-9549-2ca02076e56d	6	3419197	6375750	2508	0.2364
e5155eb2-5577-4e7a-9549-2ca02076e56d	6	6376511	11469384	3828	0.6736
e5155eb2-5577-4e7a-9549-2ca02076e56d	6	11472678	11485238	15	-0.5081
e5155eb2-5577-4e7a-9549-2ca02076e56d	6	11486466	18278346	5117	0.6393
e5155eb2-5577-4e7a-9549-2ca02076e56d	6	18283558	21085237	2101	0.7014
e5155eb2-5577-4e7a-9549-2ca02076e56d	6	21085816	21128068	29	0.6231
e5155eb2-5577-4e7a-9549-2ca02076e56d	6	21129226	21144988	26	0.2303
e5155eb2-5577-4e7a-9549-2ca02076e56d	6	21148511	22080650	623	0.6321
e5155eb2-5577-4e7a-9549-2ca02076e56d	6	22081338	22126772	42	0.1641
e5155eb2-5577-4e7a-9549-2ca02076e56d	6	22133165	29868964	4687	0.6594
e5155eb2-5577-4e7a-9549-2ca02076e56d	6	29869295	29940692	38	1.0307
e5155eb2-5577-4e7a-9549-2ca02076e56d	6	29946443	31318499	644	0.6268
e5155eb2-5577-4e7a-9549-2ca02076e56d	6	31318528	31328176	7	1.9541
e5155eb2-5577-4e7a-9549-2ca02076e56d	6	31328210	32722250	610	0.6229
e5155eb2-5577-4e7a-9549-2ca02076e56d	6	32723020	32723053	3	2.9743
e5155eb2-5577-4e7a-9549-2ca02076e56d	6	32732907	33970029	753	0.6381
e5155eb2-5577-4e7a-9549-2ca02076e56d	6	33970222	33974794	6	-0.7764
e5155eb2-5577-4e7a-9549-2ca02076e56d	6	33974834	44415393	6594	0.6569
e5155eb2-5577-4e7a-9549-2ca02076e56d	6	44415716	51120809	4225	0.7047
e5155eb2-5577-4e7a-9549-2ca02076e56d	6	51230728	54066353	2075	0.3074
e5155eb2-5577-4e7a-9549-2ca02076e56d	6	54066432	54067057	6	-0.9841
e5155eb2-5577-4e7a-9549-2ca02076e56d	6	54070550	60609639	2253	0.3664
e5155eb2-5577-4e7a-9549-2ca02076e56d	6	60614807	61631812	385	0.7706
e5155eb2-5577-4e7a-9549-2ca02076e56d	6	61632338	63516874	1022	0.3093
e5155eb2-5577-4e7a-9549-2ca02076e56d	6	63520843	65000836	804	-0.3565
e5155eb2-5577-4e7a-9549-2ca02076e56d	6	65001506	65003844	2	-3.3759
e5155eb2-5577-4e7a-9549-2ca02076e56d	6	65003899	67598046	1891	-0.3369
e5155eb2-5577-4e7a-9549-2ca02076e56d	6	67598227	67604513	2	-2.6567
e5155eb2-5577-4e7a-9549-2ca02076e56d	6	67604670	68007638	253	-0.3558
e5155eb2-5577-4e7a-9549-2ca02076e56d	6	68011129	68019238	3	-2.1633
e5155eb2-5577-4e7a-9549-2ca02076e56d	6	68019366	68943867	595	-0.3465
e5155eb2-5577-4e7a-9549-2ca02076e56d	6	68947163	68951349	2	1.5408
e5155eb2-5577-4e7a-9549-2ca02076e56d	6	68952475	69380733	252	-0.2961
e5155eb2-5577-4e7a-9549-2ca02076e56d	6	69387071	73882085	2908	0.0396
e5155eb2-5577-4e7a-9549-2ca02076e56d	6	73882142	73887625	10	-1.4411
e5155eb2-5577-4e7a-9549-2ca02076e56d	6	73891694	77123159	2047	0.0605
e5155eb2-5577-4e7a-9549-2ca02076e56d	6	77124206	78259388	722	-0.3286
e5155eb2-5577-4e7a-9549-2ca02076e56d	6	78261980	78336944	119	0.3448
e5155eb2-5577-4e7a-9549-2ca02076e56d	6	78341897	88385753	6248	-0.3519
e5155eb2-5577-4e7a-9549-2ca02076e56d	6	88386183	88388098	2	-4.0367
e5155eb2-5577-4e7a-9549-2ca02076e56d	6	88388393	103280350	9155	-0.3406
e5155eb2-5577-4e7a-9549-2ca02076e56d	6	103282618	103312172	51	0.594
e5155eb2-5577-4e7a-9549-2ca02076e56d	6	103314157	159446058	35975	-0.3234
e5155eb2-5577-4e7a-9549-2ca02076e56d	6	159448087	166695107	5489	-0.928
e5155eb2-5577-4e7a-9549-2ca02076e56d	6	166695162	166697311	4	-4.3399
e5155eb2-5577-4e7a-9549-2ca02076e56d	6	166697410	170741917	2448	-0.9725
e5155eb2-5577-4e7a-9549-2ca02076e56d	7	43355	716986	145	0.228
e5155eb2-5577-4e7a-9549-2ca02076e56d	7	721090	2695168	760	0.5242
e5155eb2-5577-4e7a-9549-2ca02076e56d	7	2697878	4438361	1447	0.3526
e5155eb2-5577-4e7a-9549-2ca02076e56d	7	4439758	4464739	26	0.5689
e5155eb2-5577-4e7a-9549-2ca02076e56d	7	4464844	4581293	104	0.2513
e5155eb2-5577-4e7a-9549-2ca02076e56d	7	4581308	4605830	7	-0.6406
e5155eb2-5577-4e7a-9549-2ca02076e56d	7	4606014	5418154	358	0.2956
e5155eb2-5577-4e7a-9549-2ca02076e56d	7	5429171	7018691	640	0.0324
e5155eb2-5577-4e7a-9549-2ca02076e56d	7	7018793	12974700	4925	0.2011
e5155eb2-5577-4e7a-9549-2ca02076e56d	7	12982484	13734566	583	-0.9249
e5155eb2-5577-4e7a-9549-2ca02076e56d	7	13735165	13737381	2	-3.1118
e5155eb2-5577-4e7a-9549-2ca02076e56d	7	13738098	14985707	1030	-0.903
e5155eb2-5577-4e7a-9549-2ca02076e56d	7	14985824	14987162	3	-3.0256
e5155eb2-5577-4e7a-9549-2ca02076e56d	7	14987247	16256335	1004	-0.9175
e5155eb2-5577-4e7a-9549-2ca02076e56d	7	16258087	16270748	21	-1.7435
e5155eb2-5577-4e7a-9549-2ca02076e56d	7	16270881	18995984	2158	-0.9271
e5155eb2-5577-4e7a-9549-2ca02076e56d	7	18996001	19207978	343	-0.6986
e5155eb2-5577-4e7a-9549-2ca02076e56d	7	19210236	26092670	5125	-0.9473
e5155eb2-5577-4e7a-9549-2ca02076e56d	7	26102772	26105793	4	-3.4814
e5155eb2-5577-4e7a-9549-2ca02076e56d	7	26107599	29650069	2573	-0.962
e5155eb2-5577-4e7a-9549-2ca02076e56d	7	29650443	29651845	5	-4.0589
e5155eb2-5577-4e7a-9549-2ca02076e56d	7	29654002	30656561	594	-0.902
e5155eb2-5577-4e7a-9549-2ca02076e56d	7	30656574	30657741	2	-3.2115
e5155eb2-5577-4e7a-9549-2ca02076e56d	7	30659288	30705612	34	-1.046
e5155eb2-5577-4e7a-9549-2ca02076e56d	7	30705645	30708077	3	-4.8823
e5155eb2-5577-4e7a-9549-2ca02076e56d	7	30710873	30931374	156	-0.9469
e5155eb2-5577-4e7a-9549-2ca02076e56d	7	30934738	30936366	2	-6.9221
e5155eb2-5577-4e7a-9549-2ca02076e56d	7	30941404	35987205	3307	-0.946
e5155eb2-5577-4e7a-9549-2ca02076e56d	7	35987878	39037797	2403	-0.3455
e5155eb2-5577-4e7a-9549-2ca02076e56d	7	39037805	39039873	2	-3.1088
e5155eb2-5577-4e7a-9549-2ca02076e56d	7	39040000	46931729	5049	-0.3605
e5155eb2-5577-4e7a-9549-2ca02076e56d	7	46932135	47675521	566	0.3559
e5155eb2-5577-4e7a-9549-2ca02076e56d	7	47681515	50122239	1643	0.0825
e5155eb2-5577-4e7a-9549-2ca02076e56d	7	50133600	51758915	1236	0.3407
e5155eb2-5577-4e7a-9549-2ca02076e56d	7	51758940	62925237	4110	0.0519
e5155eb2-5577-4e7a-9549-2ca02076e56d	7	62925442	67544658	1752	-0.3424
e5155eb2-5577-4e7a-9549-2ca02076e56d	7	67545579	67633936	64	-0.9409
e5155eb2-5577-4e7a-9549-2ca02076e56d	7	67633958	68934786	913	-0.3618
e5155eb2-5577-4e7a-9549-2ca02076e56d	7	68941073	68942063	2	-2.4481
e5155eb2-5577-4e7a-9549-2ca02076e56d	7	68942209	74160591	2698	-0.3611
e5155eb2-5577-4e7a-9549-2ca02076e56d	7	74162878	74402741	95	-0.9476
e5155eb2-5577-4e7a-9549-2ca02076e56d	7	74406306	74408258	2	-4.8406
e5155eb2-5577-4e7a-9549-2ca02076e56d	7	74408582	76445663	538	-0.9415
e5155eb2-5577-4e7a-9549-2ca02076e56d	7	76479444	76972268	175	-0.5146
e5155eb2-5577-4e7a-9549-2ca02076e56d	7	76977495	79127223	1446	-0.9359
e5155eb2-5577-4e7a-9549-2ca02076e56d	7	79129775	79130011	2	-3.8647
e5155eb2-5577-4e7a-9549-2ca02076e56d	7	79133020	84301196	3552	-0.9109
e5155eb2-5577-4e7a-9549-2ca02076e56d	7	84303042	88728583	2521	-0.3373
e5155eb2-5577-4e7a-9549-2ca02076e56d	7	88736186	88930932	157	-0.8422
e5155eb2-5577-4e7a-9549-2ca02076e56d	7	88930984	90902693	1263	-0.365
e5155eb2-5577-4e7a-9549-2ca02076e56d	7	90903618	95789321	3093	-0.9235
e5155eb2-5577-4e7a-9549-2ca02076e56d	7	95789944	96913489	737	-0.3218
e5155eb2-5577-4e7a-9549-2ca02076e56d	7	96913795	96916656	2	-2.1694
e5155eb2-5577-4e7a-9549-2ca02076e56d	7	96918403	97009542	60	-0.293
e5155eb2-5577-4e7a-9549-2ca02076e56d	7	97010631	111940540	8475	0.0448
e5155eb2-5577-4e7a-9549-2ca02076e56d	7	111942286	112367886	312	-0.3258
e5155eb2-5577-4e7a-9549-2ca02076e56d	7	112376014	112489278	88	-0.9637
e5155eb2-5577-4e7a-9549-2ca02076e56d	7	112489558	112495152	5	-3.8976
e5155eb2-5577-4e7a-9549-2ca02076e56d	7	112496231	117597881	2983	-0.9125
e5155eb2-5577-4e7a-9549-2ca02076e56d	7	117599342	123402136	3394	-0.5826
e5155eb2-5577-4e7a-9549-2ca02076e56d	7	123403046	124394011	571	-0.1277
e5155eb2-5577-4e7a-9549-2ca02076e56d	7	124408713	124491153	48	0.2294
e5155eb2-5577-4e7a-9549-2ca02076e56d	7	124492398	124684682	128	0.6531
e5155eb2-5577-4e7a-9549-2ca02076e56d	7	124688121	126405502	1080	0.4582
e5155eb2-5577-4e7a-9549-2ca02076e56d	7	126405597	126406822	11	-1.0758
e5155eb2-5577-4e7a-9549-2ca02076e56d	7	126406823	126638754	152	0.4247
e5155eb2-5577-4e7a-9549-2ca02076e56d	7	126639004	127799999	816	0.2004
e5155eb2-5577-4e7a-9549-2ca02076e56d	7	127804249	130111682	1164	0.3993
e5155eb2-5577-4e7a-9549-2ca02076e56d	7	130112661	130752089	281	0.154
e5155eb2-5577-4e7a-9549-2ca02076e56d	7	130752365	132469691	1252	0.4011
e5155eb2-5577-4e7a-9549-2ca02076e56d	7	132470507	144255220	7494	0.7874
e5155eb2-5577-4e7a-9549-2ca02076e56d	7	144255475	144352208	12	-0.041
e5155eb2-5577-4e7a-9549-2ca02076e56d	7	144377836	145857738	924	0.7921
e5155eb2-5577-4e7a-9549-2ca02076e56d	7	145859715	158130101	7979	0.5993
e5155eb2-5577-4e7a-9549-2ca02076e56d	7	158131457	159334314	743	0.744
e5155eb2-5577-4e7a-9549-2ca02076e56d	8	81254	208062	4	0.5769
e5155eb2-5577-4e7a-9549-2ca02076e56d	8	212672	644973	317	-0.4883
e5155eb2-5577-4e7a-9549-2ca02076e56d	8	645220	645908	8	2.3628
e5155eb2-5577-4e7a-9549-2ca02076e56d	8	656117	25114672	21032	-0.3683
e5155eb2-5577-4e7a-9549-2ca02076e56d	8	25116928	25133589	28	0.4291
e5155eb2-5577-4e7a-9549-2ca02076e56d	8	25133612	32825580	5410	-0.3669
e5155eb2-5577-4e7a-9549-2ca02076e56d	8	32826447	32834820	11	0.6674
e5155eb2-5577-4e7a-9549-2ca02076e56d	8	32834838	39198188	3480	-0.3744
e5155eb2-5577-4e7a-9549-2ca02076e56d	8	39213087	39527675	143	-0.0965
e5155eb2-5577-4e7a-9549-2ca02076e56d	8	39529446	51058103	5165	0.016
e5155eb2-5577-4e7a-9549-2ca02076e56d	8	51061686	52859755	1187	-0.0841
e5155eb2-5577-4e7a-9549-2ca02076e56d	8	52862208	52870246	6	-0.4136
e5155eb2-5577-4e7a-9549-2ca02076e56d	8	52870940	58754854	3943	0.5767
e5155eb2-5577-4e7a-9549-2ca02076e56d	8	58758209	58778003	23	-0.5328
e5155eb2-5577-4e7a-9549-2ca02076e56d	8	58783529	58996891	181	0.5923
e5155eb2-5577-4e7a-9549-2ca02076e56d	8	58997188	78921855	12213	0.2327
e5155eb2-5577-4e7a-9549-2ca02076e56d	8	78922463	78924100	2	-2.1969
e5155eb2-5577-4e7a-9549-2ca02076e56d	8	78932636	98430521	11644	0.2333
e5155eb2-5577-4e7a-9549-2ca02076e56d	8	98432894	99928429	642	0.9298
e5155eb2-5577-4e7a-9549-2ca02076e56d	8	99930962	111279265	6974	0.7725
e5155eb2-5577-4e7a-9549-2ca02076e56d	8	111282050	111283031	10	2.3305
e5155eb2-5577-4e7a-9549-2ca02076e56d	8	111288052	112868282	855	0.827
e5155eb2-5577-4e7a-9549-2ca02076e56d	8	112878376	114628588	990	0.5136
e5155eb2-5577-4e7a-9549-2ca02076e56d	8	114628679	114653157	19	1.0237
e5155eb2-5577-4e7a-9549-2ca02076e56d	8	114660731	120802573	4180	0.4961
e5155eb2-5577-4e7a-9549-2ca02076e56d	8	120802952	121892557	724	0.2769
e5155eb2-5577-4e7a-9549-2ca02076e56d	8	121892666	145072769	16144	0.4749
e5155eb2-5577-4e7a-9549-2ca02076e56d	9	46587	6695986	6375	0.8701
e5155eb2-5577-4e7a-9549-2ca02076e56d	9	6701145	6708357	7	-0.2252
e5155eb2-5577-4e7a-9549-2ca02076e56d	9	6712314	17630593	9491	0.8874
e5155eb2-5577-4e7a-9549-2ca02076e56d	9	17630729	21785878	3524	0.9419
e5155eb2-5577-4e7a-9549-2ca02076e56d	9	21787263	23366284	1031	0.8774
e5155eb2-5577-4e7a-9549-2ca02076e56d	9	23367171	23372401	4	-0.4145
e5155eb2-5577-4e7a-9549-2ca02076e56d	9	23373486	24418536	721	0.8295
e5155eb2-5577-4e7a-9549-2ca02076e56d	9	24419357	24431785	7	-0.1025
e5155eb2-5577-4e7a-9549-2ca02076e56d	9	24434193	26590986	1590	0.8613
e5155eb2-5577-4e7a-9549-2ca02076e56d	9	26591045	33133449	4917	0.692
e5155eb2-5577-4e7a-9549-2ca02076e56d	9	33134548	37179044	2317	0.6254
e5155eb2-5577-4e7a-9549-2ca02076e56d	9	37179382	40099921	1200	0.6931
e5155eb2-5577-4e7a-9549-2ca02076e56d	9	40189830	41703463	93	0.3731
e5155eb2-5577-4e7a-9549-2ca02076e56d	9	41703482	42719891	53	0.922
e5155eb2-5577-4e7a-9549-2ca02076e56d	9	42720266	63580418	112	0.339
e5155eb2-5577-4e7a-9549-2ca02076e56d	9	63590317	63592813	7	2.2497
e5155eb2-5577-4e7a-9549-2ca02076e56d	9	63614182	67915741	121	0.5454
e5155eb2-5577-4e7a-9549-2ca02076e56d	9	68318441	72822510	3354	0.0613
e5155eb2-5577-4e7a-9549-2ca02076e56d	9	72829992	76787198	2823	-0.3208
e5155eb2-5577-4e7a-9549-2ca02076e56d	9	76787962	76854161	64	0.0742
e5155eb2-5577-4e7a-9549-2ca02076e56d	9	76854418	76939544	68	0.4199
e5155eb2-5577-4e7a-9549-2ca02076e56d	9	76941965	76944420	4	-0.6017
e5155eb2-5577-4e7a-9549-2ca02076e56d	9	76951948	77021510	74	0.3907
e5155eb2-5577-4e7a-9549-2ca02076e56d	9	77025765	77066310	33	0.107
e5155eb2-5577-4e7a-9549-2ca02076e56d	9	77066323	84052183	4841	-0.3303
e5155eb2-5577-4e7a-9549-2ca02076e56d	9	84054511	84075123	11	-1.5552
e5155eb2-5577-4e7a-9549-2ca02076e56d	9	84078555	131967361	33265	-0.3362
e5155eb2-5577-4e7a-9549-2ca02076e56d	9	131968583	132123012	101	0.0347
e5155eb2-5577-4e7a-9549-2ca02076e56d	9	132125204	138107414	3028	-0.3762
e5155eb2-5577-4e7a-9549-2ca02076e56d	9	138109449	138200944	60	-0.0527
e5155eb2-5577-4e7a-9549-2ca02076e56d	10	45792	3777986	3138	0.4956
e5155eb2-5577-4e7a-9549-2ca02076e56d	10	3778015	7690347	3543	0.3741
e5155eb2-5577-4e7a-9549-2ca02076e56d	10	7690360	19006475	9023	0.4632
e5155eb2-5577-4e7a-9549-2ca02076e56d	10	19008062	19310814	257	0.552
e5155eb2-5577-4e7a-9549-2ca02076e56d	10	19312125	19312757	2	-0.9611
e5155eb2-5577-4e7a-9549-2ca02076e56d	10	19312895	21063084	1478	0.5245
e5155eb2-5577-4e7a-9549-2ca02076e56d	10	21063707	26682231	3587	0.4766
e5155eb2-5577-4e7a-9549-2ca02076e56d	10	26682950	27511019	517	-0.0074
e5155eb2-5577-4e7a-9549-2ca02076e56d	10	27524368	27538612	15	-1.0658
e5155eb2-5577-4e7a-9549-2ca02076e56d	10	27542008	30448901	2247	0.0122
e5155eb2-5577-4e7a-9549-2ca02076e56d	10	30450129	30453459	4	-1.7318
e5155eb2-5577-4e7a-9549-2ca02076e56d	10	30454282	36340380	3980	0.027
e5155eb2-5577-4e7a-9549-2ca02076e56d	10	36341078	36341261	2	-1.894
e5155eb2-5577-4e7a-9549-2ca02076e56d	10	36343398	42252257	1304	0.0082
e5155eb2-5577-4e7a-9549-2ca02076e56d	10	42255424	42610124	175	0.2358
e5155eb2-5577-4e7a-9549-2ca02076e56d	10	42610781	57675795	9702	-0.3313
e5155eb2-5577-4e7a-9549-2ca02076e56d	10	57676595	57677070	2	-0.1537
e5155eb2-5577-4e7a-9549-2ca02076e56d	10	57679501	57713045	29	0.4538
e5155eb2-5577-4e7a-9549-2ca02076e56d	10	57722391	57765289	33	-0.1619
e5155eb2-5577-4e7a-9549-2ca02076e56d	10	57768097	59215124	1028	0.3583
e5155eb2-5577-4e7a-9549-2ca02076e56d	10	59215264	60764381	1201	0.6277
e5155eb2-5577-4e7a-9549-2ca02076e56d	10	60766148	68422804	5014	0.4056
e5155eb2-5577-4e7a-9549-2ca02076e56d	10	68423479	73242769	3158	0.312
e5155eb2-5577-4e7a-9549-2ca02076e56d	10	73245662	75034799	761	0.0142
e5155eb2-5577-4e7a-9549-2ca02076e56d	10	75035030	75035453	2	-2.1577
e5155eb2-5577-4e7a-9549-2ca02076e56d	10	75035964	79595316	3408	0.0723
e5155eb2-5577-4e7a-9549-2ca02076e56d	10	79624118	79764135	19	0.6967
e5155eb2-5577-4e7a-9549-2ca02076e56d	10	79779354	80070197	126	0.0785
e5155eb2-5577-4e7a-9549-2ca02076e56d	10	80071948	83978469	2935	-0.1234
e5155eb2-5577-4e7a-9549-2ca02076e56d	10	83980890	84206050	158	0.0635
e5155eb2-5577-4e7a-9549-2ca02076e56d	10	84207117	84766377	391	0.1958
e5155eb2-5577-4e7a-9549-2ca02076e56d	10	84766696	85263879	369	0.0448
e5155eb2-5577-4e7a-9549-2ca02076e56d	10	85264880	87216840	1200	-0.1155
e5155eb2-5577-4e7a-9549-2ca02076e56d	10	87269486	87352872	14	0.6732
e5155eb2-5577-4e7a-9549-2ca02076e56d	10	87353136	87889949	326	-0.0589
e5155eb2-5577-4e7a-9549-2ca02076e56d	10	87889973	87891939	4	1.1475
e5155eb2-5577-4e7a-9549-2ca02076e56d	10	87892112	88997863	884	-0.1049
e5155eb2-5577-4e7a-9549-2ca02076e56d	10	89003044	89465383	403	0.067
e5155eb2-5577-4e7a-9549-2ca02076e56d	10	89467553	94091192	2900	-0.1053
e5155eb2-5577-4e7a-9549-2ca02076e56d	10	94095130	95102662	494	0.0709
e5155eb2-5577-4e7a-9549-2ca02076e56d	10	95105336	100949137	3757	-0.1372
e5155eb2-5577-4e7a-9549-2ca02076e56d	10	100953956	101313897	206	0.2831
e5155eb2-5577-4e7a-9549-2ca02076e56d	10	101314911	119536106	12284	-0.1165
e5155eb2-5577-4e7a-9549-2ca02076e56d	10	119545452	133654968	10448	0.0412
e5155eb2-5577-4e7a-9549-2ca02076e56d	11	198510	2949510	1044	-0.38
e5155eb2-5577-4e7a-9549-2ca02076e56d	11	2950425	4946166	1359	-0.1265
e5155eb2-5577-4e7a-9549-2ca02076e56d	11	4946420	4955042	31	1.0591
e5155eb2-5577-4e7a-9549-2ca02076e56d	11	4955781	6723131	1458	-0.1139
e5155eb2-5577-4e7a-9549-2ca02076e56d	11	6723211	6723507	2	-2.1371
e5155eb2-5577-4e7a-9549-2ca02076e56d	11	6726521	7919568	931	-0.1062
e5155eb2-5577-4e7a-9549-2ca02076e56d	11	7920072	10901643	1981	-0.5869
e5155eb2-5577-4e7a-9549-2ca02076e56d	11	10905452	13805040	2536	-0.4841
e5155eb2-5577-4e7a-9549-2ca02076e56d	11	13805418	19396249	3704	-0.2871
e5155eb2-5577-4e7a-9549-2ca02076e56d	11	19396383	22915951	2966	0.0734
e5155eb2-5577-4e7a-9549-2ca02076e56d	11	22915985	39795791	11694	0.1092
e5155eb2-5577-4e7a-9549-2ca02076e56d	11	39795853	43990419	2960	0.0681
e5155eb2-5577-4e7a-9549-2ca02076e56d	11	43992762	48156406	2369	0.0005
e5155eb2-5577-4e7a-9549-2ca02076e56d	11	48157334	55609206	1393	0.0949
e5155eb2-5577-4e7a-9549-2ca02076e56d	11	55610402	55674842	33	-0.6225
e5155eb2-5577-4e7a-9549-2ca02076e56d	11	55676735	73157502	8949	0.0332
e5155eb2-5577-4e7a-9549-2ca02076e56d	11	73160026	73404269	135	0.3021
e5155eb2-5577-4e7a-9549-2ca02076e56d	11	73409108	86634509	8683	0.0482
e5155eb2-5577-4e7a-9549-2ca02076e56d	11	86636939	86975803	229	0.3734
e5155eb2-5577-4e7a-9549-2ca02076e56d	11	86977878	92097323	3278	0.0635
e5155eb2-5577-4e7a-9549-2ca02076e56d	11	92097492	92097877	2	2.3401
e5155eb2-5577-4e7a-9549-2ca02076e56d	11	92099538	105470897	9844	0.0449
e5155eb2-5577-4e7a-9549-2ca02076e56d	11	105473276	123650502	12442	0.297
e5155eb2-5577-4e7a-9549-2ca02076e56d	11	123650732	123652013	2	-1.7046
e5155eb2-5577-4e7a-9549-2ca02076e56d	11	123652175	128461728	3556	0.2982
e5155eb2-5577-4e7a-9549-2ca02076e56d	11	128463161	128463624	5	-1.2155
e5155eb2-5577-4e7a-9549-2ca02076e56d	11	128464871	134783159	4908	0.3105
e5155eb2-5577-4e7a-9549-2ca02076e56d	11	134783934	135074876	211	0.1373
e5155eb2-5577-4e7a-9549-2ca02076e56d	12	51460	9481274	6148	-0.3123
e5155eb2-5577-4e7a-9549-2ca02076e56d	12	9485313	9561078	21	-1.5702
e5155eb2-5577-4e7a-9549-2ca02076e56d	12	9562969	11341579	1159	-0.2958
e5155eb2-5577-4e7a-9549-2ca02076e56d	12	11341686	11400944	55	0.1989
e5155eb2-5577-4e7a-9549-2ca02076e56d	12	11402077	13571372	1810	-0.3178
e5155eb2-5577-4e7a-9549-2ca02076e56d	12	13572164	13576376	2	-2.4377
e5155eb2-5577-4e7a-9549-2ca02076e56d	12	13580300	15228276	1079	-0.3115
e5155eb2-5577-4e7a-9549-2ca02076e56d	12	15228416	16390934	703	-0.146
e5155eb2-5577-4e7a-9549-2ca02076e56d	12	16394945	16407632	6	0.3304
e5155eb2-5577-4e7a-9549-2ca02076e56d	12	16407678	25498355	6167	-0.1037
e5155eb2-5577-4e7a-9549-2ca02076e56d	12	25500930	33141710	5574	0.0673
e5155eb2-5577-4e7a-9549-2ca02076e56d	12	33141726	38648261	1236	0.1614
e5155eb2-5577-4e7a-9549-2ca02076e56d	12	38648495	48331037	6089	0.0528
e5155eb2-5577-4e7a-9549-2ca02076e56d	12	48331236	48331632	5	-1.7062
e5155eb2-5577-4e7a-9549-2ca02076e56d	12	48336253	51255344	1363	0.01
e5155eb2-5577-4e7a-9549-2ca02076e56d	12	51257372	52647851	989	0.3295
e5155eb2-5577-4e7a-9549-2ca02076e56d	12	52653501	52668475	26	-0.9831
e5155eb2-5577-4e7a-9549-2ca02076e56d	12	52676718	54508484	967	0.2945
e5155eb2-5577-4e7a-9549-2ca02076e56d	12	54508937	67591161	8067	0.0489
e5155eb2-5577-4e7a-9549-2ca02076e56d	12	67592965	69019384	1049	-0.3672
e5155eb2-5577-4e7a-9549-2ca02076e56d	12	69021593	71844856	1881	0.0459
e5155eb2-5577-4e7a-9549-2ca02076e56d	12	71845013	71845464	2	-2.1557
e5155eb2-5577-4e7a-9549-2ca02076e56d	12	71847814	80446147	5430	0.0566
e5155eb2-5577-4e7a-9549-2ca02076e56d	12	80446276	80456533	2	-2.9465
e5155eb2-5577-4e7a-9549-2ca02076e56d	12	80458189	97424968	10790	0.0505
e5155eb2-5577-4e7a-9549-2ca02076e56d	12	97433540	97533285	123	-2.0015
e5155eb2-5577-4e7a-9549-2ca02076e56d	12	97545516	133201603	23945	0.0259
e5155eb2-5577-4e7a-9549-2ca02076e56d	13	18452809	23058992	2850	-0.3271
e5155eb2-5577-4e7a-9549-2ca02076e56d	13	23059009	23059376	5	-2.1375
e5155eb2-5577-4e7a-9549-2ca02076e56d	13	23064056	29455681	4792	-0.3524
e5155eb2-5577-4e7a-9549-2ca02076e56d	13	29457425	29459091	2	-3.021
e5155eb2-5577-4e7a-9549-2ca02076e56d	13	29462056	32873125	2508	-0.3603
e5155eb2-5577-4e7a-9549-2ca02076e56d	13	32874751	32875070	2	-2.9988
e5155eb2-5577-4e7a-9549-2ca02076e56d	13	32875725	37462982	3204	-0.3431
e5155eb2-5577-4e7a-9549-2ca02076e56d	13	37463184	37501828	47	-0.6187
e5155eb2-5577-4e7a-9549-2ca02076e56d	13	37502130	37514193	13	-1.6032
e5155eb2-5577-4e7a-9549-2ca02076e56d	13	37514237	42185835	3215	-0.5374
e5155eb2-5577-4e7a-9549-2ca02076e56d	13	42194435	48957415	4769	-0.3354
e5155eb2-5577-4e7a-9549-2ca02076e56d	13	48959579	48962368	2	-3.3251
e5155eb2-5577-4e7a-9549-2ca02076e56d	13	48963569	57190045	4503	-0.3132
e5155eb2-5577-4e7a-9549-2ca02076e56d	13	57192577	57200942	10	0.5948
e5155eb2-5577-4e7a-9549-2ca02076e56d	13	57200966	64636791	4376	-0.3155
e5155eb2-5577-4e7a-9549-2ca02076e56d	13	64642034	64645846	5	-1.8684
e5155eb2-5577-4e7a-9549-2ca02076e56d	13	64650236	71902850	4582	-0.2971
e5155eb2-5577-4e7a-9549-2ca02076e56d	13	71903417	71906418	4	-2.6623
e5155eb2-5577-4e7a-9549-2ca02076e56d	13	71906467	114121135	28871	-0.3236
e5155eb2-5577-4e7a-9549-2ca02076e56d	13	114124492	114125721	4	-4.858
e5155eb2-5577-4e7a-9549-2ca02076e56d	13	114130484	114342922	101	-0.358
e5155eb2-5577-4e7a-9549-2ca02076e56d	14	18239283	19957752	171	-0.0058
e5155eb2-5577-4e7a-9549-2ca02076e56d	14	19958388	21928968	1360	0.3444
e5155eb2-5577-4e7a-9549-2ca02076e56d	14	21929841	22474486	441	0.5172
e5155eb2-5577-4e7a-9549-2ca02076e56d	14	22474596	26365421	2559	0.3402
e5155eb2-5577-4e7a-9549-2ca02076e56d	14	26366164	41439105	9431	0.0721
e5155eb2-5577-4e7a-9549-2ca02076e56d	14	41447025	44390732	1754	-0.3397
e5155eb2-5577-4e7a-9549-2ca02076e56d	14	44391195	61450914	10743	-0.0671
e5155eb2-5577-4e7a-9549-2ca02076e56d	14	61452878	61990667	388	0.2171
e5155eb2-5577-4e7a-9549-2ca02076e56d	14	61993089	65529609	2367	-0.0722
e5155eb2-5577-4e7a-9549-2ca02076e56d	14	65529901	96898753	20537	-0.322
e5155eb2-5577-4e7a-9549-2ca02076e56d	14	96898899	99899020	2453	0.3293
e5155eb2-5577-4e7a-9549-2ca02076e56d	14	99900663	102466110	1360	0.0338
e5155eb2-5577-4e7a-9549-2ca02076e56d	14	102466742	102492940	15	-0.7376
e5155eb2-5577-4e7a-9549-2ca02076e56d	14	102497000	106418444	1469	0.071
e5155eb2-5577-4e7a-9549-2ca02076e56d	14	106423925	106462169	47	-0.6778
e5155eb2-5577-4e7a-9549-2ca02076e56d	14	106462183	106877229	196	0.0632
e5155eb2-5577-4e7a-9549-2ca02076e56d	15	19811075	27966775	3807	0.3571
e5155eb2-5577-4e7a-9549-2ca02076e56d	15	27969613	32135878	2081	0.0344
e5155eb2-5577-4e7a-9549-2ca02076e56d	15	32137497	32220019	24	0.2978
e5155eb2-5577-4e7a-9549-2ca02076e56d	15	32239115	32610782	25	0.6853
e5155eb2-5577-4e7a-9549-2ca02076e56d	15	32612414	32673247	45	0.0808
e5155eb2-5577-4e7a-9549-2ca02076e56d	15	32680796	61116661	18475	-0.324
e5155eb2-5577-4e7a-9549-2ca02076e56d	15	61116672	61116879	2	-3.0799
e5155eb2-5577-4e7a-9549-2ca02076e56d	15	61118891	65443525	2780	-0.3454
e5155eb2-5577-4e7a-9549-2ca02076e56d	15	65446672	65449929	2	-2.6547
e5155eb2-5577-4e7a-9549-2ca02076e56d	15	65452013	73422384	4998	-0.3396
e5155eb2-5577-4e7a-9549-2ca02076e56d	15	73425604	73426579	2	-2.5647
e5155eb2-5577-4e7a-9549-2ca02076e56d	15	73427514	76598900	1546	-0.3554
e5155eb2-5577-4e7a-9549-2ca02076e56d	15	76599170	76609853	23	0.6533
e5155eb2-5577-4e7a-9549-2ca02076e56d	15	76609900	96167780	13359	-0.3366
e5155eb2-5577-4e7a-9549-2ca02076e56d	15	96172382	96177525	3	-2.7747
e5155eb2-5577-4e7a-9549-2ca02076e56d	15	96178424	101880399	4160	-0.3375
e5155eb2-5577-4e7a-9549-2ca02076e56d	15	101880604	101928837	11	0.1322
e5155eb2-5577-4e7a-9549-2ca02076e56d	16	10777	5448443	2458	-0.3593
e5155eb2-5577-4e7a-9549-2ca02076e56d	16	5450373	21401082	11896	0.0581
e5155eb2-5577-4e7a-9549-2ca02076e56d	16	21503753	21588178	27	-1.1128
e5155eb2-5577-4e7a-9549-2ca02076e56d	16	21590407	22040682	163	-0.2233
e5155eb2-5577-4e7a-9549-2ca02076e56d	16	22042568	22417324	191	0.1331
e5155eb2-5577-4e7a-9549-2ca02076e56d	16	22420049	22693199	72	-1.2367
e5155eb2-5577-4e7a-9549-2ca02076e56d	16	22699421	23207245	378	-0.3544
e5155eb2-5577-4e7a-9549-2ca02076e56d	16	23210058	30000120	4009	0.0427
e5155eb2-5577-4e7a-9549-2ca02076e56d	16	30005656	30007179	2	-2.3268
e5155eb2-5577-4e7a-9549-2ca02076e56d	16	30008054	52753677	5216	0.0526
e5155eb2-5577-4e7a-9549-2ca02076e56d	16	52759609	53343091	390	0.3436
e5155eb2-5577-4e7a-9549-2ca02076e56d	16	53344701	53449076	79	0.033
e5155eb2-5577-4e7a-9549-2ca02076e56d	16	53449090	55474199	1750	0.3383
e5155eb2-5577-4e7a-9549-2ca02076e56d	16	55475122	61207694	3634	-0.3319
e5155eb2-5577-4e7a-9549-2ca02076e56d	16	61211721	61290802	42	-0.9029
e5155eb2-5577-4e7a-9549-2ca02076e56d	16	61290852	62407891	695	-0.3416
e5155eb2-5577-4e7a-9549-2ca02076e56d	16	62408276	64507558	1445	0.0832
e5155eb2-5577-4e7a-9549-2ca02076e56d	16	64507764	65593178	789	0.3639
e5155eb2-5577-4e7a-9549-2ca02076e56d	16	65594129	75932872	5551	-0.3245
e5155eb2-5577-4e7a-9549-2ca02076e56d	16	75932958	77063231	991	-0.2321
e5155eb2-5577-4e7a-9549-2ca02076e56d	16	77063784	77229820	153	-0.3265
e5155eb2-5577-4e7a-9549-2ca02076e56d	16	77234610	77235038	2	-3.3707
e5155eb2-5577-4e7a-9549-2ca02076e56d	16	77235061	78337601	1190	-0.3426
e5155eb2-5577-4e7a-9549-2ca02076e56d	16	78337711	78347366	15	-1.7371
e5155eb2-5577-4e7a-9549-2ca02076e56d	16	78349243	80660793	2754	-0.3199
e5155eb2-5577-4e7a-9549-2ca02076e56d	16	80663252	80663322	2	-3.2512
e5155eb2-5577-4e7a-9549-2ca02076e56d	16	80664019	90096867	7801	-0.348
e5155eb2-5577-4e7a-9549-2ca02076e56d	17	150733	3625232	1859	-0.3672
e5155eb2-5577-4e7a-9549-2ca02076e56d	17	3625688	3631220	6	-2.5746
e5155eb2-5577-4e7a-9549-2ca02076e56d	17	3633484	22596815	10905	-0.3586
e5155eb2-5577-4e7a-9549-2ca02076e56d	17	22597966	31577734	2159	0.0149
e5155eb2-5577-4e7a-9549-2ca02076e56d	17	31578810	31581652	3	-1.6958
e5155eb2-5577-4e7a-9549-2ca02076e56d	17	31583209	41271838	5822	0.0192
e5155eb2-5577-4e7a-9549-2ca02076e56d	17	41271890	41274198	7	-1.1624
e5155eb2-5577-4e7a-9549-2ca02076e56d	17	41274279	46130967	2524	0.0098
e5155eb2-5577-4e7a-9549-2ca02076e56d	17	46131308	46717389	111	0.3956
e5155eb2-5577-4e7a-9549-2ca02076e56d	17	46717824	53695749	4078	0.0387
e5155eb2-5577-4e7a-9549-2ca02076e56d	17	53696564	54076604	265	-0.3154
e5155eb2-5577-4e7a-9549-2ca02076e56d	17	54077116	54079636	2	-2.1227
e5155eb2-5577-4e7a-9549-2ca02076e56d	17	54081432	54376224	142	-0.3604
e5155eb2-5577-4e7a-9549-2ca02076e56d	17	54376385	61379228	4415	0.0527
e5155eb2-5577-4e7a-9549-2ca02076e56d	17	61382803	61404012	12	-4.3207
e5155eb2-5577-4e7a-9549-2ca02076e56d	17	61406247	61406405	2	-1.7997
e5155eb2-5577-4e7a-9549-2ca02076e56d	17	61414305	66237728	2413	0.0459
e5155eb2-5577-4e7a-9549-2ca02076e56d	17	66238103	66238495	3	-2.2194
e5155eb2-5577-4e7a-9549-2ca02076e56d	17	66243628	74592228	5937	0.0544
e5155eb2-5577-4e7a-9549-2ca02076e56d	17	74593057	74649473	48	-0.4193
e5155eb2-5577-4e7a-9549-2ca02076e56d	17	74649950	83091923	4212	0.0113
e5155eb2-5577-4e7a-9549-2ca02076e56d	18	48133	685887	492	-0.0845
e5155eb2-5577-4e7a-9549-2ca02076e56d	18	689242	6574571	4170	-0.0184
e5155eb2-5577-4e7a-9549-2ca02076e56d	18	6579217	6581529	5	-1.497
e5155eb2-5577-4e7a-9549-2ca02076e56d	18	6582758	7496211	720	0.0001
e5155eb2-5577-4e7a-9549-2ca02076e56d	18	7496284	22726604	5888	0.0587
e5155eb2-5577-4e7a-9549-2ca02076e56d	18	22726801	22742799	14	-1.0399
e5155eb2-5577-4e7a-9549-2ca02076e56d	18	22752306	27537302	3047	0.0669
e5155eb2-5577-4e7a-9549-2ca02076e56d	18	27543242	29058864	983	-0.3072
e5155eb2-5577-4e7a-9549-2ca02076e56d	18	29059377	29068191	3	-2.0475
e5155eb2-5577-4e7a-9549-2ca02076e56d	18	29072462	29817171	442	-0.2923
e5155eb2-5577-4e7a-9549-2ca02076e56d	18	29819809	42503945	8262	-0.1296
e5155eb2-5577-4e7a-9549-2ca02076e56d	18	42506259	42612724	77	-0.5865
e5155eb2-5577-4e7a-9549-2ca02076e56d	18	42614339	55647293	8795	-0.138
e5155eb2-5577-4e7a-9549-2ca02076e56d	18	55649680	80256253	17485	-0.9122
e5155eb2-5577-4e7a-9549-2ca02076e56d	18	80256437	80257174	3	-5.5846
e5155eb2-5577-4e7a-9549-2ca02076e56d	19	90910	6893502	2237	-0.1969
e5155eb2-5577-4e7a-9549-2ca02076e56d	19	6894304	9107378	1107	0.374
e5155eb2-5577-4e7a-9549-2ca02076e56d	19	9107449	12200226	1481	0.1059
e5155eb2-5577-4e7a-9549-2ca02076e56d	19	12201160	12433378	139	0.4398
e5155eb2-5577-4e7a-9549-2ca02076e56d	19	12433568	19294143	3332	0.3681
e5155eb2-5577-4e7a-9549-2ca02076e56d	19	19299684	20509824	668	0.462
e5155eb2-5577-4e7a-9549-2ca02076e56d	19	20510397	24133642	2085	0.2944
e5155eb2-5577-4e7a-9549-2ca02076e56d	19	24139293	33360824	4285	0.3308
e5155eb2-5577-4e7a-9549-2ca02076e56d	19	33362398	35358285	1357	0.2741
e5155eb2-5577-4e7a-9549-2ca02076e56d	19	35358319	35370877	23	0.7773
e5155eb2-5577-4e7a-9549-2ca02076e56d	19	35370946	51190779	7703	0.2699
e5155eb2-5577-4e7a-9549-2ca02076e56d	19	51190862	52446355	885	0.524
e5155eb2-5577-4e7a-9549-2ca02076e56d	19	52446427	58586487	3787	0.2815
e5155eb2-5577-4e7a-9549-2ca02076e56d	20	80664	80941	9	-0.0096
e5155eb2-5577-4e7a-9549-2ca02076e56d	20	81034	275466	146	-0.8747
e5155eb2-5577-4e7a-9549-2ca02076e56d	20	276086	276391	4	-3.0573
e5155eb2-5577-4e7a-9549-2ca02076e56d	20	276679	1571811	1003	-0.8871
e5155eb2-5577-4e7a-9549-2ca02076e56d	20	1576544	1579916	16	-2.8344
e5155eb2-5577-4e7a-9549-2ca02076e56d	20	1580141	8361556	4982	-0.9056
e5155eb2-5577-4e7a-9549-2ca02076e56d	20	8362253	20495410	9839	-0.2969
e5155eb2-5577-4e7a-9549-2ca02076e56d	20	20495590	20860425	217	0.0537
e5155eb2-5577-4e7a-9549-2ca02076e56d	20	20863130	23925013	2223	0.3218
e5155eb2-5577-4e7a-9549-2ca02076e56d	20	23925118	24205928	237	0.4577
e5155eb2-5577-4e7a-9549-2ca02076e56d	20	24206701	37719538	4483	0.3076
e5155eb2-5577-4e7a-9549-2ca02076e56d	20	37721107	47001597	6557	0.4227
e5155eb2-5577-4e7a-9549-2ca02076e56d	20	47003083	47320240	277	0.6369
e5155eb2-5577-4e7a-9549-2ca02076e56d	20	47325548	54232995	4967	0.3912
e5155eb2-5577-4e7a-9549-2ca02076e56d	20	54236014	61071829	5528	-0.4008
e5155eb2-5577-4e7a-9549-2ca02076e56d	20	61073652	64324800	1668	-0.0222
e5155eb2-5577-4e7a-9549-2ca02076e56d	21	10354168	10556308	47	-0.0286
e5155eb2-5577-4e7a-9549-2ca02076e56d	21	10556310	23983286	7584	0.3586
e5155eb2-5577-4e7a-9549-2ca02076e56d	21	23983447	40925493	12732	0.0397
e5155eb2-5577-4e7a-9549-2ca02076e56d	21	40925903	41055457	106	0.3195
e5155eb2-5577-4e7a-9549-2ca02076e56d	21	41058582	46677045	3361	0.0219
e5155eb2-5577-4e7a-9549-2ca02076e56d	22	15294547	22840726	3665	-0.3193
e5155eb2-5577-4e7a-9549-2ca02076e56d	22	22840820	23861612	624	-0.6027
e5155eb2-5577-4e7a-9549-2ca02076e56d	22	23861692	23915592	49	-0.1163
e5155eb2-5577-4e7a-9549-2ca02076e56d	22	23916165	23990739	40	0.2676
e5155eb2-5577-4e7a-9549-2ca02076e56d	22	23995113	32156850	5799	-0.161
e5155eb2-5577-4e7a-9549-2ca02076e56d	22	32158998	37346951	4182	-0.3334
e5155eb2-5577-4e7a-9549-2ca02076e56d	22	37352689	37353573	3	-3.8894
e5155eb2-5577-4e7a-9549-2ca02076e56d	22	37353906	42482343	2704	-0.3836
e5155eb2-5577-4e7a-9549-2ca02076e56d	22	42483049	42581184	45	0.1944
e5155eb2-5577-4e7a-9549-2ca02076e56d	22	42584045	50796027	6032	-0.374
e5155eb2-5577-4e7a-9549-2ca02076e56d	X	251810	2877507	166	0.6262
e5155eb2-5577-4e7a-9549-2ca02076e56d	X	2881438	19071892	11275	-0.0282
e5155eb2-5577-4e7a-9549-2ca02076e56d	X	19075851	19091939	16	-0.8346
e5155eb2-5577-4e7a-9549-2ca02076e56d	X	19094022	25983634	4282	-0.0185
e5155eb2-5577-4e7a-9549-2ca02076e56d	X	25984700	26269672	191	-1.9111
e5155eb2-5577-4e7a-9549-2ca02076e56d	X	26276682	26298146	8	-0.9202
e5155eb2-5577-4e7a-9549-2ca02076e56d	X	26298417	26525401	140	-0.0512
e5155eb2-5577-4e7a-9549-2ca02076e56d	X	26528108	26528114	2	-2.6379
e5155eb2-5577-4e7a-9549-2ca02076e56d	X	26530015	34878233	5632	-0.0425
e5155eb2-5577-4e7a-9549-2ca02076e56d	X	34879169	34926535	33	-0.664
e5155eb2-5577-4e7a-9549-2ca02076e56d	X	34926881	76280559	17488	-0.0213
e5155eb2-5577-4e7a-9549-2ca02076e56d	X	76286739	78142530	607	-0.5701
e5155eb2-5577-4e7a-9549-2ca02076e56d	X	78143581	82932961	2532	-0.0468
e5155eb2-5577-4e7a-9549-2ca02076e56d	X	82934519	83382790	246	-0.6529
e5155eb2-5577-4e7a-9549-2ca02076e56d	X	83390747	108901755	13409	-0.1339
e5155eb2-5577-4e7a-9549-2ca02076e56d	X	108909204	116088098	3948	0.2069
e5155eb2-5577-4e7a-9549-2ca02076e56d	X	116093882	130167363	8306	-0.0322
e5155eb2-5577-4e7a-9549-2ca02076e56d	X	130172718	137781725	3977	0.3467
e5155eb2-5577-4e7a-9549-2ca02076e56d	X	137784856	151124426	8777	0.2106
e5155eb2-5577-4e7a-9549-2ca02076e56d	X	151125462	151126987	2	-2.5457
e5155eb2-5577-4e7a-9549-2ca02076e56d	X	151128083	154839780	1994	0.1981
e5155eb2-5577-4e7a-9549-2ca02076e56d	X	154839980	155952689	366	0.3128
e5155eb2-5577-4e7a-9549-2ca02076e56d	Y	2782397	56872112	6631	-0.579
