GDC_Aliquot	Chromosome	Start	End	Num_Probes	Segment_Mean
014af9c3-c812-49d1-bc65-3c9964f1a749	1	3301765	247650984	129818	0.0056
014af9c3-c812-49d1-bc65-3c9964f1a749	2	480597	241537572	132264	0.0047
014af9c3-c812-49d1-bc65-3c9964f1a749	3	2170634	168265031	91730	0.005
014af9c3-c812-49d1-bc65-3c9964f1a749	3	168271270	168393086	62	-1.1737
014af9c3-c812-49d1-bc65-3c9964f1a749	3	168394547	197812401	15432	0.0052
014af9c3-c812-49d1-bc65-3c9964f1a749	4	1059384	187842528	103537	0.0057
014af9c3-c812-49d1-bc65-3c9964f1a749	5	914118	180934240	101169	0.0051
014af9c3-c812-49d1-bc65-3c9964f1a749	6	1011760	11983682	7883	0.0086
014af9c3-c812-49d1-bc65-3c9964f1a749	6	11983809	11985100	2	-1.9458
014af9c3-c812-49d1-bc65-3c9964f1a749	6	11986339	24433614	8743	0.0108
014af9c3-c812-49d1-bc65-3c9964f1a749	6	24435872	24436880	3	-1.32
014af9c3-c812-49d1-bc65-3c9964f1a749	6	24439300	68991955	21508	0.004
014af9c3-c812-49d1-bc65-3c9964f1a749	6	68991975	68993877	2	-1.4222
014af9c3-c812-49d1-bc65-3c9964f1a749	6	68996939	131092649	35170	0.0054
014af9c3-c812-49d1-bc65-3c9964f1a749	6	131097404	131097882	2	-1.5735
014af9c3-c812-49d1-bc65-3c9964f1a749	6	131101423	165979559	22199	0.0066
014af9c3-c812-49d1-bc65-3c9964f1a749	6	165980290	165985722	5	-0.8794
014af9c3-c812-49d1-bc65-3c9964f1a749	6	165990503	170596889	1679	-0.0029
014af9c3-c812-49d1-bc65-3c9964f1a749	7	664936	158592540	81975	0.0044
014af9c3-c812-49d1-bc65-3c9964f1a749	8	667625	144182542	82263	0.0093
014af9c3-c812-49d1-bc65-3c9964f1a749	9	789794	19988977	12279	0.0056
014af9c3-c812-49d1-bc65-3c9964f1a749	9	19989586	19990286	2	-1.4534
014af9c3-c812-49d1-bc65-3c9964f1a749	9	19993848	130833546	52727	0.0076
014af9c3-c812-49d1-bc65-3c9964f1a749	9	130837414	130837608	2	-1.4408
014af9c3-c812-49d1-bc65-3c9964f1a749	9	130837833	138044505	3508	0.0005
014af9c3-c812-49d1-bc65-3c9964f1a749	10	366509	127790615	78615	0.0033
014af9c3-c812-49d1-bc65-3c9964f1a749	10	127795373	127795420	2	-1.4606
014af9c3-c812-49d1-bc65-3c9964f1a749	10	127796332	133411599	2709	0.0059
014af9c3-c812-49d1-bc65-3c9964f1a749	11	456012	125314315	71537	0.0065
014af9c3-c812-49d1-bc65-3c9964f1a749	11	125316476	125326647	9	-0.9656
014af9c3-c812-49d1-bc65-3c9964f1a749	11	125330351	134272740	6074	0.0056
014af9c3-c812-49d1-bc65-3c9964f1a749	12	780472	132605822	74386	0.0057
014af9c3-c812-49d1-bc65-3c9964f1a749	13	18874255	114226675	57022	0.0075
014af9c3-c812-49d1-bc65-3c9964f1a749	14	20033191	105533894	49809	0.0057
014af9c3-c812-49d1-bc65-3c9964f1a749	15	23437561	101344124	44810	0.0052
014af9c3-c812-49d1-bc65-3c9964f1a749	16	603333	10725197	5456	0.0009
014af9c3-c812-49d1-bc65-3c9964f1a749	16	10725249	10728318	2	-1.637
014af9c3-c812-49d1-bc65-3c9964f1a749	16	10728598	89317317	35773	0.0059
014af9c3-c812-49d1-bc65-3c9964f1a749	17	1074619	10855953	5094	-0.0028
014af9c3-c812-49d1-bc65-3c9964f1a749	17	10858883	10863813	8	-0.9954
014af9c3-c812-49d1-bc65-3c9964f1a749	17	10864032	82959812	32201	0.0049
014af9c3-c812-49d1-bc65-3c9964f1a749	18	326691	8589703	4554	0.009
014af9c3-c812-49d1-bc65-3c9964f1a749	18	8589767	8590361	2	-1.4889
014af9c3-c812-49d1-bc65-3c9964f1a749	18	8591629	79349796	38429	0.0095
014af9c3-c812-49d1-bc65-3c9964f1a749	19	283868	21528153	7978	-0.0039
014af9c3-c812-49d1-bc65-3c9964f1a749	19	21534501	21538872	2	-1.7845
014af9c3-c812-49d1-bc65-3c9964f1a749	19	21539503	58370362	16186	0.0003
014af9c3-c812-49d1-bc65-3c9964f1a749	20	472817	63588502	37578	0.0044
014af9c3-c812-49d1-bc65-3c9964f1a749	21	13974127	46262057	20605	0.005
014af9c3-c812-49d1-bc65-3c9964f1a749	22	16934932	48940621	17096	0.0082
014af9c3-c812-49d1-bc65-3c9964f1a749	X	3236359	72467222	27778	0.0068
014af9c3-c812-49d1-bc65-3c9964f1a749	X	72467734	72678919	77	0.5865
014af9c3-c812-49d1-bc65-3c9964f1a749	X	72679238	96986583	8970	0.0069
014af9c3-c812-49d1-bc65-3c9964f1a749	X	96989687	96989713	2	-1.3805
014af9c3-c812-49d1-bc65-3c9964f1a749	X	96990407	155677414	27166	0.0073
