GDC_Aliquot	Chromosome	Start	End	Num_Probes	Segment_Mean
bf3ced77-b793-484a-8bfa-7ffabbf491cf	1	62920	777165	23	-0.3293
bf3ced77-b793-484a-8bfa-7ffabbf491cf	1	783283	39233483	21497	0.4846
bf3ced77-b793-484a-8bfa-7ffabbf491cf	1	39235743	42454655	1868	0.1058
bf3ced77-b793-484a-8bfa-7ffabbf491cf	1	42462922	46435874	2107	0.4758
bf3ced77-b793-484a-8bfa-7ffabbf491cf	1	46436727	46436789	2	-1.7009
bf3ced77-b793-484a-8bfa-7ffabbf491cf	1	46439395	47140845	384	0.4589
bf3ced77-b793-484a-8bfa-7ffabbf491cf	1	47141517	47466030	182	0.8225
bf3ced77-b793-484a-8bfa-7ffabbf491cf	1	47466148	59205524	7724	0.5101
bf3ced77-b793-484a-8bfa-7ffabbf491cf	1	59205635	59610199	260	0.7618
bf3ced77-b793-484a-8bfa-7ffabbf491cf	1	59616242	72297687	8716	0.5072
bf3ced77-b793-484a-8bfa-7ffabbf491cf	1	72302735	72345450	47	-1.245
bf3ced77-b793-484a-8bfa-7ffabbf491cf	1	72345465	84740172	8014	0.5019
bf3ced77-b793-484a-8bfa-7ffabbf491cf	1	84740646	85142805	335	0.7472
bf3ced77-b793-484a-8bfa-7ffabbf491cf	1	85145594	93937567	5480	0.4953
bf3ced77-b793-484a-8bfa-7ffabbf491cf	1	93939225	94320032	303	0.8089
bf3ced77-b793-484a-8bfa-7ffabbf491cf	1	94320958	105476861	6823	0.4993
bf3ced77-b793-484a-8bfa-7ffabbf491cf	1	105478582	105479722	10	-0.56
bf3ced77-b793-484a-8bfa-7ffabbf491cf	1	105479738	109684695	2636	0.5061
bf3ced77-b793-484a-8bfa-7ffabbf491cf	1	109684893	109697556	14	-1.1179
bf3ced77-b793-484a-8bfa-7ffabbf491cf	1	109702376	111362409	1303	0.4626
bf3ced77-b793-484a-8bfa-7ffabbf491cf	1	111362983	111674356	230	0.6879
bf3ced77-b793-484a-8bfa-7ffabbf491cf	1	111676700	112147704	415	0.471
bf3ced77-b793-484a-8bfa-7ffabbf491cf	1	112153343	112163583	36	1.1361
bf3ced77-b793-484a-8bfa-7ffabbf491cf	1	112163591	114693827	1515	0.4979
bf3ced77-b793-484a-8bfa-7ffabbf491cf	1	114702825	114710839	3	-1.347
bf3ced77-b793-484a-8bfa-7ffabbf491cf	1	114710860	115613038	623	0.5142
bf3ced77-b793-484a-8bfa-7ffabbf491cf	1	115614034	115914821	266	0.7843
bf3ced77-b793-484a-8bfa-7ffabbf491cf	1	115916839	150772679	4176	0.5187
bf3ced77-b793-484a-8bfa-7ffabbf491cf	1	150773094	151650510	438	0.3628
bf3ced77-b793-484a-8bfa-7ffabbf491cf	1	151653443	152582700	565	0.4702
bf3ced77-b793-484a-8bfa-7ffabbf491cf	1	152583051	152618018	37	1.2569
bf3ced77-b793-484a-8bfa-7ffabbf491cf	1	152618089	154116932	990	0.566
bf3ced77-b793-484a-8bfa-7ffabbf491cf	1	154119580	193106635	26167	0.4651
bf3ced77-b793-484a-8bfa-7ffabbf491cf	1	193108705	193352506	270	0.1039
bf3ced77-b793-484a-8bfa-7ffabbf491cf	1	193353245	195262555	1273	0.4698
bf3ced77-b793-484a-8bfa-7ffabbf491cf	1	195263331	195386755	74	0.7793
bf3ced77-b793-484a-8bfa-7ffabbf491cf	1	195387355	196716846	868	0.4673
bf3ced77-b793-484a-8bfa-7ffabbf491cf	1	196716854	196832525	83	0.8531
bf3ced77-b793-484a-8bfa-7ffabbf491cf	1	196832720	209897717	8792	0.4458
bf3ced77-b793-484a-8bfa-7ffabbf491cf	1	209908268	209910639	3	-2.2198
bf3ced77-b793-484a-8bfa-7ffabbf491cf	1	209913207	211444675	1046	0.4538
bf3ced77-b793-484a-8bfa-7ffabbf491cf	1	211446361	211630420	133	0.6962
bf3ced77-b793-484a-8bfa-7ffabbf491cf	1	211630922	212826477	766	0.4307
bf3ced77-b793-484a-8bfa-7ffabbf491cf	1	212831113	212833055	7	-1.2351
bf3ced77-b793-484a-8bfa-7ffabbf491cf	1	212837094	244437156	22239	0.4622
bf3ced77-b793-484a-8bfa-7ffabbf491cf	1	244439441	248930189	2835	0.5206
bf3ced77-b793-484a-8bfa-7ffabbf491cf	2	12784	28413873	19884	0.1428
bf3ced77-b793-484a-8bfa-7ffabbf491cf	2	28417866	28775211	227	0.7875
bf3ced77-b793-484a-8bfa-7ffabbf491cf	2	28782841	39141270	7381	0.1801
bf3ced77-b793-484a-8bfa-7ffabbf491cf	2	39147065	39455937	167	0.5688
bf3ced77-b793-484a-8bfa-7ffabbf491cf	2	39458799	41658633	1750	0.231
bf3ced77-b793-484a-8bfa-7ffabbf491cf	2	41662159	41666854	3	-3.0566
bf3ced77-b793-484a-8bfa-7ffabbf491cf	2	41667069	50668107	6411	0.1638
bf3ced77-b793-484a-8bfa-7ffabbf491cf	2	50669496	51110349	310	0.3848
bf3ced77-b793-484a-8bfa-7ffabbf491cf	2	51110458	52246039	761	0.15
bf3ced77-b793-484a-8bfa-7ffabbf491cf	2	52248657	52356952	69	0.5607
bf3ced77-b793-484a-8bfa-7ffabbf491cf	2	52358148	52509043	117	0.1535
bf3ced77-b793-484a-8bfa-7ffabbf491cf	2	52509476	52568988	65	0.621
bf3ced77-b793-484a-8bfa-7ffabbf491cf	2	52573456	54480668	1461	0.2083
bf3ced77-b793-484a-8bfa-7ffabbf491cf	2	54480707	54480724	2	-2.4672
bf3ced77-b793-484a-8bfa-7ffabbf491cf	2	54480876	66099268	7301	0.1593
bf3ced77-b793-484a-8bfa-7ffabbf491cf	2	66099484	66153335	52	0.5405
bf3ced77-b793-484a-8bfa-7ffabbf491cf	2	66155830	67100660	626	0.2201
bf3ced77-b793-484a-8bfa-7ffabbf491cf	2	67103211	67460008	268	0.5096
bf3ced77-b793-484a-8bfa-7ffabbf491cf	2	67460497	68376473	726	0.2081
bf3ced77-b793-484a-8bfa-7ffabbf491cf	2	68377470	68377642	2	-2.1654
bf3ced77-b793-484a-8bfa-7ffabbf491cf	2	68380139	68650322	145	0.3407
bf3ced77-b793-484a-8bfa-7ffabbf491cf	2	68650833	69587493	678	0.0716
bf3ced77-b793-484a-8bfa-7ffabbf491cf	2	69588517	69855863	162	0.4584
bf3ced77-b793-484a-8bfa-7ffabbf491cf	2	69857014	75990181	3663	0.1385
bf3ced77-b793-484a-8bfa-7ffabbf491cf	2	75992121	75994301	2	-2.6491
bf3ced77-b793-484a-8bfa-7ffabbf491cf	2	75994721	89305244	7667	0.1628
bf3ced77-b793-484a-8bfa-7ffabbf491cf	2	89896149	90230139	128	-1.079
bf3ced77-b793-484a-8bfa-7ffabbf491cf	2	90235899	128880504	19898	0.1661
bf3ced77-b793-484a-8bfa-7ffabbf491cf	2	128880904	128882741	15	-0.891
bf3ced77-b793-484a-8bfa-7ffabbf491cf	2	128882755	146106861	10416	0.1486
bf3ced77-b793-484a-8bfa-7ffabbf491cf	2	146106875	146109366	22	1.2247
bf3ced77-b793-484a-8bfa-7ffabbf491cf	2	146120238	148082096	1001	0.1378
bf3ced77-b793-484a-8bfa-7ffabbf491cf	2	148084810	161075357	8075	0.2052
bf3ced77-b793-484a-8bfa-7ffabbf491cf	2	161078913	170763050	5897	0.1614
bf3ced77-b793-484a-8bfa-7ffabbf491cf	2	170764312	171142047	191	0.4797
bf3ced77-b793-484a-8bfa-7ffabbf491cf	2	171145282	179546427	5316	0.1645
bf3ced77-b793-484a-8bfa-7ffabbf491cf	2	179548635	179556785	25	-0.4741
bf3ced77-b793-484a-8bfa-7ffabbf491cf	2	179557019	189909957	6132	0.1746
bf3ced77-b793-484a-8bfa-7ffabbf491cf	2	189912015	190258979	202	0.4913
bf3ced77-b793-484a-8bfa-7ffabbf491cf	2	190259383	194947578	2601	0.1773
bf3ced77-b793-484a-8bfa-7ffabbf491cf	2	194947858	195306834	233	0.3889
bf3ced77-b793-484a-8bfa-7ffabbf491cf	2	195307508	200687195	3207	0.1361
bf3ced77-b793-484a-8bfa-7ffabbf491cf	2	200687845	201056855	197	0.4865
bf3ced77-b793-484a-8bfa-7ffabbf491cf	2	201060127	201925010	427	0.1603
bf3ced77-b793-484a-8bfa-7ffabbf491cf	2	201927669	202201696	175	-0.2486
bf3ced77-b793-484a-8bfa-7ffabbf491cf	2	202203146	242147305	25345	0.1574
bf3ced77-b793-484a-8bfa-7ffabbf491cf	3	20930	1483886	1272	0.2103
bf3ced77-b793-484a-8bfa-7ffabbf491cf	3	1484356	9085210	6742	0.1211
bf3ced77-b793-484a-8bfa-7ffabbf491cf	3	9085671	9474902	279	0.5573
bf3ced77-b793-484a-8bfa-7ffabbf491cf	3	9475893	21714071	7961	0.1115
bf3ced77-b793-484a-8bfa-7ffabbf491cf	3	21714189	22262402	540	0.2757
bf3ced77-b793-484a-8bfa-7ffabbf491cf	3	22264276	30185012	5720	0.1504
bf3ced77-b793-484a-8bfa-7ffabbf491cf	3	30186592	30554426	279	0.224
bf3ced77-b793-484a-8bfa-7ffabbf491cf	3	30557105	39111015	5594	0.108
bf3ced77-b793-484a-8bfa-7ffabbf491cf	3	39111731	39516957	308	0.6006
bf3ced77-b793-484a-8bfa-7ffabbf491cf	3	39519043	46760374	4471	0.1346
bf3ced77-b793-484a-8bfa-7ffabbf491cf	3	46760471	46831077	43	0.5389
bf3ced77-b793-484a-8bfa-7ffabbf491cf	3	46831514	47429297	260	0.0769
bf3ced77-b793-484a-8bfa-7ffabbf491cf	3	47429366	47450332	5	-1.6222
bf3ced77-b793-484a-8bfa-7ffabbf491cf	3	47451230	49998109	936	0.0407
bf3ced77-b793-484a-8bfa-7ffabbf491cf	3	49998435	50187596	84	0.5918
bf3ced77-b793-484a-8bfa-7ffabbf491cf	3	50187831	57437519	4396	0.1284
bf3ced77-b793-484a-8bfa-7ffabbf491cf	3	57440629	57738465	118	0.5221
bf3ced77-b793-484a-8bfa-7ffabbf491cf	3	57740935	59960658	1530	0.1328
bf3ced77-b793-484a-8bfa-7ffabbf491cf	3	59960743	62222816	2221	0.2246
bf3ced77-b793-484a-8bfa-7ffabbf491cf	3	62225406	62226198	2	-2.7072
bf3ced77-b793-484a-8bfa-7ffabbf491cf	3	62226393	62914824	585	0.2063
bf3ced77-b793-484a-8bfa-7ffabbf491cf	3	62915408	68682877	4415	0.141
bf3ced77-b793-484a-8bfa-7ffabbf491cf	3	68697013	68698262	15	-1.3553
bf3ced77-b793-484a-8bfa-7ffabbf491cf	3	68699607	69058833	297	0.2233
bf3ced77-b793-484a-8bfa-7ffabbf491cf	3	69060624	69173712	83	0.517
bf3ced77-b793-484a-8bfa-7ffabbf491cf	3	69176437	71182593	1523	0.1676
bf3ced77-b793-484a-8bfa-7ffabbf491cf	3	71183117	72773864	1190	0.0763
bf3ced77-b793-484a-8bfa-7ffabbf491cf	3	72774635	73185961	247	0.4717
bf3ced77-b793-484a-8bfa-7ffabbf491cf	3	73191622	107869844	17722	0.1663
bf3ced77-b793-484a-8bfa-7ffabbf491cf	3	107870834	108015408	163	0.5877
bf3ced77-b793-484a-8bfa-7ffabbf491cf	3	108016158	115500954	4487	0.1812
bf3ced77-b793-484a-8bfa-7ffabbf491cf	3	115503458	115835045	226	0.5461
bf3ced77-b793-484a-8bfa-7ffabbf491cf	3	115837362	115986111	97	0.1636
bf3ced77-b793-484a-8bfa-7ffabbf491cf	3	115987491	116127231	84	-0.3233
bf3ced77-b793-484a-8bfa-7ffabbf491cf	3	116127257	116235627	71	0.2204
bf3ced77-b793-484a-8bfa-7ffabbf491cf	3	116239231	116756830	434	-0.3152
bf3ced77-b793-484a-8bfa-7ffabbf491cf	3	116758198	123547233	4135	0.154
bf3ced77-b793-484a-8bfa-7ffabbf491cf	3	123547525	125993496	1530	0.2381
bf3ced77-b793-484a-8bfa-7ffabbf491cf	3	125993720	126001805	14	0.8667
bf3ced77-b793-484a-8bfa-7ffabbf491cf	3	126002112	126373508	291	0.2044
bf3ced77-b793-484a-8bfa-7ffabbf491cf	3	126374857	127670779	781	0.1362
bf3ced77-b793-484a-8bfa-7ffabbf491cf	3	127674741	128012830	249	0.5343
bf3ced77-b793-484a-8bfa-7ffabbf491cf	3	128014851	146655061	11423	0.2251
bf3ced77-b793-484a-8bfa-7ffabbf491cf	3	146655436	147262992	336	0.4369
bf3ced77-b793-484a-8bfa-7ffabbf491cf	3	147265275	149245834	1191	0.2644
bf3ced77-b793-484a-8bfa-7ffabbf491cf	3	149245887	149248173	11	-0.8662
bf3ced77-b793-484a-8bfa-7ffabbf491cf	3	149248597	162785504	8329	0.2401
bf3ced77-b793-484a-8bfa-7ffabbf491cf	3	162786507	162906109	74	0.7584
bf3ced77-b793-484a-8bfa-7ffabbf491cf	3	162908192	162908815	4	-2.1437
bf3ced77-b793-484a-8bfa-7ffabbf491cf	3	162910826	162996729	70	0.5237
bf3ced77-b793-484a-8bfa-7ffabbf491cf	3	162999939	163001774	2	-3.169
bf3ced77-b793-484a-8bfa-7ffabbf491cf	3	163008371	164973003	1073	0.2486
bf3ced77-b793-484a-8bfa-7ffabbf491cf	3	164974134	165141536	75	0.6286
bf3ced77-b793-484a-8bfa-7ffabbf491cf	3	165142925	165791562	433	0.291
bf3ced77-b793-484a-8bfa-7ffabbf491cf	3	165795786	166082309	166	0.4977
bf3ced77-b793-484a-8bfa-7ffabbf491cf	3	166083387	168756267	1465	0.2397
bf3ced77-b793-484a-8bfa-7ffabbf491cf	3	168756920	169022377	159	0.5747
bf3ced77-b793-484a-8bfa-7ffabbf491cf	3	169022563	173519113	2911	0.2569
bf3ced77-b793-484a-8bfa-7ffabbf491cf	3	173522845	173600320	44	0.9276
bf3ced77-b793-484a-8bfa-7ffabbf491cf	3	173600649	176274351	1837	0.3071
bf3ced77-b793-484a-8bfa-7ffabbf491cf	3	176274742	189095190	8007	0.229
bf3ced77-b793-484a-8bfa-7ffabbf491cf	3	189096320	193160113	2921	0.2843
bf3ced77-b793-484a-8bfa-7ffabbf491cf	3	193160173	193163053	11	1.6453
bf3ced77-b793-484a-8bfa-7ffabbf491cf	3	193164615	198169247	2697	0.2474
bf3ced77-b793-484a-8bfa-7ffabbf491cf	4	68929	10221792	5668	-0.3432
bf3ced77-b793-484a-8bfa-7ffabbf491cf	4	10222004	10233644	34	-2.11
bf3ced77-b793-484a-8bfa-7ffabbf491cf	4	10234518	67964168	36139	-0.2978
bf3ced77-b793-484a-8bfa-7ffabbf491cf	4	67964826	68439221	238	-0.1076
bf3ced77-b793-484a-8bfa-7ffabbf491cf	4	68450733	68623617	76	-0.4722
bf3ced77-b793-484a-8bfa-7ffabbf491cf	4	68639397	69433003	407	-0.1093
bf3ced77-b793-484a-8bfa-7ffabbf491cf	4	69433747	107130343	22801	-0.2968
bf3ced77-b793-484a-8bfa-7ffabbf491cf	4	107144594	107154967	35	0.2811
bf3ced77-b793-484a-8bfa-7ffabbf491cf	4	107155225	114252472	4397	-0.2977
bf3ced77-b793-484a-8bfa-7ffabbf491cf	4	114252500	114258499	21	0.3313
bf3ced77-b793-484a-8bfa-7ffabbf491cf	4	114260238	114586468	229	-0.295
bf3ced77-b793-484a-8bfa-7ffabbf491cf	4	114587010	114589298	3	-3.5388
bf3ced77-b793-484a-8bfa-7ffabbf491cf	4	114593270	115243304	376	-0.3092
bf3ced77-b793-484a-8bfa-7ffabbf491cf	4	115244564	115264385	39	0.2986
bf3ced77-b793-484a-8bfa-7ffabbf491cf	4	115264945	116388976	638	-0.286
bf3ced77-b793-484a-8bfa-7ffabbf491cf	4	116391835	116431547	22	0.3365
bf3ced77-b793-484a-8bfa-7ffabbf491cf	4	116432785	131006426	8609	-0.2905
bf3ced77-b793-484a-8bfa-7ffabbf491cf	4	131009771	131419709	202	-0.0093
bf3ced77-b793-484a-8bfa-7ffabbf491cf	4	131429101	137017902	2983	-0.2968
bf3ced77-b793-484a-8bfa-7ffabbf491cf	4	137018025	137018772	10	0.7672
bf3ced77-b793-484a-8bfa-7ffabbf491cf	4	137018802	137025215	9	0.3417
bf3ced77-b793-484a-8bfa-7ffabbf491cf	4	137027745	137171266	98	-0.1931
bf3ced77-b793-484a-8bfa-7ffabbf491cf	4	137171362	137173967	15	-0.9451
bf3ced77-b793-484a-8bfa-7ffabbf491cf	4	137187209	137258291	80	-0.1437
bf3ced77-b793-484a-8bfa-7ffabbf491cf	4	137261279	137261870	12	0.7062
bf3ced77-b793-484a-8bfa-7ffabbf491cf	4	137261918	151870827	8718	-0.2959
bf3ced77-b793-484a-8bfa-7ffabbf491cf	4	151871065	151871373	2	-4.6543
bf3ced77-b793-484a-8bfa-7ffabbf491cf	4	151871394	171448195	12542	-0.2971
bf3ced77-b793-484a-8bfa-7ffabbf491cf	4	171453733	171456559	10	-1.8056
bf3ced77-b793-484a-8bfa-7ffabbf491cf	4	171456573	190106768	12452	-0.282
bf3ced77-b793-484a-8bfa-7ffabbf491cf	5	15532	1394962	625	0.6742
bf3ced77-b793-484a-8bfa-7ffabbf491cf	5	1397614	2583912	921	0.4865
bf3ced77-b793-484a-8bfa-7ffabbf491cf	5	2586578	4198788	1511	0.1869
bf3ced77-b793-484a-8bfa-7ffabbf491cf	5	4199000	4380432	160	0.4651
bf3ced77-b793-484a-8bfa-7ffabbf491cf	5	4380612	4793931	327	0.5385
bf3ced77-b793-484a-8bfa-7ffabbf491cf	5	4794372	5298237	493	0.7016
bf3ced77-b793-484a-8bfa-7ffabbf491cf	5	5298315	6347582	971	0.5028
bf3ced77-b793-484a-8bfa-7ffabbf491cf	5	6352819	6657285	266	0.7754
bf3ced77-b793-484a-8bfa-7ffabbf491cf	5	6657695	7124909	399	0.5299
bf3ced77-b793-484a-8bfa-7ffabbf491cf	5	7125413	10268331	2684	0.7772
bf3ced77-b793-484a-8bfa-7ffabbf491cf	5	10273531	10512460	152	0.5041
bf3ced77-b793-484a-8bfa-7ffabbf491cf	5	10512508	12785150	1674	0.7708
bf3ced77-b793-484a-8bfa-7ffabbf491cf	5	12790757	12819964	13	-0.0349
bf3ced77-b793-484a-8bfa-7ffabbf491cf	5	12824299	18719908	3904	0.7797
bf3ced77-b793-484a-8bfa-7ffabbf491cf	5	18725799	19751051	644	1.1596
bf3ced77-b793-484a-8bfa-7ffabbf491cf	5	19760982	20399092	351	0.7529
bf3ced77-b793-484a-8bfa-7ffabbf491cf	5	20401177	20563641	151	1.075
bf3ced77-b793-484a-8bfa-7ffabbf491cf	5	20563922	21922573	751	0.7957
bf3ced77-b793-484a-8bfa-7ffabbf491cf	5	21926325	27509213	3244	0.1754
bf3ced77-b793-484a-8bfa-7ffabbf491cf	5	27509274	27525407	5	-1.7561
bf3ced77-b793-484a-8bfa-7ffabbf491cf	5	27525800	36413303	5848	0.1997
bf3ced77-b793-484a-8bfa-7ffabbf491cf	5	36414231	36574610	150	0.552
bf3ced77-b793-484a-8bfa-7ffabbf491cf	5	36574829	42859001	3982	0.1788
bf3ced77-b793-484a-8bfa-7ffabbf491cf	5	42870443	43466348	310	0.7304
bf3ced77-b793-484a-8bfa-7ffabbf491cf	5	43474187	45423517	861	0.4981
bf3ced77-b793-484a-8bfa-7ffabbf491cf	5	45426298	45571131	47	0.945
bf3ced77-b793-484a-8bfa-7ffabbf491cf	5	45575034	46246558	216	0.2908
bf3ced77-b793-484a-8bfa-7ffabbf491cf	5	46251204	46273400	9	-2.4253
bf3ced77-b793-484a-8bfa-7ffabbf491cf	5	46278110	50763733	244	-0.781
bf3ced77-b793-484a-8bfa-7ffabbf491cf	5	50764103	57862932	4621	-1.1747
bf3ced77-b793-484a-8bfa-7ffabbf491cf	5	57863568	57864181	2	-6.5718
bf3ced77-b793-484a-8bfa-7ffabbf491cf	5	57865313	58025759	119	-1.1716
bf3ced77-b793-484a-8bfa-7ffabbf491cf	5	58030200	58037706	32	1.4201
bf3ced77-b793-484a-8bfa-7ffabbf491cf	5	58042530	68253782	6453	-1.1561
bf3ced77-b793-484a-8bfa-7ffabbf491cf	5	68257188	68258195	3	-6.403
bf3ced77-b793-484a-8bfa-7ffabbf491cf	5	68258837	75048640	3099	-1.1946
bf3ced77-b793-484a-8bfa-7ffabbf491cf	5	75049544	75411937	191	-0.1908
bf3ced77-b793-484a-8bfa-7ffabbf491cf	5	75412326	75830583	233	-1.1203
bf3ced77-b793-484a-8bfa-7ffabbf491cf	5	75832115	75832621	3	-3.5011
bf3ced77-b793-484a-8bfa-7ffabbf491cf	5	75832784	76147639	251	-1.1763
bf3ced77-b793-484a-8bfa-7ffabbf491cf	5	76149696	76153736	4	-4.8352
bf3ced77-b793-484a-8bfa-7ffabbf491cf	5	76153989	76226072	82	-1.1856
bf3ced77-b793-484a-8bfa-7ffabbf491cf	5	76227817	76228514	4	-5.5449
bf3ced77-b793-484a-8bfa-7ffabbf491cf	5	76234393	78579206	1553	-1.2276
bf3ced77-b793-484a-8bfa-7ffabbf491cf	5	78579476	87844264	5338	0.166
bf3ced77-b793-484a-8bfa-7ffabbf491cf	5	87844293	87939691	50	-0.3842
bf3ced77-b793-484a-8bfa-7ffabbf491cf	5	87943714	92206624	2316	0.1653
bf3ced77-b793-484a-8bfa-7ffabbf491cf	5	92207582	92449834	101	0.7072
bf3ced77-b793-484a-8bfa-7ffabbf491cf	5	92449947	92590441	78	0.9878
bf3ced77-b793-484a-8bfa-7ffabbf491cf	5	92593291	92660344	38	0.7013
bf3ced77-b793-484a-8bfa-7ffabbf491cf	5	92664159	93036290	221	1.0764
bf3ced77-b793-484a-8bfa-7ffabbf491cf	5	93040244	94664588	760	0.1839
bf3ced77-b793-484a-8bfa-7ffabbf491cf	5	94667625	94864240	118	0.8497
bf3ced77-b793-484a-8bfa-7ffabbf491cf	5	94864947	95100831	183	0.5206
bf3ced77-b793-484a-8bfa-7ffabbf491cf	5	95104515	95525629	234	0.74
bf3ced77-b793-484a-8bfa-7ffabbf491cf	5	95526344	99156020	2180	0.1556
bf3ced77-b793-484a-8bfa-7ffabbf491cf	5	99156198	100229863	628	0.3732
bf3ced77-b793-484a-8bfa-7ffabbf491cf	5	100231877	101683413	819	0.2149
bf3ced77-b793-484a-8bfa-7ffabbf491cf	5	101683986	101949678	216	0.4441
bf3ced77-b793-484a-8bfa-7ffabbf491cf	5	101954200	105498410	2140	0.2045
bf3ced77-b793-484a-8bfa-7ffabbf491cf	5	105501072	106732601	592	-1.1795
bf3ced77-b793-484a-8bfa-7ffabbf491cf	5	106736478	106962216	165	-0.7915
bf3ced77-b793-484a-8bfa-7ffabbf491cf	5	106964638	118106198	7826	-1.1806
bf3ced77-b793-484a-8bfa-7ffabbf491cf	5	118106279	123019197	3159	0.189
bf3ced77-b793-484a-8bfa-7ffabbf491cf	5	123024708	124680732	1137	0.7548
bf3ced77-b793-484a-8bfa-7ffabbf491cf	5	124681925	149436196	15176	0.1635
bf3ced77-b793-484a-8bfa-7ffabbf491cf	5	149439728	149816163	243	0.5545
bf3ced77-b793-484a-8bfa-7ffabbf491cf	5	149817934	156931334	4891	0.1684
bf3ced77-b793-484a-8bfa-7ffabbf491cf	5	156935577	157685067	489	-1.2785
bf3ced77-b793-484a-8bfa-7ffabbf491cf	5	157688375	158102219	305	-0.334
bf3ced77-b793-484a-8bfa-7ffabbf491cf	5	158102356	169970056	8132	-1.21
bf3ced77-b793-484a-8bfa-7ffabbf491cf	5	169972786	169973390	2	-7.2826
bf3ced77-b793-484a-8bfa-7ffabbf491cf	5	169973633	172816240	1974	-1.2833
bf3ced77-b793-484a-8bfa-7ffabbf491cf	5	172816692	172821253	9	-4.0858
bf3ced77-b793-484a-8bfa-7ffabbf491cf	5	172821628	173775504	669	-1.2979
bf3ced77-b793-484a-8bfa-7ffabbf491cf	5	173778055	173779213	7	-5.9039
bf3ced77-b793-484a-8bfa-7ffabbf491cf	5	173779368	174306298	402	-1.2032
bf3ced77-b793-484a-8bfa-7ffabbf491cf	5	174307036	174326929	10	-3.5365
bf3ced77-b793-484a-8bfa-7ffabbf491cf	5	174333239	175685680	1048	-1.241
bf3ced77-b793-484a-8bfa-7ffabbf491cf	5	175686035	175698484	14	-3.627
bf3ced77-b793-484a-8bfa-7ffabbf491cf	5	175701414	181363319	2800	-1.2918
bf3ced77-b793-484a-8bfa-7ffabbf491cf	6	149661	267693	109	0.1537
bf3ced77-b793-484a-8bfa-7ffabbf491cf	6	271773	385784	100	-0.3636
bf3ced77-b793-484a-8bfa-7ffabbf491cf	6	387532	7913450	6243	0.1741
bf3ced77-b793-484a-8bfa-7ffabbf491cf	6	7915974	7916853	3	-2.1057
bf3ced77-b793-484a-8bfa-7ffabbf491cf	6	7917295	8440917	391	0.1481
bf3ced77-b793-484a-8bfa-7ffabbf491cf	6	8441650	8445603	2	-2.3607
bf3ced77-b793-484a-8bfa-7ffabbf491cf	6	8450202	18424181	7387	0.1673
bf3ced77-b793-484a-8bfa-7ffabbf491cf	6	18424349	18630079	194	0.5897
bf3ced77-b793-484a-8bfa-7ffabbf491cf	6	18635232	19039888	329	0.2016
bf3ced77-b793-484a-8bfa-7ffabbf491cf	6	19041950	19042587	2	-5.3514
bf3ced77-b793-484a-8bfa-7ffabbf491cf	6	19044471	32718419	8162	0.1595
bf3ced77-b793-484a-8bfa-7ffabbf491cf	6	32720838	32723053	11	1.2801
bf3ced77-b793-484a-8bfa-7ffabbf491cf	6	32732907	38174943	3220	0.1165
bf3ced77-b793-484a-8bfa-7ffabbf491cf	6	38174984	38563554	279	0.5153
bf3ced77-b793-484a-8bfa-7ffabbf491cf	6	38564343	42850233	3025	0.1702
bf3ced77-b793-484a-8bfa-7ffabbf491cf	6	42853763	43116534	119	0.4522
bf3ced77-b793-484a-8bfa-7ffabbf491cf	6	43117163	54066353	6998	0.1911
bf3ced77-b793-484a-8bfa-7ffabbf491cf	6	54066432	54067057	6	-1.777
bf3ced77-b793-484a-8bfa-7ffabbf491cf	6	54070550	57245613	1920	0.1719
bf3ced77-b793-484a-8bfa-7ffabbf491cf	6	57245643	61823807	840	0.2898
bf3ced77-b793-484a-8bfa-7ffabbf491cf	6	61824593	64627049	1465	0.1571
bf3ced77-b793-484a-8bfa-7ffabbf491cf	6	64637651	64639099	2	-2.8226
bf3ced77-b793-484a-8bfa-7ffabbf491cf	6	64640883	73359007	5844	0.1946
bf3ced77-b793-484a-8bfa-7ffabbf491cf	6	73370081	73602874	95	0.5779
bf3ced77-b793-484a-8bfa-7ffabbf491cf	6	73605501	73882085	213	0.1833
bf3ced77-b793-484a-8bfa-7ffabbf491cf	6	73882142	73887625	10	-3.2682
bf3ced77-b793-484a-8bfa-7ffabbf491cf	6	73891694	74675916	524	0.1461
bf3ced77-b793-484a-8bfa-7ffabbf491cf	6	74681189	74984841	206	0.4325
bf3ced77-b793-484a-8bfa-7ffabbf491cf	6	74990442	76312261	752	0.1789
bf3ced77-b793-484a-8bfa-7ffabbf491cf	6	76313871	76314285	3	-2.74
bf3ced77-b793-484a-8bfa-7ffabbf491cf	6	76314388	76731658	293	0.1821
bf3ced77-b793-484a-8bfa-7ffabbf491cf	6	76731725	76743040	15	0.9703
bf3ced77-b793-484a-8bfa-7ffabbf491cf	6	76751356	78253172	976	0.1735
bf3ced77-b793-484a-8bfa-7ffabbf491cf	6	78259348	78325468	113	-2.8008
bf3ced77-b793-484a-8bfa-7ffabbf491cf	6	78329517	93851888	9947	0.183
bf3ced77-b793-484a-8bfa-7ffabbf491cf	6	93855522	94306698	281	0.3881
bf3ced77-b793-484a-8bfa-7ffabbf491cf	6	94307526	103815363	5640	0.1698
bf3ced77-b793-484a-8bfa-7ffabbf491cf	6	103824647	103927803	58	-0.3161
bf3ced77-b793-484a-8bfa-7ffabbf491cf	6	103928219	106651536	1758	0.1788
bf3ced77-b793-484a-8bfa-7ffabbf491cf	6	106663506	107024919	165	0.5695
bf3ced77-b793-484a-8bfa-7ffabbf491cf	6	107025169	108613910	962	0.1704
bf3ced77-b793-484a-8bfa-7ffabbf491cf	6	108613929	108817852	143	0.5112
bf3ced77-b793-484a-8bfa-7ffabbf491cf	6	108818716	116318574	4537	0.1749
bf3ced77-b793-484a-8bfa-7ffabbf491cf	6	116319796	116802652	271	0.5255
bf3ced77-b793-484a-8bfa-7ffabbf491cf	6	116802673	125234814	5208	0.1712
bf3ced77-b793-484a-8bfa-7ffabbf491cf	6	125247901	125392823	108	0.4957
bf3ced77-b793-484a-8bfa-7ffabbf491cf	6	125393262	153636235	18673	0.174
bf3ced77-b793-484a-8bfa-7ffabbf491cf	6	153639651	153640284	2	-3.9405
bf3ced77-b793-484a-8bfa-7ffabbf491cf	6	153640764	170741917	11900	0.1629
bf3ced77-b793-484a-8bfa-7ffabbf491cf	7	43355	672459	138	-0.0062
bf3ced77-b793-484a-8bfa-7ffabbf491cf	7	672565	888250	79	0.5558
bf3ced77-b793-484a-8bfa-7ffabbf491cf	7	891769	1085897	62	0.007
bf3ced77-b793-484a-8bfa-7ffabbf491cf	7	1086066	1102875	9	-1.004
bf3ced77-b793-484a-8bfa-7ffabbf491cf	7	1103491	3562220	1324	0.1503
bf3ced77-b793-484a-8bfa-7ffabbf491cf	7	3562716	3578378	35	-0.7498
bf3ced77-b793-484a-8bfa-7ffabbf491cf	7	3578729	8176198	2888	0.1414
bf3ced77-b793-484a-8bfa-7ffabbf491cf	7	8176306	10081314	1599	0.2822
bf3ced77-b793-484a-8bfa-7ffabbf491cf	7	10081439	17460971	5881	0.1814
bf3ced77-b793-484a-8bfa-7ffabbf491cf	7	17461008	18760159	982	0.5496
bf3ced77-b793-484a-8bfa-7ffabbf491cf	7	18760183	18760219	2	-2.2869
bf3ced77-b793-484a-8bfa-7ffabbf491cf	7	18760673	18900536	150	0.4975
bf3ced77-b793-484a-8bfa-7ffabbf491cf	7	18900867	19699825	839	0.6729
bf3ced77-b793-484a-8bfa-7ffabbf491cf	7	19700704	22395161	2054	0.5319
bf3ced77-b793-484a-8bfa-7ffabbf491cf	7	22395853	22396868	2	-3.638
bf3ced77-b793-484a-8bfa-7ffabbf491cf	7	22399135	88570013	38316	0.5051
bf3ced77-b793-484a-8bfa-7ffabbf491cf	7	88570233	89941921	903	0.651
bf3ced77-b793-484a-8bfa-7ffabbf491cf	7	89943652	113893978	14218	0.4943
bf3ced77-b793-484a-8bfa-7ffabbf491cf	7	113895199	114366200	220	0.7366
bf3ced77-b793-484a-8bfa-7ffabbf491cf	7	114366836	126404920	7255	0.4978
bf3ced77-b793-484a-8bfa-7ffabbf491cf	7	126405428	126406561	12	-1.6079
bf3ced77-b793-484a-8bfa-7ffabbf491cf	7	126406822	131530327	2914	0.4807
bf3ced77-b793-484a-8bfa-7ffabbf491cf	7	131531529	131713969	120	0.8037
bf3ced77-b793-484a-8bfa-7ffabbf491cf	7	131715798	135621138	2792	0.4997
bf3ced77-b793-484a-8bfa-7ffabbf491cf	7	135622547	135634988	9	0.0718
bf3ced77-b793-484a-8bfa-7ffabbf491cf	7	135635656	135861779	143	0.7653
bf3ced77-b793-484a-8bfa-7ffabbf491cf	7	135865107	159326530	14827	0.4843
bf3ced77-b793-484a-8bfa-7ffabbf491cf	7	159326564	159334314	4	-0.171
bf3ced77-b793-484a-8bfa-7ffabbf491cf	8	81254	4128724	3575	-1.2579
bf3ced77-b793-484a-8bfa-7ffabbf491cf	8	4128772	4130913	4	-6.4958
bf3ced77-b793-484a-8bfa-7ffabbf491cf	8	4136537	4494211	691	-1.1151
bf3ced77-b793-484a-8bfa-7ffabbf491cf	8	4497229	4499471	6	-3.9239
bf3ced77-b793-484a-8bfa-7ffabbf491cf	8	4500861	4662002	189	-1.239
bf3ced77-b793-484a-8bfa-7ffabbf491cf	8	4662424	4677500	23	-3.1882
bf3ced77-b793-484a-8bfa-7ffabbf491cf	8	4683541	5563540	1126	-1.1713
bf3ced77-b793-484a-8bfa-7ffabbf491cf	8	5565927	5566453	2	-7.4436
bf3ced77-b793-484a-8bfa-7ffabbf491cf	8	5566909	6808323	1627	-1.2281
bf3ced77-b793-484a-8bfa-7ffabbf491cf	8	6812428	6815022	5	-5.9423
bf3ced77-b793-484a-8bfa-7ffabbf491cf	8	6816936	8535827	655	-1.1221
bf3ced77-b793-484a-8bfa-7ffabbf491cf	8	8536383	8537975	4	-5.733
bf3ced77-b793-484a-8bfa-7ffabbf491cf	8	8538754	9857965	1120	-1.2112
bf3ced77-b793-484a-8bfa-7ffabbf491cf	8	9860561	9876245	13	-3.6093
bf3ced77-b793-484a-8bfa-7ffabbf491cf	8	9876554	14171486	3184	-1.2521
bf3ced77-b793-484a-8bfa-7ffabbf491cf	8	14172478	14172796	2	-7.4546
bf3ced77-b793-484a-8bfa-7ffabbf491cf	8	14173115	15961389	1657	-1.1883
bf3ced77-b793-484a-8bfa-7ffabbf491cf	8	15967656	15969615	3	-6.0079
bf3ced77-b793-484a-8bfa-7ffabbf491cf	8	15970238	16799225	688	-1.0862
bf3ced77-b793-484a-8bfa-7ffabbf491cf	8	16806452	16806650	2	-6.4686
bf3ced77-b793-484a-8bfa-7ffabbf491cf	8	16807053	17417200	492	-1.1781
bf3ced77-b793-484a-8bfa-7ffabbf491cf	8	17417962	17421882	5	-5.0517
bf3ced77-b793-484a-8bfa-7ffabbf491cf	8	17422353	43809052	17356	-1.2036
bf3ced77-b793-484a-8bfa-7ffabbf491cf	8	43818245	49525747	1651	-0.3092
bf3ced77-b793-484a-8bfa-7ffabbf491cf	8	49528487	49574232	26	0.2845
bf3ced77-b793-484a-8bfa-7ffabbf491cf	8	49574544	54100471	2885	-0.3007
bf3ced77-b793-484a-8bfa-7ffabbf491cf	8	54106507	54469507	262	0.26
bf3ced77-b793-484a-8bfa-7ffabbf491cf	8	54471653	60926293	4293	-0.3225
bf3ced77-b793-484a-8bfa-7ffabbf491cf	8	60926396	61012674	55	0.1978
bf3ced77-b793-484a-8bfa-7ffabbf491cf	8	61013679	61067579	45	-0.3116
bf3ced77-b793-484a-8bfa-7ffabbf491cf	8	61068844	61428498	262	0.1777
bf3ced77-b793-484a-8bfa-7ffabbf491cf	8	61430038	69251207	4579	-0.3094
bf3ced77-b793-484a-8bfa-7ffabbf491cf	8	69251785	69672393	294	0.2171
bf3ced77-b793-484a-8bfa-7ffabbf491cf	8	69672574	71300130	935	-0.2938
bf3ced77-b793-484a-8bfa-7ffabbf491cf	8	71303076	71304364	8	-2.194
bf3ced77-b793-484a-8bfa-7ffabbf491cf	8	71307628	94432354	13736	-0.2966
bf3ced77-b793-484a-8bfa-7ffabbf491cf	8	94434942	94552305	80	0.1394
bf3ced77-b793-484a-8bfa-7ffabbf491cf	8	94555060	97773257	2176	-0.3335
bf3ced77-b793-484a-8bfa-7ffabbf491cf	8	97782446	97941784	120	0.2653
bf3ced77-b793-484a-8bfa-7ffabbf491cf	8	97944940	105965001	4707	-0.3193
bf3ced77-b793-484a-8bfa-7ffabbf491cf	8	105971462	107124084	821	-0.1875
bf3ced77-b793-484a-8bfa-7ffabbf491cf	8	107124249	109406399	1378	-0.2918
bf3ced77-b793-484a-8bfa-7ffabbf491cf	8	109411513	109428395	12	0.8989
bf3ced77-b793-484a-8bfa-7ffabbf491cf	8	109435506	114568142	2816	-0.2908
bf3ced77-b793-484a-8bfa-7ffabbf491cf	8	114568336	114665177	72	0.0487
bf3ced77-b793-484a-8bfa-7ffabbf491cf	8	114667021	118341804	2445	-0.3107
bf3ced77-b793-484a-8bfa-7ffabbf491cf	8	118344227	118701236	274	-1.2697
bf3ced77-b793-484a-8bfa-7ffabbf491cf	8	118702406	119775815	800	-0.2964
bf3ced77-b793-484a-8bfa-7ffabbf491cf	8	119776176	120046539	167	0.2387
bf3ced77-b793-484a-8bfa-7ffabbf491cf	8	120048236	120090630	41	0.6525
bf3ced77-b793-484a-8bfa-7ffabbf491cf	8	120092146	120231850	70	0.2782
bf3ced77-b793-484a-8bfa-7ffabbf491cf	8	120232138	123634372	2257	-0.3046
bf3ced77-b793-484a-8bfa-7ffabbf491cf	8	123635621	123716149	82	0.4689
bf3ced77-b793-484a-8bfa-7ffabbf491cf	8	123718782	128527990	3493	0.1444
bf3ced77-b793-484a-8bfa-7ffabbf491cf	8	128531151	128594681	63	0.6302
bf3ced77-b793-484a-8bfa-7ffabbf491cf	8	128594899	136669376	6159	0.1523
bf3ced77-b793-484a-8bfa-7ffabbf491cf	8	136670116	136842783	166	0.419
bf3ced77-b793-484a-8bfa-7ffabbf491cf	8	136844071	136849353	4	-0.596
bf3ced77-b793-484a-8bfa-7ffabbf491cf	8	136849448	141236179	3371	0.1886
bf3ced77-b793-484a-8bfa-7ffabbf491cf	8	141236236	143299833	1016	0.0768
bf3ced77-b793-484a-8bfa-7ffabbf491cf	8	143300022	143566339	80	0.563
bf3ced77-b793-484a-8bfa-7ffabbf491cf	8	143580513	145072769	529	0.0871
bf3ced77-b793-484a-8bfa-7ffabbf491cf	9	46587	4280840	4409	-0.2974
bf3ced77-b793-484a-8bfa-7ffabbf491cf	9	4281405	4358990	85	0.1781
bf3ced77-b793-484a-8bfa-7ffabbf491cf	9	4359153	11371745	6244	-0.2839
bf3ced77-b793-484a-8bfa-7ffabbf491cf	9	11375251	11995307	486	-0.0913
bf3ced77-b793-484a-8bfa-7ffabbf491cf	9	11996163	11996270	2	-3.3893
bf3ced77-b793-484a-8bfa-7ffabbf491cf	9	11996759	12625571	496	-0.1837
bf3ced77-b793-484a-8bfa-7ffabbf491cf	9	12626009	63560014	19645	-0.2925
bf3ced77-b793-484a-8bfa-7ffabbf491cf	9	63579807	63592813	10	1.4892
bf3ced77-b793-484a-8bfa-7ffabbf491cf	9	63614182	77155713	6608	-0.309
bf3ced77-b793-484a-8bfa-7ffabbf491cf	9	77155866	77161448	22	0.3927
bf3ced77-b793-484a-8bfa-7ffabbf491cf	9	77162152	88280760	7862	-0.2971
bf3ced77-b793-484a-8bfa-7ffabbf491cf	9	88281162	88283112	3	-3.5049
bf3ced77-b793-484a-8bfa-7ffabbf491cf	9	88289463	100601492	8016	-0.3123
bf3ced77-b793-484a-8bfa-7ffabbf491cf	9	100606057	108414286	5781	-1.1598
bf3ced77-b793-484a-8bfa-7ffabbf491cf	9	108417925	116093711	5795	-0.2943
bf3ced77-b793-484a-8bfa-7ffabbf491cf	9	116094241	116094488	2	-3.2348
bf3ced77-b793-484a-8bfa-7ffabbf491cf	9	116094556	127396006	7969	-0.3275
bf3ced77-b793-484a-8bfa-7ffabbf491cf	9	127399371	127745798	157	0.1411
bf3ced77-b793-484a-8bfa-7ffabbf491cf	9	127749773	135322259	4426	-0.3888
bf3ced77-b793-484a-8bfa-7ffabbf491cf	9	135323776	135324566	2	-3.7969
bf3ced77-b793-484a-8bfa-7ffabbf491cf	9	135325951	138200944	1097	-0.4058
bf3ced77-b793-484a-8bfa-7ffabbf491cf	10	45792	108065	30	-0.3525
bf3ced77-b793-484a-8bfa-7ffabbf491cf	10	108612	11737909	9956	0.1762
bf3ced77-b793-484a-8bfa-7ffabbf491cf	10	11738032	12039387	171	0.5916
bf3ced77-b793-484a-8bfa-7ffabbf491cf	10	12049517	17885034	4686	0.2058
bf3ced77-b793-484a-8bfa-7ffabbf491cf	10	17896194	17910884	3	-1.8363
bf3ced77-b793-484a-8bfa-7ffabbf491cf	10	17929793	19283972	1091	0.233
bf3ced77-b793-484a-8bfa-7ffabbf491cf	10	19289666	19649469	305	0.5661
bf3ced77-b793-484a-8bfa-7ffabbf491cf	10	19651898	24086334	2941	0.1992
bf3ced77-b793-484a-8bfa-7ffabbf491cf	10	24088745	24089125	11	1.3696
bf3ced77-b793-484a-8bfa-7ffabbf491cf	10	24089979	24218815	105	0.1724
bf3ced77-b793-484a-8bfa-7ffabbf491cf	10	24218890	24460039	195	0.5872
bf3ced77-b793-484a-8bfa-7ffabbf491cf	10	24462447	47040736	12230	0.1816
bf3ced77-b793-484a-8bfa-7ffabbf491cf	10	47043991	47045228	3	-4.1825
bf3ced77-b793-484a-8bfa-7ffabbf491cf	10	47066259	49191302	1165	0.1353
bf3ced77-b793-484a-8bfa-7ffabbf491cf	10	49193139	52636160	2345	-0.2793
bf3ced77-b793-484a-8bfa-7ffabbf491cf	10	52637236	54734403	1666	0.2382
bf3ced77-b793-484a-8bfa-7ffabbf491cf	10	54736228	55080605	231	-0.1798
bf3ced77-b793-484a-8bfa-7ffabbf491cf	10	55080741	55423289	206	0.3473
bf3ced77-b793-484a-8bfa-7ffabbf491cf	10	55423301	55423591	2	-2.4889
bf3ced77-b793-484a-8bfa-7ffabbf491cf	10	55423617	56390386	683	0.2746
bf3ced77-b793-484a-8bfa-7ffabbf491cf	10	56392784	67882661	7981	-0.3038
bf3ced77-b793-484a-8bfa-7ffabbf491cf	10	67887271	68277455	219	0.2097
bf3ced77-b793-484a-8bfa-7ffabbf491cf	10	68280354	75448154	4174	-0.3555
bf3ced77-b793-484a-8bfa-7ffabbf491cf	10	75448220	77029456	1152	-0.2604
bf3ced77-b793-484a-8bfa-7ffabbf491cf	10	77029797	77030308	2	-2.1226
bf3ced77-b793-484a-8bfa-7ffabbf491cf	10	77031612	77709854	589	-0.2832
bf3ced77-b793-484a-8bfa-7ffabbf491cf	10	77719006	79625643	1449	-0.3856
bf3ced77-b793-484a-8bfa-7ffabbf491cf	10	79625693	79649470	2	-3.4588
bf3ced77-b793-484a-8bfa-7ffabbf491cf	10	79663484	80686231	569	-0.3464
bf3ced77-b793-484a-8bfa-7ffabbf491cf	10	80688425	80805787	114	0.2199
bf3ced77-b793-484a-8bfa-7ffabbf491cf	10	80806907	82798463	1443	-0.327
bf3ced77-b793-484a-8bfa-7ffabbf491cf	10	82800130	82800838	2	-3.1328
bf3ced77-b793-484a-8bfa-7ffabbf491cf	10	82801841	109891375	17613	-0.316
bf3ced77-b793-484a-8bfa-7ffabbf491cf	10	109892140	110138690	130	0.2243
bf3ced77-b793-484a-8bfa-7ffabbf491cf	10	110139878	110189565	30	-0.1742
bf3ced77-b793-484a-8bfa-7ffabbf491cf	10	110196605	111237758	716	-0.4115
bf3ced77-b793-484a-8bfa-7ffabbf491cf	10	111237774	117669707	4513	-0.2928
bf3ced77-b793-484a-8bfa-7ffabbf491cf	10	117670293	117890880	211	0.1738
bf3ced77-b793-484a-8bfa-7ffabbf491cf	10	117891024	130530534	9581	-0.3163
bf3ced77-b793-484a-8bfa-7ffabbf491cf	10	130530798	133654968	1933	-0.4125
bf3ced77-b793-484a-8bfa-7ffabbf491cf	11	198510	4946166	2411	0.0759
bf3ced77-b793-484a-8bfa-7ffabbf491cf	11	4946420	4954475	29	1.203
bf3ced77-b793-484a-8bfa-7ffabbf491cf	11	4955027	5533358	590	0.152
bf3ced77-b793-484a-8bfa-7ffabbf491cf	11	5534273	5535157	2	-4.4674
bf3ced77-b793-484a-8bfa-7ffabbf491cf	11	5539679	5597778	64	0.0756
bf3ced77-b793-484a-8bfa-7ffabbf491cf	11	5598961	5604617	5	1.0507
bf3ced77-b793-484a-8bfa-7ffabbf491cf	11	5607989	5757293	116	0.1535
bf3ced77-b793-484a-8bfa-7ffabbf491cf	11	5761695	5795002	46	0.7852
bf3ced77-b793-484a-8bfa-7ffabbf491cf	11	5795055	13034829	5509	0.1284
bf3ced77-b793-484a-8bfa-7ffabbf491cf	11	13038790	13197936	187	0.4761
bf3ced77-b793-484a-8bfa-7ffabbf491cf	11	13202549	34507810	14972	0.1533
bf3ced77-b793-484a-8bfa-7ffabbf491cf	11	34508168	34767796	224	0.6045
bf3ced77-b793-484a-8bfa-7ffabbf491cf	11	34772477	36973305	1876	0.1775
bf3ced77-b793-484a-8bfa-7ffabbf491cf	11	36973563	37644100	450	0.3358
bf3ced77-b793-484a-8bfa-7ffabbf491cf	11	37645912	43861344	4122	0.1682
bf3ced77-b793-484a-8bfa-7ffabbf491cf	11	43863613	44244866	283	0.4535
bf3ced77-b793-484a-8bfa-7ffabbf491cf	11	44246107	55606572	3573	0.121
bf3ced77-b793-484a-8bfa-7ffabbf491cf	11	55606712	55685533	57	0.906
bf3ced77-b793-484a-8bfa-7ffabbf491cf	11	55686100	56204883	372	0.3716
bf3ced77-b793-484a-8bfa-7ffabbf491cf	11	56205060	65388405	4941	0.1162
bf3ced77-b793-484a-8bfa-7ffabbf491cf	11	65398401	65407553	4	0.6839
bf3ced77-b793-484a-8bfa-7ffabbf491cf	11	65411708	65486730	38	1.2781
bf3ced77-b793-484a-8bfa-7ffabbf491cf	11	65489985	65523324	11	2.1502
bf3ced77-b793-484a-8bfa-7ffabbf491cf	11	65523633	65534928	5	1.4514
bf3ced77-b793-484a-8bfa-7ffabbf491cf	11	65534970	77900821	6153	0.4642
bf3ced77-b793-484a-8bfa-7ffabbf491cf	11	77902070	78155234	134	0.8565
bf3ced77-b793-484a-8bfa-7ffabbf491cf	11	78157884	80123940	1501	0.5205
bf3ced77-b793-484a-8bfa-7ffabbf491cf	11	80127484	80256460	90	-0.3689
bf3ced77-b793-484a-8bfa-7ffabbf491cf	11	80256469	80265224	17	0.4401
bf3ced77-b793-484a-8bfa-7ffabbf491cf	11	80267064	80780952	409	-0.346
bf3ced77-b793-484a-8bfa-7ffabbf491cf	11	80788420	100623065	13859	0.504
bf3ced77-b793-484a-8bfa-7ffabbf491cf	11	100623264	101723653	1007	0.5797
bf3ced77-b793-484a-8bfa-7ffabbf491cf	11	101727129	101727233	4	2.2874
bf3ced77-b793-484a-8bfa-7ffabbf491cf	11	101727481	102475855	431	0.5865
bf3ced77-b793-484a-8bfa-7ffabbf491cf	11	102476423	102685878	160	0.8192
bf3ced77-b793-484a-8bfa-7ffabbf491cf	11	102686635	102765984	68	0.5755
bf3ced77-b793-484a-8bfa-7ffabbf491cf	11	102766265	117399093	9919	0.5187
bf3ced77-b793-484a-8bfa-7ffabbf491cf	11	117403937	117772441	284	0.9506
bf3ced77-b793-484a-8bfa-7ffabbf491cf	11	117773056	121151212	2351	0.5081
bf3ced77-b793-484a-8bfa-7ffabbf491cf	11	121151231	121266414	84	0.975
bf3ced77-b793-484a-8bfa-7ffabbf491cf	11	121266811	121422751	113	1.2957
bf3ced77-b793-484a-8bfa-7ffabbf491cf	11	121423651	121534330	72	0.9233
bf3ced77-b793-484a-8bfa-7ffabbf491cf	11	121534668	130602631	6680	0.5008
bf3ced77-b793-484a-8bfa-7ffabbf491cf	11	130604903	130903434	232	0.7481
bf3ced77-b793-484a-8bfa-7ffabbf491cf	11	130904668	134983217	3265	0.4926
bf3ced77-b793-484a-8bfa-7ffabbf491cf	11	134986642	135074876	63	0.3233
bf3ced77-b793-484a-8bfa-7ffabbf491cf	12	51460	218952	91	-0.1012
bf3ced77-b793-484a-8bfa-7ffabbf491cf	12	219474	759943	326	0.107
bf3ced77-b793-484a-8bfa-7ffabbf491cf	12	760032	766188	18	-0.8832
bf3ced77-b793-484a-8bfa-7ffabbf491cf	12	767080	1147275	227	0.5352
bf3ced77-b793-484a-8bfa-7ffabbf491cf	12	1150665	11351008	6706	0.1646
bf3ced77-b793-484a-8bfa-7ffabbf491cf	12	11351041	11388095	31	-0.4623
bf3ced77-b793-484a-8bfa-7ffabbf491cf	12	11390452	16266471	3527	0.1737
bf3ced77-b793-484a-8bfa-7ffabbf491cf	12	16268053	16268391	2	-2.3511
bf3ced77-b793-484a-8bfa-7ffabbf491cf	12	16275623	31112123	10453	0.1966
bf3ced77-b793-484a-8bfa-7ffabbf491cf	12	31116364	31254189	88	0.6888
bf3ced77-b793-484a-8bfa-7ffabbf491cf	12	31256945	39334892	2955	0.2511
bf3ced77-b793-484a-8bfa-7ffabbf491cf	12	39338193	47995926	5460	0.173
bf3ced77-b793-484a-8bfa-7ffabbf491cf	12	47996162	114333631	41801	-0.3358
bf3ced77-b793-484a-8bfa-7ffabbf491cf	12	114333763	114334475	2	-4.0123
bf3ced77-b793-484a-8bfa-7ffabbf491cf	12	114337596	131241440	11975	-0.3553
bf3ced77-b793-484a-8bfa-7ffabbf491cf	12	131241500	131250185	11	-1.8772
bf3ced77-b793-484a-8bfa-7ffabbf491cf	12	131250680	133201603	933	-0.383
bf3ced77-b793-484a-8bfa-7ffabbf491cf	13	18452809	23055048	2855	0.1765
bf3ced77-b793-484a-8bfa-7ffabbf491cf	13	23055071	23059376	13	-2.3625
bf3ced77-b793-484a-8bfa-7ffabbf491cf	13	23064056	37496998	10604	0.1483
bf3ced77-b793-484a-8bfa-7ffabbf491cf	13	37497899	37510620	16	1.1418
bf3ced77-b793-484a-8bfa-7ffabbf491cf	13	37514193	51687608	9517	0.1471
bf3ced77-b793-484a-8bfa-7ffabbf491cf	13	51690002	52052906	235	0.4957
bf3ced77-b793-484a-8bfa-7ffabbf491cf	13	52065162	57086259	2715	0.1639
bf3ced77-b793-484a-8bfa-7ffabbf491cf	13	57086315	57666402	335	0.3431
bf3ced77-b793-484a-8bfa-7ffabbf491cf	13	57674125	63569398	3489	0.1598
bf3ced77-b793-484a-8bfa-7ffabbf491cf	13	63569716	64360470	467	0.3559
bf3ced77-b793-484a-8bfa-7ffabbf491cf	13	64363350	66365456	1220	0.1559
bf3ced77-b793-484a-8bfa-7ffabbf491cf	13	66365590	66516434	110	0.4848
bf3ced77-b793-484a-8bfa-7ffabbf491cf	13	66519624	70160420	2332	0.1811
bf3ced77-b793-484a-8bfa-7ffabbf491cf	13	70161932	70198763	47	-1.0761
bf3ced77-b793-484a-8bfa-7ffabbf491cf	13	70201639	105541642	23905	0.1613
bf3ced77-b793-484a-8bfa-7ffabbf491cf	13	105543474	105550314	11	-0.9633
bf3ced77-b793-484a-8bfa-7ffabbf491cf	13	105553326	114342922	6221	0.1546
bf3ced77-b793-484a-8bfa-7ffabbf491cf	14	18239283	19742838	72	0.1971
bf3ced77-b793-484a-8bfa-7ffabbf491cf	14	19744176	20009389	128	-0.0782
bf3ced77-b793-484a-8bfa-7ffabbf491cf	14	20012817	21494170	993	-0.3466
bf3ced77-b793-484a-8bfa-7ffabbf491cf	14	21498965	22509792	836	-0.1479
bf3ced77-b793-484a-8bfa-7ffabbf491cf	14	22514241	22524749	4	-3.1756
bf3ced77-b793-484a-8bfa-7ffabbf491cf	14	22526139	26314709	2456	-0.3021
bf3ced77-b793-484a-8bfa-7ffabbf491cf	14	26314710	26314711	2	-4.7765
bf3ced77-b793-484a-8bfa-7ffabbf491cf	14	26314712	55040039	17782	-0.2772
bf3ced77-b793-484a-8bfa-7ffabbf491cf	14	55040318	55408566	184	0.1997
bf3ced77-b793-484a-8bfa-7ffabbf491cf	14	55414300	69566109	9059	-0.3117
bf3ced77-b793-484a-8bfa-7ffabbf491cf	14	69569634	69570269	2	-2.9556
bf3ced77-b793-484a-8bfa-7ffabbf491cf	14	69574770	72594833	2070	-0.3061
bf3ced77-b793-484a-8bfa-7ffabbf491cf	14	72602467	73640772	597	0.1602
bf3ced77-b793-484a-8bfa-7ffabbf491cf	14	73650205	73797809	68	0.5552
bf3ced77-b793-484a-8bfa-7ffabbf491cf	14	73797862	76255218	1490	0.1516
bf3ced77-b793-484a-8bfa-7ffabbf491cf	14	76255608	76258618	2	-2.3071
bf3ced77-b793-484a-8bfa-7ffabbf491cf	14	76260319	90791530	9744	0.182
bf3ced77-b793-484a-8bfa-7ffabbf491cf	14	90792689	90793069	2	-2.3776
bf3ced77-b793-484a-8bfa-7ffabbf491cf	14	90796815	102158296	7910	0.1535
bf3ced77-b793-484a-8bfa-7ffabbf491cf	14	102166760	102491281	152	0.671
bf3ced77-b793-484a-8bfa-7ffabbf491cf	14	102491717	105815633	1265	0.1377
bf3ced77-b793-484a-8bfa-7ffabbf491cf	14	105815874	105816205	3	-2.899
bf3ced77-b793-484a-8bfa-7ffabbf491cf	14	105824008	106877229	448	0.1622
bf3ced77-b793-484a-8bfa-7ffabbf491cf	15	19811075	19950385	28	-0.5314
bf3ced77-b793-484a-8bfa-7ffabbf491cf	15	19957492	27682660	3479	-1.1783
bf3ced77-b793-484a-8bfa-7ffabbf491cf	15	27683648	27684001	2	-7.0493
bf3ced77-b793-484a-8bfa-7ffabbf491cf	15	27684599	29119844	566	-1.1303
bf3ced77-b793-484a-8bfa-7ffabbf491cf	15	29123357	29133037	6	-6.7453
bf3ced77-b793-484a-8bfa-7ffabbf491cf	15	29133893	29469173	249	-1.1165
bf3ced77-b793-484a-8bfa-7ffabbf491cf	15	29469606	29474397	6	-3.1375
bf3ced77-b793-484a-8bfa-7ffabbf491cf	15	29474859	29608314	87	-1.1757
bf3ced77-b793-484a-8bfa-7ffabbf491cf	15	29611813	29614015	5	-5.0185
bf3ced77-b793-484a-8bfa-7ffabbf491cf	15	29616292	29654120	21	-1.4957
bf3ced77-b793-484a-8bfa-7ffabbf491cf	15	29654922	29984138	208	-0.3422
bf3ced77-b793-484a-8bfa-7ffabbf491cf	15	29984250	30304026	84	-0.9834
bf3ced77-b793-484a-8bfa-7ffabbf491cf	15	30307497	34421922	2569	-0.3328
bf3ced77-b793-484a-8bfa-7ffabbf491cf	15	34430601	34675373	156	-0.0113
bf3ced77-b793-484a-8bfa-7ffabbf491cf	15	34675753	59402306	15534	-0.3171
bf3ced77-b793-484a-8bfa-7ffabbf491cf	15	59402979	59713831	213	0.1819
bf3ced77-b793-484a-8bfa-7ffabbf491cf	15	59715396	71387668	7788	-0.3507
bf3ced77-b793-484a-8bfa-7ffabbf491cf	15	71387741	71610887	182	0.2333
bf3ced77-b793-484a-8bfa-7ffabbf491cf	15	71613173	76586021	2504	-0.3329
bf3ced77-b793-484a-8bfa-7ffabbf491cf	15	76598900	76609838	23	0.9446
bf3ced77-b793-484a-8bfa-7ffabbf491cf	15	76609853	80721721	2572	-0.3486
bf3ced77-b793-484a-8bfa-7ffabbf491cf	15	80721879	80938113	184	0.1839
bf3ced77-b793-484a-8bfa-7ffabbf491cf	15	80947003	101928837	14780	-0.3298
bf3ced77-b793-484a-8bfa-7ffabbf491cf	16	10777	5111773	2186	-0.4098
bf3ced77-b793-484a-8bfa-7ffabbf491cf	16	5112490	35225230	17893	-0.3147
bf3ced77-b793-484a-8bfa-7ffabbf491cf	16	35225338	35550232	182	0.2076
bf3ced77-b793-484a-8bfa-7ffabbf491cf	16	35553612	70200633	15317	-0.2961
bf3ced77-b793-484a-8bfa-7ffabbf491cf	16	70212022	70577659	142	0.0883
bf3ced77-b793-484a-8bfa-7ffabbf491cf	16	70582573	74325980	2139	-0.2703
bf3ced77-b793-484a-8bfa-7ffabbf491cf	16	74330125	74432668	18	-1.3109
bf3ced77-b793-484a-8bfa-7ffabbf491cf	16	74432912	78587476	3547	-0.2719
bf3ced77-b793-484a-8bfa-7ffabbf491cf	16	78587516	79178975	790	-0.4154
bf3ced77-b793-484a-8bfa-7ffabbf491cf	16	79179280	81175217	2106	-0.2972
bf3ced77-b793-484a-8bfa-7ffabbf491cf	16	81175773	81198985	23	-1.049
bf3ced77-b793-484a-8bfa-7ffabbf491cf	16	81199813	81393878	173	-0.2971
bf3ced77-b793-484a-8bfa-7ffabbf491cf	16	81394248	81655262	222	-0.5206
bf3ced77-b793-484a-8bfa-7ffabbf491cf	16	81655360	83937637	2616	-0.2941
bf3ced77-b793-484a-8bfa-7ffabbf491cf	16	83940279	90096867	4284	-0.4081
bf3ced77-b793-484a-8bfa-7ffabbf491cf	17	150733	1167328	519	-1.2755
bf3ced77-b793-484a-8bfa-7ffabbf491cf	17	1168330	1176906	4	-6.2136
bf3ced77-b793-484a-8bfa-7ffabbf491cf	17	1189284	3654159	1326	-1.2422
bf3ced77-b793-484a-8bfa-7ffabbf491cf	17	3665125	6373728	1633	-0.3852
bf3ced77-b793-484a-8bfa-7ffabbf491cf	17	6376407	6727117	280	0.1471
bf3ced77-b793-484a-8bfa-7ffabbf491cf	17	6727178	8339592	720	-0.4088
bf3ced77-b793-484a-8bfa-7ffabbf491cf	17	8344229	8344415	2	-3.0795
bf3ced77-b793-484a-8bfa-7ffabbf491cf	17	8346140	13254223	3556	-0.3356
bf3ced77-b793-484a-8bfa-7ffabbf491cf	17	13255041	13410695	112	0.1623
bf3ced77-b793-484a-8bfa-7ffabbf491cf	17	13410897	15251441	1551	-0.3588
bf3ced77-b793-484a-8bfa-7ffabbf491cf	17	15251740	15534029	184	-1.3046
bf3ced77-b793-484a-8bfa-7ffabbf491cf	17	15538501	18379627	1387	-0.4121
bf3ced77-b793-484a-8bfa-7ffabbf491cf	17	18379812	18629097	54	0.141
bf3ced77-b793-484a-8bfa-7ffabbf491cf	17	18630363	21060913	1006	-0.3598
bf3ced77-b793-484a-8bfa-7ffabbf491cf	17	21064742	22719870	451	1.0313
bf3ced77-b793-484a-8bfa-7ffabbf491cf	17	22720241	27095737	71	-0.5507
bf3ced77-b793-484a-8bfa-7ffabbf491cf	17	27096218	27971585	491	-1.115
bf3ced77-b793-484a-8bfa-7ffabbf491cf	17	27975234	28452035	210	0.9749
bf3ced77-b793-484a-8bfa-7ffabbf491cf	17	28454323	28455301	2	-1.4827
bf3ced77-b793-484a-8bfa-7ffabbf491cf	17	28462253	28516133	37	0.9093
bf3ced77-b793-484a-8bfa-7ffabbf491cf	17	28524483	28536015	4	2.4567
bf3ced77-b793-484a-8bfa-7ffabbf491cf	17	28536360	28728422	64	1.5505
bf3ced77-b793-484a-8bfa-7ffabbf491cf	17	28737334	28923238	71	2.2937
bf3ced77-b793-484a-8bfa-7ffabbf491cf	17	28927759	29879964	442	0.9934
bf3ced77-b793-484a-8bfa-7ffabbf491cf	17	29888293	31525074	675	-1.1753
bf3ced77-b793-484a-8bfa-7ffabbf491cf	17	31525635	31529924	5	-5.2201
bf3ced77-b793-484a-8bfa-7ffabbf491cf	17	31531446	33988777	1723	-1.278
bf3ced77-b793-484a-8bfa-7ffabbf491cf	17	33988949	33992415	6	-5.4729
bf3ced77-b793-484a-8bfa-7ffabbf491cf	17	33992728	39360750	2957	-1.2193
bf3ced77-b793-484a-8bfa-7ffabbf491cf	17	39362918	39376663	7	1.0437
bf3ced77-b793-484a-8bfa-7ffabbf491cf	17	39383950	39395621	5	-0.7659
bf3ced77-b793-484a-8bfa-7ffabbf491cf	17	39404487	39608602	87	1.0387
bf3ced77-b793-484a-8bfa-7ffabbf491cf	17	39608922	39720514	90	1.6214
bf3ced77-b793-484a-8bfa-7ffabbf491cf	17	39720565	39761259	23	1.2257
bf3ced77-b793-484a-8bfa-7ffabbf491cf	17	39763443	41265456	803	-1.1457
bf3ced77-b793-484a-8bfa-7ffabbf491cf	17	41266762	41277289	39	0.2058
bf3ced77-b793-484a-8bfa-7ffabbf491cf	17	41282110	46085231	2424	-1.1666
bf3ced77-b793-484a-8bfa-7ffabbf491cf	17	46085732	48261315	947	-0.3932
bf3ced77-b793-484a-8bfa-7ffabbf491cf	17	48262165	48358403	50	0.0558
bf3ced77-b793-484a-8bfa-7ffabbf491cf	17	48358530	48597308	116	0.5296
bf3ced77-b793-484a-8bfa-7ffabbf491cf	17	48600354	50513619	1017	0.1248
bf3ced77-b793-484a-8bfa-7ffabbf491cf	17	50514559	51004421	252	0.427
bf3ced77-b793-484a-8bfa-7ffabbf491cf	17	51010703	73801724	14523	0.1685
bf3ced77-b793-484a-8bfa-7ffabbf491cf	17	73802973	75032295	735	0.0101
bf3ced77-b793-484a-8bfa-7ffabbf491cf	17	75034540	75848329	337	0.3164
bf3ced77-b793-484a-8bfa-7ffabbf491cf	17	75851305	83082750	3686	0.0792
bf3ced77-b793-484a-8bfa-7ffabbf491cf	17	83083928	83091923	4	-0.7273
bf3ced77-b793-484a-8bfa-7ffabbf491cf	18	48133	885731	623	-0.3565
bf3ced77-b793-484a-8bfa-7ffabbf491cf	18	887236	1189385	213	0.2059
bf3ced77-b793-484a-8bfa-7ffabbf491cf	18	1189997	1239150	23	0.7784
bf3ced77-b793-484a-8bfa-7ffabbf491cf	18	1239210	1662500	276	0.1872
bf3ced77-b793-484a-8bfa-7ffabbf491cf	18	1662847	1913315	181	-0.2468
bf3ced77-b793-484a-8bfa-7ffabbf491cf	18	1914399	1916607	2	-4.4011
bf3ced77-b793-484a-8bfa-7ffabbf491cf	18	1920118	3668656	1227	-0.3368
bf3ced77-b793-484a-8bfa-7ffabbf491cf	18	3669159	4179017	432	0.1984
bf3ced77-b793-484a-8bfa-7ffabbf491cf	18	4182178	5960389	1227	-0.3221
bf3ced77-b793-484a-8bfa-7ffabbf491cf	18	5960495	6045134	99	-0.699
bf3ced77-b793-484a-8bfa-7ffabbf491cf	18	6046305	15328077	6046	-0.3379
bf3ced77-b793-484a-8bfa-7ffabbf491cf	18	15347916	26217889	3107	0.2223
bf3ced77-b793-484a-8bfa-7ffabbf491cf	18	26218205	26364201	56	0.6208
bf3ced77-b793-484a-8bfa-7ffabbf491cf	18	26365446	26366532	2	-1.3657
bf3ced77-b793-484a-8bfa-7ffabbf491cf	18	26367901	26576461	153	0.6633
bf3ced77-b793-484a-8bfa-7ffabbf491cf	18	26578560	46428851	12844	0.2002
bf3ced77-b793-484a-8bfa-7ffabbf491cf	18	46428876	46429191	2	-2.4406
bf3ced77-b793-484a-8bfa-7ffabbf491cf	18	46431471	63235814	11704	0.197
bf3ced77-b793-484a-8bfa-7ffabbf491cf	18	63237284	63237513	2	-2.8269
bf3ced77-b793-484a-8bfa-7ffabbf491cf	18	63237789	65752613	1773	0.1931
bf3ced77-b793-484a-8bfa-7ffabbf491cf	18	65754253	65756246	3	-1.9867
bf3ced77-b793-484a-8bfa-7ffabbf491cf	18	65756324	66060309	249	0.3001
bf3ced77-b793-484a-8bfa-7ffabbf491cf	18	66060363	66061104	10	-2.287
bf3ced77-b793-484a-8bfa-7ffabbf491cf	18	66065502	71397326	3837	0.1828
bf3ced77-b793-484a-8bfa-7ffabbf491cf	18	71397866	73043955	1300	0.3436
bf3ced77-b793-484a-8bfa-7ffabbf491cf	18	73044329	77047423	3168	0.1762
bf3ced77-b793-484a-8bfa-7ffabbf491cf	18	77047556	80257174	2106	-0.3745
bf3ced77-b793-484a-8bfa-7ffabbf491cf	19	90910	1156398	242	-1.3321
bf3ced77-b793-484a-8bfa-7ffabbf491cf	19	1170990	2482763	308	-0.4258
bf3ced77-b793-484a-8bfa-7ffabbf491cf	19	2483299	2491936	7	-1.612
bf3ced77-b793-484a-8bfa-7ffabbf491cf	19	2492584	3257417	295	-0.42
bf3ced77-b793-484a-8bfa-7ffabbf491cf	19	3261535	3389634	46	0.141
bf3ced77-b793-484a-8bfa-7ffabbf491cf	19	3390314	4036696	165	-0.4835
bf3ced77-b793-484a-8bfa-7ffabbf491cf	19	4040581	10298450	2848	0.1131
bf3ced77-b793-484a-8bfa-7ffabbf491cf	19	10299117	10443583	60	-0.4147
bf3ced77-b793-484a-8bfa-7ffabbf491cf	19	10446222	11834702	655	0.0456
bf3ced77-b793-484a-8bfa-7ffabbf491cf	19	11836995	12586552	392	0.5061
bf3ced77-b793-484a-8bfa-7ffabbf491cf	19	12587288	14811360	932	0.0881
bf3ced77-b793-484a-8bfa-7ffabbf491cf	19	14812071	14821415	8	0.3503
bf3ced77-b793-484a-8bfa-7ffabbf491cf	19	14823079	16087235	919	1.2448
bf3ced77-b793-484a-8bfa-7ffabbf491cf	19	16090583	16535269	222	0.0811
bf3ced77-b793-484a-8bfa-7ffabbf491cf	19	16537421	17593831	478	1.1849
bf3ced77-b793-484a-8bfa-7ffabbf491cf	19	17601237	19294143	703	0.4228
bf3ced77-b793-484a-8bfa-7ffabbf491cf	19	19299684	19558166	114	0.8193
bf3ced77-b793-484a-8bfa-7ffabbf491cf	19	19558632	36334346	8739	0.5003
bf3ced77-b793-484a-8bfa-7ffabbf491cf	19	36334556	36817586	289	0.0982
bf3ced77-b793-484a-8bfa-7ffabbf491cf	19	36817649	43305795	3181	0.4504
bf3ced77-b793-484a-8bfa-7ffabbf491cf	19	43307659	43313722	5	-1.9493
bf3ced77-b793-484a-8bfa-7ffabbf491cf	19	43313843	55771003	6621	0.4613
bf3ced77-b793-484a-8bfa-7ffabbf491cf	19	55771169	55774927	4	-3.1131
bf3ced77-b793-484a-8bfa-7ffabbf491cf	19	55777575	58393253	1764	0.4783
bf3ced77-b793-484a-8bfa-7ffabbf491cf	19	58393348	58420687	13	-0.3644
bf3ced77-b793-484a-8bfa-7ffabbf491cf	19	58426381	58568492	49	0.4263
bf3ced77-b793-484a-8bfa-7ffabbf491cf	19	58570226	58586487	11	0.0275
bf3ced77-b793-484a-8bfa-7ffabbf491cf	20	80664	1590091	1212	0.4842
bf3ced77-b793-484a-8bfa-7ffabbf491cf	20	1590106	1590457	5	2.2686
bf3ced77-b793-484a-8bfa-7ffabbf491cf	20	1590626	6550759	3642	0.4723
bf3ced77-b793-484a-8bfa-7ffabbf491cf	20	6553195	12038640	4379	0.5448
bf3ced77-b793-484a-8bfa-7ffabbf491cf	20	12040976	12649334	445	0.4832
bf3ced77-b793-484a-8bfa-7ffabbf491cf	20	12650073	12650157	3	-2.182
bf3ced77-b793-484a-8bfa-7ffabbf491cf	20	12651396	14943613	1651	0.5487
bf3ced77-b793-484a-8bfa-7ffabbf491cf	20	14952250	15156508	171	-1.2965
bf3ced77-b793-484a-8bfa-7ffabbf491cf	20	15158402	34783461	10271	0.5005
bf3ced77-b793-484a-8bfa-7ffabbf491cf	20	34788608	34913386	52	0.9455
bf3ced77-b793-484a-8bfa-7ffabbf491cf	20	34915894	41406596	3954	0.4759
bf3ced77-b793-484a-8bfa-7ffabbf491cf	20	41409629	41412776	3	-1.9824
bf3ced77-b793-484a-8bfa-7ffabbf491cf	20	41412839	45568973	3084	0.5023
bf3ced77-b793-484a-8bfa-7ffabbf491cf	20	45570604	46776545	795	0.1279
bf3ced77-b793-484a-8bfa-7ffabbf491cf	20	46780909	46925735	113	0.5301
bf3ced77-b793-484a-8bfa-7ffabbf491cf	20	46926109	47329762	382	0.1907
bf3ced77-b793-484a-8bfa-7ffabbf491cf	20	47341131	47464955	57	0.6626
bf3ced77-b793-484a-8bfa-7ffabbf491cf	20	47465087	49707531	1545	0.1569
bf3ced77-b793-484a-8bfa-7ffabbf491cf	20	49711163	51843411	1488	0.4523
bf3ced77-b793-484a-8bfa-7ffabbf491cf	20	51844792	53696179	1347	0.5651
bf3ced77-b793-484a-8bfa-7ffabbf491cf	20	53696203	54031269	280	0.4844
bf3ced77-b793-484a-8bfa-7ffabbf491cf	20	54034615	54042112	36	-0.9391
bf3ced77-b793-484a-8bfa-7ffabbf491cf	20	54046035	54085397	61	0.4705
bf3ced77-b793-484a-8bfa-7ffabbf491cf	20	54085647	55957176	1542	0.595
bf3ced77-b793-484a-8bfa-7ffabbf491cf	20	55957815	63084968	5375	0.4985
bf3ced77-b793-484a-8bfa-7ffabbf491cf	20	63085149	63085763	2	-2.4129
bf3ced77-b793-484a-8bfa-7ffabbf491cf	20	63086632	64324800	473	0.399
bf3ced77-b793-484a-8bfa-7ffabbf491cf	21	10354168	10529628	27	-0.5396
bf3ced77-b793-484a-8bfa-7ffabbf491cf	21	10535758	13308798	137	-0.0118
bf3ced77-b793-484a-8bfa-7ffabbf491cf	21	13308813	15233700	1005	-0.3143
bf3ced77-b793-484a-8bfa-7ffabbf491cf	21	15238757	15378770	115	0.196
bf3ced77-b793-484a-8bfa-7ffabbf491cf	21	15381666	20433228	3566	-0.2974
bf3ced77-b793-484a-8bfa-7ffabbf491cf	21	20439036	20456029	41	0.1795
bf3ced77-b793-484a-8bfa-7ffabbf491cf	21	20456159	22241403	1369	-0.3686
bf3ced77-b793-484a-8bfa-7ffabbf491cf	21	22241517	22449829	157	-0.149
bf3ced77-b793-484a-8bfa-7ffabbf491cf	21	22450248	22451398	2	-3.125
bf3ced77-b793-484a-8bfa-7ffabbf491cf	21	22452074	23133608	516	-0.1714
bf3ced77-b793-484a-8bfa-7ffabbf491cf	21	23133764	23150471	17	0.554
bf3ced77-b793-484a-8bfa-7ffabbf491cf	21	23156399	23844887	552	-0.2086
bf3ced77-b793-484a-8bfa-7ffabbf491cf	21	23845250	28335098	3400	-0.2965
bf3ced77-b793-484a-8bfa-7ffabbf491cf	21	28336505	28391982	56	0.0774
bf3ced77-b793-484a-8bfa-7ffabbf491cf	21	28392017	33141236	3320	-0.3252
bf3ced77-b793-484a-8bfa-7ffabbf491cf	21	33142690	33484000	246	0.1273
bf3ced77-b793-484a-8bfa-7ffabbf491cf	21	33499733	41706656	6490	-0.3395
bf3ced77-b793-484a-8bfa-7ffabbf491cf	21	41707156	46677045	2742	-0.4509
bf3ced77-b793-484a-8bfa-7ffabbf491cf	22	15294547	16986521	281	-0.1929
bf3ced77-b793-484a-8bfa-7ffabbf491cf	22	16986584	17128935	100	-1.1067
bf3ced77-b793-484a-8bfa-7ffabbf491cf	22	17129117	42729122	16822	-0.3375
bf3ced77-b793-484a-8bfa-7ffabbf491cf	22	42730542	42734273	2	-4.2253
bf3ced77-b793-484a-8bfa-7ffabbf491cf	22	42734392	46334682	2567	-0.3317
bf3ced77-b793-484a-8bfa-7ffabbf491cf	22	46334721	46675963	184	0.1348
bf3ced77-b793-484a-8bfa-7ffabbf491cf	22	46676830	46710818	32	0.4984
bf3ced77-b793-484a-8bfa-7ffabbf491cf	22	46712215	46824606	71	0.1451
bf3ced77-b793-484a-8bfa-7ffabbf491cf	22	46828130	48856712	1879	-0.3209
bf3ced77-b793-484a-8bfa-7ffabbf491cf	22	48859457	50092775	919	-0.4792
bf3ced77-b793-484a-8bfa-7ffabbf491cf	22	50096480	50796027	310	-0.2295
bf3ced77-b793-484a-8bfa-7ffabbf491cf	X	251810	10197064	5617	-0.0497
bf3ced77-b793-484a-8bfa-7ffabbf491cf	X	10198158	10202922	6	-3.953
bf3ced77-b793-484a-8bfa-7ffabbf491cf	X	10203025	10350392	108	0.0837
bf3ced77-b793-484a-8bfa-7ffabbf491cf	X	10350946	10359673	3	-3.7634
bf3ced77-b793-484a-8bfa-7ffabbf491cf	X	10359926	12309715	1334	0.0048
bf3ced77-b793-484a-8bfa-7ffabbf491cf	X	12309909	12310860	3	-4.3929
bf3ced77-b793-484a-8bfa-7ffabbf491cf	X	12314437	12916854	502	-0.1211
bf3ced77-b793-484a-8bfa-7ffabbf491cf	X	12916993	12921827	4	-4.184
bf3ced77-b793-484a-8bfa-7ffabbf491cf	X	12922694	28823541	9660	-0.0083
bf3ced77-b793-484a-8bfa-7ffabbf491cf	X	28823712	28832106	4	-4.0949
bf3ced77-b793-484a-8bfa-7ffabbf491cf	X	28832784	30280721	929	-0.0188
bf3ced77-b793-484a-8bfa-7ffabbf491cf	X	30283020	30283549	4	-3.8299
bf3ced77-b793-484a-8bfa-7ffabbf491cf	X	30283765	31262886	632	-0.0268
bf3ced77-b793-484a-8bfa-7ffabbf491cf	X	31263675	31268291	4	-3.077
bf3ced77-b793-484a-8bfa-7ffabbf491cf	X	31268343	32672772	1037	-0.0441
bf3ced77-b793-484a-8bfa-7ffabbf491cf	X	32672857	32681353	7	-2.7441
bf3ced77-b793-484a-8bfa-7ffabbf491cf	X	32681369	32749308	46	-0.0535
bf3ced77-b793-484a-8bfa-7ffabbf491cf	X	32749767	32752606	6	-0.8276
bf3ced77-b793-484a-8bfa-7ffabbf491cf	X	32753304	32953709	166	0.0376
bf3ced77-b793-484a-8bfa-7ffabbf491cf	X	32954246	32983355	20	0.592
bf3ced77-b793-484a-8bfa-7ffabbf491cf	X	32983587	33007130	19	0.023
bf3ced77-b793-484a-8bfa-7ffabbf491cf	X	33007633	33011230	3	-1.6782
bf3ced77-b793-484a-8bfa-7ffabbf491cf	X	33011672	33016577	10	0.5303
bf3ced77-b793-484a-8bfa-7ffabbf491cf	X	33016740	33016865	2	-6.3586
bf3ced77-b793-484a-8bfa-7ffabbf491cf	X	33017814	34360590	927	0.1903
bf3ced77-b793-484a-8bfa-7ffabbf491cf	X	34361125	38437904	2223	0.0195
bf3ced77-b793-484a-8bfa-7ffabbf491cf	X	38438304	38438789	5	-5.4754
bf3ced77-b793-484a-8bfa-7ffabbf491cf	X	38439675	39012113	447	-0.0548
bf3ced77-b793-484a-8bfa-7ffabbf491cf	X	39013132	39016008	3	-4.1519
bf3ced77-b793-484a-8bfa-7ffabbf491cf	X	39016760	39370262	208	-0.0911
bf3ced77-b793-484a-8bfa-7ffabbf491cf	X	39372755	39373694	4	-3.5869
bf3ced77-b793-484a-8bfa-7ffabbf491cf	X	39374154	54997395	7238	0.0128
bf3ced77-b793-484a-8bfa-7ffabbf491cf	X	54998126	55008850	7	-3.4969
bf3ced77-b793-484a-8bfa-7ffabbf491cf	X	55011733	70117035	4900	0.0327
bf3ced77-b793-484a-8bfa-7ffabbf491cf	X	70118005	70129529	6	-3.2559
bf3ced77-b793-484a-8bfa-7ffabbf491cf	X	70131989	109434251	19394	0.0177
bf3ced77-b793-484a-8bfa-7ffabbf491cf	X	109434488	109456544	18	-1.722
bf3ced77-b793-484a-8bfa-7ffabbf491cf	X	109456671	113938010	2537	-0.0077
bf3ced77-b793-484a-8bfa-7ffabbf491cf	X	113938271	113938649	3	-3.4823
bf3ced77-b793-484a-8bfa-7ffabbf491cf	X	113942976	114994408	548	-0.0267
bf3ced77-b793-484a-8bfa-7ffabbf491cf	X	114997697	114998484	3	-4.8961
bf3ced77-b793-484a-8bfa-7ffabbf491cf	X	114999609	116230940	579	0.0276
bf3ced77-b793-484a-8bfa-7ffabbf491cf	X	116230979	116231568	2	-6.2664
bf3ced77-b793-484a-8bfa-7ffabbf491cf	X	116231594	146213892	17385	-0.004
bf3ced77-b793-484a-8bfa-7ffabbf491cf	X	146214260	146215064	3	-4.8348
bf3ced77-b793-484a-8bfa-7ffabbf491cf	X	146217720	155952689	5526	-0.0289
bf3ced77-b793-484a-8bfa-7ffabbf491cf	Y	2782397	3106917	147	-1.0611
bf3ced77-b793-484a-8bfa-7ffabbf491cf	Y	3108139	6233339	635	-1.2207
bf3ced77-b793-484a-8bfa-7ffabbf491cf	Y	6233355	56872112	5854	-1.0317
