GDC_Aliquot	Chromosome	Start	End	Num_Probes	Segment_Mean
89ba5753-d63d-4a87-9f18-078d2dd315ee	1	62920	16718963	8677	0.0493
89ba5753-d63d-4a87-9f18-078d2dd315ee	1	16719082	16935752	74	-0.4157
89ba5753-d63d-4a87-9f18-078d2dd315ee	1	16949746	23233507	4127	0.031
89ba5753-d63d-4a87-9f18-078d2dd315ee	1	23234548	29151907	2722	0.0948
89ba5753-d63d-4a87-9f18-078d2dd315ee	1	29153539	46009478	9695	0.0394
89ba5753-d63d-4a87-9f18-078d2dd315ee	1	46010164	46099017	48	0.7413
89ba5753-d63d-4a87-9f18-078d2dd315ee	1	46100843	46307424	76	1.1947
89ba5753-d63d-4a87-9f18-078d2dd315ee	1	46310040	46364758	30	0.7171
89ba5753-d63d-4a87-9f18-078d2dd315ee	1	46364775	55309992	5091	0.0369
89ba5753-d63d-4a87-9f18-078d2dd315ee	1	55313714	58477451	2670	-0.0164
89ba5753-d63d-4a87-9f18-078d2dd315ee	1	58477503	62661902	2944	0.0358
89ba5753-d63d-4a87-9f18-078d2dd315ee	1	62662419	62695570	11	-0.6854
89ba5753-d63d-4a87-9f18-078d2dd315ee	1	62697248	64244561	1098	0.0421
89ba5753-d63d-4a87-9f18-078d2dd315ee	1	64246672	72297687	5472	0.0767
89ba5753-d63d-4a87-9f18-078d2dd315ee	1	72302735	72345465	48	0.3995
89ba5753-d63d-4a87-9f18-078d2dd315ee	1	72346221	97208573	16077	0.0727
89ba5753-d63d-4a87-9f18-078d2dd315ee	1	97209628	97220811	8	-1.1313
89ba5753-d63d-4a87-9f18-078d2dd315ee	1	97225966	101778545	2863	0.0809
89ba5753-d63d-4a87-9f18-078d2dd315ee	1	101783193	109684695	4641	0.4102
89ba5753-d63d-4a87-9f18-078d2dd315ee	1	109684893	109697556	14	-0.5671
89ba5753-d63d-4a87-9f18-078d2dd315ee	1	109702376	110115327	268	0.4168
89ba5753-d63d-4a87-9f18-078d2dd315ee	1	110119383	112147704	1678	0.0753
89ba5753-d63d-4a87-9f18-078d2dd315ee	1	112153343	112163583	36	0.6525
89ba5753-d63d-4a87-9f18-078d2dd315ee	1	112163591	116943174	3092	0.0376
89ba5753-d63d-4a87-9f18-078d2dd315ee	1	116946689	143541857	2055	0.3842
89ba5753-d63d-4a87-9f18-078d2dd315ee	1	143545399	143927887	123	0.9662
89ba5753-d63d-4a87-9f18-078d2dd315ee	1	143928045	144442092	5	-0.0705
89ba5753-d63d-4a87-9f18-078d2dd315ee	1	144442098	146150530	176	0.9286
89ba5753-d63d-4a87-9f18-078d2dd315ee	1	146161924	147004967	6	-0.2797
89ba5753-d63d-4a87-9f18-078d2dd315ee	1	147008051	149845018	710	0.8421
89ba5753-d63d-4a87-9f18-078d2dd315ee	1	149845205	149849047	8	0.386
89ba5753-d63d-4a87-9f18-078d2dd315ee	1	149878801	152583051	1410	0.0885
89ba5753-d63d-4a87-9f18-078d2dd315ee	1	152583230	152614118	35	1.9563
89ba5753-d63d-4a87-9f18-078d2dd315ee	1	152618018	152787202	165	0.0153
89ba5753-d63d-4a87-9f18-078d2dd315ee	1	152789447	152795783	32	1.0642
89ba5753-d63d-4a87-9f18-078d2dd315ee	1	152795805	162017595	5545	0.0948
89ba5753-d63d-4a87-9f18-078d2dd315ee	1	162017763	166292287	3463	0.0518
89ba5753-d63d-4a87-9f18-078d2dd315ee	1	166292791	166292886	2	-1.7136
89ba5753-d63d-4a87-9f18-078d2dd315ee	1	166293550	169247699	2268	0.071
89ba5753-d63d-4a87-9f18-078d2dd315ee	1	169264736	169268642	3	-2.4623
89ba5753-d63d-4a87-9f18-078d2dd315ee	1	169269493	170638314	1019	0.0924
89ba5753-d63d-4a87-9f18-078d2dd315ee	1	170641916	174827267	2501	0.0559
89ba5753-d63d-4a87-9f18-078d2dd315ee	1	174827418	174828549	14	0.6065
89ba5753-d63d-4a87-9f18-078d2dd315ee	1	174832599	184882506	6858	0.0425
89ba5753-d63d-4a87-9f18-078d2dd315ee	1	184883280	189115773	2665	0.0851
89ba5753-d63d-4a87-9f18-078d2dd315ee	1	189116196	196762480	5112	0.1114
89ba5753-d63d-4a87-9f18-078d2dd315ee	1	196762956	196893150	99	0.3878
89ba5753-d63d-4a87-9f18-078d2dd315ee	1	196895397	199138574	1330	0.1148
89ba5753-d63d-4a87-9f18-078d2dd315ee	1	199142235	199144712	9	-0.6689
89ba5753-d63d-4a87-9f18-078d2dd315ee	1	199145110	200638338	1049	0.1047
89ba5753-d63d-4a87-9f18-078d2dd315ee	1	200638897	222193326	14948	0.0692
89ba5753-d63d-4a87-9f18-078d2dd315ee	1	222201492	222203662	2	-2.9214
89ba5753-d63d-4a87-9f18-078d2dd315ee	1	222208792	223025800	445	0.1001
89ba5753-d63d-4a87-9f18-078d2dd315ee	1	223030659	223041113	6	-0.7663
89ba5753-d63d-4a87-9f18-078d2dd315ee	1	223043718	224504617	853	0.0742
89ba5753-d63d-4a87-9f18-078d2dd315ee	1	224507119	234374850	6805	0.0417
89ba5753-d63d-4a87-9f18-078d2dd315ee	1	234375467	248574146	10106	0.0884
89ba5753-d63d-4a87-9f18-078d2dd315ee	1	248585893	248633912	32	-2.3895
89ba5753-d63d-4a87-9f18-078d2dd315ee	1	248645563	248930189	141	0.1897
89ba5753-d63d-4a87-9f18-078d2dd315ee	2	12784	4170511	3000	0.3684
89ba5753-d63d-4a87-9f18-078d2dd315ee	2	4170710	4172353	14	0.9653
89ba5753-d63d-4a87-9f18-078d2dd315ee	2	4174231	14563570	8016	0.3648
89ba5753-d63d-4a87-9f18-078d2dd315ee	2	14564825	14569968	12	-0.4157
89ba5753-d63d-4a87-9f18-078d2dd315ee	2	14570240	34295406	12933	0.3602
89ba5753-d63d-4a87-9f18-078d2dd315ee	2	34298911	34300513	2	-2.3752
89ba5753-d63d-4a87-9f18-078d2dd315ee	2	34300900	34474248	96	0.3975
89ba5753-d63d-4a87-9f18-078d2dd315ee	2	34476327	34523818	56	0.8241
89ba5753-d63d-4a87-9f18-078d2dd315ee	2	34525478	35750907	858	0.3916
89ba5753-d63d-4a87-9f18-078d2dd315ee	2	35752724	35762881	7	-1.5295
89ba5753-d63d-4a87-9f18-078d2dd315ee	2	35772407	38224331	1986	0.3622
89ba5753-d63d-4a87-9f18-078d2dd315ee	2	38230221	38696555	295	0.9427
89ba5753-d63d-4a87-9f18-078d2dd315ee	2	38698976	50768687	8650	0.354
89ba5753-d63d-4a87-9f18-078d2dd315ee	2	50769040	51175314	272	0.4885
89ba5753-d63d-4a87-9f18-078d2dd315ee	2	51175632	52246039	714	0.3631
89ba5753-d63d-4a87-9f18-078d2dd315ee	2	52248657	52303550	34	0.6927
89ba5753-d63d-4a87-9f18-078d2dd315ee	2	52304038	52527423	168	0.3646
89ba5753-d63d-4a87-9f18-078d2dd315ee	2	52527590	52527743	3	-1.5934
89ba5753-d63d-4a87-9f18-078d2dd315ee	2	52531615	52554404	33	0.9568
89ba5753-d63d-4a87-9f18-078d2dd315ee	2	52560811	64903065	7913	0.37
89ba5753-d63d-4a87-9f18-078d2dd315ee	2	64903637	75619174	6942	0.3286
89ba5753-d63d-4a87-9f18-078d2dd315ee	2	75619419	86710564	7053	0.3731
89ba5753-d63d-4a87-9f18-078d2dd315ee	2	86725947	86744622	4	1.4698
89ba5753-d63d-4a87-9f18-078d2dd315ee	2	86745723	87207066	101	0.4169
89ba5753-d63d-4a87-9f18-078d2dd315ee	2	87207935	87252651	15	-0.2395
89ba5753-d63d-4a87-9f18-078d2dd315ee	2	87256891	97359885	1810	0.3495
89ba5753-d63d-4a87-9f18-078d2dd315ee	2	97524284	97552143	11	1.0017
89ba5753-d63d-4a87-9f18-078d2dd315ee	2	97556965	101718284	2466	0.3352
89ba5753-d63d-4a87-9f18-078d2dd315ee	2	101723968	102489902	537	0.9222
89ba5753-d63d-4a87-9f18-078d2dd315ee	2	102492393	106263639	2561	0.3659
89ba5753-d63d-4a87-9f18-078d2dd315ee	2	106264257	106270799	12	-2.2723
89ba5753-d63d-4a87-9f18-078d2dd315ee	2	106270952	128880904	13374	0.3547
89ba5753-d63d-4a87-9f18-078d2dd315ee	2	128880928	128882723	13	-0.4202
89ba5753-d63d-4a87-9f18-078d2dd315ee	2	128882741	137541308	5135	0.3338
89ba5753-d63d-4a87-9f18-078d2dd315ee	2	137541338	146107615	5279	0.3863
89ba5753-d63d-4a87-9f18-078d2dd315ee	2	146107675	146109366	16	1.5271
89ba5753-d63d-4a87-9f18-078d2dd315ee	2	146120238	153627724	4631	0.3726
89ba5753-d63d-4a87-9f18-078d2dd315ee	2	153630383	153656246	17	0.8618
89ba5753-d63d-4a87-9f18-078d2dd315ee	2	153656437	174327936	12611	0.3833
89ba5753-d63d-4a87-9f18-078d2dd315ee	2	174340785	175179012	475	0.9453
89ba5753-d63d-4a87-9f18-078d2dd315ee	2	175186905	175323318	64	1.3432
89ba5753-d63d-4a87-9f18-078d2dd315ee	2	175328500	183220725	5023	-0.5514
89ba5753-d63d-4a87-9f18-078d2dd315ee	2	183221060	183224996	9	-5.6455
89ba5753-d63d-4a87-9f18-078d2dd315ee	2	183229270	183810874	375	-0.5412
89ba5753-d63d-4a87-9f18-078d2dd315ee	2	183812905	183826922	5	-1.9686
89ba5753-d63d-4a87-9f18-078d2dd315ee	2	183830925	216089849	19219	-0.5232
89ba5753-d63d-4a87-9f18-078d2dd315ee	2	216090860	222305122	4044	-0.6062
89ba5753-d63d-4a87-9f18-078d2dd315ee	2	222314120	232139707	6166	-0.5429
89ba5753-d63d-4a87-9f18-078d2dd315ee	2	232139725	239584310	4971	-0.6319
89ba5753-d63d-4a87-9f18-078d2dd315ee	2	239584399	239588394	2	-3.3415
89ba5753-d63d-4a87-9f18-078d2dd315ee	2	239590307	240449842	584	-0.6267
89ba5753-d63d-4a87-9f18-078d2dd315ee	2	240451608	241841244	616	-0.5765
89ba5753-d63d-4a87-9f18-078d2dd315ee	2	241973315	242011715	33	-4.5894
89ba5753-d63d-4a87-9f18-078d2dd315ee	2	242015916	242030085	20	-1.6539
89ba5753-d63d-4a87-9f18-078d2dd315ee	2	242030144	242084107	45	-4.3935
89ba5753-d63d-4a87-9f18-078d2dd315ee	2	242087337	242092368	6	-1.6034
89ba5753-d63d-4a87-9f18-078d2dd315ee	2	242095460	242147305	24	-0.3686
89ba5753-d63d-4a87-9f18-078d2dd315ee	3	20930	6604856	5808	0.3127
89ba5753-d63d-4a87-9f18-078d2dd315ee	3	6609441	6611645	23	-2.9422
89ba5753-d63d-4a87-9f18-078d2dd315ee	3	6613391	8459596	1608	0.3141
89ba5753-d63d-4a87-9f18-078d2dd315ee	3	8460200	14714110	4491	0.2555
89ba5753-d63d-4a87-9f18-078d2dd315ee	3	14714241	21690622	4298	0.3085
89ba5753-d63d-4a87-9f18-078d2dd315ee	3	21691453	21692624	2	-1.3469
89ba5753-d63d-4a87-9f18-078d2dd315ee	3	21692742	37935926	11380	0.2998
89ba5753-d63d-4a87-9f18-078d2dd315ee	3	37940617	37945392	17	-0.5594
89ba5753-d63d-4a87-9f18-078d2dd315ee	3	37945437	42451036	3006	0.2437
89ba5753-d63d-4a87-9f18-078d2dd315ee	3	42451795	48915257	3394	0.2969
89ba5753-d63d-4a87-9f18-078d2dd315ee	3	48915633	50081054	415	0.838
89ba5753-d63d-4a87-9f18-078d2dd315ee	3	50083543	52997747	1250	0.2814
89ba5753-d63d-4a87-9f18-078d2dd315ee	3	52997793	53005100	33	-0.288
89ba5753-d63d-4a87-9f18-078d2dd315ee	3	53005201	53019618	21	0.5508
89ba5753-d63d-4a87-9f18-078d2dd315ee	3	53019641	56423295	2535	0.237
89ba5753-d63d-4a87-9f18-078d2dd315ee	3	56423442	61093577	3522	0.3018
89ba5753-d63d-4a87-9f18-078d2dd315ee	3	61094031	65202778	3472	0.2579
89ba5753-d63d-4a87-9f18-078d2dd315ee	3	65203560	65214027	31	-0.6638
89ba5753-d63d-4a87-9f18-078d2dd315ee	3	65214192	65218037	10	0.1468
89ba5753-d63d-4a87-9f18-078d2dd315ee	3	65221229	65224777	11	-0.9257
89ba5753-d63d-4a87-9f18-078d2dd315ee	3	65230674	82201496	11118	0.298
89ba5753-d63d-4a87-9f18-078d2dd315ee	3	82201908	89337951	3942	0.3618
89ba5753-d63d-4a87-9f18-078d2dd315ee	3	89345442	89370231	51	-0.2731
89ba5753-d63d-4a87-9f18-078d2dd315ee	3	89370771	95737262	1379	0.4138
89ba5753-d63d-4a87-9f18-078d2dd315ee	3	95748036	95749266	2	-2.743
89ba5753-d63d-4a87-9f18-078d2dd315ee	3	95749836	99218940	1846	0.4061
89ba5753-d63d-4a87-9f18-078d2dd315ee	3	99225614	99226455	14	-1.3981
89ba5753-d63d-4a87-9f18-078d2dd315ee	3	99226551	99230212	13	-3.0793
89ba5753-d63d-4a87-9f18-078d2dd315ee	3	99230225	99230577	11	-1.2539
89ba5753-d63d-4a87-9f18-078d2dd315ee	3	99232120	108951911	5863	0.3939
89ba5753-d63d-4a87-9f18-078d2dd315ee	3	108953667	109244409	197	0.5376
89ba5753-d63d-4a87-9f18-078d2dd315ee	3	109244862	122759968	8251	0.3769
89ba5753-d63d-4a87-9f18-078d2dd315ee	3	122760524	130067443	4390	0.331
89ba5753-d63d-4a87-9f18-078d2dd315ee	3	130067531	130087393	30	0.9632
89ba5753-d63d-4a87-9f18-078d2dd315ee	3	130088081	141438742	7076	0.3453
89ba5753-d63d-4a87-9f18-078d2dd315ee	3	141440562	162790480	13181	0.403
89ba5753-d63d-4a87-9f18-078d2dd315ee	3	162794869	162908207	70	-1.6495
89ba5753-d63d-4a87-9f18-078d2dd315ee	3	162908784	177509801	8979	0.4093
89ba5753-d63d-4a87-9f18-078d2dd315ee	3	177510163	193160113	10172	0.3624
89ba5753-d63d-4a87-9f18-078d2dd315ee	3	193160173	193165114	19	0.9622
89ba5753-d63d-4a87-9f18-078d2dd315ee	3	193168646	193168790	5	-0.0019
89ba5753-d63d-4a87-9f18-078d2dd315ee	3	193168903	195535470	1469	0.3697
89ba5753-d63d-4a87-9f18-078d2dd315ee	3	195535719	195751990	56	0.0972
89ba5753-d63d-4a87-9f18-078d2dd315ee	3	195752877	198169247	1164	0.435
89ba5753-d63d-4a87-9f18-078d2dd315ee	4	68929	3597723	1438	0.9094
89ba5753-d63d-4a87-9f18-078d2dd315ee	4	3598142	3600457	2	-1.6738
89ba5753-d63d-4a87-9f18-078d2dd315ee	4	3607663	4121101	187	0.8468
89ba5753-d63d-4a87-9f18-078d2dd315ee	4	4133219	4151033	5	-0.1506
89ba5753-d63d-4a87-9f18-078d2dd315ee	4	4158336	10208766	4068	0.8602
89ba5753-d63d-4a87-9f18-078d2dd315ee	4	10212536	10233383	33	-1.6006
89ba5753-d63d-4a87-9f18-078d2dd315ee	4	10233542	10233644	3	-0.3248
89ba5753-d63d-4a87-9f18-078d2dd315ee	4	10234518	13584342	2692	0.8806
89ba5753-d63d-4a87-9f18-078d2dd315ee	4	13588382	13817257	178	1.5346
89ba5753-d63d-4a87-9f18-078d2dd315ee	4	13823986	20110786	4452	0.8894
89ba5753-d63d-4a87-9f18-078d2dd315ee	4	20114255	27777538	5326	0.3523
89ba5753-d63d-4a87-9f18-078d2dd315ee	4	27781094	27783095	5	-0.6045
89ba5753-d63d-4a87-9f18-078d2dd315ee	4	27783535	34777238	4307	0.37
89ba5753-d63d-4a87-9f18-078d2dd315ee	4	34777340	34828250	45	0.8208
89ba5753-d63d-4a87-9f18-078d2dd315ee	4	34828291	42830966	5285	0.37
89ba5753-d63d-4a87-9f18-078d2dd315ee	4	42831775	42835666	3	-1.6413
89ba5753-d63d-4a87-9f18-078d2dd315ee	4	42836085	49214614	3677	0.398
89ba5753-d63d-4a87-9f18-078d2dd315ee	4	49289175	49289338	2	-1.55
89ba5753-d63d-4a87-9f18-078d2dd315ee	4	49295203	57635246	3947	0.3488
89ba5753-d63d-4a87-9f18-078d2dd315ee	4	57639758	68352334	6505	0.394
89ba5753-d63d-4a87-9f18-078d2dd315ee	4	68352434	68620261	90	0.8923
89ba5753-d63d-4a87-9f18-078d2dd315ee	4	68623617	69366304	370	0.4127
89ba5753-d63d-4a87-9f18-078d2dd315ee	4	69366406	72239227	1680	0.574
89ba5753-d63d-4a87-9f18-078d2dd315ee	4	72240995	73592985	803	0.9243
89ba5753-d63d-4a87-9f18-078d2dd315ee	4	73595110	74205167	399	0.607
89ba5753-d63d-4a87-9f18-078d2dd315ee	4	74205314	74246779	67	0.3775
89ba5753-d63d-4a87-9f18-078d2dd315ee	4	74251146	75256128	598	0.477
89ba5753-d63d-4a87-9f18-078d2dd315ee	4	75256588	86460806	7135	0.3648
89ba5753-d63d-4a87-9f18-078d2dd315ee	4	86465714	107129798	12164	-0.5576
89ba5753-d63d-4a87-9f18-078d2dd315ee	4	107130169	107154866	36	-0.0687
89ba5753-d63d-4a87-9f18-078d2dd315ee	4	107154967	114252472	4396	-0.5509
89ba5753-d63d-4a87-9f18-078d2dd315ee	4	114252500	114263110	28	0.1165
89ba5753-d63d-4a87-9f18-078d2dd315ee	4	114263154	137171085	13220	-0.5274
89ba5753-d63d-4a87-9f18-078d2dd315ee	4	137171266	137172260	13	-2.5903
89ba5753-d63d-4a87-9f18-078d2dd315ee	4	137173804	137258291	83	-0.4979
89ba5753-d63d-4a87-9f18-078d2dd315ee	4	137261279	137262144	22	-0.0085
89ba5753-d63d-4a87-9f18-078d2dd315ee	4	137262373	137593815	218	-0.5101
89ba5753-d63d-4a87-9f18-078d2dd315ee	4	137594168	139085526	1042	-0.582
89ba5753-d63d-4a87-9f18-078d2dd315ee	4	139085818	139129219	78	-0.2733
89ba5753-d63d-4a87-9f18-078d2dd315ee	4	139129246	143799637	2934	-0.5615
89ba5753-d63d-4a87-9f18-078d2dd315ee	4	143803133	144129470	150	-0.3708
89ba5753-d63d-4a87-9f18-078d2dd315ee	4	144138321	155544897	6676	-0.5686
89ba5753-d63d-4a87-9f18-078d2dd315ee	4	155549403	172066777	10550	-0.5271
89ba5753-d63d-4a87-9f18-078d2dd315ee	4	172067997	172074828	13	0.5015
89ba5753-d63d-4a87-9f18-078d2dd315ee	4	172075742	182647519	7102	-0.5368
89ba5753-d63d-4a87-9f18-078d2dd315ee	4	182650187	182651199	3	-3.7498
89ba5753-d63d-4a87-9f18-078d2dd315ee	4	182651237	185032315	1584	-0.6084
89ba5753-d63d-4a87-9f18-078d2dd315ee	4	185035885	185036663	3	-2.7424
89ba5753-d63d-4a87-9f18-078d2dd315ee	4	185037170	190106768	3348	-0.5445
89ba5753-d63d-4a87-9f18-078d2dd315ee	5	15532	5680487	4403	0.3539
89ba5753-d63d-4a87-9f18-078d2dd315ee	5	5680502	5693159	19	0.7968
89ba5753-d63d-4a87-9f18-078d2dd315ee	5	5694001	5709013	12	1.1945
89ba5753-d63d-4a87-9f18-078d2dd315ee	5	5709157	5713974	7	0.7358
89ba5753-d63d-4a87-9f18-078d2dd315ee	5	5715019	14123398	6599	0.3724
89ba5753-d63d-4a87-9f18-078d2dd315ee	5	14124800	14149654	14	-0.1846
89ba5753-d63d-4a87-9f18-078d2dd315ee	5	14150114	20859532	4326	0.3951
89ba5753-d63d-4a87-9f18-078d2dd315ee	5	20866073	20871815	3	1.4597
89ba5753-d63d-4a87-9f18-078d2dd315ee	5	20874665	21376735	277	0.3858
89ba5753-d63d-4a87-9f18-078d2dd315ee	5	21377730	21377744	2	2.3592
89ba5753-d63d-4a87-9f18-078d2dd315ee	5	21385957	26523035	3004	0.4064
89ba5753-d63d-4a87-9f18-078d2dd315ee	5	26523254	26523379	3	-1.0087
89ba5753-d63d-4a87-9f18-078d2dd315ee	5	26523499	30501613	2328	0.4017
89ba5753-d63d-4a87-9f18-078d2dd315ee	5	30503532	34036639	2568	0.3471
89ba5753-d63d-4a87-9f18-078d2dd315ee	5	34036998	44569124	6468	0.3904
89ba5753-d63d-4a87-9f18-078d2dd315ee	5	44571042	44576069	6	-0.56
89ba5753-d63d-4a87-9f18-078d2dd315ee	5	44585098	46246478	613	0.4127
89ba5753-d63d-4a87-9f18-078d2dd315ee	5	46246553	46273400	11	1.2558
89ba5753-d63d-4a87-9f18-078d2dd315ee	5	46278110	50146124	20	0.3474
89ba5753-d63d-4a87-9f18-078d2dd315ee	5	50151472	50412624	82	-0.5327
89ba5753-d63d-4a87-9f18-078d2dd315ee	5	50414421	50688928	116	-0.2579
89ba5753-d63d-4a87-9f18-078d2dd315ee	5	50691594	56369663	3660	-0.5798
89ba5753-d63d-4a87-9f18-078d2dd315ee	5	56370640	56371463	3	-3.7784
89ba5753-d63d-4a87-9f18-078d2dd315ee	5	56371478	57638199	892	-0.5874
89ba5753-d63d-4a87-9f18-078d2dd315ee	5	57639194	57641018	2	-3.3207
89ba5753-d63d-4a87-9f18-078d2dd315ee	5	57641454	58025819	281	-0.6264
89ba5753-d63d-4a87-9f18-078d2dd315ee	5	58030200	58037706	32	2.0654
89ba5753-d63d-4a87-9f18-078d2dd315ee	5	58042530	58882059	637	-0.584
89ba5753-d63d-4a87-9f18-078d2dd315ee	5	58882256	58882719	2	-3.0695
89ba5753-d63d-4a87-9f18-078d2dd315ee	5	58892759	62277545	2188	-0.5924
89ba5753-d63d-4a87-9f18-078d2dd315ee	5	62279164	62280446	3	-3.3963
89ba5753-d63d-4a87-9f18-078d2dd315ee	5	62286365	68134507	3650	-0.5794
89ba5753-d63d-4a87-9f18-078d2dd315ee	5	68136707	68136931	2	-3.3542
89ba5753-d63d-4a87-9f18-078d2dd315ee	5	68136963	69937600	799	-0.6017
89ba5753-d63d-4a87-9f18-078d2dd315ee	5	69937617	70959079	11	0.299
89ba5753-d63d-4a87-9f18-078d2dd315ee	5	71010832	71358245	9	0.0045
89ba5753-d63d-4a87-9f18-078d2dd315ee	5	71364924	82079206	6839	-0.6131
89ba5753-d63d-4a87-9f18-078d2dd315ee	5	82085460	121688256	24347	-0.5465
89ba5753-d63d-4a87-9f18-078d2dd315ee	5	121690101	129168871	4821	-0.5891
89ba5753-d63d-4a87-9f18-078d2dd315ee	5	129172116	132201060	1574	-0.5242
89ba5753-d63d-4a87-9f18-078d2dd315ee	5	132201133	156048095	15239	-0.5896
89ba5753-d63d-4a87-9f18-078d2dd315ee	5	156049762	156055719	14	-1.9666
89ba5753-d63d-4a87-9f18-078d2dd315ee	5	156068240	180951888	16543	-0.5759
89ba5753-d63d-4a87-9f18-078d2dd315ee	5	180953203	180991103	17	-2.0917
89ba5753-d63d-4a87-9f18-078d2dd315ee	5	181006225	181363319	168	-0.5878
89ba5753-d63d-4a87-9f18-078d2dd315ee	6	149661	254283	101	-0.5361
89ba5753-d63d-4a87-9f18-078d2dd315ee	6	257353	381149	101	0.1695
89ba5753-d63d-4a87-9f18-078d2dd315ee	6	382559	29869410	21385	-0.6146
89ba5753-d63d-4a87-9f18-078d2dd315ee	6	29869411	29881490	15	0.4312
89ba5753-d63d-4a87-9f18-078d2dd315ee	6	29882419	29907031	8	-1.4656
89ba5753-d63d-4a87-9f18-078d2dd315ee	6	29909182	29931120	7	-5.8832
89ba5753-d63d-4a87-9f18-078d2dd315ee	6	29931900	29948709	12	-1.4957
89ba5753-d63d-4a87-9f18-078d2dd315ee	6	29948728	31313046	634	-0.6292
89ba5753-d63d-4a87-9f18-078d2dd315ee	6	31318499	31328674	11	0.8266
89ba5753-d63d-4a87-9f18-078d2dd315ee	6	31342147	39156232	4576	-0.5912
89ba5753-d63d-4a87-9f18-078d2dd315ee	6	39156672	41089721	1506	-0.6788
89ba5753-d63d-4a87-9f18-078d2dd315ee	6	41091800	54019328	8093	-0.5809
89ba5753-d63d-4a87-9f18-078d2dd315ee	6	54019412	54066269	41	-0.5419
89ba5753-d63d-4a87-9f18-078d2dd315ee	6	54066286	54067057	8	0.9946
89ba5753-d63d-4a87-9f18-078d2dd315ee	6	54070550	57421163	1987	-0.5644
89ba5753-d63d-4a87-9f18-078d2dd315ee	6	57423133	61789782	742	-0.4279
89ba5753-d63d-4a87-9f18-078d2dd315ee	6	61793151	73882142	7633	-0.5439
89ba5753-d63d-4a87-9f18-078d2dd315ee	6	73882509	73885038	7	0.5962
89ba5753-d63d-4a87-9f18-078d2dd315ee	6	73887573	76312261	1481	-0.5243
89ba5753-d63d-4a87-9f18-078d2dd315ee	6	76313871	76314659	9	-1.4344
89ba5753-d63d-4a87-9f18-078d2dd315ee	6	76314756	76733502	289	-0.5329
89ba5753-d63d-4a87-9f18-078d2dd315ee	6	76733530	76743040	11	0.1237
89ba5753-d63d-4a87-9f18-078d2dd315ee	6	76751356	76773069	34	-0.5844
89ba5753-d63d-4a87-9f18-078d2dd315ee	6	76778010	76781244	4	-1.5441
89ba5753-d63d-4a87-9f18-078d2dd315ee	6	76781855	78259348	939	-0.5369
89ba5753-d63d-4a87-9f18-078d2dd315ee	6	78259388	78325310	110	-0.0256
89ba5753-d63d-4a87-9f18-078d2dd315ee	6	78325457	95586444	10779	-0.5451
89ba5753-d63d-4a87-9f18-078d2dd315ee	6	95586978	95589966	3	-2.6557
89ba5753-d63d-4a87-9f18-078d2dd315ee	6	95590023	103282678	4657	-0.5382
89ba5753-d63d-4a87-9f18-078d2dd315ee	6	103286299	103286770	2	-1.3022
89ba5753-d63d-4a87-9f18-078d2dd315ee	6	103286928	103314186	50	0.5207
89ba5753-d63d-4a87-9f18-078d2dd315ee	6	103317795	108328331	3155	-0.5563
89ba5753-d63d-4a87-9f18-078d2dd315ee	6	108328860	108654443	160	0.4157
89ba5753-d63d-4a87-9f18-078d2dd315ee	6	108656622	108794752	98	-0.6443
89ba5753-d63d-4a87-9f18-078d2dd315ee	6	108797780	165914474	37552	-0.5513
89ba5753-d63d-4a87-9f18-078d2dd315ee	6	165917330	170741917	3097	-0.6321
89ba5753-d63d-4a87-9f18-078d2dd315ee	7	43355	8768774	5041	0.3213
89ba5753-d63d-4a87-9f18-078d2dd315ee	7	8773105	19759582	9000	0.3736
89ba5753-d63d-4a87-9f18-078d2dd315ee	7	19761699	35664056	11381	0.3223
89ba5753-d63d-4a87-9f18-078d2dd315ee	7	35665291	40887977	3662	0.3602
89ba5753-d63d-4a87-9f18-078d2dd315ee	7	40894905	42227003	1001	0.3156
89ba5753-d63d-4a87-9f18-078d2dd315ee	7	42227737	42227972	2	-1.6779
89ba5753-d63d-4a87-9f18-078d2dd315ee	7	42230723	56667435	9901	0.3379
89ba5753-d63d-4a87-9f18-078d2dd315ee	7	56667740	65586825	1661	0.4274
89ba5753-d63d-4a87-9f18-078d2dd315ee	7	65587678	70955452	2924	0.325
89ba5753-d63d-4a87-9f18-078d2dd315ee	7	70958264	70961155	2	2.6645
89ba5753-d63d-4a87-9f18-078d2dd315ee	7	70963257	72103638	779	0.3384
89ba5753-d63d-4a87-9f18-078d2dd315ee	7	72104650	90666801	10373	0.4077
89ba5753-d63d-4a87-9f18-078d2dd315ee	7	90667138	97756658	4530	0.3592
89ba5753-d63d-4a87-9f18-078d2dd315ee	7	97766148	97773163	16	-0.4387
89ba5753-d63d-4a87-9f18-078d2dd315ee	7	97774928	103618431	2502	0.3382
89ba5753-d63d-4a87-9f18-078d2dd315ee	7	103623914	109793720	4096	0.395
89ba5753-d63d-4a87-9f18-078d2dd315ee	7	109793728	109814172	39	1.1664
89ba5753-d63d-4a87-9f18-078d2dd315ee	7	109814214	126405502	10023	0.4008
89ba5753-d63d-4a87-9f18-078d2dd315ee	7	126405597	126406561	10	-1.6564
89ba5753-d63d-4a87-9f18-078d2dd315ee	7	126406822	126412712	7	-0.3687
89ba5753-d63d-4a87-9f18-078d2dd315ee	7	126414344	131471468	2867	0.3916
89ba5753-d63d-4a87-9f18-078d2dd315ee	7	131471590	133231392	1305	0.3141
89ba5753-d63d-4a87-9f18-078d2dd315ee	7	133231638	134044457	470	0.3827
89ba5753-d63d-4a87-9f18-078d2dd315ee	7	134052277	134062515	9	-0.2406
89ba5753-d63d-4a87-9f18-078d2dd315ee	7	134064244	134100424	30	0.4652
89ba5753-d63d-4a87-9f18-078d2dd315ee	7	134100442	134101035	11	1.0923
89ba5753-d63d-4a87-9f18-078d2dd315ee	7	134101043	159334314	16099	0.3942
89ba5753-d63d-4a87-9f18-078d2dd315ee	8	81254	7380497	7715	-0.6031
89ba5753-d63d-4a87-9f18-078d2dd315ee	8	7396819	8120447	41	0.1327
89ba5753-d63d-4a87-9f18-078d2dd315ee	8	8120649	12143614	3219	-0.6367
89ba5753-d63d-4a87-9f18-078d2dd315ee	8	12176798	12454103	34	0.326
89ba5753-d63d-4a87-9f18-078d2dd315ee	8	12470324	18807692	5667	-0.5829
89ba5753-d63d-4a87-9f18-078d2dd315ee	8	18807982	18808229	4	-2.9133
89ba5753-d63d-4a87-9f18-078d2dd315ee	8	18810973	25114672	4715	-0.6142
89ba5753-d63d-4a87-9f18-078d2dd315ee	8	25116928	25126818	27	0.2041
89ba5753-d63d-4a87-9f18-078d2dd315ee	8	25133589	32675280	5297	-0.5969
89ba5753-d63d-4a87-9f18-078d2dd315ee	8	32675652	32826507	129	0.9206
89ba5753-d63d-4a87-9f18-078d2dd315ee	8	32828250	32829941	3	-0.8173
89ba5753-d63d-4a87-9f18-078d2dd315ee	8	32830685	33007039	111	0.9081
89ba5753-d63d-4a87-9f18-078d2dd315ee	8	33008021	34430054	804	-0.5594
89ba5753-d63d-4a87-9f18-078d2dd315ee	8	34430096	35014834	325	-0.2753
89ba5753-d63d-4a87-9f18-078d2dd315ee	8	35018014	35043783	23	0.2741
89ba5753-d63d-4a87-9f18-078d2dd315ee	8	35048930	35128981	52	-0.6289
89ba5753-d63d-4a87-9f18-078d2dd315ee	8	35131513	35567110	238	0.1712
89ba5753-d63d-4a87-9f18-078d2dd315ee	8	35569757	36814811	640	-0.6081
89ba5753-d63d-4a87-9f18-078d2dd315ee	8	36818647	36818689	2	-2.9238
89ba5753-d63d-4a87-9f18-078d2dd315ee	8	36818874	37762335	604	-0.6608
89ba5753-d63d-4a87-9f18-078d2dd315ee	8	37768774	38172190	135	0.9648
89ba5753-d63d-4a87-9f18-078d2dd315ee	8	38173827	38245112	19	1.4858
89ba5753-d63d-4a87-9f18-078d2dd315ee	8	38245581	38258196	27	1.0335
89ba5753-d63d-4a87-9f18-078d2dd315ee	8	38259191	38430693	80	1.4734
89ba5753-d63d-4a87-9f18-078d2dd315ee	8	38430945	38433974	14	0.7197
89ba5753-d63d-4a87-9f18-078d2dd315ee	8	38434429	39391223	502	1.3549
89ba5753-d63d-4a87-9f18-078d2dd315ee	8	39393453	39529446	55	0.4272
89ba5753-d63d-4a87-9f18-078d2dd315ee	8	39530780	40146419	423	1.2556
89ba5753-d63d-4a87-9f18-078d2dd315ee	8	40147212	40147287	2	-0.938
89ba5753-d63d-4a87-9f18-078d2dd315ee	8	40149950	40326278	165	1.1519
89ba5753-d63d-4a87-9f18-078d2dd315ee	8	40326280	40331992	33	-0.551
89ba5753-d63d-4a87-9f18-078d2dd315ee	8	40335391	40794728	361	1.0951
89ba5753-d63d-4a87-9f18-078d2dd315ee	8	40797720	40853831	42	0.5273
89ba5753-d63d-4a87-9f18-078d2dd315ee	8	40856153	40909965	46	-0.0523
89ba5753-d63d-4a87-9f18-078d2dd315ee	8	40913994	40920952	4	0.6968
89ba5753-d63d-4a87-9f18-078d2dd315ee	8	40926161	41015426	63	-0.0705
89ba5753-d63d-4a87-9f18-078d2dd315ee	8	41022888	41534069	311	-0.482
89ba5753-d63d-4a87-9f18-078d2dd315ee	8	41539048	41761059	148	0.4271
89ba5753-d63d-4a87-9f18-078d2dd315ee	8	41768443	43025271	724	0.7088
89ba5753-d63d-4a87-9f18-078d2dd315ee	8	43026230	43341191	126	0.8425
89ba5753-d63d-4a87-9f18-078d2dd315ee	8	43344260	43901170	131	1.3452
89ba5753-d63d-4a87-9f18-078d2dd315ee	8	43907538	46566788	159	1.0255
89ba5753-d63d-4a87-9f18-078d2dd315ee	8	46567131	54493666	4682	0.8602
89ba5753-d63d-4a87-9f18-078d2dd315ee	8	54493694	59724803	3495	0.955
89ba5753-d63d-4a87-9f18-078d2dd315ee	8	59727931	60373835	439	0.7914
89ba5753-d63d-4a87-9f18-078d2dd315ee	8	60373952	61925502	1042	0.9281
89ba5753-d63d-4a87-9f18-078d2dd315ee	8	61925593	61927357	3	-0.3474
89ba5753-d63d-4a87-9f18-078d2dd315ee	8	61927924	63936079	1232	0.8995
89ba5753-d63d-4a87-9f18-078d2dd315ee	8	63936340	63936561	6	2.0887
89ba5753-d63d-4a87-9f18-078d2dd315ee	8	63936953	68174794	2325	0.9027
89ba5753-d63d-4a87-9f18-078d2dd315ee	8	68177199	84345754	9891	0.7464
89ba5753-d63d-4a87-9f18-078d2dd315ee	8	84350648	84356431	19	-0.6494
89ba5753-d63d-4a87-9f18-078d2dd315ee	8	84358447	93911728	5400	0.7479
89ba5753-d63d-4a87-9f18-078d2dd315ee	8	93912749	99998801	3753	0.6846
89ba5753-d63d-4a87-9f18-078d2dd315ee	8	99999189	106847912	4304	0.7305
89ba5753-d63d-4a87-9f18-078d2dd315ee	8	106847945	106847952	2	-1.2461
89ba5753-d63d-4a87-9f18-078d2dd315ee	8	106847973	111279265	2642	0.7199
89ba5753-d63d-4a87-9f18-078d2dd315ee	8	111282050	111282852	7	-0.4274
89ba5753-d63d-4a87-9f18-078d2dd315ee	8	111282973	111283031	3	-2.8153
89ba5753-d63d-4a87-9f18-078d2dd315ee	8	111288052	114300440	1641	0.7245
89ba5753-d63d-4a87-9f18-078d2dd315ee	8	114300583	136765507	16165	0.5892
89ba5753-d63d-4a87-9f18-078d2dd315ee	8	136765736	136996007	191	0.7396
89ba5753-d63d-4a87-9f18-078d2dd315ee	8	136996234	140600263	2909	0.5755
89ba5753-d63d-4a87-9f18-078d2dd315ee	8	140600965	140991267	185	0.7511
89ba5753-d63d-4a87-9f18-078d2dd315ee	8	140991348	143222462	1169	0.5958
89ba5753-d63d-4a87-9f18-078d2dd315ee	8	143227585	143228447	10	-0.2786
89ba5753-d63d-4a87-9f18-078d2dd315ee	8	143232207	144345791	327	0.6138
89ba5753-d63d-4a87-9f18-078d2dd315ee	8	144345824	145072769	304	0.6836
89ba5753-d63d-4a87-9f18-078d2dd315ee	9	46587	6695986	6361	-0.5829
89ba5753-d63d-4a87-9f18-078d2dd315ee	9	6701145	6708357	7	-2.7308
89ba5753-d63d-4a87-9f18-078d2dd315ee	9	6712314	7332465	648	-0.6177
89ba5753-d63d-4a87-9f18-078d2dd315ee	9	7333301	7334464	5	-1.7477
89ba5753-d63d-4a87-9f18-078d2dd315ee	9	7335086	9307207	1844	-0.5997
89ba5753-d63d-4a87-9f18-078d2dd315ee	9	9308230	11992604	2369	-0.5206
89ba5753-d63d-4a87-9f18-078d2dd315ee	9	11995297	11996759	5	-1.7059
89ba5753-d63d-4a87-9f18-078d2dd315ee	9	11996831	12561676	446	-0.5378
89ba5753-d63d-4a87-9f18-078d2dd315ee	9	12562294	23361807	8699	-0.5808
89ba5753-d63d-4a87-9f18-078d2dd315ee	9	23363117	23372401	7	0.7646
89ba5753-d63d-4a87-9f18-078d2dd315ee	9	23373486	26037976	1918	-0.5844
89ba5753-d63d-4a87-9f18-078d2dd315ee	9	26049350	26050211	2	-2.7659
89ba5753-d63d-4a87-9f18-078d2dd315ee	9	26050661	35725071	6691	-0.5597
89ba5753-d63d-4a87-9f18-078d2dd315ee	9	35737200	36223534	303	0.3756
89ba5753-d63d-4a87-9f18-078d2dd315ee	9	36229599	39840169	1816	-0.608
89ba5753-d63d-4a87-9f18-078d2dd315ee	9	40018947	42302534	131	-0.292
89ba5753-d63d-4a87-9f18-078d2dd315ee	9	42302678	42501791	3	-3.3664
89ba5753-d63d-4a87-9f18-078d2dd315ee	9	42524983	61520021	60	-0.3671
89ba5753-d63d-4a87-9f18-078d2dd315ee	9	61521913	61616425	25	0.4197
89ba5753-d63d-4a87-9f18-078d2dd315ee	9	61627312	68328914	173	-0.2635
89ba5753-d63d-4a87-9f18-078d2dd315ee	9	68335112	76455545	5864	-0.5737
89ba5753-d63d-4a87-9f18-078d2dd315ee	9	76460736	76463497	3	-2.454
89ba5753-d63d-4a87-9f18-078d2dd315ee	9	76463757	85112728	6263	-0.5866
89ba5753-d63d-4a87-9f18-078d2dd315ee	9	85113635	85114114	2	-2.9768
89ba5753-d63d-4a87-9f18-078d2dd315ee	9	85115650	103804216	12601	-0.5932
89ba5753-d63d-4a87-9f18-078d2dd315ee	9	103806415	103807009	2	-3.7586
89ba5753-d63d-4a87-9f18-078d2dd315ee	9	103808421	105394877	1330	-0.5208
89ba5753-d63d-4a87-9f18-078d2dd315ee	9	105395683	127313159	15938	-0.5974
89ba5753-d63d-4a87-9f18-078d2dd315ee	9	127313393	130064708	1284	-0.5113
89ba5753-d63d-4a87-9f18-078d2dd315ee	9	130069044	138078681	4391	-0.5959
89ba5753-d63d-4a87-9f18-078d2dd315ee	9	138080313	138200944	83	-0.4088
89ba5753-d63d-4a87-9f18-078d2dd315ee	10	45792	412734	202	-0.6223
89ba5753-d63d-4a87-9f18-078d2dd315ee	10	414337	418643	3	0.3374
89ba5753-d63d-4a87-9f18-078d2dd315ee	10	420280	1033718	358	0.912
89ba5753-d63d-4a87-9f18-078d2dd315ee	10	1034850	4248622	3004	0.3831
89ba5753-d63d-4a87-9f18-078d2dd315ee	10	4248646	4248732	2	2.2232
89ba5753-d63d-4a87-9f18-078d2dd315ee	10	4248824	9048262	4239	0.384
89ba5753-d63d-4a87-9f18-078d2dd315ee	10	9051887	10590665	1197	-0.5932
89ba5753-d63d-4a87-9f18-078d2dd315ee	10	10595247	41715085	20035	0.3632
89ba5753-d63d-4a87-9f18-078d2dd315ee	10	41716748	43538808	840	-0.5528
89ba5753-d63d-4a87-9f18-078d2dd315ee	10	43542615	46792344	1806	-0.638
89ba5753-d63d-4a87-9f18-078d2dd315ee	10	46804606	46967412	6	0.6461
89ba5753-d63d-4a87-9f18-078d2dd315ee	10	47002596	49697401	1540	-0.6404
89ba5753-d63d-4a87-9f18-078d2dd315ee	10	49698681	56899089	5113	-0.5575
89ba5753-d63d-4a87-9f18-078d2dd315ee	10	56903250	75085874	11878	0.3553
89ba5753-d63d-4a87-9f18-078d2dd315ee	10	75087630	76493093	939	0.2924
89ba5753-d63d-4a87-9f18-078d2dd315ee	10	76497303	76497852	2	-1.5918
89ba5753-d63d-4a87-9f18-078d2dd315ee	10	76501509	79972897	2520	0.3002
89ba5753-d63d-4a87-9f18-078d2dd315ee	10	79973266	121683499	28317	0.347
89ba5753-d63d-4a87-9f18-078d2dd315ee	10	121692294	121864790	132	-0.6339
89ba5753-d63d-4a87-9f18-078d2dd315ee	10	121865675	130461878	6426	0.3349
89ba5753-d63d-4a87-9f18-078d2dd315ee	10	130462363	130462429	2	-1.3951
89ba5753-d63d-4a87-9f18-078d2dd315ee	10	130465088	133654968	2002	0.3307
89ba5753-d63d-4a87-9f18-078d2dd315ee	11	198510	230511	16	0.1973
89ba5753-d63d-4a87-9f18-078d2dd315ee	11	232598	4286769	1742	-0.1296
89ba5753-d63d-4a87-9f18-078d2dd315ee	11	4298482	4314648	5	-1.8746
89ba5753-d63d-4a87-9f18-078d2dd315ee	11	4314837	4946166	653	-0.1028
89ba5753-d63d-4a87-9f18-078d2dd315ee	11	4946420	4952799	26	0.71
89ba5753-d63d-4a87-9f18-078d2dd315ee	11	4953934	5761695	777	-0.0943
89ba5753-d63d-4a87-9f18-078d2dd315ee	11	5761729	5795002	45	0.4437
89ba5753-d63d-4a87-9f18-078d2dd315ee	11	5795055	6086560	235	-0.0657
89ba5753-d63d-4a87-9f18-078d2dd315ee	11	6087039	6100864	8	0.6834
89ba5753-d63d-4a87-9f18-078d2dd315ee	11	6101273	11026873	3412	-0.1073
89ba5753-d63d-4a87-9f18-078d2dd315ee	11	11028835	20587243	7245	-0.141
89ba5753-d63d-4a87-9f18-078d2dd315ee	11	20587404	25062669	3359	-0.0889
89ba5753-d63d-4a87-9f18-078d2dd315ee	11	25063750	25064191	2	-3.4436
89ba5753-d63d-4a87-9f18-078d2dd315ee	11	25064963	25697079	513	-0.0646
89ba5753-d63d-4a87-9f18-078d2dd315ee	11	25697298	25697434	5	0.783
89ba5753-d63d-4a87-9f18-078d2dd315ee	11	25700531	26997784	1008	-0.0893
89ba5753-d63d-4a87-9f18-078d2dd315ee	11	27003125	27049299	42	1.0595
89ba5753-d63d-4a87-9f18-078d2dd315ee	11	27052136	29045466	1197	-0.1016
89ba5753-d63d-4a87-9f18-078d2dd315ee	11	29046085	29046090	3	-1.4716
89ba5753-d63d-4a87-9f18-078d2dd315ee	11	29052622	36758924	5551	-0.1126
89ba5753-d63d-4a87-9f18-078d2dd315ee	11	36759611	36760584	3	-1.9405
89ba5753-d63d-4a87-9f18-078d2dd315ee	11	36762152	40391316	2282	-0.0711
89ba5753-d63d-4a87-9f18-078d2dd315ee	11	40392877	44468687	2878	-0.1297
89ba5753-d63d-4a87-9f18-078d2dd315ee	11	44469676	44470279	2	-1.8482
89ba5753-d63d-4a87-9f18-078d2dd315ee	11	44471349	48327685	2120	-0.1172
89ba5753-d63d-4a87-9f18-078d2dd315ee	11	48327878	48576870	101	0.056
89ba5753-d63d-4a87-9f18-078d2dd315ee	11	48579882	48590846	8	-0.7063
89ba5753-d63d-4a87-9f18-078d2dd315ee	11	48592643	48688191	35	0.0346
89ba5753-d63d-4a87-9f18-078d2dd315ee	11	48688872	48744535	23	0.4108
89ba5753-d63d-4a87-9f18-078d2dd315ee	11	48744576	50513731	705	-0.076
89ba5753-d63d-4a87-9f18-078d2dd315ee	11	50514047	55593885	403	0.3557
89ba5753-d63d-4a87-9f18-078d2dd315ee	11	55593934	55706751	74	0.0671
89ba5753-d63d-4a87-9f18-078d2dd315ee	11	55707880	81787763	14543	0.3168
89ba5753-d63d-4a87-9f18-078d2dd315ee	11	81792426	81806116	11	-0.5459
89ba5753-d63d-4a87-9f18-078d2dd315ee	11	81811590	86594771	3175	0.3244
89ba5753-d63d-4a87-9f18-078d2dd315ee	11	86594775	86595012	4	-0.6385
89ba5753-d63d-4a87-9f18-078d2dd315ee	11	86604132	89759710	2093	0.3226
89ba5753-d63d-4a87-9f18-078d2dd315ee	11	89765194	89796439	3	-1.0956
89ba5753-d63d-4a87-9f18-078d2dd315ee	11	89802300	92872820	2007	0.3245
89ba5753-d63d-4a87-9f18-078d2dd315ee	11	92873940	112220671	13544	0.3436
89ba5753-d63d-4a87-9f18-078d2dd315ee	11	112220722	116833887	3401	0.2741
89ba5753-d63d-4a87-9f18-078d2dd315ee	11	116834384	131556517	10716	0.3141
89ba5753-d63d-4a87-9f18-078d2dd315ee	11	131556906	131557143	3	1.6181
89ba5753-d63d-4a87-9f18-078d2dd315ee	11	131561028	135074876	2742	0.3204
89ba5753-d63d-4a87-9f18-078d2dd315ee	12	51460	760032	419	0.3365
89ba5753-d63d-4a87-9f18-078d2dd315ee	12	760097	764863	16	-3.1766
89ba5753-d63d-4a87-9f18-078d2dd315ee	12	766188	1802694	601	0.4008
89ba5753-d63d-4a87-9f18-078d2dd315ee	12	1803026	6129984	3492	0.3315
89ba5753-d63d-4a87-9f18-078d2dd315ee	12	6130600	8296516	1027	0.3847
89ba5753-d63d-4a87-9f18-078d2dd315ee	12	8296621	8300870	2	1.8871
89ba5753-d63d-4a87-9f18-078d2dd315ee	12	8307348	9498795	614	0.3627
89ba5753-d63d-4a87-9f18-078d2dd315ee	12	9499454	9544622	12	1.0389
89ba5753-d63d-4a87-9f18-078d2dd315ee	12	9545123	11068125	1043	0.3713
89ba5753-d63d-4a87-9f18-078d2dd315ee	12	11070111	11088933	9	-1.091
89ba5753-d63d-4a87-9f18-078d2dd315ee	12	11099275	20862972	6600	0.3799
89ba5753-d63d-4a87-9f18-078d2dd315ee	12	20863997	20877268	13	-0.4925
89ba5753-d63d-4a87-9f18-078d2dd315ee	12	20884733	22095884	828	0.3766
89ba5753-d63d-4a87-9f18-078d2dd315ee	12	22096001	22096185	4	1.453
89ba5753-d63d-4a87-9f18-078d2dd315ee	12	22096195	31886571	7169	0.3886
89ba5753-d63d-4a87-9f18-078d2dd315ee	12	31887663	31887777	3	-1.049
89ba5753-d63d-4a87-9f18-078d2dd315ee	12	31888235	33136024	902	0.3986
89ba5753-d63d-4a87-9f18-078d2dd315ee	12	33137723	38048496	940	0.4874
89ba5753-d63d-4a87-9f18-078d2dd315ee	12	38049146	54783148	9959	0.3645
89ba5753-d63d-4a87-9f18-078d2dd315ee	12	54795066	55255789	300	1.3132
89ba5753-d63d-4a87-9f18-078d2dd315ee	12	55260047	55303961	25	0.4172
89ba5753-d63d-4a87-9f18-078d2dd315ee	12	55313203	58327448	1594	1.3319
89ba5753-d63d-4a87-9f18-078d2dd315ee	12	58336368	58336379	2	-0.9197
89ba5753-d63d-4a87-9f18-078d2dd315ee	12	58337065	58417032	114	1.2909
89ba5753-d63d-4a87-9f18-078d2dd315ee	12	58420147	58734730	243	0.896
89ba5753-d63d-4a87-9f18-078d2dd315ee	12	58735241	58752254	16	1.3341
89ba5753-d63d-4a87-9f18-078d2dd315ee	12	58754449	58822475	45	0.9083
89ba5753-d63d-4a87-9f18-078d2dd315ee	12	58828192	58828619	12	0.2305
89ba5753-d63d-4a87-9f18-078d2dd315ee	12	58828895	59162305	265	0.9126
89ba5753-d63d-4a87-9f18-078d2dd315ee	12	59166531	59391352	139	0.3808
89ba5753-d63d-4a87-9f18-078d2dd315ee	12	59396056	65597300	3684	0.9319
89ba5753-d63d-4a87-9f18-078d2dd315ee	12	65599957	65702902	65	1.2541
89ba5753-d63d-4a87-9f18-078d2dd315ee	12	65703595	65830720	91	0.8534
89ba5753-d63d-4a87-9f18-078d2dd315ee	12	65832824	66521071	430	1.2982
89ba5753-d63d-4a87-9f18-078d2dd315ee	12	66521515	66526979	3	-0.0349
89ba5753-d63d-4a87-9f18-078d2dd315ee	12	66528019	68033684	1163	1.2905
89ba5753-d63d-4a87-9f18-078d2dd315ee	12	68035019	68537392	430	0.8889
89ba5753-d63d-4a87-9f18-078d2dd315ee	12	68540856	69400306	539	1.3468
89ba5753-d63d-4a87-9f18-078d2dd315ee	12	69401076	70003708	446	3.1178
89ba5753-d63d-4a87-9f18-078d2dd315ee	12	70005269	71432167	953	3.3184
89ba5753-d63d-4a87-9f18-078d2dd315ee	12	71432286	71915290	288	2.9804
89ba5753-d63d-4a87-9f18-078d2dd315ee	12	71915895	73584790	1007	2.4491
89ba5753-d63d-4a87-9f18-078d2dd315ee	12	73593734	93602402	12362	-0.5355
89ba5753-d63d-4a87-9f18-078d2dd315ee	12	93603115	96568651	2181	-0.5775
89ba5753-d63d-4a87-9f18-078d2dd315ee	12	96572330	96586016	4	-2.8702
89ba5753-d63d-4a87-9f18-078d2dd315ee	12	96587384	99401515	1981	-0.5894
89ba5753-d63d-4a87-9f18-078d2dd315ee	12	99401690	99409410	34	0.0282
89ba5753-d63d-4a87-9f18-078d2dd315ee	12	99409449	132735826	22414	-0.5876
89ba5753-d63d-4a87-9f18-078d2dd315ee	12	132735860	133201603	213	-0.4697
89ba5753-d63d-4a87-9f18-078d2dd315ee	13	18452809	23058992	2857	-0.5808
89ba5753-d63d-4a87-9f18-078d2dd315ee	13	23059009	23059376	5	-3.3542
89ba5753-d63d-4a87-9f18-078d2dd315ee	13	23064056	48957415	18592	-0.588
89ba5753-d63d-4a87-9f18-078d2dd315ee	13	48959579	48962368	2	-3.0059
89ba5753-d63d-4a87-9f18-078d2dd315ee	13	48963569	57184136	4487	-0.5503
89ba5753-d63d-4a87-9f18-078d2dd315ee	13	57184155	57204246	33	-2.132
89ba5753-d63d-4a87-9f18-078d2dd315ee	13	57215580	96858144	25212	-0.5429
89ba5753-d63d-4a87-9f18-078d2dd315ee	13	96858375	114342922	12766	-0.583
89ba5753-d63d-4a87-9f18-078d2dd315ee	14	18239283	19732250	67	0.3992
89ba5753-d63d-4a87-9f18-078d2dd315ee	14	19732958	19956767	101	-0.0723
89ba5753-d63d-4a87-9f18-078d2dd315ee	14	19957350	26314697	4335	0.3595
89ba5753-d63d-4a87-9f18-078d2dd315ee	14	26314707	26315707	7	-0.8217
89ba5753-d63d-4a87-9f18-078d2dd315ee	14	26325898	30930560	2644	0.3691
89ba5753-d63d-4a87-9f18-078d2dd315ee	14	30933625	37021312	4114	0.3268
89ba5753-d63d-4a87-9f18-078d2dd315ee	14	37021604	68495904	19568	0.3641
89ba5753-d63d-4a87-9f18-078d2dd315ee	14	68498552	68877453	333	0.9042
89ba5753-d63d-4a87-9f18-078d2dd315ee	14	68878102	69547262	406	0.3388
89ba5753-d63d-4a87-9f18-078d2dd315ee	14	69551330	69555750	9	-0.4945
89ba5753-d63d-4a87-9f18-078d2dd315ee	14	69555996	74573635	3208	0.3233
89ba5753-d63d-4a87-9f18-078d2dd315ee	14	74577327	74591106	9	0.8266
89ba5753-d63d-4a87-9f18-078d2dd315ee	14	74593583	74647828	40	1.2964
89ba5753-d63d-4a87-9f18-078d2dd315ee	14	74654650	80078226	3733	0.9054
89ba5753-d63d-4a87-9f18-078d2dd315ee	14	80078632	91509281	7408	0.9346
89ba5753-d63d-4a87-9f18-078d2dd315ee	14	91515024	96193710	3394	0.8856
89ba5753-d63d-4a87-9f18-078d2dd315ee	14	96198561	97680468	1026	1.3175
89ba5753-d63d-4a87-9f18-078d2dd315ee	14	97680568	106186668	4616	0.923
89ba5753-d63d-4a87-9f18-078d2dd315ee	14	106187137	106487515	150	1.1448
89ba5753-d63d-4a87-9f18-078d2dd315ee	14	106487827	106877229	192	0.9208
89ba5753-d63d-4a87-9f18-078d2dd315ee	15	19811075	20206773	59	-0.3227
89ba5753-d63d-4a87-9f18-078d2dd315ee	15	20207225	22294951	141	-0.9775
89ba5753-d63d-4a87-9f18-078d2dd315ee	15	22296480	30106026	4612	-0.6026
89ba5753-d63d-4a87-9f18-078d2dd315ee	15	30152073	30291233	19	0.115
89ba5753-d63d-4a87-9f18-078d2dd315ee	15	30297594	39469468	6162	-0.6158
89ba5753-d63d-4a87-9f18-078d2dd315ee	15	39470175	57420676	10575	-0.5772
89ba5753-d63d-4a87-9f18-078d2dd315ee	15	57421553	61392006	3137	-0.64
89ba5753-d63d-4a87-9f18-078d2dd315ee	15	61395970	61402444	9	-5.9939
89ba5753-d63d-4a87-9f18-078d2dd315ee	15	61405475	61405782	7	-1.9468
89ba5753-d63d-4a87-9f18-078d2dd315ee	15	61408185	76586021	9086	-0.5994
89ba5753-d63d-4a87-9f18-078d2dd315ee	15	76598900	76603434	22	0.5414
89ba5753-d63d-4a87-9f18-078d2dd315ee	15	76609838	84158730	4581	-0.6224
89ba5753-d63d-4a87-9f18-078d2dd315ee	15	84159599	84388506	6	0.8132
89ba5753-d63d-4a87-9f18-078d2dd315ee	15	84390750	101864933	12967	-0.6023
89ba5753-d63d-4a87-9f18-078d2dd315ee	15	101880399	101928837	12	0.2956
89ba5753-d63d-4a87-9f18-078d2dd315ee	16	10777	592208	243	0.3995
89ba5753-d63d-4a87-9f18-078d2dd315ee	16	592232	592632	5	-0.7876
89ba5753-d63d-4a87-9f18-078d2dd315ee	16	592743	29265473	18794	0.3357
89ba5753-d63d-4a87-9f18-078d2dd315ee	16	29268429	29270444	5	-1.1206
89ba5753-d63d-4a87-9f18-078d2dd315ee	16	29272383	35225338	1110	0.3855
89ba5753-d63d-4a87-9f18-078d2dd315ee	16	35232200	35522700	168	0.9222
89ba5753-d63d-4a87-9f18-078d2dd315ee	16	35526596	35906467	123	0.5394
89ba5753-d63d-4a87-9f18-078d2dd315ee	16	35910712	55762682	6469	0.3145
89ba5753-d63d-4a87-9f18-078d2dd315ee	16	55764310	55764867	3	3.2923
89ba5753-d63d-4a87-9f18-078d2dd315ee	16	55770436	78337711	14281	0.3478
89ba5753-d63d-4a87-9f18-078d2dd315ee	16	78338543	78350868	16	-1.9673
89ba5753-d63d-4a87-9f18-078d2dd315ee	16	78351104	90096867	10599	0.3336
89ba5753-d63d-4a87-9f18-078d2dd315ee	17	150733	18414080	11358	-0.6018
89ba5753-d63d-4a87-9f18-078d2dd315ee	17	18452078	18561907	27	-1.5077
89ba5753-d63d-4a87-9f18-078d2dd315ee	17	18565883	32833441	4241	-0.5542
89ba5753-d63d-4a87-9f18-078d2dd315ee	17	32834086	33992415	1070	-0.7129
89ba5753-d63d-4a87-9f18-078d2dd315ee	17	33992728	34497323	476	-0.5841
89ba5753-d63d-4a87-9f18-078d2dd315ee	17	34497475	34498137	2	-3.5781
89ba5753-d63d-4a87-9f18-078d2dd315ee	17	34498242	39439193	2573	-0.6071
89ba5753-d63d-4a87-9f18-078d2dd315ee	17	39444209	39720645	164	0.8671
89ba5753-d63d-4a87-9f18-078d2dd315ee	17	39720681	39720995	3	-0.2309
89ba5753-d63d-4a87-9f18-078d2dd315ee	17	39725020	39859917	76	0.9816
89ba5753-d63d-4a87-9f18-078d2dd315ee	17	39860682	46085732	3281	-0.5553
89ba5753-d63d-4a87-9f18-078d2dd315ee	17	46088437	46124072	28	0.4408
89ba5753-d63d-4a87-9f18-078d2dd315ee	17	46124088	46284997	94	0.1151
89ba5753-d63d-4a87-9f18-078d2dd315ee	17	46286804	83091923	21499	-0.5994
89ba5753-d63d-4a87-9f18-078d2dd315ee	18	48133	40678741	22773	0.3711
89ba5753-d63d-4a87-9f18-078d2dd315ee	18	40678763	40685425	20	1.1294
89ba5753-d63d-4a87-9f18-078d2dd315ee	18	40688060	53107192	8555	0.352
89ba5753-d63d-4a87-9f18-078d2dd315ee	18	53111984	53300279	118	0.9266
89ba5753-d63d-4a87-9f18-078d2dd315ee	18	53301420	53740096	282	-0.5863
89ba5753-d63d-4a87-9f18-078d2dd315ee	18	53740180	53741814	13	0.1039
89ba5753-d63d-4a87-9f18-078d2dd315ee	18	53751899	55118001	838	-0.5605
89ba5753-d63d-4a87-9f18-078d2dd315ee	18	55121646	55121740	2	-3.02
89ba5753-d63d-4a87-9f18-078d2dd315ee	18	55123080	59694941	3166	-0.5929
89ba5753-d63d-4a87-9f18-078d2dd315ee	18	59695550	65532150	4096	-0.5465
89ba5753-d63d-4a87-9f18-078d2dd315ee	18	65532203	65537375	26	0.033
89ba5753-d63d-4a87-9f18-078d2dd315ee	18	65537481	73493610	5850	-0.5348
89ba5753-d63d-4a87-9f18-078d2dd315ee	18	73502049	80257174	4901	-0.6242
89ba5753-d63d-4a87-9f18-078d2dd315ee	19	90910	8738496	3114	-0.5702
89ba5753-d63d-4a87-9f18-078d2dd315ee	19	8768031	8821712	14	1.5951
89ba5753-d63d-4a87-9f18-078d2dd315ee	19	8822385	8959057	118	1.9143
89ba5753-d63d-4a87-9f18-078d2dd315ee	19	8959216	9024139	60	1.5092
89ba5753-d63d-4a87-9f18-078d2dd315ee	19	9026424	9907519	459	0.8117
89ba5753-d63d-4a87-9f18-078d2dd315ee	19	9911402	11126128	508	-0.5221
89ba5753-d63d-4a87-9f18-078d2dd315ee	19	11126329	11132298	6	-1.3792
89ba5753-d63d-4a87-9f18-078d2dd315ee	19	11137314	11265999	55	-0.6239
89ba5753-d63d-4a87-9f18-078d2dd315ee	19	11266788	11499362	109	0.6056
89ba5753-d63d-4a87-9f18-078d2dd315ee	19	11499672	11616976	52	0.9536
89ba5753-d63d-4a87-9f18-078d2dd315ee	19	11620469	16892546	2783	0.6379
89ba5753-d63d-4a87-9f18-078d2dd315ee	19	16892978	19302283	1008	0.7797
89ba5753-d63d-4a87-9f18-078d2dd315ee	19	19310409	20541039	683	-0.5007
89ba5753-d63d-4a87-9f18-078d2dd315ee	19	20541093	20555515	7	-1.7199
89ba5753-d63d-4a87-9f18-078d2dd315ee	19	20557440	24324322	2144	-0.5423
89ba5753-d63d-4a87-9f18-078d2dd315ee	19	24324332	27290383	13	0.0256
89ba5753-d63d-4a87-9f18-078d2dd315ee	19	27294585	27330071	3	0.5902
89ba5753-d63d-4a87-9f18-078d2dd315ee	19	27337678	27474607	13	1.1458
89ba5753-d63d-4a87-9f18-078d2dd315ee	19	27507658	30220274	1973	0.5679
89ba5753-d63d-4a87-9f18-078d2dd315ee	19	30220335	32373715	1621	0.3399
89ba5753-d63d-4a87-9f18-078d2dd315ee	19	32375342	35364451	1929	0.0546
89ba5753-d63d-4a87-9f18-078d2dd315ee	19	35364547	35370946	20	-0.6564
89ba5753-d63d-4a87-9f18-078d2dd315ee	19	35375842	42783304	3679	0.0461
89ba5753-d63d-4a87-9f18-078d2dd315ee	19	42783310	42858500	30	0.4923
89ba5753-d63d-4a87-9f18-078d2dd315ee	19	42864783	58586487	8659	0.0195
89ba5753-d63d-4a87-9f18-078d2dd315ee	20	80664	80941	9	0.7561
89ba5753-d63d-4a87-9f18-078d2dd315ee	20	81034	1580353	1195	1.5282
89ba5753-d63d-4a87-9f18-078d2dd315ee	20	1580934	1617300	42	1.0479
89ba5753-d63d-4a87-9f18-078d2dd315ee	20	1617460	2119349	418	1.517
89ba5753-d63d-4a87-9f18-078d2dd315ee	20	2121041	6634344	3254	0.8517
89ba5753-d63d-4a87-9f18-078d2dd315ee	20	6638529	8488947	1447	0.2978
89ba5753-d63d-4a87-9f18-078d2dd315ee	20	8502304	9473454	847	0.9591
89ba5753-d63d-4a87-9f18-078d2dd315ee	20	9474444	9539369	53	1.2949
89ba5753-d63d-4a87-9f18-078d2dd315ee	20	9540050	11610744	1672	0.9433
89ba5753-d63d-4a87-9f18-078d2dd315ee	20	11611368	13049214	1130	1.3168
89ba5753-d63d-4a87-9f18-078d2dd315ee	20	13054057	13170010	113	0.9217
89ba5753-d63d-4a87-9f18-078d2dd315ee	20	13170770	13210026	29	1.3324
89ba5753-d63d-4a87-9f18-078d2dd315ee	20	13213298	14478927	701	0.875
89ba5753-d63d-4a87-9f18-078d2dd315ee	20	14482948	14965091	418	0.3362
89ba5753-d63d-4a87-9f18-078d2dd315ee	20	14965193	15408380	370	0.8905
89ba5753-d63d-4a87-9f18-078d2dd315ee	20	15408599	18921584	3062	0.2597
89ba5753-d63d-4a87-9f18-078d2dd315ee	20	18924874	18955495	21	-0.6106
89ba5753-d63d-4a87-9f18-078d2dd315ee	20	18960228	19119198	150	0.226
89ba5753-d63d-4a87-9f18-078d2dd315ee	20	19119504	19510109	338	0.8072
89ba5753-d63d-4a87-9f18-078d2dd315ee	20	19516095	19557801	57	0.1958
89ba5753-d63d-4a87-9f18-078d2dd315ee	20	19558451	20184042	594	0.826
89ba5753-d63d-4a87-9f18-078d2dd315ee	20	20185794	20416610	166	0.2658
89ba5753-d63d-4a87-9f18-078d2dd315ee	20	20419085	20708313	163	0.8545
89ba5753-d63d-4a87-9f18-078d2dd315ee	20	20726349	23412276	1954	0.2783
89ba5753-d63d-4a87-9f18-078d2dd315ee	20	23416024	25557385	1517	0.8563
89ba5753-d63d-4a87-9f18-078d2dd315ee	20	25558704	25682317	65	0.222
89ba5753-d63d-4a87-9f18-078d2dd315ee	20	25682550	25693871	5	-0.52
89ba5753-d63d-4a87-9f18-078d2dd315ee	20	25694966	26294198	195	0.3332
89ba5753-d63d-4a87-9f18-078d2dd315ee	20	26297680	39000544	4104	0.8945
89ba5753-d63d-4a87-9f18-078d2dd315ee	20	39001373	40701214	1254	0.2847
89ba5753-d63d-4a87-9f18-078d2dd315ee	20	40703600	47634814	4940	0.8784
89ba5753-d63d-4a87-9f18-078d2dd315ee	20	47635430	48245063	527	0.3265
89ba5753-d63d-4a87-9f18-078d2dd315ee	20	48245346	48296245	41	0.9676
89ba5753-d63d-4a87-9f18-078d2dd315ee	20	48297920	48322759	20	0.3495
89ba5753-d63d-4a87-9f18-078d2dd315ee	20	48322772	48332373	8	0.8132
89ba5753-d63d-4a87-9f18-078d2dd315ee	20	48332430	48469509	139	0.3086
89ba5753-d63d-4a87-9f18-078d2dd315ee	20	48479209	48663554	91	0.9266
89ba5753-d63d-4a87-9f18-078d2dd315ee	20	48671830	48673117	2	-0.7622
89ba5753-d63d-4a87-9f18-078d2dd315ee	20	48673855	57722768	6763	0.8878
89ba5753-d63d-4a87-9f18-078d2dd315ee	20	57723635	58069863	310	0.3116
89ba5753-d63d-4a87-9f18-078d2dd315ee	20	58070378	58796648	567	0.8975
89ba5753-d63d-4a87-9f18-078d2dd315ee	20	58797137	58825343	23	0.3856
89ba5753-d63d-4a87-9f18-078d2dd315ee	20	58827937	58939371	58	0.8542
89ba5753-d63d-4a87-9f18-078d2dd315ee	20	58940048	59082794	75	-0.7121
89ba5753-d63d-4a87-9f18-078d2dd315ee	20	59083713	59173314	56	0.3532
89ba5753-d63d-4a87-9f18-078d2dd315ee	20	59173352	59203866	25	0.86
89ba5753-d63d-4a87-9f18-078d2dd315ee	20	59207073	59430928	222	0.3088
89ba5753-d63d-4a87-9f18-078d2dd315ee	20	59435027	60399524	825	0.8561
89ba5753-d63d-4a87-9f18-078d2dd315ee	20	60403476	60819963	347	0.3133
89ba5753-d63d-4a87-9f18-078d2dd315ee	20	60823337	60829392	7	0.8684
89ba5753-d63d-4a87-9f18-078d2dd315ee	20	60831137	60871668	40	0.2724
89ba5753-d63d-4a87-9f18-078d2dd315ee	20	60871967	60941219	68	-0.6864
89ba5753-d63d-4a87-9f18-078d2dd315ee	20	60941962	61140155	234	0.2675
89ba5753-d63d-4a87-9f18-078d2dd315ee	20	61143334	61973114	629	0.8224
89ba5753-d63d-4a87-9f18-078d2dd315ee	20	61983972	61984028	3	2.4738
89ba5753-d63d-4a87-9f18-078d2dd315ee	20	61992694	62315319	179	0.9074
89ba5753-d63d-4a87-9f18-078d2dd315ee	20	62316232	64324800	797	1.284
89ba5753-d63d-4a87-9f18-078d2dd315ee	21	10354168	10569525	55	0.1075
89ba5753-d63d-4a87-9f18-078d2dd315ee	21	10571815	10775586	32	-0.5361
89ba5753-d63d-4a87-9f18-078d2dd315ee	21	12973348	13166236	24	0.1465
89ba5753-d63d-4a87-9f18-078d2dd315ee	21	13169048	13227761	10	0.7543
89ba5753-d63d-4a87-9f18-078d2dd315ee	21	13231256	13583316	147	0.4729
89ba5753-d63d-4a87-9f18-078d2dd315ee	21	13612103	13677975	4	-0.5505
89ba5753-d63d-4a87-9f18-078d2dd315ee	21	13803967	14633026	464	0.3913
89ba5753-d63d-4a87-9f18-078d2dd315ee	21	14635289	14695955	52	0.7622
89ba5753-d63d-4a87-9f18-078d2dd315ee	21	14696137	14923014	142	0.9981
89ba5753-d63d-4a87-9f18-078d2dd315ee	21	14923033	15419055	378	0.6331
89ba5753-d63d-4a87-9f18-078d2dd315ee	21	15422260	19075967	2583	0.7308
89ba5753-d63d-4a87-9f18-078d2dd315ee	21	19075997	19269283	142	0.6546
89ba5753-d63d-4a87-9f18-078d2dd315ee	21	19269292	19269487	4	-0.4418
89ba5753-d63d-4a87-9f18-078d2dd315ee	21	19269657	20548294	941	0.7542
89ba5753-d63d-4a87-9f18-078d2dd315ee	21	20548478	22118679	1213	0.0485
89ba5753-d63d-4a87-9f18-078d2dd315ee	21	22119916	24942019	2240	0.09
89ba5753-d63d-4a87-9f18-078d2dd315ee	21	24942056	36555500	8276	0.0242
89ba5753-d63d-4a87-9f18-078d2dd315ee	21	36555674	36558060	4	-1.0293
89ba5753-d63d-4a87-9f18-078d2dd315ee	21	36560880	39589057	2432	0.0097
89ba5753-d63d-4a87-9f18-078d2dd315ee	21	39590435	39591027	2	-1.5528
89ba5753-d63d-4a87-9f18-078d2dd315ee	21	39593400	39907198	282	0.003
89ba5753-d63d-4a87-9f18-078d2dd315ee	21	39909539	39919498	21	-0.8194
89ba5753-d63d-4a87-9f18-078d2dd315ee	21	39923550	45072465	3457	0.0069
89ba5753-d63d-4a87-9f18-078d2dd315ee	21	45079976	45485910	244	0.4439
89ba5753-d63d-4a87-9f18-078d2dd315ee	21	45486776	46677045	698	-0.0048
89ba5753-d63d-4a87-9f18-078d2dd315ee	22	15294547	16415083	48	0.0843
89ba5753-d63d-4a87-9f18-078d2dd315ee	22	16415484	19568787	1485	-0.5744
89ba5753-d63d-4a87-9f18-078d2dd315ee	22	19570952	19571830	2	-3.2981
89ba5753-d63d-4a87-9f18-078d2dd315ee	22	19572304	25621172	4009	-0.5629
89ba5753-d63d-4a87-9f18-078d2dd315ee	22	25621736	28025312	2337	-0.6977
89ba5753-d63d-4a87-9f18-078d2dd315ee	22	28026872	32584469	2644	-0.5901
89ba5753-d63d-4a87-9f18-078d2dd315ee	22	32584509	35594811	2696	-0.6762
89ba5753-d63d-4a87-9f18-078d2dd315ee	22	35594967	37533474	1263	-0.6123
89ba5753-d63d-4a87-9f18-078d2dd315ee	22	37533752	43062846	2928	-0.5474
89ba5753-d63d-4a87-9f18-078d2dd315ee	22	43063227	46908493	2732	-0.6354
89ba5753-d63d-4a87-9f18-078d2dd315ee	22	46908608	49689323	2550	-0.7385
89ba5753-d63d-4a87-9f18-078d2dd315ee	22	49691467	50796027	487	-0.5885
89ba5753-d63d-4a87-9f18-078d2dd315ee	X	251810	23712042	14401	0.0115
89ba5753-d63d-4a87-9f18-078d2dd315ee	X	23713716	34103353	6840	0.0568
89ba5753-d63d-4a87-9f18-078d2dd315ee	X	34103413	34115608	21	0.6501
89ba5753-d63d-4a87-9f18-078d2dd315ee	X	34115802	37421746	1784	0.0588
89ba5753-d63d-4a87-9f18-078d2dd315ee	X	37422389	38437904	648	0.004
89ba5753-d63d-4a87-9f18-078d2dd315ee	X	38438304	38438756	4	-2.062
89ba5753-d63d-4a87-9f18-078d2dd315ee	X	38438789	47324112	4863	0.0068
89ba5753-d63d-4a87-9f18-078d2dd315ee	X	47324452	58260664	4733	0.0554
89ba5753-d63d-4a87-9f18-078d2dd315ee	X	58261414	58447313	46	0.2865
89ba5753-d63d-4a87-9f18-078d2dd315ee	X	58450017	58516540	10	0.8879
89ba5753-d63d-4a87-9f18-078d2dd315ee	X	58523135	63250976	151	0.248
89ba5753-d63d-4a87-9f18-078d2dd315ee	X	63251141	98111836	17206	0.0162
89ba5753-d63d-4a87-9f18-078d2dd315ee	X	98112120	104141495	3077	-0.0299
89ba5753-d63d-4a87-9f18-078d2dd315ee	X	104142395	104144159	2	-2.0142
89ba5753-d63d-4a87-9f18-078d2dd315ee	X	104144346	107153172	1481	-0.029
89ba5753-d63d-4a87-9f18-078d2dd315ee	X	107153225	107154804	2	-2.3296
89ba5753-d63d-4a87-9f18-078d2dd315ee	X	107155296	155675928	28182	-0.0203
89ba5753-d63d-4a87-9f18-078d2dd315ee	X	155677414	155952689	37	0.1503
89ba5753-d63d-4a87-9f18-078d2dd315ee	Y	2784693	6167430	703	-0.9699
89ba5753-d63d-4a87-9f18-078d2dd315ee	Y	6171310	6171622	2	-6.6087
89ba5753-d63d-4a87-9f18-078d2dd315ee	Y	6180233	56872112	5482	-0.9537
