GDC_Aliquot	Chromosome	Start	End	Num_Probes	Segment_Mean
e6262f58-9f82-48e5-958a-5762789f35e6	1	3301765	4223964	509	-0.0524
e6262f58-9f82-48e5-958a-5762789f35e6	1	4224599	4224899	3	-2.2036
e6262f58-9f82-48e5-958a-5762789f35e6	1	4225931	8752155	2879	-0.0805
e6262f58-9f82-48e5-958a-5762789f35e6	1	8752331	12170574	1651	0.0065
e6262f58-9f82-48e5-958a-5762789f35e6	1	12171597	16158861	2134	-0.072
e6262f58-9f82-48e5-958a-5762789f35e6	1	16159316	16272669	44	0.4843
e6262f58-9f82-48e5-958a-5762789f35e6	1	16272995	29343561	6587	-0.0468
e6262f58-9f82-48e5-958a-5762789f35e6	1	29347867	29400363	31	0.3222
e6262f58-9f82-48e5-958a-5762789f35e6	1	29410923	30998356	1089	0.6232
e6262f58-9f82-48e5-958a-5762789f35e6	1	31015132	31022066	7	-0.5153
e6262f58-9f82-48e5-958a-5762789f35e6	1	31029510	34316287	1735	0.6403
e6262f58-9f82-48e5-958a-5762789f35e6	1	34317225	34672380	241	0.2851
e6262f58-9f82-48e5-958a-5762789f35e6	1	34673222	35454378	369	0.6825
e6262f58-9f82-48e5-958a-5762789f35e6	1	35463407	35606906	60	0.3392
e6262f58-9f82-48e5-958a-5762789f35e6	1	35612842	37867899	1196	0.6596
e6262f58-9f82-48e5-958a-5762789f35e6	1	37871077	44669091	3859	0.3236
e6262f58-9f82-48e5-958a-5762789f35e6	1	44670462	44838578	79	0.6516
e6262f58-9f82-48e5-958a-5762789f35e6	1	44838666	44839110	3	-0.6265
e6262f58-9f82-48e5-958a-5762789f35e6	1	44839438	45591642	340	0.6257
e6262f58-9f82-48e5-958a-5762789f35e6	1	45597382	55457312	5192	0.2991
e6262f58-9f82-48e5-958a-5762789f35e6	1	55457366	119981332	40069	0.2416
e6262f58-9f82-48e5-958a-5762789f35e6	1	119984738	151904006	798	0.6717
e6262f58-9f82-48e5-958a-5762789f35e6	1	151904502	153495630	947	0.5914
e6262f58-9f82-48e5-958a-5762789f35e6	1	153496225	156945246	1545	0.6849
e6262f58-9f82-48e5-958a-5762789f35e6	1	156945417	165362619	5774	0.5939
e6262f58-9f82-48e5-958a-5762789f35e6	1	165365371	173822479	5967	0.5643
e6262f58-9f82-48e5-958a-5762789f35e6	1	173826738	199785358	15489	0.6115
e6262f58-9f82-48e5-958a-5762789f35e6	1	199785520	206156036	4149	0.6813
e6262f58-9f82-48e5-958a-5762789f35e6	1	206157841	206165498	3	-0.7899
e6262f58-9f82-48e5-958a-5762789f35e6	1	206166649	206838140	324	0.7064
e6262f58-9f82-48e5-958a-5762789f35e6	1	206839832	244165428	25055	0.6386
e6262f58-9f82-48e5-958a-5762789f35e6	1	244167934	247650984	1521	0.6769
e6262f58-9f82-48e5-958a-5762789f35e6	2	480597	8481793	4933	0.248
e6262f58-9f82-48e5-958a-5762789f35e6	2	8482041	11950490	2317	0.3061
e6262f58-9f82-48e5-958a-5762789f35e6	2	11951105	13436637	1033	0.2214
e6262f58-9f82-48e5-958a-5762789f35e6	2	13437069	13437230	2	1.7615
e6262f58-9f82-48e5-958a-5762789f35e6	2	13440139	23564415	6833	0.2248
e6262f58-9f82-48e5-958a-5762789f35e6	2	23564853	28598282	2368	0.2914
e6262f58-9f82-48e5-958a-5762789f35e6	2	28599336	47795976	11267	0.237
e6262f58-9f82-48e5-958a-5762789f35e6	2	47801326	47836351	17	-0.7391
e6262f58-9f82-48e5-958a-5762789f35e6	2	47844116	58322203	5531	0.2153
e6262f58-9f82-48e5-958a-5762789f35e6	2	58330867	58408423	40	0.7533
e6262f58-9f82-48e5-958a-5762789f35e6	2	58411341	59235123	535	0.204
e6262f58-9f82-48e5-958a-5762789f35e6	2	59239881	59240264	3	-0.9478
e6262f58-9f82-48e5-958a-5762789f35e6	2	59244147	60101550	651	0.1924
e6262f58-9f82-48e5-958a-5762789f35e6	2	60102118	131608712	33517	0.24
e6262f58-9f82-48e5-958a-5762789f35e6	2	131611083	188420530	32203	0.2122
e6262f58-9f82-48e5-958a-5762789f35e6	2	188422109	188423828	2	-1.8167
e6262f58-9f82-48e5-958a-5762789f35e6	2	188426618	229652468	24072	0.2243
e6262f58-9f82-48e5-958a-5762789f35e6	2	229653517	241537572	6810	0.2833
e6262f58-9f82-48e5-958a-5762789f35e6	3	2170634	4444660	1209	0.2413
e6262f58-9f82-48e5-958a-5762789f35e6	3	4446799	15112728	6723	0.2896
e6262f58-9f82-48e5-958a-5762789f35e6	3	15112827	17021735	1280	0.2427
e6262f58-9f82-48e5-958a-5762789f35e6	3	17025593	17025757	2	-1.8372
e6262f58-9f82-48e5-958a-5762789f35e6	3	17026479	46419303	17284	0.2517
e6262f58-9f82-48e5-958a-5762789f35e6	3	46421933	53211183	2768	0.3495
e6262f58-9f82-48e5-958a-5762789f35e6	3	53214865	176972093	66915	0.2425
e6262f58-9f82-48e5-958a-5762789f35e6	3	177177049	177245733	42	-0.7156
e6262f58-9f82-48e5-958a-5762789f35e6	3	177262432	183247455	3356	0.2439
e6262f58-9f82-48e5-958a-5762789f35e6	3	183247486	183251032	5	-0.9937
e6262f58-9f82-48e5-958a-5762789f35e6	3	183251709	189372662	3431	0.2739
e6262f58-9f82-48e5-958a-5762789f35e6	3	189376519	189380938	5	-0.7157
e6262f58-9f82-48e5-958a-5762789f35e6	3	189384112	192024302	1761	0.2482
e6262f58-9f82-48e5-958a-5762789f35e6	3	192030011	192302266	94	-0.729
e6262f58-9f82-48e5-958a-5762789f35e6	3	192302511	192725413	279	0.2297
e6262f58-9f82-48e5-958a-5762789f35e6	3	192726953	197812401	1975	0.6302
e6262f58-9f82-48e5-958a-5762789f35e6	4	1059384	4357762	1261	-0.6206
e6262f58-9f82-48e5-958a-5762789f35e6	4	4359249	39413784	22600	-0.7197
e6262f58-9f82-48e5-958a-5762789f35e6	4	39415971	40937478	707	-0.6017
e6262f58-9f82-48e5-958a-5762789f35e6	4	40938262	55590249	6234	-0.7275
e6262f58-9f82-48e5-958a-5762789f35e6	4	55593918	68339321	7102	0.2487
e6262f58-9f82-48e5-958a-5762789f35e6	4	69452478	70302923	506	2.393
e6262f58-9f82-48e5-958a-5762789f35e6	4	70303559	72506265	1130	1.9287
e6262f58-9f82-48e5-958a-5762789f35e6	4	72512658	72603999	60	1.4569
e6262f58-9f82-48e5-958a-5762789f35e6	4	72607752	72608343	2	-0.6
e6262f58-9f82-48e5-958a-5762789f35e6	4	72608964	73048528	309	1.5233
e6262f58-9f82-48e5-958a-5762789f35e6	4	73051115	73326871	99	2.2054
e6262f58-9f82-48e5-958a-5762789f35e6	4	73326959	73914864	387	1.5331
e6262f58-9f82-48e5-958a-5762789f35e6	4	73928205	74537851	359	1.0055
e6262f58-9f82-48e5-958a-5762789f35e6	4	74538256	74555529	14	1.5719
e6262f58-9f82-48e5-958a-5762789f35e6	4	74580878	132861591	32857	-0.1649
e6262f58-9f82-48e5-958a-5762789f35e6	4	132862051	132909962	40	0.2642
e6262f58-9f82-48e5-958a-5762789f35e6	4	132910877	175205748	23430	-0.1682
e6262f58-9f82-48e5-958a-5762789f35e6	4	175209647	187842528	6239	-0.1348
e6262f58-9f82-48e5-958a-5762789f35e6	5	913983	45383300	26121	0.2586
e6262f58-9f82-48e5-958a-5762789f35e6	5	50828231	59744864	5745	-0.1579
e6262f58-9f82-48e5-958a-5762789f35e6	5	59746303	130881785	38492	0.226
e6262f58-9f82-48e5-958a-5762789f35e6	5	130884333	133344799	1309	0.288
e6262f58-9f82-48e5-958a-5762789f35e6	5	133345960	133836810	429	0.201
e6262f58-9f82-48e5-958a-5762789f35e6	5	133839458	135138801	703	0.3268
e6262f58-9f82-48e5-958a-5762789f35e6	5	135138867	137946951	1955	0.213
e6262f58-9f82-48e5-958a-5762789f35e6	5	137953105	142551105	2164	0.2965
e6262f58-9f82-48e5-958a-5762789f35e6	5	142551406	148960155	4193	0.2248
e6262f58-9f82-48e5-958a-5762789f35e6	5	148961087	148961547	5	-0.9585
e6262f58-9f82-48e5-958a-5762789f35e6	5	148965582	154465243	3699	0.2528
e6262f58-9f82-48e5-958a-5762789f35e6	5	154465433	154465503	2	-1.2141
e6262f58-9f82-48e5-958a-5762789f35e6	5	154476927	154714819	139	0.3343
e6262f58-9f82-48e5-958a-5762789f35e6	5	154716841	154773416	23	-0.7247
e6262f58-9f82-48e5-958a-5762789f35e6	5	154785702	171030315	10802	0.2477
e6262f58-9f82-48e5-958a-5762789f35e6	5	171031377	176311158	3254	0.2879
e6262f58-9f82-48e5-958a-5762789f35e6	5	176315872	180799571	1963	0.3505
e6262f58-9f82-48e5-958a-5762789f35e6	5	180799673	180934240	66	0.1683
e6262f58-9f82-48e5-958a-5762789f35e6	6	1011760	1766414	629	0.2885
e6262f58-9f82-48e5-958a-5762789f35e6	6	1768431	1808623	29	-0.8128
e6262f58-9f82-48e5-958a-5762789f35e6	6	1809689	23776281	15529	0.2662
e6262f58-9f82-48e5-958a-5762789f35e6	6	23781435	23783459	8	-0.9549
e6262f58-9f82-48e5-958a-5762789f35e6	6	23789106	29532635	2583	0.2544
e6262f58-9f82-48e5-958a-5762789f35e6	6	29534853	37893499	3351	0.3434
e6262f58-9f82-48e5-958a-5762789f35e6	6	37895233	41004759	2334	0.2545
e6262f58-9f82-48e5-958a-5762789f35e6	6	41005660	44547214	1978	0.3425
e6262f58-9f82-48e5-958a-5762789f35e6	6	44549930	67133200	10636	0.2485
e6262f58-9f82-48e5-958a-5762789f35e6	6	67137258	67149597	15	1.194
e6262f58-9f82-48e5-958a-5762789f35e6	6	67150737	73184655	3516	0.241
e6262f58-9f82-48e5-958a-5762789f35e6	6	73185818	73719168	255	0.3817
e6262f58-9f82-48e5-958a-5762789f35e6	6	73719551	78636741	2786	0.2497
e6262f58-9f82-48e5-958a-5762789f35e6	6	78640995	78643000	2	-1.5768
e6262f58-9f82-48e5-958a-5762789f35e6	6	78643288	92621416	8023	0.247
e6262f58-9f82-48e5-958a-5762789f35e6	6	92621711	92624553	2	-1.426
e6262f58-9f82-48e5-958a-5762789f35e6	6	92637791	97109532	1856	0.2363
e6262f58-9f82-48e5-958a-5762789f35e6	6	97109622	97109662	2	-1.2076
e6262f58-9f82-48e5-958a-5762789f35e6	6	97110260	105962638	5104	0.2356
e6262f58-9f82-48e5-958a-5762789f35e6	6	105963464	105963621	2	-1.5777
e6262f58-9f82-48e5-958a-5762789f35e6	6	105966825	111415439	3274	0.286
e6262f58-9f82-48e5-958a-5762789f35e6	6	111416813	134140802	13351	0.2431
e6262f58-9f82-48e5-958a-5762789f35e6	6	134144402	134145423	5	-0.8038
e6262f58-9f82-48e5-958a-5762789f35e6	6	134145556	135014291	579	0.269
e6262f58-9f82-48e5-958a-5762789f35e6	6	135021116	135022100	2	-1.4208
e6262f58-9f82-48e5-958a-5762789f35e6	6	135028432	136277168	919	0.2364
e6262f58-9f82-48e5-958a-5762789f35e6	6	136280350	161457127	15920	-0.7375
e6262f58-9f82-48e5-958a-5762789f35e6	6	161457701	161460090	3	-2.8258
e6262f58-9f82-48e5-958a-5762789f35e6	6	161461189	166850648	3350	-0.7275
e6262f58-9f82-48e5-958a-5762789f35e6	6	166853857	166855089	9	-3.1596
e6262f58-9f82-48e5-958a-5762789f35e6	6	166855960	167141072	164	-0.7784
e6262f58-9f82-48e5-958a-5762789f35e6	6	167141667	167142000	2	-3.3794
e6262f58-9f82-48e5-958a-5762789f35e6	6	167144681	169347241	308	-0.7332
e6262f58-9f82-48e5-958a-5762789f35e6	6	169347390	169347400	2	-2.8619
e6262f58-9f82-48e5-958a-5762789f35e6	6	169347412	170596889	526	-0.6915
e6262f58-9f82-48e5-958a-5762789f35e6	7	664936	3589964	1133	0.3702
e6262f58-9f82-48e5-958a-5762789f35e6	7	3590020	3591032	3	-1.5862
e6262f58-9f82-48e5-958a-5762789f35e6	7	3591483	6722775	1158	0.3735
e6262f58-9f82-48e5-958a-5762789f35e6	7	6724952	16978350	6171	0.259
e6262f58-9f82-48e5-958a-5762789f35e6	7	16978808	42682076	16260	0.2374
e6262f58-9f82-48e5-958a-5762789f35e6	7	42683319	48677364	3441	0.2828
e6262f58-9f82-48e5-958a-5762789f35e6	7	48679002	50968264	1652	0.2221
e6262f58-9f82-48e5-958a-5762789f35e6	7	50969173	63861658	3752	0.2742
e6262f58-9f82-48e5-958a-5762789f35e6	7	63863488	69579309	2358	-0.0978
e6262f58-9f82-48e5-958a-5762789f35e6	7	69579632	70506337	503	-0.2128
e6262f58-9f82-48e5-958a-5762789f35e6	7	70508586	77900371	2568	-0.0607
e6262f58-9f82-48e5-958a-5762789f35e6	7	77900567	78078272	147	-0.1707
e6262f58-9f82-48e5-958a-5762789f35e6	7	78079315	78080021	2	1.681
e6262f58-9f82-48e5-958a-5762789f35e6	7	78081618	88231309	6026	-0.1683
e6262f58-9f82-48e5-958a-5762789f35e6	7	88235085	88238419	2	-2.3263
e6262f58-9f82-48e5-958a-5762789f35e6	7	88242448	97744357	4769	-0.1755
e6262f58-9f82-48e5-958a-5762789f35e6	7	97744431	103054671	1934	-0.0688
e6262f58-9f82-48e5-958a-5762789f35e6	7	103055425	130046768	14543	-0.1628
e6262f58-9f82-48e5-958a-5762789f35e6	7	130054898	130058927	2	-2.0261
e6262f58-9f82-48e5-958a-5762789f35e6	7	130059627	131695249	905	-0.1274
e6262f58-9f82-48e5-958a-5762789f35e6	7	131698301	138114874	4100	-0.1758
e6262f58-9f82-48e5-958a-5762789f35e6	7	138115513	140310308	1131	-0.1096
e6262f58-9f82-48e5-958a-5762789f35e6	7	140323899	140443720	13	0.7624
e6262f58-9f82-48e5-958a-5762789f35e6	7	140445139	140451848	9	-0.4818
e6262f58-9f82-48e5-958a-5762789f35e6	7	140456000	148223325	4000	-0.171
e6262f58-9f82-48e5-958a-5762789f35e6	7	148226021	158592540	5282	-0.1203
e6262f58-9f82-48e5-958a-5762789f35e6	8	667625	1370527	257	0.5749
e6262f58-9f82-48e5-958a-5762789f35e6	8	1379589	1847103	305	1.1605
e6262f58-9f82-48e5-958a-5762789f35e6	8	1848413	1903561	47	0.4437
e6262f58-9f82-48e5-958a-5762789f35e6	8	1904184	1972160	51	0.2538
e6262f58-9f82-48e5-958a-5762789f35e6	8	1972224	4113982	1179	-0.1832
e6262f58-9f82-48e5-958a-5762789f35e6	8	4114662	4432011	165	0.2795
e6262f58-9f82-48e5-958a-5762789f35e6	8	4559124	13917601	4123	-0.1645
e6262f58-9f82-48e5-958a-5762789f35e6	8	13917783	13918928	2	-2.125
e6262f58-9f82-48e5-958a-5762789f35e6	8	13919635	14729084	734	-0.1776
e6262f58-9f82-48e5-958a-5762789f35e6	8	14730727	14731570	5	-1.1508
e6262f58-9f82-48e5-958a-5762789f35e6	8	14731644	15932253	945	-0.1901
e6262f58-9f82-48e5-958a-5762789f35e6	8	15935466	15972514	46	-0.7594
e6262f58-9f82-48e5-958a-5762789f35e6	8	15972627	19617703	2685	-0.1802
e6262f58-9f82-48e5-958a-5762789f35e6	8	19618251	19623187	2	-2.1731
e6262f58-9f82-48e5-958a-5762789f35e6	8	19623225	39031179	12131	-0.1602
e6262f58-9f82-48e5-958a-5762789f35e6	8	39031432	42384628	2112	0.3113
e6262f58-9f82-48e5-958a-5762789f35e6	8	42389414	43001052	263	-0.0657
e6262f58-9f82-48e5-958a-5762789f35e6	8	43003156	51554153	2496	0.3433
e6262f58-9f82-48e5-958a-5762789f35e6	8	51554827	52378248	542	0.454
e6262f58-9f82-48e5-958a-5762789f35e6	8	52379462	55502915	1891	0.6087
e6262f58-9f82-48e5-958a-5762789f35e6	8	55507250	57546606	1097	0.5108
e6262f58-9f82-48e5-958a-5762789f35e6	8	57547177	62904321	3497	0.4327
e6262f58-9f82-48e5-958a-5762789f35e6	8	62904551	64171658	687	0.5217
e6262f58-9f82-48e5-958a-5762789f35e6	8	64175425	64229507	34	-0.7455
e6262f58-9f82-48e5-958a-5762789f35e6	8	64230517	64692460	201	0.5107
e6262f58-9f82-48e5-958a-5762789f35e6	8	64693162	69295362	2529	0.594
e6262f58-9f82-48e5-958a-5762789f35e6	8	69295681	69295711	2	-1.165
e6262f58-9f82-48e5-958a-5762789f35e6	8	69296017	78392332	5464	0.5699
e6262f58-9f82-48e5-958a-5762789f35e6	8	78392578	80645571	1210	0.4897
e6262f58-9f82-48e5-958a-5762789f35e6	8	80648938	81214786	336	0.3474
e6262f58-9f82-48e5-958a-5762789f35e6	8	81217280	82698273	788	0.1689
e6262f58-9f82-48e5-958a-5762789f35e6	8	82698542	83717653	540	0.3509
e6262f58-9f82-48e5-958a-5762789f35e6	8	83717705	86154955	1225	0.2217
e6262f58-9f82-48e5-958a-5762789f35e6	8	86155561	89392535	1762	-0.0914
e6262f58-9f82-48e5-958a-5762789f35e6	8	89393166	107122352	10089	-0.1519
e6262f58-9f82-48e5-958a-5762789f35e6	8	107124084	107124505	3	-1.7059
e6262f58-9f82-48e5-958a-5762789f35e6	8	107125415	136124673	18900	-0.1565
e6262f58-9f82-48e5-958a-5762789f35e6	8	136124831	143310760	3625	0.2841
e6262f58-9f82-48e5-958a-5762789f35e6	8	143311289	144182542	200	0.4549
e6262f58-9f82-48e5-958a-5762789f35e6	9	789794	68424128	23586	-0.1453
e6262f58-9f82-48e5-958a-5762789f35e6	9	68425024	101842570	22376	-0.6978
e6262f58-9f82-48e5-958a-5762789f35e6	9	101843280	101844943	3	-3.2173
e6262f58-9f82-48e5-958a-5762789f35e6	9	101845645	122797988	14397	-0.6934
e6262f58-9f82-48e5-958a-5762789f35e6	9	122798001	127684214	2855	-0.6446
e6262f58-9f82-48e5-958a-5762789f35e6	9	127693412	129543056	800	-0.4984
e6262f58-9f82-48e5-958a-5762789f35e6	9	129547746	129547931	2	-2.5773
e6262f58-9f82-48e5-958a-5762789f35e6	9	129549245	130735663	626	-0.5367
e6262f58-9f82-48e5-958a-5762789f35e6	9	130735710	137757002	3506	-0.6169
e6262f58-9f82-48e5-958a-5762789f35e6	9	137757053	138044505	114	-0.7472
e6262f58-9f82-48e5-958a-5762789f35e6	10	366509	11706059	8091	0.2869
e6262f58-9f82-48e5-958a-5762789f35e6	10	11708521	13930432	1709	0.3522
e6262f58-9f82-48e5-958a-5762789f35e6	10	13931579	43560680	17126	0.2793
e6262f58-9f82-48e5-958a-5762789f35e6	10	43561044	67973323	13201	0.2517
e6262f58-9f82-48e5-958a-5762789f35e6	10	67975837	74387878	3669	0.3306
e6262f58-9f82-48e5-958a-5762789f35e6	10	74389734	76579208	1349	0.2689
e6262f58-9f82-48e5-958a-5762789f35e6	10	76580387	76598567	12	-0.2277
e6262f58-9f82-48e5-958a-5762789f35e6	10	76598828	77651982	861	0.276
e6262f58-9f82-48e5-958a-5762789f35e6	10	77653789	78111758	297	0.3875
e6262f58-9f82-48e5-958a-5762789f35e6	10	78114957	80583294	1353	0.2989
e6262f58-9f82-48e5-958a-5762789f35e6	10	80583354	92726239	7787	0.2445
e6262f58-9f82-48e5-958a-5762789f35e6	10	92726279	97107328	2729	0.2835
e6262f58-9f82-48e5-958a-5762789f35e6	10	97107537	104007762	3677	0.3237
e6262f58-9f82-48e5-958a-5762789f35e6	10	104008513	107452065	2453	0.2406
e6262f58-9f82-48e5-958a-5762789f35e6	10	107452377	107473591	30	-0.5125
e6262f58-9f82-48e5-958a-5762789f35e6	10	107473808	112222404	3066	0.2412
e6262f58-9f82-48e5-958a-5762789f35e6	10	112222917	120225378	5441	0.2865
e6262f58-9f82-48e5-958a-5762789f35e6	10	120226908	121354505	1025	0.2299
e6262f58-9f82-48e5-958a-5762789f35e6	10	121355021	124377374	2222	0.3017
e6262f58-9f82-48e5-958a-5762789f35e6	10	124381580	124382952	2	-1.4307
e6262f58-9f82-48e5-958a-5762789f35e6	10	124383636	125273715	543	0.3439
e6262f58-9f82-48e5-958a-5762789f35e6	10	125273941	129925645	3581	0.2886
e6262f58-9f82-48e5-958a-5762789f35e6	10	129926936	133411599	1029	0.3611
e6262f58-9f82-48e5-958a-5762789f35e6	11	456012	4108099	1302	0.3585
e6262f58-9f82-48e5-958a-5762789f35e6	11	4108629	6174199	1378	0.2342
e6262f58-9f82-48e5-958a-5762789f35e6	11	6177020	21335566	10878	0.2671
e6262f58-9f82-48e5-958a-5762789f35e6	11	21335768	33721883	7658	0.2328
e6262f58-9f82-48e5-958a-5762789f35e6	11	33722133	33723331	4	-1.0353
e6262f58-9f82-48e5-958a-5762789f35e6	11	33724681	46261373	8075	0.2547
e6262f58-9f82-48e5-958a-5762789f35e6	11	46262330	47989817	682	0.3522
e6262f58-9f82-48e5-958a-5762789f35e6	11	47997339	60637795	3155	0.2546
e6262f58-9f82-48e5-958a-5762789f35e6	11	60640801	75834178	6647	0.3392
e6262f58-9f82-48e5-958a-5762789f35e6	11	75836671	85886042	6077	0.2567
e6262f58-9f82-48e5-958a-5762789f35e6	11	85887777	85888102	3	-2.9828
e6262f58-9f82-48e5-958a-5762789f35e6	11	85898516	134272740	31647	0.2612
e6262f58-9f82-48e5-958a-5762789f35e6	12	780472	13187440	6761	-0.1016
e6262f58-9f82-48e5-958a-5762789f35e6	12	13189672	14057997	810	-0.1525
e6262f58-9f82-48e5-958a-5762789f35e6	12	14061702	14061833	3	-1.9087
e6262f58-9f82-48e5-958a-5762789f35e6	12	14065657	31342665	10886	-0.1513
e6262f58-9f82-48e5-958a-5762789f35e6	12	31342738	33368216	1236	-0.0627
e6262f58-9f82-48e5-958a-5762789f35e6	12	38827290	38981523	67	0.3574
e6262f58-9f82-48e5-958a-5762789f35e6	12	38987658	41578877	1645	0.2283
e6262f58-9f82-48e5-958a-5762789f35e6	12	41579527	41581918	5	-0.9045
e6262f58-9f82-48e5-958a-5762789f35e6	12	41585106	48544202	3730	0.2709
e6262f58-9f82-48e5-958a-5762789f35e6	12	48544442	54542743	2981	0.3367
e6262f58-9f82-48e5-958a-5762789f35e6	12	54545062	55554107	646	1.2386
e6262f58-9f82-48e5-958a-5762789f35e6	12	55566573	56623731	521	2.134
e6262f58-9f82-48e5-958a-5762789f35e6	12	56644614	58082678	668	-0.5942
e6262f58-9f82-48e5-958a-5762789f35e6	12	58082706	108929858	31738	-0.7153
e6262f58-9f82-48e5-958a-5762789f35e6	12	108929871	119794842	6511	-0.6653
e6262f58-9f82-48e5-958a-5762789f35e6	12	119795049	120727236	397	-0.5733
e6262f58-9f82-48e5-958a-5762789f35e6	12	120729941	120734463	3	-2.3846
e6262f58-9f82-48e5-958a-5762789f35e6	12	120736285	123896746	1357	-0.5799
e6262f58-9f82-48e5-958a-5762789f35e6	12	123897041	132605822	4206	-0.6922
e6262f58-9f82-48e5-958a-5762789f35e6	13	18874255	21518141	1067	-0.6889
e6262f58-9f82-48e5-958a-5762789f35e6	13	21526393	67411317	26422	-0.7536
e6262f58-9f82-48e5-958a-5762789f35e6	13	67413353	101798154	21181	-0.6921
e6262f58-9f82-48e5-958a-5762789f35e6	13	101798541	101798679	2	-3.6786
e6262f58-9f82-48e5-958a-5762789f35e6	13	101800174	114226675	8114	-0.7092
e6262f58-9f82-48e5-958a-5762789f35e6	14	20033191	26364626	3032	-0.6967
e6262f58-9f82-48e5-958a-5762789f35e6	14	26365363	26376766	17	0.6492
e6262f58-9f82-48e5-958a-5762789f35e6	14	26377839	26382805	3	-0.7324
e6262f58-9f82-48e5-958a-5762789f35e6	14	26387401	27872418	738	0.2769
e6262f58-9f82-48e5-958a-5762789f35e6	14	27886637	28713667	435	0.6194
e6262f58-9f82-48e5-958a-5762789f35e6	14	28716952	34423401	3703	-0.7102
e6262f58-9f82-48e5-958a-5762789f35e6	14	34423731	35944148	596	-0.5757
e6262f58-9f82-48e5-958a-5762789f35e6	14	35946600	51849521	8114	-0.6938
e6262f58-9f82-48e5-958a-5762789f35e6	14	51850120	51855540	6	-2.2487
e6262f58-9f82-48e5-958a-5762789f35e6	14	51857135	63213057	7291	-0.7063
e6262f58-9f82-48e5-958a-5762789f35e6	14	63213726	65437519	1391	-0.6083
e6262f58-9f82-48e5-958a-5762789f35e6	14	65437860	72984197	4492	-0.6822
e6262f58-9f82-48e5-958a-5762789f35e6	14	72985979	77658779	2729	-0.6299
e6262f58-9f82-48e5-958a-5762789f35e6	14	77661906	77663559	2	-2.5754
e6262f58-9f82-48e5-958a-5762789f35e6	14	77664136	77985020	223	-0.63
e6262f58-9f82-48e5-958a-5762789f35e6	14	77985783	83967649	4022	-0.703
e6262f58-9f82-48e5-958a-5762789f35e6	14	83969567	83973324	9	-1.7462
e6262f58-9f82-48e5-958a-5762789f35e6	14	83976175	94679224	6572	-0.6935
e6262f58-9f82-48e5-958a-5762789f35e6	14	94680973	94681556	3	-2.4336
e6262f58-9f82-48e5-958a-5762789f35e6	14	94682411	101962984	4931	-0.6947
e6262f58-9f82-48e5-958a-5762789f35e6	14	101970255	103094249	500	-0.5936
e6262f58-9f82-48e5-958a-5762789f35e6	14	103100448	103100567	2	-2.6783
e6262f58-9f82-48e5-958a-5762789f35e6	14	103113312	105533894	825	-0.5662
e6262f58-9f82-48e5-958a-5762789f35e6	15	23437561	26291775	1633	0.2958
e6262f58-9f82-48e5-958a-5762789f35e6	15	26291849	40084018	6785	0.2566
e6262f58-9f82-48e5-958a-5762789f35e6	15	40084195	45981737	2657	0.3271
e6262f58-9f82-48e5-958a-5762789f35e6	15	45982235	50328443	2777	0.2383
e6262f58-9f82-48e5-958a-5762789f35e6	15	50328686	50803234	222	0.3938
e6262f58-9f82-48e5-958a-5762789f35e6	15	50804383	53319980	1612	0.2678
e6262f58-9f82-48e5-958a-5762789f35e6	15	53320298	53325284	5	-0.7538
e6262f58-9f82-48e5-958a-5762789f35e6	15	53328806	54147664	660	0.2206
e6262f58-9f82-48e5-958a-5762789f35e6	15	54148812	54148825	2	-1.3929
e6262f58-9f82-48e5-958a-5762789f35e6	15	54154202	56978059	1650	0.2477
e6262f58-9f82-48e5-958a-5762789f35e6	15	56978971	86029497	17100	0.2987
e6262f58-9f82-48e5-958a-5762789f35e6	15	86029733	86029944	2	-2.4102
e6262f58-9f82-48e5-958a-5762789f35e6	15	86032330	88593378	1855	0.2838
e6262f58-9f82-48e5-958a-5762789f35e6	15	88597449	91095463	1368	0.3518
e6262f58-9f82-48e5-958a-5762789f35e6	15	91095729	91209496	93	0.2613
e6262f58-9f82-48e5-958a-5762789f35e6	15	91211120	91211133	2	-1.4601
e6262f58-9f82-48e5-958a-5762789f35e6	15	91216318	92674847	1317	0.2534
e6262f58-9f82-48e5-958a-5762789f35e6	15	92674848	92678022	3	-1.4669
e6262f58-9f82-48e5-958a-5762789f35e6	15	92678182	101344124	5027	0.2932
e6262f58-9f82-48e5-958a-5762789f35e6	16	603333	5307571	1788	0.0078
e6262f58-9f82-48e5-958a-5762789f35e6	16	5310633	28291059	11514	-0.0762
e6262f58-9f82-48e5-958a-5762789f35e6	16	28296619	46470502	730	-0.0196
e6262f58-9f82-48e5-958a-5762789f35e6	16	46473753	56343836	6616	-0.6968
e6262f58-9f82-48e5-958a-5762789f35e6	16	56350941	60209920	2343	-0.6359
e6262f58-9f82-48e5-958a-5762789f35e6	16	60210011	66656288	4265	-0.7025
e6262f58-9f82-48e5-958a-5762789f35e6	16	66661010	70583402	1609	-0.5581
e6262f58-9f82-48e5-958a-5762789f35e6	16	70584158	70726590	76	-0.6354
e6262f58-9f82-48e5-958a-5762789f35e6	16	70727084	70738284	5	-1.8959
e6262f58-9f82-48e5-958a-5762789f35e6	16	70739052	77286661	3738	-0.656
e6262f58-9f82-48e5-958a-5762789f35e6	16	77286708	77286805	2	-3.0399
e6262f58-9f82-48e5-958a-5762789f35e6	16	77288049	81398108	3591	-0.6906
e6262f58-9f82-48e5-958a-5762789f35e6	16	81398887	81398987	2	-3.6914
e6262f58-9f82-48e5-958a-5762789f35e6	16	81399465	89317317	4829	-0.6801
e6262f58-9f82-48e5-958a-5762789f35e6	17	1074619	1368632	69	-0.5503
e6262f58-9f82-48e5-958a-5762789f35e6	17	1373830	1379721	11	-4.8562
e6262f58-9f82-48e5-958a-5762789f35e6	17	1381630	2982962	718	-0.4989
e6262f58-9f82-48e5-958a-5762789f35e6	17	2983348	6057529	1519	-0.612
e6262f58-9f82-48e5-958a-5762789f35e6	17	6057817	6059063	3	-3.6431
e6262f58-9f82-48e5-958a-5762789f35e6	17	6060639	39269931	12775	-0.6377
e6262f58-9f82-48e5-958a-5762789f35e6	17	39270161	40400059	501	-0.5093
e6262f58-9f82-48e5-958a-5762789f35e6	17	40401748	41650598	678	-0.6829
e6262f58-9f82-48e5-958a-5762789f35e6	17	41650872	50719326	3705	-0.5506
e6262f58-9f82-48e5-958a-5762789f35e6	17	50732954	56650383	3645	0.2937
e6262f58-9f82-48e5-958a-5762789f35e6	17	56654000	68509664	6242	0.3426
e6262f58-9f82-48e5-958a-5762789f35e6	17	68509715	72137036	2616	0.2781
e6262f58-9f82-48e5-958a-5762789f35e6	17	72137805	76294472	1916	0.4054
e6262f58-9f82-48e5-958a-5762789f35e6	17	76295880	76304178	2	-1.6702
e6262f58-9f82-48e5-958a-5762789f35e6	17	76305693	82959812	2790	0.4174
e6262f58-9f82-48e5-958a-5762789f35e6	18	326691	41359987	20513	0.2768
e6262f58-9f82-48e5-958a-5762789f35e6	18	41365218	41396754	42	-0.7679
e6262f58-9f82-48e5-958a-5762789f35e6	18	41399226	79349796	22390	0.2764
e6262f58-9f82-48e5-958a-5762789f35e6	19	283868	4772388	1027	-0.4986
e6262f58-9f82-48e5-958a-5762789f35e6	19	4772751	4772812	2	-3.2249
e6262f58-9f82-48e5-958a-5762789f35e6	19	4783686	9305351	1945	-0.5291
e6262f58-9f82-48e5-958a-5762789f35e6	19	9306006	9313448	5	1.0509
e6262f58-9f82-48e5-958a-5762789f35e6	19	9318354	12916048	1567	-0.5257
e6262f58-9f82-48e5-958a-5762789f35e6	19	12916492	13389263	187	0.9545
e6262f58-9f82-48e5-958a-5762789f35e6	19	13389781	21074007	2981	0.4156
e6262f58-9f82-48e5-958a-5762789f35e6	19	21074082	30793899	3604	0.3191
e6262f58-9f82-48e5-958a-5762789f35e6	19	30797211	30797633	2	-1.7385
e6262f58-9f82-48e5-958a-5762789f35e6	19	30799692	32574359	1263	0.2973
e6262f58-9f82-48e5-958a-5762789f35e6	19	32575654	33627481	614	0.3985
e6262f58-9f82-48e5-958a-5762789f35e6	19	33628044	58370362	10884	-0.5657
e6262f58-9f82-48e5-958a-5762789f35e6	20	472817	6143555	3408	0.3289
e6262f58-9f82-48e5-958a-5762789f35e6	20	6144131	25243957	13189	0.2695
e6262f58-9f82-48e5-958a-5762789f35e6	20	25244337	36916270	2984	0.3631
e6262f58-9f82-48e5-958a-5762789f35e6	20	36921032	45289951	5574	0.2935
e6262f58-9f82-48e5-958a-5762789f35e6	20	45289969	52159153	4493	0.3381
e6262f58-9f82-48e5-958a-5762789f35e6	20	52159232	61700709	7107	0.2941
e6262f58-9f82-48e5-958a-5762789f35e6	20	61701189	63588502	774	0.394
e6262f58-9f82-48e5-958a-5762789f35e6	21	13974127	14008612	6	-1.6977
e6262f58-9f82-48e5-958a-5762789f35e6	21	14032193	14576668	366	-4.7093
e6262f58-9f82-48e5-958a-5762789f35e6	21	14585207	17915875	2007	-0.6994
e6262f58-9f82-48e5-958a-5762789f35e6	21	17917916	17920720	3	-5.7584
e6262f58-9f82-48e5-958a-5762789f35e6	21	17922502	22798329	3177	-0.6974
e6262f58-9f82-48e5-958a-5762789f35e6	21	22802396	22874371	11	0.2648
e6262f58-9f82-48e5-958a-5762789f35e6	21	22993657	23858627	349	-0.6456
e6262f58-9f82-48e5-958a-5762789f35e6	21	23861092	31228433	5102	0.2693
e6262f58-9f82-48e5-958a-5762789f35e6	21	31231178	31232901	4	-4.0641
e6262f58-9f82-48e5-958a-5762789f35e6	21	31233064	34606830	2117	0.323
e6262f58-9f82-48e5-958a-5762789f35e6	21	34609469	34609870	2	-1.9699
e6262f58-9f82-48e5-958a-5762789f35e6	21	34610492	36073441	1149	0.2692
e6262f58-9f82-48e5-958a-5762789f35e6	21	36073614	46262057	6242	-0.6759
e6262f58-9f82-48e5-958a-5762789f35e6	22	16934932	37463488	10071	-0.6516
e6262f58-9f82-48e5-958a-5762789f35e6	22	37463633	46581300	5049	-0.5802
e6262f58-9f82-48e5-958a-5762789f35e6	22	46581342	48271349	1348	-0.699
e6262f58-9f82-48e5-958a-5762789f35e6	22	48272681	48272948	3	-4.9708
e6262f58-9f82-48e5-958a-5762789f35e6	22	48274903	48899588	503	-0.6922
e6262f58-9f82-48e5-958a-5762789f35e6	22	48900090	48904535	2	-2.5847
e6262f58-9f82-48e5-958a-5762789f35e6	22	48909515	48935200	25	-0.8368
e6262f58-9f82-48e5-958a-5762789f35e6	X	3236359	10821319	2002	0.0345
e6262f58-9f82-48e5-958a-5762789f35e6	X	10822801	23627683	6569	-0.0055
e6262f58-9f82-48e5-958a-5762789f35e6	X	23632250	24349656	414	0.1243
e6262f58-9f82-48e5-958a-5762789f35e6	X	24351161	39583674	7365	-0.0184
e6262f58-9f82-48e5-958a-5762789f35e6	X	39586797	57715898	7418	0.0329
e6262f58-9f82-48e5-958a-5762789f35e6	X	57720205	57725422	2	3.0775
e6262f58-9f82-48e5-958a-5762789f35e6	X	57732094	92956126	11631	0.0111
e6262f58-9f82-48e5-958a-5762789f35e6	X	92958179	92958657	2	-2.8491
e6262f58-9f82-48e5-958a-5762789f35e6	X	92959344	101379264	3577	-0.0007
e6262f58-9f82-48e5-958a-5762789f35e6	X	101382140	101382637	4	-1.6488
e6262f58-9f82-48e5-958a-5762789f35e6	X	101384813	109657320	3658	-0.0019
e6262f58-9f82-48e5-958a-5762789f35e6	X	109658075	109658077	3	-3.35
e6262f58-9f82-48e5-958a-5762789f35e6	X	109659401	148450154	18621	-0.0001
e6262f58-9f82-48e5-958a-5762789f35e6	X	148454494	148456516	5	-1.5401
e6262f58-9f82-48e5-958a-5762789f35e6	X	148459378	155677414	2520	0.037
