GDC_Aliquot	Chromosome	Start	End	Num_Probes	Segment_Mean
4d9a4714-924f-42b5-881d-f6223a34852b	1	62920	98588	12	-0.7596
4d9a4714-924f-42b5-881d-f6223a34852b	1	98602	16864367	8678	0.0904
4d9a4714-924f-42b5-881d-f6223a34852b	1	16868660	16935752	53	-0.3965
4d9a4714-924f-42b5-881d-f6223a34852b	1	16949746	25256850	5255	0.0916
4d9a4714-924f-42b5-881d-f6223a34852b	1	25266637	25320198	22	-2.6451
4d9a4714-924f-42b5-881d-f6223a34852b	1	25320253	72303233	28708	0.0977
4d9a4714-924f-42b5-881d-f6223a34852b	1	72303253	72345450	44	0.7208
4d9a4714-924f-42b5-881d-f6223a34852b	1	72345465	95689620	15176	0.1042
4d9a4714-924f-42b5-881d-f6223a34852b	1	95690160	95690510	2	-1.5444
4d9a4714-924f-42b5-881d-f6223a34852b	1	95690660	109690415	8412	0.1031
4d9a4714-924f-42b5-881d-f6223a34852b	1	109690431	109697556	11	-1.2041
4d9a4714-924f-42b5-881d-f6223a34852b	1	109702376	110833598	832	0.1144
4d9a4714-924f-42b5-881d-f6223a34852b	1	110834746	110840841	31	-0.611
4d9a4714-924f-42b5-881d-f6223a34852b	1	110840856	112147704	1083	0.0718
4d9a4714-924f-42b5-881d-f6223a34852b	1	112153343	112154768	25	0.7977
4d9a4714-924f-42b5-881d-f6223a34852b	1	112163334	143494500	5155	0.0922
4d9a4714-924f-42b5-881d-f6223a34852b	1	143541857	143546851	3	-1.136
4d9a4714-924f-42b5-881d-f6223a34852b	1	143547055	143710242	80	-2.9347
4d9a4714-924f-42b5-881d-f6223a34852b	1	143710767	143760271	31	-0.4423
4d9a4714-924f-42b5-881d-f6223a34852b	1	143762042	143942271	10	-1.8402
4d9a4714-924f-42b5-881d-f6223a34852b	1	144432083	152583051	2313	0.1055
4d9a4714-924f-42b5-881d-f6223a34852b	1	152583230	152614064	33	-1.7435
4d9a4714-924f-42b5-881d-f6223a34852b	1	152614100	157508748	2696	0.0979
4d9a4714-924f-42b5-881d-f6223a34852b	1	157512664	157513157	2	-1.4932
4d9a4714-924f-42b5-881d-f6223a34852b	1	157513483	160176383	1961	0.0867
4d9a4714-924f-42b5-881d-f6223a34852b	1	160176704	160177153	4	-1.5682
4d9a4714-924f-42b5-881d-f6223a34852b	1	160178881	169017063	6615	0.0888
4d9a4714-924f-42b5-881d-f6223a34852b	1	169017136	169017973	4	-1.0301
4d9a4714-924f-42b5-881d-f6223a34852b	1	169020148	174827128	3713	0.1052
4d9a4714-924f-42b5-881d-f6223a34852b	1	174827267	174832599	16	0.6401
4d9a4714-924f-42b5-881d-f6223a34852b	1	174832702	190006467	10175	0.0962
4d9a4714-924f-42b5-881d-f6223a34852b	1	190011626	190012173	2	-1.7753
4d9a4714-924f-42b5-881d-f6223a34852b	1	190012224	196758720	4451	0.0973
4d9a4714-924f-42b5-881d-f6223a34852b	1	196761905	196780087	25	-0.8053
4d9a4714-924f-42b5-881d-f6223a34852b	1	196780691	196820098	18	-0.1352
4d9a4714-924f-42b5-881d-f6223a34852b	1	196820637	196832525	13	-0.8067
4d9a4714-924f-42b5-881d-f6223a34852b	1	196832720	199138574	1373	0.1065
4d9a4714-924f-42b5-881d-f6223a34852b	1	199142235	199145262	11	0.8377
4d9a4714-924f-42b5-881d-f6223a34852b	1	199145619	209897717	7387	0.0827
4d9a4714-924f-42b5-881d-f6223a34852b	1	209908268	209910639	3	1.5075
4d9a4714-924f-42b5-881d-f6223a34852b	1	209913207	218811930	6214	0.0816
4d9a4714-924f-42b5-881d-f6223a34852b	1	218812310	218815947	9	-1.0778
4d9a4714-924f-42b5-881d-f6223a34852b	1	218819044	248930189	20761	0.095
4d9a4714-924f-42b5-881d-f6223a34852b	2	12784	5470031	4079	-0.358
4d9a4714-924f-42b5-881d-f6223a34852b	2	5471647	5471689	2	-2.4614
4d9a4714-924f-42b5-881d-f6223a34852b	2	5475091	29923758	16941	-0.3673
4d9a4714-924f-42b5-881d-f6223a34852b	2	29925168	34474248	2997	0.1224
4d9a4714-924f-42b5-881d-f6223a34852b	2	34476327	34511990	45	0.6392
4d9a4714-924f-42b5-881d-f6223a34852b	2	34512096	35750907	869	0.1061
4d9a4714-924f-42b5-881d-f6223a34852b	2	35752724	35762850	6	-2.0583
4d9a4714-924f-42b5-881d-f6223a34852b	2	35762881	38754420	2311	0.1126
4d9a4714-924f-42b5-881d-f6223a34852b	2	38757203	38778412	16	-0.4548
4d9a4714-924f-42b5-881d-f6223a34852b	2	38781326	52527330	9786	0.1158
4d9a4714-924f-42b5-881d-f6223a34852b	2	52527342	52567004	49	0.7303
4d9a4714-924f-42b5-881d-f6223a34852b	2	52568919	54255416	1268	0.1053
4d9a4714-924f-42b5-881d-f6223a34852b	2	54255805	54255827	2	-2.2348
4d9a4714-924f-42b5-881d-f6223a34852b	2	54259004	97359885	22544	0.1084
4d9a4714-924f-42b5-881d-f6223a34852b	2	97524284	97545247	8	-1.2381
4d9a4714-924f-42b5-881d-f6223a34852b	2	97545726	146104517	29365	0.0999
4d9a4714-924f-42b5-881d-f6223a34852b	2	146106836	146109366	24	1.0484
4d9a4714-924f-42b5-881d-f6223a34852b	2	146120238	154431314	5104	0.1279
4d9a4714-924f-42b5-881d-f6223a34852b	2	154434575	204479729	29777	-0.0156
4d9a4714-924f-42b5-881d-f6223a34852b	2	204479949	204479964	3	-1.4944
4d9a4714-924f-42b5-881d-f6223a34852b	2	204479970	212294095	5067	-0.0273
4d9a4714-924f-42b5-881d-f6223a34852b	2	212294228	212322547	35	0.4151
4d9a4714-924f-42b5-881d-f6223a34852b	2	212323288	212457488	119	0.0861
4d9a4714-924f-42b5-881d-f6223a34852b	2	212458184	212458400	3	-1.5317
4d9a4714-924f-42b5-881d-f6223a34852b	2	212459721	231089511	12075	0.0832
4d9a4714-924f-42b5-881d-f6223a34852b	2	231094600	242147305	6785	-0.4717
4d9a4714-924f-42b5-881d-f6223a34852b	3	20930	5358553	4706	0.1004
4d9a4714-924f-42b5-881d-f6223a34852b	3	5358607	5392071	24	-0.5514
4d9a4714-924f-42b5-881d-f6223a34852b	3	5392521	52998022	30965	0.1057
4d9a4714-924f-42b5-881d-f6223a34852b	3	52999132	53005100	24	-0.661
4d9a4714-924f-42b5-881d-f6223a34852b	3	53005201	68697013	12019	0.1
4d9a4714-924f-42b5-881d-f6223a34852b	3	68697108	68698262	14	-1.6199
4d9a4714-924f-42b5-881d-f6223a34852b	3	68699607	68841487	111	0.0436
4d9a4714-924f-42b5-881d-f6223a34852b	3	68845974	68846011	2	-1.3965
4d9a4714-924f-42b5-881d-f6223a34852b	3	68847885	75511990	4813	0.099
4d9a4714-924f-42b5-881d-f6223a34852b	3	75519398	75537654	6	-2.0209
4d9a4714-924f-42b5-881d-f6223a34852b	3	75546030	98180575	10374	0.1015
4d9a4714-924f-42b5-881d-f6223a34852b	3	98189826	98195973	4	-1.376
4d9a4714-924f-42b5-881d-f6223a34852b	3	98197104	99218940	590	0.11
4d9a4714-924f-42b5-881d-f6223a34852b	3	99225614	99230577	38	0.5577
4d9a4714-924f-42b5-881d-f6223a34852b	3	99232120	121571294	13613	0.1059
4d9a4714-924f-42b5-881d-f6223a34852b	3	121571465	121616169	51	-0.2134
4d9a4714-924f-42b5-881d-f6223a34852b	3	121616462	126207248	2860	0.1098
4d9a4714-924f-42b5-881d-f6223a34852b	3	126208492	130067366	2171	0.458
4d9a4714-924f-42b5-881d-f6223a34852b	3	130067443	130079892	25	1.0642
4d9a4714-924f-42b5-881d-f6223a34852b	3	130079938	131987852	1171	0.4572
4d9a4714-924f-42b5-881d-f6223a34852b	3	131989313	131989627	2	-1.6254
4d9a4714-924f-42b5-881d-f6223a34852b	3	131996155	137308837	3307	0.4562
4d9a4714-924f-42b5-881d-f6223a34852b	3	137309112	137309121	7	-0.3714
4d9a4714-924f-42b5-881d-f6223a34852b	3	137311987	140823697	2242	0.446
4d9a4714-924f-42b5-881d-f6223a34852b	3	140826859	140841776	3	1.5816
4d9a4714-924f-42b5-881d-f6223a34852b	3	140843482	140892172	30	0.4451
4d9a4714-924f-42b5-881d-f6223a34852b	3	140903004	149245608	5146	0.1155
4d9a4714-924f-42b5-881d-f6223a34852b	3	149245674	149250334	24	-0.7907
4d9a4714-924f-42b5-881d-f6223a34852b	3	149253293	161736784	7614	0.1048
4d9a4714-924f-42b5-881d-f6223a34852b	3	161738184	161772162	24	0.5226
4d9a4714-924f-42b5-881d-f6223a34852b	3	161774629	162343715	385	0.1364
4d9a4714-924f-42b5-881d-f6223a34852b	3	162343991	165304048	1681	0.4544
4d9a4714-924f-42b5-881d-f6223a34852b	3	165304486	165305126	2	-1.7195
4d9a4714-924f-42b5-881d-f6223a34852b	3	165312891	165323775	11	0.453
4d9a4714-924f-42b5-881d-f6223a34852b	3	165323789	165334669	8	0.9763
4d9a4714-924f-42b5-881d-f6223a34852b	3	165336108	165336922	9	-0.0448
4d9a4714-924f-42b5-881d-f6223a34852b	3	165337022	165370734	48	0.8044
4d9a4714-924f-42b5-881d-f6223a34852b	3	165375845	189642965	15270	0.4686
4d9a4714-924f-42b5-881d-f6223a34852b	3	189645889	189653225	13	-1.0048
4d9a4714-924f-42b5-881d-f6223a34852b	3	189654562	193072229	2414	0.4778
4d9a4714-924f-42b5-881d-f6223a34852b	3	193072477	193084770	8	-0.632
4d9a4714-924f-42b5-881d-f6223a34852b	3	193084990	193156958	64	0.5171
4d9a4714-924f-42b5-881d-f6223a34852b	3	193160113	193165114	20	-1.4285
4d9a4714-924f-42b5-881d-f6223a34852b	3	193168646	195557541	1482	0.486
4d9a4714-924f-42b5-881d-f6223a34852b	3	195558822	195775100	56	0.8879
4d9a4714-924f-42b5-881d-f6223a34852b	3	195775231	198107849	1130	0.5166
4d9a4714-924f-42b5-881d-f6223a34852b	3	198107931	198108134	2	-1.2672
4d9a4714-924f-42b5-881d-f6223a34852b	3	198108567	198169247	24	0.5162
4d9a4714-924f-42b5-881d-f6223a34852b	4	68929	5164024	2430	0.4754
4d9a4714-924f-42b5-881d-f6223a34852b	4	5164348	5177975	7	-0.7472
4d9a4714-924f-42b5-881d-f6223a34852b	4	5179462	9455251	2717	0.4653
4d9a4714-924f-42b5-881d-f6223a34852b	4	9459504	9477699	6	-1.3588
4d9a4714-924f-42b5-881d-f6223a34852b	4	9484440	9858352	160	0.395
4d9a4714-924f-42b5-881d-f6223a34852b	4	9862603	9863418	2	-1.9973
4d9a4714-924f-42b5-881d-f6223a34852b	4	9865878	10208322	371	0.4249
4d9a4714-924f-42b5-881d-f6223a34852b	4	10208339	10229625	34	1.1049
4d9a4714-924f-42b5-881d-f6223a34852b	4	10229874	17549082	5796	0.4394
4d9a4714-924f-42b5-881d-f6223a34852b	4	17557985	34784878	11175	0.1186
4d9a4714-924f-42b5-881d-f6223a34852b	4	34785333	34822561	36	-0.3382
4d9a4714-924f-42b5-881d-f6223a34852b	4	34823103	36012790	775	0.109
4d9a4714-924f-42b5-881d-f6223a34852b	4	36013359	36013604	3	-1.465
4d9a4714-924f-42b5-881d-f6223a34852b	4	36013896	43145497	4751	0.1175
4d9a4714-924f-42b5-881d-f6223a34852b	4	43146144	43148055	4	-1.1698
4d9a4714-924f-42b5-881d-f6223a34852b	4	43154418	48481913	3179	0.1083
4d9a4714-924f-42b5-881d-f6223a34852b	4	48482433	49295203	258	0.2668
4d9a4714-924f-42b5-881d-f6223a34852b	4	49501149	49618868	10	-0.623
4d9a4714-924f-42b5-881d-f6223a34852b	4	49641746	61071220	6066	0.0925
4d9a4714-924f-42b5-881d-f6223a34852b	4	61075217	61076234	2	1.8198
4d9a4714-924f-42b5-881d-f6223a34852b	4	61079968	63841887	1521	0.0959
4d9a4714-924f-42b5-881d-f6223a34852b	4	63842036	63842540	6	0.9431
4d9a4714-924f-42b5-881d-f6223a34852b	4	63850713	64955795	664	0.1038
4d9a4714-924f-42b5-881d-f6223a34852b	4	64955826	64978333	33	0.4551
4d9a4714-924f-42b5-881d-f6223a34852b	4	64978716	68354665	2149	0.1118
4d9a4714-924f-42b5-881d-f6223a34852b	4	68361130	68620261	88	0.6759
4d9a4714-924f-42b5-881d-f6223a34852b	4	68623617	80387755	7252	0.1331
4d9a4714-924f-42b5-881d-f6223a34852b	4	80388268	134205550	32006	-0.3362
4d9a4714-924f-42b5-881d-f6223a34852b	4	134216144	134217159	5	-1.7798
4d9a4714-924f-42b5-881d-f6223a34852b	4	134219248	135444199	656	-0.3202
4d9a4714-924f-42b5-881d-f6223a34852b	4	135445129	135459126	6	-1.2145
4d9a4714-924f-42b5-881d-f6223a34852b	4	135459176	137262390	1100	-0.3484
4d9a4714-924f-42b5-881d-f6223a34852b	4	137262454	137270870	28	-0.9298
4d9a4714-924f-42b5-881d-f6223a34852b	4	137271024	146129034	5419	-0.3387
4d9a4714-924f-42b5-881d-f6223a34852b	4	146131000	146134466	2	-2.6282
4d9a4714-924f-42b5-881d-f6223a34852b	4	146134736	154881396	5207	-0.3488
4d9a4714-924f-42b5-881d-f6223a34852b	4	154881853	154881926	3	-2.1155
4d9a4714-924f-42b5-881d-f6223a34852b	4	154882047	160958989	3913	-0.3382
4d9a4714-924f-42b5-881d-f6223a34852b	4	160959045	160963448	17	-1.2882
4d9a4714-924f-42b5-881d-f6223a34852b	4	160963756	163706188	1773	-0.3345
4d9a4714-924f-42b5-881d-f6223a34852b	4	163709160	163709818	2	-4.4733
4d9a4714-924f-42b5-881d-f6223a34852b	4	163710279	171448195	4870	-0.3419
4d9a4714-924f-42b5-881d-f6223a34852b	4	171453733	171456293	8	-1.5043
4d9a4714-924f-42b5-881d-f6223a34852b	4	171456307	172065874	388	-0.3477
4d9a4714-924f-42b5-881d-f6223a34852b	4	172066242	172068382	21	-0.8232
4d9a4714-924f-42b5-881d-f6223a34852b	4	172074828	172492746	224	-0.3039
4d9a4714-924f-42b5-881d-f6223a34852b	4	172501121	172501190	6	0.4834
4d9a4714-924f-42b5-881d-f6223a34852b	4	172501371	177666684	3086	-0.3537
4d9a4714-924f-42b5-881d-f6223a34852b	4	177675377	177680500	28	0.0838
4d9a4714-924f-42b5-881d-f6223a34852b	4	177680710	178606348	648	-0.3416
4d9a4714-924f-42b5-881d-f6223a34852b	4	178615158	178615856	5	-1.3913
4d9a4714-924f-42b5-881d-f6223a34852b	4	178618258	180318124	1209	-0.3184
4d9a4714-924f-42b5-881d-f6223a34852b	4	180318160	180318192	2	-2.276
4d9a4714-924f-42b5-881d-f6223a34852b	4	180318246	185759318	3966	-0.3513
4d9a4714-924f-42b5-881d-f6223a34852b	4	185762011	185762026	2	-2.5709
4d9a4714-924f-42b5-881d-f6223a34852b	4	185762563	190106768	2865	-0.3366
4d9a4714-924f-42b5-881d-f6223a34852b	5	15532	1817666	879	0.1149
4d9a4714-924f-42b5-881d-f6223a34852b	5	1818516	6216329	4019	0.069
4d9a4714-924f-42b5-881d-f6223a34852b	5	6216838	15718383	7268	0.1132
4d9a4714-924f-42b5-881d-f6223a34852b	5	15719113	15720488	11	-0.859
4d9a4714-924f-42b5-881d-f6223a34852b	5	15723237	54315900	20995	0.1132
4d9a4714-924f-42b5-881d-f6223a34852b	5	54324613	58023655	2532	-0.3466
4d9a4714-924f-42b5-881d-f6223a34852b	5	58025759	58034492	15	-1.0887
4d9a4714-924f-42b5-881d-f6223a34852b	5	58034507	61866325	2591	-0.3369
4d9a4714-924f-42b5-881d-f6223a34852b	5	61867992	61868038	2	-2.4065
4d9a4714-924f-42b5-881d-f6223a34852b	5	61869072	68157678	3935	-0.3298
4d9a4714-924f-42b5-881d-f6223a34852b	5	68158668	68168671	6	-1.6847
4d9a4714-924f-42b5-881d-f6223a34852b	5	68169975	69550476	771	-0.3276
4d9a4714-924f-42b5-881d-f6223a34852b	5	69571467	71010901	19	0.3172
4d9a4714-924f-42b5-881d-f6223a34852b	5	71011558	76136912	3097	-0.334
4d9a4714-924f-42b5-881d-f6223a34852b	5	76137776	76154734	41	0.3293
4d9a4714-924f-42b5-881d-f6223a34852b	5	76161637	78812085	1793	-0.3328
4d9a4714-924f-42b5-881d-f6223a34852b	5	78814168	78815348	3	-2.2124
4d9a4714-924f-42b5-881d-f6223a34852b	5	78819688	97112469	10274	-0.3432
4d9a4714-924f-42b5-881d-f6223a34852b	5	97115420	97790444	415	0.453
4d9a4714-924f-42b5-881d-f6223a34852b	5	97797195	97843991	27	0.7095
4d9a4714-924f-42b5-881d-f6223a34852b	5	97845226	97909960	26	0.0573
4d9a4714-924f-42b5-881d-f6223a34852b	5	97912622	98151462	140	0.4417
4d9a4714-924f-42b5-881d-f6223a34852b	5	98151477	98151521	2	1.9695
4d9a4714-924f-42b5-881d-f6223a34852b	5	98156352	109107127	6599	0.4683
4d9a4714-924f-42b5-881d-f6223a34852b	5	109107158	118749979	6950	0.4127
4d9a4714-924f-42b5-881d-f6223a34852b	5	118750064	150610749	19766	0.1378
4d9a4714-924f-42b5-881d-f6223a34852b	5	150611165	150797535	109	0.4079
4d9a4714-924f-42b5-881d-f6223a34852b	5	150798146	150822643	10	-0.1172
4d9a4714-924f-42b5-881d-f6223a34852b	5	150825938	150839042	8	-3.2893
4d9a4714-924f-42b5-881d-f6223a34852b	5	150843825	151428994	420	0.4236
4d9a4714-924f-42b5-881d-f6223a34852b	5	151429109	179676725	19078	0.0627
4d9a4714-924f-42b5-881d-f6223a34852b	5	179677049	179677132	4	-1.7342
4d9a4714-924f-42b5-881d-f6223a34852b	5	179677599	180947523	724	0.0425
4d9a4714-924f-42b5-881d-f6223a34852b	5	180951710	180990207	15	0.8285
4d9a4714-924f-42b5-881d-f6223a34852b	5	180990614	181265832	165	0.039
4d9a4714-924f-42b5-881d-f6223a34852b	5	181265982	181363319	7	0.4314
4d9a4714-924f-42b5-881d-f6223a34852b	6	149661	294837	124	0.335
4d9a4714-924f-42b5-881d-f6223a34852b	6	302306	366333	70	0.9298
4d9a4714-924f-42b5-881d-f6223a34852b	6	373453	1513148	1026	0.3438
4d9a4714-924f-42b5-881d-f6223a34852b	6	1513280	29105317	20006	-0.0686
4d9a4714-924f-42b5-881d-f6223a34852b	6	29111504	29195063	12	-0.8103
4d9a4714-924f-42b5-881d-f6223a34852b	6	29199798	29869411	389	-0.075
4d9a4714-924f-42b5-881d-f6223a34852b	6	29869537	29873244	6	-0.4252
4d9a4714-924f-42b5-881d-f6223a34852b	6	29875657	29881490	8	-1.4419
4d9a4714-924f-42b5-881d-f6223a34852b	6	29882419	31309909	659	-0.1082
4d9a4714-924f-42b5-881d-f6223a34852b	6	31313046	31328674	12	1.0915
4d9a4714-924f-42b5-881d-f6223a34852b	6	31342147	32656527	557	-0.1175
4d9a4714-924f-42b5-881d-f6223a34852b	6	32656814	32658841	5	-1.8822
4d9a4714-924f-42b5-881d-f6223a34852b	6	32682835	39979220	4613	-0.0662
4d9a4714-924f-42b5-881d-f6223a34852b	6	39979255	42187763	1585	-0.2808
4d9a4714-924f-42b5-881d-f6223a34852b	6	42191197	47941176	3609	-0.5848
4d9a4714-924f-42b5-881d-f6223a34852b	6	47953499	54066353	3854	-0.0657
4d9a4714-924f-42b5-881d-f6223a34852b	6	54066432	54067057	6	-1.4338
4d9a4714-924f-42b5-881d-f6223a34852b	6	54070550	76312261	11866	-0.0454
4d9a4714-924f-42b5-881d-f6223a34852b	6	76313871	76314659	9	-0.8428
4d9a4714-924f-42b5-881d-f6223a34852b	6	76314756	76730377	283	-0.0561
4d9a4714-924f-42b5-881d-f6223a34852b	6	76731101	76743040	18	0.5669
4d9a4714-924f-42b5-881d-f6223a34852b	6	76751356	78253172	976	-0.0662
4d9a4714-924f-42b5-881d-f6223a34852b	6	78259348	78332056	117	0.4833
4d9a4714-924f-42b5-881d-f6223a34852b	6	78332092	103280350	15445	-0.0596
4d9a4714-924f-42b5-881d-f6223a34852b	6	103282618	103323069	61	0.2334
4d9a4714-924f-42b5-881d-f6223a34852b	6	103326915	114996934	7273	-0.0536
4d9a4714-924f-42b5-881d-f6223a34852b	6	114997858	115005025	5	-1.1984
4d9a4714-924f-42b5-881d-f6223a34852b	6	115019038	118313916	1908	-0.0568
4d9a4714-924f-42b5-881d-f6223a34852b	6	118316273	118532672	113	0.1596
4d9a4714-924f-42b5-881d-f6223a34852b	6	118535119	118716509	124	-0.0442
4d9a4714-924f-42b5-881d-f6223a34852b	6	118717955	118729008	8	-0.7155
4d9a4714-924f-42b5-881d-f6223a34852b	6	118729360	122190346	2004	-0.0491
4d9a4714-924f-42b5-881d-f6223a34852b	6	122195652	139496221	11438	-0.3256
4d9a4714-924f-42b5-881d-f6223a34852b	6	139500156	139503409	7	-2.0337
4d9a4714-924f-42b5-881d-f6223a34852b	6	139505717	144223949	2799	-0.3125
4d9a4714-924f-42b5-881d-f6223a34852b	6	144228516	144235784	7	-1.311
4d9a4714-924f-42b5-881d-f6223a34852b	6	144236143	157168570	8995	-0.3291
4d9a4714-924f-42b5-881d-f6223a34852b	6	157168982	157169989	2	-2.9578
4d9a4714-924f-42b5-881d-f6223a34852b	6	157170342	170741917	9403	-0.3411
4d9a4714-924f-42b5-881d-f6223a34852b	7	43355	2780190	953	-0.3724
4d9a4714-924f-42b5-881d-f6223a34852b	7	2780569	2782774	2	-2.4044
4d9a4714-924f-42b5-881d-f6223a34852b	7	2783299	8980908	4296	-0.351
4d9a4714-924f-42b5-881d-f6223a34852b	7	8981000	8981282	2	-3.9426
4d9a4714-924f-42b5-881d-f6223a34852b	7	8981418	22630453	10926	-0.3373
4d9a4714-924f-42b5-881d-f6223a34852b	7	22631183	22819347	165	0.1428
4d9a4714-924f-42b5-881d-f6223a34852b	7	22819727	37275587	10223	0.4574
4d9a4714-924f-42b5-881d-f6223a34852b	7	37276245	54305455	11850	0.0929
4d9a4714-924f-42b5-881d-f6223a34852b	7	54318812	54318824	6	-1.6728
4d9a4714-924f-42b5-881d-f6223a34852b	7	54325795	56693807	1556	0.0835
4d9a4714-924f-42b5-881d-f6223a34852b	7	56694420	56701121	3	-2.6782
4d9a4714-924f-42b5-881d-f6223a34852b	7	56704473	62324395	502	0.0812
4d9a4714-924f-42b5-881d-f6223a34852b	7	62326419	62659417	48	0.7528
4d9a4714-924f-42b5-881d-f6223a34852b	7	62663207	64570711	660	0.4306
4d9a4714-924f-42b5-881d-f6223a34852b	7	64571153	66303542	678	-0.3061
4d9a4714-924f-42b5-881d-f6223a34852b	7	66311635	67172252	282	0.0661
4d9a4714-924f-42b5-881d-f6223a34852b	7	67176387	67182652	6	-1.2212
4d9a4714-924f-42b5-881d-f6223a34852b	7	67189590	70955452	2384	0.0747
4d9a4714-924f-42b5-881d-f6223a34852b	7	70958264	70961155	2	-2.0114
4d9a4714-924f-42b5-881d-f6223a34852b	7	70963257	76514576	2139	0.1042
4d9a4714-924f-42b5-881d-f6223a34852b	7	76524031	76524046	2	-1.825
4d9a4714-924f-42b5-881d-f6223a34852b	7	76527224	86163809	6270	0.1197
4d9a4714-924f-42b5-881d-f6223a34852b	7	86164361	86171211	2	-1.7431
4d9a4714-924f-42b5-881d-f6223a34852b	7	86171556	89890325	2204	0.1123
4d9a4714-924f-42b5-881d-f6223a34852b	7	89892494	89895535	3	-1.2849
4d9a4714-924f-42b5-881d-f6223a34852b	7	89902765	91578581	1204	0.106
4d9a4714-924f-42b5-881d-f6223a34852b	7	91578714	91595723	9	0.8879
4d9a4714-924f-42b5-881d-f6223a34852b	7	91596584	96913489	3325	0.1049
4d9a4714-924f-42b5-881d-f6223a34852b	7	96913795	96916656	2	-2.6519
4d9a4714-924f-42b5-881d-f6223a34852b	7	96918403	97772620	524	0.0944
4d9a4714-924f-42b5-881d-f6223a34852b	7	97772647	97773163	7	-1.2887
4d9a4714-924f-42b5-881d-f6223a34852b	7	97774928	109793741	6599	0.109
4d9a4714-924f-42b5-881d-f6223a34852b	7	109797035	109797700	14	-0.4549
4d9a4714-924f-42b5-881d-f6223a34852b	7	109797715	109800866	9	0.2693
4d9a4714-924f-42b5-881d-f6223a34852b	7	109801155	109813853	12	-0.8106
4d9a4714-924f-42b5-881d-f6223a34852b	7	109813925	111191632	919	0.1122
4d9a4714-924f-42b5-881d-f6223a34852b	7	111194974	111243435	49	0.3672
4d9a4714-924f-42b5-881d-f6223a34852b	7	111252795	111386373	83	0.1247
4d9a4714-924f-42b5-881d-f6223a34852b	7	111388412	111391038	4	-0.9598
4d9a4714-924f-42b5-881d-f6223a34852b	7	111392136	117594122	3731	0.1018
4d9a4714-924f-42b5-881d-f6223a34852b	7	117595778	117597881	2	-1.6579
4d9a4714-924f-42b5-881d-f6223a34852b	7	117599342	121555689	2277	0.1206
4d9a4714-924f-42b5-881d-f6223a34852b	7	121556272	121561238	3	-1.2184
4d9a4714-924f-42b5-881d-f6223a34852b	7	121561930	126405597	2954	0.1007
4d9a4714-924f-42b5-881d-f6223a34852b	7	126405632	126406561	9	1.1329
4d9a4714-924f-42b5-881d-f6223a34852b	7	126406822	134100442	4689	0.1018
4d9a4714-924f-42b5-881d-f6223a34852b	7	134100458	134114444	35	-0.9834
4d9a4714-924f-42b5-881d-f6223a34852b	7	134121491	137868364	2589	0.1013
4d9a4714-924f-42b5-881d-f6223a34852b	7	137872064	142069843	2595	-0.3505
4d9a4714-924f-42b5-881d-f6223a34852b	7	142069880	142092307	33	-1.4433
4d9a4714-924f-42b5-881d-f6223a34852b	7	142099190	142246513	117	-0.3255
4d9a4714-924f-42b5-881d-f6223a34852b	7	142250961	142713590	285	-0.5034
4d9a4714-924f-42b5-881d-f6223a34852b	7	142718507	155671335	8113	-0.3512
4d9a4714-924f-42b5-881d-f6223a34852b	7	155673169	155674244	2	1.7162
4d9a4714-924f-42b5-881d-f6223a34852b	7	155676942	158307365	1664	-0.3911
4d9a4714-924f-42b5-881d-f6223a34852b	7	158309832	158323170	7	-1.8479
4d9a4714-924f-42b5-881d-f6223a34852b	7	158323699	158920562	353	-0.2908
4d9a4714-924f-42b5-881d-f6223a34852b	7	158921525	158923731	6	-1.2638
4d9a4714-924f-42b5-881d-f6223a34852b	7	158923759	159153696	165	-0.3774
4d9a4714-924f-42b5-881d-f6223a34852b	7	159154602	159165243	7	-1.2522
4d9a4714-924f-42b5-881d-f6223a34852b	7	159166679	159334314	107	-0.3132
4d9a4714-924f-42b5-881d-f6223a34852b	8	81254	1211371	711	0.1647
4d9a4714-924f-42b5-881d-f6223a34852b	8	1211954	5667553	5181	0.1238
4d9a4714-924f-42b5-881d-f6223a34852b	8	5668141	5672879	6	-1.1124
4d9a4714-924f-42b5-881d-f6223a34852b	8	5676083	5736745	92	0.0491
4d9a4714-924f-42b5-881d-f6223a34852b	8	5741204	5746973	27	-0.6901
4d9a4714-924f-42b5-881d-f6223a34852b	8	5749566	5958604	256	0.2445
4d9a4714-924f-42b5-881d-f6223a34852b	8	5958953	6073573	157	-0.0405
4d9a4714-924f-42b5-881d-f6223a34852b	8	6075444	7886542	1328	0.1542
4d9a4714-924f-42b5-881d-f6223a34852b	8	7888457	8237241	29	-0.4985
4d9a4714-924f-42b5-881d-f6223a34852b	8	8245003	39373140	22696	0.1874
4d9a4714-924f-42b5-881d-f6223a34852b	8	39378084	39529446	58	-2.1912
4d9a4714-924f-42b5-881d-f6223a34852b	8	39530780	40914477	1074	0.1671
4d9a4714-924f-42b5-881d-f6223a34852b	8	40920333	40920952	2	-1.8481
4d9a4714-924f-42b5-881d-f6223a34852b	8	40926161	62012160	11375	0.1822
4d9a4714-924f-42b5-881d-f6223a34852b	8	62018748	79326320	10504	0.519
4d9a4714-924f-42b5-881d-f6223a34852b	8	79327063	82392042	1750	0.1807
4d9a4714-924f-42b5-881d-f6223a34852b	8	82394370	84350881	1145	0.0391
4d9a4714-924f-42b5-881d-f6223a34852b	8	84353483	84359316	30	0.4152
4d9a4714-924f-42b5-881d-f6223a34852b	8	84359340	89819812	3040	0.0365
4d9a4714-924f-42b5-881d-f6223a34852b	8	89825402	89825519	3	-1.53
4d9a4714-924f-42b5-881d-f6223a34852b	8	89827392	104864510	9150	0.0416
4d9a4714-924f-42b5-881d-f6223a34852b	8	104864999	104865031	2	-1.6173
4d9a4714-924f-42b5-881d-f6223a34852b	8	104867017	106050555	706	0.0596
4d9a4714-924f-42b5-881d-f6223a34852b	8	106050591	106081693	18	-0.4341
4d9a4714-924f-42b5-881d-f6223a34852b	8	106082415	106846405	517	0.0472
4d9a4714-924f-42b5-881d-f6223a34852b	8	106846446	106848098	9	0.7361
4d9a4714-924f-42b5-881d-f6223a34852b	8	106850042	108417143	1040	0.0369
4d9a4714-924f-42b5-881d-f6223a34852b	8	108418934	108418970	2	-1.3891
4d9a4714-924f-42b5-881d-f6223a34852b	8	108422548	111282237	1597	0.0362
4d9a4714-924f-42b5-881d-f6223a34852b	8	111282417	111283031	7	-2.4584
4d9a4714-924f-42b5-881d-f6223a34852b	8	111288052	114619207	1818	0.0492
4d9a4714-924f-42b5-881d-f6223a34852b	8	114619814	114629460	35	-0.5846
4d9a4714-924f-42b5-881d-f6223a34852b	8	114629502	123915471	6276	0.042
4d9a4714-924f-42b5-881d-f6223a34852b	8	123915945	130525010	4659	0.5043
4d9a4714-924f-42b5-881d-f6223a34852b	8	130528865	130531692	4	-0.5666
4d9a4714-924f-42b5-881d-f6223a34852b	8	130532902	130916155	354	0.4945
4d9a4714-924f-42b5-881d-f6223a34852b	8	130916381	145072769	9748	0.1341
4d9a4714-924f-42b5-881d-f6223a34852b	9	46587	11519198	10886	-0.005
4d9a4714-924f-42b5-881d-f6223a34852b	9	11521973	11986313	349	0.131
4d9a4714-924f-42b5-881d-f6223a34852b	9	11987651	21652667	8017	-0.0061
4d9a4714-924f-42b5-881d-f6223a34852b	9	21655805	21797136	134	0.1902
4d9a4714-924f-42b5-881d-f6223a34852b	9	21800514	23363117	1023	-0.0222
4d9a4714-924f-42b5-881d-f6223a34852b	9	23363935	23373486	7	-2.1045
4d9a4714-924f-42b5-881d-f6223a34852b	9	23378490	23465179	59	-0.083
4d9a4714-924f-42b5-881d-f6223a34852b	9	23465967	23467681	3	-1.0328
4d9a4714-924f-42b5-881d-f6223a34852b	9	23471267	24506104	738	-0.0155
4d9a4714-924f-42b5-881d-f6223a34852b	9	24506151	24514392	7	0.6858
4d9a4714-924f-42b5-881d-f6223a34852b	9	24514405	25488189	727	0.0048
4d9a4714-924f-42b5-881d-f6223a34852b	9	25494053	26037976	385	0.0865
4d9a4714-924f-42b5-881d-f6223a34852b	9	26049350	26050211	2	-1.9353
4d9a4714-924f-42b5-881d-f6223a34852b	9	26050661	27236646	876	0.0772
4d9a4714-924f-42b5-881d-f6223a34852b	9	27248179	27248646	5	-1.3868
4d9a4714-924f-42b5-881d-f6223a34852b	9	27248729	42697878	8081	0.0975
4d9a4714-924f-42b5-881d-f6223a34852b	9	42698168	42726239	11	-0.7829
4d9a4714-924f-42b5-881d-f6223a34852b	9	42727685	81566222	9912	0.0964
4d9a4714-924f-42b5-881d-f6223a34852b	9	81566323	81579683	17	-0.4239
4d9a4714-924f-42b5-881d-f6223a34852b	9	81579692	87395180	4019	0.107
4d9a4714-924f-42b5-881d-f6223a34852b	9	87396313	87403876	10	-0.5385
4d9a4714-924f-42b5-881d-f6223a34852b	9	87404718	87804073	404	0.1011
4d9a4714-924f-42b5-881d-f6223a34852b	9	87804188	87806333	3	-0.8511
4d9a4714-924f-42b5-881d-f6223a34852b	9	87806362	87907679	68	0.0559
4d9a4714-924f-42b5-881d-f6223a34852b	9	87939236	87939304	2	1.875
4d9a4714-924f-42b5-881d-f6223a34852b	9	87943042	104042685	10748	0.0961
4d9a4714-924f-42b5-881d-f6223a34852b	9	104048899	104067555	34	0.4924
4d9a4714-924f-42b5-881d-f6223a34852b	9	104067576	107338582	2399	0.0964
4d9a4714-924f-42b5-881d-f6223a34852b	9	107338763	107362748	21	-0.3193
4d9a4714-924f-42b5-881d-f6223a34852b	9	107362906	107963473	498	0.1153
4d9a4714-924f-42b5-881d-f6223a34852b	9	107965349	107971177	16	-0.5115
4d9a4714-924f-42b5-881d-f6223a34852b	9	107972624	121199195	10383	0.1002
4d9a4714-924f-42b5-881d-f6223a34852b	9	121202552	121210606	10	-0.5916
4d9a4714-924f-42b5-881d-f6223a34852b	9	121210889	131172541	5839	0.1008
4d9a4714-924f-42b5-881d-f6223a34852b	9	131181919	133792329	1684	-0.348
4d9a4714-924f-42b5-881d-f6223a34852b	9	133792484	133792488	2	-2.5582
4d9a4714-924f-42b5-881d-f6223a34852b	9	133800186	138091223	1941	-0.3692
4d9a4714-924f-42b5-881d-f6223a34852b	9	138092141	138200944	74	-0.0229
4d9a4714-924f-42b5-881d-f6223a34852b	10	45792	4198678	3516	-0.3616
4d9a4714-924f-42b5-881d-f6223a34852b	10	4199213	4199380	2	-2.6816
4d9a4714-924f-42b5-881d-f6223a34852b	10	4201806	22154517	14380	-0.3581
4d9a4714-924f-42b5-881d-f6223a34852b	10	22155041	24086334	1243	0.0899
4d9a4714-924f-42b5-881d-f6223a34852b	10	24088745	24089125	11	1.3886
4d9a4714-924f-42b5-881d-f6223a34852b	10	24089979	27298602	2191	0.0719
4d9a4714-924f-42b5-881d-f6223a34852b	10	27304498	27318976	4	-1.1089
4d9a4714-924f-42b5-881d-f6223a34852b	10	27321161	46836986	10321	0.0687
4d9a4714-924f-42b5-881d-f6223a34852b	10	46898735	46901552	2	3.4461
4d9a4714-924f-42b5-881d-f6223a34852b	10	46967412	54685856	5155	0.0767
4d9a4714-924f-42b5-881d-f6223a34852b	10	54693189	54708677	13	0.8633
4d9a4714-924f-42b5-881d-f6223a34852b	10	54712504	57069935	1644	0.0969
4d9a4714-924f-42b5-881d-f6223a34852b	10	57070549	57070852	2	-1.7902
4d9a4714-924f-42b5-881d-f6223a34852b	10	57074543	68700572	7906	0.1084
4d9a4714-924f-42b5-881d-f6223a34852b	10	68700606	73589201	3149	-0.2838
4d9a4714-924f-42b5-881d-f6223a34852b	10	73599236	73990558	150	0.1269
4d9a4714-924f-42b5-881d-f6223a34852b	10	73995773	89454347	10729	0.4894
4d9a4714-924f-42b5-881d-f6223a34852b	10	89455094	90112302	450	1.0052
4d9a4714-924f-42b5-881d-f6223a34852b	10	90113524	90126808	8	0.376
4d9a4714-924f-42b5-881d-f6223a34852b	10	90130237	93004903	1670	-0.2727
4d9a4714-924f-42b5-881d-f6223a34852b	10	93004922	117584234	16130	-0.3045
4d9a4714-924f-42b5-881d-f6223a34852b	10	117586327	124104019	5073	-0.2613
4d9a4714-924f-42b5-881d-f6223a34852b	10	124108725	133654968	6757	0.1274
4d9a4714-924f-42b5-881d-f6223a34852b	11	198510	221584	11	-0.0336
4d9a4714-924f-42b5-881d-f6223a34852b	11	224393	313923	54	-0.4383
4d9a4714-924f-42b5-881d-f6223a34852b	11	324880	364390	12	-1.2022
4d9a4714-924f-42b5-881d-f6223a34852b	11	365502	5766862	3141	-0.3442
4d9a4714-924f-42b5-881d-f6223a34852b	11	5768371	5781682	25	0.2894
4d9a4714-924f-42b5-881d-f6223a34852b	11	5787096	6263861	346	-0.3562
4d9a4714-924f-42b5-881d-f6223a34852b	11	6263971	6267637	6	-1.289
4d9a4714-924f-42b5-881d-f6223a34852b	11	6270429	6691262	265	-0.3522
4d9a4714-924f-42b5-881d-f6223a34852b	11	6694905	6696583	6	-1.2601
4d9a4714-924f-42b5-881d-f6223a34852b	11	6697684	9258915	1878	-0.3486
4d9a4714-924f-42b5-881d-f6223a34852b	11	9274337	9368328	30	0.1125
4d9a4714-924f-42b5-881d-f6223a34852b	11	9376691	18917623	6849	-0.3475
4d9a4714-924f-42b5-881d-f6223a34852b	11	18918546	18950605	63	0.1711
4d9a4714-924f-42b5-881d-f6223a34852b	11	18952747	19643104	625	-0.3752
4d9a4714-924f-42b5-881d-f6223a34852b	11	19644055	19644400	2	-3.6668
4d9a4714-924f-42b5-881d-f6223a34852b	11	19646892	28787622	6772	-0.346
4d9a4714-924f-42b5-881d-f6223a34852b	11	28793385	54743970	14009	0.1136
4d9a4714-924f-42b5-881d-f6223a34852b	11	54762035	54766290	3	-1.4555
4d9a4714-924f-42b5-881d-f6223a34852b	11	54782119	81787763	14891	0.1074
4d9a4714-924f-42b5-881d-f6223a34852b	11	81792426	81806116	11	-0.7842
4d9a4714-924f-42b5-881d-f6223a34852b	11	81811590	86604132	3179	0.106
4d9a4714-924f-42b5-881d-f6223a34852b	11	86605034	86610983	11	-0.8433
4d9a4714-924f-42b5-881d-f6223a34852b	11	86612255	101723653	10775	0.1089
4d9a4714-924f-42b5-881d-f6223a34852b	11	101727129	101727233	4	1.6025
4d9a4714-924f-42b5-881d-f6223a34852b	11	101727481	134731118	23425	0.1115
4d9a4714-924f-42b5-881d-f6223a34852b	11	134731897	134734098	4	-1.4155
4d9a4714-924f-42b5-881d-f6223a34852b	11	134737977	135074876	280	0.0253
4d9a4714-924f-42b5-881d-f6223a34852b	12	51460	16266471	10913	-0.0123
4d9a4714-924f-42b5-881d-f6223a34852b	12	16268053	16268391	2	-1.9837
4d9a4714-924f-42b5-881d-f6223a34852b	12	16275623	17809250	954	-0.0157
4d9a4714-924f-42b5-881d-f6223a34852b	12	17810353	17812131	8	0.8626
4d9a4714-924f-42b5-881d-f6223a34852b	12	17813475	30086777	8603	-0.0158
4d9a4714-924f-42b5-881d-f6223a34852b	12	30086809	30091017	22	0.4337
4d9a4714-924f-42b5-881d-f6223a34852b	12	30091052	33098394	2208	-0.0129
4d9a4714-924f-42b5-881d-f6223a34852b	12	33098567	37593924	893	0.0726
4d9a4714-924f-42b5-881d-f6223a34852b	12	37618765	37620216	2	-2.0637
4d9a4714-924f-42b5-881d-f6223a34852b	12	37640556	45566335	4786	-0.0088
4d9a4714-924f-42b5-881d-f6223a34852b	12	45567991	45568634	7	-0.9447
4d9a4714-924f-42b5-881d-f6223a34852b	12	45568944	77981800	19953	-0.0143
4d9a4714-924f-42b5-881d-f6223a34852b	12	77982375	77988456	2	-1.6633
4d9a4714-924f-42b5-881d-f6223a34852b	12	77993818	85962847	4905	-0.0112
4d9a4714-924f-42b5-881d-f6223a34852b	12	85966201	125726208	25687	-0.332
4d9a4714-924f-42b5-881d-f6223a34852b	12	125726375	132647687	5488	-0.3822
4d9a4714-924f-42b5-881d-f6223a34852b	12	132648706	132649610	2	-4.1751
4d9a4714-924f-42b5-881d-f6223a34852b	12	132650245	133201603	252	-0.2998
4d9a4714-924f-42b5-881d-f6223a34852b	13	18452809	20360497	957	-0.3487
4d9a4714-924f-42b5-881d-f6223a34852b	13	20361146	20362359	3	-2.341
4d9a4714-924f-42b5-881d-f6223a34852b	13	20363048	30085804	7187	-0.3793
4d9a4714-924f-42b5-881d-f6223a34852b	13	30086959	37496998	5307	0.1115
4d9a4714-924f-42b5-881d-f6223a34852b	13	37497899	37510620	16	-2.5137
4d9a4714-924f-42b5-881d-f6223a34852b	13	37514193	38478674	701	0.1071
4d9a4714-924f-42b5-881d-f6223a34852b	13	38483435	38483919	2	-2.2813
4d9a4714-924f-42b5-881d-f6223a34852b	13	38490920	42631133	2889	0.1193
4d9a4714-924f-42b5-881d-f6223a34852b	13	42631796	42639196	20	0.5183
4d9a4714-924f-42b5-881d-f6223a34852b	13	42639416	42921550	239	0.1024
4d9a4714-924f-42b5-881d-f6223a34852b	13	42921607	42923369	4	-0.8176
4d9a4714-924f-42b5-881d-f6223a34852b	13	42930184	43119029	104	0.1372
4d9a4714-924f-42b5-881d-f6223a34852b	13	43121281	43123465	4	-1.29
4d9a4714-924f-42b5-881d-f6223a34852b	13	43124116	57106292	8514	0.1209
4d9a4714-924f-42b5-881d-f6223a34852b	13	57111536	57348751	154	0.3032
4d9a4714-924f-42b5-881d-f6223a34852b	13	57349323	63638572	3696	0.1063
4d9a4714-924f-42b5-881d-f6223a34852b	13	63641427	63643749	4	-0.9749
4d9a4714-924f-42b5-881d-f6223a34852b	13	63644207	76037613	8248	0.1207
4d9a4714-924f-42b5-881d-f6223a34852b	13	76037714	76037726	2	1.9668
4d9a4714-924f-42b5-881d-f6223a34852b	13	76038089	104867329	19223	0.1294
4d9a4714-924f-42b5-881d-f6223a34852b	13	104867719	104868133	3	-1.4331
4d9a4714-924f-42b5-881d-f6223a34852b	13	104870097	110932159	4909	0.1129
4d9a4714-924f-42b5-881d-f6223a34852b	13	110936620	110937681	3	-2.0828
4d9a4714-924f-42b5-881d-f6223a34852b	13	110940433	114342922	1860	0.1225
4d9a4714-924f-42b5-881d-f6223a34852b	14	18239283	20009389	200	0.1251
4d9a4714-924f-42b5-881d-f6223a34852b	14	20012817	22066233	1427	-0.189
4d9a4714-924f-42b5-881d-f6223a34852b	14	22066726	22486728	355	-0.4096
4d9a4714-924f-42b5-881d-f6223a34852b	14	22490304	26314697	2516	-0.1978
4d9a4714-924f-42b5-881d-f6223a34852b	14	26314707	26314712	6	0.8643
4d9a4714-924f-42b5-881d-f6223a34852b	14	26315707	40139724	8512	-0.1917
4d9a4714-924f-42b5-881d-f6223a34852b	14	40144718	40147715	2	-2.3518
4d9a4714-924f-42b5-881d-f6223a34852b	14	40148961	50549132	6177	-0.1745
4d9a4714-924f-42b5-881d-f6223a34852b	14	50553410	50607439	20	0.5317
4d9a4714-924f-42b5-881d-f6223a34852b	14	50609244	53341126	1902	-0.1827
4d9a4714-924f-42b5-881d-f6223a34852b	14	53344322	53345341	5	-1.6653
4d9a4714-924f-42b5-881d-f6223a34852b	14	53345534	55147918	1235	-0.1906
4d9a4714-924f-42b5-881d-f6223a34852b	14	55147970	62280904	4684	-0.3546
4d9a4714-924f-42b5-881d-f6223a34852b	14	62280946	62312452	16	-0.1206
4d9a4714-924f-42b5-881d-f6223a34852b	14	62314807	88701083	17139	0.1078
4d9a4714-924f-42b5-881d-f6223a34852b	14	88712120	88895964	78	0.348
4d9a4714-924f-42b5-881d-f6223a34852b	14	88902190	105544971	10539	0.104
4d9a4714-924f-42b5-881d-f6223a34852b	14	105563300	105659061	15	0.714
4d9a4714-924f-42b5-881d-f6223a34852b	14	105688531	106258891	180	0.1409
4d9a4714-924f-42b5-881d-f6223a34852b	14	106260759	106266163	5	-0.8826
4d9a4714-924f-42b5-881d-f6223a34852b	14	106266761	106364815	39	0.1049
4d9a4714-924f-42b5-881d-f6223a34852b	14	106365807	106503707	87	0.4728
4d9a4714-924f-42b5-881d-f6223a34852b	14	106504296	106877229	184	0.1523
4d9a4714-924f-42b5-881d-f6223a34852b	15	19811075	20056983	50	0.1214
4d9a4714-924f-42b5-881d-f6223a34852b	15	20059033	20373168	38	0.6241
4d9a4714-924f-42b5-881d-f6223a34852b	15	20376198	20376202	5	-1.0504
4d9a4714-924f-42b5-881d-f6223a34852b	15	20376309	22278707	106	0.629
4d9a4714-924f-42b5-881d-f6223a34852b	15	22283167	29119788	3966	0.0685
4d9a4714-924f-42b5-881d-f6223a34852b	15	29119844	29133893	8	-1.0221
4d9a4714-924f-42b5-881d-f6223a34852b	15	29134220	30253290	664	0.0446
4d9a4714-924f-42b5-881d-f6223a34852b	15	30253522	30291233	7	-0.822
4d9a4714-924f-42b5-881d-f6223a34852b	15	30297594	31079813	274	0.0791
4d9a4714-924f-42b5-881d-f6223a34852b	15	31084493	31089786	2	-2.0888
4d9a4714-924f-42b5-881d-f6223a34852b	15	31091420	34430601	2298	0.0653
4d9a4714-924f-42b5-881d-f6223a34852b	15	34431231	34502721	54	0.4062
4d9a4714-924f-42b5-881d-f6223a34852b	15	34503285	75858624	26006	0.0663
4d9a4714-924f-42b5-881d-f6223a34852b	15	75858740	76603003	413	-0.0536
4d9a4714-924f-42b5-881d-f6223a34852b	15	76603426	76609838	8	0.758
4d9a4714-924f-42b5-881d-f6223a34852b	15	76609853	79402464	1557	-0.0467
4d9a4714-924f-42b5-881d-f6223a34852b	15	79404359	81788023	1754	0.3338
4d9a4714-924f-42b5-881d-f6223a34852b	15	81792593	81804153	6	-0.8633
4d9a4714-924f-42b5-881d-f6223a34852b	15	81805641	82882631	574	0.6347
4d9a4714-924f-42b5-881d-f6223a34852b	15	82889131	82889319	3	-1.6056
4d9a4714-924f-42b5-881d-f6223a34852b	15	82890669	90615269	4999	0.6095
4d9a4714-924f-42b5-881d-f6223a34852b	15	90616968	101928837	8708	0.691
4d9a4714-924f-42b5-881d-f6223a34852b	16	10777	592152	242	0.3866
4d9a4714-924f-42b5-881d-f6223a34852b	16	592208	22604483	14531	0.0966
4d9a4714-924f-42b5-881d-f6223a34852b	16	22614263	22699421	59	0.7514
4d9a4714-924f-42b5-881d-f6223a34852b	16	22701658	22721266	23	0.0941
4d9a4714-924f-42b5-881d-f6223a34852b	16	22724240	22726765	3	-1.1436
4d9a4714-924f-42b5-881d-f6223a34852b	16	22727362	22978699	206	0.1227
4d9a4714-924f-42b5-881d-f6223a34852b	16	22982108	22984546	4	-1.0852
4d9a4714-924f-42b5-881d-f6223a34852b	16	22984684	29261283	3965	0.0954
4d9a4714-924f-42b5-881d-f6223a34852b	16	29265473	29269734	5	-1.4795
4d9a4714-924f-42b5-881d-f6223a34852b	16	29270444	32553191	929	0.1142
4d9a4714-924f-42b5-881d-f6223a34852b	16	32562155	32904192	17	-0.5027
4d9a4714-924f-42b5-881d-f6223a34852b	16	32904231	35618707	374	0.1536
4d9a4714-924f-42b5-881d-f6223a34852b	16	35627236	46470502	96	0.3116
4d9a4714-924f-42b5-881d-f6223a34852b	16	46473753	71799677	15869	0.0969
4d9a4714-924f-42b5-881d-f6223a34852b	16	71809754	73040113	667	-0.3555
4d9a4714-924f-42b5-881d-f6223a34852b	16	73043675	73043716	2	-2.2611
4d9a4714-924f-42b5-881d-f6223a34852b	16	73045313	74321782	972	-0.3581
4d9a4714-924f-42b5-881d-f6223a34852b	16	74322348	74422703	18	0.2268
4d9a4714-924f-42b5-881d-f6223a34852b	16	74431498	78339920	3202	-0.353
4d9a4714-924f-42b5-881d-f6223a34852b	16	78342480	78351104	11	-1.2839
4d9a4714-924f-42b5-881d-f6223a34852b	16	78351540	90096867	10569	-0.368
4d9a4714-924f-42b5-881d-f6223a34852b	17	150733	513155	166	-0.3448
4d9a4714-924f-42b5-881d-f6223a34852b	17	516925	899530	239	-0.1452
4d9a4714-924f-42b5-881d-f6223a34852b	17	899590	15650964	9575	-0.3565
4d9a4714-924f-42b5-881d-f6223a34852b	17	15651247	15654216	2	-2.5005
4d9a4714-924f-42b5-881d-f6223a34852b	17	15654426	18414080	1378	-0.3502
4d9a4714-924f-42b5-881d-f6223a34852b	17	18452078	18561907	27	-1.807
4d9a4714-924f-42b5-881d-f6223a34852b	17	18565883	28452035	2249	-0.3186
4d9a4714-924f-42b5-881d-f6223a34852b	17	28454323	28455301	2	-2.3367
4d9a4714-924f-42b5-881d-f6223a34852b	17	28462253	31456068	1259	-0.3298
4d9a4714-924f-42b5-881d-f6223a34852b	17	31458190	31458903	3	-1.9644
4d9a4714-924f-42b5-881d-f6223a34852b	17	31459383	33659258	1498	-0.3527
4d9a4714-924f-42b5-881d-f6223a34852b	17	33660771	33661231	2	-3.0158
4d9a4714-924f-42b5-881d-f6223a34852b	17	33661670	33851667	180	-0.4986
4d9a4714-924f-42b5-881d-f6223a34852b	17	33852310	41266762	4182	-0.3304
4d9a4714-924f-42b5-881d-f6223a34852b	17	41266774	41273905	19	-0.7992
4d9a4714-924f-42b5-881d-f6223a34852b	17	41273921	41274198	3	-2.4089
4d9a4714-924f-42b5-881d-f6223a34852b	17	41274279	46135838	2526	-0.3105
4d9a4714-924f-42b5-881d-f6223a34852b	17	46136346	46717389	107	-0.0128
4d9a4714-924f-42b5-881d-f6223a34852b	17	46717824	50348823	1888	-0.3344
4d9a4714-924f-42b5-881d-f6223a34852b	17	50351262	50355720	3	-1.7541
4d9a4714-924f-42b5-881d-f6223a34852b	17	50355817	56370372	4136	-0.3493
4d9a4714-924f-42b5-881d-f6223a34852b	17	56371838	57610128	948	0.155
4d9a4714-924f-42b5-881d-f6223a34852b	17	57610972	57611632	2	-2.2723
4d9a4714-924f-42b5-881d-f6223a34852b	17	57614632	70895688	7466	0.1714
4d9a4714-924f-42b5-881d-f6223a34852b	17	70896097	70896209	2	-1.9294
4d9a4714-924f-42b5-881d-f6223a34852b	17	70896957	74614984	2841	0.1496
4d9a4714-924f-42b5-881d-f6223a34852b	17	74617450	74652981	31	-0.2448
4d9a4714-924f-42b5-881d-f6223a34852b	17	74653324	83071333	4207	0.1738
4d9a4714-924f-42b5-881d-f6223a34852b	17	83071714	83091923	6	-0.5523
4d9a4714-924f-42b5-881d-f6223a34852b	18	48133	478887	308	-0.3261
4d9a4714-924f-42b5-881d-f6223a34852b	18	479816	481341	2	-2.3325
4d9a4714-924f-42b5-881d-f6223a34852b	18	483753	40678205	22413	-0.3474
4d9a4714-924f-42b5-881d-f6223a34852b	18	40678223	40680526	17	0.1047
4d9a4714-924f-42b5-881d-f6223a34852b	18	40680642	40685425	13	0.6657
4d9a4714-924f-42b5-881d-f6223a34852b	18	40688060	80257174	27849	-0.3459
4d9a4714-924f-42b5-881d-f6223a34852b	19	90910	5405816	1530	-0.3598
4d9a4714-924f-42b5-881d-f6223a34852b	19	5407474	20381686	7351	-0.005
4d9a4714-924f-42b5-881d-f6223a34852b	19	20383744	20962946	323	0.1455
4d9a4714-924f-42b5-881d-f6223a34852b	19	20963790	24102960	1825	0.001
4d9a4714-924f-42b5-881d-f6223a34852b	19	24109121	27578429	149	0.2435
4d9a4714-924f-42b5-881d-f6223a34852b	19	27579291	34001148	4614	0.0496
4d9a4714-924f-42b5-881d-f6223a34852b	19	34001295	35172940	718	0.0822
4d9a4714-924f-42b5-881d-f6223a34852b	19	35172981	35173140	4	-0.7521
4d9a4714-924f-42b5-881d-f6223a34852b	19	35175144	35365179	172	0.1707
4d9a4714-924f-42b5-881d-f6223a34852b	19	35365304	35366721	11	-0.6507
4d9a4714-924f-42b5-881d-f6223a34852b	19	35366964	53013829	8981	0.0973
4d9a4714-924f-42b5-881d-f6223a34852b	19	53015494	53050987	23	1.0159
4d9a4714-924f-42b5-881d-f6223a34852b	19	53051066	54815158	1076	0.0807
4d9a4714-924f-42b5-881d-f6223a34852b	19	54819199	54856908	19	-0.5295
4d9a4714-924f-42b5-881d-f6223a34852b	19	54862363	58573534	2270	0.0957
4d9a4714-924f-42b5-881d-f6223a34852b	19	58579806	58586487	7	-0.343
4d9a4714-924f-42b5-881d-f6223a34852b	20	80664	1576544	1183	0.094
4d9a4714-924f-42b5-881d-f6223a34852b	20	1576573	1601561	56	-1.1008
4d9a4714-924f-42b5-881d-f6223a34852b	20	1609611	14643381	9787	0.0902
4d9a4714-924f-42b5-881d-f6223a34852b	20	14647016	14777465	88	-0.9099
4d9a4714-924f-42b5-881d-f6223a34852b	20	14777792	14779398	5	-2.2774
4d9a4714-924f-42b5-881d-f6223a34852b	20	14780815	15100670	317	-0.8526
4d9a4714-924f-42b5-881d-f6223a34852b	20	15101100	15254778	131	0.1073
4d9a4714-924f-42b5-881d-f6223a34852b	20	15256406	15257226	3	-1.2285
4d9a4714-924f-42b5-881d-f6223a34852b	20	15258823	26196469	8366	0.0818
4d9a4714-924f-42b5-881d-f6223a34852b	20	26196799	26285930	43	0.2236
4d9a4714-924f-42b5-881d-f6223a34852b	20	26290672	26324855	9	0.8412
4d9a4714-924f-42b5-881d-f6223a34852b	20	26324943	39352500	4318	0.1926
4d9a4714-924f-42b5-881d-f6223a34852b	20	39352861	64324800	18025	0.5116
4d9a4714-924f-42b5-881d-f6223a34852b	21	10354168	13231256	122	-0.1992
4d9a4714-924f-42b5-881d-f6223a34852b	21	13240288	20456029	4775	0.0888
4d9a4714-924f-42b5-881d-f6223a34852b	21	20456159	23061182	1985	-0.011
4d9a4714-924f-42b5-881d-f6223a34852b	21	23061396	23064698	9	-0.7243
4d9a4714-924f-42b5-881d-f6223a34852b	21	23064725	23136197	61	0.003
4d9a4714-924f-42b5-881d-f6223a34852b	21	23136896	23147033	4	1.3321
4d9a4714-924f-42b5-881d-f6223a34852b	21	23148780	46677045	16886	-0.0292
4d9a4714-924f-42b5-881d-f6223a34852b	22	15294547	16981773	280	0.337
4d9a4714-924f-42b5-881d-f6223a34852b	22	16982299	20217401	1682	-0.3709
4d9a4714-924f-42b5-881d-f6223a34852b	22	20217810	20223616	4	-1.9953
4d9a4714-924f-42b5-881d-f6223a34852b	22	20223805	20380687	52	-0.0609
4d9a4714-924f-42b5-881d-f6223a34852b	22	20383613	22137143	1131	-0.3238
4d9a4714-924f-42b5-881d-f6223a34852b	22	22137452	22168878	66	-0.0714
4d9a4714-924f-42b5-881d-f6223a34852b	22	22170254	22176688	10	-1.1698
4d9a4714-924f-42b5-881d-f6223a34852b	22	22177279	22242719	122	-0.2824
4d9a4714-924f-42b5-881d-f6223a34852b	22	22243392	22243567	2	-3.5263
4d9a4714-924f-42b5-881d-f6223a34852b	22	22245125	30062694	5668	-0.3697
4d9a4714-924f-42b5-881d-f6223a34852b	22	30075918	38999376	6213	0.1056
4d9a4714-924f-42b5-881d-f6223a34852b	22	38999476	38999502	3	-1.1989
4d9a4714-924f-42b5-881d-f6223a34852b	22	39003307	48956708	6820	0.102
4d9a4714-924f-42b5-881d-f6223a34852b	22	48957301	49415841	479	-0.0268
4d9a4714-924f-42b5-881d-f6223a34852b	22	49416027	50560544	571	0.1387
4d9a4714-924f-42b5-881d-f6223a34852b	22	50560898	50575315	13	-0.6101
4d9a4714-924f-42b5-881d-f6223a34852b	22	50577669	50796027	112	0.1085
4d9a4714-924f-42b5-881d-f6223a34852b	X	251810	6667856	3050	0.0164
4d9a4714-924f-42b5-881d-f6223a34852b	X	6668176	7919967	931	-0.0186
4d9a4714-924f-42b5-881d-f6223a34852b	X	7921787	7922905	3	-1.5897
4d9a4714-924f-42b5-881d-f6223a34852b	X	7923585	8291706	267	0.0114
4d9a4714-924f-42b5-881d-f6223a34852b	X	8296415	8296572	2	-1.7302
4d9a4714-924f-42b5-881d-f6223a34852b	X	8300900	8303116	6	0.2261
4d9a4714-924f-42b5-881d-f6223a34852b	X	8303404	8304382	6	-0.9488
4d9a4714-924f-42b5-881d-f6223a34852b	X	8305045	10034243	1325	-0.006
4d9a4714-924f-42b5-881d-f6223a34852b	X	10035090	10038412	4	-1.5543
4d9a4714-924f-42b5-881d-f6223a34852b	X	10039919	38437904	18101	-0.0369
4d9a4714-924f-42b5-881d-f6223a34852b	X	38438304	38438789	5	-1.3503
4d9a4714-924f-42b5-881d-f6223a34852b	X	38439675	58261414	9603	-0.0261
4d9a4714-924f-42b5-881d-f6223a34852b	X	58262074	62926728	119	0.2464
4d9a4714-924f-42b5-881d-f6223a34852b	X	62929173	75653489	5578	0.0307
4d9a4714-924f-42b5-881d-f6223a34852b	X	75654103	75656201	3	-1.3798
4d9a4714-924f-42b5-881d-f6223a34852b	X	75656607	84309194	4139	0.0302
4d9a4714-924f-42b5-881d-f6223a34852b	X	84309562	84349125	20	-0.5889
4d9a4714-924f-42b5-881d-f6223a34852b	X	84355487	112468139	14991	0.0317
4d9a4714-924f-42b5-881d-f6223a34852b	X	112474685	112499268	15	-0.7759
4d9a4714-924f-42b5-881d-f6223a34852b	X	112499549	140156297	15745	0.0222
4d9a4714-924f-42b5-881d-f6223a34852b	X	140156486	140157621	2	-2.1552
4d9a4714-924f-42b5-881d-f6223a34852b	X	140161463	142830097	1727	0.0401
4d9a4714-924f-42b5-881d-f6223a34852b	X	142830915	142831708	3	-1.6202
4d9a4714-924f-42b5-881d-f6223a34852b	X	142832093	143060724	163	0.0081
4d9a4714-924f-42b5-881d-f6223a34852b	X	143062058	143062585	2	-1.573
4d9a4714-924f-42b5-881d-f6223a34852b	X	143065684	143504535	307	0.007
4d9a4714-924f-42b5-881d-f6223a34852b	X	143505031	143505235	3	1.2612
4d9a4714-924f-42b5-881d-f6223a34852b	X	143505562	146213892	1768	0.0406
4d9a4714-924f-42b5-881d-f6223a34852b	X	146214260	146215064	3	-1.4488
4d9a4714-924f-42b5-881d-f6223a34852b	X	146217720	151870250	3814	0.0413
4d9a4714-924f-42b5-881d-f6223a34852b	X	151872549	151873772	4	-1.8743
4d9a4714-924f-42b5-881d-f6223a34852b	X	151874334	155952689	1812	0.0423
4d9a4714-924f-42b5-881d-f6223a34852b	Y	2784693	6167430	704	-1.2196
4d9a4714-924f-42b5-881d-f6223a34852b	Y	6171310	6171622	2	-6.9274
4d9a4714-924f-42b5-881d-f6223a34852b	Y	6180233	56872112	5493	-1.2625
