GDC_Aliquot	Chromosome	Start	End	Num_Probes	Segment_Mean
a7a54433-2d75-434f-ae8a-2a512f4a3b24	1	62920	98588	12	-1.1046
a7a54433-2d75-434f-ae8a-2a512f4a3b24	1	98602	16569132	8638	0.016
a7a54433-2d75-434f-ae8a-2a512f4a3b24	1	16570326	16863509	55	-0.2799
a7a54433-2d75-434f-ae8a-2a512f4a3b24	1	16864367	30258675	7724	0.0225
a7a54433-2d75-434f-ae8a-2a512f4a3b24	1	30258730	30268649	13	-0.522
a7a54433-2d75-434f-ae8a-2a512f4a3b24	1	30268809	70777796	25430	0.0249
a7a54433-2d75-434f-ae8a-2a512f4a3b24	1	70779147	70780985	5	-1.114
a7a54433-2d75-434f-ae8a-2a512f4a3b24	1	70785071	72297687	916	0.0306
a7a54433-2d75-434f-ae8a-2a512f4a3b24	1	72302735	72345465	48	-1.5846
a7a54433-2d75-434f-ae8a-2a512f4a3b24	1	72346221	74725098	1448	0.0304
a7a54433-2d75-434f-ae8a-2a512f4a3b24	1	74727351	74733606	3	-1.1585
a7a54433-2d75-434f-ae8a-2a512f4a3b24	1	74734100	94746049	13085	0.0206
a7a54433-2d75-434f-ae8a-2a512f4a3b24	1	94746261	94747106	2	-1.4212
a7a54433-2d75-434f-ae8a-2a512f4a3b24	1	94747883	103560435	5469	0.0166
a7a54433-2d75-434f-ae8a-2a512f4a3b24	1	103560608	103613109	21	0.5349
a7a54433-2d75-434f-ae8a-2a512f4a3b24	1	103613180	105470754	931	0.0212
a7a54433-2d75-434f-ae8a-2a512f4a3b24	1	105476583	105479753	17	-0.4283
a7a54433-2d75-434f-ae8a-2a512f4a3b24	1	105481433	109684695	2636	0.0216
a7a54433-2d75-434f-ae8a-2a512f4a3b24	1	109684893	109697533	13	-1.0452
a7a54433-2d75-434f-ae8a-2a512f4a3b24	1	109697556	112147704	1949	0.0216
a7a54433-2d75-434f-ae8a-2a512f4a3b24	1	112153343	112154619	23	-0.4131
a7a54433-2d75-434f-ae8a-2a512f4a3b24	1	112154754	143748074	5263	0.0094
a7a54433-2d75-434f-ae8a-2a512f4a3b24	1	143748421	143760271	19	0.4993
a7a54433-2d75-434f-ae8a-2a512f4a3b24	1	143762042	152583051	2326	0.0218
a7a54433-2d75-434f-ae8a-2a512f4a3b24	1	152583230	152614118	35	-1.8828
a7a54433-2d75-434f-ae8a-2a512f4a3b24	1	152618018	152787202	166	-0.0133
a7a54433-2d75-434f-ae8a-2a512f4a3b24	1	152789447	152796224	37	-1.7245
a7a54433-2d75-434f-ae8a-2a512f4a3b24	1	152801429	174827418	14813	0.0211
a7a54433-2d75-434f-ae8a-2a512f4a3b24	1	174827561	174832716	16	-0.8578
a7a54433-2d75-434f-ae8a-2a512f4a3b24	1	174832734	193186662	12247	0.0228
a7a54433-2d75-434f-ae8a-2a512f4a3b24	1	193187149	193187218	4	-1.0371
a7a54433-2d75-434f-ae8a-2a512f4a3b24	1	193190593	196745743	2395	0.0267
a7a54433-2d75-434f-ae8a-2a512f4a3b24	1	196758720	196832525	57	-0.71
a7a54433-2d75-434f-ae8a-2a512f4a3b24	1	196832720	235117260	26087	0.022
a7a54433-2d75-434f-ae8a-2a512f4a3b24	1	235124437	235124487	2	-2.9118
a7a54433-2d75-434f-ae8a-2a512f4a3b24	1	235136069	246956292	8614	0.0142
a7a54433-2d75-434f-ae8a-2a512f4a3b24	1	246966839	246967535	3	-1.2366
a7a54433-2d75-434f-ae8a-2a512f4a3b24	1	246970604	248930189	1120	0.0273
a7a54433-2d75-434f-ae8a-2a512f4a3b24	2	12784	191931	106	-0.0376
a7a54433-2d75-434f-ae8a-2a512f4a3b24	2	192773	224483	21	-0.3734
a7a54433-2d75-434f-ae8a-2a512f4a3b24	2	226999	34466002	23961	0.0109
a7a54433-2d75-434f-ae8a-2a512f4a3b24	2	34474248	34511990	46	0.6651
a7a54433-2d75-434f-ae8a-2a512f4a3b24	2	34512096	35750907	872	0.0251
a7a54433-2d75-434f-ae8a-2a512f4a3b24	2	35752724	35761650	4	-2.1125
a7a54433-2d75-434f-ae8a-2a512f4a3b24	2	35761842	52527423	12133	0.0148
a7a54433-2d75-434f-ae8a-2a512f4a3b24	2	52527590	52527743	3	-2.4927
a7a54433-2d75-434f-ae8a-2a512f4a3b24	2	52531615	52537117	11	0.4208
a7a54433-2d75-434f-ae8a-2a512f4a3b24	2	52537337	52554157	14	1.029
a7a54433-2d75-434f-ae8a-2a512f4a3b24	2	52554188	86710564	21929	0.0127
a7a54433-2d75-434f-ae8a-2a512f4a3b24	2	86725947	86726731	2	-1.612
a7a54433-2d75-434f-ae8a-2a512f4a3b24	2	86743283	86901078	63	0.0514
a7a54433-2d75-434f-ae8a-2a512f4a3b24	2	86902080	86910262	2	-2.7894
a7a54433-2d75-434f-ae8a-2a512f4a3b24	2	86934730	87211079	41	-0.1956
a7a54433-2d75-434f-ae8a-2a512f4a3b24	2	87218694	87218834	2	-2.062
a7a54433-2d75-434f-ae8a-2a512f4a3b24	2	87221597	97537802	1826	-0.0008
a7a54433-2d75-434f-ae8a-2a512f4a3b24	2	97540809	97545247	3	-2.2331
a7a54433-2d75-434f-ae8a-2a512f4a3b24	2	97545726	116828073	11312	0.0141
a7a54433-2d75-434f-ae8a-2a512f4a3b24	2	116831010	116832277	3	-1.4339
a7a54433-2d75-434f-ae8a-2a512f4a3b24	2	116833669	130036283	8546	0.0057
a7a54433-2d75-434f-ae8a-2a512f4a3b24	2	130036310	130116915	13	-0.7811
a7a54433-2d75-434f-ae8a-2a512f4a3b24	2	130117303	130539652	101	-0.0242
a7a54433-2d75-434f-ae8a-2a512f4a3b24	2	130560276	130560478	2	-1.1625
a7a54433-2d75-434f-ae8a-2a512f4a3b24	2	130720375	163780342	20044	0.0133
a7a54433-2d75-434f-ae8a-2a512f4a3b24	2	163786978	163788616	5	-1.023
a7a54433-2d75-434f-ae8a-2a512f4a3b24	2	163790132	201558143	22716	0.0137
a7a54433-2d75-434f-ae8a-2a512f4a3b24	2	201558672	201558981	3	1.1301
a7a54433-2d75-434f-ae8a-2a512f4a3b24	2	201561984	242147305	25755	0.012
a7a54433-2d75-434f-ae8a-2a512f4a3b24	3	20930	10210380	8661	0.0264
a7a54433-2d75-434f-ae8a-2a512f4a3b24	3	10210525	10213113	4	-2.3102
a7a54433-2d75-434f-ae8a-2a512f4a3b24	3	10215823	21609045	7509	0.019
a7a54433-2d75-434f-ae8a-2a512f4a3b24	3	21609156	22077258	479	0.0888
a7a54433-2d75-434f-ae8a-2a512f4a3b24	3	22077450	26392633	3240	0.0097
a7a54433-2d75-434f-ae8a-2a512f4a3b24	3	26392804	26397852	4	-1.0698
a7a54433-2d75-434f-ae8a-2a512f4a3b24	3	26404482	26559609	114	0.042
a7a54433-2d75-434f-ae8a-2a512f4a3b24	3	26560269	26573486	20	-0.3339
a7a54433-2d75-434f-ae8a-2a512f4a3b24	3	26574458	28759878	1420	0.0219
a7a54433-2d75-434f-ae8a-2a512f4a3b24	3	28760382	28760397	2	-1.4092
a7a54433-2d75-434f-ae8a-2a512f4a3b24	3	28761603	73198902	29714	0.0209
a7a54433-2d75-434f-ae8a-2a512f4a3b24	3	73202637	73202990	4	-0.8406
a7a54433-2d75-434f-ae8a-2a512f4a3b24	3	73203494	84650033	6563	0.0218
a7a54433-2d75-434f-ae8a-2a512f4a3b24	3	84650533	84651212	8	-0.336
a7a54433-2d75-434f-ae8a-2a512f4a3b24	3	84651230	84652985	6	-0.8571
a7a54433-2d75-434f-ae8a-2a512f4a3b24	3	84653010	99225754	5989	0.0204
a7a54433-2d75-434f-ae8a-2a512f4a3b24	3	99225775	99230212	22	0.3967
a7a54433-2d75-434f-ae8a-2a512f4a3b24	3	99230225	104910559	3372	0.0284
a7a54433-2d75-434f-ae8a-2a512f4a3b24	3	104912622	104912766	4	-0.7819
a7a54433-2d75-434f-ae8a-2a512f4a3b24	3	104912795	119631498	9259	0.0212
a7a54433-2d75-434f-ae8a-2a512f4a3b24	3	119632551	119635091	5	-1.0036
a7a54433-2d75-434f-ae8a-2a512f4a3b24	3	119636564	130067366	6091	0.0209
a7a54433-2d75-434f-ae8a-2a512f4a3b24	3	130067443	130087393	31	0.4321
a7a54433-2d75-434f-ae8a-2a512f4a3b24	3	130088081	150140863	12495	0.0227
a7a54433-2d75-434f-ae8a-2a512f4a3b24	3	150141312	150141488	3	-1.9186
a7a54433-2d75-434f-ae8a-2a512f4a3b24	3	150144654	162794951	7781	0.0213
a7a54433-2d75-434f-ae8a-2a512f4a3b24	3	162795304	162908207	68	-1.9222
a7a54433-2d75-434f-ae8a-2a512f4a3b24	3	162908784	169631156	3911	0.0218
a7a54433-2d75-434f-ae8a-2a512f4a3b24	3	169632074	169632816	2	1.4787
a7a54433-2d75-434f-ae8a-2a512f4a3b24	3	169634670	193160173	15266	0.0202
a7a54433-2d75-434f-ae8a-2a512f4a3b24	3	193160256	193161217	5	1.257
a7a54433-2d75-434f-ae8a-2a512f4a3b24	3	193162684	193168958	20	0.3013
a7a54433-2d75-434f-ae8a-2a512f4a3b24	3	193168971	193861172	458	0.0305
a7a54433-2d75-434f-ae8a-2a512f4a3b24	3	193861214	193862597	3	-0.7394
a7a54433-2d75-434f-ae8a-2a512f4a3b24	3	193863470	194913859	692	0.0304
a7a54433-2d75-434f-ae8a-2a512f4a3b24	3	194920587	194921116	5	-0.8466
a7a54433-2d75-434f-ae8a-2a512f4a3b24	3	194921751	194989838	60	0.0135
a7a54433-2d75-434f-ae8a-2a512f4a3b24	3	194990268	194990751	3	-1.1764
a7a54433-2d75-434f-ae8a-2a512f4a3b24	3	194994702	195558822	254	0.0337
a7a54433-2d75-434f-ae8a-2a512f4a3b24	3	195559056	195691392	7	-1.2627
a7a54433-2d75-434f-ae8a-2a512f4a3b24	3	195695418	195728637	20	-0.3284
a7a54433-2d75-434f-ae8a-2a512f4a3b24	3	195728990	195729069	5	-0.0331
a7a54433-2d75-434f-ae8a-2a512f4a3b24	3	195729085	195737636	9	0.4887
a7a54433-2d75-434f-ae8a-2a512f4a3b24	3	195737995	196793007	486	0.0149
a7a54433-2d75-434f-ae8a-2a512f4a3b24	3	196793657	196817766	9	-0.7415
a7a54433-2d75-434f-ae8a-2a512f4a3b24	3	196822871	197099553	144	0.0187
a7a54433-2d75-434f-ae8a-2a512f4a3b24	3	197099818	197099906	2	1.2814
a7a54433-2d75-434f-ae8a-2a512f4a3b24	3	197103658	198111467	511	0.0183
a7a54433-2d75-434f-ae8a-2a512f4a3b24	3	198111566	198169247	18	-0.5329
a7a54433-2d75-434f-ae8a-2a512f4a3b24	4	68929	4101617	1624	0.0267
a7a54433-2d75-434f-ae8a-2a512f4a3b24	4	4108503	4151033	10	-1.1681
a7a54433-2d75-434f-ae8a-2a512f4a3b24	4	4158336	10212536	4074	0.0127
a7a54433-2d75-434f-ae8a-2a512f4a3b24	4	10221792	10233644	35	0.3716
a7a54433-2d75-434f-ae8a-2a512f4a3b24	4	10234518	10389091	171	0.0196
a7a54433-2d75-434f-ae8a-2a512f4a3b24	4	10390730	10399044	16	-0.7198
a7a54433-2d75-434f-ae8a-2a512f4a3b24	4	10401094	14467293	3266	0.0226
a7a54433-2d75-434f-ae8a-2a512f4a3b24	4	14468479	14468703	3	-1.0805
a7a54433-2d75-434f-ae8a-2a512f4a3b24	4	14471010	26287196	8280	0.0186
a7a54433-2d75-434f-ae8a-2a512f4a3b24	4	26290363	26293552	4	-1.0304
a7a54433-2d75-434f-ae8a-2a512f4a3b24	4	26297503	34785527	5244	0.0233
a7a54433-2d75-434f-ae8a-2a512f4a3b24	4	34785541	34828291	36	0.3618
a7a54433-2d75-434f-ae8a-2a512f4a3b24	4	34828306	63823000	16556	0.0209
a7a54433-2d75-434f-ae8a-2a512f4a3b24	4	63825160	63850713	34	0.3255
a7a54433-2d75-434f-ae8a-2a512f4a3b24	4	63851308	68395346	2857	0.0201
a7a54433-2d75-434f-ae8a-2a512f4a3b24	4	68416487	68422424	5	-1.4424
a7a54433-2d75-434f-ae8a-2a512f4a3b24	4	68429081	68686026	85	-0.1956
a7a54433-2d75-434f-ae8a-2a512f4a3b24	4	68725894	69523998	471	0.0212
a7a54433-2d75-434f-ae8a-2a512f4a3b24	4	69524143	69525061	2	-2.4742
a7a54433-2d75-434f-ae8a-2a512f4a3b24	4	69526170	114252544	27230	0.0195
a7a54433-2d75-434f-ae8a-2a512f4a3b24	4	114254167	114261019	23	-1.205
a7a54433-2d75-434f-ae8a-2a512f4a3b24	4	114263073	143665264	17537	0.0117
a7a54433-2d75-434f-ae8a-2a512f4a3b24	4	143666161	143667053	3	-4.0402
a7a54433-2d75-434f-ae8a-2a512f4a3b24	4	143668344	155964036	7290	-0.0019
a7a54433-2d75-434f-ae8a-2a512f4a3b24	4	155966920	155967160	5	-2.6445
a7a54433-2d75-434f-ae8a-2a512f4a3b24	4	155967367	156035480	53	0.0615
a7a54433-2d75-434f-ae8a-2a512f4a3b24	4	156046823	156052053	15	-1.7908
a7a54433-2d75-434f-ae8a-2a512f4a3b24	4	156053545	188300104	21116	0.0183
a7a54433-2d75-434f-ae8a-2a512f4a3b24	4	188300206	188300270	3	2.5395
a7a54433-2d75-434f-ae8a-2a512f4a3b24	4	188300285	188515761	210	0.0389
a7a54433-2d75-434f-ae8a-2a512f4a3b24	4	188515932	188516256	8	-0.9024
a7a54433-2d75-434f-ae8a-2a512f4a3b24	4	188518718	189267889	571	0.0151
a7a54433-2d75-434f-ae8a-2a512f4a3b24	4	189273964	189278110	4	-2.7239
a7a54433-2d75-434f-ae8a-2a512f4a3b24	4	189278617	190106768	350	0.0196
a7a54433-2d75-434f-ae8a-2a512f4a3b24	5	15532	779766	334	-0.0096
a7a54433-2d75-434f-ae8a-2a512f4a3b24	5	800724	852451	20	0.4898
a7a54433-2d75-434f-ae8a-2a512f4a3b24	5	863682	58025819	35406	0.0185
a7a54433-2d75-434f-ae8a-2a512f4a3b24	5	58030200	58037706	32	2.8457
a7a54433-2d75-434f-ae8a-2a512f4a3b24	5	58042530	176033084	74396	0.0215
a7a54433-2d75-434f-ae8a-2a512f4a3b24	5	176038686	176042504	2	-2.9437
a7a54433-2d75-434f-ae8a-2a512f4a3b24	5	176043321	181363319	2711	0.0121
a7a54433-2d75-434f-ae8a-2a512f4a3b24	6	149661	257353	102	-0.0566
a7a54433-2d75-434f-ae8a-2a512f4a3b24	6	258265	384521	104	-0.3071
a7a54433-2d75-434f-ae8a-2a512f4a3b24	6	384546	7911469	6254	0.0204
a7a54433-2d75-434f-ae8a-2a512f4a3b24	6	7913313	7919491	10	-0.4877
a7a54433-2d75-434f-ae8a-2a512f4a3b24	6	7921871	9196445	921	0.0068
a7a54433-2d75-434f-ae8a-2a512f4a3b24	6	9201267	9202384	2	-1.2222
a7a54433-2d75-434f-ae8a-2a512f4a3b24	6	9205119	21823747	9305	0.0176
a7a54433-2d75-434f-ae8a-2a512f4a3b24	6	21828441	21831503	6	-1.0445
a7a54433-2d75-434f-ae8a-2a512f4a3b24	6	21835341	29875657	4970	0.0193
a7a54433-2d75-434f-ae8a-2a512f4a3b24	6	29876257	29881490	7	-1.0195
a7a54433-2d75-434f-ae8a-2a512f4a3b24	6	29882419	31309909	663	0.0302
a7a54433-2d75-434f-ae8a-2a512f4a3b24	6	31313046	31328674	12	-1.3529
a7a54433-2d75-434f-ae8a-2a512f4a3b24	6	31342147	32481273	498	0.0784
a7a54433-2d75-434f-ae8a-2a512f4a3b24	6	32485024	32606604	37	-0.404
a7a54433-2d75-434f-ae8a-2a512f4a3b24	6	32610305	32656527	22	-0.0043
a7a54433-2d75-434f-ae8a-2a512f4a3b24	6	32656814	32658841	5	-1.5827
a7a54433-2d75-434f-ae8a-2a512f4a3b24	6	32682835	41651023	5910	0.0286
a7a54433-2d75-434f-ae8a-2a512f4a3b24	6	41651312	41651509	2	-1.2426
a7a54433-2d75-434f-ae8a-2a512f4a3b24	6	41651951	54066477	7796	0.0184
a7a54433-2d75-434f-ae8a-2a512f4a3b24	6	54066582	54066621	2	-1.8226
a7a54433-2d75-434f-ae8a-2a512f4a3b24	6	54067005	54980887	606	0.0255
a7a54433-2d75-434f-ae8a-2a512f4a3b24	6	54983657	54985341	4	-0.8486
a7a54433-2d75-434f-ae8a-2a512f4a3b24	6	54987314	66328153	4758	0.0262
a7a54433-2d75-434f-ae8a-2a512f4a3b24	6	66331020	66333299	7	0.7236
a7a54433-2d75-434f-ae8a-2a512f4a3b24	6	66333342	78253172	7791	0.0241
a7a54433-2d75-434f-ae8a-2a512f4a3b24	6	78259348	78325468	112	-2.5123
a7a54433-2d75-434f-ae8a-2a512f4a3b24	6	78329517	78811345	314	0.0215
a7a54433-2d75-434f-ae8a-2a512f4a3b24	6	78811845	78818857	2	-1.1869
a7a54433-2d75-434f-ae8a-2a512f4a3b24	6	78821538	103286954	15164	0.0211
a7a54433-2d75-434f-ae8a-2a512f4a3b24	6	103290101	103314186	46	-1.3258
a7a54433-2d75-434f-ae8a-2a512f4a3b24	6	103317795	114874292	7250	0.024
a7a54433-2d75-434f-ae8a-2a512f4a3b24	6	114881368	114881438	2	-1.5268
a7a54433-2d75-434f-ae8a-2a512f4a3b24	6	114881442	170741917	36933	0.0182
a7a54433-2d75-434f-ae8a-2a512f4a3b24	7	43355	38251113	27374	0.0252
a7a54433-2d75-434f-ae8a-2a512f4a3b24	7	38254500	38368593	131	-0.2357
a7a54433-2d75-434f-ae8a-2a512f4a3b24	7	38368878	97756658	32821	0.0161
a7a54433-2d75-434f-ae8a-2a512f4a3b24	7	97766148	97773163	16	-0.6978
a7a54433-2d75-434f-ae8a-2a512f4a3b24	7	97774928	100727566	1281	0.0262
a7a54433-2d75-434f-ae8a-2a512f4a3b24	7	100731621	100735219	3	-1.655
a7a54433-2d75-434f-ae8a-2a512f4a3b24	7	100753382	109797044	5323	0.0216
a7a54433-2d75-434f-ae8a-2a512f4a3b24	7	109797612	109797717	8	-0.6017
a7a54433-2d75-434f-ae8a-2a512f4a3b24	7	109800860	109801187	9	-0.1085
a7a54433-2d75-434f-ae8a-2a512f4a3b24	7	109801572	109813853	10	-0.5355
a7a54433-2d75-434f-ae8a-2a512f4a3b24	7	109813925	116294646	3900	0.0217
a7a54433-2d75-434f-ae8a-2a512f4a3b24	7	116294957	116301612	6	-0.6985
a7a54433-2d75-434f-ae8a-2a512f4a3b24	7	116303460	134100424	10841	0.0146
a7a54433-2d75-434f-ae8a-2a512f4a3b24	7	134100442	134110881	25	0.59
a7a54433-2d75-434f-ae8a-2a512f4a3b24	7	134110912	140495201	4120	0.0219
a7a54433-2d75-434f-ae8a-2a512f4a3b24	7	140497291	140498096	3	-0.896
a7a54433-2d75-434f-ae8a-2a512f4a3b24	7	140498141	142063324	1081	0.0143
a7a54433-2d75-434f-ae8a-2a512f4a3b24	7	142069843	142092307	34	-0.7889
a7a54433-2d75-434f-ae8a-2a512f4a3b24	7	142099190	142342129	182	0.0535
a7a54433-2d75-434f-ae8a-2a512f4a3b24	7	142342176	142804972	269	-0.0992
a7a54433-2d75-434f-ae8a-2a512f4a3b24	7	142805092	144199159	751	0.0286
a7a54433-2d75-434f-ae8a-2a512f4a3b24	7	144207186	144352208	15	0.6552
a7a54433-2d75-434f-ae8a-2a512f4a3b24	7	144377836	155671335	7329	0.0199
a7a54433-2d75-434f-ae8a-2a512f4a3b24	7	155673169	155674244	2	1.5179
a7a54433-2d75-434f-ae8a-2a512f4a3b24	7	155676942	157975705	1496	0.0099
a7a54433-2d75-434f-ae8a-2a512f4a3b24	7	157978145	157978919	3	-0.9576
a7a54433-2d75-434f-ae8a-2a512f4a3b24	7	157985169	159334314	819	0.0046
a7a54433-2d75-434f-ae8a-2a512f4a3b24	8	81254	645474	326	-0.0044
a7a54433-2d75-434f-ae8a-2a512f4a3b24	8	645693	645892	4	-0.9113
a7a54433-2d75-434f-ae8a-2a512f4a3b24	8	645908	5223522	4999	0.0157
a7a54433-2d75-434f-ae8a-2a512f4a3b24	8	5223579	5223595	2	-1.4533
a7a54433-2d75-434f-ae8a-2a512f4a3b24	8	5226653	5716836	639	0.0408
a7a54433-2d75-434f-ae8a-2a512f4a3b24	8	5718947	5719222	6	-0.9251
a7a54433-2d75-434f-ae8a-2a512f4a3b24	8	5721181	6980411	1663	0.0298
a7a54433-2d75-434f-ae8a-2a512f4a3b24	8	6982183	7021331	7	-0.6617
a7a54433-2d75-434f-ae8a-2a512f4a3b24	8	7022281	8085660	142	-0.0207
a7a54433-2d75-434f-ae8a-2a512f4a3b24	8	8101440	8197738	10	-1.0484
a7a54433-2d75-434f-ae8a-2a512f4a3b24	8	8212781	12037736	3221	0.0304
a7a54433-2d75-434f-ae8a-2a512f4a3b24	8	12092042	12143614	7	-1.0785
a7a54433-2d75-434f-ae8a-2a512f4a3b24	8	12176798	12454103	34	0.1065
a7a54433-2d75-434f-ae8a-2a512f4a3b24	8	12470324	12649562	26	-0.2627
a7a54433-2d75-434f-ae8a-2a512f4a3b24	8	12670919	18407644	5308	0.0282
a7a54433-2d75-434f-ae8a-2a512f4a3b24	8	18408647	18413675	4	-1.9921
a7a54433-2d75-434f-ae8a-2a512f4a3b24	8	18413877	23369274	3815	0.0142
a7a54433-2d75-434f-ae8a-2a512f4a3b24	8	23369718	23371829	2	-1.5963
a7a54433-2d75-434f-ae8a-2a512f4a3b24	8	23371945	25114672	1267	0.0186
a7a54433-2d75-434f-ae8a-2a512f4a3b24	8	25116928	25122039	14	0.7067
a7a54433-2d75-434f-ae8a-2a512f4a3b24	8	25122389	25122472	7	0.0379
a7a54433-2d75-434f-ae8a-2a512f4a3b24	8	25126554	25126818	6	0.7748
a7a54433-2d75-434f-ae8a-2a512f4a3b24	8	25133589	33381463	5774	0.019
a7a54433-2d75-434f-ae8a-2a512f4a3b24	8	33385421	33389167	7	0.6004
a7a54433-2d75-434f-ae8a-2a512f4a3b24	8	33392278	40324598	3890	0.0219
a7a54433-2d75-434f-ae8a-2a512f4a3b24	8	40326278	40331992	34	-0.7696
a7a54433-2d75-434f-ae8a-2a512f4a3b24	8	40335391	68396225	15501	0.016
a7a54433-2d75-434f-ae8a-2a512f4a3b24	8	68402583	68403331	2	-1.3694
a7a54433-2d75-434f-ae8a-2a512f4a3b24	8	68405302	119139771	30871	0.0231
a7a54433-2d75-434f-ae8a-2a512f4a3b24	8	119142545	119147207	4	-3.3497
a7a54433-2d75-434f-ae8a-2a512f4a3b24	8	119150615	130839453	8121	0.0225
a7a54433-2d75-434f-ae8a-2a512f4a3b24	8	130840369	130842946	2	-1.5227
a7a54433-2d75-434f-ae8a-2a512f4a3b24	8	130843478	137811491	5584	0.0268
a7a54433-2d75-434f-ae8a-2a512f4a3b24	8	137812394	137812412	2	-1.8974
a7a54433-2d75-434f-ae8a-2a512f4a3b24	8	137812781	139591259	1580	0.017
a7a54433-2d75-434f-ae8a-2a512f4a3b24	8	139592093	139592400	4	0.9765
a7a54433-2d75-434f-ae8a-2a512f4a3b24	8	139592959	145072769	2657	0.0071
a7a54433-2d75-434f-ae8a-2a512f4a3b24	9	46587	68920	7	-0.4498
a7a54433-2d75-434f-ae8a-2a512f4a3b24	9	93270	672786	643	0.0374
a7a54433-2d75-434f-ae8a-2a512f4a3b24	9	672895	673512	5	-1.004
a7a54433-2d75-434f-ae8a-2a512f4a3b24	9	676055	2064563	1545	0.0174
a7a54433-2d75-434f-ae8a-2a512f4a3b24	9	2064795	2064884	2	-1.3761
a7a54433-2d75-434f-ae8a-2a512f4a3b24	9	2066837	4974424	2879	0.0185
a7a54433-2d75-434f-ae8a-2a512f4a3b24	9	4976029	4987179	8	-0.5508
a7a54433-2d75-434f-ae8a-2a512f4a3b24	9	4987195	10403105	4884	0.0247
a7a54433-2d75-434f-ae8a-2a512f4a3b24	9	10404138	10404986	2	1.3486
a7a54433-2d75-434f-ae8a-2a512f4a3b24	9	10407943	11901376	1202	0.0175
a7a54433-2d75-434f-ae8a-2a512f4a3b24	9	11905556	12189877	235	-0.9498
a7a54433-2d75-434f-ae8a-2a512f4a3b24	9	12189927	39807498	19783	0.0229
a7a54433-2d75-434f-ae8a-2a512f4a3b24	9	39827488	39833357	2	-2.3915
a7a54433-2d75-434f-ae8a-2a512f4a3b24	9	39840169	42574420	139	0.0878
a7a54433-2d75-434f-ae8a-2a512f4a3b24	9	42585140	64877074	207	-0.2056
a7a54433-2d75-434f-ae8a-2a512f4a3b24	9	64881149	103804216	24863	0.019
a7a54433-2d75-434f-ae8a-2a512f4a3b24	9	103806415	103807009	2	-4.069
a7a54433-2d75-434f-ae8a-2a512f4a3b24	9	103808421	138200944	23121	0.0161
a7a54433-2d75-434f-ae8a-2a512f4a3b24	10	45792	112398	32	-0.0695
a7a54433-2d75-434f-ae8a-2a512f4a3b24	10	113006	113136	2	-1.3868
a7a54433-2d75-434f-ae8a-2a512f4a3b24	10	113276	16424371	13740	0.0156
a7a54433-2d75-434f-ae8a-2a512f4a3b24	10	16425243	16428934	3	-1.1026
a7a54433-2d75-434f-ae8a-2a512f4a3b24	10	16434272	24086334	5427	0.0146
a7a54433-2d75-434f-ae8a-2a512f4a3b24	10	24088745	24090110	15	0.7993
a7a54433-2d75-434f-ae8a-2a512f4a3b24	10	24091731	27298602	2187	0.0077
a7a54433-2d75-434f-ae8a-2a512f4a3b24	10	27304498	27413580	89	-0.9912
a7a54433-2d75-434f-ae8a-2a512f4a3b24	10	27417672	133429369	69065	0.0178
a7a54433-2d75-434f-ae8a-2a512f4a3b24	10	133432275	133574363	110	0.6334
a7a54433-2d75-434f-ae8a-2a512f4a3b24	10	133574371	133621047	30	-0.0285
a7a54433-2d75-434f-ae8a-2a512f4a3b24	10	133635853	133654968	3	-0.8419
a7a54433-2d75-434f-ae8a-2a512f4a3b24	11	198510	4946021	2415	0.0168
a7a54433-2d75-434f-ae8a-2a512f4a3b24	11	4946166	4954475	30	0.5763
a7a54433-2d75-434f-ae8a-2a512f4a3b24	11	4955027	18919323	10228	0.0202
a7a54433-2d75-434f-ae8a-2a512f4a3b24	11	18927525	18940066	41	0.3923
a7a54433-2d75-434f-ae8a-2a512f4a3b24	11	18940191	20822345	1678	0.0162
a7a54433-2d75-434f-ae8a-2a512f4a3b24	11	20823306	20828212	3	-1.0578
a7a54433-2d75-434f-ae8a-2a512f4a3b24	11	20828684	42940281	15629	0.021
a7a54433-2d75-434f-ae8a-2a512f4a3b24	11	42948034	42949618	6	0.745
a7a54433-2d75-434f-ae8a-2a512f4a3b24	11	42955081	47372087	2711	0.0171
a7a54433-2d75-434f-ae8a-2a512f4a3b24	11	47372754	47372766	2	-1.2823
a7a54433-2d75-434f-ae8a-2a512f4a3b24	11	47374671	48576870	563	0.0166
a7a54433-2d75-434f-ae8a-2a512f4a3b24	11	48579882	48581124	2	-1.6463
a7a54433-2d75-434f-ae8a-2a512f4a3b24	11	48584766	55593955	1177	0.0054
a7a54433-2d75-434f-ae8a-2a512f4a3b24	11	55595864	55686100	61	-0.5531
a7a54433-2d75-434f-ae8a-2a512f4a3b24	11	55693207	55805009	86	0.0133
a7a54433-2d75-434f-ae8a-2a512f4a3b24	11	55805069	55808325	2	-1.19
a7a54433-2d75-434f-ae8a-2a512f4a3b24	11	55810115	80256469	13177	0.0224
a7a54433-2d75-434f-ae8a-2a512f4a3b24	11	80256504	80256520	2	1.4504
a7a54433-2d75-434f-ae8a-2a512f4a3b24	11	80256642	83817437	2615	0.0285
a7a54433-2d75-434f-ae8a-2a512f4a3b24	11	83818060	83819095	2	-1.2875
a7a54433-2d75-434f-ae8a-2a512f4a3b24	11	83819110	101723653	12687	0.021
a7a54433-2d75-434f-ae8a-2a512f4a3b24	11	101727129	101727233	4	1.2713
a7a54433-2d75-434f-ae8a-2a512f4a3b24	11	101727481	127874094	18175	0.0188
a7a54433-2d75-434f-ae8a-2a512f4a3b24	11	127876620	127877234	2	-1.2212
a7a54433-2d75-434f-ae8a-2a512f4a3b24	11	127877541	135074876	5553	0.011
a7a54433-2d75-434f-ae8a-2a512f4a3b24	12	51460	2126723	1265	0.0217
a7a54433-2d75-434f-ae8a-2a512f4a3b24	12	2136696	2141912	10	-1.2117
a7a54433-2d75-434f-ae8a-2a512f4a3b24	12	2142145	2145453	23	-0.5732
a7a54433-2d75-434f-ae8a-2a512f4a3b24	12	2145523	2148754	8	-1.0427
a7a54433-2d75-434f-ae8a-2a512f4a3b24	12	2148857	11068125	5929	0.0197
a7a54433-2d75-434f-ae8a-2a512f4a3b24	12	11070111	11088933	9	0.6183
a7a54433-2d75-434f-ae8a-2a512f4a3b24	12	11099275	11351157	131	0.0298
a7a54433-2d75-434f-ae8a-2a512f4a3b24	12	11358643	11390472	30	-0.8227
a7a54433-2d75-434f-ae8a-2a512f4a3b24	12	11399258	30082648	13103	0.0148
a7a54433-2d75-434f-ae8a-2a512f4a3b24	12	30086334	30090628	18	-0.59
a7a54433-2d75-434f-ae8a-2a512f4a3b24	12	30090642	33141726	2261	0.0307
a7a54433-2d75-434f-ae8a-2a512f4a3b24	12	33148472	33155929	34	-0.5735
a7a54433-2d75-434f-ae8a-2a512f4a3b24	12	33155999	34097761	575	0.0056
a7a54433-2d75-434f-ae8a-2a512f4a3b24	12	34103774	34122859	12	-0.8025
a7a54433-2d75-434f-ae8a-2a512f4a3b24	12	34123120	80446147	26535	0.0197
a7a54433-2d75-434f-ae8a-2a512f4a3b24	12	80446276	80456533	2	-2.4634
a7a54433-2d75-434f-ae8a-2a512f4a3b24	12	80458189	90844537	6213	0.0207
a7a54433-2d75-434f-ae8a-2a512f4a3b24	12	90849279	90850133	3	-0.9193
a7a54433-2d75-434f-ae8a-2a512f4a3b24	12	90851605	114193597	15571	0.0192
a7a54433-2d75-434f-ae8a-2a512f4a3b24	12	114194917	114200104	5	-1.3002
a7a54433-2d75-434f-ae8a-2a512f4a3b24	12	114201059	128313318	9658	0.0229
a7a54433-2d75-434f-ae8a-2a512f4a3b24	12	128316641	128325400	16	-0.357
a7a54433-2d75-434f-ae8a-2a512f4a3b24	12	128325686	128425110	118	-0.0058
a7a54433-2d75-434f-ae8a-2a512f4a3b24	12	128425169	128425853	3	-0.9681
a7a54433-2d75-434f-ae8a-2a512f4a3b24	12	128426409	128744341	263	0.0062
a7a54433-2d75-434f-ae8a-2a512f4a3b24	12	128745968	128748000	7	-1.0067
a7a54433-2d75-434f-ae8a-2a512f4a3b24	12	128749443	128972786	173	0.0143
a7a54433-2d75-434f-ae8a-2a512f4a3b24	12	128974608	128976792	6	-0.7231
a7a54433-2d75-434f-ae8a-2a512f4a3b24	12	128977386	130478721	1387	0.0085
a7a54433-2d75-434f-ae8a-2a512f4a3b24	12	130480173	130483301	2	1.1082
a7a54433-2d75-434f-ae8a-2a512f4a3b24	12	130487165	131292887	606	0.0082
a7a54433-2d75-434f-ae8a-2a512f4a3b24	12	131309623	131338175	18	0.3111
a7a54433-2d75-434f-ae8a-2a512f4a3b24	12	131339876	131411632	58	0.0454
a7a54433-2d75-434f-ae8a-2a512f4a3b24	12	131413152	131413523	6	-0.8669
a7a54433-2d75-434f-ae8a-2a512f4a3b24	12	131415578	133201603	808	0.0318
a7a54433-2d75-434f-ae8a-2a512f4a3b24	13	18452809	18744498	71	-0.0409
a7a54433-2d75-434f-ae8a-2a512f4a3b24	13	18794552	18794960	4	-0.9061
a7a54433-2d75-434f-ae8a-2a512f4a3b24	13	18795170	23058539	2785	0.0265
a7a54433-2d75-434f-ae8a-2a512f4a3b24	13	23058721	23059376	11	-0.7545
a7a54433-2d75-434f-ae8a-2a512f4a3b24	13	23064056	57184492	23169	0.0242
a7a54433-2d75-434f-ae8a-2a512f4a3b24	13	57189013	57204246	29	-0.6533
a7a54433-2d75-434f-ae8a-2a512f4a3b24	13	57215580	58010656	419	0.0507
a7a54433-2d75-434f-ae8a-2a512f4a3b24	13	58016147	58022896	6	-1.1572
a7a54433-2d75-434f-ae8a-2a512f4a3b24	13	58027918	114342922	37677	0.0211
a7a54433-2d75-434f-ae8a-2a512f4a3b24	14	18239283	18559274	10	0.1231
a7a54433-2d75-434f-ae8a-2a512f4a3b24	14	18605732	19012857	19	-0.2842
a7a54433-2d75-434f-ae8a-2a512f4a3b24	14	19019303	19078442	3	0.5398
a7a54433-2d75-434f-ae8a-2a512f4a3b24	14	19110634	19955213	135	-0.4212
a7a54433-2d75-434f-ae8a-2a512f4a3b24	14	19956767	21987457	1404	0.0139
a7a54433-2d75-434f-ae8a-2a512f4a3b24	14	21988864	22526849	473	-0.1605
a7a54433-2d75-434f-ae8a-2a512f4a3b24	14	22528875	25140067	1631	0.0125
a7a54433-2d75-434f-ae8a-2a512f4a3b24	14	25142368	25142968	4	-0.8878
a7a54433-2d75-434f-ae8a-2a512f4a3b24	14	25144954	26314709	831	0.0114
a7a54433-2d75-434f-ae8a-2a512f4a3b24	14	26314710	26314712	3	1.0454
a7a54433-2d75-434f-ae8a-2a512f4a3b24	14	26315707	71971845	28573	0.0211
a7a54433-2d75-434f-ae8a-2a512f4a3b24	14	71982774	71982800	2	-1.3068
a7a54433-2d75-434f-ae8a-2a512f4a3b24	14	71982851	73258765	1033	0.0217
a7a54433-2d75-434f-ae8a-2a512f4a3b24	14	73258951	73260223	2	-1.1038
a7a54433-2d75-434f-ae8a-2a512f4a3b24	14	73262249	73529070	124	0.0694
a7a54433-2d75-434f-ae8a-2a512f4a3b24	14	73534419	73554275	9	-2.3566
a7a54433-2d75-434f-ae8a-2a512f4a3b24	14	73563196	105613310	20664	0.0196
a7a54433-2d75-434f-ae8a-2a512f4a3b24	14	105616252	106042562	118	-0.1285
a7a54433-2d75-434f-ae8a-2a512f4a3b24	14	106043019	106311541	102	0.0336
a7a54433-2d75-434f-ae8a-2a512f4a3b24	14	106314594	106372206	18	-0.4154
a7a54433-2d75-434f-ae8a-2a512f4a3b24	14	106378645	106769689	195	0.0379
a7a54433-2d75-434f-ae8a-2a512f4a3b24	14	106770215	106770361	3	-2.6957
a7a54433-2d75-434f-ae8a-2a512f4a3b24	14	106775945	106877229	68	-0.0308
a7a54433-2d75-434f-ae8a-2a512f4a3b24	15	19811075	19989485	43	-0.0695
a7a54433-2d75-434f-ae8a-2a512f4a3b24	15	19998708	20670989	108	-0.3243
a7a54433-2d75-434f-ae8a-2a512f4a3b24	15	20981071	21096887	16	0.2267
a7a54433-2d75-434f-ae8a-2a512f4a3b24	15	21262847	22252008	23	-0.4456
a7a54433-2d75-434f-ae8a-2a512f4a3b24	15	22255541	22278707	9	-1.0244
a7a54433-2d75-434f-ae8a-2a512f4a3b24	15	22283167	22299523	7	-0.4896
a7a54433-2d75-434f-ae8a-2a512f4a3b24	15	22385639	30259942	4639	0.0165
a7a54433-2d75-434f-ae8a-2a512f4a3b24	15	30269364	30688842	45	-0.9005
a7a54433-2d75-434f-ae8a-2a512f4a3b24	15	30708877	31707442	666	-0.0036
a7a54433-2d75-434f-ae8a-2a512f4a3b24	15	31719286	32239115	367	0.5856
a7a54433-2d75-434f-ae8a-2a512f4a3b24	15	32240890	32567657	21	-0.0316
a7a54433-2d75-434f-ae8a-2a512f4a3b24	15	32584630	32584783	2	1.1789
a7a54433-2d75-434f-ae8a-2a512f4a3b24	15	32610782	34434988	1491	0.011
a7a54433-2d75-434f-ae8a-2a512f4a3b24	15	34435421	34526116	60	-0.7654
a7a54433-2d75-434f-ae8a-2a512f4a3b24	15	34570058	82095521	29975	0.0189
a7a54433-2d75-434f-ae8a-2a512f4a3b24	15	82095534	82095610	3	-1.0256
a7a54433-2d75-434f-ae8a-2a512f4a3b24	15	82098907	95530746	9382	0.0243
a7a54433-2d75-434f-ae8a-2a512f4a3b24	15	95531585	95531745	2	-1.5277
a7a54433-2d75-434f-ae8a-2a512f4a3b24	15	95532324	101928837	4706	0.0076
a7a54433-2d75-434f-ae8a-2a512f4a3b24	16	10777	11535608	8686	0.0211
a7a54433-2d75-434f-ae8a-2a512f4a3b24	16	11535928	11536077	2	-1.6773
a7a54433-2d75-434f-ae8a-2a512f4a3b24	16	11536092	16606206	3095	0.0123
a7a54433-2d75-434f-ae8a-2a512f4a3b24	16	16614737	16622170	3	-1.0624
a7a54433-2d75-434f-ae8a-2a512f4a3b24	16	16645406	70105639	23932	0.0143
a7a54433-2d75-434f-ae8a-2a512f4a3b24	16	70117657	70153291	11	1.1876
a7a54433-2d75-434f-ae8a-2a512f4a3b24	16	70163864	71362232	409	0.0293
a7a54433-2d75-434f-ae8a-2a512f4a3b24	16	71362269	71368704	3	-0.9185
a7a54433-2d75-434f-ae8a-2a512f4a3b24	16	71369180	74350360	1890	0.0044
a7a54433-2d75-434f-ae8a-2a512f4a3b24	16	74363160	74373481	7	1
a7a54433-2d75-434f-ae8a-2a512f4a3b24	16	74418138	90096867	13848	0.0181
a7a54433-2d75-434f-ae8a-2a512f4a3b24	17	150733	16759600	10479	0.023
a7a54433-2d75-434f-ae8a-2a512f4a3b24	17	16759737	16786555	2	1.4454
a7a54433-2d75-434f-ae8a-2a512f4a3b24	17	16798212	16838214	9	-0.0503
a7a54433-2d75-434f-ae8a-2a512f4a3b24	17	16838470	18414080	906	0.0187
a7a54433-2d75-434f-ae8a-2a512f4a3b24	17	18452078	18550123	25	-1.8457
a7a54433-2d75-434f-ae8a-2a512f4a3b24	17	18561272	37327486	7509	0.0242
a7a54433-2d75-434f-ae8a-2a512f4a3b24	17	37336917	37337135	4	-1.0782
a7a54433-2d75-434f-ae8a-2a512f4a3b24	17	37338179	41266762	1889	0.0333
a7a54433-2d75-434f-ae8a-2a512f4a3b24	17	41266774	41274279	23	-0.6152
a7a54433-2d75-434f-ae8a-2a512f4a3b24	17	41276472	46135838	2535	0.0264
a7a54433-2d75-434f-ae8a-2a512f4a3b24	17	46136346	46286804	89	-0.2434
a7a54433-2d75-434f-ae8a-2a512f4a3b24	17	46323701	46687628	8	-1.0576
a7a54433-2d75-434f-ae8a-2a512f4a3b24	17	46707286	56081683	5802	0.0227
a7a54433-2d75-434f-ae8a-2a512f4a3b24	17	56083553	56095230	26	-0.8421
a7a54433-2d75-434f-ae8a-2a512f4a3b24	17	56095462	83091923	15745	0.0197
a7a54433-2d75-434f-ae8a-2a512f4a3b24	18	48133	9283950	6760	0.0231
a7a54433-2d75-434f-ae8a-2a512f4a3b24	18	9285826	9287342	4	-1.044
a7a54433-2d75-434f-ae8a-2a512f4a3b24	18	9289744	69079007	35782	0.0182
a7a54433-2d75-434f-ae8a-2a512f4a3b24	18	69079033	69086089	36	-0.6367
a7a54433-2d75-434f-ae8a-2a512f4a3b24	18	69090459	80257174	8177	0.0193
a7a54433-2d75-434f-ae8a-2a512f4a3b24	19	90910	9163124	3386	0.0177
a7a54433-2d75-434f-ae8a-2a512f4a3b24	19	9163996	9166800	4	-0.9782
a7a54433-2d75-434f-ae8a-2a512f4a3b24	19	9167445	20411869	5536	0.0294
a7a54433-2d75-434f-ae8a-2a512f4a3b24	19	20413400	20533583	68	-0.784
a7a54433-2d75-434f-ae8a-2a512f4a3b24	19	20538075	20577052	21	-0.3519
a7a54433-2d75-434f-ae8a-2a512f4a3b24	19	20582324	55771003	18261	0.0227
a7a54433-2d75-434f-ae8a-2a512f4a3b24	19	55771169	55771701	3	1.2093
a7a54433-2d75-434f-ae8a-2a512f4a3b24	19	55774927	58586487	1839	0.0268
a7a54433-2d75-434f-ae8a-2a512f4a3b24	20	80664	890901	633	0.0262
a7a54433-2d75-434f-ae8a-2a512f4a3b24	20	891823	891959	3	-0.9299
a7a54433-2d75-434f-ae8a-2a512f4a3b24	20	893857	1580353	567	0.0225
a7a54433-2d75-434f-ae8a-2a512f4a3b24	20	1580934	1613247	41	-0.4072
a7a54433-2d75-434f-ae8a-2a512f4a3b24	20	1617300	3710937	1512	0.0381
a7a54433-2d75-434f-ae8a-2a512f4a3b24	20	3716161	3717749	2	-1.1635
a7a54433-2d75-434f-ae8a-2a512f4a3b24	20	3717849	4040298	160	0.0049
a7a54433-2d75-434f-ae8a-2a512f4a3b24	20	4040488	4041763	2	-1.868
a7a54433-2d75-434f-ae8a-2a512f4a3b24	20	4043008	61083358	37813	0.0208
a7a54433-2d75-434f-ae8a-2a512f4a3b24	20	61084217	61084232	2	-1.3914
a7a54433-2d75-434f-ae8a-2a512f4a3b24	20	61085348	64324800	1658	0.0131
a7a54433-2d75-434f-ae8a-2a512f4a3b24	21	10354168	13850551	292	0.0208
a7a54433-2d75-434f-ae8a-2a512f4a3b24	21	13883107	13883478	2	-1.3704
a7a54433-2d75-434f-ae8a-2a512f4a3b24	21	13913132	42405183	21358	0.0211
a7a54433-2d75-434f-ae8a-2a512f4a3b24	21	42405366	42405396	2	-1.8587
a7a54433-2d75-434f-ae8a-2a512f4a3b24	21	42405410	46677045	2214	0.0216
a7a54433-2d75-434f-ae8a-2a512f4a3b24	22	15294547	22398127	3458	0.0109
a7a54433-2d75-434f-ae8a-2a512f4a3b24	22	22398345	22398545	4	-1.1628
a7a54433-2d75-434f-ae8a-2a512f4a3b24	22	22402989	23232307	475	0.0136
a7a54433-2d75-434f-ae8a-2a512f4a3b24	22	23234925	23235402	2	-1.2314
a7a54433-2d75-434f-ae8a-2a512f4a3b24	22	23239115	23987520	456	0.0209
a7a54433-2d75-434f-ae8a-2a512f4a3b24	22	23988078	23990739	4	0.9156
a7a54433-2d75-434f-ae8a-2a512f4a3b24	22	23995113	37346951	10031	0.0222
a7a54433-2d75-434f-ae8a-2a512f4a3b24	22	37352689	37353573	3	-0.9976
a7a54433-2d75-434f-ae8a-2a512f4a3b24	22	37353906	38894915	767	0.027
a7a54433-2d75-434f-ae8a-2a512f4a3b24	22	38899250	38900899	3	-2.9159
a7a54433-2d75-434f-ae8a-2a512f4a3b24	22	38903109	50796027	8079	0.0186
a7a54433-2d75-434f-ae8a-2a512f4a3b24	X	251810	63250575	33564	0.0231
a7a54433-2d75-434f-ae8a-2a512f4a3b24	X	63250976	63302648	24	0.518
a7a54433-2d75-434f-ae8a-2a512f4a3b24	X	63307631	89719208	12970	0.0147
a7a54433-2d75-434f-ae8a-2a512f4a3b24	X	89721825	89726410	2	-1.2091
a7a54433-2d75-434f-ae8a-2a512f4a3b24	X	89728272	135122116	24530	0.0206
a7a54433-2d75-434f-ae8a-2a512f4a3b24	X	135162713	135198657	24	0.7377
a7a54433-2d75-434f-ae8a-2a512f4a3b24	X	135201296	140411160	3066	0.0057
a7a54433-2d75-434f-ae8a-2a512f4a3b24	X	140414245	140419029	6	-0.9409
a7a54433-2d75-434f-ae8a-2a512f4a3b24	X	140422569	155952689	9488	0.0195
a7a54433-2d75-434f-ae8a-2a512f4a3b24	Y	2782397	6790428	863	-2.9002
a7a54433-2d75-434f-ae8a-2a512f4a3b24	Y	6792738	8237410	810	-3.3682
a7a54433-2d75-434f-ae8a-2a512f4a3b24	Y	8238298	9554275	579	-3.7155
a7a54433-2d75-434f-ae8a-2a512f4a3b24	Y	9554586	17056257	2767	-3.2733
a7a54433-2d75-434f-ae8a-2a512f4a3b24	Y	17056790	17067660	5	-7.0071
a7a54433-2d75-434f-ae8a-2a512f4a3b24	Y	17070391	23791962	1424	-3.3827
a7a54433-2d75-434f-ae8a-2a512f4a3b24	Y	23818399	56872112	190	-2.9891
