GDC_Aliquot	Chromosome	Start	End	Num_Probes	Segment_Mean
ab432ab4-48df-4c3b-9cd7-4ffc2ac89374	1	3301765	247650984	129839	0.0194
ab432ab4-48df-4c3b-9cd7-4ffc2ac89374	2	480597	50538737	30429	0.0147
ab432ab4-48df-4c3b-9cd7-4ffc2ac89374	2	50538869	50539645	2	-1.5544
ab432ab4-48df-4c3b-9cd7-4ffc2ac89374	2	50539850	241537572	101824	0.0131
ab432ab4-48df-4c3b-9cd7-4ffc2ac89374	3	2170634	197812401	107247	0.0172
ab432ab4-48df-4c3b-9cd7-4ffc2ac89374	4	1059384	187842528	103564	0.0161
ab432ab4-48df-4c3b-9cd7-4ffc2ac89374	5	913983	180934240	101181	0.0194
ab432ab4-48df-4c3b-9cd7-4ffc2ac89374	6	1011760	170596889	97224	0.0189
ab432ab4-48df-4c3b-9cd7-4ffc2ac89374	7	664936	14687502	6924	0.0201
ab432ab4-48df-4c3b-9cd7-4ffc2ac89374	7	14691076	14691198	3	-1.2581
ab432ab4-48df-4c3b-9cd7-4ffc2ac89374	7	14693870	108532679	48275	0.0164
ab432ab4-48df-4c3b-9cd7-4ffc2ac89374	7	108535897	108536531	2	-1.4941
ab432ab4-48df-4c3b-9cd7-4ffc2ac89374	7	108539074	158592540	26792	0.0182
ab432ab4-48df-4c3b-9cd7-4ffc2ac89374	8	667625	144182542	82281	0.0183
ab432ab4-48df-4c3b-9cd7-4ffc2ac89374	9	789794	138044505	68531	0.0174
ab432ab4-48df-4c3b-9cd7-4ffc2ac89374	10	366509	24274061	17063	0.0151
ab432ab4-48df-4c3b-9cd7-4ffc2ac89374	10	24274847	24276418	4	-1.3377
ab432ab4-48df-4c3b-9cd7-4ffc2ac89374	10	24277163	93415151	38870	0.0174
ab432ab4-48df-4c3b-9cd7-4ffc2ac89374	10	93417120	93419122	4	-1.072
ab432ab4-48df-4c3b-9cd7-4ffc2ac89374	10	93424888	97162323	2352	0.0075
ab432ab4-48df-4c3b-9cd7-4ffc2ac89374	10	97169881	97169952	3	1.3348
ab432ab4-48df-4c3b-9cd7-4ffc2ac89374	10	97170118	133411599	23045	0.0159
ab432ab4-48df-4c3b-9cd7-4ffc2ac89374	11	456012	18771189	11336	0.0204
ab432ab4-48df-4c3b-9cd7-4ffc2ac89374	11	18771217	18771368	2	-1.3275
ab432ab4-48df-4c3b-9cd7-4ffc2ac89374	11	18771813	83026454	33051	0.0221
ab432ab4-48df-4c3b-9cd7-4ffc2ac89374	11	83029074	83029560	3	-1.1939
ab432ab4-48df-4c3b-9cd7-4ffc2ac89374	11	83032023	106497216	14425	0.0181
ab432ab4-48df-4c3b-9cd7-4ffc2ac89374	11	106499284	106499757	3	-1.0766
ab432ab4-48df-4c3b-9cd7-4ffc2ac89374	11	106499792	134272740	18804	0.0195
ab432ab4-48df-4c3b-9cd7-4ffc2ac89374	12	780472	132605822	74397	0.0199
ab432ab4-48df-4c3b-9cd7-4ffc2ac89374	13	18874255	114226675	57035	0.0187
ab432ab4-48df-4c3b-9cd7-4ffc2ac89374	14	20033191	48864091	14842	0.0175
ab432ab4-48df-4c3b-9cd7-4ffc2ac89374	14	48864599	48881224	8	-0.7747
ab432ab4-48df-4c3b-9cd7-4ffc2ac89374	14	48882913	57136598	5423	0.0172
ab432ab4-48df-4c3b-9cd7-4ffc2ac89374	14	57137990	57141163	3	1.2502
ab432ab4-48df-4c3b-9cd7-4ffc2ac89374	14	57144912	105533894	29546	0.0163
ab432ab4-48df-4c3b-9cd7-4ffc2ac89374	15	23437561	48782818	12975	0.0189
ab432ab4-48df-4c3b-9cd7-4ffc2ac89374	15	48783133	48798548	4	-1.4113
ab432ab4-48df-4c3b-9cd7-4ffc2ac89374	15	48799059	81658614	20268	0.022
ab432ab4-48df-4c3b-9cd7-4ffc2ac89374	15	81807024	81820286	13	-1.0159
ab432ab4-48df-4c3b-9cd7-4ffc2ac89374	15	81824409	101344124	11553	0.0151
ab432ab4-48df-4c3b-9cd7-4ffc2ac89374	16	603333	89317317	41237	0.0164
ab432ab4-48df-4c3b-9cd7-4ffc2ac89374	17	1074619	82959812	37305	0.0212
ab432ab4-48df-4c3b-9cd7-4ffc2ac89374	18	326691	64139400	35426	0.0155
ab432ab4-48df-4c3b-9cd7-4ffc2ac89374	18	64142171	64142688	2	-2.4583
ab432ab4-48df-4c3b-9cd7-4ffc2ac89374	18	64142778	69493111	2701	0.022
ab432ab4-48df-4c3b-9cd7-4ffc2ac89374	18	69493125	69493343	3	-1.1337
ab432ab4-48df-4c3b-9cd7-4ffc2ac89374	18	69494579	79349796	4864	0.0222
ab432ab4-48df-4c3b-9cd7-4ffc2ac89374	19	283868	58370362	24167	0.0188
ab432ab4-48df-4c3b-9cd7-4ffc2ac89374	20	472817	60641204	36003	0.0173
ab432ab4-48df-4c3b-9cd7-4ffc2ac89374	20	60642576	60642911	2	-1.5864
ab432ab4-48df-4c3b-9cd7-4ffc2ac89374	20	60644714	63588502	1579	0.0105
ab432ab4-48df-4c3b-9cd7-4ffc2ac89374	21	13974127	46262057	20610	0.0185
ab432ab4-48df-4c3b-9cd7-4ffc2ac89374	22	16934932	48940621	17100	0.0197
ab432ab4-48df-4c3b-9cd7-4ffc2ac89374	X	3236359	40384495	16796	0.0255
ab432ab4-48df-4c3b-9cd7-4ffc2ac89374	X	40386820	40392805	8	-0.9443
ab432ab4-48df-4c3b-9cd7-4ffc2ac89374	X	40396461	155677414	47200	0.015
