GDC_Aliquot	Chromosome	Start	End	Num_Probes	Segment_Mean
c7b68f87-3e14-4632-862a-c6c4e649cc07	1	62920	86341	11	-0.4211
c7b68f87-3e14-4632-862a-c6c4e649cc07	1	98588	72284670	42723	0.0067
c7b68f87-3e14-4632-862a-c6c4e649cc07	1	72290430	72297687	9	-1.1643
c7b68f87-3e14-4632-862a-c6c4e649cc07	1	72302735	72351338	52	0.492
c7b68f87-3e14-4632-862a-c6c4e649cc07	1	72352916	105470754	20933	0.0098
c7b68f87-3e14-4632-862a-c6c4e649cc07	1	105476583	105478759	8	-1.2268
c7b68f87-3e14-4632-862a-c6c4e649cc07	1	105479005	105479753	9	-2.2189
c7b68f87-3e14-4632-862a-c6c4e649cc07	1	105481433	152583051	12219	0.0053
c7b68f87-3e14-4632-862a-c6c4e649cc07	1	152583230	152614118	35	1.8058
c7b68f87-3e14-4632-862a-c6c4e649cc07	1	152618018	152787202	165	0.0571
c7b68f87-3e14-4632-862a-c6c4e649cc07	1	152789447	152796224	37	0.5744
c7b68f87-3e14-4632-862a-c6c4e649cc07	1	152801429	196758720	29446	0.0078
c7b68f87-3e14-4632-862a-c6c4e649cc07	1	196761905	196832525	56	-0.7145
c7b68f87-3e14-4632-862a-c6c4e649cc07	1	196832720	209897717	8775	0.0072
c7b68f87-3e14-4632-862a-c6c4e649cc07	1	209908268	209910639	3	-1.9636
c7b68f87-3e14-4632-862a-c6c4e649cc07	1	209913207	248574146	26822	0.0055
c7b68f87-3e14-4632-862a-c6c4e649cc07	1	248585893	248633821	31	-0.6478
c7b68f87-3e14-4632-862a-c6c4e649cc07	1	248633912	248930189	142	-0.0036
c7b68f87-3e14-4632-862a-c6c4e649cc07	2	12784	4151151	2981	-0.009
c7b68f87-3e14-4632-862a-c6c4e649cc07	2	4151431	4175977	44	-0.7419
c7b68f87-3e14-4632-862a-c6c4e649cc07	2	4176105	34492921	21075	-0.0006
c7b68f87-3e14-4632-862a-c6c4e649cc07	2	34496492	34511990	15	-0.8244
c7b68f87-3e14-4632-862a-c6c4e649cc07	2	34512096	52527727	12997	0.0088
c7b68f87-3e14-4632-862a-c6c4e649cc07	2	52527743	52565690	39	0.4688
c7b68f87-3e14-4632-862a-c6c4e649cc07	2	52565799	56775002	3087	0.0151
c7b68f87-3e14-4632-862a-c6c4e649cc07	2	56781746	56785162	4	-1.1661
c7b68f87-3e14-4632-862a-c6c4e649cc07	2	56786046	73306492	10289	0.0072
c7b68f87-3e14-4632-862a-c6c4e649cc07	2	73312475	73312699	2	-1.8574
c7b68f87-3e14-4632-862a-c6c4e649cc07	2	73314705	106263639	16023	0.0083
c7b68f87-3e14-4632-862a-c6c4e649cc07	2	106264257	106268901	11	-2.1887
c7b68f87-3e14-4632-862a-c6c4e649cc07	2	106270799	122718173	9480	0.0012
c7b68f87-3e14-4632-862a-c6c4e649cc07	2	122718842	122724665	10	-0.8736
c7b68f87-3e14-4632-862a-c6c4e649cc07	2	122726077	146106875	14308	0.0039
c7b68f87-3e14-4632-862a-c6c4e649cc07	2	146106889	146109366	21	0.6837
c7b68f87-3e14-4632-862a-c6c4e649cc07	2	146120238	183929673	23264	0.0044
c7b68f87-3e14-4632-862a-c6c4e649cc07	2	183929787	183937714	16	-0.8923
c7b68f87-3e14-4632-862a-c6c4e649cc07	2	183943862	188225463	2406	0.0085
c7b68f87-3e14-4632-862a-c6c4e649cc07	2	188227958	188228036	2	-2.8821
c7b68f87-3e14-4632-862a-c6c4e649cc07	2	188229539	242147305	33330	0.006
c7b68f87-3e14-4632-862a-c6c4e649cc07	3	20930	59303414	39853	0.0078
c7b68f87-3e14-4632-862a-c6c4e649cc07	3	59304511	59304532	3	-1.4579
c7b68f87-3e14-4632-862a-c6c4e649cc07	3	59305386	70756157	9512	0.0076
c7b68f87-3e14-4632-862a-c6c4e649cc07	3	70756178	70758139	2	-1.5126
c7b68f87-3e14-4632-862a-c6c4e649cc07	3	70758472	75519398	3312	0.0052
c7b68f87-3e14-4632-862a-c6c4e649cc07	3	75523398	75537654	5	-2.1578
c7b68f87-3e14-4632-862a-c6c4e649cc07	3	75546030	119631498	23616	0.0058
c7b68f87-3e14-4632-862a-c6c4e649cc07	3	119632551	119635091	5	-1.1454
c7b68f87-3e14-4632-862a-c6c4e649cc07	3	119636564	130044855	6081	-0.0021
c7b68f87-3e14-4632-862a-c6c4e649cc07	3	130047743	130188427	69	-0.3067
c7b68f87-3e14-4632-862a-c6c4e649cc07	3	130196127	162790404	20224	0.0004
c7b68f87-3e14-4632-862a-c6c4e649cc07	3	162790480	162908815	73	-0.419
c7b68f87-3e14-4632-862a-c6c4e649cc07	3	162910826	167942969	2802	0.008
c7b68f87-3e14-4632-862a-c6c4e649cc07	3	167943348	167948129	2	-1.8862
c7b68f87-3e14-4632-862a-c6c4e649cc07	3	167948496	189642965	13846	0.0028
c7b68f87-3e14-4632-862a-c6c4e649cc07	3	189645889	189646849	11	-1.0114
c7b68f87-3e14-4632-862a-c6c4e649cc07	3	189653199	193160113	2489	0.0046
c7b68f87-3e14-4632-862a-c6c4e649cc07	3	193160173	193162937	9	1.0351
c7b68f87-3e14-4632-862a-c6c4e649cc07	3	193163042	195729040	1522	-0.0076
c7b68f87-3e14-4632-862a-c6c4e649cc07	3	195729053	195754940	19	-0.6117
c7b68f87-3e14-4632-862a-c6c4e649cc07	3	195755499	198108859	1141	0.0058
c7b68f87-3e14-4632-862a-c6c4e649cc07	3	198109014	198169247	21	-0.5747
c7b68f87-3e14-4632-862a-c6c4e649cc07	4	68929	9455251	5154	0.0046
c7b68f87-3e14-4632-862a-c6c4e649cc07	4	9459504	9477560	5	1.4778
c7b68f87-3e14-4632-862a-c6c4e649cc07	4	9477699	10208766	540	-0.0237
c7b68f87-3e14-4632-862a-c6c4e649cc07	4	10212536	10233644	36	-1.656
c7b68f87-3e14-4632-862a-c6c4e649cc07	4	10234518	13842360	2887	0.0115
c7b68f87-3e14-4632-862a-c6c4e649cc07	4	13846338	13897989	44	-0.9738
c7b68f87-3e14-4632-862a-c6c4e649cc07	4	13899494	68509237	33519	0.0089
c7b68f87-3e14-4632-862a-c6c4e649cc07	4	68509442	68620261	62	0.4926
c7b68f87-3e14-4632-862a-c6c4e649cc07	4	68623617	69523998	479	0.043
c7b68f87-3e14-4632-862a-c6c4e649cc07	4	69524143	69525061	2	-1.8395
c7b68f87-3e14-4632-862a-c6c4e649cc07	4	69526170	114252544	27193	0.0088
c7b68f87-3e14-4632-862a-c6c4e649cc07	4	114254167	114261019	23	0.6399
c7b68f87-3e14-4632-862a-c6c4e649cc07	4	114263073	121360818	4340	0.008
c7b68f87-3e14-4632-862a-c6c4e649cc07	4	121361313	121363014	24	-0.7814
c7b68f87-3e14-4632-862a-c6c4e649cc07	4	121363400	160958989	23584	0.0071
c7b68f87-3e14-4632-862a-c6c4e649cc07	4	160959045	160963756	18	-0.5957
c7b68f87-3e14-4632-862a-c6c4e649cc07	4	160963767	171448195	6654	0.0102
c7b68f87-3e14-4632-862a-c6c4e649cc07	4	171453733	171456625	12	1.2149
c7b68f87-3e14-4632-862a-c6c4e649cc07	4	171459220	172066777	396	0.0126
c7b68f87-3e14-4632-862a-c6c4e649cc07	4	172067997	172068354	10	0.7822
c7b68f87-3e14-4632-862a-c6c4e649cc07	4	172068368	190106768	12068	0.0066
c7b68f87-3e14-4632-862a-c6c4e649cc07	5	15532	731776	320	-0.0674
c7b68f87-3e14-4632-862a-c6c4e649cc07	5	732788	742574	4	-1.3139
c7b68f87-3e14-4632-862a-c6c4e649cc07	5	760901	833513	29	0.4015
c7b68f87-3e14-4632-862a-c6c4e649cc07	5	852451	7169363	5362	0.0033
c7b68f87-3e14-4632-862a-c6c4e649cc07	5	7177225	7189812	26	-1.018
c7b68f87-3e14-4632-862a-c6c4e649cc07	5	7202522	12815668	4444	0.0023
c7b68f87-3e14-4632-862a-c6c4e649cc07	5	12815753	12838421	13	0.6531
c7b68f87-3e14-4632-862a-c6c4e649cc07	5	12849089	46251204	20457	0.006
c7b68f87-3e14-4632-862a-c6c4e649cc07	5	46270906	46278110	9	-2.324
c7b68f87-3e14-4632-862a-c6c4e649cc07	5	46313245	104515520	31910	0.0059
c7b68f87-3e14-4632-862a-c6c4e649cc07	5	104524672	104524903	4	1.8663
c7b68f87-3e14-4632-862a-c6c4e649cc07	5	104525348	181363319	50205	0.0052
c7b68f87-3e14-4632-862a-c6c4e649cc07	6	149661	254283	101	-0.0304
c7b68f87-3e14-4632-862a-c6c4e649cc07	6	257353	380821	96	-1.1282
c7b68f87-3e14-4632-862a-c6c4e649cc07	6	381149	24435872	18497	0.002
c7b68f87-3e14-4632-862a-c6c4e649cc07	6	24436859	24436880	2	-2.7539
c7b68f87-3e14-4632-862a-c6c4e649cc07	6	24439300	29875657	2953	0.017
c7b68f87-3e14-4632-862a-c6c4e649cc07	6	29876257	29907031	15	-1.1135
c7b68f87-3e14-4632-862a-c6c4e649cc07	6	29909182	31313046	655	-0.005
c7b68f87-3e14-4632-862a-c6c4e649cc07	6	31318499	31328176	8	-1.9782
c7b68f87-3e14-4632-862a-c6c4e649cc07	6	31328210	32485152	503	-0.0274
c7b68f87-3e14-4632-862a-c6c4e649cc07	6	32486498	32658160	61	0.5391
c7b68f87-3e14-4632-862a-c6c4e649cc07	6	32658841	54066353	13691	0.0064
c7b68f87-3e14-4632-862a-c6c4e649cc07	6	54066432	54067057	6	-1.277
c7b68f87-3e14-4632-862a-c6c4e649cc07	6	54070550	58096364	2072	-0.0024
c7b68f87-3e14-4632-862a-c6c4e649cc07	6	58099774	58100791	4	-1.2191
c7b68f87-3e14-4632-862a-c6c4e649cc07	6	58106296	70922353	6367	0.0051
c7b68f87-3e14-4632-862a-c6c4e649cc07	6	70922679	70923400	3	-2.4762
c7b68f87-3e14-4632-862a-c6c4e649cc07	6	70925123	73882741	1935	-0.0062
c7b68f87-3e14-4632-862a-c6c4e649cc07	6	73883255	73887573	6	1.161
c7b68f87-3e14-4632-862a-c6c4e649cc07	6	73887625	76726815	1772	-0.0029
c7b68f87-3e14-4632-862a-c6c4e649cc07	6	76730151	76743040	21	-0.5669
c7b68f87-3e14-4632-862a-c6c4e649cc07	6	76751356	78253172	976	0.0214
c7b68f87-3e14-4632-862a-c6c4e649cc07	6	78259348	78322875	109	0.5244
c7b68f87-3e14-4632-862a-c6c4e649cc07	6	78325223	80558649	1415	0.0024
c7b68f87-3e14-4632-862a-c6c4e649cc07	6	80558959	80559214	4	0.8953
c7b68f87-3e14-4632-862a-c6c4e649cc07	6	80561579	80574472	14	-0.0717
c7b68f87-3e14-4632-862a-c6c4e649cc07	6	80574526	80579817	32	-0.8912
c7b68f87-3e14-4632-862a-c6c4e649cc07	6	80584624	103286954	14001	0.0034
c7b68f87-3e14-4632-862a-c6c4e649cc07	6	103290101	103314186	46	0.9029
c7b68f87-3e14-4632-862a-c6c4e649cc07	6	103317795	128504126	15301	0.0076
c7b68f87-3e14-4632-862a-c6c4e649cc07	6	128507123	128508254	6	-1.4884
c7b68f87-3e14-4632-862a-c6c4e649cc07	6	128509158	170741917	28824	0.0041
c7b68f87-3e14-4632-862a-c6c4e649cc07	7	43355	54318812	38447	0.0038
c7b68f87-3e14-4632-862a-c6c4e649cc07	7	54318816	54318824	5	1.2158
c7b68f87-3e14-4632-862a-c6c4e649cc07	7	54325795	126405502	38481	0.0016
c7b68f87-3e14-4632-862a-c6c4e649cc07	7	126405597	126406561	10	1.2621
c7b68f87-3e14-4632-862a-c6c4e649cc07	7	126406822	159334314	20799	-0.0019
c7b68f87-3e14-4632-862a-c6c4e649cc07	8	81254	7185818	7718	0.0047
c7b68f87-3e14-4632-862a-c6c4e649cc07	8	7296545	7380497	24	-0.5115
c7b68f87-3e14-4632-862a-c6c4e649cc07	8	7396819	12323772	3270	0.0236
c7b68f87-3e14-4632-862a-c6c4e649cc07	8	12358500	12389977	28	0.6181
c7b68f87-3e14-4632-862a-c6c4e649cc07	8	12418301	25116961	10411	0.0064
c7b68f87-3e14-4632-862a-c6c4e649cc07	8	25117007	25126818	25	-2.3935
c7b68f87-3e14-4632-862a-c6c4e649cc07	8	25133589	114619207	52868	0.0054
c7b68f87-3e14-4632-862a-c6c4e649cc07	8	114619814	114629502	36	-0.4547
c7b68f87-3e14-4632-862a-c6c4e649cc07	8	114638468	145072769	21047	0.003
c7b68f87-3e14-4632-862a-c6c4e649cc07	9	46587	10403105	9962	0.0077
c7b68f87-3e14-4632-862a-c6c4e649cc07	9	10404138	10404986	2	1.8454
c7b68f87-3e14-4632-862a-c6c4e649cc07	9	10407943	23363117	10450	0.0136
c7b68f87-3e14-4632-862a-c6c4e649cc07	9	23363935	23380836	11	0.9173
c7b68f87-3e14-4632-862a-c6c4e649cc07	9	23380967	39547299	10734	0.0107
c7b68f87-3e14-4632-862a-c6c4e649cc07	9	39547492	40018947	8	1.1914
c7b68f87-3e14-4632-862a-c6c4e649cc07	9	40099591	40746210	9	-0.0148
c7b68f87-3e14-4632-862a-c6c4e649cc07	9	40753470	41741113	90	-0.4652
c7b68f87-3e14-4632-862a-c6c4e649cc07	9	42014203	42302534	31	0.0308
c7b68f87-3e14-4632-862a-c6c4e649cc07	9	42302678	61665362	93	0.3537
c7b68f87-3e14-4632-862a-c6c4e649cc07	9	61668104	63580418	37	-0.0365
c7b68f87-3e14-4632-862a-c6c4e649cc07	9	63590317	63590322	3	1.6996
c7b68f87-3e14-4632-862a-c6c4e649cc07	9	63590323	64480578	53	0.091
c7b68f87-3e14-4632-862a-c6c4e649cc07	9	64493528	64543764	11	-0.6597
c7b68f87-3e14-4632-862a-c6c4e649cc07	9	64543777	138200944	47941	0.0065
c7b68f87-3e14-4632-862a-c6c4e649cc07	10	45792	13007585	10898	0.0118
c7b68f87-3e14-4632-862a-c6c4e649cc07	10	13007600	13008170	8	-0.9718
c7b68f87-3e14-4632-862a-c6c4e649cc07	10	13008428	24086334	8274	0.0059
c7b68f87-3e14-4632-862a-c6c4e649cc07	10	24088745	24089979	12	0.7077
c7b68f87-3e14-4632-862a-c6c4e649cc07	10	24090022	65548165	25203	0.0061
c7b68f87-3e14-4632-862a-c6c4e649cc07	10	65548178	65554688	27	0.5679
c7b68f87-3e14-4632-862a-c6c4e649cc07	10	65563037	133654968	46180	0.0033
c7b68f87-3e14-4632-862a-c6c4e649cc07	11	198510	4949064	2423	0.006
c7b68f87-3e14-4632-862a-c6c4e649cc07	11	4949100	4955042	26	0.6809
c7b68f87-3e14-4632-862a-c6c4e649cc07	11	4955781	5761882	776	0.0134
c7b68f87-3e14-4632-862a-c6c4e649cc07	11	5762165	5781682	31	0.4887
c7b68f87-3e14-4632-862a-c6c4e649cc07	11	5787096	6086560	245	0.0274
c7b68f87-3e14-4632-862a-c6c4e649cc07	11	6087039	6100864	8	-1.2286
c7b68f87-3e14-4632-862a-c6c4e649cc07	11	6101273	18919323	9147	0.0075
c7b68f87-3e14-4632-862a-c6c4e649cc07	11	18927525	18939631	35	-1.2335
c7b68f87-3e14-4632-862a-c6c4e649cc07	11	18939734	134739499	73765	0.0083
c7b68f87-3e14-4632-862a-c6c4e649cc07	11	134739663	134739672	2	-2.8614
c7b68f87-3e14-4632-862a-c6c4e649cc07	11	134740048	135074876	275	-0.0246
c7b68f87-3e14-4632-862a-c6c4e649cc07	12	51460	760032	419	-0.0122
c7b68f87-3e14-4632-862a-c6c4e649cc07	12	760097	764863	16	-0.8813
c7b68f87-3e14-4632-862a-c6c4e649cc07	12	766188	9477960	5731	-0.0008
c7b68f87-3e14-4632-862a-c6c4e649cc07	12	9481274	9575696	24	-1.7923
c7b68f87-3e14-4632-862a-c6c4e649cc07	12	9582373	45510655	22186	0.0053
c7b68f87-3e14-4632-862a-c6c4e649cc07	12	45512057	45515754	3	-2.3648
c7b68f87-3e14-4632-862a-c6c4e649cc07	12	45519509	60477045	8672	0.0059
c7b68f87-3e14-4632-862a-c6c4e649cc07	12	60478823	60482438	5	-1.0835
c7b68f87-3e14-4632-862a-c6c4e649cc07	12	60482511	90089573	18538	0.0048
c7b68f87-3e14-4632-862a-c6c4e649cc07	12	90097892	90098217	5	-1.2843
c7b68f87-3e14-4632-862a-c6c4e649cc07	12	90098282	99398036	6445	0.0044
c7b68f87-3e14-4632-862a-c6c4e649cc07	12	99401515	99404956	31	-0.7122
c7b68f87-3e14-4632-862a-c6c4e649cc07	12	99409315	133201603	22694	0.0043
c7b68f87-3e14-4632-862a-c6c4e649cc07	13	18452809	70160420	33911	0.0095
c7b68f87-3e14-4632-862a-c6c4e649cc07	13	70161932	70201639	49	-0.8712
c7b68f87-3e14-4632-862a-c6c4e649cc07	13	70204000	71902850	1063	0.0218
c7b68f87-3e14-4632-862a-c6c4e649cc07	13	71903417	71906418	4	-2.8674
c7b68f87-3e14-4632-862a-c6c4e649cc07	13	71906467	87430806	10225	0.0083
c7b68f87-3e14-4632-862a-c6c4e649cc07	13	87432261	87432503	2	-2.6091
c7b68f87-3e14-4632-862a-c6c4e649cc07	13	87440284	114342922	18829	0.0093
c7b68f87-3e14-4632-862a-c6c4e649cc07	14	18239283	19011729	28	-0.0569
c7b68f87-3e14-4632-862a-c6c4e649cc07	14	19012857	19955213	138	-0.5429
c7b68f87-3e14-4632-862a-c6c4e649cc07	14	19956767	21774227	1196	-0.0013
c7b68f87-3e14-4632-862a-c6c4e649cc07	14	21774881	22491845	632	0.1223
c7b68f87-3e14-4632-862a-c6c4e649cc07	14	22496054	26314697	2508	0.0117
c7b68f87-3e14-4632-862a-c6c4e649cc07	14	26314707	26325898	8	-0.8223
c7b68f87-3e14-4632-862a-c6c4e649cc07	14	26326971	44692228	11375	0.0066
c7b68f87-3e14-4632-862a-c6c4e649cc07	14	44700086	44704897	5	-1.1493
c7b68f87-3e14-4632-862a-c6c4e649cc07	14	44712945	106877229	39468	0.006
c7b68f87-3e14-4632-862a-c6c4e649cc07	15	19811075	20041119	48	0.0132
c7b68f87-3e14-4632-862a-c6c4e649cc07	15	20041902	22299523	158	-0.8273
c7b68f87-3e14-4632-862a-c6c4e649cc07	15	22385639	26315045	2355	-0.0103
c7b68f87-3e14-4632-862a-c6c4e649cc07	15	26317005	26318009	2	-3.7319
c7b68f87-3e14-4632-862a-c6c4e649cc07	15	26318441	76586021	31332	0.0073
c7b68f87-3e14-4632-862a-c6c4e649cc07	15	76598900	76603003	15	0.9304
c7b68f87-3e14-4632-862a-c6c4e649cc07	15	76603426	101928837	17607	0.0071
c7b68f87-3e14-4632-862a-c6c4e649cc07	16	10777	12555002	9404	0.0088
c7b68f87-3e14-4632-862a-c6c4e649cc07	16	12555121	12555138	2	2.0026
c7b68f87-3e14-4632-862a-c6c4e649cc07	16	12556390	90096867	42411	0.0046
c7b68f87-3e14-4632-862a-c6c4e649cc07	17	150733	18414080	11382	0.0065
c7b68f87-3e14-4632-862a-c6c4e649cc07	17	18452078	18473964	11	0.7082
c7b68f87-3e14-4632-862a-c6c4e649cc07	17	18477080	41266838	9408	0.0034
c7b68f87-3e14-4632-862a-c6c4e649cc07	17	41266851	41274279	19	-0.9508
c7b68f87-3e14-4632-862a-c6c4e649cc07	17	41276472	44611102	1746	-0.0079
c7b68f87-3e14-4632-862a-c6c4e649cc07	17	44615145	44616498	3	-1.2915
c7b68f87-3e14-4632-862a-c6c4e649cc07	17	44616999	46085231	746	-0.0128
c7b68f87-3e14-4632-862a-c6c4e649cc07	17	46085732	46284997	123	0.3361
c7b68f87-3e14-4632-862a-c6c4e649cc07	17	46286804	83091923	21562	0.004
c7b68f87-3e14-4632-862a-c6c4e649cc07	18	48133	61371660	36979	0.0057
c7b68f87-3e14-4632-862a-c6c4e649cc07	18	61372235	61389343	15	-0.9646
c7b68f87-3e14-4632-862a-c6c4e649cc07	18	61394746	80257174	13695	0.0155
c7b68f87-3e14-4632-862a-c6c4e649cc07	19	90910	14928127	6095	0.0038
c7b68f87-3e14-4632-862a-c6c4e649cc07	19	14934380	14938487	3	-1.8731
c7b68f87-3e14-4632-862a-c6c4e649cc07	19	14940475	40854267	13387	-0.0011
c7b68f87-3e14-4632-862a-c6c4e649cc07	19	40854465	40869877	18	-1.0397
c7b68f87-3e14-4632-862a-c6c4e649cc07	19	40870114	58586487	9585	0.0018
c7b68f87-3e14-4632-862a-c6c4e649cc07	20	80664	1580276	1202	-0.009
c7b68f87-3e14-4632-862a-c6c4e649cc07	20	1580305	1613247	43	-0.7419
c7b68f87-3e14-4632-862a-c6c4e649cc07	20	1617300	64324800	41094	0.0061
c7b68f87-3e14-4632-862a-c6c4e649cc07	21	10354168	13028693	97	0.052
c7b68f87-3e14-4632-862a-c6c4e649cc07	21	13080541	13197963	18	-0.7571
c7b68f87-3e14-4632-862a-c6c4e649cc07	21	13197978	16576849	1994	0.0015
c7b68f87-3e14-4632-862a-c6c4e649cc07	21	16580241	16583956	2	-1.8295
c7b68f87-3e14-4632-862a-c6c4e649cc07	21	16586529	46677045	21740	0.0064
c7b68f87-3e14-4632-862a-c6c4e649cc07	22	15294547	22398127	3454	-0.0257
c7b68f87-3e14-4632-862a-c6c4e649cc07	22	22398345	22398545	4	-1.3895
c7b68f87-3e14-4632-862a-c6c4e649cc07	22	22402989	38894915	11723	0.0028
c7b68f87-3e14-4632-862a-c6c4e649cc07	22	38899250	38900899	3	-2.8801
c7b68f87-3e14-4632-862a-c6c4e649cc07	22	38903109	40397256	758	0.015
c7b68f87-3e14-4632-862a-c6c4e649cc07	22	40398586	40398816	2	-2.631
c7b68f87-3e14-4632-862a-c6c4e649cc07	22	40401668	50796027	7313	0.003
c7b68f87-3e14-4632-862a-c6c4e649cc07	X	251810	28241692	17208	0.0006
c7b68f87-3e14-4632-862a-c6c4e649cc07	X	28241793	28287344	37	0.7429
c7b68f87-3e14-4632-862a-c6c4e649cc07	X	28291590	155952689	66349	0.0076
c7b68f87-3e14-4632-862a-c6c4e649cc07	Y	2784693	6167430	704	-0.9641
c7b68f87-3e14-4632-862a-c6c4e649cc07	Y	6171310	6171622	2	-6.9658
c7b68f87-3e14-4632-862a-c6c4e649cc07	Y	6180233	56872112	5494	-0.9648
