GDC_Aliquot	Chromosome	Start	End	Num_Probes	Segment_Mean
3dc8a0fe-341f-4f09-af43-1e142208caba	1	3301765	247403573	129068	0.013
3dc8a0fe-341f-4f09-af43-1e142208caba	1	247404621	247404630	2	-2.5515
3dc8a0fe-341f-4f09-af43-1e142208caba	1	247404749	247650984	160	-0.0112
3dc8a0fe-341f-4f09-af43-1e142208caba	2	480597	241537572	131664	0.013
3dc8a0fe-341f-4f09-af43-1e142208caba	3	2170634	197812401	106812	0.0147
3dc8a0fe-341f-4f09-af43-1e142208caba	4	1059384	7732139	3751	0.0127
3dc8a0fe-341f-4f09-af43-1e142208caba	4	7733786	7737741	2	-1.8376
3dc8a0fe-341f-4f09-af43-1e142208caba	4	7738068	187842528	99441	0.0142
3dc8a0fe-341f-4f09-af43-1e142208caba	5	914118	7661845	4804	0.0132
3dc8a0fe-341f-4f09-af43-1e142208caba	5	7662448	7665426	4	-1.6796
3dc8a0fe-341f-4f09-af43-1e142208caba	5	7666673	23710368	9069	0.0151
3dc8a0fe-341f-4f09-af43-1e142208caba	5	23710535	23711529	3	-1.9176
3dc8a0fe-341f-4f09-af43-1e142208caba	5	23711588	75827825	26054	0.0157
3dc8a0fe-341f-4f09-af43-1e142208caba	5	75828814	75829100	3	-2.106
3dc8a0fe-341f-4f09-af43-1e142208caba	5	75829333	180934240	60851	0.0134
3dc8a0fe-341f-4f09-af43-1e142208caba	6	1011760	170596889	96810	0.0137
3dc8a0fe-341f-4f09-af43-1e142208caba	7	664936	64364858	33569	0.0089
3dc8a0fe-341f-4f09-af43-1e142208caba	7	64365438	121699184	28294	-0.0398
3dc8a0fe-341f-4f09-af43-1e142208caba	7	121700265	158592540	19759	0.0105
3dc8a0fe-341f-4f09-af43-1e142208caba	8	667625	29120091	17063	-0.0511
3dc8a0fe-341f-4f09-af43-1e142208caba	8	29122432	29717963	400	0.5467
3dc8a0fe-341f-4f09-af43-1e142208caba	8	29718860	30193697	278	0.4132
3dc8a0fe-341f-4f09-af43-1e142208caba	8	30193812	31548798	789	0.6862
3dc8a0fe-341f-4f09-af43-1e142208caba	8	31549085	32311921	580	0.5725
3dc8a0fe-341f-4f09-af43-1e142208caba	8	32312024	32343568	38	0.7823
3dc8a0fe-341f-4f09-af43-1e142208caba	8	32346619	32540415	160	0.5617
3dc8a0fe-341f-4f09-af43-1e142208caba	8	32541249	32811333	225	0.4716
3dc8a0fe-341f-4f09-af43-1e142208caba	8	32811754	32882369	47	0.2847
3dc8a0fe-341f-4f09-af43-1e142208caba	8	32882984	33891299	498	-0.0494
3dc8a0fe-341f-4f09-af43-1e142208caba	8	33902975	33928827	13	0.1639
3dc8a0fe-341f-4f09-af43-1e142208caba	8	33932729	34226136	178	0.3735
3dc8a0fe-341f-4f09-af43-1e142208caba	8	34226885	34462536	138	0.5518
3dc8a0fe-341f-4f09-af43-1e142208caba	8	34464888	35299385	378	0.4304
3dc8a0fe-341f-4f09-af43-1e142208caba	8	35303274	36312362	522	-0.0508
3dc8a0fe-341f-4f09-af43-1e142208caba	8	36317239	37725475	752	0.4558
3dc8a0fe-341f-4f09-af43-1e142208caba	8	37732928	37793959	19	0.5362
3dc8a0fe-341f-4f09-af43-1e142208caba	8	37799047	38568494	315	0.8656
3dc8a0fe-341f-4f09-af43-1e142208caba	8	38571139	40499287	1067	0.5757
3dc8a0fe-341f-4f09-af43-1e142208caba	8	40502376	41987704	943	0.2898
3dc8a0fe-341f-4f09-af43-1e142208caba	8	41988316	42018986	13	0.0305
3dc8a0fe-341f-4f09-af43-1e142208caba	8	42019597	43080575	585	0.2167
3dc8a0fe-341f-4f09-af43-1e142208caba	8	46547532	97503824	29065	0.0132
3dc8a0fe-341f-4f09-af43-1e142208caba	8	97504499	97512460	3	-4.0297
3dc8a0fe-341f-4f09-af43-1e142208caba	8	97512602	144182542	27862	0.014
3dc8a0fe-341f-4f09-af43-1e142208caba	9	789794	138044505	68204	0.0142
3dc8a0fe-341f-4f09-af43-1e142208caba	10	366509	133411599	80895	0.014
3dc8a0fe-341f-4f09-af43-1e142208caba	11	456012	5663172	2437	-0.0576
3dc8a0fe-341f-4f09-af43-1e142208caba	11	5663483	12148937	4429	0.019
3dc8a0fe-341f-4f09-af43-1e142208caba	11	12149070	12149351	2	-2.2111
3dc8a0fe-341f-4f09-af43-1e142208caba	11	12151503	18470330	4255	0.0133
3dc8a0fe-341f-4f09-af43-1e142208caba	11	18473422	20093876	1315	-0.0597
3dc8a0fe-341f-4f09-af43-1e142208caba	11	20094733	47513885	17223	0.0175
3dc8a0fe-341f-4f09-af43-1e142208caba	11	47515320	72337363	8123	-0.0438
3dc8a0fe-341f-4f09-af43-1e142208caba	11	72337482	73722274	642	0.2621
3dc8a0fe-341f-4f09-af43-1e142208caba	11	73724251	75222593	831	0.0988
3dc8a0fe-341f-4f09-af43-1e142208caba	11	75226944	75478137	139	0.3153
3dc8a0fe-341f-4f09-af43-1e142208caba	11	75480584	75606128	77	0.5989
3dc8a0fe-341f-4f09-af43-1e142208caba	11	75606418	76247699	328	0.3879
3dc8a0fe-341f-4f09-af43-1e142208caba	11	76248711	76838168	363	0.5747
3dc8a0fe-341f-4f09-af43-1e142208caba	11	76839898	77630083	382	0.4456
3dc8a0fe-341f-4f09-af43-1e142208caba	11	77633247	78588744	508	0.6976
3dc8a0fe-341f-4f09-af43-1e142208caba	11	78589200	78677581	56	0.5386
3dc8a0fe-341f-4f09-af43-1e142208caba	11	78684144	134272740	36092	-0.0473
3dc8a0fe-341f-4f09-af43-1e142208caba	12	780472	64368414	33726	0.0126
3dc8a0fe-341f-4f09-af43-1e142208caba	12	64372042	66915175	1556	0.1499
3dc8a0fe-341f-4f09-af43-1e142208caba	12	66915518	67223326	243	0.3139
3dc8a0fe-341f-4f09-af43-1e142208caba	12	67226203	68565607	1020	0.2129
3dc8a0fe-341f-4f09-af43-1e142208caba	12	68570882	69340795	501	0.3156
3dc8a0fe-341f-4f09-af43-1e142208caba	12	69344099	70073832	528	0.1693
3dc8a0fe-341f-4f09-af43-1e142208caba	12	70074994	75319512	2912	0.0827
3dc8a0fe-341f-4f09-af43-1e142208caba	12	75319913	76156758	568	0.2945
3dc8a0fe-341f-4f09-af43-1e142208caba	12	76157153	77479771	820	0.1618
3dc8a0fe-341f-4f09-af43-1e142208caba	12	77482862	77522995	69	-0.028
3dc8a0fe-341f-4f09-af43-1e142208caba	12	77523011	78841836	897	0.0592
3dc8a0fe-341f-4f09-af43-1e142208caba	12	78843899	78968439	86	0.219
3dc8a0fe-341f-4f09-af43-1e142208caba	12	78970800	81380587	1478	-0.0286
3dc8a0fe-341f-4f09-af43-1e142208caba	12	81386677	82566148	685	0.149
3dc8a0fe-341f-4f09-af43-1e142208caba	12	82566162	84224087	961	-0.0484
3dc8a0fe-341f-4f09-af43-1e142208caba	12	84224734	84294268	54	0.2699
3dc8a0fe-341f-4f09-af43-1e142208caba	12	84299095	85300709	575	-0.0674
3dc8a0fe-341f-4f09-af43-1e142208caba	12	85300831	85778744	289	0.1809
3dc8a0fe-341f-4f09-af43-1e142208caba	12	85779479	97647412	7409	-0.0418
3dc8a0fe-341f-4f09-af43-1e142208caba	12	97656715	99747233	1240	0.0268
3dc8a0fe-341f-4f09-af43-1e142208caba	12	99747302	102707382	1733	-0.0508
3dc8a0fe-341f-4f09-af43-1e142208caba	12	102707634	103141156	270	0.205
3dc8a0fe-341f-4f09-af43-1e142208caba	12	103153828	103500649	223	0.032
3dc8a0fe-341f-4f09-af43-1e142208caba	12	103501036	103655414	124	0.191
3dc8a0fe-341f-4f09-af43-1e142208caba	12	103656163	113106621	5768	-0.0554
3dc8a0fe-341f-4f09-af43-1e142208caba	12	113107069	113114189	4	-1.216
3dc8a0fe-341f-4f09-af43-1e142208caba	12	113114872	130655250	9484	-0.0629
3dc8a0fe-341f-4f09-af43-1e142208caba	12	130658817	130660333	2	-1.6441
3dc8a0fe-341f-4f09-af43-1e142208caba	12	130661110	132605822	826	-0.0752
3dc8a0fe-341f-4f09-af43-1e142208caba	13	18874255	114226675	56788	0.013
3dc8a0fe-341f-4f09-af43-1e142208caba	14	20033191	67440908	26252	0.0141
3dc8a0fe-341f-4f09-af43-1e142208caba	14	67441516	68279167	444	-0.1008
3dc8a0fe-341f-4f09-af43-1e142208caba	14	68281151	88093648	12626	0.0087
3dc8a0fe-341f-4f09-af43-1e142208caba	14	88094011	88094405	2	-1.7984
3dc8a0fe-341f-4f09-af43-1e142208caba	14	88111149	88337007	183	0.0235
3dc8a0fe-341f-4f09-af43-1e142208caba	14	88337767	88338222	2	-1.2183
3dc8a0fe-341f-4f09-af43-1e142208caba	14	88338422	89109469	254	0.0013
3dc8a0fe-341f-4f09-af43-1e142208caba	14	89111069	89111318	2	-1.4616
3dc8a0fe-341f-4f09-af43-1e142208caba	14	89114132	99015137	6753	0.0143
3dc8a0fe-341f-4f09-af43-1e142208caba	14	99015636	99017918	3	-1.7072
3dc8a0fe-341f-4f09-af43-1e142208caba	14	99018008	102825674	2109	0.0146
3dc8a0fe-341f-4f09-af43-1e142208caba	14	102826616	102826622	2	-2.2027
3dc8a0fe-341f-4f09-af43-1e142208caba	14	102830049	105533894	963	0.027
3dc8a0fe-341f-4f09-af43-1e142208caba	15	23437561	67023670	24639	0.0152
3dc8a0fe-341f-4f09-af43-1e142208caba	15	67025991	67026770	3	-1.7217
3dc8a0fe-341f-4f09-af43-1e142208caba	15	67027945	101344124	19977	0.017
3dc8a0fe-341f-4f09-af43-1e142208caba	16	603333	46608544	13986	0.0242
3dc8a0fe-341f-4f09-af43-1e142208caba	16	46612926	89317317	26965	-0.0996
3dc8a0fe-341f-4f09-af43-1e142208caba	17	1074619	16678690	7917	-0.0867
3dc8a0fe-341f-4f09-af43-1e142208caba	17	16684748	82782265	29077	0.0164
3dc8a0fe-341f-4f09-af43-1e142208caba	17	82786452	82959812	106	-0.061
3dc8a0fe-341f-4f09-af43-1e142208caba	18	326691	79349796	42778	-0.0454
3dc8a0fe-341f-4f09-af43-1e142208caba	19	283868	21749772	8026	-0.0011
3dc8a0fe-341f-4f09-af43-1e142208caba	19	21752898	21752940	2	-3.7909
3dc8a0fe-341f-4f09-af43-1e142208caba	19	21755548	58370362	16015	0.0109
3dc8a0fe-341f-4f09-af43-1e142208caba	20	472817	63588502	37367	0.0115
3dc8a0fe-341f-4f09-af43-1e142208caba	21	13974127	19757619	3678	0.01
3dc8a0fe-341f-4f09-af43-1e142208caba	21	19757946	19759256	3	-2.4613
3dc8a0fe-341f-4f09-af43-1e142208caba	21	19759519	46262057	16845	0.0103
3dc8a0fe-341f-4f09-af43-1e142208caba	22	16934932	32543733	6472	0.0107
3dc8a0fe-341f-4f09-af43-1e142208caba	22	32543828	32544674	2	-3.0744
3dc8a0fe-341f-4f09-af43-1e142208caba	22	32544858	44344787	7192	0.0161
3dc8a0fe-341f-4f09-af43-1e142208caba	22	44348174	44357628	13	-0.5458
3dc8a0fe-341f-4f09-af43-1e142208caba	22	44357940	48940621	3313	0.0115
3dc8a0fe-341f-4f09-af43-1e142208caba	X	3236359	155677414	63847	0.0073
