GDC_Aliquot	Chromosome	Start	End	Num_Probes	Segment_Mean
ee1a99fc-1434-4d2f-a989-02edc2d64dba	1	3301765	8525732	3287	0.2819
ee1a99fc-1434-4d2f-a989-02edc2d64dba	1	8528136	11405422	1351	0.0558
ee1a99fc-1434-4d2f-a989-02edc2d64dba	1	11407656	12578936	612	0.1551
ee1a99fc-1434-4d2f-a989-02edc2d64dba	1	12579140	12588854	3	-0.6932
ee1a99fc-1434-4d2f-a989-02edc2d64dba	1	12590755	15778497	1784	0.1676
ee1a99fc-1434-4d2f-a989-02edc2d64dba	1	15779765	19057752	1767	-0.0151
ee1a99fc-1434-4d2f-a989-02edc2d64dba	1	19064614	19064638	2	-2.1212
ee1a99fc-1434-4d2f-a989-02edc2d64dba	1	19064683	22212191	1780	-0.0049
ee1a99fc-1434-4d2f-a989-02edc2d64dba	1	22216983	29429554	3294	0.0432
ee1a99fc-1434-4d2f-a989-02edc2d64dba	1	29430758	37379639	4466	-0.0037
ee1a99fc-1434-4d2f-a989-02edc2d64dba	1	37383192	37457798	4	-1.0763
ee1a99fc-1434-4d2f-a989-02edc2d64dba	1	37462846	38835526	803	0.007
ee1a99fc-1434-4d2f-a989-02edc2d64dba	1	38836685	38837053	4	-0.7604
ee1a99fc-1434-4d2f-a989-02edc2d64dba	1	38844389	39817962	432	-0.0025
ee1a99fc-1434-4d2f-a989-02edc2d64dba	1	39818515	46137676	3369	0.0705
ee1a99fc-1434-4d2f-a989-02edc2d64dba	1	46137728	48767122	1597	-0.0603
ee1a99fc-1434-4d2f-a989-02edc2d64dba	1	48767703	53947301	2509	-0.0004
ee1a99fc-1434-4d2f-a989-02edc2d64dba	1	53951046	57222594	2393	0.123
ee1a99fc-1434-4d2f-a989-02edc2d64dba	1	57223018	61036874	2773	0.0592
ee1a99fc-1434-4d2f-a989-02edc2d64dba	1	61037526	62295725	910	0.1128
ee1a99fc-1434-4d2f-a989-02edc2d64dba	1	62295975	63524073	784	0.2248
ee1a99fc-1434-4d2f-a989-02edc2d64dba	1	63524525	64107478	414	0.1423
ee1a99fc-1434-4d2f-a989-02edc2d64dba	1	64107870	115634096	31064	0.0057
ee1a99fc-1434-4d2f-a989-02edc2d64dba	1	115634130	119984738	2720	0.1256
ee1a99fc-1434-4d2f-a989-02edc2d64dba	1	119984772	150936430	363	0.3185
ee1a99fc-1434-4d2f-a989-02edc2d64dba	1	150940120	150941402	2	1.3719
ee1a99fc-1434-4d2f-a989-02edc2d64dba	1	150943117	151979451	477	0.3494
ee1a99fc-1434-4d2f-a989-02edc2d64dba	1	151981253	152067254	53	0.5946
ee1a99fc-1434-4d2f-a989-02edc2d64dba	1	152073082	160303902	4606	0.3405
ee1a99fc-1434-4d2f-a989-02edc2d64dba	1	160304716	161075338	516	0.5457
ee1a99fc-1434-4d2f-a989-02edc2d64dba	1	161075405	161757028	247	0.3505
ee1a99fc-1434-4d2f-a989-02edc2d64dba	1	161763537	163259113	1224	0.5678
ee1a99fc-1434-4d2f-a989-02edc2d64dba	1	163259636	166358078	2380	0.3073
ee1a99fc-1434-4d2f-a989-02edc2d64dba	1	166358743	167377803	753	0.2079
ee1a99fc-1434-4d2f-a989-02edc2d64dba	1	167379314	168420967	714	0.2843
ee1a99fc-1434-4d2f-a989-02edc2d64dba	1	168421829	168445782	25	0.1979
ee1a99fc-1434-4d2f-a989-02edc2d64dba	1	168453822	171712604	2329	-0.0972
ee1a99fc-1434-4d2f-a989-02edc2d64dba	1	171712750	172678383	660	-0.0375
ee1a99fc-1434-4d2f-a989-02edc2d64dba	1	172679640	173822479	690	0.0726
ee1a99fc-1434-4d2f-a989-02edc2d64dba	1	173826738	183939088	6214	-0.0447
ee1a99fc-1434-4d2f-a989-02edc2d64dba	1	183939322	201915207	10742	-0.0177
ee1a99fc-1434-4d2f-a989-02edc2d64dba	1	201915519	203613203	1029	-0.0359
ee1a99fc-1434-4d2f-a989-02edc2d64dba	1	203613355	207758183	2571	0.0479
ee1a99fc-1434-4d2f-a989-02edc2d64dba	1	207760609	210071125	1808	-0.0131
ee1a99fc-1434-4d2f-a989-02edc2d64dba	1	210071204	210407080	227	0.127
ee1a99fc-1434-4d2f-a989-02edc2d64dba	1	210407339	221974537	7872	-0.0101
ee1a99fc-1434-4d2f-a989-02edc2d64dba	1	221974644	225168652	1856	0.3069
ee1a99fc-1434-4d2f-a989-02edc2d64dba	1	225169536	231051307	3480	0.2012
ee1a99fc-1434-4d2f-a989-02edc2d64dba	1	231051548	247644025	10775	0.1669
ee1a99fc-1434-4d2f-a989-02edc2d64dba	1	247646986	247650984	4	0.7438
ee1a99fc-1434-4d2f-a989-02edc2d64dba	2	480597	12741722	7950	-0.1033
ee1a99fc-1434-4d2f-a989-02edc2d64dba	2	12742662	20597417	5307	-0.0458
ee1a99fc-1434-4d2f-a989-02edc2d64dba	2	20597821	20616204	19	-0.1907
ee1a99fc-1434-4d2f-a989-02edc2d64dba	2	20623492	29459991	4715	0.0573
ee1a99fc-1434-4d2f-a989-02edc2d64dba	2	29460014	29460361	3	-0.8788
ee1a99fc-1434-4d2f-a989-02edc2d64dba	2	29460487	42608300	7269	0.0526
ee1a99fc-1434-4d2f-a989-02edc2d64dba	2	42611311	43427020	491	0.221
ee1a99fc-1434-4d2f-a989-02edc2d64dba	2	43427177	47245206	2717	0.0507
ee1a99fc-1434-4d2f-a989-02edc2d64dba	2	47245271	59280919	6445	0.0058
ee1a99fc-1434-4d2f-a989-02edc2d64dba	2	59282020	62303163	1732	0.0647
ee1a99fc-1434-4d2f-a989-02edc2d64dba	2	62307958	62916011	334	0.1927
ee1a99fc-1434-4d2f-a989-02edc2d64dba	2	62917406	95068878	13918	0.0691
ee1a99fc-1434-4d2f-a989-02edc2d64dba	2	95069721	120111726	12646	0.0027
ee1a99fc-1434-4d2f-a989-02edc2d64dba	2	120112313	120330955	101	0.0584
ee1a99fc-1434-4d2f-a989-02edc2d64dba	2	120331994	120791481	261	-0.0401
ee1a99fc-1434-4d2f-a989-02edc2d64dba	2	120792302	127071706	3102	-0.001
ee1a99fc-1434-4d2f-a989-02edc2d64dba	2	127072553	167881296	22520	-0.0409
ee1a99fc-1434-4d2f-a989-02edc2d64dba	2	167883906	168482493	428	0.0428
ee1a99fc-1434-4d2f-a989-02edc2d64dba	2	168482666	220592343	29511	-0.041
ee1a99fc-1434-4d2f-a989-02edc2d64dba	2	220592552	238271146	10964	0.1271
ee1a99fc-1434-4d2f-a989-02edc2d64dba	2	238275928	238839463	364	0.284
ee1a99fc-1434-4d2f-a989-02edc2d64dba	2	238839679	240113328	673	0.1038
ee1a99fc-1434-4d2f-a989-02edc2d64dba	2	240113769	240334525	154	0.0331
ee1a99fc-1434-4d2f-a989-02edc2d64dba	2	240334735	240343370	2	-0.7606
ee1a99fc-1434-4d2f-a989-02edc2d64dba	2	240344137	241537572	573	0.0323
ee1a99fc-1434-4d2f-a989-02edc2d64dba	3	2170634	18138495	9779	0.1169
ee1a99fc-1434-4d2f-a989-02edc2d64dba	3	18138611	23638848	2718	0.0655
ee1a99fc-1434-4d2f-a989-02edc2d64dba	3	23642287	59212789	20678	-0.0404
ee1a99fc-1434-4d2f-a989-02edc2d64dba	3	59215741	59720118	446	0.0304
ee1a99fc-1434-4d2f-a989-02edc2d64dba	3	61040294	80760822	13025	-0.0494
ee1a99fc-1434-4d2f-a989-02edc2d64dba	3	80770039	89437378	4341	0.0166
ee1a99fc-1434-4d2f-a989-02edc2d64dba	3	89439076	95233806	879	-0.0333
ee1a99fc-1434-4d2f-a989-02edc2d64dba	3	95234111	110712256	8381	0.0231
ee1a99fc-1434-4d2f-a989-02edc2d64dba	3	110712439	122213735	6779	-0.0195
ee1a99fc-1434-4d2f-a989-02edc2d64dba	3	122214219	152614884	16944	-0.0475
ee1a99fc-1434-4d2f-a989-02edc2d64dba	3	152615267	175071022	11493	0.0115
ee1a99fc-1434-4d2f-a989-02edc2d64dba	3	175071090	184848960	4553	0.0747
ee1a99fc-1434-4d2f-a989-02edc2d64dba	3	184855071	189134114	2877	0.1398
ee1a99fc-1434-4d2f-a989-02edc2d64dba	3	189135328	191562314	1674	0.1971
ee1a99fc-1434-4d2f-a989-02edc2d64dba	3	191566836	191566911	3	-0.7039
ee1a99fc-1434-4d2f-a989-02edc2d64dba	3	191567268	192863472	724	0.1874
ee1a99fc-1434-4d2f-a989-02edc2d64dba	3	192865144	197812401	1892	0.0958
ee1a99fc-1434-4d2f-a989-02edc2d64dba	4	1059384	3320674	920	0.1319
ee1a99fc-1434-4d2f-a989-02edc2d64dba	4	3321018	9783904	3485	0.0532
ee1a99fc-1434-4d2f-a989-02edc2d64dba	4	9786607	43821983	21823	-0.0489
ee1a99fc-1434-4d2f-a989-02edc2d64dba	4	43822462	51848318	2143	0.0154
ee1a99fc-1434-4d2f-a989-02edc2d64dba	4	51848345	70471368	10237	0.0603
ee1a99fc-1434-4d2f-a989-02edc2d64dba	4	70472247	90853824	12100	0.0101
ee1a99fc-1434-4d2f-a989-02edc2d64dba	4	90859631	112736658	12093	-0.0469
ee1a99fc-1434-4d2f-a989-02edc2d64dba	4	112737097	117672056	2874	-0.0791
ee1a99fc-1434-4d2f-a989-02edc2d64dba	4	117672150	187842528	37826	-0.0386
ee1a99fc-1434-4d2f-a989-02edc2d64dba	5	913983	4626347	2383	-0.0108
ee1a99fc-1434-4d2f-a989-02edc2d64dba	5	4628466	14208040	6804	0.0434
ee1a99fc-1434-4d2f-a989-02edc2d64dba	5	14212309	15083086	652	0.1559
ee1a99fc-1434-4d2f-a989-02edc2d64dba	5	15086286	51208180	16525	0.0507
ee1a99fc-1434-4d2f-a989-02edc2d64dba	5	51208349	73597062	12309	0.007
ee1a99fc-1434-4d2f-a989-02edc2d64dba	5	73600399	105960804	16849	-0.0479
ee1a99fc-1434-4d2f-a989-02edc2d64dba	5	105961235	108324302	1403	0.0221
ee1a99fc-1434-4d2f-a989-02edc2d64dba	5	108324512	123661384	9242	-0.0427
ee1a99fc-1434-4d2f-a989-02edc2d64dba	5	123662163	123663126	2	-2.1271
ee1a99fc-1434-4d2f-a989-02edc2d64dba	5	123663718	126118408	1503	-0.0442
ee1a99fc-1434-4d2f-a989-02edc2d64dba	5	126119289	126119302	2	-1.3987
ee1a99fc-1434-4d2f-a989-02edc2d64dba	5	126119750	145837028	11382	-0.0501
ee1a99fc-1434-4d2f-a989-02edc2d64dba	5	145839215	145841946	2	-1.6151
ee1a99fc-1434-4d2f-a989-02edc2d64dba	5	145842404	154410710	5757	-0.0461
ee1a99fc-1434-4d2f-a989-02edc2d64dba	5	154411104	154417327	4	-1.0639
ee1a99fc-1434-4d2f-a989-02edc2d64dba	5	154417362	163137660	5584	-0.0422
ee1a99fc-1434-4d2f-a989-02edc2d64dba	5	163137945	164609443	879	0.0077
ee1a99fc-1434-4d2f-a989-02edc2d64dba	5	164610138	168498562	2675	-0.0617
ee1a99fc-1434-4d2f-a989-02edc2d64dba	5	168501838	179437459	6445	-0.0107
ee1a99fc-1434-4d2f-a989-02edc2d64dba	5	179437656	179534871	48	-0.1021
ee1a99fc-1434-4d2f-a989-02edc2d64dba	5	179537559	180934240	659	0.085
ee1a99fc-1434-4d2f-a989-02edc2d64dba	6	1011760	2141222	874	-0.0826
ee1a99fc-1434-4d2f-a989-02edc2d64dba	6	2141240	17444882	10793	-0.0056
ee1a99fc-1434-4d2f-a989-02edc2d64dba	6	17445010	99633053	43402	0.0575
ee1a99fc-1434-4d2f-a989-02edc2d64dba	6	99633068	100172401	335	0.1676
ee1a99fc-1434-4d2f-a989-02edc2d64dba	6	100173949	108532403	4814	0.0575
ee1a99fc-1434-4d2f-a989-02edc2d64dba	6	108535175	123788717	8483	0.0833
ee1a99fc-1434-4d2f-a989-02edc2d64dba	6	123804563	133378558	6087	0.0602
ee1a99fc-1434-4d2f-a989-02edc2d64dba	6	133381703	144560688	6768	0.0035
ee1a99fc-1434-4d2f-a989-02edc2d64dba	6	144561652	168708494	14882	-0.0562
ee1a99fc-1434-4d2f-a989-02edc2d64dba	6	169097598	170596889	724	0.0193
ee1a99fc-1434-4d2f-a989-02edc2d64dba	7	664936	7741221	2829	0.0513
ee1a99fc-1434-4d2f-a989-02edc2d64dba	7	7746448	8051350	301	0.0804
ee1a99fc-1434-4d2f-a989-02edc2d64dba	7	8051571	9196395	231	0.2041
ee1a99fc-1434-4d2f-a989-02edc2d64dba	7	9197179	35969958	16788	0.0847
ee1a99fc-1434-4d2f-a989-02edc2d64dba	7	35975281	45558857	5847	0.0619
ee1a99fc-1434-4d2f-a989-02edc2d64dba	7	45558870	71799287	11265	0.0065
ee1a99fc-1434-4d2f-a989-02edc2d64dba	7	71801548	80277613	3402	0.0502
ee1a99fc-1434-4d2f-a989-02edc2d64dba	7	80280765	83813600	2252	0.1093
ee1a99fc-1434-4d2f-a989-02edc2d64dba	7	83814555	88370853	2360	0.0457
ee1a99fc-1434-4d2f-a989-02edc2d64dba	7	88375403	92966441	1842	0.0928
ee1a99fc-1434-4d2f-a989-02edc2d64dba	7	92966991	93316666	151	0.2352
ee1a99fc-1434-4d2f-a989-02edc2d64dba	7	93317005	97342254	2450	0.0898
ee1a99fc-1434-4d2f-a989-02edc2d64dba	7	97342369	113127929	7644	0.0227
ee1a99fc-1434-4d2f-a989-02edc2d64dba	7	113128097	118410924	2930	0.0668
ee1a99fc-1434-4d2f-a989-02edc2d64dba	7	118411989	122593128	2266	0.0211
ee1a99fc-1434-4d2f-a989-02edc2d64dba	7	122596352	125363583	1548	0.1201
ee1a99fc-1434-4d2f-a989-02edc2d64dba	7	125366588	132506849	3812	0.0747
ee1a99fc-1434-4d2f-a989-02edc2d64dba	7	132506968	155914471	12594	0.0303
ee1a99fc-1434-4d2f-a989-02edc2d64dba	7	155914557	157808021	1145	0.0898
ee1a99fc-1434-4d2f-a989-02edc2d64dba	7	157812116	157816706	2	-1.0626
ee1a99fc-1434-4d2f-a989-02edc2d64dba	7	157817206	158592540	281	0.089
ee1a99fc-1434-4d2f-a989-02edc2d64dba	8	667625	4592125	2058	0.008
ee1a99fc-1434-4d2f-a989-02edc2d64dba	8	4592192	6566457	813	0.0559
ee1a99fc-1434-4d2f-a989-02edc2d64dba	8	6568135	12716562	2387	0.0145
ee1a99fc-1434-4d2f-a989-02edc2d64dba	8	12718352	18356334	4256	0.0733
ee1a99fc-1434-4d2f-a989-02edc2d64dba	8	18356419	24184197	4147	-0.0243
ee1a99fc-1434-4d2f-a989-02edc2d64dba	8	24186449	25414848	857	-0.099
ee1a99fc-1434-4d2f-a989-02edc2d64dba	8	25422515	25912760	359	-0.0318
ee1a99fc-1434-4d2f-a989-02edc2d64dba	8	25912877	35579211	6159	0.0458
ee1a99fc-1434-4d2f-a989-02edc2d64dba	8	35582268	35582281	2	-1.3722
ee1a99fc-1434-4d2f-a989-02edc2d64dba	8	35583557	36875630	565	0.0459
ee1a99fc-1434-4d2f-a989-02edc2d64dba	8	36875998	37377612	366	0.1645
ee1a99fc-1434-4d2f-a989-02edc2d64dba	8	37378032	41145484	2007	0.0592
ee1a99fc-1434-4d2f-a989-02edc2d64dba	8	41146843	42834749	1039	0.1523
ee1a99fc-1434-4d2f-a989-02edc2d64dba	8	42835006	69335662	13072	0.0574
ee1a99fc-1434-4d2f-a989-02edc2d64dba	8	69337294	69338172	2	-1.2394
ee1a99fc-1434-4d2f-a989-02edc2d64dba	8	69338266	69994644	435	0.0654
ee1a99fc-1434-4d2f-a989-02edc2d64dba	8	69995354	72834344	1767	-0.0381
ee1a99fc-1434-4d2f-a989-02edc2d64dba	8	72838045	73781541	647	0.0231
ee1a99fc-1434-4d2f-a989-02edc2d64dba	8	73781890	85127671	6196	-0.0417
ee1a99fc-1434-4d2f-a989-02edc2d64dba	8	85128081	85128353	2	1.3897
ee1a99fc-1434-4d2f-a989-02edc2d64dba	8	85133155	88430779	1624	0.0023
ee1a99fc-1434-4d2f-a989-02edc2d64dba	8	88431163	89774788	812	0.2418
ee1a99fc-1434-4d2f-a989-02edc2d64dba	8	89775732	100360867	6109	0.1565
ee1a99fc-1434-4d2f-a989-02edc2d64dba	8	100361648	100469964	84	0.4018
ee1a99fc-1434-4d2f-a989-02edc2d64dba	8	100472454	100590007	75	0.7536
ee1a99fc-1434-4d2f-a989-02edc2d64dba	8	100592441	101731584	798	0.393
ee1a99fc-1434-4d2f-a989-02edc2d64dba	8	101731831	103042906	730	0.1912
ee1a99fc-1434-4d2f-a989-02edc2d64dba	8	103047869	107397912	2316	0.2597
ee1a99fc-1434-4d2f-a989-02edc2d64dba	8	107399714	119343535	6867	0.2133
ee1a99fc-1434-4d2f-a989-02edc2d64dba	8	119343948	122812565	2230	0.2544
ee1a99fc-1434-4d2f-a989-02edc2d64dba	8	122813366	129740390	4794	0.3133
ee1a99fc-1434-4d2f-a989-02edc2d64dba	8	129743613	129743932	5	-0.3211
ee1a99fc-1434-4d2f-a989-02edc2d64dba	8	129744285	133242079	2525	0.3085
ee1a99fc-1434-4d2f-a989-02edc2d64dba	8	133242154	144182542	6140	0.2108
ee1a99fc-1434-4d2f-a989-02edc2d64dba	9	789794	21191878	13209	0.1134
ee1a99fc-1434-4d2f-a989-02edc2d64dba	9	21192220	22608276	852	0.1682
ee1a99fc-1434-4d2f-a989-02edc2d64dba	9	22610367	29682403	4147	0.0901
ee1a99fc-1434-4d2f-a989-02edc2d64dba	9	29684411	37438684	4449	0.0534
ee1a99fc-1434-4d2f-a989-02edc2d64dba	9	37439048	70110293	2284	0.0136
ee1a99fc-1434-4d2f-a989-02edc2d64dba	9	70110343	73090591	2022	0.0508
ee1a99fc-1434-4d2f-a989-02edc2d64dba	9	73091051	84667612	7994	0.0089
ee1a99fc-1434-4d2f-a989-02edc2d64dba	9	84667653	87075889	1637	-0.0544
ee1a99fc-1434-4d2f-a989-02edc2d64dba	9	87078879	109721855	14746	0.0067
ee1a99fc-1434-4d2f-a989-02edc2d64dba	9	109722720	121675951	8448	0.0522
ee1a99fc-1434-4d2f-a989-02edc2d64dba	9	121676453	123299793	979	-0.0129
ee1a99fc-1434-4d2f-a989-02edc2d64dba	9	123300902	123535616	150	0.0675
ee1a99fc-1434-4d2f-a989-02edc2d64dba	9	123536675	125574926	1176	0.147
ee1a99fc-1434-4d2f-a989-02edc2d64dba	9	125578662	126532767	661	-0.0014
ee1a99fc-1434-4d2f-a989-02edc2d64dba	9	126537406	138044505	5736	-0.0679
ee1a99fc-1434-4d2f-a989-02edc2d64dba	10	366509	2641047	1312	0.0844
ee1a99fc-1434-4d2f-a989-02edc2d64dba	10	2641484	3304175	221	0.2541
ee1a99fc-1434-4d2f-a989-02edc2d64dba	10	3305197	6864098	2748	0.0912
ee1a99fc-1434-4d2f-a989-02edc2d64dba	10	6864514	7914739	911	0.2268
ee1a99fc-1434-4d2f-a989-02edc2d64dba	10	7916485	8075242	94	0.3737
ee1a99fc-1434-4d2f-a989-02edc2d64dba	10	8077695	8168389	78	0.2493
ee1a99fc-1434-4d2f-a989-02edc2d64dba	10	8169565	11868213	2849	0.1155
ee1a99fc-1434-4d2f-a989-02edc2d64dba	10	11871419	15082581	2537	0.0573
ee1a99fc-1434-4d2f-a989-02edc2d64dba	10	15083882	16676878	1178	0.1002
ee1a99fc-1434-4d2f-a989-02edc2d64dba	10	16677036	36631393	13298	0.0504
ee1a99fc-1434-4d2f-a989-02edc2d64dba	10	36632121	36950949	194	0.1742
ee1a99fc-1434-4d2f-a989-02edc2d64dba	10	36951741	47312471	3013	0.0486
ee1a99fc-1434-4d2f-a989-02edc2d64dba	10	47312936	57813215	5471	-0.0005
ee1a99fc-1434-4d2f-a989-02edc2d64dba	10	57813475	74115458	9791	-0.052
ee1a99fc-1434-4d2f-a989-02edc2d64dba	10	74116251	82510283	5364	0.0082
ee1a99fc-1434-4d2f-a989-02edc2d64dba	10	82512690	83159286	466	0.1746
ee1a99fc-1434-4d2f-a989-02edc2d64dba	10	83162070	93201901	6220	-0.0556
ee1a99fc-1434-4d2f-a989-02edc2d64dba	10	93202957	93204187	3	-1.1758
ee1a99fc-1434-4d2f-a989-02edc2d64dba	10	93208908	95597563	1471	-0.0653
ee1a99fc-1434-4d2f-a989-02edc2d64dba	10	95600005	97083493	951	0.0051
ee1a99fc-1434-4d2f-a989-02edc2d64dba	10	97086361	106506838	5431	-0.0535
ee1a99fc-1434-4d2f-a989-02edc2d64dba	10	106508508	106508582	2	-1.5088
ee1a99fc-1434-4d2f-a989-02edc2d64dba	10	106508893	112581713	4081	-0.0491
ee1a99fc-1434-4d2f-a989-02edc2d64dba	10	112582400	114155093	1114	0.0047
ee1a99fc-1434-4d2f-a989-02edc2d64dba	10	114159271	121121180	4869	-0.0486
ee1a99fc-1434-4d2f-a989-02edc2d64dba	10	121127207	121127382	2	-2.0622
ee1a99fc-1434-4d2f-a989-02edc2d64dba	10	121127533	133411599	7616	-0.0614
ee1a99fc-1434-4d2f-a989-02edc2d64dba	11	456012	2768467	689	-0.0799
ee1a99fc-1434-4d2f-a989-02edc2d64dba	11	2768492	12760112	6714	0.0025
ee1a99fc-1434-4d2f-a989-02edc2d64dba	11	12762133	33590104	13740	-0.0524
ee1a99fc-1434-4d2f-a989-02edc2d64dba	11	33590381	36445607	2221	0.0279
ee1a99fc-1434-4d2f-a989-02edc2d64dba	11	36445951	37733866	439	0.0836
ee1a99fc-1434-4d2f-a989-02edc2d64dba	11	37821027	82098205	20066	0.055
ee1a99fc-1434-4d2f-a989-02edc2d64dba	11	82098269	96350785	8511	0.0771
ee1a99fc-1434-4d2f-a989-02edc2d64dba	11	96353373	101220126	3386	0.0154
ee1a99fc-1434-4d2f-a989-02edc2d64dba	11	101220142	109352909	4608	0.0546
ee1a99fc-1434-4d2f-a989-02edc2d64dba	11	109352924	119160102	6746	0.0143
ee1a99fc-1434-4d2f-a989-02edc2d64dba	11	119161341	134272740	10464	-0.113
ee1a99fc-1434-4d2f-a989-02edc2d64dba	12	780472	6859577	3788	-0.0028
ee1a99fc-1434-4d2f-a989-02edc2d64dba	12	6860538	6866342	2	-1.2039
ee1a99fc-1434-4d2f-a989-02edc2d64dba	12	6871017	11725196	2092	-0.0066
ee1a99fc-1434-4d2f-a989-02edc2d64dba	12	11725293	12162155	436	0.1311
ee1a99fc-1434-4d2f-a989-02edc2d64dba	12	12162298	13183649	451	-0.0079
ee1a99fc-1434-4d2f-a989-02edc2d64dba	12	13185092	14912104	1252	-0.1157
ee1a99fc-1434-4d2f-a989-02edc2d64dba	12	14915002	14915759	2	1.0806
ee1a99fc-1434-4d2f-a989-02edc2d64dba	12	14916138	20456956	3374	-0.1048
ee1a99fc-1434-4d2f-a989-02edc2d64dba	12	20460751	33366590	8311	0.0083
ee1a99fc-1434-4d2f-a989-02edc2d64dba	12	33368172	47353778	4766	0.2014
ee1a99fc-1434-4d2f-a989-02edc2d64dba	12	47353914	71341747	14017	-0.0528
ee1a99fc-1434-4d2f-a989-02edc2d64dba	12	71472182	72270541	477	0.0662
ee1a99fc-1434-4d2f-a989-02edc2d64dba	12	72275515	101716115	18009	-0.0461
ee1a99fc-1434-4d2f-a989-02edc2d64dba	12	101716327	102117868	217	0.0944
ee1a99fc-1434-4d2f-a989-02edc2d64dba	12	102119224	104450927	1519	-0.0462
ee1a99fc-1434-4d2f-a989-02edc2d64dba	12	104453536	104453705	2	-1.2306
ee1a99fc-1434-4d2f-a989-02edc2d64dba	12	104454631	132605822	15618	-0.0568
ee1a99fc-1434-4d2f-a989-02edc2d64dba	13	18874255	75414223	32545	-0.0513
ee1a99fc-1434-4d2f-a989-02edc2d64dba	13	75415254	114226675	24450	0.0137
ee1a99fc-1434-4d2f-a989-02edc2d64dba	14	20033191	33945516	7596	-0.0481
ee1a99fc-1434-4d2f-a989-02edc2d64dba	14	33951953	34775364	476	0.0742
ee1a99fc-1434-4d2f-a989-02edc2d64dba	14	34777172	43175123	4553	-0.0425
ee1a99fc-1434-4d2f-a989-02edc2d64dba	14	43175383	49340554	2479	0.0052
ee1a99fc-1434-4d2f-a989-02edc2d64dba	14	49341503	50056356	388	0.0311
ee1a99fc-1434-4d2f-a989-02edc2d64dba	14	50056463	51615418	1026	0.0688
ee1a99fc-1434-4d2f-a989-02edc2d64dba	14	51615796	55069392	2302	0.0238
ee1a99fc-1434-4d2f-a989-02edc2d64dba	14	55069688	57733804	1798	0.1239
ee1a99fc-1434-4d2f-a989-02edc2d64dba	14	57733882	60456652	1685	0.0691
ee1a99fc-1434-4d2f-a989-02edc2d64dba	14	60457169	76826299	9773	0.0054
ee1a99fc-1434-4d2f-a989-02edc2d64dba	14	76827177	78849452	1482	-0.062
ee1a99fc-1434-4d2f-a989-02edc2d64dba	14	78854167	79329072	304	-0.0074
ee1a99fc-1434-4d2f-a989-02edc2d64dba	14	79332440	100811871	13941	0.1068
ee1a99fc-1434-4d2f-a989-02edc2d64dba	14	100812441	105533894	1989	-0.0257
ee1a99fc-1434-4d2f-a989-02edc2d64dba	15	23437561	45849079	10986	-0.0553
ee1a99fc-1434-4d2f-a989-02edc2d64dba	15	45851900	46659693	544	0.0465
ee1a99fc-1434-4d2f-a989-02edc2d64dba	15	46660152	53586235	4375	-0.0485
ee1a99fc-1434-4d2f-a989-02edc2d64dba	15	53587044	53587346	2	-1.2249
ee1a99fc-1434-4d2f-a989-02edc2d64dba	15	53587486	55759901	1483	-0.0456
ee1a99fc-1434-4d2f-a989-02edc2d64dba	15	55764826	60666852	3114	-0.018
ee1a99fc-1434-4d2f-a989-02edc2d64dba	15	60666890	91133330	17860	-0.0552
ee1a99fc-1434-4d2f-a989-02edc2d64dba	15	91138194	101344124	6415	0.066
ee1a99fc-1434-4d2f-a989-02edc2d64dba	16	603333	8442813	3700	0.0282
ee1a99fc-1434-4d2f-a989-02edc2d64dba	16	8443816	13974811	4212	0.0595
ee1a99fc-1434-4d2f-a989-02edc2d64dba	16	13975166	31263525	5874	0.0126
ee1a99fc-1434-4d2f-a989-02edc2d64dba	16	31265453	89317317	27423	-0.0511
ee1a99fc-1434-4d2f-a989-02edc2d64dba	17	1074619	2374770	514	-0.0741
ee1a99fc-1434-4d2f-a989-02edc2d64dba	17	2377640	2881703	255	0.0632
ee1a99fc-1434-4d2f-a989-02edc2d64dba	17	2881730	3595117	364	-0.0464
ee1a99fc-1434-4d2f-a989-02edc2d64dba	17	3665125	3787636	68	-0.768
ee1a99fc-1434-4d2f-a989-02edc2d64dba	17	3789918	12713789	5276	-0.0658
ee1a99fc-1434-4d2f-a989-02edc2d64dba	17	12714384	12714936	3	-1.0315
ee1a99fc-1434-4d2f-a989-02edc2d64dba	17	12716477	35304277	7045	-0.0587
ee1a99fc-1434-4d2f-a989-02edc2d64dba	17	35304310	35316144	3	-1.6877
ee1a99fc-1434-4d2f-a989-02edc2d64dba	17	35316664	49023809	5627	-0.063
ee1a99fc-1434-4d2f-a989-02edc2d64dba	17	49028224	64669074	8632	0.0141
ee1a99fc-1434-4d2f-a989-02edc2d64dba	17	64671373	65218960	231	0.1937
ee1a99fc-1434-4d2f-a989-02edc2d64dba	17	65219013	72094434	4521	0.0196
ee1a99fc-1434-4d2f-a989-02edc2d64dba	17	72094634	73178007	879	-0.0516
ee1a99fc-1434-4d2f-a989-02edc2d64dba	17	73180345	74788148	471	0.0135
ee1a99fc-1434-4d2f-a989-02edc2d64dba	17	74788491	77855384	1402	0.1072
ee1a99fc-1434-4d2f-a989-02edc2d64dba	17	77857196	77872544	2	-1.2347
ee1a99fc-1434-4d2f-a989-02edc2d64dba	17	77873894	82959812	1992	0.111
ee1a99fc-1434-4d2f-a989-02edc2d64dba	18	326691	11860617	6882	0.0491
ee1a99fc-1434-4d2f-a989-02edc2d64dba	18	11872143	23442075	2564	0.0062
ee1a99fc-1434-4d2f-a989-02edc2d64dba	18	23447071	23447643	3	-2.2084
ee1a99fc-1434-4d2f-a989-02edc2d64dba	18	23454144	26839804	2256	0.0019
ee1a99fc-1434-4d2f-a989-02edc2d64dba	18	26839944	27936554	720	0.107
ee1a99fc-1434-4d2f-a989-02edc2d64dba	18	27936990	33880072	3605	0.0097
ee1a99fc-1434-4d2f-a989-02edc2d64dba	18	33880124	35618443	976	-0.0479
ee1a99fc-1434-4d2f-a989-02edc2d64dba	18	35618861	36923874	895	0.0628
ee1a99fc-1434-4d2f-a989-02edc2d64dba	18	36924544	41879686	3029	-0.0045
ee1a99fc-1434-4d2f-a989-02edc2d64dba	18	41879739	48981387	4458	-0.0392
ee1a99fc-1434-4d2f-a989-02edc2d64dba	18	48982250	49364084	187	0.0159
ee1a99fc-1434-4d2f-a989-02edc2d64dba	18	49368777	50338839	666	0.1214
ee1a99fc-1434-4d2f-a989-02edc2d64dba	18	50339617	57612977	4804	0.0024
ee1a99fc-1434-4d2f-a989-02edc2d64dba	18	57614739	59207287	1016	0.1037
ee1a99fc-1434-4d2f-a989-02edc2d64dba	18	59208716	60107399	696	0.0085
ee1a99fc-1434-4d2f-a989-02edc2d64dba	18	60108063	65532714	3423	0.1201
ee1a99fc-1434-4d2f-a989-02edc2d64dba	18	65532801	68818312	1462	0.1731
ee1a99fc-1434-4d2f-a989-02edc2d64dba	18	68818513	68822550	2	1.2188
ee1a99fc-1434-4d2f-a989-02edc2d64dba	18	68824346	74751714	2259	0.1741
ee1a99fc-1434-4d2f-a989-02edc2d64dba	18	74761580	77414247	1866	0.1007
ee1a99fc-1434-4d2f-a989-02edc2d64dba	18	77415618	79349796	1205	-0.0139
ee1a99fc-1434-4d2f-a989-02edc2d64dba	19	283868	6481448	1760	-0.0831
ee1a99fc-1434-4d2f-a989-02edc2d64dba	19	6481519	31001173	9747	0.0469
ee1a99fc-1434-4d2f-a989-02edc2d64dba	19	31002104	34562562	2341	-0.0017
ee1a99fc-1434-4d2f-a989-02edc2d64dba	19	34562900	46400109	5358	0.0808
ee1a99fc-1434-4d2f-a989-02edc2d64dba	19	46403740	46407870	2	-1.6075
ee1a99fc-1434-4d2f-a989-02edc2d64dba	19	46407925	48438000	946	0.0787
ee1a99fc-1434-4d2f-a989-02edc2d64dba	19	48438019	48448622	5	-0.6884
ee1a99fc-1434-4d2f-a989-02edc2d64dba	19	48451314	58370362	3999	0.0652
ee1a99fc-1434-4d2f-a989-02edc2d64dba	20	472817	6712586	3871	-0.012
ee1a99fc-1434-4d2f-a989-02edc2d64dba	20	6713232	20343697	9610	-0.06
ee1a99fc-1434-4d2f-a989-02edc2d64dba	20	20345078	22707700	1531	-0.0152
ee1a99fc-1434-4d2f-a989-02edc2d64dba	20	22708058	42074487	8037	-0.0621
ee1a99fc-1434-4d2f-a989-02edc2d64dba	20	42075267	63588502	14517	0.1119
ee1a99fc-1434-4d2f-a989-02edc2d64dba	21	13974127	35612967	13970	0.0043
ee1a99fc-1434-4d2f-a989-02edc2d64dba	21	35613820	46262057	6629	0.0744
ee1a99fc-1434-4d2f-a989-02edc2d64dba	22	16934932	27865614	3891	0.0503
ee1a99fc-1434-4d2f-a989-02edc2d64dba	22	27865642	30591204	1497	0.1149
ee1a99fc-1434-4d2f-a989-02edc2d64dba	22	30591686	40676339	6139	-0.0674
ee1a99fc-1434-4d2f-a989-02edc2d64dba	22	40678244	48940621	5566	-0.0143
ee1a99fc-1434-4d2f-a989-02edc2d64dba	X	3236359	12947882	3413	-0.1084
ee1a99fc-1434-4d2f-a989-02edc2d64dba	X	12948256	14078226	753	0.0786
ee1a99fc-1434-4d2f-a989-02edc2d64dba	X	14078519	29510724	7704	-0.0633
ee1a99fc-1434-4d2f-a989-02edc2d64dba	X	29511028	41500826	5525	-0.0975
ee1a99fc-1434-4d2f-a989-02edc2d64dba	X	41513770	67826779	8357	-0.0747
ee1a99fc-1434-4d2f-a989-02edc2d64dba	X	67831579	101132348	13193	0.0438
ee1a99fc-1434-4d2f-a989-02edc2d64dba	X	101137311	101549530	207	0.1998
ee1a99fc-1434-4d2f-a989-02edc2d64dba	X	101556124	117996743	7588	0.0511
ee1a99fc-1434-4d2f-a989-02edc2d64dba	X	117999088	123832142	2998	0.1573
ee1a99fc-1434-4d2f-a989-02edc2d64dba	X	123837554	124576877	466	0.22
ee1a99fc-1434-4d2f-a989-02edc2d64dba	X	124576965	134530208	4437	0.1441
ee1a99fc-1434-4d2f-a989-02edc2d64dba	X	134532346	136249767	484	0.0837
ee1a99fc-1434-4d2f-a989-02edc2d64dba	X	136262923	137118419	475	0.1389
ee1a99fc-1434-4d2f-a989-02edc2d64dba	X	137118673	155677414	8374	0.0898
