GDC_Aliquot	Chromosome	Start	End	Num_Probes	Segment_Mean
65112812-773c-4bcc-b32d-fcef869d0e4f	1	3301765	47860258	23884	-0.0355
65112812-773c-4bcc-b32d-fcef869d0e4f	1	47860615	56545994	4948	-0.0704
65112812-773c-4bcc-b32d-fcef869d0e4f	1	56547526	107657457	31671	-0.0925
65112812-773c-4bcc-b32d-fcef869d0e4f	1	107657655	149918981	7501	-0.0733
65112812-773c-4bcc-b32d-fcef869d0e4f	1	149927059	152096107	895	-0.0286
65112812-773c-4bcc-b32d-fcef869d0e4f	1	152106505	153210503	665	-0.0854
65112812-773c-4bcc-b32d-fcef869d0e4f	1	153210612	157466871	2040	-0.024
65112812-773c-4bcc-b32d-fcef869d0e4f	1	157466905	201124755	27729	-0.0877
65112812-773c-4bcc-b32d-fcef869d0e4f	1	201127524	206990508	3710	-0.0478
65112812-773c-4bcc-b32d-fcef869d0e4f	1	206991153	224048462	11460	-0.0945
65112812-773c-4bcc-b32d-fcef869d0e4f	1	224048842	236603297	7920	-0.0698
65112812-773c-4bcc-b32d-fcef869d0e4f	1	236603772	247241902	6793	-0.0976
65112812-773c-4bcc-b32d-fcef869d0e4f	1	247243628	247650984	251	-0.0425
65112812-773c-4bcc-b32d-fcef869d0e4f	2	480597	8064330	4591	-0.0883
65112812-773c-4bcc-b32d-fcef869d0e4f	2	8075272	12203070	2937	-0.0433
65112812-773c-4bcc-b32d-fcef869d0e4f	2	12204148	230112557	117710	-0.0885
65112812-773c-4bcc-b32d-fcef869d0e4f	2	230116196	241537572	6686	-0.0521
65112812-773c-4bcc-b32d-fcef869d0e4f	3	2170634	8400769	3499	-0.0936
65112812-773c-4bcc-b32d-fcef869d0e4f	3	8400808	15568563	4691	-0.0641
65112812-773c-4bcc-b32d-fcef869d0e4f	3	15568722	15570899	3	-1.009
65112812-773c-4bcc-b32d-fcef869d0e4f	3	15578520	16639479	759	-0.0674
65112812-773c-4bcc-b32d-fcef869d0e4f	3	16639614	45920350	17152	-0.0922
65112812-773c-4bcc-b32d-fcef869d0e4f	3	45920518	52975375	2978	-0.0286
65112812-773c-4bcc-b32d-fcef869d0e4f	3	52977203	54304035	869	-0.0674
65112812-773c-4bcc-b32d-fcef869d0e4f	3	54310704	193697473	75555	-0.0955
65112812-773c-4bcc-b32d-fcef869d0e4f	3	193697999	197812401	1438	-0.0438
65112812-773c-4bcc-b32d-fcef869d0e4f	4	1059384	10246550	4762	-0.0638
65112812-773c-4bcc-b32d-fcef869d0e4f	4	10246648	17587327	5546	-0.1019
65112812-773c-4bcc-b32d-fcef869d0e4f	4	17589389	17590004	3	-1.4369
65112812-773c-4bcc-b32d-fcef869d0e4f	4	17590276	37695532	12436	-0.1038
65112812-773c-4bcc-b32d-fcef869d0e4f	4	37695697	42830966	3107	-0.0816
65112812-773c-4bcc-b32d-fcef869d0e4f	4	42831775	42834381	2	-2.2274
65112812-773c-4bcc-b32d-fcef869d0e4f	4	42835666	187842528	77461	-0.103
65112812-773c-4bcc-b32d-fcef869d0e4f	5	913983	2395345	535	0.3614
65112812-773c-4bcc-b32d-fcef869d0e4f	5	2397503	131051788	69853	0.3251
65112812-773c-4bcc-b32d-fcef869d0e4f	5	131053179	151915020	12665	0.3479
65112812-773c-4bcc-b32d-fcef869d0e4f	5	151915183	170588200	12408	0.3207
65112812-773c-4bcc-b32d-fcef869d0e4f	5	170590660	180934240	5557	0.366
65112812-773c-4bcc-b32d-fcef869d0e4f	6	1011760	29511756	18733	-0.0857
65112812-773c-4bcc-b32d-fcef869d0e4f	6	29513216	38329775	3618	-0.0455
65112812-773c-4bcc-b32d-fcef869d0e4f	6	38329914	40950077	2033	-0.0902
65112812-773c-4bcc-b32d-fcef869d0e4f	6	40950362	45659859	2584	-0.0475
65112812-773c-4bcc-b32d-fcef869d0e4f	6	45661725	170596889	69986	-0.0983
65112812-773c-4bcc-b32d-fcef869d0e4f	7	664936	6514591	2218	0.4715
65112812-773c-4bcc-b32d-fcef869d0e4f	7	6514784	157048856	78941	0.4041
65112812-773c-4bcc-b32d-fcef869d0e4f	7	157049458	158592540	732	0.4631
65112812-773c-4bcc-b32d-fcef869d0e4f	8	667625	21835487	12373	0.4051
65112812-773c-4bcc-b32d-fcef869d0e4f	8	21835709	23994566	1175	0.4532
65112812-773c-4bcc-b32d-fcef869d0e4f	8	23995011	30875023	4639	0.4147
65112812-773c-4bcc-b32d-fcef869d0e4f	8	30875371	32079620	789	0.3749
65112812-773c-4bcc-b32d-fcef869d0e4f	8	32080387	32080659	3	-0.8629
65112812-773c-4bcc-b32d-fcef869d0e4f	8	32083111	105913168	40035	0.396
65112812-773c-4bcc-b32d-fcef869d0e4f	8	105916092	105924630	2	-1.1327
65112812-773c-4bcc-b32d-fcef869d0e4f	8	105924961	122265367	9313	0.3925
65112812-773c-4bcc-b32d-fcef869d0e4f	8	122267781	134635561	8943	0.419
65112812-773c-4bcc-b32d-fcef869d0e4f	8	134641662	134642499	4	-0.6068
65112812-773c-4bcc-b32d-fcef869d0e4f	8	134642834	139788599	3813	0.4036
65112812-773c-4bcc-b32d-fcef869d0e4f	8	139789850	144182542	1092	0.455
65112812-773c-4bcc-b32d-fcef869d0e4f	9	789794	4835010	2916	-0.8978
65112812-773c-4bcc-b32d-fcef869d0e4f	9	4835574	4836566	3	-4.8592
65112812-773c-4bcc-b32d-fcef869d0e4f	9	4836811	4976029	82	-0.8779
65112812-773c-4bcc-b32d-fcef869d0e4f	9	4976186	5234142	162	-0.6576
65112812-773c-4bcc-b32d-fcef869d0e4f	9	5234603	7781365	1059	-0.8685
65112812-773c-4bcc-b32d-fcef869d0e4f	9	7783210	8415806	440	-0.0883
65112812-773c-4bcc-b32d-fcef869d0e4f	9	8416483	10373948	1114	-0.8993
65112812-773c-4bcc-b32d-fcef869d0e4f	9	10504304	14709153	2180	-0.1034
65112812-773c-4bcc-b32d-fcef869d0e4f	9	14713572	14864762	144	-0.9215
65112812-773c-4bcc-b32d-fcef869d0e4f	9	14866174	14866253	2	-2.6514
65112812-773c-4bcc-b32d-fcef869d0e4f	9	14866523	18434649	2734	-0.8884
65112812-773c-4bcc-b32d-fcef869d0e4f	9	18443062	20937709	2002	-0.0891
65112812-773c-4bcc-b32d-fcef869d0e4f	9	20940131	24764088	2458	-0.8656
65112812-773c-4bcc-b32d-fcef869d0e4f	9	24768438	33053064	4735	-0.0968
65112812-773c-4bcc-b32d-fcef869d0e4f	9	33055473	37031879	2247	-0.0461
65112812-773c-4bcc-b32d-fcef869d0e4f	9	37033162	89163883	15583	-0.0954
65112812-773c-4bcc-b32d-fcef869d0e4f	9	89164431	99057195	6278	-0.0663
65112812-773c-4bcc-b32d-fcef869d0e4f	9	99057250	101263792	1300	-0.0957
65112812-773c-4bcc-b32d-fcef869d0e4f	9	101264489	101268377	6	-1.1092
65112812-773c-4bcc-b32d-fcef869d0e4f	9	101269495	123655105	15280	-0.083
65112812-773c-4bcc-b32d-fcef869d0e4f	9	123655238	132900647	5343	-0.0183
65112812-773c-4bcc-b32d-fcef869d0e4f	9	132903480	132926113	68	-0.6079
65112812-773c-4bcc-b32d-fcef869d0e4f	9	132931978	138044505	2057	-0.0096
65112812-773c-4bcc-b32d-fcef869d0e4f	10	366509	68711444	40428	-0.0835
65112812-773c-4bcc-b32d-fcef869d0e4f	10	68712752	74482038	3325	-0.0445
65112812-773c-4bcc-b32d-fcef869d0e4f	10	74483014	100927398	16567	-0.0843
65112812-773c-4bcc-b32d-fcef869d0e4f	10	100932763	103740673	1238	-0.0372
65112812-773c-4bcc-b32d-fcef869d0e4f	10	103744716	133411599	19522	-0.0845
65112812-773c-4bcc-b32d-fcef869d0e4f	11	456012	3982298	1218	-0.0328
65112812-773c-4bcc-b32d-fcef869d0e4f	11	3982448	18790910	10105	-0.0792
65112812-773c-4bcc-b32d-fcef869d0e4f	11	18794455	44509298	16789	-0.0995
65112812-773c-4bcc-b32d-fcef869d0e4f	11	44510601	60530579	4918	-0.0794
65112812-773c-4bcc-b32d-fcef869d0e4f	11	60538666	77380529	7511	-0.041
65112812-773c-4bcc-b32d-fcef869d0e4f	11	77382533	134272740	36838	-0.0909
65112812-773c-4bcc-b32d-fcef869d0e4f	12	780472	5404703	2837	-0.0632
65112812-773c-4bcc-b32d-fcef869d0e4f	12	5405170	5407204	2	-1.8346
65112812-773c-4bcc-b32d-fcef869d0e4f	12	5407276	12746049	3822	-0.0633
65112812-773c-4bcc-b32d-fcef869d0e4f	12	12747368	17830318	3106	-0.098
65112812-773c-4bcc-b32d-fcef869d0e4f	12	17831547	17831741	2	1.1737
65112812-773c-4bcc-b32d-fcef869d0e4f	12	17832067	26599632	5633	-0.0994
65112812-773c-4bcc-b32d-fcef869d0e4f	12	26602613	26603673	4	-1.3058
65112812-773c-4bcc-b32d-fcef869d0e4f	12	26603780	45933177	8171	-0.1008
65112812-773c-4bcc-b32d-fcef869d0e4f	12	45933338	48626346	1568	-0.0634
65112812-773c-4bcc-b32d-fcef869d0e4f	12	48627710	48628619	2	-1.5416
65112812-773c-4bcc-b32d-fcef869d0e4f	12	48629193	57310326	4400	-0.0534
65112812-773c-4bcc-b32d-fcef869d0e4f	12	57312070	57312298	2	-1.2933
65112812-773c-4bcc-b32d-fcef869d0e4f	12	57315477	57992342	320	-0.0233
65112812-773c-4bcc-b32d-fcef869d0e4f	12	57993172	108361565	31443	-0.0967
65112812-773c-4bcc-b32d-fcef869d0e4f	12	108361959	109873322	839	-0.0622
65112812-773c-4bcc-b32d-fcef869d0e4f	12	109874280	109874427	2	-1.1556
65112812-773c-4bcc-b32d-fcef869d0e4f	12	109883460	112636189	1277	-0.0523
65112812-773c-4bcc-b32d-fcef869d0e4f	12	112636593	112664928	18	-0.1355
65112812-773c-4bcc-b32d-fcef869d0e4f	12	112666980	112667098	2	-1.1816
65112812-773c-4bcc-b32d-fcef869d0e4f	12	112669467	114333631	988	-0.0848
65112812-773c-4bcc-b32d-fcef869d0e4f	12	114333763	114337596	3	-1.9467
65112812-773c-4bcc-b32d-fcef869d0e4f	12	114338381	120333758	3989	-0.09
65112812-773c-4bcc-b32d-fcef869d0e4f	12	120335247	125016225	2256	-0.0327
65112812-773c-4bcc-b32d-fcef869d0e4f	12	125017001	132605822	3481	-0.0969
65112812-773c-4bcc-b32d-fcef869d0e4f	13	18874255	52204119	20307	-0.0892
65112812-773c-4bcc-b32d-fcef869d0e4f	13	52207036	109345490	33812	-0.1044
65112812-773c-4bcc-b32d-fcef869d0e4f	13	109345755	114226675	2737	-0.0619
65112812-773c-4bcc-b32d-fcef869d0e4f	14	20033191	24775600	1905	-0.0503
65112812-773c-4bcc-b32d-fcef869d0e4f	14	24777939	67361932	24339	-0.0918
65112812-773c-4bcc-b32d-fcef869d0e4f	14	67366463	71002443	2238	-0.0517
65112812-773c-4bcc-b32d-fcef869d0e4f	14	71002703	71004123	2	-1.6822
65112812-773c-4bcc-b32d-fcef869d0e4f	14	71004196	77837586	4198	-0.0576
65112812-773c-4bcc-b32d-fcef869d0e4f	14	77837720	89104686	7140	-0.1014
65112812-773c-4bcc-b32d-fcef869d0e4f	14	89105460	92791148	2323	-0.0497
65112812-773c-4bcc-b32d-fcef869d0e4f	14	92795437	99700377	4970	-0.0756
65112812-773c-4bcc-b32d-fcef869d0e4f	14	99704758	105533894	2575	-0.0387
65112812-773c-4bcc-b32d-fcef869d0e4f	15	23437561	23893370	333	0.4206
65112812-773c-4bcc-b32d-fcef869d0e4f	15	23894291	23894390	2	-1.1761
65112812-773c-4bcc-b32d-fcef869d0e4f	15	23896920	38707855	7076	0.4088
65112812-773c-4bcc-b32d-fcef869d0e4f	15	38708058	43550107	2648	0.4516
65112812-773c-4bcc-b32d-fcef869d0e4f	15	43553224	62848325	12259	0.4172
65112812-773c-4bcc-b32d-fcef869d0e4f	15	62848363	70227738	4436	0.4588
65112812-773c-4bcc-b32d-fcef869d0e4f	15	70232168	70233040	3	-0.7885
65112812-773c-4bcc-b32d-fcef869d0e4f	15	70236858	79503007	4846	0.4437
65112812-773c-4bcc-b32d-fcef869d0e4f	15	79504164	101344124	13146	0.4249
65112812-773c-4bcc-b32d-fcef869d0e4f	16	603333	716485	24	-0.1176
65112812-773c-4bcc-b32d-fcef869d0e4f	16	722842	5266274	1738	0.0025
65112812-773c-4bcc-b32d-fcef869d0e4f	16	5271634	7787451	1546	-0.0921
65112812-773c-4bcc-b32d-fcef869d0e4f	16	7995410	8831869	704	0.4282
65112812-773c-4bcc-b32d-fcef869d0e4f	16	8839164	9132117	2	-0.9853
65112812-773c-4bcc-b32d-fcef869d0e4f	16	9132513	10494687	1257	0.428
65112812-773c-4bcc-b32d-fcef869d0e4f	16	10497393	10999538	368	-0.0487
65112812-773c-4bcc-b32d-fcef869d0e4f	16	11006476	12541756	1039	0.4792
65112812-773c-4bcc-b32d-fcef869d0e4f	16	12543125	28061349	6464	0.4252
65112812-773c-4bcc-b32d-fcef869d0e4f	16	28061519	31825824	870	0.4812
65112812-773c-4bcc-b32d-fcef869d0e4f	16	31830143	83990319	24602	-0.0793
65112812-773c-4bcc-b32d-fcef869d0e4f	16	83990765	86737318	1492	-0.0369
65112812-773c-4bcc-b32d-fcef869d0e4f	16	86737463	86738239	3	0.8835
65112812-773c-4bcc-b32d-fcef869d0e4f	16	86740718	89317317	1019	-0.0242
65112812-773c-4bcc-b32d-fcef869d0e4f	17	1074619	21774057	9602	-0.8626
65112812-773c-4bcc-b32d-fcef869d0e4f	17	26943491	29651676	1225	-0.0416
65112812-773c-4bcc-b32d-fcef869d0e4f	17	29656658	38638698	3906	-0.1602
65112812-773c-4bcc-b32d-fcef869d0e4f	17	38641934	50862772	5237	-0.0313
65112812-773c-4bcc-b32d-fcef869d0e4f	17	50863061	56565993	3497	-0.0919
65112812-773c-4bcc-b32d-fcef869d0e4f	17	56568041	68870247	6581	-0.0572
65112812-773c-4bcc-b32d-fcef869d0e4f	17	68873124	73684286	3487	-0.0776
65112812-773c-4bcc-b32d-fcef869d0e4f	17	73685253	82959812	3553	-0.0008
65112812-773c-4bcc-b32d-fcef869d0e4f	18	326691	79349796	42859	-0.0868
65112812-773c-4bcc-b32d-fcef869d0e4f	19	283868	19661913	7654	-0.0023
65112812-773c-4bcc-b32d-fcef869d0e4f	19	19666929	33156473	5236	-0.0845
65112812-773c-4bcc-b32d-fcef869d0e4f	19	33163599	58370362	11195	-0.0227
65112812-773c-4bcc-b32d-fcef869d0e4f	20	472817	63588502	37452	-0.0719
65112812-773c-4bcc-b32d-fcef869d0e4f	21	13974127	31421272	11175	-0.0976
65112812-773c-4bcc-b32d-fcef869d0e4f	21	31421970	46262057	9380	-0.0547
65112812-773c-4bcc-b32d-fcef869d0e4f	22	16934932	21936109	851	-0.8576
65112812-773c-4bcc-b32d-fcef869d0e4f	22	21939017	24243101	336	0.0063
65112812-773c-4bcc-b32d-fcef869d0e4f	22	24262658	24782322	162	-0.7638
65112812-773c-4bcc-b32d-fcef869d0e4f	22	24785426	27649669	2393	-0.0465
65112812-773c-4bcc-b32d-fcef869d0e4f	22	27650407	31499494	2069	-0.8078
65112812-773c-4bcc-b32d-fcef869d0e4f	22	31499613	33146540	1143	-0.0516
65112812-773c-4bcc-b32d-fcef869d0e4f	22	33152449	33987163	788	-0.891
65112812-773c-4bcc-b32d-fcef869d0e4f	22	33987495	37252859	2197	-0.0438
65112812-773c-4bcc-b32d-fcef869d0e4f	22	37264214	38450426	541	-0.7856
65112812-773c-4bcc-b32d-fcef869d0e4f	22	38453414	38691440	119	-0.0259
65112812-773c-4bcc-b32d-fcef869d0e4f	22	38697705	39912696	519	-0.8187
65112812-773c-4bcc-b32d-fcef869d0e4f	22	39979144	41137814	578	-0.0374
65112812-773c-4bcc-b32d-fcef869d0e4f	22	41140372	41141060	5	-1.0876
65112812-773c-4bcc-b32d-fcef869d0e4f	22	41141160	41144744	14	-0.0805
65112812-773c-4bcc-b32d-fcef869d0e4f	22	41144959	47842156	4205	-0.8434
65112812-773c-4bcc-b32d-fcef869d0e4f	22	47843605	48940621	988	-0.0609
65112812-773c-4bcc-b32d-fcef869d0e4f	X	3236359	20543588	6991	0.0058
65112812-773c-4bcc-b32d-fcef869d0e4f	X	20548123	20586686	30	-0.9831
65112812-773c-4bcc-b32d-fcef869d0e4f	X	20594566	87727728	26816	0.0011
65112812-773c-4bcc-b32d-fcef869d0e4f	X	87728765	87729000	2	-1.3746
65112812-773c-4bcc-b32d-fcef869d0e4f	X	87729048	152373273	29521	-0.0048
65112812-773c-4bcc-b32d-fcef869d0e4f	X	152377725	155677414	483	0.0647
