GDC_Aliquot	Chromosome	Start	End	Num_Probes	Segment_Mean
e69d3fc4-7639-471d-9a76-41e20afd4b62	1	3301765	4971809	1212	-0.0387
e69d3fc4-7639-471d-9a76-41e20afd4b62	1	4979033	4979320	2	-1.9607
e69d3fc4-7639-471d-9a76-41e20afd4b62	1	4982142	18859635	7485	-0.0312
e69d3fc4-7639-471d-9a76-41e20afd4b62	1	18860632	18860749	2	-1.5265
e69d3fc4-7639-471d-9a76-41e20afd4b62	1	18864898	24647119	3236	-0.0278
e69d3fc4-7639-471d-9a76-41e20afd4b62	1	24648275	24860251	105	0.1386
e69d3fc4-7639-471d-9a76-41e20afd4b62	1	24864144	116721484	54099	-0.0341
e69d3fc4-7639-471d-9a76-41e20afd4b62	1	116721539	116724057	2	-1.7281
e69d3fc4-7639-471d-9a76-41e20afd4b62	1	116725418	119472206	1646	-0.0239
e69d3fc4-7639-471d-9a76-41e20afd4b62	1	119472300	149906351	319	0.0726
e69d3fc4-7639-471d-9a76-41e20afd4b62	1	149907993	199399222	30338	0.2922
e69d3fc4-7639-471d-9a76-41e20afd4b62	1	199399389	209935110	7002	0.2076
e69d3fc4-7639-471d-9a76-41e20afd4b62	1	209935128	222817433	8636	0.156
e69d3fc4-7639-471d-9a76-41e20afd4b62	1	222821444	224646823	1036	0.3196
e69d3fc4-7639-471d-9a76-41e20afd4b62	1	224647670	225346492	415	0.1569
e69d3fc4-7639-471d-9a76-41e20afd4b62	1	225346517	237211538	7695	0.2085
e69d3fc4-7639-471d-9a76-41e20afd4b62	1	237211857	247650984	6503	0.1589
e69d3fc4-7639-471d-9a76-41e20afd4b62	2	480597	75488217	44357	-0.024
e69d3fc4-7639-471d-9a76-41e20afd4b62	2	75489181	75492360	2	-1.2945
e69d3fc4-7639-471d-9a76-41e20afd4b62	2	75492509	88807675	6381	-0.0238
e69d3fc4-7639-471d-9a76-41e20afd4b62	2	88807789	97678259	704	0.0733
e69d3fc4-7639-471d-9a76-41e20afd4b62	2	97681208	98851878	650	0.2006
e69d3fc4-7639-471d-9a76-41e20afd4b62	2	98852402	106476090	4782	0.1406
e69d3fc4-7639-471d-9a76-41e20afd4b62	2	106480065	106847298	214	0.4249
e69d3fc4-7639-471d-9a76-41e20afd4b62	2	106849721	118295864	5294	0.139
e69d3fc4-7639-471d-9a76-41e20afd4b62	2	118297964	119584762	938	0.2375
e69d3fc4-7639-471d-9a76-41e20afd4b62	2	119585121	120435076	360	0.0687
e69d3fc4-7639-471d-9a76-41e20afd4b62	2	120437660	131131606	5319	0.0349
e69d3fc4-7639-471d-9a76-41e20afd4b62	2	131131679	131945704	183	0.1786
e69d3fc4-7639-471d-9a76-41e20afd4b62	2	132603497	148615881	9051	0.0357
e69d3fc4-7639-471d-9a76-41e20afd4b62	2	148616252	163680760	8900	0.0934
e69d3fc4-7639-471d-9a76-41e20afd4b62	2	163684505	164257073	326	0.0029
e69d3fc4-7639-471d-9a76-41e20afd4b62	2	164257392	171671585	4532	0.099
e69d3fc4-7639-471d-9a76-41e20afd4b62	2	171672083	171673172	3	1.1777
e69d3fc4-7639-471d-9a76-41e20afd4b62	2	171679035	174227308	1732	0.1126
e69d3fc4-7639-471d-9a76-41e20afd4b62	2	174230521	241537572	38458	-0.0089
e69d3fc4-7639-471d-9a76-41e20afd4b62	3	2170634	46905597	26737	-0.0351
e69d3fc4-7639-471d-9a76-41e20afd4b62	3	46907036	46907540	2	-1.1881
e69d3fc4-7639-471d-9a76-41e20afd4b62	3	46907698	48912861	768	-0.0344
e69d3fc4-7639-471d-9a76-41e20afd4b62	3	48915257	49637201	253	0.0898
e69d3fc4-7639-471d-9a76-41e20afd4b62	3	49638612	49640249	2	0.9467
e69d3fc4-7639-471d-9a76-41e20afd4b62	3	49641335	50466054	312	0.0751
e69d3fc4-7639-471d-9a76-41e20afd4b62	3	50467115	62631193	6722	-0.0362
e69d3fc4-7639-471d-9a76-41e20afd4b62	3	62631901	163008889	54591	0.0027
e69d3fc4-7639-471d-9a76-41e20afd4b62	3	163011437	170446209	3599	0.1072
e69d3fc4-7639-471d-9a76-41e20afd4b62	3	170448303	197812401	14184	0.0079
e69d3fc4-7639-471d-9a76-41e20afd4b62	4	1059384	10159324	4733	-0.0556
e69d3fc4-7639-471d-9a76-41e20afd4b62	4	10160473	10163737	4	-0.9813
e69d3fc4-7639-471d-9a76-41e20afd4b62	4	10163982	19085234	6483	-0.0563
e69d3fc4-7639-471d-9a76-41e20afd4b62	4	19085897	19086443	2	-1.44
e69d3fc4-7639-471d-9a76-41e20afd4b62	4	19086684	47028679	16537	-0.0586
e69d3fc4-7639-471d-9a76-41e20afd4b62	4	47029476	47661837	376	0.1647
e69d3fc4-7639-471d-9a76-41e20afd4b62	4	47662105	58509430	4499	0.2659
e69d3fc4-7639-471d-9a76-41e20afd4b62	4	58509478	59086822	307	0.0463
e69d3fc4-7639-471d-9a76-41e20afd4b62	4	59087392	59944866	530	0.1648
e69d3fc4-7639-471d-9a76-41e20afd4b62	4	59944950	60492288	343	0.0943
e69d3fc4-7639-471d-9a76-41e20afd4b62	4	60492433	68272588	4146	0.0594
e69d3fc4-7639-471d-9a76-41e20afd4b62	4	68272668	76458959	4105	0.1127
e69d3fc4-7639-471d-9a76-41e20afd4b62	4	76462047	79512062	1931	0.2678
e69d3fc4-7639-471d-9a76-41e20afd4b62	4	79514153	104352054	14067	0.0595
e69d3fc4-7639-471d-9a76-41e20afd4b62	4	104356878	160310159	31010	0.0053
e69d3fc4-7639-471d-9a76-41e20afd4b62	4	160310485	187842528	14416	-0.0552
e69d3fc4-7639-471d-9a76-41e20afd4b62	5	913983	45378354	26125	0.0217
e69d3fc4-7639-471d-9a76-41e20afd4b62	5	45383300	51208789	233	-0.1206
e69d3fc4-7639-471d-9a76-41e20afd4b62	5	51211753	54799600	2254	-0.0147
e69d3fc4-7639-471d-9a76-41e20afd4b62	5	54801190	56634517	1150	0.0891
e69d3fc4-7639-471d-9a76-41e20afd4b62	5	56636950	59777346	2137	-0.1178
e69d3fc4-7639-471d-9a76-41e20afd4b62	5	59777649	59990026	141	-0.3173
e69d3fc4-7639-471d-9a76-41e20afd4b62	5	59994208	73864950	6821	-0.1092
e69d3fc4-7639-471d-9a76-41e20afd4b62	5	73865441	73865733	3	-1.1744
e69d3fc4-7639-471d-9a76-41e20afd4b62	5	73866750	102669334	14958	-0.1103
e69d3fc4-7639-471d-9a76-41e20afd4b62	5	102679202	102679379	3	-1.096
e69d3fc4-7639-471d-9a76-41e20afd4b62	5	102680330	143621897	23868	-0.1084
e69d3fc4-7639-471d-9a76-41e20afd4b62	5	143623012	143625431	6	-0.9136
e69d3fc4-7639-471d-9a76-41e20afd4b62	5	143625691	178223992	21966	-0.114
e69d3fc4-7639-471d-9a76-41e20afd4b62	5	178225391	178277026	3	-1.154
e69d3fc4-7639-471d-9a76-41e20afd4b62	5	178277591	180934240	1424	-0.1321
e69d3fc4-7639-471d-9a76-41e20afd4b62	6	1011760	26415245	17738	0.0187
e69d3fc4-7639-471d-9a76-41e20afd4b62	6	26415260	28572190	748	-0.0422
e69d3fc4-7639-471d-9a76-41e20afd4b62	6	28572711	37679577	3512	0.0708
e69d3fc4-7639-471d-9a76-41e20afd4b62	6	37683420	39649093	1382	-0.0392
e69d3fc4-7639-471d-9a76-41e20afd4b62	6	39656058	40156704	353	0.0415
e69d3fc4-7639-471d-9a76-41e20afd4b62	6	40156791	40698103	502	-0.0507
e69d3fc4-7639-471d-9a76-41e20afd4b62	6	40698570	42504020	1137	0.0221
e69d3fc4-7639-471d-9a76-41e20afd4b62	6	42504461	48104963	3269	-0.0289
e69d3fc4-7639-471d-9a76-41e20afd4b62	6	48111186	53642568	3242	0.0173
e69d3fc4-7639-471d-9a76-41e20afd4b62	6	53642829	53642976	2	-1.3055
e69d3fc4-7639-471d-9a76-41e20afd4b62	6	53643015	56802273	2004	0.0353
e69d3fc4-7639-471d-9a76-41e20afd4b62	6	56810369	63214575	997	-0.0281
e69d3fc4-7639-471d-9a76-41e20afd4b62	6	63221599	96674647	18396	-0.086
e69d3fc4-7639-471d-9a76-41e20afd4b62	6	96678637	98926304	1288	-0.0425
e69d3fc4-7639-471d-9a76-41e20afd4b62	6	98926524	100308343	925	-0.0915
e69d3fc4-7639-471d-9a76-41e20afd4b62	6	100308811	104585287	2306	-0.038
e69d3fc4-7639-471d-9a76-41e20afd4b62	6	104585338	107125336	1564	0.0412
e69d3fc4-7639-471d-9a76-41e20afd4b62	6	107125653	108512348	838	-0.0424
e69d3fc4-7639-471d-9a76-41e20afd4b62	6	108520505	110691570	1381	-0.1015
e69d3fc4-7639-471d-9a76-41e20afd4b62	6	110699634	116288087	3227	-0.0352
e69d3fc4-7639-471d-9a76-41e20afd4b62	6	116296362	117342719	601	-0.0962
e69d3fc4-7639-471d-9a76-41e20afd4b62	6	117345783	134375877	10026	-0.0312
e69d3fc4-7639-471d-9a76-41e20afd4b62	6	134376239	134376302	2	-1.4111
e69d3fc4-7639-471d-9a76-41e20afd4b62	6	134376858	170596889	21712	-0.0325
e69d3fc4-7639-471d-9a76-41e20afd4b62	7	664936	2884108	690	0.1246
e69d3fc4-7639-471d-9a76-41e20afd4b62	7	2884471	36177051	19651	0.0089
e69d3fc4-7639-471d-9a76-41e20afd4b62	7	36177059	41802241	3749	0.1102
e69d3fc4-7639-471d-9a76-41e20afd4b62	7	41804741	42687333	660	0.172
e69d3fc4-7639-471d-9a76-41e20afd4b62	7	43250941	51071146	5167	0.1137
e69d3fc4-7639-471d-9a76-41e20afd4b62	7	51071679	54372920	2241	0.0628
e69d3fc4-7639-471d-9a76-41e20afd4b62	7	54372935	57165389	1411	0.122
e69d3fc4-7639-471d-9a76-41e20afd4b62	7	57166220	84115872	9567	0.0048
e69d3fc4-7639-471d-9a76-41e20afd4b62	7	84121044	88511864	2241	-0.058
e69d3fc4-7639-471d-9a76-41e20afd4b62	7	88517017	91243441	586	0.162
e69d3fc4-7639-471d-9a76-41e20afd4b62	7	91245462	93397500	1344	0.0775
e69d3fc4-7639-471d-9a76-41e20afd4b62	7	93400932	93618468	140	0.147
e69d3fc4-7639-471d-9a76-41e20afd4b62	7	93621826	122059835	14835	-0.0498
e69d3fc4-7639-471d-9a76-41e20afd4b62	7	122062223	122512981	228	0.1565
e69d3fc4-7639-471d-9a76-41e20afd4b62	7	122514124	123167990	426	-0.0552
e69d3fc4-7639-471d-9a76-41e20afd4b62	7	123169057	123330750	55	0.1958
e69d3fc4-7639-471d-9a76-41e20afd4b62	7	123338282	134027781	5844	-0.0489
e69d3fc4-7639-471d-9a76-41e20afd4b62	7	134034930	135039063	656	0.1167
e69d3fc4-7639-471d-9a76-41e20afd4b62	7	135044125	136358350	839	0.1817
e69d3fc4-7639-471d-9a76-41e20afd4b62	7	136359134	137831433	958	0.1106
e69d3fc4-7639-471d-9a76-41e20afd4b62	7	137837912	148223050	5344	-0.0448
e69d3fc4-7639-471d-9a76-41e20afd4b62	7	148223232	150794493	1199	0.1312
e69d3fc4-7639-471d-9a76-41e20afd4b62	7	150799328	151547072	388	0.018
e69d3fc4-7639-471d-9a76-41e20afd4b62	7	151547360	156254511	2531	-0.0372
e69d3fc4-7639-471d-9a76-41e20afd4b62	7	156254565	158592540	1179	0.0242
e69d3fc4-7639-471d-9a76-41e20afd4b62	8	667625	46549323	25102	-0.1053
e69d3fc4-7639-471d-9a76-41e20afd4b62	8	46552240	85265258	22092	0.3858
e69d3fc4-7639-471d-9a76-41e20afd4b62	8	85269641	85300028	15	-0.018
e69d3fc4-7639-471d-9a76-41e20afd4b62	8	85302127	103117518	10232	0.3848
e69d3fc4-7639-471d-9a76-41e20afd4b62	8	103119047	103119973	3	1.4414
e69d3fc4-7639-471d-9a76-41e20afd4b62	8	103120145	144182542	24797	0.3848
e69d3fc4-7639-471d-9a76-41e20afd4b62	9	789794	21818311	13601	0.4488
e69d3fc4-7639-471d-9a76-41e20afd4b62	9	21819478	21963431	70	-0.1577
e69d3fc4-7639-471d-9a76-41e20afd4b62	9	21976871	21991924	11	0.4595
e69d3fc4-7639-471d-9a76-41e20afd4b62	9	21993965	27853135	3724	-0.1716
e69d3fc4-7639-471d-9a76-41e20afd4b62	9	27856635	38752071	6194	0.4458
e69d3fc4-7639-471d-9a76-41e20afd4b62	9	68423153	98308672	20147	-0.1105
e69d3fc4-7639-471d-9a76-41e20afd4b62	9	98309240	138044505	24733	0.0089
e69d3fc4-7639-471d-9a76-41e20afd4b62	10	366509	2033863	795	-0.0552
e69d3fc4-7639-471d-9a76-41e20afd4b62	10	2034059	8022236	4462	0.0096
e69d3fc4-7639-471d-9a76-41e20afd4b62	10	8022337	33105823	17720	0.1723
e69d3fc4-7639-471d-9a76-41e20afd4b62	10	33106704	33922375	627	0.2833
e69d3fc4-7639-471d-9a76-41e20afd4b62	10	33922652	42505846	2691	0.1727
e69d3fc4-7639-471d-9a76-41e20afd4b62	10	42505919	44066374	1008	0.2461
e69d3fc4-7639-471d-9a76-41e20afd4b62	10	44066474	48273407	1229	0.1397
e69d3fc4-7639-471d-9a76-41e20afd4b62	10	48273641	48335602	34	0.0464
e69d3fc4-7639-471d-9a76-41e20afd4b62	10	48336963	56048304	4265	-0.0541
e69d3fc4-7639-471d-9a76-41e20afd4b62	10	56048444	77020733	12635	0.0207
e69d3fc4-7639-471d-9a76-41e20afd4b62	10	77020778	86460453	6441	0.128
e69d3fc4-7639-471d-9a76-41e20afd4b62	10	86461109	88472755	1103	-0.0487
e69d3fc4-7639-471d-9a76-41e20afd4b62	10	88473528	91537875	2063	0.0238
e69d3fc4-7639-471d-9a76-41e20afd4b62	10	91539937	95311785	1908	-0.045
e69d3fc4-7639-471d-9a76-41e20afd4b62	10	95312115	95312251	2	-1.3908
e69d3fc4-7639-471d-9a76-41e20afd4b62	10	95312388	110707936	9301	-0.0597
e69d3fc4-7639-471d-9a76-41e20afd4b62	10	110707979	124315720	9783	0.1738
e69d3fc4-7639-471d-9a76-41e20afd4b62	10	124319199	124398876	67	0.3536
e69d3fc4-7639-471d-9a76-41e20afd4b62	10	124405290	124479441	36	0.1882
e69d3fc4-7639-471d-9a76-41e20afd4b62	10	124484770	124485064	4	-0.4456
e69d3fc4-7639-471d-9a76-41e20afd4b62	10	124486470	124893322	233	0.1538
e69d3fc4-7639-471d-9a76-41e20afd4b62	10	124893356	124893415	2	-1.3715
e69d3fc4-7639-471d-9a76-41e20afd4b62	10	124894452	133411599	4873	0.1669
e69d3fc4-7639-471d-9a76-41e20afd4b62	11	456012	564127	21	-0.2265
e69d3fc4-7639-471d-9a76-41e20afd4b62	11	565840	23420283	14918	-0.0713
e69d3fc4-7639-471d-9a76-41e20afd4b62	11	23425882	25584201	1264	-0.1316
e69d3fc4-7639-471d-9a76-41e20afd4b62	11	25584216	25706614	44	0.0818
e69d3fc4-7639-471d-9a76-41e20afd4b62	11	25706884	25707066	4	-0.486
e69d3fc4-7639-471d-9a76-41e20afd4b62	11	25710364	25912876	169	0.0794
e69d3fc4-7639-471d-9a76-41e20afd4b62	11	25914910	26583018	515	-0.0399
e69d3fc4-7639-471d-9a76-41e20afd4b62	11	26588309	26588971	4	0.8477
e69d3fc4-7639-471d-9a76-41e20afd4b62	11	26592121	26824779	168	-0.0557
e69d3fc4-7639-471d-9a76-41e20afd4b62	11	26826025	27111459	187	0.0788
e69d3fc4-7639-471d-9a76-41e20afd4b62	11	27112175	27201945	84	-0.0698
e69d3fc4-7639-471d-9a76-41e20afd4b62	11	27202073	27703956	317	0.0652
e69d3fc4-7639-471d-9a76-41e20afd4b62	11	27704122	49992133	12966	-0.0228
e69d3fc4-7639-471d-9a76-41e20afd4b62	11	49992218	62285608	3401	0.122
e69d3fc4-7639-471d-9a76-41e20afd4b62	11	62286215	74025643	4725	0.003
e69d3fc4-7639-471d-9a76-41e20afd4b62	11	74025756	79937336	3565	0.0418
e69d3fc4-7639-471d-9a76-41e20afd4b62	11	79937458	100660275	12810	-0.0448
e69d3fc4-7639-471d-9a76-41e20afd4b62	11	100660546	104248922	2355	0.0137
e69d3fc4-7639-471d-9a76-41e20afd4b62	11	104256979	104600285	224	-0.0446
e69d3fc4-7639-471d-9a76-41e20afd4b62	11	104600701	125532550	13895	-0.0904
e69d3fc4-7639-471d-9a76-41e20afd4b62	11	125543153	134272740	5939	-0.0548
e69d3fc4-7639-471d-9a76-41e20afd4b62	12	780472	10983794	5586	0.1712
e69d3fc4-7639-471d-9a76-41e20afd4b62	12	10986899	26521934	9792	0.0853
e69d3fc4-7639-471d-9a76-41e20afd4b62	12	26522422	33368216	4336	0.1193
e69d3fc4-7639-471d-9a76-41e20afd4b62	12	38827290	132605822	54618	-0.0507
e69d3fc4-7639-471d-9a76-41e20afd4b62	13	18874255	95865960	44989	-0.1462
e69d3fc4-7639-471d-9a76-41e20afd4b62	13	95866808	102028056	4078	-0.0382
e69d3fc4-7639-471d-9a76-41e20afd4b62	13	102028365	114226675	7929	-0.1557
e69d3fc4-7639-471d-9a76-41e20afd4b62	14	20033191	46477221	13535	-0.0523
e69d3fc4-7639-471d-9a76-41e20afd4b62	14	46480046	46911508	234	0.0837
e69d3fc4-7639-471d-9a76-41e20afd4b62	14	46912198	57086561	6460	-0.0597
e69d3fc4-7639-471d-9a76-41e20afd4b62	14	57088044	57088919	2	-1.9197
e69d3fc4-7639-471d-9a76-41e20afd4b62	14	57089128	105533894	29538	-0.0606
e69d3fc4-7639-471d-9a76-41e20afd4b62	15	23437561	27326584	2313	-0.1133
e69d3fc4-7639-471d-9a76-41e20afd4b62	15	27326696	27327182	3	-2.9315
e69d3fc4-7639-471d-9a76-41e20afd4b62	15	27328880	71056706	24966	-0.1137
e69d3fc4-7639-471d-9a76-41e20afd4b62	15	71057784	101107457	17364	-0.0547
e69d3fc4-7639-471d-9a76-41e20afd4b62	15	101166236	101344124	128	-0.1135
e69d3fc4-7639-471d-9a76-41e20afd4b62	16	603333	11880058	6196	-0.0659
e69d3fc4-7639-471d-9a76-41e20afd4b62	16	11885608	13005831	886	0.0429
e69d3fc4-7639-471d-9a76-41e20afd4b62	16	13007698	27237922	5633	-0.0596
e69d3fc4-7639-471d-9a76-41e20afd4b62	16	27238060	27423212	119	0.0858
e69d3fc4-7639-471d-9a76-41e20afd4b62	16	27423689	47085238	1423	0.0369
e69d3fc4-7639-471d-9a76-41e20afd4b62	16	47086218	47935795	339	0.1348
e69d3fc4-7639-471d-9a76-41e20afd4b62	16	47936623	52841044	3412	0.0209
e69d3fc4-7639-471d-9a76-41e20afd4b62	16	52841823	52938388	76	0.081
e69d3fc4-7639-471d-9a76-41e20afd4b62	16	52940780	53362120	241	0.2137
e69d3fc4-7639-471d-9a76-41e20afd4b62	16	53362895	57752454	3148	0.1074
e69d3fc4-7639-471d-9a76-41e20afd4b62	16	57752799	66477420	5721	-0.0567
e69d3fc4-7639-471d-9a76-41e20afd4b62	16	66479415	66625546	73	0.1753
e69d3fc4-7639-471d-9a76-41e20afd4b62	16	66628426	67870932	498	0.0145
e69d3fc4-7639-471d-9a76-41e20afd4b62	16	67875773	68165925	104	0.0906
e69d3fc4-7639-471d-9a76-41e20afd4b62	16	68167392	68833936	357	0.1943
e69d3fc4-7639-471d-9a76-41e20afd4b62	16	68834619	69375078	257	0.0599
e69d3fc4-7639-471d-9a76-41e20afd4b62	16	69375714	73833948	2175	-0.0541
e69d3fc4-7639-471d-9a76-41e20afd4b62	16	73836180	74139131	190	0.0767
e69d3fc4-7639-471d-9a76-41e20afd4b62	16	74139280	74728570	245	0.0068
e69d3fc4-7639-471d-9a76-41e20afd4b62	16	74728659	75550120	411	0.0948
e69d3fc4-7639-471d-9a76-41e20afd4b62	16	75552646	75833434	143	-0.0179
e69d3fc4-7639-471d-9a76-41e20afd4b62	16	75834656	76495778	521	0.2334
e69d3fc4-7639-471d-9a76-41e20afd4b62	16	76495779	78391416	1583	0.0972
e69d3fc4-7639-471d-9a76-41e20afd4b62	16	78398595	79812072	1337	0.1593
e69d3fc4-7639-471d-9a76-41e20afd4b62	16	79813064	79827157	11	-0.116
e69d3fc4-7639-471d-9a76-41e20afd4b62	16	79833296	79834933	6	0.433
e69d3fc4-7639-471d-9a76-41e20afd4b62	16	79835928	80301675	511	0.2167
e69d3fc4-7639-471d-9a76-41e20afd4b62	16	80301739	80364824	19	0.4475
e69d3fc4-7639-471d-9a76-41e20afd4b62	16	80365658	83776857	2889	-0.0565
e69d3fc4-7639-471d-9a76-41e20afd4b62	16	83777086	87159478	2004	0.0439
e69d3fc4-7639-471d-9a76-41e20afd4b62	16	87159922	89317317	670	-0.0511
e69d3fc4-7639-471d-9a76-41e20afd4b62	17	1074619	9719227	4385	-0.0647
e69d3fc4-7639-471d-9a76-41e20afd4b62	17	9721475	9722438	2	-1.455
e69d3fc4-7639-471d-9a76-41e20afd4b62	17	9725257	45384094	13630	-0.0542
e69d3fc4-7639-471d-9a76-41e20afd4b62	17	45384698	82959812	19266	0.0699
e69d3fc4-7639-471d-9a76-41e20afd4b62	18	326691	39067850	19276	-0.0245
e69d3fc4-7639-471d-9a76-41e20afd4b62	18	39068243	43664868	2558	-0.0963
e69d3fc4-7639-471d-9a76-41e20afd4b62	18	43664946	43667287	4	-0.9421
e69d3fc4-7639-471d-9a76-41e20afd4b62	18	43668328	63001037	12630	-0.0813
e69d3fc4-7639-471d-9a76-41e20afd4b62	18	63002204	63006302	3	-2.1259
e69d3fc4-7639-471d-9a76-41e20afd4b62	18	63006379	79329335	8477	-0.0877
e69d3fc4-7639-471d-9a76-41e20afd4b62	18	79337360	79349796	7	0.1697
e69d3fc4-7639-471d-9a76-41e20afd4b62	19	283868	27749586	9059	-0.0583
e69d3fc4-7639-471d-9a76-41e20afd4b62	19	27749601	29202003	1126	0.1116
e69d3fc4-7639-471d-9a76-41e20afd4b62	19	29202411	30203188	752	0.1664
e69d3fc4-7639-471d-9a76-41e20afd4b62	19	30205116	35639163	3589	0.1001
e69d3fc4-7639-471d-9a76-41e20afd4b62	19	35639838	46604697	4769	0.1872
e69d3fc4-7639-471d-9a76-41e20afd4b62	19	46605222	58370362	4860	0.136
e69d3fc4-7639-471d-9a76-41e20afd4b62	20	472817	26215627	16958	0.0141
e69d3fc4-7639-471d-9a76-41e20afd4b62	20	26217263	36873837	2623	0.2366
e69d3fc4-7639-471d-9a76-41e20afd4b62	20	36875752	39358835	1580	0.1856
e69d3fc4-7639-471d-9a76-41e20afd4b62	20	39358917	41662167	1523	0.0906
e69d3fc4-7639-471d-9a76-41e20afd4b62	20	41666822	63588502	14868	0.0093
e69d3fc4-7639-471d-9a76-41e20afd4b62	21	13974127	32914302	12161	-0.0061
e69d3fc4-7639-471d-9a76-41e20afd4b62	21	32918636	32919188	2	-1.2183
e69d3fc4-7639-471d-9a76-41e20afd4b62	21	32919332	37828695	3179	-0.0081
e69d3fc4-7639-471d-9a76-41e20afd4b62	21	37830816	46262057	5254	0.0384
e69d3fc4-7639-471d-9a76-41e20afd4b62	22	16934932	35288540	8993	-0.1089
e69d3fc4-7639-471d-9a76-41e20afd4b62	22	35288610	48940621	8090	-0.0538
e69d3fc4-7639-471d-9a76-41e20afd4b62	X	3236359	11330529	2263	0.1094
e69d3fc4-7639-471d-9a76-41e20afd4b62	X	11333081	14342817	2077	0.0514
e69d3fc4-7639-471d-9a76-41e20afd4b62	X	14343250	17228372	1396	0.1218
e69d3fc4-7639-471d-9a76-41e20afd4b62	X	17234666	21717047	1765	0.0427
e69d3fc4-7639-471d-9a76-41e20afd4b62	X	21717761	31200129	5148	0.1057
e69d3fc4-7639-471d-9a76-41e20afd4b62	X	31200264	37682888	2699	0.0427
e69d3fc4-7639-471d-9a76-41e20afd4b62	X	37683039	45127036	3539	0.1021
e69d3fc4-7639-471d-9a76-41e20afd4b62	X	45129175	57974798	5041	0.1542
e69d3fc4-7639-471d-9a76-41e20afd4b62	X	57975489	66241182	1216	0.0502
e69d3fc4-7639-471d-9a76-41e20afd4b62	X	66241739	123263377	24265	-0.061
e69d3fc4-7639-471d-9a76-41e20afd4b62	X	123263410	124461796	687	0.0616
e69d3fc4-7639-471d-9a76-41e20afd4b62	X	124462156	124462169	2	-2.1743
e69d3fc4-7639-471d-9a76-41e20afd4b62	X	124463687	128586521	1757	0.056
e69d3fc4-7639-471d-9a76-41e20afd4b62	X	128586940	139110085	4873	-0.0007
e69d3fc4-7639-471d-9a76-41e20afd4b62	X	139110368	139319382	146	-0.1332
e69d3fc4-7639-471d-9a76-41e20afd4b62	X	139323265	143057453	1252	-0.0085
e69d3fc4-7639-471d-9a76-41e20afd4b62	X	143057813	143110549	38	0.0985
e69d3fc4-7639-471d-9a76-41e20afd4b62	X	143111584	150980997	4473	-0.0735
e69d3fc4-7639-471d-9a76-41e20afd4b62	X	150985521	154536448	1308	0.0099
e69d3fc4-7639-471d-9a76-41e20afd4b62	X	154536951	155677414	22	-0.1172
