GDC_Aliquot	Chromosome	Start	End	Num_Probes	Segment_Mean
22e5525a-26b5-4140-968f-0be63cb751d2	1	62920	817186	32	-0.0118
22e5525a-26b5-4140-968f-0be63cb751d2	1	822089	6394534	2942	-0.7116
22e5525a-26b5-4140-968f-0be63cb751d2	1	6396411	6780000	193	-0.2876
22e5525a-26b5-4140-968f-0be63cb751d2	1	6781961	7095755	202	-0.4418
22e5525a-26b5-4140-968f-0be63cb751d2	1	7096022	7096229	2	0.0828
22e5525a-26b5-4140-968f-0be63cb751d2	1	7098501	12832455	3135	-0.611
22e5525a-26b5-4140-968f-0be63cb751d2	1	12850124	12867264	6	-2.2993
22e5525a-26b5-4140-968f-0be63cb751d2	1	12868035	13432696	25	-0.498
22e5525a-26b5-4140-968f-0be63cb751d2	1	13438567	15507865	1622	-0.7001
22e5525a-26b5-4140-968f-0be63cb751d2	1	15515247	15823420	168	-0.522
22e5525a-26b5-4140-968f-0be63cb751d2	1	15827002	15827259	3	-2.8215
22e5525a-26b5-4140-968f-0be63cb751d2	1	15827338	16689764	341	-0.5652
22e5525a-26b5-4140-968f-0be63cb751d2	1	16718963	16935302	72	-1.2405
22e5525a-26b5-4140-968f-0be63cb751d2	1	16935393	17796966	554	-0.6174
22e5525a-26b5-4140-968f-0be63cb751d2	1	17797462	19216305	1084	-0.7086
22e5525a-26b5-4140-968f-0be63cb751d2	1	19216421	25132941	3546	-0.6163
22e5525a-26b5-4140-968f-0be63cb751d2	1	25132989	25256850	77	-0.56
22e5525a-26b5-4140-968f-0be63cb751d2	1	25266637	25320455	24	0.266
22e5525a-26b5-4140-968f-0be63cb751d2	1	25336819	29426953	1723	-0.5368
22e5525a-26b5-4140-968f-0be63cb751d2	1	29427098	29533464	84	-0.6258
22e5525a-26b5-4140-968f-0be63cb751d2	1	29535498	30965182	1115	-0.7329
22e5525a-26b5-4140-968f-0be63cb751d2	1	30967408	31899501	467	-0.5927
22e5525a-26b5-4140-968f-0be63cb751d2	1	31901509	31905496	3	-2.0765
22e5525a-26b5-4140-968f-0be63cb751d2	1	31912562	32915883	376	-0.5463
22e5525a-26b5-4140-968f-0be63cb751d2	1	32920812	32971441	23	0.0888
22e5525a-26b5-4140-968f-0be63cb751d2	1	32971758	33688975	411	0.2961
22e5525a-26b5-4140-968f-0be63cb751d2	1	33689901	34626073	748	0.2022
22e5525a-26b5-4140-968f-0be63cb751d2	1	34637053	34638890	20	-3.3426
22e5525a-26b5-4140-968f-0be63cb751d2	1	34648667	40706867	3269	0.2709
22e5525a-26b5-4140-968f-0be63cb751d2	1	40709498	41030342	194	0.4207
22e5525a-26b5-4140-968f-0be63cb751d2	1	41032636	45746977	2706	0.2706
22e5525a-26b5-4140-968f-0be63cb751d2	1	45750099	46546472	398	0.4253
22e5525a-26b5-4140-968f-0be63cb751d2	1	46547030	46640963	52	0.2745
22e5525a-26b5-4140-968f-0be63cb751d2	1	46641647	50890864	2419	0.1836
22e5525a-26b5-4140-968f-0be63cb751d2	1	50894508	54730426	2080	0.2432
22e5525a-26b5-4140-968f-0be63cb751d2	1	54731066	55277657	406	0.1896
22e5525a-26b5-4140-968f-0be63cb751d2	1	55277768	61647430	4949	0.1512
22e5525a-26b5-4140-968f-0be63cb751d2	1	61648334	61652515	4	-0.9735
22e5525a-26b5-4140-968f-0be63cb751d2	1	61654137	72280850	7284	0.1683
22e5525a-26b5-4140-968f-0be63cb751d2	1	72280864	72345450	61	0.4052
22e5525a-26b5-4140-968f-0be63cb751d2	1	72345465	91727707	12717	0.1533
22e5525a-26b5-4140-968f-0be63cb751d2	1	91728105	91730095	2	-1.2058
22e5525a-26b5-4140-968f-0be63cb751d2	1	91730496	94665268	1698	0.1952
22e5525a-26b5-4140-968f-0be63cb751d2	1	94665962	94669891	15	-0.2966
22e5525a-26b5-4140-968f-0be63cb751d2	1	94672892	99904217	3354	0.1577
22e5525a-26b5-4140-968f-0be63cb751d2	1	99906499	99906514	2	-1.1297
22e5525a-26b5-4140-968f-0be63cb751d2	1	99906686	103560608	2228	0.1586
22e5525a-26b5-4140-968f-0be63cb751d2	1	103566616	103717410	32	0.8166
22e5525a-26b5-4140-968f-0be63cb751d2	1	103717617	105476583	920	0.1628
22e5525a-26b5-4140-968f-0be63cb751d2	1	105476614	105479753	16	1.0775
22e5525a-26b5-4140-968f-0be63cb751d2	1	105481433	108186662	1939	0.142
22e5525a-26b5-4140-968f-0be63cb751d2	1	108187137	108194874	4	-1.0658
22e5525a-26b5-4140-968f-0be63cb751d2	1	108196482	108336985	50	0.091
22e5525a-26b5-4140-968f-0be63cb751d2	1	108343718	109684695	643	0.2606
22e5525a-26b5-4140-968f-0be63cb751d2	1	109684893	109692006	11	-0.6713
22e5525a-26b5-4140-968f-0be63cb751d2	1	109696900	112153851	1960	0.2241
22e5525a-26b5-4140-968f-0be63cb751d2	1	112153880	112163583	30	0.7073
22e5525a-26b5-4140-968f-0be63cb751d2	1	112163591	120130434	5046	0.1874
22e5525a-26b5-4140-968f-0be63cb751d2	1	120130581	143748728	209	0.3225
22e5525a-26b5-4140-968f-0be63cb751d2	1	143748793	143796140	18	0.8263
22e5525a-26b5-4140-968f-0be63cb751d2	1	143811517	150148513	1031	0.2137
22e5525a-26b5-4140-968f-0be63cb751d2	1	150154910	151484072	627	0.3262
22e5525a-26b5-4140-968f-0be63cb751d2	1	151486314	151500420	4	-0.3986
22e5525a-26b5-4140-968f-0be63cb751d2	1	151500439	151675530	107	0.3066
22e5525a-26b5-4140-968f-0be63cb751d2	1	151682193	152583051	555	0.2138
22e5525a-26b5-4140-968f-0be63cb751d2	1	152583230	152614118	35	-2.0418
22e5525a-26b5-4140-968f-0be63cb751d2	1	152618018	152787202	167	0.1286
22e5525a-26b5-4140-968f-0be63cb751d2	1	152789447	152795783	32	1.1177
22e5525a-26b5-4140-968f-0be63cb751d2	1	152795805	153414604	494	0.2235
22e5525a-26b5-4140-968f-0be63cb751d2	1	153417084	153524235	63	0.3417
22e5525a-26b5-4140-968f-0be63cb751d2	1	153526409	153705621	76	0.5335
22e5525a-26b5-4140-968f-0be63cb751d2	1	153707540	156656070	1373	0.3268
22e5525a-26b5-4140-968f-0be63cb751d2	1	156658951	156977276	141	0.2579
22e5525a-26b5-4140-968f-0be63cb751d2	1	156979088	159832179	2103	0.1913
22e5525a-26b5-4140-968f-0be63cb751d2	1	159833212	160176383	212	0.2582
22e5525a-26b5-4140-968f-0be63cb751d2	1	160176704	160181084	6	-0.4069
22e5525a-26b5-4140-968f-0be63cb751d2	1	160181631	161795908	917	0.2573
22e5525a-26b5-4140-968f-0be63cb751d2	1	161796094	169247699	5907	0.1666
22e5525a-26b5-4140-968f-0be63cb751d2	1	169264736	169272528	7	1.1269
22e5525a-26b5-4140-968f-0be63cb751d2	1	169273163	178696723	6067	0.1652
22e5525a-26b5-4140-968f-0be63cb751d2	1	178696735	178701430	20	0.6074
22e5525a-26b5-4140-968f-0be63cb751d2	1	178702586	185715113	4827	0.1851
22e5525a-26b5-4140-968f-0be63cb751d2	1	185716270	196745743	7272	0.1499
22e5525a-26b5-4140-968f-0be63cb751d2	1	196758720	196802150	43	0.7766
22e5525a-26b5-4140-968f-0be63cb751d2	1	196820098	196878845	54	0.1641
22e5525a-26b5-4140-968f-0be63cb751d2	1	196884220	196990905	59	0.427
22e5525a-26b5-4140-968f-0be63cb751d2	1	196995755	200467300	2230	0.1734
22e5525a-26b5-4140-968f-0be63cb751d2	1	200467934	207783643	4683	0.2442
22e5525a-26b5-4140-968f-0be63cb751d2	1	207785656	209897717	1781	0.1392
22e5525a-26b5-4140-968f-0be63cb751d2	1	209908268	209913207	4	-1.9034
22e5525a-26b5-4140-968f-0be63cb751d2	1	209920149	213130059	2108	0.1929
22e5525a-26b5-4140-968f-0be63cb751d2	1	213130252	221877143	6287	0.1357
22e5525a-26b5-4140-968f-0be63cb751d2	1	221881592	230315666	5141	0.1954
22e5525a-26b5-4140-968f-0be63cb751d2	1	230316577	230316706	2	1.4895
22e5525a-26b5-4140-968f-0be63cb751d2	1	230317851	234772423	3556	0.1729
22e5525a-26b5-4140-968f-0be63cb751d2	1	234772540	234780167	4	-0.9553
22e5525a-26b5-4140-968f-0be63cb751d2	1	234794424	236640453	1114	0.2299
22e5525a-26b5-4140-968f-0be63cb751d2	1	236641962	248032466	8389	0.1678
22e5525a-26b5-4140-968f-0be63cb751d2	1	248038981	248930189	435	0.2178
22e5525a-26b5-4140-968f-0be63cb751d2	2	12784	4143453	2977	0.109
22e5525a-26b5-4140-968f-0be63cb751d2	2	4145344	4172353	38	0.4599
22e5525a-26b5-4140-968f-0be63cb751d2	2	4174231	7995913	3293	0.1042
22e5525a-26b5-4140-968f-0be63cb751d2	2	7996487	7999793	2	1.3849
22e5525a-26b5-4140-968f-0be63cb751d2	2	8001470	8451896	369	0.1325
22e5525a-26b5-4140-968f-0be63cb751d2	2	8452334	10967052	1764	0.1837
22e5525a-26b5-4140-968f-0be63cb751d2	2	10967119	14565932	2601	0.1087
22e5525a-26b5-4140-968f-0be63cb751d2	2	14566145	14569968	10	-1.3102
22e5525a-26b5-4140-968f-0be63cb751d2	2	14570240	23672977	6552	0.0898
22e5525a-26b5-4140-968f-0be63cb751d2	2	23675447	29040631	2700	0.2106
22e5525a-26b5-4140-968f-0be63cb751d2	2	29040970	34295406	3695	0.1141
22e5525a-26b5-4140-968f-0be63cb751d2	2	34298911	34300513	2	1.5351
22e5525a-26b5-4140-968f-0be63cb751d2	2	34300900	34466002	95	0.1357
22e5525a-26b5-4140-968f-0be63cb751d2	2	34474248	34511990	46	0.7461
22e5525a-26b5-4140-968f-0be63cb751d2	2	34512096	38284263	2923	0.1147
22e5525a-26b5-4140-968f-0be63cb751d2	2	38284805	39182713	492	0.2075
22e5525a-26b5-4140-968f-0be63cb751d2	2	39183520	42376026	2518	0.1033
22e5525a-26b5-4140-968f-0be63cb751d2	2	42377530	43299247	569	0.2055
22e5525a-26b5-4140-968f-0be63cb751d2	2	43300862	46497778	2455	0.1273
22e5525a-26b5-4140-968f-0be63cb751d2	2	46498362	46498377	2	-1.4876
22e5525a-26b5-4140-968f-0be63cb751d2	2	46502270	48661557	1280	0.1646
22e5525a-26b5-4140-968f-0be63cb751d2	2	48666810	50710995	1534	0.0656
22e5525a-26b5-4140-968f-0be63cb751d2	2	50711071	52527330	1236	0.1207
22e5525a-26b5-4140-968f-0be63cb751d2	2	52527342	52527743	6	0.9805
22e5525a-26b5-4140-968f-0be63cb751d2	2	52531615	52554236	27	0.33
22e5525a-26b5-4140-968f-0be63cb751d2	2	52554259	52554404	6	0.7959
22e5525a-26b5-4140-968f-0be63cb751d2	2	52560811	53640014	912	0.0966
22e5525a-26b5-4140-968f-0be63cb751d2	2	53640171	54248777	355	0.1516
22e5525a-26b5-4140-968f-0be63cb751d2	2	54249580	54252509	7	0.8328
22e5525a-26b5-4140-968f-0be63cb751d2	2	54253232	55857045	1138	0.142
22e5525a-26b5-4140-968f-0be63cb751d2	2	55860838	60621991	3294	0.0824
22e5525a-26b5-4140-968f-0be63cb751d2	2	60622286	65355967	2462	0.1513
22e5525a-26b5-4140-968f-0be63cb751d2	2	65356282	68210130	2163	0.0803
22e5525a-26b5-4140-968f-0be63cb751d2	2	68210813	71698954	2314	0.1669
22e5525a-26b5-4140-968f-0be63cb751d2	2	71699399	72874289	581	0.0796
22e5525a-26b5-4140-968f-0be63cb751d2	2	72874360	74845410	999	0.1799
22e5525a-26b5-4140-968f-0be63cb751d2	2	74846339	81719737	4828	0.0958
22e5525a-26b5-4140-968f-0be63cb751d2	2	81722839	81723371	2	-1.4146
22e5525a-26b5-4140-968f-0be63cb751d2	2	81726408	84849916	1802	0.1014
22e5525a-26b5-4140-968f-0be63cb751d2	2	84849973	86901078	1137	0.1923
22e5525a-26b5-4140-968f-0be63cb751d2	2	86902080	86910262	2	-1.9429
22e5525a-26b5-4140-968f-0be63cb751d2	2	86934730	87695122	133	0.1956
22e5525a-26b5-4140-968f-0be63cb751d2	2	87696853	87835245	4	-0.9894
22e5525a-26b5-4140-968f-0be63cb751d2	2	87853065	96401700	1380	0.176
22e5525a-26b5-4140-968f-0be63cb751d2	2	96402403	97812151	474	0.2849
22e5525a-26b5-4140-968f-0be63cb751d2	2	97813131	102054533	2554	0.1871
22e5525a-26b5-4140-968f-0be63cb751d2	2	102054606	106263639	2898	0.1426
22e5525a-26b5-4140-968f-0be63cb751d2	2	106264257	106268901	11	1.0857
22e5525a-26b5-4140-968f-0be63cb751d2	2	106270799	107824280	992	0.1164
22e5525a-26b5-4140-968f-0be63cb751d2	2	107830513	107864451	2	1.9071
22e5525a-26b5-4140-968f-0be63cb751d2	2	107875632	111239279	1568	0.1441
22e5525a-26b5-4140-968f-0be63cb751d2	2	111239941	111376515	38	0.3727
22e5525a-26b5-4140-968f-0be63cb751d2	2	111378931	113138376	1015	0.1883
22e5525a-26b5-4140-968f-0be63cb751d2	2	113138468	113604438	170	0.3085
22e5525a-26b5-4140-968f-0be63cb751d2	2	113604837	113625975	4	1.2235
22e5525a-26b5-4140-968f-0be63cb751d2	2	113626776	114027359	234	0.1951
22e5525a-26b5-4140-968f-0be63cb751d2	2	114027509	130037806	10265	0.1331
22e5525a-26b5-4140-968f-0be63cb751d2	2	130059766	130065662	6	1.2607
22e5525a-26b5-4140-968f-0be63cb751d2	2	130067885	146104517	9536	0.1138
22e5525a-26b5-4140-968f-0be63cb751d2	2	146106836	146109366	24	1.1407
22e5525a-26b5-4140-968f-0be63cb751d2	2	146120238	157653938	6870	0.1431
22e5525a-26b5-4140-968f-0be63cb751d2	2	157654924	158444291	488	0.2627
22e5525a-26b5-4140-968f-0be63cb751d2	2	158447627	159100965	433	0.1266
22e5525a-26b5-4140-968f-0be63cb751d2	2	159102108	159104461	3	-1.0413
22e5525a-26b5-4140-968f-0be63cb751d2	2	159106775	163780342	2800	0.1581
22e5525a-26b5-4140-968f-0be63cb751d2	2	163786978	163790132	6	-1.126
22e5525a-26b5-4140-968f-0be63cb751d2	2	163792152	170505015	4209	0.1402
22e5525a-26b5-4140-968f-0be63cb751d2	2	170505475	174770885	2719	0.1898
22e5525a-26b5-4140-968f-0be63cb751d2	2	174771329	185870749	6906	0.1425
22e5525a-26b5-4140-968f-0be63cb751d2	2	185876600	185880505	3	-1.2014
22e5525a-26b5-4140-968f-0be63cb751d2	2	185887360	200783888	8566	0.1304
22e5525a-26b5-4140-968f-0be63cb751d2	2	200783916	203585846	1333	0.2069
22e5525a-26b5-4140-968f-0be63cb751d2	2	203586011	212928958	6148	0.1412
22e5525a-26b5-4140-968f-0be63cb751d2	2	212930977	213167432	183	0.0094
22e5525a-26b5-4140-968f-0be63cb751d2	2	213168089	218153407	3293	0.1507
22e5525a-26b5-4140-968f-0be63cb751d2	2	218153746	219671442	724	0.2602
22e5525a-26b5-4140-968f-0be63cb751d2	2	219676450	229710603	6823	0.1533
22e5525a-26b5-4140-968f-0be63cb751d2	2	229710778	233779681	2240	0.2422
22e5525a-26b5-4140-968f-0be63cb751d2	2	233780444	237565343	2773	0.1803
22e5525a-26b5-4140-968f-0be63cb751d2	2	237566382	242147305	2572	0.2302
22e5525a-26b5-4140-968f-0be63cb751d2	3	20930	9359849	8240	0.0721
22e5525a-26b5-4140-968f-0be63cb751d2	3	9360059	15711036	4321	0.1512
22e5525a-26b5-4140-968f-0be63cb751d2	3	15712740	41448113	17474	0.0884
22e5525a-26b5-4140-968f-0be63cb751d2	3	41448573	46239960	2832	0.1437
22e5525a-26b5-4140-968f-0be63cb751d2	3	46240253	46751887	332	0.1858
22e5525a-26b5-4140-968f-0be63cb751d2	3	46760327	49945468	1227	0.2972
22e5525a-26b5-4140-968f-0be63cb751d2	3	49952469	53403876	1572	0.2027
22e5525a-26b5-4140-968f-0be63cb751d2	3	53404420	56910349	2629	0.0713
22e5525a-26b5-4140-968f-0be63cb751d2	3	56913604	58589383	907	0.157
22e5525a-26b5-4140-968f-0be63cb751d2	3	58589892	60225088	1407	0.0608
22e5525a-26b5-4140-968f-0be63cb751d2	3	60226880	60228154	7	-0.847
22e5525a-26b5-4140-968f-0be63cb751d2	3	60228639	60792199	609	0.0737
22e5525a-26b5-4140-968f-0be63cb751d2	3	60794907	60795294	4	-0.9477
22e5525a-26b5-4140-968f-0be63cb751d2	3	60798502	65202778	3770	0.0611
22e5525a-26b5-4140-968f-0be63cb751d2	3	65203560	65214027	31	-0.8516
22e5525a-26b5-4140-968f-0be63cb751d2	3	65214192	65218037	10	0.0674
22e5525a-26b5-4140-968f-0be63cb751d2	3	65221229	65224777	11	-0.9209
22e5525a-26b5-4140-968f-0be63cb751d2	3	65230674	68697013	2425	0.0906
22e5525a-26b5-4140-968f-0be63cb751d2	3	68697108	68698262	14	-1.2147
22e5525a-26b5-4140-968f-0be63cb751d2	3	68699607	70905048	1717	0.0805
22e5525a-26b5-4140-968f-0be63cb751d2	3	70906035	73216892	1653	0.1342
22e5525a-26b5-4140-968f-0be63cb751d2	3	73225843	73744339	448	0.0654
22e5525a-26b5-4140-968f-0be63cb751d2	3	73744561	73744781	2	-1.5512
22e5525a-26b5-4140-968f-0be63cb751d2	3	73746827	75372019	1051	0.0518
22e5525a-26b5-4140-968f-0be63cb751d2	3	75377956	75496021	50	-0.7657
22e5525a-26b5-4140-968f-0be63cb751d2	3	75496671	75547095	18	0.1051
22e5525a-26b5-4140-968f-0be63cb751d2	3	75559488	75590356	6	-0.7853
22e5525a-26b5-4140-968f-0be63cb751d2	3	75596233	89337951	7687	0.082
22e5525a-26b5-4140-968f-0be63cb751d2	3	89345442	89357937	18	0.5315
22e5525a-26b5-4140-968f-0be63cb751d2	3	89358106	89839022	248	0.0815
22e5525a-26b5-4140-968f-0be63cb751d2	3	89839314	99226566	3033	0.1586
22e5525a-26b5-4140-968f-0be63cb751d2	3	99229557	99230068	8	-0.8537
22e5525a-26b5-4140-968f-0be63cb751d2	3	99230187	114424877	9190	0.1516
22e5525a-26b5-4140-968f-0be63cb751d2	3	114425886	119333744	3260	0.1231
22e5525a-26b5-4140-968f-0be63cb751d2	3	119334615	128658241	5643	0.168
22e5525a-26b5-4140-968f-0be63cb751d2	3	128661409	128679860	9	-0.7832
22e5525a-26b5-4140-968f-0be63cb751d2	3	128680378	130067097	635	0.2398
22e5525a-26b5-4140-968f-0be63cb751d2	3	130067366	130079892	26	0.8524
22e5525a-26b5-4140-968f-0be63cb751d2	3	130079938	182736209	32406	0.1465
22e5525a-26b5-4140-968f-0be63cb751d2	3	182736327	189054508	4179	0.1922
22e5525a-26b5-4140-968f-0be63cb751d2	3	189058467	190624653	1196	0.1377
22e5525a-26b5-4140-968f-0be63cb751d2	3	190624716	190627729	2	1.418
22e5525a-26b5-4140-968f-0be63cb751d2	3	190628429	191662841	706	0.1467
22e5525a-26b5-4140-968f-0be63cb751d2	3	191666085	191666260	6	-0.7707
22e5525a-26b5-4140-968f-0be63cb751d2	3	191677980	193160113	1030	0.1375
22e5525a-26b5-4140-968f-0be63cb751d2	3	193160173	193168669	21	0.8338
22e5525a-26b5-4140-968f-0be63cb751d2	3	193168714	194250413	730	0.1645
22e5525a-26b5-4140-968f-0be63cb751d2	3	194251028	197333299	1549	0.2637
22e5525a-26b5-4140-968f-0be63cb751d2	3	197333686	198106388	371	0.2015
22e5525a-26b5-4140-968f-0be63cb751d2	3	198106493	198118700	27	0.0917
22e5525a-26b5-4140-968f-0be63cb751d2	3	198119032	198122834	7	-0.8141
22e5525a-26b5-4140-968f-0be63cb751d2	3	198124354	198169247	8	0.1551
22e5525a-26b5-4140-968f-0be63cb751d2	4	68929	75090	10	-0.2319
22e5525a-26b5-4140-968f-0be63cb751d2	4	75130	4080615	1607	0.0785
22e5525a-26b5-4140-968f-0be63cb751d2	4	4081209	4174887	25	0.4568
22e5525a-26b5-4140-968f-0be63cb751d2	4	4174902	4369370	165	0.0566
22e5525a-26b5-4140-968f-0be63cb751d2	4	4369540	5315008	721	-0.0397
22e5525a-26b5-4140-968f-0be63cb751d2	4	5318059	5319207	2	-1.8821
22e5525a-26b5-4140-968f-0be63cb751d2	4	5321568	5859484	524	-0.0158
22e5525a-26b5-4140-968f-0be63cb751d2	4	5861937	10228326	2668	0.0415
22e5525a-26b5-4140-968f-0be63cb751d2	4	10228533	34777238	16991	-0.0257
22e5525a-26b5-4140-968f-0be63cb751d2	4	34777340	34822561	43	0.7219
22e5525a-26b5-4140-968f-0be63cb751d2	4	34823103	38475969	2606	-0.0225
22e5525a-26b5-4140-968f-0be63cb751d2	4	38482715	40751238	1312	0.0708
22e5525a-26b5-4140-968f-0be63cb751d2	4	40755005	45003835	2724	-0.0194
22e5525a-26b5-4140-968f-0be63cb751d2	4	45004175	45004318	3	-4.4896
22e5525a-26b5-4140-968f-0be63cb751d2	4	45008952	48156656	1771	-0.0266
22e5525a-26b5-4140-968f-0be63cb751d2	4	48156680	49289175	562	0.0814
22e5525a-26b5-4140-968f-0be63cb751d2	4	49289338	49656595	20	0.6438
22e5525a-26b5-4140-968f-0be63cb751d2	4	51819533	58290372	4373	-0.0065
22e5525a-26b5-4140-968f-0be63cb751d2	4	58290448	58314222	6	-1.0353
22e5525a-26b5-4140-968f-0be63cb751d2	4	58320511	63827261	3183	-0.0206
22e5525a-26b5-4140-968f-0be63cb751d2	4	63828222	63842411	26	0.5166
22e5525a-26b5-4140-968f-0be63cb751d2	4	63842490	64955795	668	-0.0169
22e5525a-26b5-4140-968f-0be63cb751d2	4	64955826	64978716	34	0.3636
22e5525a-26b5-4140-968f-0be63cb751d2	4	64979039	68395346	2159	-0.0285
22e5525a-26b5-4140-968f-0be63cb751d2	4	68416487	68620261	82	0.477
22e5525a-26b5-4140-968f-0be63cb751d2	4	68623617	69268962	324	0.0272
22e5525a-26b5-4140-968f-0be63cb751d2	4	69272239	69363716	44	0.3828
22e5525a-26b5-4140-968f-0be63cb751d2	4	69366081	103812783	21015	-0.021
22e5525a-26b5-4140-968f-0be63cb751d2	4	103813021	103841886	50	0.2879
22e5525a-26b5-4140-968f-0be63cb751d2	4	103842041	107123000	1824	-0.0346
22e5525a-26b5-4140-968f-0be63cb751d2	4	107126757	107145640	16	-0.5482
22e5525a-26b5-4140-968f-0be63cb751d2	4	107145671	107152350	13	0.1279
22e5525a-26b5-4140-968f-0be63cb751d2	4	107152364	107156277	16	-0.693
22e5525a-26b5-4140-968f-0be63cb751d2	4	107156334	114252544	4407	-0.0223
22e5525a-26b5-4140-968f-0be63cb751d2	4	114254167	114261019	23	-1.355
22e5525a-26b5-4140-968f-0be63cb751d2	4	114263073	114587010	227	-0.0262
22e5525a-26b5-4140-968f-0be63cb751d2	4	114588837	114589298	2	-2.4694
22e5525a-26b5-4140-968f-0be63cb751d2	4	114593270	115243289	377	-0.0375
22e5525a-26b5-4140-968f-0be63cb751d2	4	115243304	115254969	28	0.3476
22e5525a-26b5-4140-968f-0be63cb751d2	4	115259026	126708626	6853	-0.0238
22e5525a-26b5-4140-968f-0be63cb751d2	4	126709121	126709933	2	-1.7943
22e5525a-26b5-4140-968f-0be63cb751d2	4	126711064	150957111	14129	-0.026
22e5525a-26b5-4140-968f-0be63cb751d2	4	150957159	150963154	20	-0.7417
22e5525a-26b5-4140-968f-0be63cb751d2	4	150963158	151091949	59	0.0682
22e5525a-26b5-4140-968f-0be63cb751d2	4	151092830	151099625	2	-1.6998
22e5525a-26b5-4140-968f-0be63cb751d2	4	151099962	160952569	6271	-0.029
22e5525a-26b5-4140-968f-0be63cb751d2	4	160952584	160973098	46	0.407
22e5525a-26b5-4140-968f-0be63cb751d2	4	160977583	171448195	6648	-0.026
22e5525a-26b5-4140-968f-0be63cb751d2	4	171453733	171456625	12	1.0672
22e5525a-26b5-4140-968f-0be63cb751d2	4	171459220	172501371	640	-0.0232
22e5525a-26b5-4140-968f-0be63cb751d2	4	172503796	172519981	8	1.3544
22e5525a-26b5-4140-968f-0be63cb751d2	4	172532557	182647519	6889	-0.0292
22e5525a-26b5-4140-968f-0be63cb751d2	4	182650187	182652615	6	-1.0307
22e5525a-26b5-4140-968f-0be63cb751d2	4	182653219	188282265	3790	-0.0025
22e5525a-26b5-4140-968f-0be63cb751d2	4	188283436	188290318	5	-1.1505
22e5525a-26b5-4140-968f-0be63cb751d2	4	188290525	190106768	1159	0.0125
22e5525a-26b5-4140-968f-0be63cb751d2	5	15532	685633	306	0.202
22e5525a-26b5-4140-968f-0be63cb751d2	5	698256	779766	28	-0.2735
22e5525a-26b5-4140-968f-0be63cb751d2	5	800724	1437883	319	0.2694
22e5525a-26b5-4140-968f-0be63cb751d2	5	1438059	6603283	4570	0.1687
22e5525a-26b5-4140-968f-0be63cb751d2	5	6604839	6604857	2	-1.417
22e5525a-26b5-4140-968f-0be63cb751d2	5	6607030	8702002	1715	0.1683
22e5525a-26b5-4140-968f-0be63cb751d2	5	8702128	8747030	48	-0.7217
22e5525a-26b5-4140-968f-0be63cb751d2	5	8749619	15716018	5190	0.1758
22e5525a-26b5-4140-968f-0be63cb751d2	5	15718383	15720488	12	-0.6273
22e5525a-26b5-4140-968f-0be63cb751d2	5	15723237	20520213	3033	0.1928
22e5525a-26b5-4140-968f-0be63cb751d2	5	20520650	20523519	5	1.0606
22e5525a-26b5-4140-968f-0be63cb751d2	5	20530881	21376735	445	0.215
22e5525a-26b5-4140-968f-0be63cb751d2	5	21377730	21377744	2	-1.7265
22e5525a-26b5-4140-968f-0be63cb751d2	5	21385957	21451168	46	0.187
22e5525a-26b5-4140-968f-0be63cb751d2	5	21451855	21451889	2	-4.0762
22e5525a-26b5-4140-968f-0be63cb751d2	5	21452329	21609432	58	0.2737
22e5525a-26b5-4140-968f-0be63cb751d2	5	21611343	21611645	2	1.7987
22e5525a-26b5-4140-968f-0be63cb751d2	5	21612050	26789248	3075	0.1787
22e5525a-26b5-4140-968f-0be63cb751d2	5	26789372	26807690	6	0.9871
22e5525a-26b5-4140-968f-0be63cb751d2	5	26807795	27525407	394	0.178
22e5525a-26b5-4140-968f-0be63cb751d2	5	27525800	27525880	7	0.9421
22e5525a-26b5-4140-968f-0be63cb751d2	5	27525913	50758613	11673	0.1815
22e5525a-26b5-4140-968f-0be63cb751d2	5	50758738	58025819	4830	0.0541
22e5525a-26b5-4140-968f-0be63cb751d2	5	58030200	58037706	32	2.3764
22e5525a-26b5-4140-968f-0be63cb751d2	5	58042530	58655166	430	0.021
22e5525a-26b5-4140-968f-0be63cb751d2	5	58656759	58659101	7	0.6991
22e5525a-26b5-4140-968f-0be63cb751d2	5	58659324	66538873	4855	0.0275
22e5525a-26b5-4140-968f-0be63cb751d2	5	66539083	66540048	2	-1.3909
22e5525a-26b5-4140-968f-0be63cb751d2	5	66542854	69425946	1962	0.0412
22e5525a-26b5-4140-968f-0be63cb751d2	5	69427727	71364924	70	0.2523
22e5525a-26b5-4140-968f-0be63cb751d2	5	71365381	76143526	3107	0.0352
22e5525a-26b5-4140-968f-0be63cb751d2	5	76143761	76143863	3	1.08
22e5525a-26b5-4140-968f-0be63cb751d2	5	76144257	79123986	2039	0.0463
22e5525a-26b5-4140-968f-0be63cb751d2	5	79127023	80932640	1018	0.1126
22e5525a-26b5-4140-968f-0be63cb751d2	5	80933233	122585932	25713	0.0285
22e5525a-26b5-4140-968f-0be63cb751d2	5	122588886	122591623	5	-1.2115
22e5525a-26b5-4140-968f-0be63cb751d2	5	122600492	130838983	5117	0.0218
22e5525a-26b5-4140-968f-0be63cb751d2	5	130839414	133128857	1176	0.1145
22e5525a-26b5-4140-968f-0be63cb751d2	5	133129153	133795405	569	0.0447
22e5525a-26b5-4140-968f-0be63cb751d2	5	133795438	133799875	5	-0.5647
22e5525a-26b5-4140-968f-0be63cb751d2	5	133802374	133849295	56	0.0379
22e5525a-26b5-4140-968f-0be63cb751d2	5	133849844	135077894	645	0.1472
22e5525a-26b5-4140-968f-0be63cb751d2	5	135078697	137743498	1939	0.0113
22e5525a-26b5-4140-968f-0be63cb751d2	5	137745362	140844251	1364	0.1274
22e5525a-26b5-4140-968f-0be63cb751d2	5	140851936	140864171	12	-0.4476
22e5525a-26b5-4140-968f-0be63cb751d2	5	140872578	142503496	950	0.0983
22e5525a-26b5-4140-968f-0be63cb751d2	5	142504941	149320055	4658	0.0261
22e5525a-26b5-4140-968f-0be63cb751d2	5	149320377	150749357	921	0.1009
22e5525a-26b5-4140-968f-0be63cb751d2	5	150749798	150822643	42	0.0058
22e5525a-26b5-4140-968f-0be63cb751d2	5	150825938	150839042	8	-0.7797
22e5525a-26b5-4140-968f-0be63cb751d2	5	150843825	171810813	14633	0.0383
22e5525a-26b5-4140-968f-0be63cb751d2	5	171811689	173235463	959	0.1581
22e5525a-26b5-4140-968f-0be63cb751d2	5	173241542	175859268	2089	0.0617
22e5525a-26b5-4140-968f-0be63cb751d2	5	175861718	180947523	2578	0.1457
22e5525a-26b5-4140-968f-0be63cb751d2	5	180951710	180987465	14	0.8743
22e5525a-26b5-4140-968f-0be63cb751d2	5	180990207	181363319	175	0.0586
22e5525a-26b5-4140-968f-0be63cb751d2	6	149661	254283	101	0.1969
22e5525a-26b5-4140-968f-0be63cb751d2	6	257353	382897	98	-0.8015
22e5525a-26b5-4140-968f-0be63cb751d2	6	384109	2232574	1539	0.1412
22e5525a-26b5-4140-968f-0be63cb751d2	6	2235276	18569457	12660	0.1817
22e5525a-26b5-4140-968f-0be63cb751d2	6	18571240	23060763	3317	0.1501
22e5525a-26b5-4140-968f-0be63cb751d2	6	23060767	23060771	2	-1.6508
22e5525a-26b5-4140-968f-0be63cb751d2	6	23064026	29875657	3953	0.1962
22e5525a-26b5-4140-968f-0be63cb751d2	6	29876257	29881490	7	-1.5534
22e5525a-26b5-4140-968f-0be63cb751d2	6	29882419	29906865	6	-0.3258
22e5525a-26b5-4140-968f-0be63cb751d2	6	29906932	30362189	220	0.1832
22e5525a-26b5-4140-968f-0be63cb751d2	6	30364369	31204878	357	0.2935
22e5525a-26b5-4140-968f-0be63cb751d2	6	31208262	32488906	594	0.1508
22e5525a-26b5-4140-968f-0be63cb751d2	6	32488965	32656814	55	-0.1243
22e5525a-26b5-4140-968f-0be63cb751d2	6	32657318	32658841	4	-1.6543
22e5525a-26b5-4140-968f-0be63cb751d2	6	32682835	32898318	173	0.1693
22e5525a-26b5-4140-968f-0be63cb751d2	6	32899215	37897456	2948	0.2845
22e5525a-26b5-4140-968f-0be63cb751d2	6	37900696	41016523	2374	0.1734
22e5525a-26b5-4140-968f-0be63cb751d2	6	41016647	42337316	824	0.2594
22e5525a-26b5-4140-968f-0be63cb751d2	6	42337368	43224713	434	0.4488
22e5525a-26b5-4140-968f-0be63cb751d2	6	43226139	44389793	640	0.264
22e5525a-26b5-4140-968f-0be63cb751d2	6	44395307	57400450	8310	0.1573
22e5525a-26b5-4140-968f-0be63cb751d2	6	57401712	61780217	735	0.231
22e5525a-26b5-4140-968f-0be63cb751d2	6	61781036	66327661	2641	0.1456
22e5525a-26b5-4140-968f-0be63cb751d2	6	66328128	66332853	6	-0.781
22e5525a-26b5-4140-968f-0be63cb751d2	6	66332868	68428164	1527	0.142
22e5525a-26b5-4140-968f-0be63cb751d2	6	68428437	68432116	2	-1.5902
22e5525a-26b5-4140-968f-0be63cb751d2	6	68436135	76726815	5270	0.1428
22e5525a-26b5-4140-968f-0be63cb751d2	6	76730151	76742665	15	-4.2914
22e5525a-26b5-4140-968f-0be63cb751d2	6	76742675	76743040	6	-1.5987
22e5525a-26b5-4140-968f-0be63cb751d2	6	76751356	78269760	1002	0.1546
22e5525a-26b5-4140-968f-0be63cb751d2	6	78270116	78325468	88	0.5177
22e5525a-26b5-4140-968f-0be63cb751d2	6	78329517	88453280	6322	0.1502
22e5525a-26b5-4140-968f-0be63cb751d2	6	88453786	99623782	6967	-0.7646
22e5525a-26b5-4140-968f-0be63cb751d2	6	99623921	99624922	2	-2.7139
22e5525a-26b5-4140-968f-0be63cb751d2	6	99627876	103286770	2181	-0.7572
22e5525a-26b5-4140-968f-0be63cb751d2	6	103286928	103314186	50	0.5047
22e5525a-26b5-4140-968f-0be63cb751d2	6	103317795	112133043	5475	-0.7365
22e5525a-26b5-4140-968f-0be63cb751d2	6	112134167	133992035	13618	-0.7863
22e5525a-26b5-4140-968f-0be63cb751d2	6	133992505	166847855	22676	-0.7584
22e5525a-26b5-4140-968f-0be63cb751d2	6	166848037	170231951	2122	-0.8369
22e5525a-26b5-4140-968f-0be63cb751d2	6	170238369	170741917	240	-0.7451
22e5525a-26b5-4140-968f-0be63cb751d2	7	43355	130089	83	0.0283
22e5525a-26b5-4140-968f-0be63cb751d2	7	130223	137957	5	-0.7561
22e5525a-26b5-4140-968f-0be63cb751d2	7	145185	3375478	1369	0.1962
22e5525a-26b5-4140-968f-0be63cb751d2	7	3375814	3929145	485	0.0481
22e5525a-26b5-4140-968f-0be63cb751d2	7	3930304	3983484	35	0.2876
22e5525a-26b5-4140-968f-0be63cb751d2	7	3983992	4545511	459	0.1526
22e5525a-26b5-4140-968f-0be63cb751d2	7	4546901	6790272	983	0.2548
22e5525a-26b5-4140-968f-0be63cb751d2	7	6791067	6799093	5	1.2542
22e5525a-26b5-4140-968f-0be63cb751d2	7	6814479	6999855	56	0.2267
22e5525a-26b5-4140-968f-0be63cb751d2	7	7000869	8806381	1614	0.092
22e5525a-26b5-4140-968f-0be63cb751d2	7	8806427	8806844	2	-1.5094
22e5525a-26b5-4140-968f-0be63cb751d2	7	8806947	17462707	6943	0.0967
22e5525a-26b5-4140-968f-0be63cb751d2	7	17464515	17464569	2	1.9233
22e5525a-26b5-4140-968f-0be63cb751d2	7	17465005	17548448	91	0.0294
22e5525a-26b5-4140-968f-0be63cb751d2	7	17551978	17590005	27	0.3667
22e5525a-26b5-4140-968f-0be63cb751d2	7	17590030	17730291	152	0.0887
22e5525a-26b5-4140-968f-0be63cb751d2	7	17732636	17732735	2	-1.2594
22e5525a-26b5-4140-968f-0be63cb751d2	7	17734633	23995508	4831	0.0931
22e5525a-26b5-4140-968f-0be63cb751d2	7	24000259	24000764	2	-1.4098
22e5525a-26b5-4140-968f-0be63cb751d2	7	24001198	29628975	4301	0.1052
22e5525a-26b5-4140-968f-0be63cb751d2	7	29631102	29638658	6	-1.0671
22e5525a-26b5-4140-968f-0be63cb751d2	7	29646732	29741337	46	0.1695
22e5525a-26b5-4140-968f-0be63cb751d2	7	29744097	29749388	4	0.9798
22e5525a-26b5-4140-968f-0be63cb751d2	7	29752062	30546705	513	0.1282
22e5525a-26b5-4140-968f-0be63cb751d2	7	30547716	35864277	3553	0.0816
22e5525a-26b5-4140-968f-0be63cb751d2	7	35864770	38239282	1806	0.1259
22e5525a-26b5-4140-968f-0be63cb751d2	7	38244142	38309338	86	0.4528
22e5525a-26b5-4140-968f-0be63cb751d2	7	38309503	38501539	168	0.092
22e5525a-26b5-4140-968f-0be63cb751d2	7	38501540	38503608	2	-1.4279
22e5525a-26b5-4140-968f-0be63cb751d2	7	38504357	43664821	3469	0.0911
22e5525a-26b5-4140-968f-0be63cb751d2	7	43664920	45137819	683	0.1956
22e5525a-26b5-4140-968f-0be63cb751d2	7	45138692	54305455	6716	0.082
22e5525a-26b5-4140-968f-0be63cb751d2	7	54318812	54318824	6	1.3853
22e5525a-26b5-4140-968f-0be63cb751d2	7	54325795	55710850	1139	0.0919
22e5525a-26b5-4140-968f-0be63cb751d2	7	55711736	57469061	733	0.1465
22e5525a-26b5-4140-968f-0be63cb751d2	7	57469225	57476932	6	0.8921
22e5525a-26b5-4140-968f-0be63cb751d2	7	57477003	62257017	173	0.1715
22e5525a-26b5-4140-968f-0be63cb751d2	7	62257227	63186899	243	0.3379
22e5525a-26b5-4140-968f-0be63cb751d2	7	63191254	70955452	3835	0.1432
22e5525a-26b5-4140-968f-0be63cb751d2	7	70958264	70961155	2	-2.8166
22e5525a-26b5-4140-968f-0be63cb751d2	7	70963257	72478184	1040	0.1359
22e5525a-26b5-4140-968f-0be63cb751d2	7	72486247	76632839	1128	0.2791
22e5525a-26b5-4140-968f-0be63cb751d2	7	76637700	77762582	532	0.1686
22e5525a-26b5-4140-968f-0be63cb751d2	7	77766087	87303449	6391	0.0866
22e5525a-26b5-4140-968f-0be63cb751d2	7	87311487	87318911	4	-0.885
22e5525a-26b5-4140-968f-0be63cb751d2	7	87322493	97951913	6713	0.0922
22e5525a-26b5-4140-968f-0be63cb751d2	7	97963139	99982748	983	0.1852
22e5525a-26b5-4140-968f-0be63cb751d2	7	99983406	101883499	705	0.2682
22e5525a-26b5-4140-968f-0be63cb751d2	7	101884414	102869969	351	0.2128
22e5525a-26b5-4140-968f-0be63cb751d2	7	102872041	105946407	1966	0.1242
22e5525a-26b5-4140-968f-0be63cb751d2	7	105946471	105946995	5	-1.1025
22e5525a-26b5-4140-968f-0be63cb751d2	7	105947907	108204458	1464	0.1331
22e5525a-26b5-4140-968f-0be63cb751d2	7	108204472	109789520	1029	0.0835
22e5525a-26b5-4140-968f-0be63cb751d2	7	109789870	109800866	29	0.4766
22e5525a-26b5-4140-968f-0be63cb751d2	7	109801155	109813656	7	-0.6852
22e5525a-26b5-4140-968f-0be63cb751d2	7	109813705	127434084	10792	0.0822
22e5525a-26b5-4140-968f-0be63cb751d2	7	127434148	131991723	2533	0.1704
22e5525a-26b5-4140-968f-0be63cb751d2	7	131994531	134090386	1415	0.0829
22e5525a-26b5-4140-968f-0be63cb751d2	7	134090399	134105690	32	0.6539
22e5525a-26b5-4140-968f-0be63cb751d2	7	134110881	138769187	3174	0.0973
22e5525a-26b5-4140-968f-0be63cb751d2	7	138772856	140758245	1112	0.2164
22e5525a-26b5-4140-968f-0be63cb751d2	7	140759033	142718507	1358	0.1122
22e5525a-26b5-4140-968f-0be63cb751d2	7	142719575	142807615	52	0.4174
22e5525a-26b5-4140-968f-0be63cb751d2	7	142809818	144176859	745	0.1087
22e5525a-26b5-4140-968f-0be63cb751d2	7	144199159	144326306	13	0.8503
22e5525a-26b5-4140-968f-0be63cb751d2	7	144336758	148848879	2998	0.1092
22e5525a-26b5-4140-968f-0be63cb751d2	7	148854510	150583184	837	0.1826
22e5525a-26b5-4140-968f-0be63cb751d2	7	150587526	150615828	17	-0.3209
22e5525a-26b5-4140-968f-0be63cb751d2	7	150616096	152923894	1267	0.1782
22e5525a-26b5-4140-968f-0be63cb751d2	7	152924210	154595415	1294	0.1143
22e5525a-26b5-4140-968f-0be63cb751d2	7	154598185	154607903	5	1.2301
22e5525a-26b5-4140-968f-0be63cb751d2	7	154609120	155671335	916	0.1296
22e5525a-26b5-4140-968f-0be63cb751d2	7	155673169	155674244	2	2.211
22e5525a-26b5-4140-968f-0be63cb751d2	7	155676942	159334314	2318	0.1111
22e5525a-26b5-4140-968f-0be63cb751d2	8	81254	213414	7	0.809
22e5525a-26b5-4140-968f-0be63cb751d2	8	214984	380877	139	-0.0101
22e5525a-26b5-4140-968f-0be63cb751d2	8	381550	381630	2	1.9725
22e5525a-26b5-4140-968f-0be63cb751d2	8	384030	1418902	749	0.1134
22e5525a-26b5-4140-968f-0be63cb751d2	8	1419196	1419436	2	-1.7089
22e5525a-26b5-4140-968f-0be63cb751d2	8	1419522	2844412	1141	0.1059
22e5525a-26b5-4140-968f-0be63cb751d2	8	2846011	2846377	7	-0.8278
22e5525a-26b5-4140-968f-0be63cb751d2	8	2849649	7396819	5708	0.0934
22e5525a-26b5-4140-968f-0be63cb751d2	8	7397588	7886542	21	0.919
22e5525a-26b5-4140-968f-0be63cb751d2	8	7888457	19001036	9173	0.1272
22e5525a-26b5-4140-968f-0be63cb751d2	8	19001217	21534889	2268	0.1493
22e5525a-26b5-4140-968f-0be63cb751d2	8	21535171	23567017	1147	0.2187
22e5525a-26b5-4140-968f-0be63cb751d2	8	23567410	27451021	2949	0.1428
22e5525a-26b5-4140-968f-0be63cb751d2	8	27451332	29628109	1468	0.2061
22e5525a-26b5-4140-968f-0be63cb751d2	8	29630341	37787948	4985	0.14
22e5525a-26b5-4140-968f-0be63cb751d2	8	37789410	38430945	256	0.2554
22e5525a-26b5-4140-968f-0be63cb751d2	8	38432841	38432991	3	-0.6985
22e5525a-26b5-4140-968f-0be63cb751d2	8	38433569	38459531	31	0.2185
22e5525a-26b5-4140-968f-0be63cb751d2	8	38459549	38463717	28	0.5664
22e5525a-26b5-4140-968f-0be63cb751d2	8	38463736	39389156	452	0.1958
22e5525a-26b5-4140-968f-0be63cb751d2	8	39389592	39426742	13	-0.3378
22e5525a-26b5-4140-968f-0be63cb751d2	8	39429171	41406908	1413	0.1606
22e5525a-26b5-4140-968f-0be63cb751d2	8	41409825	46575536	1376	0.2288
22e5525a-26b5-4140-968f-0be63cb751d2	8	46575802	53647651	4182	0.1499
22e5525a-26b5-4140-968f-0be63cb751d2	8	53649642	54574816	559	0.2347
22e5525a-26b5-4140-968f-0be63cb751d2	8	54575049	59128787	3115	0.1538
22e5525a-26b5-4140-968f-0be63cb751d2	8	59129419	59129852	5	-0.8067
22e5525a-26b5-4140-968f-0be63cb751d2	8	59130571	64832444	3520	0.1448
22e5525a-26b5-4140-968f-0be63cb751d2	8	64838182	64841333	5	-1.0752
22e5525a-26b5-4140-968f-0be63cb751d2	8	64844492	66463857	891	0.1443
22e5525a-26b5-4140-968f-0be63cb751d2	8	66464185	67635434	515	0.2285
22e5525a-26b5-4140-968f-0be63cb751d2	8	67635897	67636165	6	-0.7454
22e5525a-26b5-4140-968f-0be63cb751d2	8	67636256	94545324	16202	0.1505
22e5525a-26b5-4140-968f-0be63cb751d2	8	94545374	94545764	6	1.1988
22e5525a-26b5-4140-968f-0be63cb751d2	8	94545887	94799830	142	0.2286
22e5525a-26b5-4140-968f-0be63cb751d2	8	94800187	94807850	4	-0.4696
22e5525a-26b5-4140-968f-0be63cb751d2	8	94810521	95170789	204	0.2275
22e5525a-26b5-4140-968f-0be63cb751d2	8	95173122	99976667	2952	0.1575
22e5525a-26b5-4140-968f-0be63cb751d2	8	99976709	103018572	1997	0.2045
22e5525a-26b5-4140-968f-0be63cb751d2	8	103018796	111279265	4971	0.1386
22e5525a-26b5-4140-968f-0be63cb751d2	8	111282050	111283031	10	0.7535
22e5525a-26b5-4140-968f-0be63cb751d2	8	111288052	122857689	7458	0.1474
22e5525a-26b5-4140-968f-0be63cb751d2	8	122858106	126689082	2646	0.2049
22e5525a-26b5-4140-968f-0be63cb751d2	8	126689703	133106847	4742	0.1666
22e5525a-26b5-4140-968f-0be63cb751d2	8	133106872	134103596	934	0.2047
22e5525a-26b5-4140-968f-0be63cb751d2	8	134103747	139931136	4729	0.1428
22e5525a-26b5-4140-968f-0be63cb751d2	8	139932455	142763232	1592	0.1973
22e5525a-26b5-4140-968f-0be63cb751d2	8	142763726	142800489	7	-0.6347
22e5525a-26b5-4140-968f-0be63cb751d2	8	142805185	142961710	88	0.241
22e5525a-26b5-4140-968f-0be63cb751d2	8	142962439	144783110	567	0.3362
22e5525a-26b5-4140-968f-0be63cb751d2	8	144787653	145072769	166	0.168
22e5525a-26b5-4140-968f-0be63cb751d2	9	46587	224640	43	0.1642
22e5525a-26b5-4140-968f-0be63cb751d2	9	224742	4066790	4128	-0.0758
22e5525a-26b5-4140-968f-0be63cb751d2	9	4069657	5077915	1067	-0.0309
22e5525a-26b5-4140-968f-0be63cb751d2	9	5077997	5078443	7	0.6502
22e5525a-26b5-4140-968f-0be63cb751d2	9	5079156	5081766	9	-0.7151
22e5525a-26b5-4140-968f-0be63cb751d2	9	5081852	11707074	5802	-0.0327
22e5525a-26b5-4140-968f-0be63cb751d2	9	11708459	11708630	4	1.0564
22e5525a-26b5-4140-968f-0be63cb751d2	9	11711424	12526333	626	-0.0166
22e5525a-26b5-4140-968f-0be63cb751d2	9	12527414	16911093	3637	-0.0637
22e5525a-26b5-4140-968f-0be63cb751d2	9	16911779	16912374	15	0.5474
22e5525a-26b5-4140-968f-0be63cb751d2	9	16912401	32896390	12136	-0.0572
22e5525a-26b5-4140-968f-0be63cb751d2	9	32898361	39487690	3714	0.0081
22e5525a-26b5-4140-968f-0be63cb751d2	9	39547279	41644133	99	0.2392
22e5525a-26b5-4140-968f-0be63cb751d2	9	41644288	42014203	12	-0.2051
22e5525a-26b5-4140-968f-0be63cb751d2	9	42037471	42179276	20	-1.9123
22e5525a-26b5-4140-968f-0be63cb751d2	9	42202227	42302534	10	-0.2855
22e5525a-26b5-4140-968f-0be63cb751d2	9	42302678	42574420	7	-1.4534
22e5525a-26b5-4140-968f-0be63cb751d2	9	42585140	68351648	256	0.1459
22e5525a-26b5-4140-968f-0be63cb751d2	9	68367083	69485653	930	-0.0724
22e5525a-26b5-4140-968f-0be63cb751d2	9	69490697	69493646	19	0.3786
22e5525a-26b5-4140-968f-0be63cb751d2	9	69493659	83583597	10073	-0.0888
22e5525a-26b5-4140-968f-0be63cb751d2	9	83587542	83590889	5	-1.134
22e5525a-26b5-4140-968f-0be63cb751d2	9	83593105	91067192	5447	-0.0781
22e5525a-26b5-4140-968f-0be63cb751d2	9	91069539	98248802	4485	-0.0322
22e5525a-26b5-4140-968f-0be63cb751d2	9	98252555	111643979	10034	-0.0928
22e5525a-26b5-4140-968f-0be63cb751d2	9	111644369	112678457	668	-0.0197
22e5525a-26b5-4140-968f-0be63cb751d2	9	112679158	112685915	10	-0.4739
22e5525a-26b5-4140-968f-0be63cb751d2	9	112687600	113101490	285	-0.0256
22e5525a-26b5-4140-968f-0be63cb751d2	9	113101630	113119675	15	-0.4725
22e5525a-26b5-4140-968f-0be63cb751d2	9	113121473	115123356	1500	-0.05
22e5525a-26b5-4140-968f-0be63cb751d2	9	115123745	116805657	1325	-0.1123
22e5525a-26b5-4140-968f-0be63cb751d2	9	116809939	116810284	3	-1.1382
22e5525a-26b5-4140-968f-0be63cb751d2	9	116810802	120251722	2959	-0.1305
22e5525a-26b5-4140-968f-0be63cb751d2	9	120254630	124020698	2374	-0.0428
22e5525a-26b5-4140-968f-0be63cb751d2	9	124020825	127848166	2289	0.0232
22e5525a-26b5-4140-968f-0be63cb751d2	9	127848590	128297602	230	0.2825
22e5525a-26b5-4140-968f-0be63cb751d2	9	128298828	131662999	1864	0.0933
22e5525a-26b5-4140-968f-0be63cb751d2	9	131663019	135795264	2570	0.0187
22e5525a-26b5-4140-968f-0be63cb751d2	9	135795658	137979996	691	0.0843
22e5525a-26b5-4140-968f-0be63cb751d2	9	137982949	138106197	100	-0.13
22e5525a-26b5-4140-968f-0be63cb751d2	9	138106837	138131434	48	0.1503
22e5525a-26b5-4140-968f-0be63cb751d2	9	138133487	138200944	14	-0.2872
22e5525a-26b5-4140-968f-0be63cb751d2	10	45792	2511048	1916	0.1502
22e5525a-26b5-4140-968f-0be63cb751d2	10	2512121	2532611	7	-0.6616
22e5525a-26b5-4140-968f-0be63cb751d2	10	2533982	2935001	444	0.1409
22e5525a-26b5-4140-968f-0be63cb751d2	10	2937345	2979432	43	0.3233
22e5525a-26b5-4140-968f-0be63cb751d2	10	2979743	5738622	2458	0.1734
22e5525a-26b5-4140-968f-0be63cb751d2	10	5738738	6365775	523	0.2606
22e5525a-26b5-4140-968f-0be63cb751d2	10	6368170	6368535	5	-0.4622
22e5525a-26b5-4140-968f-0be63cb751d2	10	6368772	6369412	7	0.2527
22e5525a-26b5-4140-968f-0be63cb751d2	10	6369488	6369519	3	1.3473
22e5525a-26b5-4140-968f-0be63cb751d2	10	6376792	11658796	4530	0.18
22e5525a-26b5-4140-968f-0be63cb751d2	10	11659043	13328926	1268	0.242
22e5525a-26b5-4140-968f-0be63cb751d2	10	13328958	24086334	8001	0.1818
22e5525a-26b5-4140-968f-0be63cb751d2	10	24088745	24092001	22	0.6266
22e5525a-26b5-4140-968f-0be63cb751d2	10	24092095	43619588	10748	0.1825
22e5525a-26b5-4140-968f-0be63cb751d2	10	43620265	46836986	1772	0.1429
22e5525a-26b5-4140-968f-0be63cb751d2	10	46898735	46901552	2	3.6853
22e5525a-26b5-4140-968f-0be63cb751d2	10	46967412	65548165	12695	0.1452
22e5525a-26b5-4140-968f-0be63cb751d2	10	65548178	65554688	27	0.8014
22e5525a-26b5-4140-968f-0be63cb751d2	10	65563037	67764801	1546	0.1433
22e5525a-26b5-4140-968f-0be63cb751d2	10	67767188	73314397	3535	0.2292
22e5525a-26b5-4140-968f-0be63cb751d2	10	73319522	74080295	287	0.3398
22e5525a-26b5-4140-968f-0be63cb751d2	10	74080814	75357798	614	0.223
22e5525a-26b5-4140-968f-0be63cb751d2	10	75357847	76493093	805	0.1472
22e5525a-26b5-4140-968f-0be63cb751d2	10	76497303	76497852	2	2.8327
22e5525a-26b5-4140-968f-0be63cb751d2	10	76501509	77271805	611	0.1318
22e5525a-26b5-4140-968f-0be63cb751d2	10	77272396	78127775	643	0.2962
22e5525a-26b5-4140-968f-0be63cb751d2	10	78128238	78943934	746	0.1689
22e5525a-26b5-4140-968f-0be63cb751d2	10	78944501	79491575	436	0.3536
22e5525a-26b5-4140-968f-0be63cb751d2	10	79523511	79533859	2	1.8018
22e5525a-26b5-4140-968f-0be63cb751d2	10	79576939	79837297	38	0.4554
22e5525a-26b5-4140-968f-0be63cb751d2	10	79837312	80540091	408	0.2114
22e5525a-26b5-4140-968f-0be63cb751d2	10	80540237	82124522	1141	0.1429
22e5525a-26b5-4140-968f-0be63cb751d2	10	82124904	82128911	5	-1.6104
22e5525a-26b5-4140-968f-0be63cb751d2	10	82129864	86308363	3199	0.1306
22e5525a-26b5-4140-968f-0be63cb751d2	10	86309382	96363489	6335	0.1766
22e5525a-26b5-4140-968f-0be63cb751d2	10	96369301	100797521	2801	0.211
22e5525a-26b5-4140-968f-0be63cb751d2	10	100797881	103398301	1186	0.2932
22e5525a-26b5-4140-968f-0be63cb751d2	10	103405017	104010967	360	0.2052
22e5525a-26b5-4140-968f-0be63cb751d2	10	104011251	110027753	4438	0.1432
22e5525a-26b5-4140-968f-0be63cb751d2	10	110030390	110030804	2	-1.4679
22e5525a-26b5-4140-968f-0be63cb751d2	10	110031677	118811318	6155	0.1615
22e5525a-26b5-4140-968f-0be63cb751d2	10	118812120	120060408	767	0.2613
22e5525a-26b5-4140-968f-0be63cb751d2	10	120060677	124080706	3402	0.1582
22e5525a-26b5-4140-968f-0be63cb751d2	10	124083013	125398409	756	0.2228
22e5525a-26b5-4140-968f-0be63cb751d2	10	125398525	130390609	3961	0.1586
22e5525a-26b5-4140-968f-0be63cb751d2	10	130390968	131120339	666	0.0852
22e5525a-26b5-4140-968f-0be63cb751d2	10	131121131	133521815	1321	0.1887
22e5525a-26b5-4140-968f-0be63cb751d2	10	133522726	133534223	7	-0.4739
22e5525a-26b5-4140-968f-0be63cb751d2	10	133534753	133654968	70	0.1432
22e5525a-26b5-4140-968f-0be63cb751d2	11	198510	383554	89	0.1712
22e5525a-26b5-4140-968f-0be63cb751d2	11	383855	1685863	443	0.3201
22e5525a-26b5-4140-968f-0be63cb751d2	11	1695433	1833503	50	0.0295
22e5525a-26b5-4140-968f-0be63cb751d2	11	1844881	3465494	715	0.2798
22e5525a-26b5-4140-968f-0be63cb751d2	11	3466435	3467311	3	-0.8651
22e5525a-26b5-4140-968f-0be63cb751d2	11	3485296	4035970	298	0.2445
22e5525a-26b5-4140-968f-0be63cb751d2	11	4036126	4953934	848	0.1585
22e5525a-26b5-4140-968f-0be63cb751d2	11	4954445	4955042	4	1.1552
22e5525a-26b5-4140-968f-0be63cb751d2	11	4955781	5766175	785	0.1524
22e5525a-26b5-4140-968f-0be63cb751d2	11	5766850	5781636	26	-0.3437
22e5525a-26b5-4140-968f-0be63cb751d2	11	5781682	5788231	8	-0.9731
22e5525a-26b5-4140-968f-0be63cb751d2	11	5791130	18819928	9320	0.175
22e5525a-26b5-4140-968f-0be63cb751d2	11	18821507	43093376	17560	0.1399
22e5525a-26b5-4140-968f-0be63cb751d2	11	43093473	44628465	1064	0.1782
22e5525a-26b5-4140-968f-0be63cb751d2	11	44629364	45746850	855	0.2171
22e5525a-26b5-4140-968f-0be63cb751d2	11	45748535	48097922	1015	0.2904
22e5525a-26b5-4140-968f-0be63cb751d2	11	48102158	48576870	236	0.2015
22e5525a-26b5-4140-968f-0be63cb751d2	11	48579882	48581124	2	-1.5203
22e5525a-26b5-4140-968f-0be63cb751d2	11	48584766	49076664	164	0.299
22e5525a-26b5-4140-968f-0be63cb751d2	11	49080719	55595864	1014	0.1535
22e5525a-26b5-4140-968f-0be63cb751d2	11	55606556	55685058	57	-0.1938
22e5525a-26b5-4140-968f-0be63cb751d2	11	55685501	60461274	2944	0.1656
22e5525a-26b5-4140-968f-0be63cb751d2	11	60461318	60461921	9	-0.8509
22e5525a-26b5-4140-968f-0be63cb751d2	11	60463593	60926343	257	0.168
22e5525a-26b5-4140-968f-0be63cb751d2	11	60929200	69131982	3635	0.2879
22e5525a-26b5-4140-968f-0be63cb751d2	11	69132293	72123242	1666	0.2275
22e5525a-26b5-4140-968f-0be63cb751d2	11	72125232	72831222	329	0.2968
22e5525a-26b5-4140-968f-0be63cb751d2	11	72831903	73508721	303	0.4095
22e5525a-26b5-4140-968f-0be63cb751d2	11	73508862	78448780	2687	0.2345
22e5525a-26b5-4140-968f-0be63cb751d2	11	78450315	89817056	8049	0.1318
22e5525a-26b5-4140-968f-0be63cb751d2	11	89834373	89903029	4	1.2515
22e5525a-26b5-4140-968f-0be63cb751d2	11	89923071	101723653	8693	0.1375
22e5525a-26b5-4140-968f-0be63cb751d2	11	101727129	101727233	4	2.3891
22e5525a-26b5-4140-968f-0be63cb751d2	11	101727481	107886175	4178	0.1276
22e5525a-26b5-4140-968f-0be63cb751d2	11	107886292	107913781	13	0.6359
22e5525a-26b5-4140-968f-0be63cb751d2	11	107914372	116537374	5852	0.1408
22e5525a-26b5-4140-968f-0be63cb751d2	11	116541073	119361586	1855	0.2555
22e5525a-26b5-4140-968f-0be63cb751d2	11	119362483	120946723	1163	0.1771
22e5525a-26b5-4140-968f-0be63cb751d2	11	120948584	121717338	592	0.2939
22e5525a-26b5-4140-968f-0be63cb751d2	11	121718006	122195058	312	0.1182
22e5525a-26b5-4140-968f-0be63cb751d2	11	122197805	123642374	1074	0.1902
22e5525a-26b5-4140-968f-0be63cb751d2	11	123642505	124569521	728	0.1272
22e5525a-26b5-4140-968f-0be63cb751d2	11	124570056	126623561	1403	0.1968
22e5525a-26b5-4140-968f-0be63cb751d2	11	126624672	127664554	892	0.1065
22e5525a-26b5-4140-968f-0be63cb751d2	11	127665573	131010176	2401	0.1615
22e5525a-26b5-4140-968f-0be63cb751d2	11	131011283	135074876	3277	0.1127
22e5525a-26b5-4140-968f-0be63cb751d2	12	51460	2126010	1263	0.2033
22e5525a-26b5-4140-968f-0be63cb751d2	12	2126462	2148754	43	-0.6323
22e5525a-26b5-4140-968f-0be63cb751d2	12	2148857	6028305	3153	0.1788
22e5525a-26b5-4140-968f-0be63cb751d2	12	6029346	8204911	1081	0.2795
22e5525a-26b5-4140-968f-0be63cb751d2	12	8209454	8220161	9	1.2785
22e5525a-26b5-4140-968f-0be63cb751d2	12	8241232	8404097	51	0.2908
22e5525a-26b5-4140-968f-0be63cb751d2	12	8405892	8432076	18	1.4213
22e5525a-26b5-4140-968f-0be63cb751d2	12	8442298	9477960	558	0.2038
22e5525a-26b5-4140-968f-0be63cb751d2	12	9481274	9575696	24	1.3627
22e5525a-26b5-4140-968f-0be63cb751d2	12	9582373	10430768	633	0.207
22e5525a-26b5-4140-968f-0be63cb751d2	12	10434196	10446203	5	-1.2208
22e5525a-26b5-4140-968f-0be63cb751d2	12	10446882	11066824	399	0.1727
22e5525a-26b5-4140-968f-0be63cb751d2	12	11068125	11088933	10	1.1235
22e5525a-26b5-4140-968f-0be63cb751d2	12	11099275	11361188	138	0.2424
22e5525a-26b5-4140-968f-0be63cb751d2	12	11361377	11399848	28	0.838
22e5525a-26b5-4140-968f-0be63cb751d2	12	11400172	12189863	736	0.173
22e5525a-26b5-4140-968f-0be63cb751d2	12	12189887	12928130	481	0.2494
22e5525a-26b5-4140-968f-0be63cb751d2	12	12930203	25097841	8215	0.1516
22e5525a-26b5-4140-968f-0be63cb751d2	12	25097922	25098069	5	1.0229
22e5525a-26b5-4140-968f-0be63cb751d2	12	25098093	27166205	1536	0.1659
22e5525a-26b5-4140-968f-0be63cb751d2	12	27169782	27173360	3	1.0493
22e5525a-26b5-4140-968f-0be63cb751d2	12	27176044	27495118	226	0.1609
22e5525a-26b5-4140-968f-0be63cb751d2	12	27495269	27495379	5	0.7813
22e5525a-26b5-4140-968f-0be63cb751d2	12	27495395	29006848	1108	0.1271
22e5525a-26b5-4140-968f-0be63cb751d2	12	29010695	29011589	3	-1.0951
22e5525a-26b5-4140-968f-0be63cb751d2	12	29015050	30082648	782	0.135
22e5525a-26b5-4140-968f-0be63cb751d2	12	30086334	30090642	19	-1.852
22e5525a-26b5-4140-968f-0be63cb751d2	12	30090657	31321960	999	0.1243
22e5525a-26b5-4140-968f-0be63cb751d2	12	31322366	32161979	563	0.2748
22e5525a-26b5-4140-968f-0be63cb751d2	12	32163160	34055421	1284	0.185
22e5525a-26b5-4140-968f-0be63cb751d2	12	34057235	38601190	613	0.25
22e5525a-26b5-4140-968f-0be63cb751d2	12	38601996	45510655	4421	0.1382
22e5525a-26b5-4140-968f-0be63cb751d2	12	45512057	45515754	3	-2.5394
22e5525a-26b5-4140-968f-0be63cb751d2	12	45519509	48509521	1822	0.1906
22e5525a-26b5-4140-968f-0be63cb751d2	12	48511792	52366128	1973	0.2733
22e5525a-26b5-4140-968f-0be63cb751d2	12	52367895	52368175	2	-1.1088
22e5525a-26b5-4140-968f-0be63cb751d2	12	52368286	52836557	465	0.193
22e5525a-26b5-4140-968f-0be63cb751d2	12	52842134	53606247	370	0.371
22e5525a-26b5-4140-968f-0be63cb751d2	12	53606477	56084552	1390	0.2243
22e5525a-26b5-4140-968f-0be63cb751d2	12	56084572	56084625	4	1.4082
22e5525a-26b5-4140-968f-0be63cb751d2	12	56087291	57779683	825	0.2913
22e5525a-26b5-4140-968f-0be63cb751d2	12	57783509	63789306	3875	0.1346
22e5525a-26b5-4140-968f-0be63cb751d2	12	63789818	64985485	676	0.1985
22e5525a-26b5-4140-968f-0be63cb751d2	12	64985593	67986412	2030	0.1489
22e5525a-26b5-4140-968f-0be63cb751d2	12	67986726	69720353	1275	0.2002
22e5525a-26b5-4140-968f-0be63cb751d2	12	69721843	92660944	14344	0.1361
22e5525a-26b5-4140-968f-0be63cb751d2	12	92662364	96522767	2635	0.1976
22e5525a-26b5-4140-968f-0be63cb751d2	12	96524567	97620801	841	0.1254
22e5525a-26b5-4140-968f-0be63cb751d2	12	97620909	97672233	76	-0.7963
22e5525a-26b5-4140-968f-0be63cb751d2	12	97680240	99397993	1107	0.1707
22e5525a-26b5-4140-968f-0be63cb751d2	12	99398014	99404942	32	-0.2382
22e5525a-26b5-4140-968f-0be63cb751d2	12	99404956	106383641	4761	0.1624
22e5525a-26b5-4140-968f-0be63cb751d2	12	106387358	106388226	5	-0.765
22e5525a-26b5-4140-968f-0be63cb751d2	12	106392751	109251655	1916	0.189
22e5525a-26b5-4140-968f-0be63cb751d2	12	109253638	113430906	2240	0.2654
22e5525a-26b5-4140-968f-0be63cb751d2	12	113431409	116090662	2327	0.1532
22e5525a-26b5-4140-968f-0be63cb751d2	12	116092030	117611702	1048	0.2242
22e5525a-26b5-4140-968f-0be63cb751d2	12	117613408	117613722	2	-1.1003
22e5525a-26b5-4140-968f-0be63cb751d2	12	117613773	119552928	1374	0.1988
22e5525a-26b5-4140-968f-0be63cb751d2	12	119552943	119556242	4	0.9634
22e5525a-26b5-4140-968f-0be63cb751d2	12	119556245	119755361	129	0.193
22e5525a-26b5-4140-968f-0be63cb751d2	12	119757887	123111954	1540	0.3134
22e5525a-26b5-4140-968f-0be63cb751d2	12	123113330	123694773	235	0.4368
22e5525a-26b5-4140-968f-0be63cb751d2	12	123694788	124975271	818	0.2658
22e5525a-26b5-4140-968f-0be63cb751d2	12	124976121	125226386	145	0.2129
22e5525a-26b5-4140-968f-0be63cb751d2	12	125226405	131242840	5230	0.1354
22e5525a-26b5-4140-968f-0be63cb751d2	12	131248112	131249950	6	-0.8109
22e5525a-26b5-4140-968f-0be63cb751d2	12	131250076	131448870	181	0.1417
22e5525a-26b5-4140-968f-0be63cb751d2	12	131449018	133201603	762	0.2215
22e5525a-26b5-4140-968f-0be63cb751d2	13	18452809	18632974	21	-0.3176
22e5525a-26b5-4140-968f-0be63cb751d2	13	18638122	19992157	714	-0.627
22e5525a-26b5-4140-968f-0be63cb751d2	13	19993385	23918346	2782	-0.7577
22e5525a-26b5-4140-968f-0be63cb751d2	13	23918814	23921773	2	-2.9617
22e5525a-26b5-4140-968f-0be63cb751d2	13	23922979	27981123	3013	-0.753
22e5525a-26b5-4140-968f-0be63cb751d2	13	27984543	28153889	190	-0.5757
22e5525a-26b5-4140-968f-0be63cb751d2	13	28153996	37496998	6742	-0.7688
22e5525a-26b5-4140-968f-0be63cb751d2	13	37497899	37510620	16	-2.5885
22e5525a-26b5-4140-968f-0be63cb751d2	13	37514193	41766062	2975	-0.7564
22e5525a-26b5-4140-968f-0be63cb751d2	13	41766813	42269875	359	-0.4771
22e5525a-26b5-4140-968f-0be63cb751d2	13	42273298	48288819	4085	-0.7658
22e5525a-26b5-4140-968f-0be63cb751d2	13	48289655	52250145	2398	-0.683
22e5525a-26b5-4140-968f-0be63cb751d2	13	52265369	52315875	11	0.1194
22e5525a-26b5-4140-968f-0be63cb751d2	13	52322826	52485081	56	-0.6956
22e5525a-26b5-4140-968f-0be63cb751d2	13	52497017	52520664	7	-2.4551
22e5525a-26b5-4140-968f-0be63cb751d2	13	52523849	64046598	6694	-0.7554
22e5525a-26b5-4140-968f-0be63cb751d2	13	64047526	71902850	4956	0.0459
22e5525a-26b5-4140-968f-0be63cb751d2	13	71903417	71906418	4	-3.5553
22e5525a-26b5-4140-968f-0be63cb751d2	13	71906467	98898122	17754	0.048
22e5525a-26b5-4140-968f-0be63cb751d2	13	98898443	100778505	1121	0.1074
22e5525a-26b5-4140-968f-0be63cb751d2	13	100781788	105663858	4069	0.0377
22e5525a-26b5-4140-968f-0be63cb751d2	13	105664476	105664629	4	-0.9631
22e5525a-26b5-4140-968f-0be63cb751d2	13	105667023	114342922	6157	0.0615
22e5525a-26b5-4140-968f-0be63cb751d2	14	18239283	19735726	70	-0.3965
22e5525a-26b5-4140-968f-0be63cb751d2	14	19735739	19957701	99	-0.9715
22e5525a-26b5-4140-968f-0be63cb751d2	14	19957752	20031102	45	-0.4971
22e5525a-26b5-4140-968f-0be63cb751d2	14	20031200	20740497	545	-0.6818
22e5525a-26b5-4140-968f-0be63cb751d2	14	20741332	24142976	2210	-0.5502
22e5525a-26b5-4140-968f-0be63cb751d2	14	24145152	27663670	2351	-0.6888
22e5525a-26b5-4140-968f-0be63cb751d2	14	27664954	27685197	9	0.0581
22e5525a-26b5-4140-968f-0be63cb751d2	14	27685348	30540055	1609	-0.6921
22e5525a-26b5-4140-968f-0be63cb751d2	14	30540326	31895527	683	-0.5642
22e5525a-26b5-4140-968f-0be63cb751d2	14	31898677	34475196	2075	-0.7207
22e5525a-26b5-4140-968f-0be63cb751d2	14	34480606	34521508	24	-0.4825
22e5525a-26b5-4140-968f-0be63cb751d2	14	34521568	34579478	33	-0.1282
22e5525a-26b5-4140-968f-0be63cb751d2	14	34589610	35041612	228	-0.497
22e5525a-26b5-4140-968f-0be63cb751d2	14	35043129	63423402	17900	-0.6745
22e5525a-26b5-4140-968f-0be63cb751d2	14	63425622	64803254	924	-0.5603
22e5525a-26b5-4140-968f-0be63cb751d2	14	64804045	73258456	5294	-0.6407
22e5525a-26b5-4140-968f-0be63cb751d2	14	73258765	73529070	128	-0.5328
22e5525a-26b5-4140-968f-0be63cb751d2	14	73534419	73563196	10	0.3265
22e5525a-26b5-4140-968f-0be63cb751d2	14	73563211	77865604	2691	-0.5952
22e5525a-26b5-4140-968f-0be63cb751d2	14	77865855	87936477	6827	-0.7066
22e5525a-26b5-4140-968f-0be63cb751d2	14	87936730	87947939	21	-0.1646
22e5525a-26b5-4140-968f-0be63cb751d2	14	87948856	88310136	276	-0.7149
22e5525a-26b5-4140-968f-0be63cb751d2	14	88310639	95675095	4934	-0.6285
22e5525a-26b5-4140-968f-0be63cb751d2	14	95675258	95676161	2	-2.6171
22e5525a-26b5-4140-968f-0be63cb751d2	14	95676277	101362029	4158	-0.6486
22e5525a-26b5-4140-968f-0be63cb751d2	14	101363429	101549944	114	-0.7393
22e5525a-26b5-4140-968f-0be63cb751d2	14	101555070	105876933	1694	-0.562
22e5525a-26b5-4140-968f-0be63cb751d2	14	105877043	105981993	21	-0.0005
22e5525a-26b5-4140-968f-0be63cb751d2	14	105983580	106065610	23	-0.4576
22e5525a-26b5-4140-968f-0be63cb751d2	14	106068138	106340774	102	-2.0664
22e5525a-26b5-4140-968f-0be63cb751d2	14	106345431	106433474	39	-0.6065
22e5525a-26b5-4140-968f-0be63cb751d2	14	106434898	106475361	46	-0.2166
22e5525a-26b5-4140-968f-0be63cb751d2	14	106487515	106877229	193	-0.657
22e5525a-26b5-4140-968f-0be63cb751d2	15	19811075	21266991	171	0.3085
22e5525a-26b5-4140-968f-0be63cb751d2	15	21268107	22483983	40	0.8019
22e5525a-26b5-4140-968f-0be63cb751d2	15	22572323	34421922	7220	0.1444
22e5525a-26b5-4140-968f-0be63cb751d2	15	34430601	34526116	65	-0.6984
22e5525a-26b5-4140-968f-0be63cb751d2	15	34570058	40159581	4005	0.1079
22e5525a-26b5-4140-968f-0be63cb751d2	15	40160874	40389076	113	0.2113
22e5525a-26b5-4140-968f-0be63cb751d2	15	40390524	41725105	599	0.3038
22e5525a-26b5-4140-968f-0be63cb751d2	15	41729516	45258459	1652	0.2025
22e5525a-26b5-4140-968f-0be63cb751d2	15	45258801	62882024	12124	0.134
22e5525a-26b5-4140-968f-0be63cb751d2	15	62885816	65524604	1396	0.2198
22e5525a-26b5-4140-968f-0be63cb751d2	15	65525186	65526049	2	-2.8329
22e5525a-26b5-4140-968f-0be63cb751d2	15	65530196	78668460	7622	0.1981
22e5525a-26b5-4140-968f-0be63cb751d2	15	78669073	81796730	2262	0.1483
22e5525a-26b5-4140-968f-0be63cb751d2	15	81796850	81796869	2	1.3452
22e5525a-26b5-4140-968f-0be63cb751d2	15	81804153	83871965	1094	0.1632
22e5525a-26b5-4140-968f-0be63cb751d2	15	83871986	83874798	6	-1.1523
22e5525a-26b5-4140-968f-0be63cb751d2	15	83878525	88191115	2974	0.1408
22e5525a-26b5-4140-968f-0be63cb751d2	15	88191217	90124566	1199	0.2028
22e5525a-26b5-4140-968f-0be63cb751d2	15	90125747	90219801	66	0.4996
22e5525a-26b5-4140-968f-0be63cb751d2	15	90219891	91221758	649	0.2519
22e5525a-26b5-4140-968f-0be63cb751d2	15	91223841	101888834	8305	0.1278
22e5525a-26b5-4140-968f-0be63cb751d2	15	101888850	101928837	7	0.9832
22e5525a-26b5-4140-968f-0be63cb751d2	16	10777	1285620	428	-0.1136
22e5525a-26b5-4140-968f-0be63cb751d2	16	1286437	5156509	1796	-0.0144
22e5525a-26b5-4140-968f-0be63cb751d2	16	5158457	7714196	3096	-0.1896
22e5525a-26b5-4140-968f-0be63cb751d2	16	7714294	7714514	2	-1.8375
22e5525a-26b5-4140-968f-0be63cb751d2	16	7715394	10244394	2447	-0.1812
22e5525a-26b5-4140-968f-0be63cb751d2	16	10245284	17107658	4264	-0.1154
22e5525a-26b5-4140-968f-0be63cb751d2	16	17107805	17325749	203	-0.2947
22e5525a-26b5-4140-968f-0be63cb751d2	16	17327130	19933041	1235	-0.1224
22e5525a-26b5-4140-968f-0be63cb751d2	16	19934328	19956040	29	-1.0351
22e5525a-26b5-4140-968f-0be63cb751d2	16	19958932	20047451	69	-0.1438
22e5525a-26b5-4140-968f-0be63cb751d2	16	20047494	20047761	2	-1.3574
22e5525a-26b5-4140-968f-0be63cb751d2	16	20048355	20425820	294	-0.1689
22e5525a-26b5-4140-968f-0be63cb751d2	16	20426224	25748707	3008	-0.0984
22e5525a-26b5-4140-968f-0be63cb751d2	16	25749743	27132099	1166	-0.1873
22e5525a-26b5-4140-968f-0be63cb751d2	16	27132575	28157736	705	-0.1147
22e5525a-26b5-4140-968f-0be63cb751d2	16	28158015	29121655	249	-0.0116
22e5525a-26b5-4140-968f-0be63cb751d2	16	29121865	29122679	9	-0.926
22e5525a-26b5-4140-968f-0be63cb751d2	16	29122762	31509955	746	-0.0161
22e5525a-26b5-4140-968f-0be63cb751d2	16	31510013	50484106	3028	-0.1278
22e5525a-26b5-4140-968f-0be63cb751d2	16	50484125	56515004	4635	-0.1852
22e5525a-26b5-4140-968f-0be63cb751d2	16	56518628	58888288	1422	-0.0803
22e5525a-26b5-4140-968f-0be63cb751d2	16	58888699	66583134	5315	-0.1946
22e5525a-26b5-4140-968f-0be63cb751d2	16	66584426	70075886	1555	-0.0327
22e5525a-26b5-4140-968f-0be63cb751d2	16	70076087	70179141	31	-0.5545
22e5525a-26b5-4140-968f-0be63cb751d2	16	70200633	72684077	1102	-0.1117
22e5525a-26b5-4140-968f-0be63cb751d2	16	72686642	74166416	1081	-0.1868
22e5525a-26b5-4140-968f-0be63cb751d2	16	74166500	74346075	112	-0.1122
22e5525a-26b5-4140-968f-0be63cb751d2	16	74350360	74422703	10	-0.9767
22e5525a-26b5-4140-968f-0be63cb751d2	16	74431498	75811970	781	-0.0934
22e5525a-26b5-4140-968f-0be63cb751d2	16	75812266	78337711	2425	-0.1859
22e5525a-26b5-4140-968f-0be63cb751d2	16	78338543	78345778	13	-2.4493
22e5525a-26b5-4140-968f-0be63cb751d2	16	78349243	80781598	2871	-0.1949
22e5525a-26b5-4140-968f-0be63cb751d2	16	80783479	81164542	371	-0.1097
22e5525a-26b5-4140-968f-0be63cb751d2	16	81164577	81221461	69	-0.3328
22e5525a-26b5-4140-968f-0be63cb751d2	16	81221893	82126274	804	-0.1154
22e5525a-26b5-4140-968f-0be63cb751d2	16	82131709	84847871	3002	-0.1893
22e5525a-26b5-4140-968f-0be63cb751d2	16	84851699	85877917	669	-0.0767
22e5525a-26b5-4140-968f-0be63cb751d2	16	85877920	85959111	91	-0.3789
22e5525a-26b5-4140-968f-0be63cb751d2	16	85959126	87253611	1416	-0.1604
22e5525a-26b5-4140-968f-0be63cb751d2	16	87253917	88601643	692	-0.0704
22e5525a-26b5-4140-968f-0be63cb751d2	16	88601668	90096867	641	-0.1621
22e5525a-26b5-4140-968f-0be63cb751d2	17	150733	1236097	551	-0.7176
22e5525a-26b5-4140-968f-0be63cb751d2	17	1236662	2406836	603	-0.5569
22e5525a-26b5-4140-968f-0be63cb751d2	17	2408335	2409080	5	0.9644
22e5525a-26b5-4140-968f-0be63cb751d2	17	2413234	5349219	1579	-0.5934
22e5525a-26b5-4140-968f-0be63cb751d2	17	5349516	7046015	1234	-0.6858
22e5525a-26b5-4140-968f-0be63cb751d2	17	7049351	7653699	251	-0.2812
22e5525a-26b5-4140-968f-0be63cb751d2	17	7657183	8573374	442	-0.5518
22e5525a-26b5-4140-968f-0be63cb751d2	17	8573425	15586837	5332	-0.7304
22e5525a-26b5-4140-968f-0be63cb751d2	17	15587808	18380170	1379	-0.6375
22e5525a-26b5-4140-968f-0be63cb751d2	17	18380385	18606845	47	-0.0041
22e5525a-26b5-4140-968f-0be63cb751d2	17	18626375	32743067	4186	-0.6144
22e5525a-26b5-4140-968f-0be63cb751d2	17	32745375	34677114	1768	-0.7756
22e5525a-26b5-4140-968f-0be63cb751d2	17	34677670	36062578	830	-0.6613
22e5525a-26b5-4140-968f-0be63cb751d2	17	36063914	36157718	72	-0.9168
22e5525a-26b5-4140-968f-0be63cb751d2	17	36200725	36208249	2	1.5435
22e5525a-26b5-4140-968f-0be63cb751d2	17	36460442	36548281	78	-0.7267
22e5525a-26b5-4140-968f-0be63cb751d2	17	36549144	37884173	900	-0.6326
22e5525a-26b5-4140-968f-0be63cb751d2	17	37884725	40440173	1017	-0.5236
22e5525a-26b5-4140-968f-0be63cb751d2	17	40442920	41265456	525	-0.6743
22e5525a-26b5-4140-968f-0be63cb751d2	17	41266762	41274279	24	0.8038
22e5525a-26b5-4140-968f-0be63cb751d2	17	41276472	41276864	6	0.0445
22e5525a-26b5-4140-968f-0be63cb751d2	17	41276907	41550474	262	-0.6302
22e5525a-26b5-4140-968f-0be63cb751d2	17	41551041	43527057	918	-0.5058
22e5525a-26b5-4140-968f-0be63cb751d2	17	43530726	43534811	4	0.5867
22e5525a-26b5-4140-968f-0be63cb751d2	17	43534982	45675182	1008	-0.5325
22e5525a-26b5-4140-968f-0be63cb751d2	17	45676232	46085732	301	-0.6953
22e5525a-26b5-4140-968f-0be63cb751d2	17	46088437	46286804	124	0.1477
22e5525a-26b5-4140-968f-0be63cb751d2	17	46323701	51319054	2379	-0.5552
22e5525a-26b5-4140-968f-0be63cb751d2	17	51319512	58150867	4992	-0.6957
22e5525a-26b5-4140-968f-0be63cb751d2	17	58151506	68535022	5434	-0.5838
22e5525a-26b5-4140-968f-0be63cb751d2	17	68539318	73846381	4023	-0.6636
22e5525a-26b5-4140-968f-0be63cb751d2	17	73851784	73860625	13	-1.4419
22e5525a-26b5-4140-968f-0be63cb751d2	17	73867346	74675481	529	-0.7291
22e5525a-26b5-4140-968f-0be63cb751d2	17	74680224	79367431	2573	-0.5172
22e5525a-26b5-4140-968f-0be63cb751d2	17	79369452	79393019	19	0.232
22e5525a-26b5-4140-968f-0be63cb751d2	17	79404541	79471877	53	-0.8182
22e5525a-26b5-4140-968f-0be63cb751d2	17	79476792	80622240	569	-0.5441
22e5525a-26b5-4140-968f-0be63cb751d2	17	80622358	80660743	31	-0.7974
22e5525a-26b5-4140-968f-0be63cb751d2	17	80667490	80670218	3	-2.2726
22e5525a-26b5-4140-968f-0be63cb751d2	17	80682687	81154985	227	-0.6288
22e5525a-26b5-4140-968f-0be63cb751d2	17	81155072	81155301	3	-3.3767
22e5525a-26b5-4140-968f-0be63cb751d2	17	81158113	83091923	714	-0.5097
22e5525a-26b5-4140-968f-0be63cb751d2	18	48133	287745	97	0.1533
22e5525a-26b5-4140-968f-0be63cb751d2	18	288249	290824	10	0.7507
22e5525a-26b5-4140-968f-0be63cb751d2	18	293519	555074	249	0.0498
22e5525a-26b5-4140-968f-0be63cb751d2	18	555899	5960166	3865	0.1361
22e5525a-26b5-4140-968f-0be63cb751d2	18	5960389	6046305	102	-0.0578
22e5525a-26b5-4140-968f-0be63cb751d2	18	6049343	15082668	6028	0.1378
22e5525a-26b5-4140-968f-0be63cb751d2	18	15092487	15098542	2	1.5655
22e5525a-26b5-4140-968f-0be63cb751d2	18	15099163	24606920	2077	0.1586
22e5525a-26b5-4140-968f-0be63cb751d2	18	24607176	28607586	2638	0.1021
22e5525a-26b5-4140-968f-0be63cb751d2	18	28608019	28613572	10	0.7095
22e5525a-26b5-4140-968f-0be63cb751d2	18	28615803	34994253	3983	0.1106
22e5525a-26b5-4140-968f-0be63cb751d2	18	34995322	34995362	2	-1.1647
22e5525a-26b5-4140-968f-0be63cb751d2	18	35000439	40678763	3739	0.1005
22e5525a-26b5-4140-968f-0be63cb751d2	18	40680456	40680516	5	-0.6038
22e5525a-26b5-4140-968f-0be63cb751d2	18	40680526	40685425	14	-1.6619
22e5525a-26b5-4140-968f-0be63cb751d2	18	40688060	58263318	11910	0.1149
22e5525a-26b5-4140-968f-0be63cb751d2	18	58263630	58264440	11	-1.1753
22e5525a-26b5-4140-968f-0be63cb751d2	18	58265724	58266021	5	-0.135
22e5525a-26b5-4140-968f-0be63cb751d2	18	58267515	58268730	7	-1.0993
22e5525a-26b5-4140-968f-0be63cb751d2	18	58271707	65532829	5192	0.1229
22e5525a-26b5-4140-968f-0be63cb751d2	18	65532840	65537481	19	1.1442
22e5525a-26b5-4140-968f-0be63cb751d2	18	65540037	78561150	9891	0.1197
22e5525a-26b5-4140-968f-0be63cb751d2	18	78562479	78620238	38	0.6781
22e5525a-26b5-4140-968f-0be63cb751d2	18	78622921	80257174	874	0.1152
22e5525a-26b5-4140-968f-0be63cb751d2	19	90910	5506648	1594	-0.4137
22e5525a-26b5-4140-968f-0be63cb751d2	19	5510228	5510642	3	-2.3902
22e5525a-26b5-4140-968f-0be63cb751d2	19	5510689	20672792	7482	-0.4003
22e5525a-26b5-4140-968f-0be63cb751d2	19	20675606	24304880	2065	-0.5376
22e5525a-26b5-4140-968f-0be63cb751d2	19	24320970	27525385	44	-0.1112
22e5525a-26b5-4140-968f-0be63cb751d2	19	27541492	29517354	1480	-0.5641
22e5525a-26b5-4140-968f-0be63cb751d2	19	29518450	29808602	191	-0.4614
22e5525a-26b5-4140-968f-0be63cb751d2	19	29809086	29813976	6	0.1627
22e5525a-26b5-4140-968f-0be63cb751d2	19	29814032	29965945	121	-0.4115
22e5525a-26b5-4140-968f-0be63cb751d2	19	29965978	32477158	1847	-0.5887
22e5525a-26b5-4140-968f-0be63cb751d2	19	32482713	34942034	1579	-0.4498
22e5525a-26b5-4140-968f-0be63cb751d2	19	34943291	35358285	290	-0.3528
22e5525a-26b5-4140-968f-0be63cb751d2	19	35358319	35370877	23	0.1146
22e5525a-26b5-4140-968f-0be63cb751d2	19	35370946	36475663	541	-0.3256
22e5525a-26b5-4140-968f-0be63cb751d2	19	36480642	37581828	540	-0.4212
22e5525a-26b5-4140-968f-0be63cb751d2	19	37582026	37582366	2	-2.5382
22e5525a-26b5-4140-968f-0be63cb751d2	19	37587448	41494760	2048	-0.388
22e5525a-26b5-4140-968f-0be63cb751d2	19	41495302	44601651	1659	-0.4625
22e5525a-26b5-4140-968f-0be63cb751d2	19	44603762	49832569	2251	-0.3645
22e5525a-26b5-4140-968f-0be63cb751d2	19	49832615	56962752	4342	-0.432
22e5525a-26b5-4140-968f-0be63cb751d2	19	56963538	56966652	4	-2.0665
22e5525a-26b5-4140-968f-0be63cb751d2	19	56966951	58586487	990	-0.4398
22e5525a-26b5-4140-968f-0be63cb751d2	20	80664	1580141	1200	0.1045
22e5525a-26b5-4140-968f-0be63cb751d2	20	1580156	1613247	45	-0.6838
22e5525a-26b5-4140-968f-0be63cb751d2	20	1617300	2013704	341	0.0957
22e5525a-26b5-4140-968f-0be63cb751d2	20	2016124	2017002	3	-1.3992
22e5525a-26b5-4140-968f-0be63cb751d2	20	2019209	6240559	3020	0.1316
22e5525a-26b5-4140-968f-0be63cb751d2	20	6241121	26229983	15380	0.0508
22e5525a-26b5-4140-968f-0be63cb751d2	20	26239500	39119927	4214	0.1744
22e5525a-26b5-4140-968f-0be63cb751d2	20	39120429	43210782	3148	0.0535
22e5525a-26b5-4140-968f-0be63cb751d2	20	43211314	48879119	3940	0.1417
22e5525a-26b5-4140-968f-0be63cb751d2	20	48879178	49493038	367	0.2478
22e5525a-26b5-4140-968f-0be63cb751d2	20	49493237	52142261	1828	0.1514
22e5525a-26b5-4140-968f-0be63cb751d2	20	52145277	56521396	3496	0.0918
22e5525a-26b5-4140-968f-0be63cb751d2	20	56531077	56695969	104	0.2767
22e5525a-26b5-4140-968f-0be63cb751d2	20	56700846	62052191	4373	0.1037
22e5525a-26b5-4140-968f-0be63cb751d2	20	62055947	64324800	938	0.158
22e5525a-26b5-4140-968f-0be63cb751d2	21	10354168	10556313	49	-0.0073
22e5525a-26b5-4140-968f-0be63cb751d2	21	10558268	13008398	44	-0.385
22e5525a-26b5-4140-968f-0be63cb751d2	21	13013344	31060092	12796	0.1206
22e5525a-26b5-4140-968f-0be63cb751d2	21	31061819	34098827	2057	0.1928
22e5525a-26b5-4140-968f-0be63cb751d2	21	34099516	41432579	5850	0.1488
22e5525a-26b5-4140-968f-0be63cb751d2	21	41433522	46279942	2813	0.2198
22e5525a-26b5-4140-968f-0be63cb751d2	21	46280584	46677045	263	0.1032
22e5525a-26b5-4140-968f-0be63cb751d2	22	15294547	22113158	3119	0.0529
22e5525a-26b5-4140-968f-0be63cb751d2	22	22114208	22120255	7	-1.2939
22e5525a-26b5-4140-968f-0be63cb751d2	22	22127104	25484969	2293	0.0472
22e5525a-26b5-4140-968f-0be63cb751d2	22	25489221	25489737	3	-1.6795
22e5525a-26b5-4140-968f-0be63cb751d2	22	25490694	25740026	212	0.0501
22e5525a-26b5-4140-968f-0be63cb751d2	22	25742050	25742471	5	0.8905
22e5525a-26b5-4140-968f-0be63cb751d2	22	25742863	28694828	2612	0.0353
22e5525a-26b5-4140-968f-0be63cb751d2	22	28696193	29474269	475	0.1224
22e5525a-26b5-4140-968f-0be63cb751d2	22	29474323	29474386	3	1.842
22e5525a-26b5-4140-968f-0be63cb751d2	22	29485712	32083100	1459	0.1023
22e5525a-26b5-4140-968f-0be63cb751d2	22	32083942	32104287	12	-0.2969
22e5525a-26b5-4140-968f-0be63cb751d2	22	32107688	33066472	785	-0.0229
22e5525a-26b5-4140-968f-0be63cb751d2	22	33070172	33081987	13	0.7232
22e5525a-26b5-4140-968f-0be63cb751d2	22	33082280	36320269	2722	-0.0579
22e5525a-26b5-4140-968f-0be63cb751d2	22	36320356	37363897	731	0.0606
22e5525a-26b5-4140-968f-0be63cb751d2	22	37367822	38079098	319	0.2088
22e5525a-26b5-4140-968f-0be63cb751d2	22	38091764	38894915	430	0.0933
22e5525a-26b5-4140-968f-0be63cb751d2	22	38899250	38900899	3	-3.3594
22e5525a-26b5-4140-968f-0be63cb751d2	22	38903109	42067362	1730	0.0755
22e5525a-26b5-4140-968f-0be63cb751d2	22	42068925	42577696	256	-0.0495
22e5525a-26b5-4140-968f-0be63cb751d2	22	42579096	43522577	593	0.1138
22e5525a-26b5-4140-968f-0be63cb751d2	22	43522782	45035574	1252	0.0432
22e5525a-26b5-4140-968f-0be63cb751d2	22	45036131	46900516	1178	0.1139
22e5525a-26b5-4140-968f-0be63cb751d2	22	46900925	49066931	2019	0.0046
22e5525a-26b5-4140-968f-0be63cb751d2	22	49067124	49752676	612	-0.1215
22e5525a-26b5-4140-968f-0be63cb751d2	22	49755701	50796027	440	-0.0061
22e5525a-26b5-4140-968f-0be63cb751d2	X	251810	2795098	108	0.1155
22e5525a-26b5-4140-968f-0be63cb751d2	X	2796430	34102770	21170	-0.0441
22e5525a-26b5-4140-968f-0be63cb751d2	X	34103115	34104005	19	0.4358
22e5525a-26b5-4140-968f-0be63cb751d2	X	34104009	39865512	3444	-0.065
22e5525a-26b5-4140-968f-0be63cb751d2	X	39866159	41793925	963	0.0316
22e5525a-26b5-4140-968f-0be63cb751d2	X	41794428	44270804	1372	-0.0516
22e5525a-26b5-4140-968f-0be63cb751d2	X	44270977	48357673	2099	0.0075
22e5525a-26b5-4140-968f-0be63cb751d2	X	48357970	48443397	7	0.8318
22e5525a-26b5-4140-968f-0be63cb751d2	X	48449079	65893496	5433	-0.0082
22e5525a-26b5-4140-968f-0be63cb751d2	X	65900719	90215160	12113	-0.0384
22e5525a-26b5-4140-968f-0be63cb751d2	X	90217056	90372646	53	-1.009
22e5525a-26b5-4140-968f-0be63cb751d2	X	90372815	90632838	64	0.1558
22e5525a-26b5-4140-968f-0be63cb751d2	X	90634991	90656859	12	-0.65
22e5525a-26b5-4140-968f-0be63cb751d2	X	90674980	119452945	15468	0.0537
22e5525a-26b5-4140-968f-0be63cb751d2	X	119453040	120134410	347	0.1766
22e5525a-26b5-4140-968f-0be63cb751d2	X	120138706	149550633	17725	0.051
22e5525a-26b5-4140-968f-0be63cb751d2	X	149563013	149572955	9	-1.1198
22e5525a-26b5-4140-968f-0be63cb751d2	X	149604380	149758163	70	0.0231
22e5525a-26b5-4140-968f-0be63cb751d2	X	149793935	149934982	68	0.6079
22e5525a-26b5-4140-968f-0be63cb751d2	X	149935002	153612542	2305	0.0691
22e5525a-26b5-4140-968f-0be63cb751d2	X	153617361	154501356	336	0.2345
22e5525a-26b5-4140-968f-0be63cb751d2	X	154501551	155952689	497	0.1051
22e5525a-26b5-4140-968f-0be63cb751d2	Y	2782397	56872112	6631	-0.758
