GDC_Aliquot	Chromosome	Start	End	Num_Probes	Segment_Mean
7d50bbff-dd79-407c-8701-a42c332c404f	1	3301765	8400744	3238	0.0625
7d50bbff-dd79-407c-8701-a42c332c404f	1	8405609	10408661	914	-0.0008
7d50bbff-dd79-407c-8701-a42c332c404f	1	10424359	28503390	9312	-0.8013
7d50bbff-dd79-407c-8701-a42c332c404f	1	28513637	38905794	5708	0.0362
7d50bbff-dd79-407c-8701-a42c332c404f	1	38910281	39288861	172	-0.7886
7d50bbff-dd79-407c-8701-a42c332c404f	1	39294248	119984772	48776	0.0312
7d50bbff-dd79-407c-8701-a42c332c404f	1	146716041	158544407	4392	0.8177
7d50bbff-dd79-407c-8701-a42c332c404f	1	158544421	158545233	11	0.2138
7d50bbff-dd79-407c-8701-a42c332c404f	1	158545295	165422145	4741	0.825
7d50bbff-dd79-407c-8701-a42c332c404f	1	165422714	165423392	3	-0.446
7d50bbff-dd79-407c-8701-a42c332c404f	1	165424608	247650984	52515	0.8226
7d50bbff-dd79-407c-8701-a42c332c404f	2	480597	23803810	15267	0.0416
7d50bbff-dd79-407c-8701-a42c332c404f	2	23811308	29025738	2336	0.0004
7d50bbff-dd79-407c-8701-a42c332c404f	2	29026241	37237600	4755	0.0281
7d50bbff-dd79-407c-8701-a42c332c404f	2	37240922	46135538	5248	-0.7978
7d50bbff-dd79-407c-8701-a42c332c404f	2	46137453	85201667	21960	0.025
7d50bbff-dd79-407c-8701-a42c332c404f	2	85201737	85206976	3	-1.0611
7d50bbff-dd79-407c-8701-a42c332c404f	2	85211107	86570575	674	0.0137
7d50bbff-dd79-407c-8701-a42c332c404f	2	86582723	88831554	543	-0.7553
7d50bbff-dd79-407c-8701-a42c332c404f	2	94675825	100473220	2244	0.0166
7d50bbff-dd79-407c-8701-a42c332c404f	2	100474680	106045930	3630	-0.8095
7d50bbff-dd79-407c-8701-a42c332c404f	2	106049442	109527399	1978	0.0313
7d50bbff-dd79-407c-8701-a42c332c404f	2	109527695	114051721	1716	-0.0035
7d50bbff-dd79-407c-8701-a42c332c404f	2	114052456	122768529	4828	0.0358
7d50bbff-dd79-407c-8701-a42c332c404f	2	122768812	122780435	4	-0.7961
7d50bbff-dd79-407c-8701-a42c332c404f	2	122781014	141369810	9021	0.0306
7d50bbff-dd79-407c-8701-a42c332c404f	2	141371954	208926955	38142	0.0108
7d50bbff-dd79-407c-8701-a42c332c404f	2	208927483	234584625	15709	0.0234
7d50bbff-dd79-407c-8701-a42c332c404f	2	234584916	240445344	3649	0.051
7d50bbff-dd79-407c-8701-a42c332c404f	2	240445982	241537572	519	0.0211
7d50bbff-dd79-407c-8701-a42c332c404f	3	2170634	53183934	29287	0.032
7d50bbff-dd79-407c-8701-a42c332c404f	3	53190213	78609012	16191	0.0473
7d50bbff-dd79-407c-8701-a42c332c404f	3	78609451	197812401	61752	0.0309
7d50bbff-dd79-407c-8701-a42c332c404f	4	1059384	3114566	792	0.0328
7d50bbff-dd79-407c-8701-a42c332c404f	4	3116104	7610788	2908	0.0667
7d50bbff-dd79-407c-8701-a42c332c404f	4	7611140	187842528	99849	0.0321
7d50bbff-dd79-407c-8701-a42c332c404f	5	913983	3700054	1693	0.0679
7d50bbff-dd79-407c-8701-a42c332c404f	5	3701929	167830204	91769	0.0265
7d50bbff-dd79-407c-8701-a42c332c404f	5	167831667	174086508	4275	0.0407
7d50bbff-dd79-407c-8701-a42c332c404f	5	174088776	174090338	2	-1.0431
7d50bbff-dd79-407c-8701-a42c332c404f	5	174090740	180934240	3430	0.0499
7d50bbff-dd79-407c-8701-a42c332c404f	6	1011760	11035383	7104	0.0433
7d50bbff-dd79-407c-8701-a42c332c404f	6	11035739	17263038	4485	0.0113
7d50bbff-dd79-407c-8701-a42c332c404f	6	17263126	22467372	3628	0.04
7d50bbff-dd79-407c-8701-a42c332c404f	6	22469054	22469730	2	-1.0948
7d50bbff-dd79-407c-8701-a42c332c404f	6	22470022	24710254	1614	0.0504
7d50bbff-dd79-407c-8701-a42c332c404f	6	24712959	39155344	6217	-0.0003
7d50bbff-dd79-407c-8701-a42c332c404f	6	39156232	99355053	31897	0.0291
7d50bbff-dd79-407c-8701-a42c332c404f	6	99359251	99999914	427	-0.755
7d50bbff-dd79-407c-8701-a42c332c404f	6	100007593	114227055	8457	0.0251
7d50bbff-dd79-407c-8701-a42c332c404f	6	114227576	116254009	1010	-0.737
7d50bbff-dd79-407c-8701-a42c332c404f	6	116254181	116254210	2	-2.4816
7d50bbff-dd79-407c-8701-a42c332c404f	6	116255630	117813347	879	-0.7682
7d50bbff-dd79-407c-8701-a42c332c404f	6	117822683	117868903	18	0.0642
7d50bbff-dd79-407c-8701-a42c332c404f	6	117870007	121352658	1698	-0.7442
7d50bbff-dd79-407c-8701-a42c332c404f	6	121353191	121353232	2	-2.2911
7d50bbff-dd79-407c-8701-a42c332c404f	6	121354297	123934233	1436	-0.7526
7d50bbff-dd79-407c-8701-a42c332c404f	6	123935320	123936198	5	-2.8165
7d50bbff-dd79-407c-8701-a42c332c404f	6	123940169	136609472	8150	-0.7711
7d50bbff-dd79-407c-8701-a42c332c404f	6	136613610	141648860	2741	0.0315
7d50bbff-dd79-407c-8701-a42c332c404f	6	141650565	141651512	3	-0.9051
7d50bbff-dd79-407c-8701-a42c332c404f	6	141653578	163062046	13796	0.0408
7d50bbff-dd79-407c-8701-a42c332c404f	6	163062699	164282848	853	0.0788
7d50bbff-dd79-407c-8701-a42c332c404f	6	164283260	164383355	2	1.0903
7d50bbff-dd79-407c-8701-a42c332c404f	6	164391556	170596889	2773	0.0647
7d50bbff-dd79-407c-8701-a42c332c404f	7	664936	158592540	81980	0.0258
7d50bbff-dd79-407c-8701-a42c332c404f	8	667625	10843604	4615	0.0583
7d50bbff-dd79-407c-8701-a42c332c404f	8	10844449	10845024	2	-1.1079
7d50bbff-dd79-407c-8701-a42c332c404f	8	10845783	53679525	24220	0.0361
7d50bbff-dd79-407c-8701-a42c332c404f	8	53682642	115242685	34945	0.0067
7d50bbff-dd79-407c-8701-a42c332c404f	8	115242924	115259778	16	-0.8365
7d50bbff-dd79-407c-8701-a42c332c404f	8	115264954	136474553	14883	-0.0002
7d50bbff-dd79-407c-8701-a42c332c404f	8	136474566	144182542	3586	0.025
7d50bbff-dd79-407c-8701-a42c332c404f	9	789794	138044505	68514	0.0463
7d50bbff-dd79-407c-8701-a42c332c404f	10	366509	3372933	1580	0.0628
7d50bbff-dd79-407c-8701-a42c332c404f	10	3375196	17463468	10990	0.0303
7d50bbff-dd79-407c-8701-a42c332c404f	10	17465137	17465414	2	-1.4073
7d50bbff-dd79-407c-8701-a42c332c404f	10	17468712	113380497	55689	0.0295
7d50bbff-dd79-407c-8701-a42c332c404f	10	113382501	133411599	13079	0.0516
7d50bbff-dd79-407c-8701-a42c332c404f	11	456012	38545885	24227	0.0403
7d50bbff-dd79-407c-8701-a42c332c404f	11	38551790	38839801	167	-0.7083
7d50bbff-dd79-407c-8701-a42c332c404f	11	38847046	38931527	57	0.0214
7d50bbff-dd79-407c-8701-a42c332c404f	11	38946110	39345863	216	0.2644
7d50bbff-dd79-407c-8701-a42c332c404f	11	39348060	39369157	14	0.3245
7d50bbff-dd79-407c-8701-a42c332c404f	11	39372501	39821095	277	0.6106
7d50bbff-dd79-407c-8701-a42c332c404f	11	39825624	40231737	286	0.4376
7d50bbff-dd79-407c-8701-a42c332c404f	11	40233191	41204308	680	0.6114
7d50bbff-dd79-407c-8701-a42c332c404f	11	41204479	42397743	804	0.4454
7d50bbff-dd79-407c-8701-a42c332c404f	11	42399007	42872303	343	0.7496
7d50bbff-dd79-407c-8701-a42c332c404f	11	42876382	42905220	24	0.5883
7d50bbff-dd79-407c-8701-a42c332c404f	11	42911950	46325615	2272	0.0364
7d50bbff-dd79-407c-8701-a42c332c404f	11	46327078	46535915	78	0.4332
7d50bbff-dd79-407c-8701-a42c332c404f	11	46539273	60315028	3534	0.025
7d50bbff-dd79-407c-8701-a42c332c404f	11	60315355	60695482	224	-0.7645
7d50bbff-dd79-407c-8701-a42c332c404f	11	60697688	61130533	277	1.3817
7d50bbff-dd79-407c-8701-a42c332c404f	11	61131504	61953405	350	1.7047
7d50bbff-dd79-407c-8701-a42c332c404f	11	61956837	66492717	1580	-0.793
7d50bbff-dd79-407c-8701-a42c332c404f	11	66504766	66567837	23	0.4728
7d50bbff-dd79-407c-8701-a42c332c404f	11	66577851	66684491	36	0.8175
7d50bbff-dd79-407c-8701-a42c332c404f	11	66690573	66841520	48	0.086
7d50bbff-dd79-407c-8701-a42c332c404f	11	66852333	67235918	143	0.811
7d50bbff-dd79-407c-8701-a42c332c404f	11	67236827	67489030	92	1.014
7d50bbff-dd79-407c-8701-a42c332c404f	11	67490085	69678503	913	1.2592
7d50bbff-dd79-407c-8701-a42c332c404f	11	69688161	69968824	130	0.9781
7d50bbff-dd79-407c-8701-a42c332c404f	11	69974461	70481200	284	1.2088
7d50bbff-dd79-407c-8701-a42c332c404f	11	70491272	72127489	837	-0.7858
7d50bbff-dd79-407c-8701-a42c332c404f	11	72128352	72619423	213	0.5014
7d50bbff-dd79-407c-8701-a42c332c404f	11	72621171	72884694	114	0.7715
7d50bbff-dd79-407c-8701-a42c332c404f	11	72889434	73651030	341	0.4887
7d50bbff-dd79-407c-8701-a42c332c404f	11	73652165	73896042	133	0.769
7d50bbff-dd79-407c-8701-a42c332c404f	11	73900081	73900630	5	-0.8796
7d50bbff-dd79-407c-8701-a42c332c404f	11	73902560	74594573	387	0.7705
7d50bbff-dd79-407c-8701-a42c332c404f	11	74596569	74753753	94	0.8432
7d50bbff-dd79-407c-8701-a42c332c404f	11	74754023	74838562	58	1.0151
7d50bbff-dd79-407c-8701-a42c332c404f	11	74841414	75167545	172	0.793
7d50bbff-dd79-407c-8701-a42c332c404f	11	75167841	75205701	22	1.1839
7d50bbff-dd79-407c-8701-a42c332c404f	11	75207903	75279610	24	0.8647
7d50bbff-dd79-407c-8701-a42c332c404f	11	75280652	75764617	312	1.2324
7d50bbff-dd79-407c-8701-a42c332c404f	11	75767569	76479877	347	0.9908
7d50bbff-dd79-407c-8701-a42c332c404f	11	76480593	77633396	621	0.9068
7d50bbff-dd79-407c-8701-a42c332c404f	11	77635840	78192389	283	1.0606
7d50bbff-dd79-407c-8701-a42c332c404f	11	78198414	78405913	116	0.5153
7d50bbff-dd79-407c-8701-a42c332c404f	11	78409225	83677098	3596	0.0577
7d50bbff-dd79-407c-8701-a42c332c404f	11	83683808	83707350	17	0.9059
7d50bbff-dd79-407c-8701-a42c332c404f	11	83709512	88781692	3141	0.0321
7d50bbff-dd79-407c-8701-a42c332c404f	11	88786327	88982204	115	-0.7781
7d50bbff-dd79-407c-8701-a42c332c404f	11	88992904	88999361	3	1.326
7d50bbff-dd79-407c-8701-a42c332c404f	11	89001816	93515317	2284	-0.7568
7d50bbff-dd79-407c-8701-a42c332c404f	11	93515715	93515795	2	-2.5961
7d50bbff-dd79-407c-8701-a42c332c404f	11	93519948	94415438	583	-0.7746
7d50bbff-dd79-407c-8701-a42c332c404f	11	94420377	95175515	576	0.0167
7d50bbff-dd79-407c-8701-a42c332c404f	11	95183512	95710167	409	-0.815
7d50bbff-dd79-407c-8701-a42c332c404f	11	95717414	95740201	18	-0.0945
7d50bbff-dd79-407c-8701-a42c332c404f	11	95740950	95748585	4	0.3944
7d50bbff-dd79-407c-8701-a42c332c404f	11	95748884	95771614	19	0.0015
7d50bbff-dd79-407c-8701-a42c332c404f	11	95779085	95827207	24	-0.7024
7d50bbff-dd79-407c-8701-a42c332c404f	11	95831014	95945403	61	-0.0109
7d50bbff-dd79-407c-8701-a42c332c404f	11	95947713	95973802	24	-0.6987
7d50bbff-dd79-407c-8701-a42c332c404f	11	95974049	95977650	4	-1.3192
7d50bbff-dd79-407c-8701-a42c332c404f	11	95977829	95990421	11	-0.8018
7d50bbff-dd79-407c-8701-a42c332c404f	11	95992461	95997007	8	-0.015
7d50bbff-dd79-407c-8701-a42c332c404f	11	96002124	97369924	968	-0.774
7d50bbff-dd79-407c-8701-a42c332c404f	11	97372424	99018791	954	0.043
7d50bbff-dd79-407c-8701-a42c332c404f	11	99023116	117653740	12070	-0.7694
7d50bbff-dd79-407c-8701-a42c332c404f	11	117654749	117657661	2	-3.8913
7d50bbff-dd79-407c-8701-a42c332c404f	11	117658907	134272740	11474	-0.7912
7d50bbff-dd79-407c-8701-a42c332c404f	12	780472	6048088	3397	0.0552
7d50bbff-dd79-407c-8701-a42c332c404f	12	6053413	46283126	20469	0.0356
7d50bbff-dd79-407c-8701-a42c332c404f	12	46283501	52078543	2952	0.0036
7d50bbff-dd79-407c-8701-a42c332c404f	12	52083363	125025558	44071	0.0332
7d50bbff-dd79-407c-8701-a42c332c404f	12	125026997	132605822	3492	0.058
7d50bbff-dd79-407c-8701-a42c332c404f	13	18874255	67548106	27670	0.0359
7d50bbff-dd79-407c-8701-a42c332c404f	13	67576999	73056809	3176	-0.7487
7d50bbff-dd79-407c-8701-a42c332c404f	13	73065554	73473054	328	0.0461
7d50bbff-dd79-407c-8701-a42c332c404f	13	73473328	73922259	320	-0.7974
7d50bbff-dd79-407c-8701-a42c332c404f	13	73924267	74235402	270	0.0435
7d50bbff-dd79-407c-8701-a42c332c404f	13	74242134	74266785	17	-0.7184
7d50bbff-dd79-407c-8701-a42c332c404f	13	74267128	74290329	20	0.0335
7d50bbff-dd79-407c-8701-a42c332c404f	13	74292586	75720751	943	-0.7489
7d50bbff-dd79-407c-8701-a42c332c404f	13	75736323	76458421	574	0.0224
7d50bbff-dd79-407c-8701-a42c332c404f	13	76459563	77022696	428	-0.7906
7d50bbff-dd79-407c-8701-a42c332c404f	13	77026273	114226675	23269	0.0401
7d50bbff-dd79-407c-8701-a42c332c404f	14	20033191	105533894	49811	0.0324
7d50bbff-dd79-407c-8701-a42c332c404f	15	23437561	94369101	40476	0.0431
7d50bbff-dd79-407c-8701-a42c332c404f	15	94369228	98586733	2951	0.0734
7d50bbff-dd79-407c-8701-a42c332c404f	15	98586788	101344124	1382	0.0335
7d50bbff-dd79-407c-8701-a42c332c404f	16	603333	3801224	995	0.5336
7d50bbff-dd79-407c-8701-a42c332c404f	16	3802433	3802528	2	-0.6954
7d50bbff-dd79-407c-8701-a42c332c404f	16	3805649	4869332	563	0.5252
7d50bbff-dd79-407c-8701-a42c332c404f	16	4869595	11168926	4215	0.5747
7d50bbff-dd79-407c-8701-a42c332c404f	16	11169699	11945971	453	0.5027
7d50bbff-dd79-407c-8701-a42c332c404f	16	11947861	28093903	6961	0.546
7d50bbff-dd79-407c-8701-a42c332c404f	16	28093928	31841585	859	0.491
7d50bbff-dd79-407c-8701-a42c332c404f	16	46470502	57056163	7032	-0.746
7d50bbff-dd79-407c-8701-a42c332c404f	16	57058065	57956331	529	-0.8568
7d50bbff-dd79-407c-8701-a42c332c404f	16	57958833	81308609	14617	-0.7506
7d50bbff-dd79-407c-8701-a42c332c404f	16	81311719	83310110	1671	-0.8195
7d50bbff-dd79-407c-8701-a42c332c404f	16	83311762	83811664	641	-0.7645
7d50bbff-dd79-407c-8701-a42c332c404f	16	83817468	83828012	11	-1.7377
7d50bbff-dd79-407c-8701-a42c332c404f	16	83828995	89317317	2601	-0.7932
7d50bbff-dd79-407c-8701-a42c332c404f	17	1074619	17017254	8032	-0.763
7d50bbff-dd79-407c-8701-a42c332c404f	17	17024985	17030669	3	-2.8769
7d50bbff-dd79-407c-8701-a42c332c404f	17	17030814	19757806	1145	-0.7702
7d50bbff-dd79-407c-8701-a42c332c404f	17	19762852	33016157	3268	0.0325
7d50bbff-dd79-407c-8701-a42c332c404f	17	33016436	34834048	795	0.0825
7d50bbff-dd79-407c-8701-a42c332c404f	17	34834155	71433811	18787	0.0176
7d50bbff-dd79-407c-8701-a42c332c404f	17	71433819	72916298	1173	0.0657
7d50bbff-dd79-407c-8701-a42c332c404f	17	72916326	82959812	4067	0.0234
7d50bbff-dd79-407c-8701-a42c332c404f	18	326691	79349796	42944	-0.5556
7d50bbff-dd79-407c-8701-a42c332c404f	19	283868	1731832	290	0.0452
7d50bbff-dd79-407c-8701-a42c332c404f	19	1846112	3352450	454	-0.7521
7d50bbff-dd79-407c-8701-a42c332c404f	19	3354958	7549791	1409	0.0447
7d50bbff-dd79-407c-8701-a42c332c404f	19	7550979	7554353	2	-1.5362
7d50bbff-dd79-407c-8701-a42c332c404f	19	7557818	35288519	12164	0.0369
7d50bbff-dd79-407c-8701-a42c332c404f	19	35288644	46407870	4890	0.0097
7d50bbff-dd79-407c-8701-a42c332c404f	19	46407925	49244567	1182	0.0359
7d50bbff-dd79-407c-8701-a42c332c404f	19	49249680	49290286	27	-0.569
7d50bbff-dd79-407c-8701-a42c332c404f	19	49292578	58370362	3744	0.0253
7d50bbff-dd79-407c-8701-a42c332c404f	20	472817	2067190	987	0.0032
7d50bbff-dd79-407c-8701-a42c332c404f	20	2068452	25682550	15820	0.0529
7d50bbff-dd79-407c-8701-a42c332c404f	20	25684831	37381869	3131	0.0092
7d50bbff-dd79-407c-8701-a42c332c404f	20	37382727	63588502	17632	0.0439
7d50bbff-dd79-407c-8701-a42c332c404f	21	13974127	32686989	12033	0.0525
7d50bbff-dd79-407c-8701-a42c332c404f	21	32688850	35538073	1867	0.014
7d50bbff-dd79-407c-8701-a42c332c404f	21	35538367	46262057	6707	0.0519
7d50bbff-dd79-407c-8701-a42c332c404f	22	16934932	37066886	9901	0.063
7d50bbff-dd79-407c-8701-a42c332c404f	22	37066944	41534013	2175	0.0134
7d50bbff-dd79-407c-8701-a42c332c404f	22	41536411	48940621	5023	0.0576
7d50bbff-dd79-407c-8701-a42c332c404f	X	3236359	38313578	15627	0.0077
7d50bbff-dd79-407c-8701-a42c332c404f	X	38322998	38377193	48	-0.8973
7d50bbff-dd79-407c-8701-a42c332c404f	X	38378672	155677414	48322	0.0006
