GDC_Aliquot	Chromosome	Start	End	Num_Probes	Segment_Mean
d8bafd3e-45a4-4392-b06d-554c5d2eb95a	1	3301765	33752330	16222	-0.0236
d8bafd3e-45a4-4392-b06d-554c5d2eb95a	1	33754780	33756209	2	-1.6025
d8bafd3e-45a4-4392-b06d-554c5d2eb95a	1	33765616	46531455	6894	-0.0176
d8bafd3e-45a4-4392-b06d-554c5d2eb95a	1	46531562	72542484	16523	0.0101
d8bafd3e-45a4-4392-b06d-554c5d2eb95a	1	72631417	73390283	448	-0.4309
d8bafd3e-45a4-4392-b06d-554c5d2eb95a	1	73394860	99492367	15882	0.0166
d8bafd3e-45a4-4392-b06d-554c5d2eb95a	1	99496923	116854064	10160	-0.4447
d8bafd3e-45a4-4392-b06d-554c5d2eb95a	1	116854655	150979001	2248	0.0094
d8bafd3e-45a4-4392-b06d-554c5d2eb95a	1	150979329	155269646	2155	0.3636
d8bafd3e-45a4-4392-b06d-554c5d2eb95a	1	155269670	156136578	351	0.2891
d8bafd3e-45a4-4392-b06d-554c5d2eb95a	1	156137384	183991920	18370	0.3822
d8bafd3e-45a4-4392-b06d-554c5d2eb95a	1	183992509	199065111	8764	0.6766
d8bafd3e-45a4-4392-b06d-554c5d2eb95a	1	199068914	247650984	31436	0.3927
d8bafd3e-45a4-4392-b06d-554c5d2eb95a	2	480597	74368356	43612	0.0105
d8bafd3e-45a4-4392-b06d-554c5d2eb95a	2	74369183	74369513	3	-1.2739
d8bafd3e-45a4-4392-b06d-554c5d2eb95a	2	74369526	138311046	28691	0.01
d8bafd3e-45a4-4392-b06d-554c5d2eb95a	2	138312265	148013191	5507	-0.4964
d8bafd3e-45a4-4392-b06d-554c5d2eb95a	2	148018009	181742496	20340	0.0279
d8bafd3e-45a4-4392-b06d-554c5d2eb95a	2	181743594	181745008	3	-1.1589
d8bafd3e-45a4-4392-b06d-554c5d2eb95a	2	181747854	216007487	18155	0.0257
d8bafd3e-45a4-4392-b06d-554c5d2eb95a	2	216009850	216026896	14	-0.7265
d8bafd3e-45a4-4392-b06d-554c5d2eb95a	2	216026941	241537572	15568	0.0041
d8bafd3e-45a4-4392-b06d-554c5d2eb95a	3	2170634	9998989	4529	0.0587
d8bafd3e-45a4-4392-b06d-554c5d2eb95a	3	9999712	34341476	14717	0.4072
d8bafd3e-45a4-4392-b06d-554c5d2eb95a	3	34345571	41872696	4693	0.0215
d8bafd3e-45a4-4392-b06d-554c5d2eb95a	3	42174077	73945739	19043	-0.5334
d8bafd3e-45a4-4392-b06d-554c5d2eb95a	3	73945812	88630614	7310	-0.4775
d8bafd3e-45a4-4392-b06d-554c5d2eb95a	3	88630868	113741327	11615	0.022
d8bafd3e-45a4-4392-b06d-554c5d2eb95a	3	113741582	114508685	391	0.3389
d8bafd3e-45a4-4392-b06d-554c5d2eb95a	3	114510748	186024514	38032	0.0235
d8bafd3e-45a4-4392-b06d-554c5d2eb95a	3	186034274	186069424	45	-0.5097
d8bafd3e-45a4-4392-b06d-554c5d2eb95a	3	186069736	197812401	6514	0.0173
d8bafd3e-45a4-4392-b06d-554c5d2eb95a	4	1059384	5631961	2239	0.364
d8bafd3e-45a4-4392-b06d-554c5d2eb95a	4	5634378	5634816	2	-1.0853
d8bafd3e-45a4-4392-b06d-554c5d2eb95a	4	5636789	20786400	9942	0.377
d8bafd3e-45a4-4392-b06d-554c5d2eb95a	4	20786709	67544895	25314	0.0179
d8bafd3e-45a4-4392-b06d-554c5d2eb95a	4	67546430	158529131	50377	0.037
d8bafd3e-45a4-4392-b06d-554c5d2eb95a	4	158532464	179566278	11383	0.0176
d8bafd3e-45a4-4392-b06d-554c5d2eb95a	4	179569094	180175061	347	0.3917
d8bafd3e-45a4-4392-b06d-554c5d2eb95a	4	180175234	182044010	1098	0.0139
d8bafd3e-45a4-4392-b06d-554c5d2eb95a	4	182044440	182045071	2	-1.4661
d8bafd3e-45a4-4392-b06d-554c5d2eb95a	4	182046392	187842528	2523	-0.0116
d8bafd3e-45a4-4392-b06d-554c5d2eb95a	5	913983	50982904	26153	0.0298
d8bafd3e-45a4-4392-b06d-554c5d2eb95a	5	50983421	98363947	26044	-0.517
d8bafd3e-45a4-4392-b06d-554c5d2eb95a	5	98364346	98364587	2	-2.5584
d8bafd3e-45a4-4392-b06d-554c5d2eb95a	5	98364759	98749511	233	-0.5103
d8bafd3e-45a4-4392-b06d-554c5d2eb95a	5	98753881	98755278	2	-2.304
d8bafd3e-45a4-4392-b06d-554c5d2eb95a	5	98760265	106311229	3057	-0.4944
d8bafd3e-45a4-4392-b06d-554c5d2eb95a	5	106312382	149523505	25790	0.0314
d8bafd3e-45a4-4392-b06d-554c5d2eb95a	5	149524332	161245007	7781	0.0061
d8bafd3e-45a4-4392-b06d-554c5d2eb95a	5	161257322	162477481	663	-0.5646
d8bafd3e-45a4-4392-b06d-554c5d2eb95a	5	162479778	162498059	26	-1.2249
d8bafd3e-45a4-4392-b06d-554c5d2eb95a	5	162502488	180934240	11041	-0.5824
d8bafd3e-45a4-4392-b06d-554c5d2eb95a	6	1011760	1631322	523	-0.2881
d8bafd3e-45a4-4392-b06d-554c5d2eb95a	6	1636101	2232574	407	-0.2485
d8bafd3e-45a4-4392-b06d-554c5d2eb95a	6	2235276	3919685	1252	0.0308
d8bafd3e-45a4-4392-b06d-554c5d2eb95a	6	3920483	47403954	25983	0.008
d8bafd3e-45a4-4392-b06d-554c5d2eb95a	6	47404156	81768232	17091	0.0269
d8bafd3e-45a4-4392-b06d-554c5d2eb95a	6	81778793	141046572	33953	-0.5491
d8bafd3e-45a4-4392-b06d-554c5d2eb95a	6	141051485	141060995	7	-1.761
d8bafd3e-45a4-4392-b06d-554c5d2eb95a	6	141061995	154780324	9022	-0.5557
d8bafd3e-45a4-4392-b06d-554c5d2eb95a	6	154781528	170596889	8612	-0.59
d8bafd3e-45a4-4392-b06d-554c5d2eb95a	7	664936	2966587	743	0.0209
d8bafd3e-45a4-4392-b06d-554c5d2eb95a	7	2967287	6739639	1562	-0.0283
d8bafd3e-45a4-4392-b06d-554c5d2eb95a	7	6758397	21222433	8058	0.0377
d8bafd3e-45a4-4392-b06d-554c5d2eb95a	7	21231415	21231678	2	-1.6883
d8bafd3e-45a4-4392-b06d-554c5d2eb95a	7	21231929	25991057	3531	0.0152
d8bafd3e-45a4-4392-b06d-554c5d2eb95a	7	25995407	37740623	7540	-0.5239
d8bafd3e-45a4-4392-b06d-554c5d2eb95a	7	37742685	66265811	12676	0.0129
d8bafd3e-45a4-4392-b06d-554c5d2eb95a	7	66279389	67056110	241	0.3381
d8bafd3e-45a4-4392-b06d-554c5d2eb95a	7	67058534	72872372	3209	-0.0207
d8bafd3e-45a4-4392-b06d-554c5d2eb95a	7	72880997	73615549	128	0.2854
d8bafd3e-45a4-4392-b06d-554c5d2eb95a	7	73626554	77161900	800	-0.0387
d8bafd3e-45a4-4392-b06d-554c5d2eb95a	7	77162396	97218716	11031	0.0289
d8bafd3e-45a4-4392-b06d-554c5d2eb95a	7	97219321	103296374	2309	-0.0189
d8bafd3e-45a4-4392-b06d-554c5d2eb95a	7	103297437	124887692	11891	0.0281
d8bafd3e-45a4-4392-b06d-554c5d2eb95a	7	124888112	158592540	18012	0.0062
d8bafd3e-45a4-4392-b06d-554c5d2eb95a	8	667625	29470407	17253	-0.5731
d8bafd3e-45a4-4392-b06d-554c5d2eb95a	8	29472663	49680144	9147	0.0089
d8bafd3e-45a4-4392-b06d-554c5d2eb95a	8	49681250	87708226	21791	0.4128
d8bafd3e-45a4-4392-b06d-554c5d2eb95a	8	87710253	127430224	23551	0.6898
d8bafd3e-45a4-4392-b06d-554c5d2eb95a	8	127435304	127440521	2	-0.755
d8bafd3e-45a4-4392-b06d-554c5d2eb95a	8	127441520	140354093	9584	0.6752
d8bafd3e-45a4-4392-b06d-554c5d2eb95a	8	140356271	141199444	150	0.8954
d8bafd3e-45a4-4392-b06d-554c5d2eb95a	8	141199468	144017679	499	0.6596
d8bafd3e-45a4-4392-b06d-554c5d2eb95a	8	144044224	144182542	41	0.495
d8bafd3e-45a4-4392-b06d-554c5d2eb95a	9	789794	18796251	11240	-0.5309
d8bafd3e-45a4-4392-b06d-554c5d2eb95a	9	18796476	18798605	2	-3.8076
d8bafd3e-45a4-4392-b06d-554c5d2eb95a	9	18798780	30976512	7392	-0.5303
d8bafd3e-45a4-4392-b06d-554c5d2eb95a	9	30976604	138044505	49649	0.0005
d8bafd3e-45a4-4392-b06d-554c5d2eb95a	10	366509	20538176	14699	0.0015
d8bafd3e-45a4-4392-b06d-554c5d2eb95a	10	20538218	20551945	14	-0.4511
d8bafd3e-45a4-4392-b06d-554c5d2eb95a	10	20573498	74211337	28893	0.0084
d8bafd3e-45a4-4392-b06d-554c5d2eb95a	10	74216391	74369074	63	0.2964
d8bafd3e-45a4-4392-b06d-554c5d2eb95a	10	74369770	87870165	8687	0.6282
d8bafd3e-45a4-4392-b06d-554c5d2eb95a	10	87871755	87975840	167	0.4655
d8bafd3e-45a4-4392-b06d-554c5d2eb95a	10	87976151	94313856	3845	0.6448
d8bafd3e-45a4-4392-b06d-554c5d2eb95a	10	94313938	103755398	5185	0.602
d8bafd3e-45a4-4392-b06d-554c5d2eb95a	10	103756892	104175677	286	0.6609
d8bafd3e-45a4-4392-b06d-554c5d2eb95a	10	104179912	133411599	19246	0.0033
d8bafd3e-45a4-4392-b06d-554c5d2eb95a	11	456012	5265032	2077	-0.5667
d8bafd3e-45a4-4392-b06d-554c5d2eb95a	11	5266572	19088157	9446	0.0035
d8bafd3e-45a4-4392-b06d-554c5d2eb95a	11	19088235	42406442	15140	0.0243
d8bafd3e-45a4-4392-b06d-554c5d2eb95a	11	42406607	79400778	15202	0.0004
d8bafd3e-45a4-4392-b06d-554c5d2eb95a	11	79403929	80050720	467	-0.5842
d8bafd3e-45a4-4392-b06d-554c5d2eb95a	11	80055895	80056114	3	-2.2501
d8bafd3e-45a4-4392-b06d-554c5d2eb95a	11	80057992	80078585	23	-0.4561
d8bafd3e-45a4-4392-b06d-554c5d2eb95a	11	80081175	80081191	2	-2.9434
d8bafd3e-45a4-4392-b06d-554c5d2eb95a	11	80081478	80588608	406	-0.5586
d8bafd3e-45a4-4392-b06d-554c5d2eb95a	11	80588737	109056952	17241	-0.5366
d8bafd3e-45a4-4392-b06d-554c5d2eb95a	11	109057079	125406561	11296	-0.5767
d8bafd3e-45a4-4392-b06d-554c5d2eb95a	11	125406847	125410329	4	-2.4434
d8bafd3e-45a4-4392-b06d-554c5d2eb95a	11	125411340	134272740	5979	-0.5764
d8bafd3e-45a4-4392-b06d-554c5d2eb95a	12	780472	50025357	25733	0.013
d8bafd3e-45a4-4392-b06d-554c5d2eb95a	12	50026220	50034954	2	-1.3017
d8bafd3e-45a4-4392-b06d-554c5d2eb95a	12	50036325	56387641	3377	0.0162
d8bafd3e-45a4-4392-b06d-554c5d2eb95a	12	56387660	68453937	7405	0.2357
d8bafd3e-45a4-4392-b06d-554c5d2eb95a	12	68460568	70325565	1219	0.9074
d8bafd3e-45a4-4392-b06d-554c5d2eb95a	12	70325679	71065496	523	1.0881
d8bafd3e-45a4-4392-b06d-554c5d2eb95a	12	71066084	83222618	7255	1.0054
d8bafd3e-45a4-4392-b06d-554c5d2eb95a	12	83227132	83272075	22	0.5716
d8bafd3e-45a4-4392-b06d-554c5d2eb95a	12	83275322	96120903	7760	0.9886
d8bafd3e-45a4-4392-b06d-554c5d2eb95a	12	96121299	96595566	300	0.34
d8bafd3e-45a4-4392-b06d-554c5d2eb95a	12	96597421	107500683	7191	0.3901
d8bafd3e-45a4-4392-b06d-554c5d2eb95a	12	107502035	132605822	13411	0.3502
d8bafd3e-45a4-4392-b06d-554c5d2eb95a	13	18874255	21762600	1217	0.004
d8bafd3e-45a4-4392-b06d-554c5d2eb95a	13	21766901	21775203	10	-0.6876
d8bafd3e-45a4-4392-b06d-554c5d2eb95a	13	21776998	24354315	1531	0.0169
d8bafd3e-45a4-4392-b06d-554c5d2eb95a	13	24445886	25756644	734	-0.5902
d8bafd3e-45a4-4392-b06d-554c5d2eb95a	13	25759901	28330179	1876	0.0116
d8bafd3e-45a4-4392-b06d-554c5d2eb95a	13	28332669	49692066	14159	-0.5562
d8bafd3e-45a4-4392-b06d-554c5d2eb95a	13	49694957	49923945	87	-0.0406
d8bafd3e-45a4-4392-b06d-554c5d2eb95a	13	51050074	51147436	59	-0.605
d8bafd3e-45a4-4392-b06d-554c5d2eb95a	13	51150488	51150651	2	-1.6443
d8bafd3e-45a4-4392-b06d-554c5d2eb95a	13	51152233	51701813	295	-0.4974
d8bafd3e-45a4-4392-b06d-554c5d2eb95a	13	51704532	55346236	1773	0.0149
d8bafd3e-45a4-4392-b06d-554c5d2eb95a	13	55346974	56291467	413	-0.5473
d8bafd3e-45a4-4392-b06d-554c5d2eb95a	13	56294980	110779574	33040	0.025
d8bafd3e-45a4-4392-b06d-554c5d2eb95a	13	110780649	114226675	1581	-0.5782
d8bafd3e-45a4-4392-b06d-554c5d2eb95a	14	20033191	36802606	9208	0.0259
d8bafd3e-45a4-4392-b06d-554c5d2eb95a	14	36802737	66108173	16534	0.0703
d8bafd3e-45a4-4392-b06d-554c5d2eb95a	14	66109938	105533894	23877	-0.5644
d8bafd3e-45a4-4392-b06d-554c5d2eb95a	15	23437561	36432773	5882	-0.0032
d8bafd3e-45a4-4392-b06d-554c5d2eb95a	15	36434249	36445610	12	-0.7381
d8bafd3e-45a4-4392-b06d-554c5d2eb95a	15	36449774	37931156	1031	0.0078
d8bafd3e-45a4-4392-b06d-554c5d2eb95a	15	37931248	37931443	2	-1.6327
d8bafd3e-45a4-4392-b06d-554c5d2eb95a	15	37931638	41508883	2114	0.0055
d8bafd3e-45a4-4392-b06d-554c5d2eb95a	15	41521726	46622790	2430	-0.5315
d8bafd3e-45a4-4392-b06d-554c5d2eb95a	15	46622899	62952478	10906	0.026
d8bafd3e-45a4-4392-b06d-554c5d2eb95a	15	62953432	98233023	20664	0.002
d8bafd3e-45a4-4392-b06d-554c5d2eb95a	15	98234022	101344124	1641	-0.5364
d8bafd3e-45a4-4392-b06d-554c5d2eb95a	16	603333	83818595	38518	-0.0045
d8bafd3e-45a4-4392-b06d-554c5d2eb95a	16	83819424	89317317	2599	-0.6177
d8bafd3e-45a4-4392-b06d-554c5d2eb95a	17	1074619	3229256	903	-0.5652
d8bafd3e-45a4-4392-b06d-554c5d2eb95a	17	3254695	5448471	1007	-0.0257
d8bafd3e-45a4-4392-b06d-554c5d2eb95a	17	5455870	5458293	2	-1.4912
d8bafd3e-45a4-4392-b06d-554c5d2eb95a	17	5462410	35349487	11614	-0.0273
d8bafd3e-45a4-4392-b06d-554c5d2eb95a	17	35442187	40373855	2098	0.3532
d8bafd3e-45a4-4392-b06d-554c5d2eb95a	17	40380731	41661019	692	0.4238
d8bafd3e-45a4-4392-b06d-554c5d2eb95a	17	41663863	49421653	3056	0.3578
d8bafd3e-45a4-4392-b06d-554c5d2eb95a	17	49431921	81415451	17369	0.4118
d8bafd3e-45a4-4392-b06d-554c5d2eb95a	17	81416257	82959812	498	0.3634
d8bafd3e-45a4-4392-b06d-554c5d2eb95a	18	326691	13775570	7983	-0.0014
d8bafd3e-45a4-4392-b06d-554c5d2eb95a	18	13776450	13879892	64	-0.5414
d8bafd3e-45a4-4392-b06d-554c5d2eb95a	18	13882014	21157665	215	0.0299
d8bafd3e-45a4-4392-b06d-554c5d2eb95a	18	21157703	21158200	2	-1.1444
d8bafd3e-45a4-4392-b06d-554c5d2eb95a	18	21161899	31093009	5936	0.0176
d8bafd3e-45a4-4392-b06d-554c5d2eb95a	18	31093931	31093950	2	1.2109
d8bafd3e-45a4-4392-b06d-554c5d2eb95a	18	31096792	31558757	263	0.046
d8bafd3e-45a4-4392-b06d-554c5d2eb95a	18	31558946	41770277	6303	0.3854
d8bafd3e-45a4-4392-b06d-554c5d2eb95a	18	41770328	46804550	3014	0.8916
d8bafd3e-45a4-4392-b06d-554c5d2eb95a	18	46807778	48592057	1236	0.3661
d8bafd3e-45a4-4392-b06d-554c5d2eb95a	18	48597502	63920466	10143	0.8034
d8bafd3e-45a4-4392-b06d-554c5d2eb95a	18	63920484	63920516	3	-0.3243
d8bafd3e-45a4-4392-b06d-554c5d2eb95a	18	63920560	67477616	1756	0.8194
d8bafd3e-45a4-4392-b06d-554c5d2eb95a	18	67478379	67495323	3	-0.5839
d8bafd3e-45a4-4392-b06d-554c5d2eb95a	18	67495694	69947512	1380	0.8216
d8bafd3e-45a4-4392-b06d-554c5d2eb95a	18	69949377	69949483	2	-2.5021
d8bafd3e-45a4-4392-b06d-554c5d2eb95a	18	69950329	70931036	515	0.8336
d8bafd3e-45a4-4392-b06d-554c5d2eb95a	18	70934109	70934416	3	-0.9805
d8bafd3e-45a4-4392-b06d-554c5d2eb95a	18	70935546	79349796	4044	0.8208
d8bafd3e-45a4-4392-b06d-554c5d2eb95a	19	283868	1939741	313	-0.542
d8bafd3e-45a4-4392-b06d-554c5d2eb95a	19	1943800	57678286	23469	-0.0311
d8bafd3e-45a4-4392-b06d-554c5d2eb95a	19	57678567	57989309	123	-0.5467
d8bafd3e-45a4-4392-b06d-554c5d2eb95a	19	58011102	58370362	214	-0.0322
d8bafd3e-45a4-4392-b06d-554c5d2eb95a	20	472817	12596535	7773	0.0176
d8bafd3e-45a4-4392-b06d-554c5d2eb95a	20	12598563	22256907	6826	0.3966
d8bafd3e-45a4-4392-b06d-554c5d2eb95a	20	22259389	31671342	2525	0.0007
d8bafd3e-45a4-4392-b06d-554c5d2eb95a	20	31671443	35268626	1746	0.3987
d8bafd3e-45a4-4392-b06d-554c5d2eb95a	20	35272638	37210188	938	0.3422
d8bafd3e-45a4-4392-b06d-554c5d2eb95a	20	37216002	41776843	2945	0.4157
d8bafd3e-45a4-4392-b06d-554c5d2eb95a	20	41780523	41944026	138	0.4668
d8bafd3e-45a4-4392-b06d-554c5d2eb95a	20	41945351	63588502	14624	0.6616
d8bafd3e-45a4-4392-b06d-554c5d2eb95a	21	13974127	30652085	10728	0.0138
d8bafd3e-45a4-4392-b06d-554c5d2eb95a	21	30655725	46262057	9810	-0.0105
d8bafd3e-45a4-4392-b06d-554c5d2eb95a	22	16934932	48940621	17073	-0.0228
d8bafd3e-45a4-4392-b06d-554c5d2eb95a	X	3236359	12088557	2814	0.538
d8bafd3e-45a4-4392-b06d-554c5d2eb95a	X	12089629	43142206	15034	0.1736
d8bafd3e-45a4-4392-b06d-554c5d2eb95a	X	43143024	43157049	10	-0.4838
d8bafd3e-45a4-4392-b06d-554c5d2eb95a	X	43158212	85579957	14607	0.1625
d8bafd3e-45a4-4392-b06d-554c5d2eb95a	X	85580352	85602206	17	-0.385
d8bafd3e-45a4-4392-b06d-554c5d2eb95a	X	85603319	111906707	11378	0.1864
d8bafd3e-45a4-4392-b06d-554c5d2eb95a	X	111907726	155677414	19956	-0.3968
