GDC_Aliquot	Chromosome	Start	End	Num_Probes	Segment_Mean
37f156e4-c11a-4934-b0d2-c860222f68d6	1	3301765	8235934	3139	-0.1456
37f156e4-c11a-4934-b0d2-c860222f68d6	1	8238415	22360000	7359	-0.9668
37f156e4-c11a-4934-b0d2-c860222f68d6	1	22362096	25943597	1798	-0.1748
37f156e4-c11a-4934-b0d2-c860222f68d6	1	25948736	31750531	2764	-0.9525
37f156e4-c11a-4934-b0d2-c860222f68d6	1	31753916	32017315	114	-0.2228
37f156e4-c11a-4934-b0d2-c860222f68d6	1	32022954	32580134	193	0.2535
37f156e4-c11a-4934-b0d2-c860222f68d6	1	32584790	32587262	3	-2.2343
37f156e4-c11a-4934-b0d2-c860222f68d6	1	32589061	33106376	210	0.2926
37f156e4-c11a-4934-b0d2-c860222f68d6	1	33119087	34182777	714	-0.9741
37f156e4-c11a-4934-b0d2-c860222f68d6	1	34185120	34185784	2	0.1927
37f156e4-c11a-4934-b0d2-c860222f68d6	1	34188221	34535695	285	1.3433
37f156e4-c11a-4934-b0d2-c860222f68d6	1	34538053	34562456	15	0.9744
37f156e4-c11a-4934-b0d2-c860222f68d6	1	34565327	34613649	28	1.3423
37f156e4-c11a-4934-b0d2-c860222f68d6	1	34617367	34841842	121	1.0602
37f156e4-c11a-4934-b0d2-c860222f68d6	1	34847900	34923909	43	1.5574
37f156e4-c11a-4934-b0d2-c860222f68d6	1	34925976	35115171	71	0.329
37f156e4-c11a-4934-b0d2-c860222f68d6	1	35122943	36522672	622	0.6814
37f156e4-c11a-4934-b0d2-c860222f68d6	1	36523540	36984730	336	0.802
37f156e4-c11a-4934-b0d2-c860222f68d6	1	36985407	37237791	154	1.3065
37f156e4-c11a-4934-b0d2-c860222f68d6	1	37240105	37350483	89	1.5278
37f156e4-c11a-4934-b0d2-c860222f68d6	1	37352476	37379639	7	1.0592
37f156e4-c11a-4934-b0d2-c860222f68d6	1	37383192	38379363	505	1.7928
37f156e4-c11a-4934-b0d2-c860222f68d6	1	38379913	39270035	503	1.4979
37f156e4-c11a-4934-b0d2-c860222f68d6	1	39270662	39271488	2	0.2434
37f156e4-c11a-4934-b0d2-c860222f68d6	1	39276302	39712815	170	1.032
37f156e4-c11a-4934-b0d2-c860222f68d6	1	39713701	39945932	127	0.6918
37f156e4-c11a-4934-b0d2-c860222f68d6	1	39947226	40580130	299	0.2749
37f156e4-c11a-4934-b0d2-c860222f68d6	1	40583765	41789416	723	1.5361
37f156e4-c11a-4934-b0d2-c860222f68d6	1	41789550	41840717	47	0.3841
37f156e4-c11a-4934-b0d2-c860222f68d6	1	41841440	41846139	5	1.7879
37f156e4-c11a-4934-b0d2-c860222f68d6	1	41847749	42486543	395	0.3852
37f156e4-c11a-4934-b0d2-c860222f68d6	1	42486855	44345308	1069	0.7285
37f156e4-c11a-4934-b0d2-c860222f68d6	1	44345954	46129164	752	1.658
37f156e4-c11a-4934-b0d2-c860222f68d6	1	46130011	46435874	125	0.797
37f156e4-c11a-4934-b0d2-c860222f68d6	1	46441668	46929681	279	0.3794
37f156e4-c11a-4934-b0d2-c860222f68d6	1	46932251	47052288	59	0.7299
37f156e4-c11a-4934-b0d2-c860222f68d6	1	47053873	47467851	215	0.3519
37f156e4-c11a-4934-b0d2-c860222f68d6	1	47472457	47849933	292	1.1371
37f156e4-c11a-4934-b0d2-c860222f68d6	1	47855051	47955009	94	0.4373
37f156e4-c11a-4934-b0d2-c860222f68d6	1	47955955	47999711	30	1.6257
37f156e4-c11a-4934-b0d2-c860222f68d6	1	48001778	49426914	866	1.0883
37f156e4-c11a-4934-b0d2-c860222f68d6	1	49430834	49579156	18	0.592
37f156e4-c11a-4934-b0d2-c860222f68d6	1	49581069	49942995	136	1.1149
37f156e4-c11a-4934-b0d2-c860222f68d6	1	49945705	50017342	20	1.4712
37f156e4-c11a-4934-b0d2-c860222f68d6	1	50022174	55008803	2590	0.7287
37f156e4-c11a-4934-b0d2-c860222f68d6	1	55014401	57407188	1929	0.7943
37f156e4-c11a-4934-b0d2-c860222f68d6	1	57407265	58083698	576	0.7332
37f156e4-c11a-4934-b0d2-c860222f68d6	1	58085319	58142842	46	1.2211
37f156e4-c11a-4934-b0d2-c860222f68d6	1	58145256	58691378	421	0.7662
37f156e4-c11a-4934-b0d2-c860222f68d6	1	58692081	59230198	415	1.3672
37f156e4-c11a-4934-b0d2-c860222f68d6	1	59231559	60415243	702	1.0558
37f156e4-c11a-4934-b0d2-c860222f68d6	1	60415579	61802833	985	1.321
37f156e4-c11a-4934-b0d2-c860222f68d6	1	61808859	64271273	1673	0.751
37f156e4-c11a-4934-b0d2-c860222f68d6	1	64279307	64279933	7	1.5632
37f156e4-c11a-4934-b0d2-c860222f68d6	1	64280768	65174096	765	0.7402
37f156e4-c11a-4934-b0d2-c860222f68d6	1	65174560	65565816	172	1.0739
37f156e4-c11a-4934-b0d2-c860222f68d6	1	65567526	65774002	157	1.3066
37f156e4-c11a-4934-b0d2-c860222f68d6	1	65774016	65788474	22	1.1003
37f156e4-c11a-4934-b0d2-c860222f68d6	1	65796076	66012555	166	0.7363
37f156e4-c11a-4934-b0d2-c860222f68d6	1	66028112	66370966	274	0.398
37f156e4-c11a-4934-b0d2-c860222f68d6	1	66377431	69635399	2137	-0.8773
37f156e4-c11a-4934-b0d2-c860222f68d6	1	69646206	70219897	327	-0.1368
37f156e4-c11a-4934-b0d2-c860222f68d6	1	70337111	70379972	16	-1.0405
37f156e4-c11a-4934-b0d2-c860222f68d6	1	70380708	71268410	480	-0.1301
37f156e4-c11a-4934-b0d2-c860222f68d6	1	71272221	72001349	370	-0.8862
37f156e4-c11a-4934-b0d2-c860222f68d6	1	72002518	72004887	3	-2.599
37f156e4-c11a-4934-b0d2-c860222f68d6	1	72005085	74539383	1325	-0.8638
37f156e4-c11a-4934-b0d2-c860222f68d6	1	74539554	74540092	2	-3.8173
37f156e4-c11a-4934-b0d2-c860222f68d6	1	74542324	76841093	1487	-0.9029
37f156e4-c11a-4934-b0d2-c860222f68d6	1	76842409	76862679	28	0.463
37f156e4-c11a-4934-b0d2-c860222f68d6	1	76864950	81771158	2740	-0.8699
37f156e4-c11a-4934-b0d2-c860222f68d6	1	81771638	88352093	4283	-0.1202
37f156e4-c11a-4934-b0d2-c860222f68d6	1	88353866	88362619	12	0.0156
37f156e4-c11a-4934-b0d2-c860222f68d6	1	88372234	88632608	171	1.3286
37f156e4-c11a-4934-b0d2-c860222f68d6	1	88632874	88636295	2	0.4511
37f156e4-c11a-4934-b0d2-c860222f68d6	1	88636365	89033270	220	1.6285
37f156e4-c11a-4934-b0d2-c860222f68d6	1	89035598	89278330	137	2.0294
37f156e4-c11a-4934-b0d2-c860222f68d6	1	89281244	89640679	227	1.5138
37f156e4-c11a-4934-b0d2-c860222f68d6	1	89641539	89700417	41	1.2214
37f156e4-c11a-4934-b0d2-c860222f68d6	1	89706207	89706357	3	-1.376
37f156e4-c11a-4934-b0d2-c860222f68d6	1	89713973	90576625	537	1.0799
37f156e4-c11a-4934-b0d2-c860222f68d6	1	90577704	90761841	119	0.8001
37f156e4-c11a-4934-b0d2-c860222f68d6	1	90765252	92840730	1133	1.0275
37f156e4-c11a-4934-b0d2-c860222f68d6	1	92842116	93606865	370	0.7222
37f156e4-c11a-4934-b0d2-c860222f68d6	1	93609155	94694981	767	1.078
37f156e4-c11a-4934-b0d2-c860222f68d6	1	94698596	94698773	7	-0.4274
37f156e4-c11a-4934-b0d2-c860222f68d6	1	94700906	95020269	246	1.0506
37f156e4-c11a-4934-b0d2-c860222f68d6	1	95021123	98887225	2209	0.3737
37f156e4-c11a-4934-b0d2-c860222f68d6	1	98888530	100587492	1155	0.7505
37f156e4-c11a-4934-b0d2-c860222f68d6	1	100591877	107465966	3701	0.3693
37f156e4-c11a-4934-b0d2-c860222f68d6	1	107466215	113803712	3757	-0.1388
37f156e4-c11a-4934-b0d2-c860222f68d6	1	113809084	114545974	456	0.3804
37f156e4-c11a-4934-b0d2-c860222f68d6	1	114547383	115322245	528	-0.1211
37f156e4-c11a-4934-b0d2-c860222f68d6	1	115324286	115325805	5	-1.3656
37f156e4-c11a-4934-b0d2-c860222f68d6	1	115325812	115765414	283	-0.1217
37f156e4-c11a-4934-b0d2-c860222f68d6	1	115768316	116133927	271	0.7989
37f156e4-c11a-4934-b0d2-c860222f68d6	1	116134047	117075083	626	1.1334
37f156e4-c11a-4934-b0d2-c860222f68d6	1	117075845	149906351	1717	0.7831
37f156e4-c11a-4934-b0d2-c860222f68d6	1	149907993	156451132	3035	0.6963
37f156e4-c11a-4934-b0d2-c860222f68d6	1	156451455	156617240	101	0.7862
37f156e4-c11a-4934-b0d2-c860222f68d6	1	156620667	158544724	1240	1.038
37f156e4-c11a-4934-b0d2-c860222f68d6	1	158544739	158545295	9	0.1021
37f156e4-c11a-4934-b0d2-c860222f68d6	1	158580102	158804850	185	1.0867
37f156e4-c11a-4934-b0d2-c860222f68d6	1	158836417	165920331	4974	1.5033
37f156e4-c11a-4934-b0d2-c860222f68d6	1	165922988	185614736	12659	0.3678
37f156e4-c11a-4934-b0d2-c860222f68d6	1	185615168	192491474	3950	0.3123
37f156e4-c11a-4934-b0d2-c860222f68d6	1	192492326	195475131	1887	0.3442
37f156e4-c11a-4934-b0d2-c860222f68d6	1	195475307	195524408	30	0.983
37f156e4-c11a-4934-b0d2-c860222f68d6	1	195524583	209249147	8564	0.3555
37f156e4-c11a-4934-b0d2-c860222f68d6	1	209249177	209252031	2	-1.3898
37f156e4-c11a-4934-b0d2-c860222f68d6	1	209252458	217976124	5959	0.3567
37f156e4-c11a-4934-b0d2-c860222f68d6	1	217976141	217976156	2	-1.3398
37f156e4-c11a-4934-b0d2-c860222f68d6	1	217979009	223706576	3672	0.3423
37f156e4-c11a-4934-b0d2-c860222f68d6	1	223707187	223774308	69	-0.1865
37f156e4-c11a-4934-b0d2-c860222f68d6	1	223776703	235002601	7164	0.3449
37f156e4-c11a-4934-b0d2-c860222f68d6	1	235079870	235837271	349	-0.2009
37f156e4-c11a-4934-b0d2-c860222f68d6	1	235854741	247650984	7523	0.3354
37f156e4-c11a-4934-b0d2-c860222f68d6	2	480597	58597603	34310	0.2238
37f156e4-c11a-4934-b0d2-c860222f68d6	2	58599103	80248814	12356	0.9649
37f156e4-c11a-4934-b0d2-c860222f68d6	2	80249450	84473375	2321	0.6189
37f156e4-c11a-4934-b0d2-c860222f68d6	2	84477130	85994346	865	0.2279
37f156e4-c11a-4934-b0d2-c860222f68d6	2	85999251	96053611	1042	0.6945
37f156e4-c11a-4934-b0d2-c860222f68d6	2	96068909	98898208	1056	0.337
37f156e4-c11a-4934-b0d2-c860222f68d6	2	98900698	139812246	21021	-0.1387
37f156e4-c11a-4934-b0d2-c860222f68d6	2	139817599	141433732	979	0.3237
37f156e4-c11a-4934-b0d2-c860222f68d6	2	141438187	160171913	10910	-0.1257
37f156e4-c11a-4934-b0d2-c860222f68d6	2	160172196	160416917	140	-0.8452
37f156e4-c11a-4934-b0d2-c860222f68d6	2	160418193	221633254	34703	-0.1214
37f156e4-c11a-4934-b0d2-c860222f68d6	2	221633269	225528858	2563	-0.1571
37f156e4-c11a-4934-b0d2-c860222f68d6	2	225529265	225530278	2	-2.4025
37f156e4-c11a-4934-b0d2-c860222f68d6	2	225530873	241537572	9350	-0.1722
37f156e4-c11a-4934-b0d2-c860222f68d6	3	2170634	2908852	234	-0.8929
37f156e4-c11a-4934-b0d2-c860222f68d6	3	2909086	2913794	5	-3.9527
37f156e4-c11a-4934-b0d2-c860222f68d6	3	2915430	6393192	1809	-0.9236
37f156e4-c11a-4934-b0d2-c860222f68d6	3	6397048	7190173	415	0.3817
37f156e4-c11a-4934-b0d2-c860222f68d6	3	7192248	7192347	2	-2.3199
37f156e4-c11a-4934-b0d2-c860222f68d6	3	7196354	15839494	5822	0.3939
37f156e4-c11a-4934-b0d2-c860222f68d6	3	15839613	18082700	1365	0.7861
37f156e4-c11a-4934-b0d2-c860222f68d6	3	18086591	18253981	106	-0.1258
37f156e4-c11a-4934-b0d2-c860222f68d6	3	18263206	18263974	3	-2.0575
37f156e4-c11a-4934-b0d2-c860222f68d6	3	18264206	23930279	2789	-0.1245
37f156e4-c11a-4934-b0d2-c860222f68d6	3	23931376	24101119	83	0.7204
37f156e4-c11a-4934-b0d2-c860222f68d6	3	24101727	24102006	3	2.0168
37f156e4-c11a-4934-b0d2-c860222f68d6	3	24103215	25938994	1569	0.7977
37f156e4-c11a-4934-b0d2-c860222f68d6	3	25939090	30033383	2264	-0.1269
37f156e4-c11a-4934-b0d2-c860222f68d6	3	30033504	30047441	14	-0.9306
37f156e4-c11a-4934-b0d2-c860222f68d6	3	30057326	38921267	5503	-0.1281
37f156e4-c11a-4934-b0d2-c860222f68d6	3	38923839	54969706	8263	-0.9209
37f156e4-c11a-4934-b0d2-c860222f68d6	3	54971954	62800611	4376	-0.1191
37f156e4-c11a-4934-b0d2-c860222f68d6	3	62803504	62889439	60	-0.8839
37f156e4-c11a-4934-b0d2-c860222f68d6	3	62889996	62890458	2	-4.4836
37f156e4-c11a-4934-b0d2-c860222f68d6	3	62890505	73427358	7524	-0.8891
37f156e4-c11a-4934-b0d2-c860222f68d6	3	73427514	74087906	541	-0.0919
37f156e4-c11a-4934-b0d2-c860222f68d6	3	74094324	74102720	8	-1.6319
37f156e4-c11a-4934-b0d2-c860222f68d6	3	74106513	74212838	70	-0.8794
37f156e4-c11a-4934-b0d2-c860222f68d6	3	74216423	74608903	272	0.3636
37f156e4-c11a-4934-b0d2-c860222f68d6	3	74611611	75950365	392	1.5185
37f156e4-c11a-4934-b0d2-c860222f68d6	3	75985252	76839306	475	1.8627
37f156e4-c11a-4934-b0d2-c860222f68d6	3	76846692	76847028	2	-1.8825
37f156e4-c11a-4934-b0d2-c860222f68d6	3	76849030	77302975	299	1.8504
37f156e4-c11a-4934-b0d2-c860222f68d6	3	77307235	77633727	199	0.3729
37f156e4-c11a-4934-b0d2-c860222f68d6	3	77634145	77642101	4	-0.7782
37f156e4-c11a-4934-b0d2-c860222f68d6	3	77642115	78038299	202	0.3906
37f156e4-c11a-4934-b0d2-c860222f68d6	3	78038314	78640111	335	1.6551
37f156e4-c11a-4934-b0d2-c860222f68d6	3	78641997	81762633	1699	1.0857
37f156e4-c11a-4934-b0d2-c860222f68d6	3	81768133	82154869	209	-0.1256
37f156e4-c11a-4934-b0d2-c860222f68d6	3	82157386	82515142	190	-2.6915
37f156e4-c11a-4934-b0d2-c860222f68d6	3	82515678	82940123	250	-0.8578
37f156e4-c11a-4934-b0d2-c860222f68d6	3	82940977	83325008	139	-2.1205
37f156e4-c11a-4934-b0d2-c860222f68d6	3	83327516	89237009	2864	0.3497
37f156e4-c11a-4934-b0d2-c860222f68d6	3	89246299	89246502	2	-1.4188
37f156e4-c11a-4934-b0d2-c860222f68d6	3	89247018	89297671	61	0.3635
37f156e4-c11a-4934-b0d2-c860222f68d6	3	89307846	89593678	125	-0.1036
37f156e4-c11a-4934-b0d2-c860222f68d6	3	89595727	91462299	247	-0.8756
37f156e4-c11a-4934-b0d2-c860222f68d6	3	94015345	100149336	3158	0.3688
37f156e4-c11a-4934-b0d2-c860222f68d6	3	100150216	100548189	180	1.0467
37f156e4-c11a-4934-b0d2-c860222f68d6	3	100548791	101240031	405	0.4201
37f156e4-c11a-4934-b0d2-c860222f68d6	3	101244310	102042152	396	0.3009
37f156e4-c11a-4934-b0d2-c860222f68d6	3	102046919	102063673	17	-0.9081
37f156e4-c11a-4934-b0d2-c860222f68d6	3	102066242	109405333	4076	0.3632
37f156e4-c11a-4934-b0d2-c860222f68d6	3	109409706	109417599	4	-1.506
37f156e4-c11a-4934-b0d2-c860222f68d6	3	109418858	113108666	2145	0.3705
37f156e4-c11a-4934-b0d2-c860222f68d6	3	113109157	113204512	80	0.8076
37f156e4-c11a-4934-b0d2-c860222f68d6	3	113206790	113246003	29	1.1633
37f156e4-c11a-4934-b0d2-c860222f68d6	3	113246145	113331646	63	0.8428
37f156e4-c11a-4934-b0d2-c860222f68d6	3	113335461	131572154	10462	0.3791
37f156e4-c11a-4934-b0d2-c860222f68d6	3	131576787	131580386	3	-1.673
37f156e4-c11a-4934-b0d2-c860222f68d6	3	131580388	172094669	21351	0.3716
37f156e4-c11a-4934-b0d2-c860222f68d6	3	172097115	172395534	208	-0.1224
37f156e4-c11a-4934-b0d2-c860222f68d6	3	172398845	176599839	1981	0.3519
37f156e4-c11a-4934-b0d2-c860222f68d6	3	176600451	176602211	3	-2.173
37f156e4-c11a-4934-b0d2-c860222f68d6	3	176602607	179084166	1235	0.3747
37f156e4-c11a-4934-b0d2-c860222f68d6	3	179087379	179124440	16	-0.4366
37f156e4-c11a-4934-b0d2-c860222f68d6	3	179136185	186089246	3408	0.3549
37f156e4-c11a-4934-b0d2-c860222f68d6	3	186089335	186089349	2	-2.5933
37f156e4-c11a-4934-b0d2-c860222f68d6	3	186089377	186661812	466	0.3372
37f156e4-c11a-4934-b0d2-c860222f68d6	3	186665391	186665524	5	-1.1151
37f156e4-c11a-4934-b0d2-c860222f68d6	3	186666398	191662841	3448	0.3672
37f156e4-c11a-4934-b0d2-c860222f68d6	3	191666085	191666260	6	-1.6697
37f156e4-c11a-4934-b0d2-c860222f68d6	3	191677980	197812401	2515	0.3557
37f156e4-c11a-4934-b0d2-c860222f68d6	4	1059384	8614497	4184	-1.031
37f156e4-c11a-4934-b0d2-c860222f68d6	4	8615833	51832470	23749	-0.8918
37f156e4-c11a-4934-b0d2-c860222f68d6	4	51832591	90161981	21839	-0.1279
37f156e4-c11a-4934-b0d2-c860222f68d6	4	90171787	90246013	40	-0.8444
37f156e4-c11a-4934-b0d2-c860222f68d6	4	90247365	111375831	11696	-0.1266
37f156e4-c11a-4934-b0d2-c860222f68d6	4	111388478	111393685	11	-3.3374
37f156e4-c11a-4934-b0d2-c860222f68d6	4	111422776	134701521	12245	-0.1232
37f156e4-c11a-4934-b0d2-c860222f68d6	4	134701533	134702075	2	-4.0009
37f156e4-c11a-4934-b0d2-c860222f68d6	4	134702129	172037067	21033	-0.1288
37f156e4-c11a-4934-b0d2-c860222f68d6	4	172041192	179621785	3936	-0.9013
37f156e4-c11a-4934-b0d2-c860222f68d6	4	179625425	179634825	10	-5.1713
37f156e4-c11a-4934-b0d2-c860222f68d6	4	179642607	187842528	3854	-0.9222
37f156e4-c11a-4934-b0d2-c860222f68d6	5	913983	15329983	9930	1.0853
37f156e4-c11a-4934-b0d2-c860222f68d6	5	15331010	15332471	9	0.278
37f156e4-c11a-4934-b0d2-c860222f68d6	5	15332592	21696789	2838	1.0487
37f156e4-c11a-4934-b0d2-c860222f68d6	5	21697316	23290410	875	1.8795
37f156e4-c11a-4934-b0d2-c860222f68d6	5	23290513	23290614	7	0.9196
37f156e4-c11a-4934-b0d2-c860222f68d6	5	23291338	23365637	42	1.8765
37f156e4-c11a-4934-b0d2-c860222f68d6	5	23366452	24703235	765	1.5078
37f156e4-c11a-4934-b0d2-c860222f68d6	5	24705176	36259875	6513	1.3033
37f156e4-c11a-4934-b0d2-c860222f68d6	5	36260028	36672844	314	1.0682
37f156e4-c11a-4934-b0d2-c860222f68d6	5	36675540	36780822	76	1.3187
37f156e4-c11a-4934-b0d2-c860222f68d6	5	36786881	37286515	200	1.0823
37f156e4-c11a-4934-b0d2-c860222f68d6	5	37290053	37363601	30	0.7536
37f156e4-c11a-4934-b0d2-c860222f68d6	5	37364294	40103170	1772	1.0939
37f156e4-c11a-4934-b0d2-c860222f68d6	5	40104115	40251222	124	1.3627
37f156e4-c11a-4934-b0d2-c860222f68d6	5	40252192	45383300	2571	0.7551
37f156e4-c11a-4934-b0d2-c860222f68d6	5	50828231	68149270	10294	-0.8831
37f156e4-c11a-4934-b0d2-c860222f68d6	5	68151194	68622318	300	-2.9721
37f156e4-c11a-4934-b0d2-c860222f68d6	5	68626339	73773275	1905	-0.8904
37f156e4-c11a-4934-b0d2-c860222f68d6	5	73773401	73775205	2	-3.0116
37f156e4-c11a-4934-b0d2-c860222f68d6	5	73775222	74428718	557	-0.8912
37f156e4-c11a-4934-b0d2-c860222f68d6	5	74435352	74442780	4	-3.8717
37f156e4-c11a-4934-b0d2-c860222f68d6	5	74443820	81388577	4030	-0.9007
37f156e4-c11a-4934-b0d2-c860222f68d6	5	81391685	81391754	2	-5.849
37f156e4-c11a-4934-b0d2-c860222f68d6	5	81396138	123313982	22282	-0.8691
37f156e4-c11a-4934-b0d2-c860222f68d6	5	123315274	152622318	17515	-0.1176
37f156e4-c11a-4934-b0d2-c860222f68d6	5	152628536	172985671	13074	-0.9128
37f156e4-c11a-4934-b0d2-c860222f68d6	5	172998252	173399288	205	-0.1721
37f156e4-c11a-4934-b0d2-c860222f68d6	5	173409152	174646333	1040	-0.9354
37f156e4-c11a-4934-b0d2-c860222f68d6	5	174647388	174849534	108	-0.1578
37f156e4-c11a-4934-b0d2-c860222f68d6	5	174849890	175615522	594	0.3839
37f156e4-c11a-4934-b0d2-c860222f68d6	5	175615755	176246312	195	-0.1367
37f156e4-c11a-4934-b0d2-c860222f68d6	5	176256449	176330756	17	-0.7847
37f156e4-c11a-4934-b0d2-c860222f68d6	5	176334398	177106134	269	-0.2004
37f156e4-c11a-4934-b0d2-c860222f68d6	5	177107422	178906336	719	0.3285
37f156e4-c11a-4934-b0d2-c860222f68d6	5	178907672	178908502	2	2.4024
37f156e4-c11a-4934-b0d2-c860222f68d6	5	178909794	179148428	133	0.311
37f156e4-c11a-4934-b0d2-c860222f68d6	5	179154858	180374588	700	-0.2089
37f156e4-c11a-4934-b0d2-c860222f68d6	5	180374752	180442595	28	0.4035
37f156e4-c11a-4934-b0d2-c860222f68d6	5	180444191	180934240	161	-0.1928
37f156e4-c11a-4934-b0d2-c860222f68d6	6	1011760	1660456	545	-0.1077
37f156e4-c11a-4934-b0d2-c860222f68d6	6	1663397	7005692	3841	-0.9377
37f156e4-c11a-4934-b0d2-c860222f68d6	6	7005709	7033433	10	-2.4492
37f156e4-c11a-4934-b0d2-c860222f68d6	6	7033598	7495523	243	-0.9265
37f156e4-c11a-4934-b0d2-c860222f68d6	6	7500341	7501131	4	-4.824
37f156e4-c11a-4934-b0d2-c860222f68d6	6	7502428	26670022	12913	-0.9209
37f156e4-c11a-4934-b0d2-c860222f68d6	6	26936980	34086129	2186	-0.1775
37f156e4-c11a-4934-b0d2-c860222f68d6	6	34086542	34087648	2	-3.019
37f156e4-c11a-4934-b0d2-c860222f68d6	6	34088988	36419857	1119	-0.1889
37f156e4-c11a-4934-b0d2-c860222f68d6	6	36424304	38448079	1297	1.4544
37f156e4-c11a-4934-b0d2-c860222f68d6	6	38455595	41806992	2479	1.2002
37f156e4-c11a-4934-b0d2-c860222f68d6	6	41808714	43828997	1029	1.0999
37f156e4-c11a-4934-b0d2-c860222f68d6	6	43829496	48369361	2754	1.1947
37f156e4-c11a-4934-b0d2-c860222f68d6	6	48380388	49208432	400	1.0554
37f156e4-c11a-4934-b0d2-c860222f68d6	6	49211709	49651137	204	-0.1264
37f156e4-c11a-4934-b0d2-c860222f68d6	6	49652860	49684037	23	0.9251
37f156e4-c11a-4934-b0d2-c860222f68d6	6	49684196	49737652	29	1.259
37f156e4-c11a-4934-b0d2-c860222f68d6	6	49737993	49829198	55	0.9724
37f156e4-c11a-4934-b0d2-c860222f68d6	6	49832023	49904613	33	1.2092
37f156e4-c11a-4934-b0d2-c860222f68d6	6	49904732	53689948	2395	0.8944
37f156e4-c11a-4934-b0d2-c860222f68d6	6	53692100	57347009	2200	0.469
37f156e4-c11a-4934-b0d2-c860222f68d6	6	61527062	62189251	263	-0.2142
37f156e4-c11a-4934-b0d2-c860222f68d6	6	62189522	62573020	167	0.0467
37f156e4-c11a-4934-b0d2-c860222f68d6	6	62573676	64389211	885	-0.1595
37f156e4-c11a-4934-b0d2-c860222f68d6	6	64389243	64745081	197	0.033
37f156e4-c11a-4934-b0d2-c860222f68d6	6	64748418	67515466	1650	0.4156
37f156e4-c11a-4934-b0d2-c860222f68d6	6	67515996	67520610	6	-0.1613
37f156e4-c11a-4934-b0d2-c860222f68d6	6	67523616	67725978	124	-4.8202
37f156e4-c11a-4934-b0d2-c860222f68d6	6	67728568	67728961	2	-1.0345
37f156e4-c11a-4934-b0d2-c860222f68d6	6	67815618	73047368	3067	0.398
37f156e4-c11a-4934-b0d2-c860222f68d6	6	73047981	81680713	4773	-0.1694
37f156e4-c11a-4934-b0d2-c860222f68d6	6	81681243	82733339	536	1.034
37f156e4-c11a-4934-b0d2-c860222f68d6	6	82734160	82893267	75	0.7677
37f156e4-c11a-4934-b0d2-c860222f68d6	6	82895435	83379425	254	-0.176
37f156e4-c11a-4934-b0d2-c860222f68d6	6	83384309	83386221	4	-1.4712
37f156e4-c11a-4934-b0d2-c860222f68d6	6	83388830	93601655	6182	-0.1699
37f156e4-c11a-4934-b0d2-c860222f68d6	6	93605178	93695444	46	-0.6966
37f156e4-c11a-4934-b0d2-c860222f68d6	6	93696029	94556105	48	-0.2049
37f156e4-c11a-4934-b0d2-c860222f68d6	6	94563946	94606025	23	0.291
37f156e4-c11a-4934-b0d2-c860222f68d6	6	94606455	99829964	2705	-0.2685
37f156e4-c11a-4934-b0d2-c860222f68d6	6	99830061	100605850	443	0.2885
37f156e4-c11a-4934-b0d2-c860222f68d6	6	100605988	100998548	169	-0.1155
37f156e4-c11a-4934-b0d2-c860222f68d6	6	101006677	101581534	344	0.2792
37f156e4-c11a-4934-b0d2-c860222f68d6	6	101583022	101809892	129	-0.1448
37f156e4-c11a-4934-b0d2-c860222f68d6	6	101812994	104616706	1515	0.2869
37f156e4-c11a-4934-b0d2-c860222f68d6	6	104620004	105392381	438	0.6263
37f156e4-c11a-4934-b0d2-c860222f68d6	6	105393259	107671597	1408	0.3075
37f156e4-c11a-4934-b0d2-c860222f68d6	6	107671744	122833111	8444	-0.1308
37f156e4-c11a-4934-b0d2-c860222f68d6	6	122833581	122835539	2	-2.1443
37f156e4-c11a-4934-b0d2-c860222f68d6	6	122838031	161272066	24341	-0.1263
37f156e4-c11a-4934-b0d2-c860222f68d6	6	161274911	161312784	28	0.4216
37f156e4-c11a-4934-b0d2-c860222f68d6	6	161323440	170596889	4424	-0.1485
37f156e4-c11a-4934-b0d2-c860222f68d6	7	664936	7124041	2309	0.3208
37f156e4-c11a-4934-b0d2-c860222f68d6	7	7126532	9705204	1389	0.3989
37f156e4-c11a-4934-b0d2-c860222f68d6	7	9705230	10981023	414	0.7265
37f156e4-c11a-4934-b0d2-c860222f68d6	7	10984194	11124213	69	0.3441
37f156e4-c11a-4934-b0d2-c860222f68d6	7	11127155	18772822	5000	0.751
37f156e4-c11a-4934-b0d2-c860222f68d6	7	18774678	19946945	243	0.3512
37f156e4-c11a-4934-b0d2-c860222f68d6	7	19949160	30045382	6868	-0.1223
37f156e4-c11a-4934-b0d2-c860222f68d6	7	30049029	30562261	305	-0.9578
37f156e4-c11a-4934-b0d2-c860222f68d6	7	30574892	32233247	1184	-0.1003
37f156e4-c11a-4934-b0d2-c860222f68d6	7	32237504	32237669	2	-1.9412
37f156e4-c11a-4934-b0d2-c860222f68d6	7	32240455	37538417	3500	-0.1365
37f156e4-c11a-4934-b0d2-c860222f68d6	7	37541497	52311221	9417	0.3738
37f156e4-c11a-4934-b0d2-c860222f68d6	7	52311423	68692512	4544	0.7164
37f156e4-c11a-4934-b0d2-c860222f68d6	7	68694785	69330316	435	1.0279
37f156e4-c11a-4934-b0d2-c860222f68d6	7	69339727	69639634	151	1.3323
37f156e4-c11a-4934-b0d2-c860222f68d6	7	69639893	70187938	302	1.0736
37f156e4-c11a-4934-b0d2-c860222f68d6	7	70194910	77716527	2658	0.3269
37f156e4-c11a-4934-b0d2-c860222f68d6	7	77720614	77722388	2	-1.419
37f156e4-c11a-4934-b0d2-c860222f68d6	7	77725563	79324834	1156	0.3793
37f156e4-c11a-4934-b0d2-c860222f68d6	7	79324963	79353677	22	1.0949
37f156e4-c11a-4934-b0d2-c860222f68d6	7	79355103	111712844	16536	0.3683
37f156e4-c11a-4934-b0d2-c860222f68d6	7	111713305	113432157	809	0.7789
37f156e4-c11a-4934-b0d2-c860222f68d6	7	113432432	131719678	9860	0.3638
37f156e4-c11a-4934-b0d2-c860222f68d6	7	131720017	135012129	2081	0.4255
37f156e4-c11a-4934-b0d2-c860222f68d6	7	135012536	145815613	5679	0.3659
37f156e4-c11a-4934-b0d2-c860222f68d6	7	145817740	146173708	173	0.7492
37f156e4-c11a-4934-b0d2-c860222f68d6	7	146176495	146275971	50	0.2954
37f156e4-c11a-4934-b0d2-c860222f68d6	7	146277855	147991057	1064	1.4889
37f156e4-c11a-4934-b0d2-c860222f68d6	7	147991795	151478197	1722	1.0474
37f156e4-c11a-4934-b0d2-c860222f68d6	7	151480031	155880250	2280	0.746
37f156e4-c11a-4934-b0d2-c860222f68d6	7	155883347	156213041	230	1.3065
37f156e4-c11a-4934-b0d2-c860222f68d6	7	156215396	156383879	145	0.8398
37f156e4-c11a-4934-b0d2-c860222f68d6	7	156390632	158451066	1022	1.3357
37f156e4-c11a-4934-b0d2-c860222f68d6	7	158465068	158592540	54	1.0077
37f156e4-c11a-4934-b0d2-c860222f68d6	8	667625	3155696	1005	-0.1514
37f156e4-c11a-4934-b0d2-c860222f68d6	8	3156081	3160428	4	-1.9666
37f156e4-c11a-4934-b0d2-c860222f68d6	8	3160822	3465561	316	-0.106
37f156e4-c11a-4934-b0d2-c860222f68d6	8	3468205	21547780	10707	-0.9115
37f156e4-c11a-4934-b0d2-c860222f68d6	8	21548655	21550707	4	-4.8818
37f156e4-c11a-4934-b0d2-c860222f68d6	8	21550851	25624956	2389	-0.913
37f156e4-c11a-4934-b0d2-c860222f68d6	8	25625006	25631580	5	-3.7764
37f156e4-c11a-4934-b0d2-c860222f68d6	8	25631853	25795810	70	-0.9026
37f156e4-c11a-4934-b0d2-c860222f68d6	8	25797011	25989985	185	-0.0865
37f156e4-c11a-4934-b0d2-c860222f68d6	8	25994819	35097589	5782	-0.9126
37f156e4-c11a-4934-b0d2-c860222f68d6	8	35099620	35140618	30	1.03
37f156e4-c11a-4934-b0d2-c860222f68d6	8	35250447	35578518	171	0.4044
37f156e4-c11a-4934-b0d2-c860222f68d6	8	35578687	36011907	214	0.731
37f156e4-c11a-4934-b0d2-c860222f68d6	8	36016639	38484236	1190	1.0397
37f156e4-c11a-4934-b0d2-c860222f68d6	8	38486033	40396041	1019	1.6314
37f156e4-c11a-4934-b0d2-c860222f68d6	8	40396346	41460920	712	1.3092
37f156e4-c11a-4934-b0d2-c860222f68d6	8	41461152	43073514	922	0.9904
37f156e4-c11a-4934-b0d2-c860222f68d6	8	43074167	46694262	76	1.5018
37f156e4-c11a-4934-b0d2-c860222f68d6	8	46699568	48133635	532	0.7242
37f156e4-c11a-4934-b0d2-c860222f68d6	8	48136583	48988816	462	0.8315
37f156e4-c11a-4934-b0d2-c860222f68d6	8	48989275	51058103	1089	0.7319
37f156e4-c11a-4934-b0d2-c860222f68d6	8	51061686	69294368	10777	1.0519
37f156e4-c11a-4934-b0d2-c860222f68d6	8	69295362	69296082	7	0.0113
37f156e4-c11a-4934-b0d2-c860222f68d6	8	69299337	70040504	502	1.0359
37f156e4-c11a-4934-b0d2-c860222f68d6	8	70041692	70042119	3	-0.1257
37f156e4-c11a-4934-b0d2-c860222f68d6	8	70042441	70773587	359	1.011
37f156e4-c11a-4934-b0d2-c860222f68d6	8	70774051	76489927	3559	1.3148
37f156e4-c11a-4934-b0d2-c860222f68d6	8	76494311	76494326	2	-2.4928
37f156e4-c11a-4934-b0d2-c860222f68d6	8	76494699	80194776	2007	1.3339
37f156e4-c11a-4934-b0d2-c860222f68d6	8	80197569	80205025	6	-0.2417
37f156e4-c11a-4934-b0d2-c860222f68d6	8	80207809	88337276	4179	1.3033
37f156e4-c11a-4934-b0d2-c860222f68d6	8	88340021	99691221	6652	1.0447
37f156e4-c11a-4934-b0d2-c860222f68d6	8	99696455	105742506	3569	1.3132
37f156e4-c11a-4934-b0d2-c860222f68d6	8	105743531	105965001	103	1.0601
37f156e4-c11a-4934-b0d2-c860222f68d6	8	105971462	107505207	692	1.3426
37f156e4-c11a-4934-b0d2-c860222f68d6	8	107506458	108280713	470	1.1051
37f156e4-c11a-4934-b0d2-c860222f68d6	8	108281238	109952905	861	1.3061
37f156e4-c11a-4934-b0d2-c860222f68d6	8	109954649	110100763	81	1.0072
37f156e4-c11a-4934-b0d2-c860222f68d6	8	110128298	125500784	9309	1.308
37f156e4-c11a-4934-b0d2-c860222f68d6	8	125503955	125504269	2	-0.6036
37f156e4-c11a-4934-b0d2-c860222f68d6	8	125504579	127430224	1430	1.2952
37f156e4-c11a-4934-b0d2-c860222f68d6	8	127435304	127440521	2	-2.0803
37f156e4-c11a-4934-b0d2-c860222f68d6	8	127441520	137922342	7619	1.3085
37f156e4-c11a-4934-b0d2-c860222f68d6	8	137922591	138401523	406	1.5067
37f156e4-c11a-4934-b0d2-c860222f68d6	8	138401847	144182542	2238	1.3122
37f156e4-c11a-4934-b0d2-c860222f68d6	9	789794	4398662	2607	0.4165
37f156e4-c11a-4934-b0d2-c860222f68d6	9	4399491	4400070	2	-2.1042
37f156e4-c11a-4934-b0d2-c860222f68d6	9	4400126	4888441	390	0.3899
37f156e4-c11a-4934-b0d2-c860222f68d6	9	4889126	4889226	3	-1.5273
37f156e4-c11a-4934-b0d2-c860222f68d6	9	4894017	7055236	678	0.3326
37f156e4-c11a-4934-b0d2-c860222f68d6	9	7055253	7174673	102	0.7166
37f156e4-c11a-4934-b0d2-c860222f68d6	9	7174773	7209423	47	0.9687
37f156e4-c11a-4934-b0d2-c860222f68d6	9	7244787	12801149	2643	0.3878
37f156e4-c11a-4934-b0d2-c860222f68d6	9	12813920	14641031	1464	0.7672
37f156e4-c11a-4934-b0d2-c860222f68d6	9	14643653	15541947	673	0.3601
37f156e4-c11a-4934-b0d2-c860222f68d6	9	15542178	15847099	157	-0.1665
37f156e4-c11a-4934-b0d2-c860222f68d6	9	15847570	15944793	72	-3.2228
37f156e4-c11a-4934-b0d2-c860222f68d6	9	15947595	16393997	478	-0.1028
37f156e4-c11a-4934-b0d2-c860222f68d6	9	16395084	16680626	234	-0.8623
37f156e4-c11a-4934-b0d2-c860222f68d6	9	16680903	18325783	1260	-2.9709
37f156e4-c11a-4934-b0d2-c860222f68d6	9	18326068	21097302	2184	-0.8908
37f156e4-c11a-4934-b0d2-c860222f68d6	9	21097345	22988905	1207	-2.7333
37f156e4-c11a-4934-b0d2-c860222f68d6	9	22994953	27218717	2508	-0.8708
37f156e4-c11a-4934-b0d2-c860222f68d6	9	27218962	27261504	28	-0.6663
37f156e4-c11a-4934-b0d2-c860222f68d6	9	27261828	29780375	1365	0.3038
37f156e4-c11a-4934-b0d2-c860222f68d6	9	29780388	31619336	873	-0.1766
37f156e4-c11a-4934-b0d2-c860222f68d6	9	31619573	31620178	4	-1.9224
37f156e4-c11a-4934-b0d2-c860222f68d6	9	31622086	78746088	11561	-0.1505
37f156e4-c11a-4934-b0d2-c860222f68d6	9	78747140	78747735	2	-3.2165
37f156e4-c11a-4934-b0d2-c860222f68d6	9	78749362	91416705	8813	-0.1607
37f156e4-c11a-4934-b0d2-c860222f68d6	9	91417696	91419669	4	-2.3106
37f156e4-c11a-4934-b0d2-c860222f68d6	9	91425859	110411704	12086	-0.1599
37f156e4-c11a-4934-b0d2-c860222f68d6	9	110414058	110414512	2	-5.1349
37f156e4-c11a-4934-b0d2-c860222f68d6	9	110414732	110415555	3	-2.0241
37f156e4-c11a-4934-b0d2-c860222f68d6	9	110423242	111297347	719	-0.1152
37f156e4-c11a-4934-b0d2-c860222f68d6	9	111297376	127437736	10671	0.3123
37f156e4-c11a-4934-b0d2-c860222f68d6	9	127438090	131595240	2189	0.2378
37f156e4-c11a-4934-b0d2-c860222f68d6	9	131595766	132423703	558	0.3049
37f156e4-c11a-4934-b0d2-c860222f68d6	9	132429139	132433386	5	-1.817
37f156e4-c11a-4934-b0d2-c860222f68d6	9	132435028	138044505	2444	0.2818
37f156e4-c11a-4934-b0d2-c860222f68d6	10	366509	2207752	939	1.3152
37f156e4-c11a-4934-b0d2-c860222f68d6	10	2208113	3600363	797	1.0638
37f156e4-c11a-4934-b0d2-c860222f68d6	10	3602486	3606579	6	0.8933
37f156e4-c11a-4934-b0d2-c860222f68d6	10	3612008	4049151	412	0.3673
37f156e4-c11a-4934-b0d2-c860222f68d6	10	4049561	5168540	1005	0.7698
37f156e4-c11a-4934-b0d2-c860222f68d6	10	5175214	5182162	2	-0.6543
37f156e4-c11a-4934-b0d2-c860222f68d6	10	5183404	6156311	599	0.7369
37f156e4-c11a-4934-b0d2-c860222f68d6	10	6159894	6165274	2	-1.3277
37f156e4-c11a-4934-b0d2-c860222f68d6	10	6165414	9480784	2673	0.7512
37f156e4-c11a-4934-b0d2-c860222f68d6	10	9506063	9519142	9	1.097
37f156e4-c11a-4934-b0d2-c860222f68d6	10	9519376	10586758	682	0.3577
37f156e4-c11a-4934-b0d2-c860222f68d6	10	10586873	10586887	2	-1.4939
37f156e4-c11a-4934-b0d2-c860222f68d6	10	10586905	16156731	4371	0.3715
37f156e4-c11a-4934-b0d2-c860222f68d6	10	16161430	16413483	185	0.9799
37f156e4-c11a-4934-b0d2-c860222f68d6	10	16414466	17302226	705	0.7566
37f156e4-c11a-4934-b0d2-c860222f68d6	10	17303939	17955491	311	1.0458
37f156e4-c11a-4934-b0d2-c860222f68d6	10	17958734	19177386	917	0.7299
37f156e4-c11a-4934-b0d2-c860222f68d6	10	19177415	20032791	667	-0.1449
37f156e4-c11a-4934-b0d2-c860222f68d6	10	20033742	20034036	5	-1.705
37f156e4-c11a-4934-b0d2-c860222f68d6	10	20034098	24099498	2574	-0.146
37f156e4-c11a-4934-b0d2-c860222f68d6	10	24102036	24194534	68	-1.0019
37f156e4-c11a-4934-b0d2-c860222f68d6	10	24200540	24203963	4	-4.2267
37f156e4-c11a-4934-b0d2-c860222f68d6	10	24204108	25413627	753	-0.9488
37f156e4-c11a-4934-b0d2-c860222f68d6	10	25414612	25644353	192	-0.1691
37f156e4-c11a-4934-b0d2-c860222f68d6	10	25647270	25711654	43	-1.045
37f156e4-c11a-4934-b0d2-c860222f68d6	10	25712741	26435276	484	-0.1249
37f156e4-c11a-4934-b0d2-c860222f68d6	10	26436426	31910705	3776	0.3668
37f156e4-c11a-4934-b0d2-c860222f68d6	10	31914005	34600021	1775	-0.1236
37f156e4-c11a-4934-b0d2-c860222f68d6	10	34603346	34607504	5	0.712
37f156e4-c11a-4934-b0d2-c860222f68d6	10	34610480	34717353	73	1.353
37f156e4-c11a-4934-b0d2-c860222f68d6	10	34717710	36287779	829	1.0314
37f156e4-c11a-4934-b0d2-c860222f68d6	10	36289104	36741148	318	0.3707
37f156e4-c11a-4934-b0d2-c860222f68d6	10	36743337	36743481	2	-1.4993
37f156e4-c11a-4934-b0d2-c860222f68d6	10	36745962	38770921	957	0.3278
37f156e4-c11a-4934-b0d2-c860222f68d6	10	42450960	42865704	211	1.2508
37f156e4-c11a-4934-b0d2-c860222f68d6	10	42868221	67335171	13324	0.7592
37f156e4-c11a-4934-b0d2-c860222f68d6	10	67340670	103030732	21446	-0.1328
37f156e4-c11a-4934-b0d2-c860222f68d6	10	103031636	103130880	50	0.2886
37f156e4-c11a-4934-b0d2-c860222f68d6	10	103133000	108456671	3491	-0.1311
37f156e4-c11a-4934-b0d2-c860222f68d6	10	108456718	108458551	2	-2.5064
37f156e4-c11a-4934-b0d2-c860222f68d6	10	108458661	121308006	8828	-0.1162
37f156e4-c11a-4934-b0d2-c860222f68d6	10	121310812	121486312	190	0.4317
37f156e4-c11a-4934-b0d2-c860222f68d6	10	121492340	123610844	1609	-0.1216
37f156e4-c11a-4934-b0d2-c860222f68d6	10	123610863	123611622	2	-1.8023
37f156e4-c11a-4934-b0d2-c860222f68d6	10	123612812	123918272	231	-0.1184
37f156e4-c11a-4934-b0d2-c860222f68d6	10	123921631	123924462	6	-1.2188
37f156e4-c11a-4934-b0d2-c860222f68d6	10	123925565	133411599	5330	-0.1326
37f156e4-c11a-4934-b0d2-c860222f68d6	11	456012	9274337	4730	-0.1355
37f156e4-c11a-4934-b0d2-c860222f68d6	11	9376691	10095841	434	-0.8888
37f156e4-c11a-4934-b0d2-c860222f68d6	11	10095966	10472565	236	0.363
37f156e4-c11a-4934-b0d2-c860222f68d6	11	10476112	15392921	3661	-0.9275
37f156e4-c11a-4934-b0d2-c860222f68d6	11	15393975	16024667	481	-0.0946
37f156e4-c11a-4934-b0d2-c860222f68d6	11	16025951	16026371	2	-2.0377
37f156e4-c11a-4934-b0d2-c860222f68d6	11	16027513	21498856	3938	-0.1293
37f156e4-c11a-4934-b0d2-c860222f68d6	11	21501325	21589423	59	-0.8862
37f156e4-c11a-4934-b0d2-c860222f68d6	11	21593243	32288430	6721	-0.1355
37f156e4-c11a-4934-b0d2-c860222f68d6	11	32289345	32424239	166	0.2886
37f156e4-c11a-4934-b0d2-c860222f68d6	11	32424310	32424382	2	-2.1034
37f156e4-c11a-4934-b0d2-c860222f68d6	11	32425801	33463183	449	0.3363
37f156e4-c11a-4934-b0d2-c860222f68d6	11	33463228	37954807	2832	0.4087
37f156e4-c11a-4934-b0d2-c860222f68d6	11	37955691	39852962	1087	0.325
37f156e4-c11a-4934-b0d2-c860222f68d6	11	39854636	39854855	3	-1.929
37f156e4-c11a-4934-b0d2-c860222f68d6	11	39858254	40761741	603	0.3568
37f156e4-c11a-4934-b0d2-c860222f68d6	11	40771982	41785140	737	1.0239
37f156e4-c11a-4934-b0d2-c860222f68d6	11	41790890	45370005	2499	0.7733
37f156e4-c11a-4934-b0d2-c860222f68d6	11	45378268	45378354	2	2.7446
37f156e4-c11a-4934-b0d2-c860222f68d6	11	45379862	46091177	400	0.8097
37f156e4-c11a-4934-b0d2-c860222f68d6	11	46091564	48351028	975	0.6844
37f156e4-c11a-4934-b0d2-c860222f68d6	11	48352939	49088271	46	0.8919
37f156e4-c11a-4934-b0d2-c860222f68d6	11	49089915	49292713	94	1.0351
37f156e4-c11a-4934-b0d2-c860222f68d6	11	49296061	49476228	74	1.2816
37f156e4-c11a-4934-b0d2-c860222f68d6	11	49480998	50085543	224	0.9766
37f156e4-c11a-4934-b0d2-c860222f68d6	11	50088070	57508547	750	0.3554
37f156e4-c11a-4934-b0d2-c860222f68d6	11	57516933	57695470	87	0.6465
37f156e4-c11a-4934-b0d2-c860222f68d6	11	57701700	58219420	296	1.257
37f156e4-c11a-4934-b0d2-c860222f68d6	11	58219905	58220793	2	2.8963
37f156e4-c11a-4934-b0d2-c860222f68d6	11	58221047	58580292	214	1.2751
37f156e4-c11a-4934-b0d2-c860222f68d6	11	58580872	58715827	75	-0.06
37f156e4-c11a-4934-b0d2-c860222f68d6	11	58716998	60274624	853	0.3844
37f156e4-c11a-4934-b0d2-c860222f68d6	11	60275029	60837257	342	-0.1097
37f156e4-c11a-4934-b0d2-c860222f68d6	11	60840819	60841181	2	-1.8094
37f156e4-c11a-4934-b0d2-c860222f68d6	11	60841344	63949244	1506	-0.167
37f156e4-c11a-4934-b0d2-c860222f68d6	11	63987039	63987743	2	-1.9793
37f156e4-c11a-4934-b0d2-c860222f68d6	11	63988489	64828200	322	-0.2163
37f156e4-c11a-4934-b0d2-c860222f68d6	11	65902628	66341981	202	0.289
37f156e4-c11a-4934-b0d2-c860222f68d6	11	66343195	66750353	132	-0.236
37f156e4-c11a-4934-b0d2-c860222f68d6	11	66750864	69188379	872	0.3155
37f156e4-c11a-4934-b0d2-c860222f68d6	11	69189552	72552866	1728	1.2993
37f156e4-c11a-4934-b0d2-c860222f68d6	11	72556445	73668030	515	1.5107
37f156e4-c11a-4934-b0d2-c860222f68d6	11	73675343	74059570	196	1.2334
37f156e4-c11a-4934-b0d2-c860222f68d6	11	74066502	74283599	104	1.6603
37f156e4-c11a-4934-b0d2-c860222f68d6	11	74284651	74435480	81	1.285
37f156e4-c11a-4934-b0d2-c860222f68d6	11	74438045	74477597	33	1.0279
37f156e4-c11a-4934-b0d2-c860222f68d6	11	74480640	74495177	10	0.3116
37f156e4-c11a-4934-b0d2-c860222f68d6	11	74495361	74634778	98	1.0438
37f156e4-c11a-4934-b0d2-c860222f68d6	11	74635292	75965216	751	1.313
37f156e4-c11a-4934-b0d2-c860222f68d6	11	75971298	75978195	5	0.51
37f156e4-c11a-4934-b0d2-c860222f68d6	11	75983234	76904746	517	1.5477
37f156e4-c11a-4934-b0d2-c860222f68d6	11	76907703	76949894	17	1.2355
37f156e4-c11a-4934-b0d2-c860222f68d6	11	76956128	77493701	270	0.7838
37f156e4-c11a-4934-b0d2-c860222f68d6	11	77493821	81015896	2442	0.3716
37f156e4-c11a-4934-b0d2-c860222f68d6	11	81021778	83123813	1264	-0.1273
37f156e4-c11a-4934-b0d2-c860222f68d6	11	83124827	83148065	10	-1.0387
37f156e4-c11a-4934-b0d2-c860222f68d6	11	83149335	83398172	129	-0.1228
37f156e4-c11a-4934-b0d2-c860222f68d6	11	83403353	86098616	1463	-0.8684
37f156e4-c11a-4934-b0d2-c860222f68d6	11	86099430	88873289	1904	-0.1165
37f156e4-c11a-4934-b0d2-c860222f68d6	11	88877783	90979822	985	-0.801
37f156e4-c11a-4934-b0d2-c860222f68d6	11	90983172	90983489	3	-5.55
37f156e4-c11a-4934-b0d2-c860222f68d6	11	90983898	95563748	2755	-0.896
37f156e4-c11a-4934-b0d2-c860222f68d6	11	95566473	95783977	162	0.4035
37f156e4-c11a-4934-b0d2-c860222f68d6	11	95785993	97253903	1013	-0.1127
37f156e4-c11a-4934-b0d2-c860222f68d6	11	97254105	125322385	18262	-0.8854
37f156e4-c11a-4934-b0d2-c860222f68d6	11	125322414	125322475	2	-6.1087
37f156e4-c11a-4934-b0d2-c860222f68d6	11	125323060	125334357	7	-2.3541
37f156e4-c11a-4934-b0d2-c860222f68d6	11	125335513	134272740	5937	-0.9126
37f156e4-c11a-4934-b0d2-c860222f68d6	12	780472	8738931	4443	0.7641
37f156e4-c11a-4934-b0d2-c860222f68d6	12	8742208	8744238	3	-0.8794
37f156e4-c11a-4934-b0d2-c860222f68d6	12	8746795	8856464	57	0.7311
37f156e4-c11a-4934-b0d2-c860222f68d6	12	8858645	8861005	5	-1.353
37f156e4-c11a-4934-b0d2-c860222f68d6	12	8861159	15885622	4049	0.7608
37f156e4-c11a-4934-b0d2-c860222f68d6	12	15887261	20417165	2782	-0.1261
37f156e4-c11a-4934-b0d2-c860222f68d6	12	20421884	20423532	2	-2.2747
37f156e4-c11a-4934-b0d2-c860222f68d6	12	20425175	23997999	2267	-0.1278
37f156e4-c11a-4934-b0d2-c860222f68d6	12	24010307	26524420	1718	0.7621
37f156e4-c11a-4934-b0d2-c860222f68d6	12	26530512	26690258	116	1.4559
37f156e4-c11a-4934-b0d2-c860222f68d6	12	26690277	26771163	62	1.8809
37f156e4-c11a-4934-b0d2-c860222f68d6	12	26772167	29662262	1772	0.3858
37f156e4-c11a-4934-b0d2-c860222f68d6	12	29665271	29699112	35	-0.0716
37f156e4-c11a-4934-b0d2-c860222f68d6	12	29707131	32341821	1695	0.737
37f156e4-c11a-4934-b0d2-c860222f68d6	12	32343412	38827290	635	0.3448
37f156e4-c11a-4934-b0d2-c860222f68d6	12	38829764	42016455	1990	-0.1098
37f156e4-c11a-4934-b0d2-c860222f68d6	12	42020579	42498938	242	0.6985
37f156e4-c11a-4934-b0d2-c860222f68d6	12	42499205	42818897	227	0.3707
37f156e4-c11a-4934-b0d2-c860222f68d6	12	43344680	44651053	708	-0.8572
37f156e4-c11a-4934-b0d2-c860222f68d6	12	44651754	82919336	22403	-0.1361
37f156e4-c11a-4934-b0d2-c860222f68d6	12	82925579	92416518	5483	0.37
37f156e4-c11a-4934-b0d2-c860222f68d6	12	92423122	119839745	17379	-0.1274
37f156e4-c11a-4934-b0d2-c860222f68d6	12	119840437	124123518	1866	-0.2153
37f156e4-c11a-4934-b0d2-c860222f68d6	12	124126699	131411405	3644	-0.1562
37f156e4-c11a-4934-b0d2-c860222f68d6	12	131411632	131608479	180	-1.3426
37f156e4-c11a-4934-b0d2-c860222f68d6	12	131609044	132605822	219	-0.2278
37f156e4-c11a-4934-b0d2-c860222f68d6	13	18874255	40186147	13308	-0.9016
37f156e4-c11a-4934-b0d2-c860222f68d6	13	40186561	40186801	2	-5.0809
37f156e4-c11a-4934-b0d2-c860222f68d6	13	40188714	42540556	1498	-0.89
37f156e4-c11a-4934-b0d2-c860222f68d6	13	42541222	42545193	5	-4.9933
37f156e4-c11a-4934-b0d2-c860222f68d6	13	42545201	42844865	221	-0.8533
37f156e4-c11a-4934-b0d2-c860222f68d6	13	42847547	52919593	5228	-0.1132
37f156e4-c11a-4934-b0d2-c860222f68d6	13	52926368	52926443	2	-2.4089
37f156e4-c11a-4934-b0d2-c860222f68d6	13	52927065	103627815	29607	-0.1302
37f156e4-c11a-4934-b0d2-c860222f68d6	13	103628086	103628718	6	-1.349
37f156e4-c11a-4934-b0d2-c860222f68d6	13	103628756	106729195	1861	-0.1016
37f156e4-c11a-4934-b0d2-c860222f68d6	13	106730022	106732362	4	-1.9498
37f156e4-c11a-4934-b0d2-c860222f68d6	13	106732887	114226675	4723	-0.139
37f156e4-c11a-4934-b0d2-c860222f68d6	14	20033191	21634589	904	0.3892
37f156e4-c11a-4934-b0d2-c860222f68d6	14	21634977	30516597	4312	-0.1205
37f156e4-c11a-4934-b0d2-c860222f68d6	14	30521667	33507118	1960	-0.8689
37f156e4-c11a-4934-b0d2-c860222f68d6	14	33507711	33509212	4	-3.9341
37f156e4-c11a-4934-b0d2-c860222f68d6	14	33509300	33692970	160	-0.9014
37f156e4-c11a-4934-b0d2-c860222f68d6	14	33693304	33693939	5	-4.2536
37f156e4-c11a-4934-b0d2-c860222f68d6	14	33697195	57581753	12914	-0.8724
37f156e4-c11a-4934-b0d2-c860222f68d6	14	57581964	57589539	3	-4.9155
37f156e4-c11a-4934-b0d2-c860222f68d6	14	57589730	72922978	9191	-0.8897
37f156e4-c11a-4934-b0d2-c860222f68d6	14	72932645	74936758	1000	-0.1777
37f156e4-c11a-4934-b0d2-c860222f68d6	14	74937114	75920649	626	0.3758
37f156e4-c11a-4934-b0d2-c860222f68d6	14	75920929	75944394	5	-0.1368
37f156e4-c11a-4934-b0d2-c860222f68d6	14	75948608	76482949	334	-0.9403
37f156e4-c11a-4934-b0d2-c860222f68d6	14	76483185	76490789	10	-2.1011
37f156e4-c11a-4934-b0d2-c860222f68d6	14	76490998	79529898	2093	-0.9443
37f156e4-c11a-4934-b0d2-c860222f68d6	14	79530742	105533894	15708	-0.1366
37f156e4-c11a-4934-b0d2-c860222f68d6	15	23437561	25197854	812	-0.9198
37f156e4-c11a-4934-b0d2-c860222f68d6	15	25198626	25207565	5	-3.9694
37f156e4-c11a-4934-b0d2-c860222f68d6	15	25207867	54492834	15528	-0.8996
37f156e4-c11a-4934-b0d2-c860222f68d6	15	54494727	68570334	9070	-0.1304
37f156e4-c11a-4934-b0d2-c860222f68d6	15	68570483	68570983	2	-4.4637
37f156e4-c11a-4934-b0d2-c860222f68d6	15	68571378	79332139	5745	-0.1469
37f156e4-c11a-4934-b0d2-c860222f68d6	15	79332466	79332569	2	-2.7673
37f156e4-c11a-4934-b0d2-c860222f68d6	15	79333240	82086841	1906	-0.1356
37f156e4-c11a-4934-b0d2-c860222f68d6	15	82087617	82088524	2	-2.1438
37f156e4-c11a-4934-b0d2-c860222f68d6	15	82088837	89716928	4184	-0.1374
37f156e4-c11a-4934-b0d2-c860222f68d6	15	89717993	89718739	2	-2.3787
37f156e4-c11a-4934-b0d2-c860222f68d6	15	89719015	90150299	242	-0.2379
37f156e4-c11a-4934-b0d2-c860222f68d6	15	90155154	90155324	2	-2.8135
37f156e4-c11a-4934-b0d2-c860222f68d6	15	90160086	99170176	5869	-0.1328
37f156e4-c11a-4934-b0d2-c860222f68d6	15	99171551	99325889	103	-0.9091
37f156e4-c11a-4934-b0d2-c860222f68d6	15	99329731	101344124	872	-0.1453
37f156e4-c11a-4934-b0d2-c860222f68d6	16	603333	4852480	1540	0.3003
37f156e4-c11a-4934-b0d2-c860222f68d6	16	4852607	11441720	4415	0.3899
37f156e4-c11a-4934-b0d2-c860222f68d6	16	11441840	48882630	9133	0.3448
37f156e4-c11a-4934-b0d2-c860222f68d6	16	48882643	53449090	3252	0.3856
37f156e4-c11a-4934-b0d2-c860222f68d6	16	53449131	53449144	2	-1.1172
37f156e4-c11a-4934-b0d2-c860222f68d6	16	53449165	53909161	399	0.3587
37f156e4-c11a-4934-b0d2-c860222f68d6	16	53912292	56217981	1784	0.4375
37f156e4-c11a-4934-b0d2-c860222f68d6	16	56218759	62673661	3937	0.3621
37f156e4-c11a-4934-b0d2-c860222f68d6	16	62680613	64465338	1103	0.77
37f156e4-c11a-4934-b0d2-c860222f68d6	16	64474720	64474803	3	-0.6592
37f156e4-c11a-4934-b0d2-c860222f68d6	16	64475151	66624451	1609	0.825
37f156e4-c11a-4934-b0d2-c860222f68d6	16	66624881	70690849	1688	0.6919
37f156e4-c11a-4934-b0d2-c860222f68d6	16	70695353	80614191	6854	0.7752
37f156e4-c11a-4934-b0d2-c860222f68d6	16	80616871	80779269	133	1.0629
37f156e4-c11a-4934-b0d2-c860222f68d6	16	80779799	89317317	5209	0.7928
37f156e4-c11a-4934-b0d2-c860222f68d6	17	1074619	11131670	5272	-0.1751
37f156e4-c11a-4934-b0d2-c860222f68d6	17	11131749	11133132	9	-1.8901
37f156e4-c11a-4934-b0d2-c860222f68d6	17	11135820	17035660	2725	-0.147
37f156e4-c11a-4934-b0d2-c860222f68d6	17	17036659	51504795	12176	-0.174
37f156e4-c11a-4934-b0d2-c860222f68d6	17	51505283	57808659	4279	-0.1304
37f156e4-c11a-4934-b0d2-c860222f68d6	17	57809479	61347899	1654	0.3195
37f156e4-c11a-4934-b0d2-c860222f68d6	17	61351452	82959812	10979	0.7415
37f156e4-c11a-4934-b0d2-c860222f68d6	18	326691	6816602	3167	-0.125
37f156e4-c11a-4934-b0d2-c860222f68d6	18	6818151	10037216	2393	0.4001
37f156e4-c11a-4934-b0d2-c860222f68d6	18	10037297	10038213	4	-0.6917
37f156e4-c11a-4934-b0d2-c860222f68d6	18	10038836	10717821	552	0.4046
37f156e4-c11a-4934-b0d2-c860222f68d6	18	10722951	11894546	755	-0.1299
37f156e4-c11a-4934-b0d2-c860222f68d6	18	11901889	12313666	227	0.3139
37f156e4-c11a-4934-b0d2-c860222f68d6	18	12322746	12327753	4	-0.5917
37f156e4-c11a-4934-b0d2-c860222f68d6	18	12335022	13216249	472	0.3419
37f156e4-c11a-4934-b0d2-c860222f68d6	18	13225201	14406970	595	-0.1374
37f156e4-c11a-4934-b0d2-c860222f68d6	18	14407180	14469466	6	-0.932
37f156e4-c11a-4934-b0d2-c860222f68d6	18	14470640	14660483	44	-0.0653
37f156e4-c11a-4934-b0d2-c860222f68d6	18	14661644	21506198	171	0.3726
37f156e4-c11a-4934-b0d2-c860222f68d6	18	21508430	21585895	25	-0.741
37f156e4-c11a-4934-b0d2-c860222f68d6	18	21608549	25624739	2434	0.3916
37f156e4-c11a-4934-b0d2-c860222f68d6	18	25625259	26366532	420	-0.118
37f156e4-c11a-4934-b0d2-c860222f68d6	18	26367901	28616694	1476	1.0763
37f156e4-c11a-4934-b0d2-c860222f68d6	18	28616708	28742041	82	1.3343
37f156e4-c11a-4934-b0d2-c860222f68d6	18	28742836	31161742	1376	1.0429
37f156e4-c11a-4934-b0d2-c860222f68d6	18	31162095	31994213	518	0.4058
37f156e4-c11a-4934-b0d2-c860222f68d6	18	32000332	32078945	51	0.1674
37f156e4-c11a-4934-b0d2-c860222f68d6	18	32079127	32835099	558	0.4267
37f156e4-c11a-4934-b0d2-c860222f68d6	18	32835945	36544135	2137	-0.1123
37f156e4-c11a-4934-b0d2-c860222f68d6	18	36544801	38050231	1010	-0.9179
37f156e4-c11a-4934-b0d2-c860222f68d6	18	38053142	38056863	2	-4.7348
37f156e4-c11a-4934-b0d2-c860222f68d6	18	38056901	58168219	12619	-0.8666
37f156e4-c11a-4934-b0d2-c860222f68d6	18	58169265	58174682	5	-3.9072
37f156e4-c11a-4934-b0d2-c860222f68d6	18	58176039	59858601	1130	-0.9174
37f156e4-c11a-4934-b0d2-c860222f68d6	18	59858602	75153610	7447	-0.8529
37f156e4-c11a-4934-b0d2-c860222f68d6	18	75153910	79349796	2784	-0.9449
37f156e4-c11a-4934-b0d2-c860222f68d6	19	283868	556150	58	-0.174
37f156e4-c11a-4934-b0d2-c860222f68d6	19	575083	3233528	631	-1.12
37f156e4-c11a-4934-b0d2-c860222f68d6	19	3243806	23872082	8330	0.279
37f156e4-c11a-4934-b0d2-c860222f68d6	19	27749470	47432095	10485	-0.1949
37f156e4-c11a-4934-b0d2-c860222f68d6	19	47434209	47438221	7	-2.1856
37f156e4-c11a-4934-b0d2-c860222f68d6	19	47443257	49707696	946	-0.2187
37f156e4-c11a-4934-b0d2-c860222f68d6	19	49715926	58370362	3596	0.3033
37f156e4-c11a-4934-b0d2-c860222f68d6	20	472817	1936086	850	-1.0092
37f156e4-c11a-4934-b0d2-c860222f68d6	20	1936563	1938678	3	-6.6068
37f156e4-c11a-4934-b0d2-c860222f68d6	20	1940877	13522532	7445	-0.9202
37f156e4-c11a-4934-b0d2-c860222f68d6	20	13527166	13944534	218	-0.1642
37f156e4-c11a-4934-b0d2-c860222f68d6	20	13946640	14209133	131	-0.8715
37f156e4-c11a-4934-b0d2-c860222f68d6	20	14210914	15182862	247	-0.0927
37f156e4-c11a-4934-b0d2-c860222f68d6	20	15184878	17765510	2276	-0.9141
37f156e4-c11a-4934-b0d2-c860222f68d6	20	17765782	17769609	6	-3.7129
37f156e4-c11a-4934-b0d2-c860222f68d6	20	17771064	21956677	3011	-0.9311
37f156e4-c11a-4934-b0d2-c860222f68d6	20	21965936	22234183	161	0.7661
37f156e4-c11a-4934-b0d2-c860222f68d6	20	22235084	22316443	60	1.6233
37f156e4-c11a-4934-b0d2-c860222f68d6	20	22321658	22370795	76	1.0331
37f156e4-c11a-4934-b0d2-c860222f68d6	20	22372978	24033501	1123	0.7407
37f156e4-c11a-4934-b0d2-c860222f68d6	20	24033580	24226601	134	-0.0953
37f156e4-c11a-4934-b0d2-c860222f68d6	20	24228403	25161976	530	-1.0083
37f156e4-c11a-4934-b0d2-c860222f68d6	20	25163248	25757989	271	-0.1369
37f156e4-c11a-4934-b0d2-c860222f68d6	20	25758128	25764087	4	-1.4428
37f156e4-c11a-4934-b0d2-c860222f68d6	20	25774116	31589229	291	-0.169
37f156e4-c11a-4934-b0d2-c860222f68d6	20	31589909	37077239	2593	0.2986
37f156e4-c11a-4934-b0d2-c860222f68d6	20	37077320	37083754	14	-0.5474
37f156e4-c11a-4934-b0d2-c860222f68d6	20	37083946	39119094	1257	0.3478
37f156e4-c11a-4934-b0d2-c860222f68d6	20	39119927	39120429	2	-1.4594
37f156e4-c11a-4934-b0d2-c860222f68d6	20	39128790	40041085	693	0.3889
37f156e4-c11a-4934-b0d2-c860222f68d6	20	40041985	42013145	1270	-0.1329
37f156e4-c11a-4934-b0d2-c860222f68d6	20	42014935	42028744	17	-0.9447
37f156e4-c11a-4934-b0d2-c860222f68d6	20	42030937	43549218	1104	-0.1318
37f156e4-c11a-4934-b0d2-c860222f68d6	20	43549795	43553532	2	-1.9492
37f156e4-c11a-4934-b0d2-c860222f68d6	20	43554262	43906581	183	-0.175
37f156e4-c11a-4934-b0d2-c860222f68d6	20	43906835	44642655	509	0.3702
37f156e4-c11a-4934-b0d2-c860222f68d6	20	44647146	44649413	2	-1.3171
37f156e4-c11a-4934-b0d2-c860222f68d6	20	44649722	46941008	1446	0.3762
37f156e4-c11a-4934-b0d2-c860222f68d6	20	46941020	52845818	3859	0.7251
37f156e4-c11a-4934-b0d2-c860222f68d6	20	52898082	56509176	2701	0.3751
37f156e4-c11a-4934-b0d2-c860222f68d6	20	56512409	57520096	719	0.7709
37f156e4-c11a-4934-b0d2-c860222f68d6	20	57528700	61120147	2759	-0.1521
37f156e4-c11a-4934-b0d2-c860222f68d6	20	61120405	61137005	19	0.3999
37f156e4-c11a-4934-b0d2-c860222f68d6	20	61140155	61260342	118	-0.1867
37f156e4-c11a-4934-b0d2-c860222f68d6	20	61261070	62754435	799	-1.1194
37f156e4-c11a-4934-b0d2-c860222f68d6	20	62763489	63539265	230	0.3472
37f156e4-c11a-4934-b0d2-c860222f68d6	20	63555881	63588502	16	0.8652
37f156e4-c11a-4934-b0d2-c860222f68d6	21	13974127	19360951	3400	-0.0841
37f156e4-c11a-4934-b0d2-c860222f68d6	21	19362833	19365329	2	-2.3744
37f156e4-c11a-4934-b0d2-c860222f68d6	21	19365545	29104873	6252	-0.1026
37f156e4-c11a-4934-b0d2-c860222f68d6	21	29110386	29111830	2	-2.2204
37f156e4-c11a-4934-b0d2-c860222f68d6	21	29113871	31769290	1698	-0.0795
37f156e4-c11a-4934-b0d2-c860222f68d6	21	31775586	31778772	2	-2.5648
37f156e4-c11a-4934-b0d2-c860222f68d6	21	31779583	41873463	7181	-0.107
37f156e4-c11a-4934-b0d2-c860222f68d6	21	41875589	46262057	1935	-0.1613
37f156e4-c11a-4934-b0d2-c860222f68d6	22	16934932	18131162	751	-0.9743
37f156e4-c11a-4934-b0d2-c860222f68d6	22	21741482	36098081	8499	-0.1553
37f156e4-c11a-4934-b0d2-c860222f68d6	22	36100899	36110325	10	-0.9865
37f156e4-c11a-4934-b0d2-c860222f68d6	22	36110993	41979300	2924	-0.2003
37f156e4-c11a-4934-b0d2-c860222f68d6	22	41982569	48940621	4703	-1.0374
37f156e4-c11a-4934-b0d2-c860222f68d6	X	3236359	26942224	10300	-0.0243
37f156e4-c11a-4934-b0d2-c860222f68d6	X	26945686	27187748	147	-0.769
37f156e4-c11a-4934-b0d2-c860222f68d6	X	27192908	34015346	3388	-0.027
37f156e4-c11a-4934-b0d2-c860222f68d6	X	34015552	45035308	4904	-0.7975
37f156e4-c11a-4934-b0d2-c860222f68d6	X	45038943	51586943	2865	-0.6925
37f156e4-c11a-4934-b0d2-c860222f68d6	X	51725327	58286022	2240	0.0155
37f156e4-c11a-4934-b0d2-c860222f68d6	X	58288584	64795336	609	0.8754
37f156e4-c11a-4934-b0d2-c860222f68d6	X	64809742	64810448	3	-0.9371
37f156e4-c11a-4934-b0d2-c860222f68d6	X	64814098	65166554	153	0.8463
37f156e4-c11a-4934-b0d2-c860222f68d6	X	65179107	65372809	78	0.5047
37f156e4-c11a-4934-b0d2-c860222f68d6	X	65375625	65376010	2	-1.8264
37f156e4-c11a-4934-b0d2-c860222f68d6	X	65387369	66314296	334	0.4871
37f156e4-c11a-4934-b0d2-c860222f68d6	X	66320131	67627560	473	-0.0402
37f156e4-c11a-4934-b0d2-c860222f68d6	X	67634193	69162069	750	0.5179
37f156e4-c11a-4934-b0d2-c860222f68d6	X	69166945	85563366	6072	-0.0723
37f156e4-c11a-4934-b0d2-c860222f68d6	X	85564835	85602206	30	-0.7679
37f156e4-c11a-4934-b0d2-c860222f68d6	X	85603319	114509052	12834	-0.0504
37f156e4-c11a-4934-b0d2-c860222f68d6	X	114509337	126714197	5819	0.4791
37f156e4-c11a-4934-b0d2-c860222f68d6	X	126716599	126717783	3	-2.2539
37f156e4-c11a-4934-b0d2-c860222f68d6	X	126723163	129866422	1424	0.4822
37f156e4-c11a-4934-b0d2-c860222f68d6	X	129867715	130258701	165	0.8601
37f156e4-c11a-4934-b0d2-c860222f68d6	X	130258883	132702084	962	0.5203
37f156e4-c11a-4934-b0d2-c860222f68d6	X	132703038	132703051	2	2.5694
37f156e4-c11a-4934-b0d2-c860222f68d6	X	132704148	136890746	1713	0.4927
37f156e4-c11a-4934-b0d2-c860222f68d6	X	136895455	139574003	1552	0.8871
37f156e4-c11a-4934-b0d2-c860222f68d6	X	139574892	141942067	405	-0.0538
37f156e4-c11a-4934-b0d2-c860222f68d6	X	141945547	143048035	663	0.4612
37f156e4-c11a-4934-b0d2-c860222f68d6	X	143049615	155677414	5822	-0.0555
