GDC_Aliquot	Chromosome	Start	End	Num_Probes	Segment_Mean
c5f3f2c3-0c41-4b3d-91d5-767a54746db9	1	3301765	3823558	265	-0.2359
c5f3f2c3-0c41-4b3d-91d5-767a54746db9	1	3825693	46926570	23111	-0.2845
c5f3f2c3-0c41-4b3d-91d5-767a54746db9	1	46929681	49784943	1660	-0.2285
c5f3f2c3-0c41-4b3d-91d5-767a54746db9	1	49788295	78112999	17898	-0.2506
c5f3f2c3-0c41-4b3d-91d5-767a54746db9	1	78113107	79319248	584	-0.2116
c5f3f2c3-0c41-4b3d-91d5-767a54746db9	1	79327168	79338652	13	-0.7648
c5f3f2c3-0c41-4b3d-91d5-767a54746db9	1	79355503	101547383	13857	-0.2141
c5f3f2c3-0c41-4b3d-91d5-767a54746db9	1	101547398	106731935	2558	-0.1615
c5f3f2c3-0c41-4b3d-91d5-767a54746db9	1	106732505	108328497	1049	-0.0976
c5f3f2c3-0c41-4b3d-91d5-767a54746db9	1	108330131	109553331	558	-0.1665
c5f3f2c3-0c41-4b3d-91d5-767a54746db9	1	109553771	110009477	216	0.2061
c5f3f2c3-0c41-4b3d-91d5-767a54746db9	1	110009646	110337964	222	0.0455
c5f3f2c3-0c41-4b3d-91d5-767a54746db9	1	110340430	111385772	747	-0.1566
c5f3f2c3-0c41-4b3d-91d5-767a54746db9	1	111393046	111786444	224	0.0142
c5f3f2c3-0c41-4b3d-91d5-767a54746db9	1	111787216	111796300	6	-0.2353
c5f3f2c3-0c41-4b3d-91d5-767a54746db9	1	111797258	119979030	5188	0.0756
c5f3f2c3-0c41-4b3d-91d5-767a54746db9	1	119979137	153425484	1716	0.2886
c5f3f2c3-0c41-4b3d-91d5-767a54746db9	1	153427849	156503322	1369	0.2441
c5f3f2c3-0c41-4b3d-91d5-767a54746db9	1	156504441	162053949	3394	0.2909
c5f3f2c3-0c41-4b3d-91d5-767a54746db9	1	162054019	184770166	15357	0.3151
c5f3f2c3-0c41-4b3d-91d5-767a54746db9	1	184771269	185127119	159	0.2705
c5f3f2c3-0c41-4b3d-91d5-767a54746db9	1	185164934	185183961	13	-0.5109
c5f3f2c3-0c41-4b3d-91d5-767a54746db9	1	185187999	186978646	1106	0.2994
c5f3f2c3-0c41-4b3d-91d5-767a54746db9	1	186978895	199715415	7434	0.3283
c5f3f2c3-0c41-4b3d-91d5-767a54746db9	1	199720768	208397719	5607	0.2854
c5f3f2c3-0c41-4b3d-91d5-767a54746db9	1	208401271	211185838	2102	0.3247
c5f3f2c3-0c41-4b3d-91d5-767a54746db9	1	211189379	213181175	1188	0.2821
c5f3f2c3-0c41-4b3d-91d5-767a54746db9	1	213181365	222653867	6472	0.3334
c5f3f2c3-0c41-4b3d-91d5-767a54746db9	1	222653962	237783704	9697	0.2972
c5f3f2c3-0c41-4b3d-91d5-767a54746db9	1	237784021	237910951	121	0.6936
c5f3f2c3-0c41-4b3d-91d5-767a54746db9	1	237911409	242130817	3139	0.3166
c5f3f2c3-0c41-4b3d-91d5-767a54746db9	1	242132345	242137966	2	-1.0209
c5f3f2c3-0c41-4b3d-91d5-767a54746db9	1	242138061	247650984	2789	0.2941
c5f3f2c3-0c41-4b3d-91d5-767a54746db9	2	480597	100773367	53269	-0.0005
c5f3f2c3-0c41-4b3d-91d5-767a54746db9	2	100773885	103248830	1543	-0.3289
c5f3f2c3-0c41-4b3d-91d5-767a54746db9	2	103250877	103699485	253	0.0342
c5f3f2c3-0c41-4b3d-91d5-767a54746db9	2	103699646	113662808	5088	-0.3314
c5f3f2c3-0c41-4b3d-91d5-767a54746db9	2	113663085	113980117	180	-0.0077
c5f3f2c3-0c41-4b3d-91d5-767a54746db9	2	113982292	133250240	9382	-0.3261
c5f3f2c3-0c41-4b3d-91d5-767a54746db9	2	133254421	133254927	2	-3.6394
c5f3f2c3-0c41-4b3d-91d5-767a54746db9	2	133257389	151213882	10272	-0.3149
c5f3f2c3-0c41-4b3d-91d5-767a54746db9	2	151215634	159057223	4544	-0.642
c5f3f2c3-0c41-4b3d-91d5-767a54746db9	2	159068298	159318799	182	0.0258
c5f3f2c3-0c41-4b3d-91d5-767a54746db9	2	159319420	193968640	19506	0.0739
c5f3f2c3-0c41-4b3d-91d5-767a54746db9	2	193974033	193979434	2	-1.6275
c5f3f2c3-0c41-4b3d-91d5-767a54746db9	2	193988778	210649258	9112	0.0581
c5f3f2c3-0c41-4b3d-91d5-767a54746db9	2	210649768	215059316	2679	0.1102
c5f3f2c3-0c41-4b3d-91d5-767a54746db9	2	215059349	229368869	9241	0.0672
c5f3f2c3-0c41-4b3d-91d5-767a54746db9	2	229369145	240441185	6487	0.0396
c5f3f2c3-0c41-4b3d-91d5-767a54746db9	2	240441258	240444550	3	-0.9395
c5f3f2c3-0c41-4b3d-91d5-767a54746db9	2	240445344	241537572	520	0.0385
c5f3f2c3-0c41-4b3d-91d5-767a54746db9	3	2170634	24738775	13212	-0.3379
c5f3f2c3-0c41-4b3d-91d5-767a54746db9	3	24740154	24740196	2	-2.2888
c5f3f2c3-0c41-4b3d-91d5-767a54746db9	3	24740405	63142557	21966	-0.3377
c5f3f2c3-0c41-4b3d-91d5-767a54746db9	3	63143575	63147449	2	-2.1693
c5f3f2c3-0c41-4b3d-91d5-767a54746db9	3	63157334	65567503	2047	-0.3142
c5f3f2c3-0c41-4b3d-91d5-767a54746db9	3	65567898	65568776	3	-1.5957
c5f3f2c3-0c41-4b3d-91d5-767a54746db9	3	65569593	70734282	3547	-0.3226
c5f3f2c3-0c41-4b3d-91d5-767a54746db9	3	70734340	73652527	2080	-0.3703
c5f3f2c3-0c41-4b3d-91d5-767a54746db9	3	73653360	77241899	1826	-0.3245
c5f3f2c3-0c41-4b3d-91d5-767a54746db9	3	77242083	86212375	4618	-0.296
c5f3f2c3-0c41-4b3d-91d5-767a54746db9	3	86216052	86216665	2	-1.7535
c5f3f2c3-0c41-4b3d-91d5-767a54746db9	3	86221012	89727735	1787	-0.299
c5f3f2c3-0c41-4b3d-91d5-767a54746db9	3	89732707	95439907	932	-0.3205
c5f3f2c3-0c41-4b3d-91d5-767a54746db9	3	95457526	96092538	311	0.6123
c5f3f2c3-0c41-4b3d-91d5-767a54746db9	3	96097299	97062453	479	-0.3013
c5f3f2c3-0c41-4b3d-91d5-767a54746db9	3	97065582	97111079	30	0.4888
c5f3f2c3-0c41-4b3d-91d5-767a54746db9	3	97111301	97231877	52	-0.328
c5f3f2c3-0c41-4b3d-91d5-767a54746db9	3	97232748	97371130	62	0.5307
c5f3f2c3-0c41-4b3d-91d5-767a54746db9	3	97371969	97724206	172	-0.3337
c5f3f2c3-0c41-4b3d-91d5-767a54746db9	3	97726189	97804875	42	0.6151
c5f3f2c3-0c41-4b3d-91d5-767a54746db9	3	97807480	99764929	1105	-0.3192
c5f3f2c3-0c41-4b3d-91d5-767a54746db9	3	99767717	99829430	33	0.3631
c5f3f2c3-0c41-4b3d-91d5-767a54746db9	3	99839587	101525053	865	-0.3255
c5f3f2c3-0c41-4b3d-91d5-767a54746db9	3	101539806	101630829	42	0.7042
c5f3f2c3-0c41-4b3d-91d5-767a54746db9	3	101640484	102454330	427	0.5058
c5f3f2c3-0c41-4b3d-91d5-767a54746db9	3	102457281	104767947	1340	-0.2965
c5f3f2c3-0c41-4b3d-91d5-767a54746db9	3	104768079	105166260	302	0.0254
c5f3f2c3-0c41-4b3d-91d5-767a54746db9	3	105170774	105564476	235	-0.3021
c5f3f2c3-0c41-4b3d-91d5-767a54746db9	3	105566007	106183629	295	0.0223
c5f3f2c3-0c41-4b3d-91d5-767a54746db9	3	106183802	107487649	758	-0.322
c5f3f2c3-0c41-4b3d-91d5-767a54746db9	3	107487955	107564860	51	0.8548
c5f3f2c3-0c41-4b3d-91d5-767a54746db9	3	107573714	107843692	168	0.318
c5f3f2c3-0c41-4b3d-91d5-767a54746db9	3	107850908	107958354	80	0.5437
c5f3f2c3-0c41-4b3d-91d5-767a54746db9	3	107959919	108877854	619	-0.0032
c5f3f2c3-0c41-4b3d-91d5-767a54746db9	3	109300867	109572100	121	0.7186
c5f3f2c3-0c41-4b3d-91d5-767a54746db9	3	109581115	110158916	306	0.0165
c5f3f2c3-0c41-4b3d-91d5-767a54746db9	3	110163647	110577736	252	0.7683
c5f3f2c3-0c41-4b3d-91d5-767a54746db9	3	110577884	111906864	785	0.0052
c5f3f2c3-0c41-4b3d-91d5-767a54746db9	3	111908363	112046987	105	-0.3654
c5f3f2c3-0c41-4b3d-91d5-767a54746db9	3	112047274	113356876	837	0.2623
c5f3f2c3-0c41-4b3d-91d5-767a54746db9	3	113357553	113372680	6	0.9412
c5f3f2c3-0c41-4b3d-91d5-767a54746db9	3	113376316	114673913	704	-0.3577
c5f3f2c3-0c41-4b3d-91d5-767a54746db9	3	114674913	114687495	6	0.6418
c5f3f2c3-0c41-4b3d-91d5-767a54746db9	3	114687841	115016400	175	-0.3357
c5f3f2c3-0c41-4b3d-91d5-767a54746db9	3	115019525	115300479	145	-0.0032
c5f3f2c3-0c41-4b3d-91d5-767a54746db9	3	115309065	118392193	2190	-0.315
c5f3f2c3-0c41-4b3d-91d5-767a54746db9	3	118395843	118796399	250	0.2826
c5f3f2c3-0c41-4b3d-91d5-767a54746db9	3	118799578	118855688	46	-0.2995
c5f3f2c3-0c41-4b3d-91d5-767a54746db9	3	118860657	118878161	9	0.2635
c5f3f2c3-0c41-4b3d-91d5-767a54746db9	3	118879349	118899751	13	-0.3054
c5f3f2c3-0c41-4b3d-91d5-767a54746db9	3	118900369	119117086	66	0.284
c5f3f2c3-0c41-4b3d-91d5-767a54746db9	3	119118411	119449943	200	-0.3703
c5f3f2c3-0c41-4b3d-91d5-767a54746db9	3	119450795	119460336	6	0.2004
c5f3f2c3-0c41-4b3d-91d5-767a54746db9	3	119463751	119835611	263	-0.3585
c5f3f2c3-0c41-4b3d-91d5-767a54746db9	3	119840915	119841759	5	0.3262
c5f3f2c3-0c41-4b3d-91d5-767a54746db9	3	119846936	119892861	18	-0.3766
c5f3f2c3-0c41-4b3d-91d5-767a54746db9	3	119915500	120020115	35	0.5646
c5f3f2c3-0c41-4b3d-91d5-767a54746db9	3	120025154	120049399	15	0.2295
c5f3f2c3-0c41-4b3d-91d5-767a54746db9	3	120055086	120431508	231	0.6787
c5f3f2c3-0c41-4b3d-91d5-767a54746db9	3	120433043	121681376	510	0.2792
c5f3f2c3-0c41-4b3d-91d5-767a54746db9	3	121681800	121689931	4	1.0095
c5f3f2c3-0c41-4b3d-91d5-767a54746db9	3	121693547	121943503	118	0.2474
c5f3f2c3-0c41-4b3d-91d5-767a54746db9	3	121944212	121975565	15	0.6745
c5f3f2c3-0c41-4b3d-91d5-767a54746db9	3	121976849	122743154	454	0.2597
c5f3f2c3-0c41-4b3d-91d5-767a54746db9	3	122744279	124056053	803	0.5059
c5f3f2c3-0c41-4b3d-91d5-767a54746db9	3	124061189	124189286	64	0.8801
c5f3f2c3-0c41-4b3d-91d5-767a54746db9	3	124189436	124203417	10	-0.3122
c5f3f2c3-0c41-4b3d-91d5-767a54746db9	3	124206448	124212567	7	0.8375
c5f3f2c3-0c41-4b3d-91d5-767a54746db9	3	124214943	124764242	468	-0.3631
c5f3f2c3-0c41-4b3d-91d5-767a54746db9	3	124767432	126827492	1200	0.2476
c5f3f2c3-0c41-4b3d-91d5-767a54746db9	3	126830300	129264421	1319	-0.3519
c5f3f2c3-0c41-4b3d-91d5-767a54746db9	3	129264616	141958418	7316	0.2748
c5f3f2c3-0c41-4b3d-91d5-767a54746db9	3	141967908	147171868	2424	-0.3245
c5f3f2c3-0c41-4b3d-91d5-767a54746db9	3	147306036	149754417	1273	0.2959
c5f3f2c3-0c41-4b3d-91d5-767a54746db9	3	149755659	149847054	39	0.6514
c5f3f2c3-0c41-4b3d-91d5-767a54746db9	3	149850961	149899261	27	0.2895
c5f3f2c3-0c41-4b3d-91d5-767a54746db9	3	149900519	151365279	857	0.6744
c5f3f2c3-0c41-4b3d-91d5-767a54746db9	3	151366624	166438612	7656	0.2746
c5f3f2c3-0c41-4b3d-91d5-767a54746db9	3	166440919	166846076	209	-0.2971
c5f3f2c3-0c41-4b3d-91d5-767a54746db9	3	166851377	167112044	63	0.2392
c5f3f2c3-0c41-4b3d-91d5-767a54746db9	3	167112711	169337913	1237	-0.3406
c5f3f2c3-0c41-4b3d-91d5-767a54746db9	3	169340221	169830668	325	0.2679
c5f3f2c3-0c41-4b3d-91d5-767a54746db9	3	169831062	172730994	1630	0.6727
c5f3f2c3-0c41-4b3d-91d5-767a54746db9	3	172731956	176317047	1575	0.3077
c5f3f2c3-0c41-4b3d-91d5-767a54746db9	3	176317702	183409000	3863	0.267
c5f3f2c3-0c41-4b3d-91d5-767a54746db9	3	184179380	184938242	333	-0.3619
c5f3f2c3-0c41-4b3d-91d5-767a54746db9	3	184939927	185183233	131	0.2323
c5f3f2c3-0c41-4b3d-91d5-767a54746db9	3	185184616	185251030	41	-0.4279
c5f3f2c3-0c41-4b3d-91d5-767a54746db9	3	185253393	186279751	671	0.2233
c5f3f2c3-0c41-4b3d-91d5-767a54746db9	3	186279912	187025265	512	0.6259
c5f3f2c3-0c41-4b3d-91d5-767a54746db9	3	187030094	187591086	422	0.2592
c5f3f2c3-0c41-4b3d-91d5-767a54746db9	3	187592146	188208104	449	0.6639
c5f3f2c3-0c41-4b3d-91d5-767a54746db9	3	188212725	188215573	3	-0.4128
c5f3f2c3-0c41-4b3d-91d5-767a54746db9	3	188217061	189228944	681	0.6942
c5f3f2c3-0c41-4b3d-91d5-767a54746db9	3	189234735	192073802	1904	0.2748
c5f3f2c3-0c41-4b3d-91d5-767a54746db9	3	192077377	192077893	2	-0.827
c5f3f2c3-0c41-4b3d-91d5-767a54746db9	3	192079428	193135057	543	0.2871
c5f3f2c3-0c41-4b3d-91d5-767a54746db9	3	193148816	194849405	1037	0.7185
c5f3f2c3-0c41-4b3d-91d5-767a54746db9	3	194851261	196211106	385	0.2181
c5f3f2c3-0c41-4b3d-91d5-767a54746db9	3	196211306	196231086	6	-0.4972
c5f3f2c3-0c41-4b3d-91d5-767a54746db9	3	196232185	196422796	81	0.2374
c5f3f2c3-0c41-4b3d-91d5-767a54746db9	3	196425258	197812401	262	0.5998
c5f3f2c3-0c41-4b3d-91d5-767a54746db9	4	1059384	3322040	922	0.0043
c5f3f2c3-0c41-4b3d-91d5-767a54746db9	4	3324422	17155610	9028	0.0613
c5f3f2c3-0c41-4b3d-91d5-767a54746db9	4	17157147	17157516	2	-1.8072
c5f3f2c3-0c41-4b3d-91d5-767a54746db9	4	17159070	25308421	5335	0.0755
c5f3f2c3-0c41-4b3d-91d5-767a54746db9	4	25308438	27311534	1229	0.0339
c5f3f2c3-0c41-4b3d-91d5-767a54746db9	4	27312254	38367014	6800	0.0902
c5f3f2c3-0c41-4b3d-91d5-767a54746db9	4	38367270	40837796	1274	0.0184
c5f3f2c3-0c41-4b3d-91d5-767a54746db9	4	40839269	111131505	37386	0.0729
c5f3f2c3-0c41-4b3d-91d5-767a54746db9	4	111131594	112433135	730	0.1301
c5f3f2c3-0c41-4b3d-91d5-767a54746db9	4	112433163	114847431	1479	0.0604
c5f3f2c3-0c41-4b3d-91d5-767a54746db9	4	114847769	118141077	1850	0.1195
c5f3f2c3-0c41-4b3d-91d5-767a54746db9	4	118147730	122856933	2623	0.0667
c5f3f2c3-0c41-4b3d-91d5-767a54746db9	4	122858186	124538250	922	0.1096
c5f3f2c3-0c41-4b3d-91d5-767a54746db9	4	124539196	124541780	3	-1.2961
c5f3f2c3-0c41-4b3d-91d5-767a54746db9	4	124541870	162785132	21016	0.1022
c5f3f2c3-0c41-4b3d-91d5-767a54746db9	4	162787442	162787524	2	-1.0906
c5f3f2c3-0c41-4b3d-91d5-767a54746db9	4	162787733	166918920	2145	0.0953
c5f3f2c3-0c41-4b3d-91d5-767a54746db9	4	166919754	166920498	3	-0.9476
c5f3f2c3-0c41-4b3d-91d5-767a54746db9	4	166924785	187842528	10809	0.101
c5f3f2c3-0c41-4b3d-91d5-767a54746db9	5	913983	80560057	42961	0.2707
c5f3f2c3-0c41-4b3d-91d5-767a54746db9	5	80561790	80583963	18	0.674
c5f3f2c3-0c41-4b3d-91d5-767a54746db9	5	80584622	130238290	27144	0.2771
c5f3f2c3-0c41-4b3d-91d5-767a54746db9	5	130238515	132768464	1298	0.2174
c5f3f2c3-0c41-4b3d-91d5-767a54746db9	5	132769161	160700670	17573	0.2472
c5f3f2c3-0c41-4b3d-91d5-767a54746db9	5	160701086	169472983	5764	0.2734
c5f3f2c3-0c41-4b3d-91d5-767a54746db9	5	169473058	175945408	4377	0.2483
c5f3f2c3-0c41-4b3d-91d5-767a54746db9	5	175946505	179179804	1168	0.1977
c5f3f2c3-0c41-4b3d-91d5-767a54746db9	5	179185246	179676725	295	-0.0518
c5f3f2c3-0c41-4b3d-91d5-767a54746db9	5	179677049	179678327	2	1.0054
c5f3f2c3-0c41-4b3d-91d5-767a54746db9	5	179681196	180497558	446	-0.0484
c5f3f2c3-0c41-4b3d-91d5-767a54746db9	5	180506868	180934240	137	0.1787
c5f3f2c3-0c41-4b3d-91d5-767a54746db9	6	1011760	4004409	2257	-0.0193
c5f3f2c3-0c41-4b3d-91d5-767a54746db9	6	4004445	8920928	3588	0.245
c5f3f2c3-0c41-4b3d-91d5-767a54746db9	6	8921272	10206129	888	0.3019
c5f3f2c3-0c41-4b3d-91d5-767a54746db9	6	10206489	18759869	5835	0.238
c5f3f2c3-0c41-4b3d-91d5-767a54746db9	6	18762338	24209856	3946	0.2848
c5f3f2c3-0c41-4b3d-91d5-767a54746db9	6	24211776	25906226	976	0.2406
c5f3f2c3-0c41-4b3d-91d5-767a54746db9	6	25909942	38349409	4937	0.2076
c5f3f2c3-0c41-4b3d-91d5-767a54746db9	6	38349910	40897832	1991	0.2656
c5f3f2c3-0c41-4b3d-91d5-767a54746db9	6	40898374	44463322	1975	0.227
c5f3f2c3-0c41-4b3d-91d5-767a54746db9	6	44465746	56544849	7397	0.279
c5f3f2c3-0c41-4b3d-91d5-767a54746db9	6	56546004	57290018	338	0.0124
c5f3f2c3-0c41-4b3d-91d5-767a54746db9	6	57294155	61611857	37	-0.1053
c5f3f2c3-0c41-4b3d-91d5-767a54746db9	6	61614036	62427451	350	-0.3136
c5f3f2c3-0c41-4b3d-91d5-767a54746db9	6	62427732	62428287	2	-1.7658
c5f3f2c3-0c41-4b3d-91d5-767a54746db9	6	62428322	73954746	6553	-0.3145
c5f3f2c3-0c41-4b3d-91d5-767a54746db9	6	73957565	74956556	617	-0.0499
c5f3f2c3-0c41-4b3d-91d5-767a54746db9	6	74964507	75943561	534	-0.3157
c5f3f2c3-0c41-4b3d-91d5-767a54746db9	6	75944735	76670824	387	-0.0463
c5f3f2c3-0c41-4b3d-91d5-767a54746db9	6	76671179	80952361	2243	0.0256
c5f3f2c3-0c41-4b3d-91d5-767a54746db9	6	80959876	81121498	142	0.2683
c5f3f2c3-0c41-4b3d-91d5-767a54746db9	6	81121602	81214235	48	0.4566
c5f3f2c3-0c41-4b3d-91d5-767a54746db9	6	81216243	81449787	170	0.2886
c5f3f2c3-0c41-4b3d-91d5-767a54746db9	6	81449979	82200202	387	0.0064
c5f3f2c3-0c41-4b3d-91d5-767a54746db9	6	82205295	82940642	386	0.3037
c5f3f2c3-0c41-4b3d-91d5-767a54746db9	6	82942394	86251683	1861	0.0085
c5f3f2c3-0c41-4b3d-91d5-767a54746db9	6	86252847	86360775	59	0.2625
c5f3f2c3-0c41-4b3d-91d5-767a54746db9	6	86361476	86414365	39	-0.013
c5f3f2c3-0c41-4b3d-91d5-767a54746db9	6	86416224	86880242	249	0.2996
c5f3f2c3-0c41-4b3d-91d5-767a54746db9	6	86881388	90609003	2343	0.2492
c5f3f2c3-0c41-4b3d-91d5-767a54746db9	6	90614212	93097641	1549	0.3051
c5f3f2c3-0c41-4b3d-91d5-767a54746db9	6	93102190	93102565	3	-0.771
c5f3f2c3-0c41-4b3d-91d5-767a54746db9	6	93115899	100102068	3330	0.2788
c5f3f2c3-0c41-4b3d-91d5-767a54746db9	6	100113028	100365312	159	-0.2798
c5f3f2c3-0c41-4b3d-91d5-767a54746db9	6	100372915	104527148	2233	0.304
c5f3f2c3-0c41-4b3d-91d5-767a54746db9	6	104527313	106093928	960	0.2357
c5f3f2c3-0c41-4b3d-91d5-767a54746db9	6	106094155	106303512	144	-0.2776
c5f3f2c3-0c41-4b3d-91d5-767a54746db9	6	106309983	112446991	3749	-0.3549
c5f3f2c3-0c41-4b3d-91d5-767a54746db9	6	112447063	131327798	10806	-0.3188
c5f3f2c3-0c41-4b3d-91d5-767a54746db9	6	131329802	131338260	6	-1.4427
c5f3f2c3-0c41-4b3d-91d5-767a54746db9	6	131342406	151731614	12860	-0.34
c5f3f2c3-0c41-4b3d-91d5-767a54746db9	6	151735657	151743114	7	-1.1226
c5f3f2c3-0c41-4b3d-91d5-767a54746db9	6	151743683	156122993	3165	-0.3387
c5f3f2c3-0c41-4b3d-91d5-767a54746db9	6	156128615	156165329	36	0.6705
c5f3f2c3-0c41-4b3d-91d5-767a54746db9	6	156218061	170596889	7679	-0.3426
c5f3f2c3-0c41-4b3d-91d5-767a54746db9	7	664936	7127209	2317	-0.2415
c5f3f2c3-0c41-4b3d-91d5-767a54746db9	7	7127996	20629010	7643	-0.1848
c5f3f2c3-0c41-4b3d-91d5-767a54746db9	7	20631831	23749040	2192	-0.2188
c5f3f2c3-0c41-4b3d-91d5-767a54746db9	7	23750653	23750673	2	-1.6862
c5f3f2c3-0c41-4b3d-91d5-767a54746db9	7	23750947	28253232	3171	-0.2276
c5f3f2c3-0c41-4b3d-91d5-767a54746db9	7	28257995	65754259	18770	-0.1989
c5f3f2c3-0c41-4b3d-91d5-767a54746db9	7	65754652	78205467	5204	-0.2287
c5f3f2c3-0c41-4b3d-91d5-767a54746db9	7	78206806	86500624	5017	-0.1847
c5f3f2c3-0c41-4b3d-91d5-767a54746db9	7	86501401	96792548	5094	-0.2436
c5f3f2c3-0c41-4b3d-91d5-767a54746db9	7	96792576	96792794	2	-2.4425
c5f3f2c3-0c41-4b3d-91d5-767a54746db9	7	96793564	108193407	5545	-0.2617
c5f3f2c3-0c41-4b3d-91d5-767a54746db9	7	108194290	124523209	8777	-0.228
c5f3f2c3-0c41-4b3d-91d5-767a54746db9	7	124523712	124524053	2	-1.5059
c5f3f2c3-0c41-4b3d-91d5-767a54746db9	7	124524073	124951423	227	-0.1888
c5f3f2c3-0c41-4b3d-91d5-767a54746db9	7	124956593	124959747	2	-1.4534
c5f3f2c3-0c41-4b3d-91d5-767a54746db9	7	125037819	127247260	1189	-0.2227
c5f3f2c3-0c41-4b3d-91d5-767a54746db9	7	127247748	134008396	3708	-0.2668
c5f3f2c3-0c41-4b3d-91d5-767a54746db9	7	134013519	134044418	28	-0.6865
c5f3f2c3-0c41-4b3d-91d5-767a54746db9	7	134044457	142829989	4928	-0.2563
c5f3f2c3-0c41-4b3d-91d5-767a54746db9	7	142830723	147963011	2663	-0.2228
c5f3f2c3-0c41-4b3d-91d5-767a54746db9	7	147963520	158592540	5499	-0.2602
c5f3f2c3-0c41-4b3d-91d5-767a54746db9	8	667625	13398402	5836	-0.0072
c5f3f2c3-0c41-4b3d-91d5-767a54746db9	8	13398417	19182132	4402	0.0279
c5f3f2c3-0c41-4b3d-91d5-767a54746db9	8	19182223	38421796	12182	-0.0049
c5f3f2c3-0c41-4b3d-91d5-767a54746db9	8	38421845	41406908	1727	0.121
c5f3f2c3-0c41-4b3d-91d5-767a54746db9	8	41409825	48205877	1601	0.0691
c5f3f2c3-0c41-4b3d-91d5-767a54746db9	8	48222873	104901298	32737	0.1129
c5f3f2c3-0c41-4b3d-91d5-767a54746db9	8	104901743	122742105	10267	0.1327
c5f3f2c3-0c41-4b3d-91d5-767a54746db9	8	122743218	134284306	8310	0.1016
c5f3f2c3-0c41-4b3d-91d5-767a54746db9	8	134284863	139958210	4251	0.1254
c5f3f2c3-0c41-4b3d-91d5-767a54746db9	8	139958290	144091114	948	0.0771
c5f3f2c3-0c41-4b3d-91d5-767a54746db9	8	144093075	144182542	25	-0.0222
c5f3f2c3-0c41-4b3d-91d5-767a54746db9	9	789794	32858691	20034	-0.3224
c5f3f2c3-0c41-4b3d-91d5-767a54746db9	9	32859236	68486011	3624	0.0739
c5f3f2c3-0c41-4b3d-91d5-767a54746db9	9	68487813	90274353	15238	0.0017
c5f3f2c3-0c41-4b3d-91d5-767a54746db9	9	90274593	100796915	6455	-0.0244
c5f3f2c3-0c41-4b3d-91d5-767a54746db9	9	100800815	121342615	14272	0.0019
c5f3f2c3-0c41-4b3d-91d5-767a54746db9	9	121342959	138044505	8897	-0.0419
c5f3f2c3-0c41-4b3d-91d5-767a54746db9	10	366509	3814101	1964	0.5393
c5f3f2c3-0c41-4b3d-91d5-767a54746db9	10	3815413	5720585	1471	0.0966
c5f3f2c3-0c41-4b3d-91d5-767a54746db9	10	5720762	7606788	1526	0.0587
c5f3f2c3-0c41-4b3d-91d5-767a54746db9	10	7607224	10713631	2325	0.112
c5f3f2c3-0c41-4b3d-91d5-767a54746db9	10	10714276	18612901	6051	0.0677
c5f3f2c3-0c41-4b3d-91d5-767a54746db9	10	18612952	68319551	27039	0.0991
c5f3f2c3-0c41-4b3d-91d5-767a54746db9	10	68320496	75383422	3959	0.0514
c5f3f2c3-0c41-4b3d-91d5-767a54746db9	10	75383709	86225494	7472	0.1114
c5f3f2c3-0c41-4b3d-91d5-767a54746db9	10	86230635	98588028	7382	0.0862
c5f3f2c3-0c41-4b3d-91d5-767a54746db9	10	98588091	99422820	440	0.1153
c5f3f2c3-0c41-4b3d-91d5-767a54746db9	10	99424805	104585179	2715	0.0486
c5f3f2c3-0c41-4b3d-91d5-767a54746db9	10	104585551	133411599	18997	0.0955
c5f3f2c3-0c41-4b3d-91d5-767a54746db9	11	456012	10927161	5772	0.2372
c5f3f2c3-0c41-4b3d-91d5-767a54746db9	11	10929426	45355783	23082	0.2676
c5f3f2c3-0c41-4b3d-91d5-767a54746db9	11	45356506	49291946	1529	0.2189
c5f3f2c3-0c41-4b3d-91d5-767a54746db9	11	49292713	57254986	922	0.2691
c5f3f2c3-0c41-4b3d-91d5-767a54746db9	11	57255498	57255776	2	-1.0944
c5f3f2c3-0c41-4b3d-91d5-767a54746db9	11	57258525	61344930	2282	0.2484
c5f3f2c3-0c41-4b3d-91d5-767a54746db9	11	61346817	67529387	2202	0.1996
c5f3f2c3-0c41-4b3d-91d5-767a54746db9	11	68003122	68003149	2	1.2303
c5f3f2c3-0c41-4b3d-91d5-767a54746db9	11	68007631	71378101	1812	0.6447
c5f3f2c3-0c41-4b3d-91d5-767a54746db9	11	71378164	71560963	142	1.1514
c5f3f2c3-0c41-4b3d-91d5-767a54746db9	11	71566448	79388959	4233	-0.3699
c5f3f2c3-0c41-4b3d-91d5-767a54746db9	11	79389525	94877412	9308	-0.3121
c5f3f2c3-0c41-4b3d-91d5-767a54746db9	11	94877743	96691905	1272	-0.3672
c5f3f2c3-0c41-4b3d-91d5-767a54746db9	11	96694294	110077816	8262	-0.3166
c5f3f2c3-0c41-4b3d-91d5-767a54746db9	11	110077827	134272740	16796	-0.3419
c5f3f2c3-0c41-4b3d-91d5-767a54746db9	12	780472	806855	13	0.9925
c5f3f2c3-0c41-4b3d-91d5-767a54746db9	12	813226	1755698	200	0.4616
c5f3f2c3-0c41-4b3d-91d5-767a54746db9	12	1757038	1815039	36	0.9724
c5f3f2c3-0c41-4b3d-91d5-767a54746db9	12	1819540	2646660	549	0.466
c5f3f2c3-0c41-4b3d-91d5-767a54746db9	12	2649210	15303308	7504	-0.3566
c5f3f2c3-0c41-4b3d-91d5-767a54746db9	12	15303375	18387640	1804	-0.305
c5f3f2c3-0c41-4b3d-91d5-767a54746db9	12	18388608	18389439	2	-1.505
c5f3f2c3-0c41-4b3d-91d5-767a54746db9	12	18402321	18711619	215	-0.3036
c5f3f2c3-0c41-4b3d-91d5-767a54746db9	12	18711645	21653952	1789	-0.3421
c5f3f2c3-0c41-4b3d-91d5-767a54746db9	12	21654106	47375238	12399	0.258
c5f3f2c3-0c41-4b3d-91d5-767a54746db9	12	47375468	51604906	2095	0.203
c5f3f2c3-0c41-4b3d-91d5-767a54746db9	12	51605520	52896644	819	0.2516
c5f3f2c3-0c41-4b3d-91d5-767a54746db9	12	52899736	53716196	338	0.1567
c5f3f2c3-0c41-4b3d-91d5-767a54746db9	12	53716413	54001298	187	0.3964
c5f3f2c3-0c41-4b3d-91d5-767a54746db9	12	54012999	57711099	1848	0.2045
c5f3f2c3-0c41-4b3d-91d5-767a54746db9	12	57711324	61866847	2608	0.2785
c5f3f2c3-0c41-4b3d-91d5-767a54746db9	12	61867284	72593355	6795	0.2458
c5f3f2c3-0c41-4b3d-91d5-767a54746db9	12	72596235	88818389	9482	0.2764
c5f3f2c3-0c41-4b3d-91d5-767a54746db9	12	88818767	108392660	12820	0.2488
c5f3f2c3-0c41-4b3d-91d5-767a54746db9	12	108392757	112532320	2037	0.1943
c5f3f2c3-0c41-4b3d-91d5-767a54746db9	12	112539973	119557901	4711	0.2466
c5f3f2c3-0c41-4b3d-91d5-767a54746db9	12	119557968	123611698	1796	0.1877
c5f3f2c3-0c41-4b3d-91d5-767a54746db9	12	123612981	132605822	4339	0.2411
c5f3f2c3-0c41-4b3d-91d5-767a54746db9	13	18874255	19347823	301	0.0039
c5f3f2c3-0c41-4b3d-91d5-767a54746db9	13	19348103	19350828	2	-1.0462
c5f3f2c3-0c41-4b3d-91d5-767a54746db9	13	19351844	21466418	732	-0.0164
c5f3f2c3-0c41-4b3d-91d5-767a54746db9	13	21466868	24050330	1470	-0.3268
c5f3f2c3-0c41-4b3d-91d5-767a54746db9	13	24050819	25125745	567	-0.0123
c5f3f2c3-0c41-4b3d-91d5-767a54746db9	13	25129310	33094100	5670	-0.3439
c5f3f2c3-0c41-4b3d-91d5-767a54746db9	13	33103834	33867334	546	0.0215
c5f3f2c3-0c41-4b3d-91d5-767a54746db9	13	33873162	39759630	4048	-0.3188
c5f3f2c3-0c41-4b3d-91d5-767a54746db9	13	39760715	41412710	1003	-0.385
c5f3f2c3-0c41-4b3d-91d5-767a54746db9	13	41413174	53360828	6562	-0.332
c5f3f2c3-0c41-4b3d-91d5-767a54746db9	13	53385365	72538580	9658	-0.296
c5f3f2c3-0c41-4b3d-91d5-767a54746db9	13	72538905	79131510	4481	-0.3261
c5f3f2c3-0c41-4b3d-91d5-767a54746db9	13	79131788	79188240	45	-2.5877
c5f3f2c3-0c41-4b3d-91d5-767a54746db9	13	79188412	80525363	815	-0.3389
c5f3f2c3-0c41-4b3d-91d5-767a54746db9	13	80525763	90242741	5437	-0.2898
c5f3f2c3-0c41-4b3d-91d5-767a54746db9	13	90242829	109735576	13266	-0.3278
c5f3f2c3-0c41-4b3d-91d5-767a54746db9	13	109741791	109742298	2	-1.6964
c5f3f2c3-0c41-4b3d-91d5-767a54746db9	13	109742385	114226675	2421	-0.3515
c5f3f2c3-0c41-4b3d-91d5-767a54746db9	14	20033191	24797928	1930	0.2265
c5f3f2c3-0c41-4b3d-91d5-767a54746db9	14	24798000	34278300	5929	0.2817
c5f3f2c3-0c41-4b3d-91d5-767a54746db9	14	34279324	35892245	677	0.213
c5f3f2c3-0c41-4b3d-91d5-767a54746db9	14	35892402	49452416	6664	0.2844
c5f3f2c3-0c41-4b3d-91d5-767a54746db9	14	49452996	50331797	448	0.227
c5f3f2c3-0c41-4b3d-91d5-767a54746db9	14	50332138	63425622	8467	0.2597
c5f3f2c3-0c41-4b3d-91d5-767a54746db9	14	63425762	77955321	8751	0.2354
c5f3f2c3-0c41-4b3d-91d5-767a54746db9	14	77958725	88027701	6569	0.277
c5f3f2c3-0c41-4b3d-91d5-767a54746db9	14	88030553	93321904	3104	0.2196
c5f3f2c3-0c41-4b3d-91d5-767a54746db9	14	93325043	101594752	5808	0.2526
c5f3f2c3-0c41-4b3d-91d5-767a54746db9	14	101595337	105533894	1475	0.2284
c5f3f2c3-0c41-4b3d-91d5-767a54746db9	15	23437561	39953553	8346	-0.0064
c5f3f2c3-0c41-4b3d-91d5-767a54746db9	15	39953578	40556152	327	-0.0548
c5f3f2c3-0c41-4b3d-91d5-767a54746db9	15	40557499	40557629	2	1.0942
c5f3f2c3-0c41-4b3d-91d5-767a54746db9	15	40559556	44764026	1841	-0.0636
c5f3f2c3-0c41-4b3d-91d5-767a54746db9	15	44765826	63329331	12181	0.2454
c5f3f2c3-0c41-4b3d-91d5-767a54746db9	15	63333459	69792024	3783	0.2174
c5f3f2c3-0c41-4b3d-91d5-767a54746db9	15	69792764	70724044	628	0.2762
c5f3f2c3-0c41-4b3d-91d5-767a54746db9	15	70726628	75858624	2679	0.2135
c5f3f2c3-0c41-4b3d-91d5-767a54746db9	15	75858740	76212128	191	0.2611
c5f3f2c3-0c41-4b3d-91d5-767a54746db9	15	76213565	82088837	3470	0.6296
c5f3f2c3-0c41-4b3d-91d5-767a54746db9	15	82094117	82118710	20	-1.131
c5f3f2c3-0c41-4b3d-91d5-767a54746db9	15	82119914	94316488	6961	0.6244
c5f3f2c3-0c41-4b3d-91d5-767a54746db9	15	94316592	97717715	2366	0.6642
c5f3f2c3-0c41-4b3d-91d5-767a54746db9	15	97717795	97717842	2	-0.7996
c5f3f2c3-0c41-4b3d-91d5-767a54746db9	15	97719460	101344124	2018	0.6324
c5f3f2c3-0c41-4b3d-91d5-767a54746db9	16	603333	5289418	1777	0.2225
c5f3f2c3-0c41-4b3d-91d5-767a54746db9	16	5293419	27091364	10847	0.2575
c5f3f2c3-0c41-4b3d-91d5-767a54746db9	16	27095311	31838978	1422	0.2215
c5f3f2c3-0c41-4b3d-91d5-767a54746db9	16	31841585	48569281	909	-0.0073
c5f3f2c3-0c41-4b3d-91d5-767a54746db9	16	48569315	51118422	1768	-0.338
c5f3f2c3-0c41-4b3d-91d5-767a54746db9	16	51121067	65895540	10050	-0.3183
c5f3f2c3-0c41-4b3d-91d5-767a54746db9	16	65897000	72293816	2899	-0.3562
c5f3f2c3-0c41-4b3d-91d5-767a54746db9	16	72295611	72295682	2	-1.665
c5f3f2c3-0c41-4b3d-91d5-767a54746db9	16	72296057	75660345	1927	-0.3499
c5f3f2c3-0c41-4b3d-91d5-767a54746db9	16	75662480	77150022	1061	-0.2912
c5f3f2c3-0c41-4b3d-91d5-767a54746db9	16	77150218	89317317	8569	-0.3468
c5f3f2c3-0c41-4b3d-91d5-767a54746db9	17	1074619	8041291	3357	-0.3859
c5f3f2c3-0c41-4b3d-91d5-767a54746db9	17	8047831	13641902	3724	0.2475
c5f3f2c3-0c41-4b3d-91d5-767a54746db9	17	13641940	13644256	5	-0.5097
c5f3f2c3-0c41-4b3d-91d5-767a54746db9	17	13644420	13648773	7	0.3021
c5f3f2c3-0c41-4b3d-91d5-767a54746db9	17	13652395	14231324	459	-0.3192
c5f3f2c3-0c41-4b3d-91d5-767a54746db9	17	15654216	17359473	703	0.2371
c5f3f2c3-0c41-4b3d-91d5-767a54746db9	17	17365471	17373037	8	-0.0033
c5f3f2c3-0c41-4b3d-91d5-767a54746db9	17	17376625	18949865	667	-0.3735
c5f3f2c3-0c41-4b3d-91d5-767a54746db9	17	18951811	21774057	807	0.2309
c5f3f2c3-0c41-4b3d-91d5-767a54746db9	17	26943491	29510641	1170	-0.3522
c5f3f2c3-0c41-4b3d-91d5-767a54746db9	17	29515260	29537372	10	0.5532
c5f3f2c3-0c41-4b3d-91d5-767a54746db9	17	29539043	31288983	658	-0.3755
c5f3f2c3-0c41-4b3d-91d5-767a54746db9	17	31294374	31748949	245	0.4981
c5f3f2c3-0c41-4b3d-91d5-767a54746db9	17	31751280	37685804	2806	-0.3557
c5f3f2c3-0c41-4b3d-91d5-767a54746db9	17	37686063	40490424	1082	0.5825
c5f3f2c3-0c41-4b3d-91d5-767a54746db9	17	40493283	40701246	99	-0.3457
c5f3f2c3-0c41-4b3d-91d5-767a54746db9	17	40711435	40854610	94	0.6422
c5f3f2c3-0c41-4b3d-91d5-767a54746db9	17	40867785	43722802	1367	-0.3753
c5f3f2c3-0c41-4b3d-91d5-767a54746db9	17	43723311	44231196	254	0.2921
c5f3f2c3-0c41-4b3d-91d5-767a54746db9	17	44234501	47685707	976	-0.3703
c5f3f2c3-0c41-4b3d-91d5-767a54746db9	17	47686869	47817369	64	0.2534
c5f3f2c3-0c41-4b3d-91d5-767a54746db9	17	47823602	47831817	7	0.8329
c5f3f2c3-0c41-4b3d-91d5-767a54746db9	17	47839359	48196677	232	0.2489
c5f3f2c3-0c41-4b3d-91d5-767a54746db9	17	48199195	48203454	2	0.7694
c5f3f2c3-0c41-4b3d-91d5-767a54746db9	17	48203470	48566799	180	0.3041
c5f3f2c3-0c41-4b3d-91d5-767a54746db9	17	48589942	48727378	30	0.6573
c5f3f2c3-0c41-4b3d-91d5-767a54746db9	17	48727705	51505283	1290	0.5448
c5f3f2c3-0c41-4b3d-91d5-767a54746db9	17	51511901	52703983	892	0.621
c5f3f2c3-0c41-4b3d-91d5-767a54746db9	17	52705083	53270296	150	0.9761
c5f3f2c3-0c41-4b3d-91d5-767a54746db9	17	53270517	54662101	808	0.8327
c5f3f2c3-0c41-4b3d-91d5-767a54746db9	17	54664292	56508299	1435	-0.3471
c5f3f2c3-0c41-4b3d-91d5-767a54746db9	17	56511307	58472159	1385	0.2399
c5f3f2c3-0c41-4b3d-91d5-767a54746db9	17	58475337	58501708	10	-0.1287
c5f3f2c3-0c41-4b3d-91d5-767a54746db9	17	58502133	59820498	551	0.2024
c5f3f2c3-0c41-4b3d-91d5-767a54746db9	17	59836174	60085377	105	0.4638
c5f3f2c3-0c41-4b3d-91d5-767a54746db9	17	60090124	61993511	963	0.237
c5f3f2c3-0c41-4b3d-91d5-767a54746db9	17	61997119	63562473	680	1.1321
c5f3f2c3-0c41-4b3d-91d5-767a54746db9	17	63564739	63949113	151	0.8186
c5f3f2c3-0c41-4b3d-91d5-767a54746db9	17	63951808	64497225	278	1.2155
c5f3f2c3-0c41-4b3d-91d5-767a54746db9	17	64497515	64663439	79	1.8485
c5f3f2c3-0c41-4b3d-91d5-767a54746db9	17	64663755	65598911	503	1.341
c5f3f2c3-0c41-4b3d-91d5-767a54746db9	17	65601456	66499129	484	1.5366
c5f3f2c3-0c41-4b3d-91d5-767a54746db9	17	66503006	66576598	62	1.8065
c5f3f2c3-0c41-4b3d-91d5-767a54746db9	17	66578246	66592543	16	1.3679
c5f3f2c3-0c41-4b3d-91d5-767a54746db9	17	66593405	66889334	239	1.8376
c5f3f2c3-0c41-4b3d-91d5-767a54746db9	17	66890056	67998511	658	1.5193
c5f3f2c3-0c41-4b3d-91d5-767a54746db9	17	68000822	69648957	950	1.3019
c5f3f2c3-0c41-4b3d-91d5-767a54746db9	17	69653183	69655674	3	0.1251
c5f3f2c3-0c41-4b3d-91d5-767a54746db9	17	69658532	70153588	314	-0.3459
c5f3f2c3-0c41-4b3d-91d5-767a54746db9	17	70157478	71636011	1187	0.278
c5f3f2c3-0c41-4b3d-91d5-767a54746db9	17	71638534	71783541	107	-0.322
c5f3f2c3-0c41-4b3d-91d5-767a54746db9	17	71785423	71789148	4	0.1032
c5f3f2c3-0c41-4b3d-91d5-767a54746db9	17	71789793	73798372	1529	0.5313
c5f3f2c3-0c41-4b3d-91d5-767a54746db9	17	73798511	82959812	3453	0.4874
c5f3f2c3-0c41-4b3d-91d5-767a54746db9	18	326691	26703169	11585	-0.2583
c5f3f2c3-0c41-4b3d-91d5-767a54746db9	18	26703856	41252451	8894	-0.2258
c5f3f2c3-0c41-4b3d-91d5-767a54746db9	18	41253415	54722849	8703	-0.2452
c5f3f2c3-0c41-4b3d-91d5-767a54746db9	18	54724343	54726513	2	-1.9364
c5f3f2c3-0c41-4b3d-91d5-767a54746db9	18	54726933	68818312	8468	-0.2472
c5f3f2c3-0c41-4b3d-91d5-767a54746db9	18	68818513	68822550	2	1.0676
c5f3f2c3-0c41-4b3d-91d5-767a54746db9	18	68824346	79349796	5337	-0.25
c5f3f2c3-0c41-4b3d-91d5-767a54746db9	19	283868	23304854	8711	0.1887
c5f3f2c3-0c41-4b3d-91d5-767a54746db9	19	23306503	47260028	10821	-0.364
c5f3f2c3-0c41-4b3d-91d5-767a54746db9	19	47261314	50911231	1381	0.2031
c5f3f2c3-0c41-4b3d-91d5-767a54746db9	19	50911894	51180563	157	-0.3646
c5f3f2c3-0c41-4b3d-91d5-767a54746db9	19	51190779	52125358	420	0.2164
c5f3f2c3-0c41-4b3d-91d5-767a54746db9	19	52127660	52699649	292	-0.3916
c5f3f2c3-0c41-4b3d-91d5-767a54746db9	19	52702132	53346041	169	0.21
c5f3f2c3-0c41-4b3d-91d5-767a54746db9	19	53349830	54683388	384	-0.3876
c5f3f2c3-0c41-4b3d-91d5-767a54746db9	19	54683528	56071305	567	0.2016
c5f3f2c3-0c41-4b3d-91d5-767a54746db9	19	56072840	57223480	678	-0.3716
c5f3f2c3-0c41-4b3d-91d5-767a54746db9	19	57224448	57455094	169	1.4145
c5f3f2c3-0c41-4b3d-91d5-767a54746db9	19	57456329	57698791	92	1.6981
c5f3f2c3-0c41-4b3d-91d5-767a54746db9	19	57699121	58076905	150	1.2667
c5f3f2c3-0c41-4b3d-91d5-767a54746db9	19	58077482	58223917	97	0.8959
c5f3f2c3-0c41-4b3d-91d5-767a54746db9	19	58229804	58370362	81	0.1839
c5f3f2c3-0c41-4b3d-91d5-767a54746db9	20	472817	2460434	1352	0.2248
c5f3f2c3-0c41-4b3d-91d5-767a54746db9	20	2462795	4437510	1063	-0.3742
c5f3f2c3-0c41-4b3d-91d5-767a54746db9	20	4438597	6358812	1135	0.1455
c5f3f2c3-0c41-4b3d-91d5-767a54746db9	20	6359493	6942163	510	0.0323
c5f3f2c3-0c41-4b3d-91d5-767a54746db9	20	6942408	7253601	90	0.1738
c5f3f2c3-0c41-4b3d-91d5-767a54746db9	20	7254497	7528733	211	0.3345
c5f3f2c3-0c41-4b3d-91d5-767a54746db9	20	7529433	7697903	120	0.0394
c5f3f2c3-0c41-4b3d-91d5-767a54746db9	20	7700026	7711813	18	-0.2344
c5f3f2c3-0c41-4b3d-91d5-767a54746db9	20	7711841	7916463	130	0.0569
c5f3f2c3-0c41-4b3d-91d5-767a54746db9	20	7918018	8104743	131	0.2165
c5f3f2c3-0c41-4b3d-91d5-767a54746db9	20	8605879	8659046	45	0.0412
c5f3f2c3-0c41-4b3d-91d5-767a54746db9	20	8665653	9296745	488	-0.1708
c5f3f2c3-0c41-4b3d-91d5-767a54746db9	20	9296748	12006560	2122	0.1826
c5f3f2c3-0c41-4b3d-91d5-767a54746db9	20	12006936	12140414	83	0.3766
c5f3f2c3-0c41-4b3d-91d5-767a54746db9	20	12145074	12284866	75	0.1892
c5f3f2c3-0c41-4b3d-91d5-767a54746db9	20	12287737	12574279	207	0.3273
c5f3f2c3-0c41-4b3d-91d5-767a54746db9	20	12575128	13049214	339	-0.3319
c5f3f2c3-0c41-4b3d-91d5-767a54746db9	20	13054057	17149520	2760	0.2052
c5f3f2c3-0c41-4b3d-91d5-767a54746db9	20	17150624	22510653	3990	0.3244
c5f3f2c3-0c41-4b3d-91d5-767a54746db9	20	22510818	26206877	2098	0.1631
c5f3f2c3-0c41-4b3d-91d5-767a54746db9	20	26215123	34150806	1458	0.2131
c5f3f2c3-0c41-4b3d-91d5-767a54746db9	20	34150880	35181216	449	0.1795
c5f3f2c3-0c41-4b3d-91d5-767a54746db9	20	35187397	35208389	15	-0.5084
c5f3f2c3-0c41-4b3d-91d5-767a54746db9	20	35212623	35213480	2	0.2081
c5f3f2c3-0c41-4b3d-91d5-767a54746db9	20	35216418	35338437	68	1.3075
c5f3f2c3-0c41-4b3d-91d5-767a54746db9	20	35340182	35679106	153	1.6386
c5f3f2c3-0c41-4b3d-91d5-767a54746db9	20	35679821	35802968	37	1.3527
c5f3f2c3-0c41-4b3d-91d5-767a54746db9	20	35803413	35818553	6	1.1639
c5f3f2c3-0c41-4b3d-91d5-767a54746db9	20	35821638	37009834	497	0.7388
c5f3f2c3-0c41-4b3d-91d5-767a54746db9	20	37010371	37072159	68	0.9657
c5f3f2c3-0c41-4b3d-91d5-767a54746db9	20	37072242	37094427	75	0.7836
c5f3f2c3-0c41-4b3d-91d5-767a54746db9	20	37097999	37596132	259	1.1218
c5f3f2c3-0c41-4b3d-91d5-767a54746db9	20	37596422	38977034	878	0.8023
c5f3f2c3-0c41-4b3d-91d5-767a54746db9	20	38979610	39008095	30	0.2271
c5f3f2c3-0c41-4b3d-91d5-767a54746db9	20	39010392	39020324	6	1.3581
c5f3f2c3-0c41-4b3d-91d5-767a54746db9	20	39027599	39860133	622	0.2571
c5f3f2c3-0c41-4b3d-91d5-767a54746db9	20	39860274	42530165	1885	-0.331
c5f3f2c3-0c41-4b3d-91d5-767a54746db9	20	42530501	51110819	5464	0.2264
c5f3f2c3-0c41-4b3d-91d5-767a54746db9	20	51110858	51140869	30	0.7466
c5f3f2c3-0c41-4b3d-91d5-767a54746db9	20	51143362	55017913	2790	0.2524
c5f3f2c3-0c41-4b3d-91d5-767a54746db9	20	55018221	55613582	411	0.6731
c5f3f2c3-0c41-4b3d-91d5-767a54746db9	20	55614116	56018994	311	0.2696
c5f3f2c3-0c41-4b3d-91d5-767a54746db9	20	56021059	58990083	2201	0.6486
c5f3f2c3-0c41-4b3d-91d5-767a54746db9	20	58991582	59474364	400	0.2405
c5f3f2c3-0c41-4b3d-91d5-767a54746db9	20	59480731	60580782	877	0.6621
c5f3f2c3-0c41-4b3d-91d5-767a54746db9	20	60581767	61512800	711	0.2498
c5f3f2c3-0c41-4b3d-91d5-767a54746db9	20	61515326	62267877	465	0.6533
c5f3f2c3-0c41-4b3d-91d5-767a54746db9	20	62269313	63077653	316	0.2363
c5f3f2c3-0c41-4b3d-91d5-767a54746db9	20	63080185	63588502	129	-0.3598
c5f3f2c3-0c41-4b3d-91d5-767a54746db9	21	13974127	15950023	1195	0.028
c5f3f2c3-0c41-4b3d-91d5-767a54746db9	21	15954381	31059843	9743	-0.3163
c5f3f2c3-0c41-4b3d-91d5-767a54746db9	21	31059931	46262057	9663	-0.3505
c5f3f2c3-0c41-4b3d-91d5-767a54746db9	22	16934932	33748836	7573	-0.3569
c5f3f2c3-0c41-4b3d-91d5-767a54746db9	22	33749737	33804614	60	-0.6547
c5f3f2c3-0c41-4b3d-91d5-767a54746db9	22	33807509	48940621	9460	-0.3678
c5f3f2c3-0c41-4b3d-91d5-767a54746db9	X	3236359	24390934	9042	0.0131
c5f3f2c3-0c41-4b3d-91d5-767a54746db9	X	24391674	36351992	5863	0.045
c5f3f2c3-0c41-4b3d-91d5-767a54746db9	X	36362652	39619096	1521	0.0258
c5f3f2c3-0c41-4b3d-91d5-767a54746db9	X	39622915	79713835	13627	0.0067
c5f3f2c3-0c41-4b3d-91d5-767a54746db9	X	79716516	138463936	26331	0.029
c5f3f2c3-0c41-4b3d-91d5-767a54746db9	X	138468645	139574892	703	0.2027
c5f3f2c3-0c41-4b3d-91d5-767a54746db9	X	139575340	142743925	1001	0.0315
c5f3f2c3-0c41-4b3d-91d5-767a54746db9	X	142939796	148539021	3425	-0.2426
c5f3f2c3-0c41-4b3d-91d5-767a54746db9	X	148544488	155677414	2495	0.0119
