GDC_Aliquot	Chromosome	Start	End	Num_Probes	Segment_Mean
3a5d57c7-62f9-48cc-9b9e-b8d437d7c86d	1	62920	1430190	188	0.1169
3a5d57c7-62f9-48cc-9b9e-b8d437d7c86d	1	1470230	2083915	163	0.4231
3a5d57c7-62f9-48cc-9b9e-b8d437d7c86d	1	2084385	3282920	380	0.294
3a5d57c7-62f9-48cc-9b9e-b8d437d7c86d	1	3283773	9381105	4024	0.4562
3a5d57c7-62f9-48cc-9b9e-b8d437d7c86d	1	9382149	10720151	656	0.6016
3a5d57c7-62f9-48cc-9b9e-b8d437d7c86d	1	10720289	10833024	52	1.1635
3a5d57c7-62f9-48cc-9b9e-b8d437d7c86d	1	10840319	10963639	61	0.589
3a5d57c7-62f9-48cc-9b9e-b8d437d7c86d	1	10965028	16721984	3168	0.1168
3a5d57c7-62f9-48cc-9b9e-b8d437d7c86d	1	16766762	16767571	5	1.1339
3a5d57c7-62f9-48cc-9b9e-b8d437d7c86d	1	16773735	16864367	11	0.1839
3a5d57c7-62f9-48cc-9b9e-b8d437d7c86d	1	16868660	16919035	26	-0.4133
3a5d57c7-62f9-48cc-9b9e-b8d437d7c86d	1	16919514	16927043	11	-0.963
3a5d57c7-62f9-48cc-9b9e-b8d437d7c86d	1	16930822	16935752	16	-0.426
3a5d57c7-62f9-48cc-9b9e-b8d437d7c86d	1	16949746	25256850	5265	0.1144
3a5d57c7-62f9-48cc-9b9e-b8d437d7c86d	1	25266637	25319693	21	-0.7102
3a5d57c7-62f9-48cc-9b9e-b8d437d7c86d	1	25320198	45630602	11109	0.0973
3a5d57c7-62f9-48cc-9b9e-b8d437d7c86d	1	45632010	45687413	22	-0.5721
3a5d57c7-62f9-48cc-9b9e-b8d437d7c86d	1	45706176	47624969	1040	0.1354
3a5d57c7-62f9-48cc-9b9e-b8d437d7c86d	1	47625715	54419157	3743	0.0717
3a5d57c7-62f9-48cc-9b9e-b8d437d7c86d	1	54420652	55779931	1038	0.1189
3a5d57c7-62f9-48cc-9b9e-b8d437d7c86d	1	55782620	59380896	2922	0.0329
3a5d57c7-62f9-48cc-9b9e-b8d437d7c86d	1	59383290	59826723	288	0.2311
3a5d57c7-62f9-48cc-9b9e-b8d437d7c86d	1	59831895	109684893	32255	0.0297
3a5d57c7-62f9-48cc-9b9e-b8d437d7c86d	1	109690352	109697556	13	-0.8746
3a5d57c7-62f9-48cc-9b9e-b8d437d7c86d	1	109702376	110810668	814	0.0397
3a5d57c7-62f9-48cc-9b9e-b8d437d7c86d	1	110811593	110852244	68	0.3042
3a5d57c7-62f9-48cc-9b9e-b8d437d7c86d	1	110852488	112153465	1071	0.0386
3a5d57c7-62f9-48cc-9b9e-b8d437d7c86d	1	112153571	112163583	34	0.5468
3a5d57c7-62f9-48cc-9b9e-b8d437d7c86d	1	112163591	119355469	4517	0.0435
3a5d57c7-62f9-48cc-9b9e-b8d437d7c86d	1	119356198	121201569	553	0.5271
3a5d57c7-62f9-48cc-9b9e-b8d437d7c86d	1	121211648	121451744	20	0.8557
3a5d57c7-62f9-48cc-9b9e-b8d437d7c86d	1	121452740	121593055	57	1.1187
3a5d57c7-62f9-48cc-9b9e-b8d437d7c86d	1	121593930	145772412	191	0.8246
3a5d57c7-62f9-48cc-9b9e-b8d437d7c86d	1	145772943	146250588	125	1.2788
3a5d57c7-62f9-48cc-9b9e-b8d437d7c86d	1	146716041	152583051	2133	0.7479
3a5d57c7-62f9-48cc-9b9e-b8d437d7c86d	1	152583230	152613641	30	1.5249
3a5d57c7-62f9-48cc-9b9e-b8d437d7c86d	1	152613762	152789447	173	0.726
3a5d57c7-62f9-48cc-9b9e-b8d437d7c86d	1	152789463	152796224	36	1.7167
3a5d57c7-62f9-48cc-9b9e-b8d437d7c86d	1	152801429	155036134	1279	0.7643
3a5d57c7-62f9-48cc-9b9e-b8d437d7c86d	1	155036782	155335328	134	0.9742
3a5d57c7-62f9-48cc-9b9e-b8d437d7c86d	1	155336546	156130258	315	0.7889
3a5d57c7-62f9-48cc-9b9e-b8d437d7c86d	1	156130722	159789988	2482	0.4423
3a5d57c7-62f9-48cc-9b9e-b8d437d7c86d	1	159794629	160110699	202	0.9448
3a5d57c7-62f9-48cc-9b9e-b8d437d7c86d	1	160112661	161509648	845	0.4119
3a5d57c7-62f9-48cc-9b9e-b8d437d7c86d	1	161532067	162024220	293	0.7585
3a5d57c7-62f9-48cc-9b9e-b8d437d7c86d	1	162030255	189679027	19189	0.4127
3a5d57c7-62f9-48cc-9b9e-b8d437d7c86d	1	189679353	189679397	2	-1.7684
3a5d57c7-62f9-48cc-9b9e-b8d437d7c86d	1	189682917	190006008	274	0.3919
3a5d57c7-62f9-48cc-9b9e-b8d437d7c86d	1	190006347	190006368	3	1.8104
3a5d57c7-62f9-48cc-9b9e-b8d437d7c86d	1	190006394	193186662	2062	0.378
3a5d57c7-62f9-48cc-9b9e-b8d437d7c86d	1	193187149	193187218	4	1.8701
3a5d57c7-62f9-48cc-9b9e-b8d437d7c86d	1	193190593	195303966	1457	0.3952
3a5d57c7-62f9-48cc-9b9e-b8d437d7c86d	1	195307075	195394118	47	0.698
3a5d57c7-62f9-48cc-9b9e-b8d437d7c86d	1	195394988	196745743	892	0.4041
3a5d57c7-62f9-48cc-9b9e-b8d437d7c86d	1	196758720	196846661	61	-2.137
3a5d57c7-62f9-48cc-9b9e-b8d437d7c86d	1	196847600	200731840	2494	0.4
3a5d57c7-62f9-48cc-9b9e-b8d437d7c86d	1	200731966	206521346	3678	0.4457
3a5d57c7-62f9-48cc-9b9e-b8d437d7c86d	1	206522219	209897717	2616	0.4001
3a5d57c7-62f9-48cc-9b9e-b8d437d7c86d	1	209908268	209910639	3	-2.4927
3a5d57c7-62f9-48cc-9b9e-b8d437d7c86d	1	209913207	214464465	3097	0.4052
3a5d57c7-62f9-48cc-9b9e-b8d437d7c86d	1	214465093	214465114	2	-2.4535
3a5d57c7-62f9-48cc-9b9e-b8d437d7c86d	1	214465910	248546369	23762	0.4158
3a5d57c7-62f9-48cc-9b9e-b8d437d7c86d	1	248550567	248646068	38	-1.1863
3a5d57c7-62f9-48cc-9b9e-b8d437d7c86d	1	248661836	248930189	138	0.3738
3a5d57c7-62f9-48cc-9b9e-b8d437d7c86d	2	12784	21833	4	-0.3632
3a5d57c7-62f9-48cc-9b9e-b8d437d7c86d	2	22492	4158097	2984	0.6209
3a5d57c7-62f9-48cc-9b9e-b8d437d7c86d	2	4166274	4176429	42	-0.3322
3a5d57c7-62f9-48cc-9b9e-b8d437d7c86d	2	4182472	11224496	5569	0.643
3a5d57c7-62f9-48cc-9b9e-b8d437d7c86d	2	11225874	19035513	5814	0.6104
3a5d57c7-62f9-48cc-9b9e-b8d437d7c86d	2	19035553	19160227	84	0.3682
3a5d57c7-62f9-48cc-9b9e-b8d437d7c86d	2	19167773	20867300	1240	0.5992
3a5d57c7-62f9-48cc-9b9e-b8d437d7c86d	2	20867692	25022203	2554	0.6505
3a5d57c7-62f9-48cc-9b9e-b8d437d7c86d	2	25026053	25747635	357	0.3981
3a5d57c7-62f9-48cc-9b9e-b8d437d7c86d	2	25751117	32390773	3935	0.6425
3a5d57c7-62f9-48cc-9b9e-b8d437d7c86d	2	32393035	32597634	101	0.8787
3a5d57c7-62f9-48cc-9b9e-b8d437d7c86d	2	32600858	34483583	1425	0.6345
3a5d57c7-62f9-48cc-9b9e-b8d437d7c86d	2	34485661	34502800	36	0.2656
3a5d57c7-62f9-48cc-9b9e-b8d437d7c86d	2	34511446	34553410	30	0.7976
3a5d57c7-62f9-48cc-9b9e-b8d437d7c86d	2	34556604	35358251	516	0.6239
3a5d57c7-62f9-48cc-9b9e-b8d437d7c86d	2	35358305	35750907	328	0.7525
3a5d57c7-62f9-48cc-9b9e-b8d437d7c86d	2	35752724	35762881	7	1.7337
3a5d57c7-62f9-48cc-9b9e-b8d437d7c86d	2	35772407	40896625	3829	0.6257
3a5d57c7-62f9-48cc-9b9e-b8d437d7c86d	2	40899265	40909735	10	-0.0328
3a5d57c7-62f9-48cc-9b9e-b8d437d7c86d	2	40913512	50721281	7070	0.6269
3a5d57c7-62f9-48cc-9b9e-b8d437d7c86d	2	50727887	51033922	193	0.8075
3a5d57c7-62f9-48cc-9b9e-b8d437d7c86d	2	51034305	52265431	840	0.645
3a5d57c7-62f9-48cc-9b9e-b8d437d7c86d	2	52268661	52313588	36	1.0417
3a5d57c7-62f9-48cc-9b9e-b8d437d7c86d	2	52322404	52516787	151	0.6207
3a5d57c7-62f9-48cc-9b9e-b8d437d7c86d	2	52527330	52527423	4	-0.2907
3a5d57c7-62f9-48cc-9b9e-b8d437d7c86d	2	52527590	52527743	3	-2.836
3a5d57c7-62f9-48cc-9b9e-b8d437d7c86d	2	52531615	52554404	33	1.0312
3a5d57c7-62f9-48cc-9b9e-b8d437d7c86d	2	52560811	54249580	1268	0.6257
3a5d57c7-62f9-48cc-9b9e-b8d437d7c86d	2	54250022	54252062	3	1.1306
3a5d57c7-62f9-48cc-9b9e-b8d437d7c86d	2	54252421	54252509	3	1.9855
3a5d57c7-62f9-48cc-9b9e-b8d437d7c86d	2	54253232	54670451	369	0.6517
3a5d57c7-62f9-48cc-9b9e-b8d437d7c86d	2	54677326	55099955	346	0.246
3a5d57c7-62f9-48cc-9b9e-b8d437d7c86d	2	55101242	55102405	12	1.0227
3a5d57c7-62f9-48cc-9b9e-b8d437d7c86d	2	55102565	55697961	335	0.6133
3a5d57c7-62f9-48cc-9b9e-b8d437d7c86d	2	55708028	55708063	3	1.6919
3a5d57c7-62f9-48cc-9b9e-b8d437d7c86d	2	55710978	57179043	1022	0.6127
3a5d57c7-62f9-48cc-9b9e-b8d437d7c86d	2	57179330	57220673	63	0.848
3a5d57c7-62f9-48cc-9b9e-b8d437d7c86d	2	57223101	59395347	1357	0.5918
3a5d57c7-62f9-48cc-9b9e-b8d437d7c86d	2	59399522	59400017	4	-0.7278
3a5d57c7-62f9-48cc-9b9e-b8d437d7c86d	2	59411121	68426973	5710	0.6244
3a5d57c7-62f9-48cc-9b9e-b8d437d7c86d	2	68427766	68639070	101	0.8442
3a5d57c7-62f9-48cc-9b9e-b8d437d7c86d	2	68639497	81912408	8580	0.625
3a5d57c7-62f9-48cc-9b9e-b8d437d7c86d	2	81916877	85684554	2117	0.3792
3a5d57c7-62f9-48cc-9b9e-b8d437d7c86d	2	85689364	85798443	84	0.6641
3a5d57c7-62f9-48cc-9b9e-b8d437d7c86d	2	85799428	97207299	2465	0.4008
3a5d57c7-62f9-48cc-9b9e-b8d437d7c86d	2	97210040	97210536	3	-1.3058
3a5d57c7-62f9-48cc-9b9e-b8d437d7c86d	2	97211069	97359885	16	0.3985
3a5d57c7-62f9-48cc-9b9e-b8d437d7c86d	2	97524284	97545247	8	1.8346
3a5d57c7-62f9-48cc-9b9e-b8d437d7c86d	2	97545726	97642429	22	0.8396
3a5d57c7-62f9-48cc-9b9e-b8d437d7c86d	2	97643270	106265177	5552	0.3717
3a5d57c7-62f9-48cc-9b9e-b8d437d7c86d	2	106266773	106268901	8	1.5516
3a5d57c7-62f9-48cc-9b9e-b8d437d7c86d	2	106270799	107830513	993	0.3698
3a5d57c7-62f9-48cc-9b9e-b8d437d7c86d	2	107864451	107917588	10	-0.4615
3a5d57c7-62f9-48cc-9b9e-b8d437d7c86d	2	107923811	113951178	2964	0.3639
3a5d57c7-62f9-48cc-9b9e-b8d437d7c86d	2	113953492	113988157	27	-0.0145
3a5d57c7-62f9-48cc-9b9e-b8d437d7c86d	2	113994813	114781818	526	0.3736
3a5d57c7-62f9-48cc-9b9e-b8d437d7c86d	2	114782002	114782122	6	1.2177
3a5d57c7-62f9-48cc-9b9e-b8d437d7c86d	2	114784071	124309692	6105	0.3648
3a5d57c7-62f9-48cc-9b9e-b8d437d7c86d	2	124309858	125613852	768	0.4354
3a5d57c7-62f9-48cc-9b9e-b8d437d7c86d	2	125615788	141839578	9937	0.345
3a5d57c7-62f9-48cc-9b9e-b8d437d7c86d	2	141848464	142414545	372	0.2937
3a5d57c7-62f9-48cc-9b9e-b8d437d7c86d	2	142419915	142591462	107	-0.0723
3a5d57c7-62f9-48cc-9b9e-b8d437d7c86d	2	142594170	145429936	1641	0.2627
3a5d57c7-62f9-48cc-9b9e-b8d437d7c86d	2	145443072	146106875	378	0.3238
3a5d57c7-62f9-48cc-9b9e-b8d437d7c86d	2	146106889	146109366	21	1.4519
3a5d57c7-62f9-48cc-9b9e-b8d437d7c86d	2	146120238	149193276	1597	0.3258
3a5d57c7-62f9-48cc-9b9e-b8d437d7c86d	2	149193560	149373787	101	0.8467
3a5d57c7-62f9-48cc-9b9e-b8d437d7c86d	2	149376282	157869744	5296	0.3463
3a5d57c7-62f9-48cc-9b9e-b8d437d7c86d	2	157877096	158028250	119	0.6535
3a5d57c7-62f9-48cc-9b9e-b8d437d7c86d	2	158031744	175446262	10780	0.3459
3a5d57c7-62f9-48cc-9b9e-b8d437d7c86d	2	175446427	177513062	1374	0.5985
3a5d57c7-62f9-48cc-9b9e-b8d437d7c86d	2	177513447	181860571	2801	0.3152
3a5d57c7-62f9-48cc-9b9e-b8d437d7c86d	2	181865856	183077905	704	0.6241
3a5d57c7-62f9-48cc-9b9e-b8d437d7c86d	2	183079366	184190140	689	0.3477
3a5d57c7-62f9-48cc-9b9e-b8d437d7c86d	2	184191000	184369563	162	0.5233
3a5d57c7-62f9-48cc-9b9e-b8d437d7c86d	2	184371134	185171483	485	0.3482
3a5d57c7-62f9-48cc-9b9e-b8d437d7c86d	2	185174746	186007621	406	0.4872
3a5d57c7-62f9-48cc-9b9e-b8d437d7c86d	2	186008821	192300167	3643	0.3397
3a5d57c7-62f9-48cc-9b9e-b8d437d7c86d	2	192302606	195322138	1559	0.3958
3a5d57c7-62f9-48cc-9b9e-b8d437d7c86d	2	195324304	195808809	265	0.336
3a5d57c7-62f9-48cc-9b9e-b8d437d7c86d	2	195811765	195812070	2	-0.9303
3a5d57c7-62f9-48cc-9b9e-b8d437d7c86d	2	195815325	197328495	930	0.3197
3a5d57c7-62f9-48cc-9b9e-b8d437d7c86d	2	197329029	197379105	23	0.6906
3a5d57c7-62f9-48cc-9b9e-b8d437d7c86d	2	197379348	202431284	2882	0.3369
3a5d57c7-62f9-48cc-9b9e-b8d437d7c86d	2	202433164	202438030	12	1.1831
3a5d57c7-62f9-48cc-9b9e-b8d437d7c86d	2	202438508	202791748	166	0.5005
3a5d57c7-62f9-48cc-9b9e-b8d437d7c86d	2	202793342	205819623	1944	0.3569
3a5d57c7-62f9-48cc-9b9e-b8d437d7c86d	2	205820532	218798344	8339	0.0286
3a5d57c7-62f9-48cc-9b9e-b8d437d7c86d	2	218800704	219829807	535	0.1275
3a5d57c7-62f9-48cc-9b9e-b8d437d7c86d	2	219830751	224123918	2986	0.034
3a5d57c7-62f9-48cc-9b9e-b8d437d7c86d	2	224130071	227063281	1915	-0.0147
3a5d57c7-62f9-48cc-9b9e-b8d437d7c86d	2	227073980	242016173	9286	0.0468
3a5d57c7-62f9-48cc-9b9e-b8d437d7c86d	2	242016272	242017878	14	0.5822
3a5d57c7-62f9-48cc-9b9e-b8d437d7c86d	2	242030085	242147305	76	0.0834
3a5d57c7-62f9-48cc-9b9e-b8d437d7c86d	3	20930	64741	38	-0.7344
3a5d57c7-62f9-48cc-9b9e-b8d437d7c86d	3	66093	66543	4	-2.4866
3a5d57c7-62f9-48cc-9b9e-b8d437d7c86d	3	66768	6183329	5380	-0.5836
3a5d57c7-62f9-48cc-9b9e-b8d437d7c86d	3	6183359	6184194	12	0.1992
3a5d57c7-62f9-48cc-9b9e-b8d437d7c86d	3	6184224	9099116	2586	-0.5483
3a5d57c7-62f9-48cc-9b9e-b8d437d7c86d	3	9099539	9756456	399	0.0245
3a5d57c7-62f9-48cc-9b9e-b8d437d7c86d	3	9763702	16199049	4466	-0.5498
3a5d57c7-62f9-48cc-9b9e-b8d437d7c86d	3	16199122	16199672	5	-3.3246
3a5d57c7-62f9-48cc-9b9e-b8d437d7c86d	3	16199818	20158925	2283	-0.5692
3a5d57c7-62f9-48cc-9b9e-b8d437d7c86d	3	20163620	39536767	13539	0.0269
3a5d57c7-62f9-48cc-9b9e-b8d437d7c86d	3	39542374	39548704	6	-1.5046
3a5d57c7-62f9-48cc-9b9e-b8d437d7c86d	3	39548800	46561166	4354	0.0381
3a5d57c7-62f9-48cc-9b9e-b8d437d7c86d	3	46565765	52805027	2529	0.0936
3a5d57c7-62f9-48cc-9b9e-b8d437d7c86d	3	52805307	52999524	129	0.0355
3a5d57c7-62f9-48cc-9b9e-b8d437d7c86d	3	52999543	53000524	9	-0.7262
3a5d57c7-62f9-48cc-9b9e-b8d437d7c86d	3	53003069	61464333	6369	0.0343
3a5d57c7-62f9-48cc-9b9e-b8d437d7c86d	3	61469745	61777815	258	0.4488
3a5d57c7-62f9-48cc-9b9e-b8d437d7c86d	3	61781074	61902918	88	0.2015
3a5d57c7-62f9-48cc-9b9e-b8d437d7c86d	3	61904015	62191462	281	0.4239
3a5d57c7-62f9-48cc-9b9e-b8d437d7c86d	3	62191497	65207706	2589	0.0226
3a5d57c7-62f9-48cc-9b9e-b8d437d7c86d	3	65210570	65224777	41	-0.5236
3a5d57c7-62f9-48cc-9b9e-b8d437d7c86d	3	65230674	66394125	814	0.0554
3a5d57c7-62f9-48cc-9b9e-b8d437d7c86d	3	66394191	66413007	14	-0.6081
3a5d57c7-62f9-48cc-9b9e-b8d437d7c86d	3	66416020	66466676	42	-1.4876
3a5d57c7-62f9-48cc-9b9e-b8d437d7c86d	3	66467165	66469514	6	-0.6841
3a5d57c7-62f9-48cc-9b9e-b8d437d7c86d	3	66470369	68697013	1549	0.0458
3a5d57c7-62f9-48cc-9b9e-b8d437d7c86d	3	68697108	68698262	14	-1.7582
3a5d57c7-62f9-48cc-9b9e-b8d437d7c86d	3	68699607	69988155	1098	0.0126
3a5d57c7-62f9-48cc-9b9e-b8d437d7c86d	3	69990630	69991393	3	1.2811
3a5d57c7-62f9-48cc-9b9e-b8d437d7c86d	3	69992952	75519398	3830	0.0211
3a5d57c7-62f9-48cc-9b9e-b8d437d7c86d	3	75523398	75559488	9	0.9459
3a5d57c7-62f9-48cc-9b9e-b8d437d7c86d	3	75564023	78415557	1607	0.0154
3a5d57c7-62f9-48cc-9b9e-b8d437d7c86d	3	78415662	78432916	27	0.4003
3a5d57c7-62f9-48cc-9b9e-b8d437d7c86d	3	78432934	84650642	3346	0.0099
3a5d57c7-62f9-48cc-9b9e-b8d437d7c86d	3	84650720	84652985	11	0.6393
3a5d57c7-62f9-48cc-9b9e-b8d437d7c86d	3	84653010	98028007	5279	0.0073
3a5d57c7-62f9-48cc-9b9e-b8d437d7c86d	3	98032395	98677780	398	0.1185
3a5d57c7-62f9-48cc-9b9e-b8d437d7c86d	3	98677796	99225788	313	0.0074
3a5d57c7-62f9-48cc-9b9e-b8d437d7c86d	3	99225919	99230212	20	-0.9749
3a5d57c7-62f9-48cc-9b9e-b8d437d7c86d	3	99230225	120073762	12884	-0.0081
3a5d57c7-62f9-48cc-9b9e-b8d437d7c86d	3	120082018	128675662	5212	0.4267
3a5d57c7-62f9-48cc-9b9e-b8d437d7c86d	3	128676647	128693488	10	1.0544
3a5d57c7-62f9-48cc-9b9e-b8d437d7c86d	3	128695318	129105189	210	0.4367
3a5d57c7-62f9-48cc-9b9e-b8d437d7c86d	3	129108211	129656268	233	0.7419
3a5d57c7-62f9-48cc-9b9e-b8d437d7c86d	3	129656963	130067097	184	0.415
3a5d57c7-62f9-48cc-9b9e-b8d437d7c86d	3	130067366	130092428	40	1.001
3a5d57c7-62f9-48cc-9b9e-b8d437d7c86d	3	130092512	146668345	10390	0.4173
3a5d57c7-62f9-48cc-9b9e-b8d437d7c86d	3	146674197	147746557	569	0.5102
3a5d57c7-62f9-48cc-9b9e-b8d437d7c86d	3	147747248	149245189	942	0.4151
3a5d57c7-62f9-48cc-9b9e-b8d437d7c86d	3	149245608	149250334	25	-0.5818
3a5d57c7-62f9-48cc-9b9e-b8d437d7c86d	3	149253293	158632329	5732	0.3969
3a5d57c7-62f9-48cc-9b9e-b8d437d7c86d	3	158633095	158633756	2	-3.4581
3a5d57c7-62f9-48cc-9b9e-b8d437d7c86d	3	158641083	162506177	2427	0.3993
3a5d57c7-62f9-48cc-9b9e-b8d437d7c86d	3	162508857	162509171	7	1.3861
3a5d57c7-62f9-48cc-9b9e-b8d437d7c86d	3	162518746	162813082	186	0.4108
3a5d57c7-62f9-48cc-9b9e-b8d437d7c86d	3	162815162	162822702	7	-1.7082
3a5d57c7-62f9-48cc-9b9e-b8d437d7c86d	3	162827928	162869490	21	0.2522
3a5d57c7-62f9-48cc-9b9e-b8d437d7c86d	3	162869779	162869881	2	-1.3182
3a5d57c7-62f9-48cc-9b9e-b8d437d7c86d	3	162874335	165341586	1367	0.4146
3a5d57c7-62f9-48cc-9b9e-b8d437d7c86d	3	165341597	165344711	14	1.274
3a5d57c7-62f9-48cc-9b9e-b8d437d7c86d	3	165344960	168956224	2046	0.4345
3a5d57c7-62f9-48cc-9b9e-b8d437d7c86d	3	168959680	168968769	2	-1.3148
3a5d57c7-62f9-48cc-9b9e-b8d437d7c86d	3	168968860	169022377	43	0.7127
3a5d57c7-62f9-48cc-9b9e-b8d437d7c86d	3	169022563	187869052	11890	0.4226
3a5d57c7-62f9-48cc-9b9e-b8d437d7c86d	3	187869587	187878772	31	0.7916
3a5d57c7-62f9-48cc-9b9e-b8d437d7c86d	3	187878789	193156958	3809	0.4329
3a5d57c7-62f9-48cc-9b9e-b8d437d7c86d	3	193160113	193165114	20	-1.6267
3a5d57c7-62f9-48cc-9b9e-b8d437d7c86d	3	193168646	194589800	927	0.4681
3a5d57c7-62f9-48cc-9b9e-b8d437d7c86d	3	194592512	194595304	2	2.029
3a5d57c7-62f9-48cc-9b9e-b8d437d7c86d	3	194595509	195559056	555	0.4395
3a5d57c7-62f9-48cc-9b9e-b8d437d7c86d	3	195656271	195747892	44	-0.2584
3a5d57c7-62f9-48cc-9b9e-b8d437d7c86d	3	195751823	197047485	600	0.4832
3a5d57c7-62f9-48cc-9b9e-b8d437d7c86d	3	197048504	197243254	101	0.706
3a5d57c7-62f9-48cc-9b9e-b8d437d7c86d	3	197245963	198047127	392	0.4559
3a5d57c7-62f9-48cc-9b9e-b8d437d7c86d	3	198052760	198066381	10	1.0655
3a5d57c7-62f9-48cc-9b9e-b8d437d7c86d	3	198067034	198169247	63	0.4997
3a5d57c7-62f9-48cc-9b9e-b8d437d7c86d	4	68929	75130	11	-0.0157
3a5d57c7-62f9-48cc-9b9e-b8d437d7c86d	4	75281	1961731	682	0.3141
3a5d57c7-62f9-48cc-9b9e-b8d437d7c86d	4	1965588	3597665	745	-0.1043
3a5d57c7-62f9-48cc-9b9e-b8d437d7c86d	4	3597723	3607663	4	-1.1833
3a5d57c7-62f9-48cc-9b9e-b8d437d7c86d	4	3612441	7100991	2513	-0.1001
3a5d57c7-62f9-48cc-9b9e-b8d437d7c86d	4	7107356	7108096	2	-1.6305
3a5d57c7-62f9-48cc-9b9e-b8d437d7c86d	4	7112629	9444321	1196	-0.0868
3a5d57c7-62f9-48cc-9b9e-b8d437d7c86d	4	9445117	9542517	24	-0.6175
3a5d57c7-62f9-48cc-9b9e-b8d437d7c86d	4	9546213	10212536	528	-0.1541
3a5d57c7-62f9-48cc-9b9e-b8d437d7c86d	4	10221792	10233644	35	-2.6488
3a5d57c7-62f9-48cc-9b9e-b8d437d7c86d	4	10234518	10269512	41	-0.1656
3a5d57c7-62f9-48cc-9b9e-b8d437d7c86d	4	10270469	10274358	13	-0.609
3a5d57c7-62f9-48cc-9b9e-b8d437d7c86d	4	10274728	10396987	122	-0.1389
3a5d57c7-62f9-48cc-9b9e-b8d437d7c86d	4	10397113	10399044	11	0.7272
3a5d57c7-62f9-48cc-9b9e-b8d437d7c86d	4	10401094	22415532	8822	-0.1488
3a5d57c7-62f9-48cc-9b9e-b8d437d7c86d	4	22419636	34777340	7962	-0.5562
3a5d57c7-62f9-48cc-9b9e-b8d437d7c86d	4	34777353	34823103	43	0.2724
3a5d57c7-62f9-48cc-9b9e-b8d437d7c86d	4	34828250	48146606	8389	-0.5491
3a5d57c7-62f9-48cc-9b9e-b8d437d7c86d	4	48146805	51823373	611	-0.3738
3a5d57c7-62f9-48cc-9b9e-b8d437d7c86d	4	51830626	64955970	8249	-0.5498
3a5d57c7-62f9-48cc-9b9e-b8d437d7c86d	4	64958316	64974300	30	0.001
3a5d57c7-62f9-48cc-9b9e-b8d437d7c86d	4	64978333	68394833	2157	-0.5504
3a5d57c7-62f9-48cc-9b9e-b8d437d7c86d	4	68395346	68422424	6	-1.6628
3a5d57c7-62f9-48cc-9b9e-b8d437d7c86d	4	68429081	68509223	13	-0.5443
3a5d57c7-62f9-48cc-9b9e-b8d437d7c86d	4	68509237	68663241	69	0.1673
3a5d57c7-62f9-48cc-9b9e-b8d437d7c86d	4	68671434	69113692	236	-0.5861
3a5d57c7-62f9-48cc-9b9e-b8d437d7c86d	4	69116604	69433003	167	-0.3171
3a5d57c7-62f9-48cc-9b9e-b8d437d7c86d	4	69433747	86054070	10401	-0.5653
3a5d57c7-62f9-48cc-9b9e-b8d437d7c86d	4	86054941	86058229	16	0.0055
3a5d57c7-62f9-48cc-9b9e-b8d437d7c86d	4	86058415	90363792	2659	-0.5543
3a5d57c7-62f9-48cc-9b9e-b8d437d7c86d	4	90366001	90370365	9	-1.6528
3a5d57c7-62f9-48cc-9b9e-b8d437d7c86d	4	90373217	103313257	7550	-0.5571
3a5d57c7-62f9-48cc-9b9e-b8d437d7c86d	4	103315026	103318135	5	0.5601
3a5d57c7-62f9-48cc-9b9e-b8d437d7c86d	4	103319098	103824414	347	-0.5296
3a5d57c7-62f9-48cc-9b9e-b8d437d7c86d	4	103830473	103838841	21	-0.0635
3a5d57c7-62f9-48cc-9b9e-b8d437d7c86d	4	103838984	107145001	1846	-0.5759
3a5d57c7-62f9-48cc-9b9e-b8d437d7c86d	4	107145112	107150362	14	0.1555
3a5d57c7-62f9-48cc-9b9e-b8d437d7c86d	4	107150455	114252456	4421	-0.5544
3a5d57c7-62f9-48cc-9b9e-b8d437d7c86d	4	114252472	114263234	33	-0.1173
3a5d57c7-62f9-48cc-9b9e-b8d437d7c86d	4	114264667	115190358	565	-0.5688
3a5d57c7-62f9-48cc-9b9e-b8d437d7c86d	4	115190486	115254969	61	-0.2483
3a5d57c7-62f9-48cc-9b9e-b8d437d7c86d	4	115259026	121360818	3706	-0.563
3a5d57c7-62f9-48cc-9b9e-b8d437d7c86d	4	121361313	121369976	29	-1.3777
3a5d57c7-62f9-48cc-9b9e-b8d437d7c86d	4	121370367	137258291	8969	-0.5567
3a5d57c7-62f9-48cc-9b9e-b8d437d7c86d	4	137261279	137262105	21	-0.0065
3a5d57c7-62f9-48cc-9b9e-b8d437d7c86d	4	137262144	169922993	20319	-0.5578
3a5d57c7-62f9-48cc-9b9e-b8d437d7c86d	4	169923329	169925890	4	-2.0188
3a5d57c7-62f9-48cc-9b9e-b8d437d7c86d	4	169926381	170323657	266	-0.5627
3a5d57c7-62f9-48cc-9b9e-b8d437d7c86d	4	170324078	170353073	22	-0.0566
3a5d57c7-62f9-48cc-9b9e-b8d437d7c86d	4	170354739	172066777	1087	-0.5428
3a5d57c7-62f9-48cc-9b9e-b8d437d7c86d	4	172067997	172068382	12	0.6629
3a5d57c7-62f9-48cc-9b9e-b8d437d7c86d	4	172074828	172501121	225	-0.5262
3a5d57c7-62f9-48cc-9b9e-b8d437d7c86d	4	172501136	172507437	12	0.2033
3a5d57c7-62f9-48cc-9b9e-b8d437d7c86d	4	172507492	173009697	265	-0.5302
3a5d57c7-62f9-48cc-9b9e-b8d437d7c86d	4	173019329	173246230	119	-1.5209
3a5d57c7-62f9-48cc-9b9e-b8d437d7c86d	4	173253325	177676091	2708	-0.5557
3a5d57c7-62f9-48cc-9b9e-b8d437d7c86d	4	177676123	177676645	7	0.3417
3a5d57c7-62f9-48cc-9b9e-b8d437d7c86d	4	177676722	181109895	2479	-0.5346
3a5d57c7-62f9-48cc-9b9e-b8d437d7c86d	4	181111132	181789649	610	-1.5694
3a5d57c7-62f9-48cc-9b9e-b8d437d7c86d	4	181789649	182857390	833	-0.5071
3a5d57c7-62f9-48cc-9b9e-b8d437d7c86d	4	182857419	182904621	50	-0.7965
3a5d57c7-62f9-48cc-9b9e-b8d437d7c86d	4	182906406	184109293	710	-0.5045
3a5d57c7-62f9-48cc-9b9e-b8d437d7c86d	4	184111449	184117091	2	-2.286
3a5d57c7-62f9-48cc-9b9e-b8d437d7c86d	4	184117121	185477075	930	-0.5663
3a5d57c7-62f9-48cc-9b9e-b8d437d7c86d	4	185477854	185496535	14	-1.3448
3a5d57c7-62f9-48cc-9b9e-b8d437d7c86d	4	185500412	190106768	3098	-0.5323
3a5d57c7-62f9-48cc-9b9e-b8d437d7c86d	5	15532	1897256	928	-0.0854
3a5d57c7-62f9-48cc-9b9e-b8d437d7c86d	5	1897714	3061778	1061	0.0065
3a5d57c7-62f9-48cc-9b9e-b8d437d7c86d	5	3063324	3107747	60	-0.2179
3a5d57c7-62f9-48cc-9b9e-b8d437d7c86d	5	3107826	3766514	652	0.0419
3a5d57c7-62f9-48cc-9b9e-b8d437d7c86d	5	3768379	3768824	2	-1.832
3a5d57c7-62f9-48cc-9b9e-b8d437d7c86d	5	3769168	5640631	1650	0.0041
3a5d57c7-62f9-48cc-9b9e-b8d437d7c86d	5	5641233	5641732	3	-1.6656
3a5d57c7-62f9-48cc-9b9e-b8d437d7c86d	5	5646714	8711736	2594	0.0228
3a5d57c7-62f9-48cc-9b9e-b8d437d7c86d	5	8711883	8749664	40	0.3516
3a5d57c7-62f9-48cc-9b9e-b8d437d7c86d	5	8751794	12755900	3173	0.0131
3a5d57c7-62f9-48cc-9b9e-b8d437d7c86d	5	12755992	12800777	31	-0.1335
3a5d57c7-62f9-48cc-9b9e-b8d437d7c86d	5	12815668	12838421	14	0.8452
3a5d57c7-62f9-48cc-9b9e-b8d437d7c86d	5	12849089	15718383	1971	0.0295
3a5d57c7-62f9-48cc-9b9e-b8d437d7c86d	5	15719113	15720488	11	-1.4941
3a5d57c7-62f9-48cc-9b9e-b8d437d7c86d	5	15723237	15757730	20	0.0959
3a5d57c7-62f9-48cc-9b9e-b8d437d7c86d	5	15758417	15758915	3	1.1297
3a5d57c7-62f9-48cc-9b9e-b8d437d7c86d	5	15759128	17515692	1169	0.0473
3a5d57c7-62f9-48cc-9b9e-b8d437d7c86d	5	17601444	17625524	11	-1.7627
3a5d57c7-62f9-48cc-9b9e-b8d437d7c86d	5	17629411	18442123	551	0.0133
3a5d57c7-62f9-48cc-9b9e-b8d437d7c86d	5	18442843	18453901	4	-1.7883
3a5d57c7-62f9-48cc-9b9e-b8d437d7c86d	5	18458441	19458679	627	0.0344
3a5d57c7-62f9-48cc-9b9e-b8d437d7c86d	5	19458912	19459518	2	-2.3059
3a5d57c7-62f9-48cc-9b9e-b8d437d7c86d	5	19462162	20401177	525	0.015
3a5d57c7-62f9-48cc-9b9e-b8d437d7c86d	5	20401435	20403294	3	0.7638
3a5d57c7-62f9-48cc-9b9e-b8d437d7c86d	5	20404601	20439880	24	0.235
3a5d57c7-62f9-48cc-9b9e-b8d437d7c86d	5	20440089	20440230	3	1.0671
3a5d57c7-62f9-48cc-9b9e-b8d437d7c86d	5	20443449	20547942	104	0.1051
3a5d57c7-62f9-48cc-9b9e-b8d437d7c86d	5	20548237	20550381	3	1.2325
3a5d57c7-62f9-48cc-9b9e-b8d437d7c86d	5	20554801	21431597	466	0.0297
3a5d57c7-62f9-48cc-9b9e-b8d437d7c86d	5	21433487	21519077	24	-1.0464
3a5d57c7-62f9-48cc-9b9e-b8d437d7c86d	5	21528695	24553336	1745	-0.0012
3a5d57c7-62f9-48cc-9b9e-b8d437d7c86d	5	24560084	24569225	8	0.8462
3a5d57c7-62f9-48cc-9b9e-b8d437d7c86d	5	24571906	24778267	137	-0.0016
3a5d57c7-62f9-48cc-9b9e-b8d437d7c86d	5	24778282	24781719	14	-1.3331
3a5d57c7-62f9-48cc-9b9e-b8d437d7c86d	5	24786817	26789387	1225	0.0001
3a5d57c7-62f9-48cc-9b9e-b8d437d7c86d	5	26797651	26803775	3	1.2212
3a5d57c7-62f9-48cc-9b9e-b8d437d7c86d	5	26807690	27525407	395	-0.0194
3a5d57c7-62f9-48cc-9b9e-b8d437d7c86d	5	27525800	27525913	8	0.762
3a5d57c7-62f9-48cc-9b9e-b8d437d7c86d	5	27527372	34259309	4395	0.0244
3a5d57c7-62f9-48cc-9b9e-b8d437d7c86d	5	34264242	34264450	3	-1.5891
3a5d57c7-62f9-48cc-9b9e-b8d437d7c86d	5	34266449	37472642	2027	0.0012
3a5d57c7-62f9-48cc-9b9e-b8d437d7c86d	5	37476307	37651330	92	0.2157
3a5d57c7-62f9-48cc-9b9e-b8d437d7c86d	5	37667338	38621848	770	-0.0006
3a5d57c7-62f9-48cc-9b9e-b8d437d7c86d	5	38623231	38624088	2	1.5117
3a5d57c7-62f9-48cc-9b9e-b8d437d7c86d	5	38633220	41226663	1778	-0.0208
3a5d57c7-62f9-48cc-9b9e-b8d437d7c86d	5	41231396	41231724	4	0.9861
3a5d57c7-62f9-48cc-9b9e-b8d437d7c86d	5	41234541	46191782	2330	-0.0012
3a5d57c7-62f9-48cc-9b9e-b8d437d7c86d	5	46195781	46199333	4	-1.5839
3a5d57c7-62f9-48cc-9b9e-b8d437d7c86d	5	46209197	46251204	13	0.2159
3a5d57c7-62f9-48cc-9b9e-b8d437d7c86d	5	46270906	46273400	8	1.0291
3a5d57c7-62f9-48cc-9b9e-b8d437d7c86d	5	46278110	56357305	3852	-0.0014
3a5d57c7-62f9-48cc-9b9e-b8d437d7c86d	5	56357347	56358344	12	-0.6357
3a5d57c7-62f9-48cc-9b9e-b8d437d7c86d	5	56358681	57060251	589	-0.0169
3a5d57c7-62f9-48cc-9b9e-b8d437d7c86d	5	57062225	57062678	4	0.9074
3a5d57c7-62f9-48cc-9b9e-b8d437d7c86d	5	57067968	58018390	616	0.0009
3a5d57c7-62f9-48cc-9b9e-b8d437d7c86d	5	58023655	58035904	20	-0.5577
3a5d57c7-62f9-48cc-9b9e-b8d437d7c86d	5	58036204	76143526	10448	-0.0068
3a5d57c7-62f9-48cc-9b9e-b8d437d7c86d	5	76143761	76143863	3	1.3294
3a5d57c7-62f9-48cc-9b9e-b8d437d7c86d	5	76144257	87194710	6740	-0.0027
3a5d57c7-62f9-48cc-9b9e-b8d437d7c86d	5	87195336	89911333	1374	-0.0658
3a5d57c7-62f9-48cc-9b9e-b8d437d7c86d	5	89913907	96571080	3669	-0.0199
3a5d57c7-62f9-48cc-9b9e-b8d437d7c86d	5	96571782	96730833	94	0.3639
3a5d57c7-62f9-48cc-9b9e-b8d437d7c86d	5	96733941	101687985	2889	0.0008
3a5d57c7-62f9-48cc-9b9e-b8d437d7c86d	5	101689406	101965917	222	0.171
3a5d57c7-62f9-48cc-9b9e-b8d437d7c86d	5	101967088	105124459	1891	-0.005
3a5d57c7-62f9-48cc-9b9e-b8d437d7c86d	5	105124830	105162694	26	0.417
3a5d57c7-62f9-48cc-9b9e-b8d437d7c86d	5	105167266	106897172	931	-0.007
3a5d57c7-62f9-48cc-9b9e-b8d437d7c86d	5	106897321	106897416	6	1.0141
3a5d57c7-62f9-48cc-9b9e-b8d437d7c86d	5	106904875	110056457	2125	-0.041
3a5d57c7-62f9-48cc-9b9e-b8d437d7c86d	5	110056801	110056964	3	-1.3946
3a5d57c7-62f9-48cc-9b9e-b8d437d7c86d	5	110057458	114633634	3303	-0.0179
3a5d57c7-62f9-48cc-9b9e-b8d437d7c86d	5	114637042	114638061	3	1.1622
3a5d57c7-62f9-48cc-9b9e-b8d437d7c86d	5	114640205	118052727	2532	-0.0118
3a5d57c7-62f9-48cc-9b9e-b8d437d7c86d	5	118052915	118053390	10	-0.9072
3a5d57c7-62f9-48cc-9b9e-b8d437d7c86d	5	118068645	119323103	830	-0.0277
3a5d57c7-62f9-48cc-9b9e-b8d437d7c86d	5	119323610	119324594	3	-2.1227
3a5d57c7-62f9-48cc-9b9e-b8d437d7c86d	5	119324805	121888737	1675	-0.0087
3a5d57c7-62f9-48cc-9b9e-b8d437d7c86d	5	121889199	122315045	232	-0.6034
3a5d57c7-62f9-48cc-9b9e-b8d437d7c86d	5	122316830	139617842	10522	-0.0038
3a5d57c7-62f9-48cc-9b9e-b8d437d7c86d	5	139620301	139785111	75	0.3651
3a5d57c7-62f9-48cc-9b9e-b8d437d7c86d	5	139785686	139802454	4	1.0741
3a5d57c7-62f9-48cc-9b9e-b8d437d7c86d	5	139803245	140643653	390	0.3712
3a5d57c7-62f9-48cc-9b9e-b8d437d7c86d	5	140644233	140838745	94	0.047
3a5d57c7-62f9-48cc-9b9e-b8d437d7c86d	5	140839137	140852254	11	0.5276
3a5d57c7-62f9-48cc-9b9e-b8d437d7c86d	5	140861442	141674673	353	0.0351
3a5d57c7-62f9-48cc-9b9e-b8d437d7c86d	5	141686594	150254733	5890	-0.0088
3a5d57c7-62f9-48cc-9b9e-b8d437d7c86d	5	150254876	150366149	66	0.412
3a5d57c7-62f9-48cc-9b9e-b8d437d7c86d	5	150368268	152134272	1229	0.0102
3a5d57c7-62f9-48cc-9b9e-b8d437d7c86d	5	152134366	152134475	4	1.1383
3a5d57c7-62f9-48cc-9b9e-b8d437d7c86d	5	152134539	170777380	13063	-0.0087
3a5d57c7-62f9-48cc-9b9e-b8d437d7c86d	5	170778174	179676725	5507	0.0441
3a5d57c7-62f9-48cc-9b9e-b8d437d7c86d	5	179677049	179678266	10	-0.6836
3a5d57c7-62f9-48cc-9b9e-b8d437d7c86d	5	179678327	180951710	719	0.0527
3a5d57c7-62f9-48cc-9b9e-b8d437d7c86d	5	180951888	180987465	13	0.8181
3a5d57c7-62f9-48cc-9b9e-b8d437d7c86d	5	180990207	181363319	175	0.0109
3a5d57c7-62f9-48cc-9b9e-b8d437d7c86d	6	149661	181632	20	0.6253
3a5d57c7-62f9-48cc-9b9e-b8d437d7c86d	6	184604	277360	92	0.3749
3a5d57c7-62f9-48cc-9b9e-b8d437d7c86d	6	278146	385784	98	-0.1938
3a5d57c7-62f9-48cc-9b9e-b8d437d7c86d	6	387532	940523	470	0.4185
3a5d57c7-62f9-48cc-9b9e-b8d437d7c86d	6	942922	12845935	9460	0.4853
3a5d57c7-62f9-48cc-9b9e-b8d437d7c86d	6	12848737	12901209	57	0.0218
3a5d57c7-62f9-48cc-9b9e-b8d437d7c86d	6	12909235	12957593	44	0.7761
3a5d57c7-62f9-48cc-9b9e-b8d437d7c86d	6	12962927	14050500	791	0.4649
3a5d57c7-62f9-48cc-9b9e-b8d437d7c86d	6	14051369	18468967	3277	0.4105
3a5d57c7-62f9-48cc-9b9e-b8d437d7c86d	6	18469588	18665149	170	0.9666
3a5d57c7-62f9-48cc-9b9e-b8d437d7c86d	6	18672987	29224369	6805	0.6374
3a5d57c7-62f9-48cc-9b9e-b8d437d7c86d	6	29226082	29515242	136	0.3085
3a5d57c7-62f9-48cc-9b9e-b8d437d7c86d	6	29517512	29869295	246	0.5851
3a5d57c7-62f9-48cc-9b9e-b8d437d7c86d	6	29869410	29933799	36	1.4944
3a5d57c7-62f9-48cc-9b9e-b8d437d7c86d	6	29940692	32463515	1150	0.5851
3a5d57c7-62f9-48cc-9b9e-b8d437d7c86d	6	32463775	32525591	16	-0.095
3a5d57c7-62f9-48cc-9b9e-b8d437d7c86d	6	32529339	33459573	484	0.594
3a5d57c7-62f9-48cc-9b9e-b8d437d7c86d	6	33460212	36242005	1570	0.6797
3a5d57c7-62f9-48cc-9b9e-b8d437d7c86d	6	36244679	36822890	384	0.8075
3a5d57c7-62f9-48cc-9b9e-b8d437d7c86d	6	36824059	37910276	739	0.6744
3a5d57c7-62f9-48cc-9b9e-b8d437d7c86d	6	37915004	37942776	12	0.4355
3a5d57c7-62f9-48cc-9b9e-b8d437d7c86d	6	37944626	50944342	8377	0.3244
3a5d57c7-62f9-48cc-9b9e-b8d437d7c86d	6	50946613	50948562	5	1.3404
3a5d57c7-62f9-48cc-9b9e-b8d437d7c86d	6	50948574	57987845	4228	0.2994
3a5d57c7-62f9-48cc-9b9e-b8d437d7c86d	6	57988235	58383095	161	0.4852
3a5d57c7-62f9-48cc-9b9e-b8d437d7c86d	6	58383472	65684197	2730	0.3037
3a5d57c7-62f9-48cc-9b9e-b8d437d7c86d	6	65689589	65693959	23	-0.7699
3a5d57c7-62f9-48cc-9b9e-b8d437d7c86d	6	65697234	66318853	401	0.279
3a5d57c7-62f9-48cc-9b9e-b8d437d7c86d	6	66321249	66321394	3	1.3193
3a5d57c7-62f9-48cc-9b9e-b8d437d7c86d	6	66321403	68544887	1607	0.3276
3a5d57c7-62f9-48cc-9b9e-b8d437d7c86d	6	68550210	72153222	2340	0.2532
3a5d57c7-62f9-48cc-9b9e-b8d437d7c86d	6	72156821	72157169	2	-3.3159
3a5d57c7-62f9-48cc-9b9e-b8d437d7c86d	6	72158860	76726815	2868	0.2549
3a5d57c7-62f9-48cc-9b9e-b8d437d7c86d	6	76730151	76742956	19	-0.488
3a5d57c7-62f9-48cc-9b9e-b8d437d7c86d	6	76742972	77319910	355	0.2694
3a5d57c7-62f9-48cc-9b9e-b8d437d7c86d	6	77321320	77321416	3	1.6706
3a5d57c7-62f9-48cc-9b9e-b8d437d7c86d	6	77322441	78253172	621	0.265
3a5d57c7-62f9-48cc-9b9e-b8d437d7c86d	6	78259348	78325468	113	-0.4049
3a5d57c7-62f9-48cc-9b9e-b8d437d7c86d	6	78329517	93953142	10019	0.2453
3a5d57c7-62f9-48cc-9b9e-b8d437d7c86d	6	93953663	95386776	676	0.3506
3a5d57c7-62f9-48cc-9b9e-b8d437d7c86d	6	95388284	103286299	4783	0.2373
3a5d57c7-62f9-48cc-9b9e-b8d437d7c86d	6	103286770	103299907	22	0.8705
3a5d57c7-62f9-48cc-9b9e-b8d437d7c86d	6	103300288	118313916	9241	0.2388
3a5d57c7-62f9-48cc-9b9e-b8d437d7c86d	6	118316273	118321763	6	0.9463
3a5d57c7-62f9-48cc-9b9e-b8d437d7c86d	6	118324119	118380726	28	0.3814
3a5d57c7-62f9-48cc-9b9e-b8d437d7c86d	6	118381461	118388379	5	0.8131
3a5d57c7-62f9-48cc-9b9e-b8d437d7c86d	6	118389947	118435834	23	0.0887
3a5d57c7-62f9-48cc-9b9e-b8d437d7c86d	6	118436457	118565798	74	0.4999
3a5d57c7-62f9-48cc-9b9e-b8d437d7c86d	6	118566052	121966727	1982	0.239
3a5d57c7-62f9-48cc-9b9e-b8d437d7c86d	6	121967795	122461431	289	0.7721
3a5d57c7-62f9-48cc-9b9e-b8d437d7c86d	6	122467678	123634822	693	-0.6985
3a5d57c7-62f9-48cc-9b9e-b8d437d7c86d	6	123639264	124012629	307	1.3796
3a5d57c7-62f9-48cc-9b9e-b8d437d7c86d	6	124015618	124095403	61	1.6465
3a5d57c7-62f9-48cc-9b9e-b8d437d7c86d	6	124095702	124663856	407	1.4148
3a5d57c7-62f9-48cc-9b9e-b8d437d7c86d	6	124680481	124706077	16	0.7577
3a5d57c7-62f9-48cc-9b9e-b8d437d7c86d	6	124716342	125118610	281	0.2164
3a5d57c7-62f9-48cc-9b9e-b8d437d7c86d	6	125118774	125838424	497	0.7718
3a5d57c7-62f9-48cc-9b9e-b8d437d7c86d	6	125841542	126105202	134	-0.7048
3a5d57c7-62f9-48cc-9b9e-b8d437d7c86d	6	126107727	126200370	58	0.2177
3a5d57c7-62f9-48cc-9b9e-b8d437d7c86d	6	126201201	126914418	328	-0.6931
3a5d57c7-62f9-48cc-9b9e-b8d437d7c86d	6	126920151	127406218	262	0.7818
3a5d57c7-62f9-48cc-9b9e-b8d437d7c86d	6	127419794	128566809	704	-0.6872
3a5d57c7-62f9-48cc-9b9e-b8d437d7c86d	6	128567323	128570134	3	0.8931
3a5d57c7-62f9-48cc-9b9e-b8d437d7c86d	6	128580341	128712245	79	1.4209
3a5d57c7-62f9-48cc-9b9e-b8d437d7c86d	6	128714490	131819464	2116	0.739
3a5d57c7-62f9-48cc-9b9e-b8d437d7c86d	6	131823148	132068780	176	-0.6906
3a5d57c7-62f9-48cc-9b9e-b8d437d7c86d	6	132074165	132303018	155	0.782
3a5d57c7-62f9-48cc-9b9e-b8d437d7c86d	6	132306125	135648919	2366	-0.6904
3a5d57c7-62f9-48cc-9b9e-b8d437d7c86d	6	135658832	137220093	1074	0.2398
3a5d57c7-62f9-48cc-9b9e-b8d437d7c86d	6	137222995	137351225	106	0.6981
3a5d57c7-62f9-48cc-9b9e-b8d437d7c86d	6	137351609	137657707	265	0.2339
3a5d57c7-62f9-48cc-9b9e-b8d437d7c86d	6	137658461	137658834	3	-0.8161
3a5d57c7-62f9-48cc-9b9e-b8d437d7c86d	6	137658970	137802152	87	0.2213
3a5d57c7-62f9-48cc-9b9e-b8d437d7c86d	6	137803358	137813637	12	-0.7444
3a5d57c7-62f9-48cc-9b9e-b8d437d7c86d	6	137821617	138293190	312	0.7547
3a5d57c7-62f9-48cc-9b9e-b8d437d7c86d	6	138294011	140134365	1161	-0.693
3a5d57c7-62f9-48cc-9b9e-b8d437d7c86d	6	140139871	141234364	538	0.8315
3a5d57c7-62f9-48cc-9b9e-b8d437d7c86d	6	141240376	142597500	732	1.1703
3a5d57c7-62f9-48cc-9b9e-b8d437d7c86d	6	142600839	143207181	399	0.7337
3a5d57c7-62f9-48cc-9b9e-b8d437d7c86d	6	143214390	143747978	475	-0.7166
3a5d57c7-62f9-48cc-9b9e-b8d437d7c86d	6	143757509	144330419	349	0.2133
3a5d57c7-62f9-48cc-9b9e-b8d437d7c86d	6	144330651	144448471	76	1.1551
3a5d57c7-62f9-48cc-9b9e-b8d437d7c86d	6	144456240	144765495	192	0.2575
3a5d57c7-62f9-48cc-9b9e-b8d437d7c86d	6	144767978	144819604	33	-0.7679
3a5d57c7-62f9-48cc-9b9e-b8d437d7c86d	6	144822142	145965463	722	0.7656
3a5d57c7-62f9-48cc-9b9e-b8d437d7c86d	6	145969651	147066633	691	-0.6923
3a5d57c7-62f9-48cc-9b9e-b8d437d7c86d	6	147066820	147513691	255	0.7822
3a5d57c7-62f9-48cc-9b9e-b8d437d7c86d	6	147514799	147519253	9	0.3655
3a5d57c7-62f9-48cc-9b9e-b8d437d7c86d	6	147525025	148280163	611	-0.6711
3a5d57c7-62f9-48cc-9b9e-b8d437d7c86d	6	148280872	149555940	920	0.2455
3a5d57c7-62f9-48cc-9b9e-b8d437d7c86d	6	149564520	149638691	32	-0.0407
3a5d57c7-62f9-48cc-9b9e-b8d437d7c86d	6	149646445	149936224	152	-1.4404
3a5d57c7-62f9-48cc-9b9e-b8d437d7c86d	6	149944848	150021107	43	0.509
3a5d57c7-62f9-48cc-9b9e-b8d437d7c86d	6	150023280	150467047	353	-1.59
3a5d57c7-62f9-48cc-9b9e-b8d437d7c86d	6	150469543	150690854	170	0.568
3a5d57c7-62f9-48cc-9b9e-b8d437d7c86d	6	150695431	150980937	227	0.999
3a5d57c7-62f9-48cc-9b9e-b8d437d7c86d	6	150982074	150982361	2	-0.26
3a5d57c7-62f9-48cc-9b9e-b8d437d7c86d	6	150982518	151465131	324	1.0043
3a5d57c7-62f9-48cc-9b9e-b8d437d7c86d	6	151467498	151800723	221	0.5638
3a5d57c7-62f9-48cc-9b9e-b8d437d7c86d	6	151801264	151828648	35	1.0014
3a5d57c7-62f9-48cc-9b9e-b8d437d7c86d	6	151833683	151834387	2	-0.2744
3a5d57c7-62f9-48cc-9b9e-b8d437d7c86d	6	151834932	151888300	64	0.2699
3a5d57c7-62f9-48cc-9b9e-b8d437d7c86d	6	151903601	152481348	487	-0.6709
3a5d57c7-62f9-48cc-9b9e-b8d437d7c86d	6	152483861	155011181	1796	0.2625
3a5d57c7-62f9-48cc-9b9e-b8d437d7c86d	6	155017051	157443975	1590	-0.6948
3a5d57c7-62f9-48cc-9b9e-b8d437d7c86d	6	157446774	157607948	63	0.7571
3a5d57c7-62f9-48cc-9b9e-b8d437d7c86d	6	157612639	157613477	3	-0.7686
3a5d57c7-62f9-48cc-9b9e-b8d437d7c86d	6	157613485	157954271	228	0.7994
3a5d57c7-62f9-48cc-9b9e-b8d437d7c86d	6	157955237	157991951	34	1.2585
3a5d57c7-62f9-48cc-9b9e-b8d437d7c86d	6	157996377	158097976	73	0.4038
3a5d57c7-62f9-48cc-9b9e-b8d437d7c86d	6	158102110	160815270	1864	-0.6703
3a5d57c7-62f9-48cc-9b9e-b8d437d7c86d	6	160818659	161914435	894	0.2937
3a5d57c7-62f9-48cc-9b9e-b8d437d7c86d	6	161914942	162204518	272	-0.6505
3a5d57c7-62f9-48cc-9b9e-b8d437d7c86d	6	162209667	162462478	205	0.3015
3a5d57c7-62f9-48cc-9b9e-b8d437d7c86d	6	162465906	162607258	113	-0.644
3a5d57c7-62f9-48cc-9b9e-b8d437d7c86d	6	162610126	163128243	333	0.8025
3a5d57c7-62f9-48cc-9b9e-b8d437d7c86d	6	163128839	163420868	259	-0.685
3a5d57c7-62f9-48cc-9b9e-b8d437d7c86d	6	163421326	163459474	19	-1.6502
3a5d57c7-62f9-48cc-9b9e-b8d437d7c86d	6	163463265	163477974	9	-0.3701
3a5d57c7-62f9-48cc-9b9e-b8d437d7c86d	6	163481477	163521130	23	0.0163
3a5d57c7-62f9-48cc-9b9e-b8d437d7c86d	6	163521176	163987467	398	0.278
3a5d57c7-62f9-48cc-9b9e-b8d437d7c86d	6	163994211	164016546	30	0.1122
3a5d57c7-62f9-48cc-9b9e-b8d437d7c86d	6	164019117	165517143	1111	-0.6742
3a5d57c7-62f9-48cc-9b9e-b8d437d7c86d	6	165523850	165722259	155	0.2999
3a5d57c7-62f9-48cc-9b9e-b8d437d7c86d	6	165722821	166302425	487	-0.6562
3a5d57c7-62f9-48cc-9b9e-b8d437d7c86d	6	166302452	166617855	244	0.2537
3a5d57c7-62f9-48cc-9b9e-b8d437d7c86d	6	166618720	167145251	429	-0.6957
3a5d57c7-62f9-48cc-9b9e-b8d437d7c86d	6	167147219	167314380	103	0.7558
3a5d57c7-62f9-48cc-9b9e-b8d437d7c86d	6	167323382	168017456	232	-0.7597
3a5d57c7-62f9-48cc-9b9e-b8d437d7c86d	6	168019578	168126178	59	0.6901
3a5d57c7-62f9-48cc-9b9e-b8d437d7c86d	6	168127339	168134835	6	-0.3157
3a5d57c7-62f9-48cc-9b9e-b8d437d7c86d	6	168136807	169017346	682	0.7794
3a5d57c7-62f9-48cc-9b9e-b8d437d7c86d	6	169020638	169048701	29	-0.8806
3a5d57c7-62f9-48cc-9b9e-b8d437d7c86d	6	169049118	169108781	77	-0.6862
3a5d57c7-62f9-48cc-9b9e-b8d437d7c86d	6	169108943	169109237	5	-1.5856
3a5d57c7-62f9-48cc-9b9e-b8d437d7c86d	6	169109252	169796648	537	-0.6783
3a5d57c7-62f9-48cc-9b9e-b8d437d7c86d	6	169798845	170245513	160	-0.9168
3a5d57c7-62f9-48cc-9b9e-b8d437d7c86d	6	170250458	170251061	3	0.2435
3a5d57c7-62f9-48cc-9b9e-b8d437d7c86d	6	170252698	170505603	162	0.7525
3a5d57c7-62f9-48cc-9b9e-b8d437d7c86d	6	170505932	170741917	67	0.1682
3a5d57c7-62f9-48cc-9b9e-b8d437d7c86d	7	43355	1086066	283	-0.2218
3a5d57c7-62f9-48cc-9b9e-b8d437d7c86d	7	1093035	1103491	9	-1.0068
3a5d57c7-62f9-48cc-9b9e-b8d437d7c86d	7	1104810	1139786	33	-0.2194
3a5d57c7-62f9-48cc-9b9e-b8d437d7c86d	7	1142974	3466317	1229	-0.0886
3a5d57c7-62f9-48cc-9b9e-b8d437d7c86d	7	3466466	3466482	2	1.3934
3a5d57c7-62f9-48cc-9b9e-b8d437d7c86d	7	3469994	6430554	1732	-0.0809
3a5d57c7-62f9-48cc-9b9e-b8d437d7c86d	7	6431844	7439046	636	-0.4366
3a5d57c7-62f9-48cc-9b9e-b8d437d7c86d	7	7445106	11880724	3644	-0.112
3a5d57c7-62f9-48cc-9b9e-b8d437d7c86d	7	11881247	11881793	5	-1.411
3a5d57c7-62f9-48cc-9b9e-b8d437d7c86d	7	11884626	17183730	4291	-0.1443
3a5d57c7-62f9-48cc-9b9e-b8d437d7c86d	7	17185513	17412391	128	0.0535
3a5d57c7-62f9-48cc-9b9e-b8d437d7c86d	7	17413855	17462707	47	-0.1385
3a5d57c7-62f9-48cc-9b9e-b8d437d7c86d	7	17464515	17464569	2	1.6079
3a5d57c7-62f9-48cc-9b9e-b8d437d7c86d	7	17465005	18975937	1217	-0.1416
3a5d57c7-62f9-48cc-9b9e-b8d437d7c86d	7	18980230	19714184	762	-0.0357
3a5d57c7-62f9-48cc-9b9e-b8d437d7c86d	7	19714221	20666446	701	-0.1596
3a5d57c7-62f9-48cc-9b9e-b8d437d7c86d	7	20670414	20671025	2	-1.5472
3a5d57c7-62f9-48cc-9b9e-b8d437d7c86d	7	20679778	22448724	1398	-0.1399
3a5d57c7-62f9-48cc-9b9e-b8d437d7c86d	7	22453337	33733679	8061	0.305
3a5d57c7-62f9-48cc-9b9e-b8d437d7c86d	7	33736564	34348726	443	-0.1072
3a5d57c7-62f9-48cc-9b9e-b8d437d7c86d	7	34349925	34365503	15	0.3772
3a5d57c7-62f9-48cc-9b9e-b8d437d7c86d	7	34365826	34692901	209	0.5689
3a5d57c7-62f9-48cc-9b9e-b8d437d7c86d	7	34693944	38239282	2526	0.2904
3a5d57c7-62f9-48cc-9b9e-b8d437d7c86d	7	38244142	38319355	113	0.5674
3a5d57c7-62f9-48cc-9b9e-b8d437d7c86d	7	38322471	39674222	975	0.3192
3a5d57c7-62f9-48cc-9b9e-b8d437d7c86d	7	39677992	39935469	124	0.1299
3a5d57c7-62f9-48cc-9b9e-b8d437d7c86d	7	39941572	44041495	2683	0.3252
3a5d57c7-62f9-48cc-9b9e-b8d437d7c86d	7	44042643	44767262	337	0.0214
3a5d57c7-62f9-48cc-9b9e-b8d437d7c86d	7	44773897	44814903	17	0.5117
3a5d57c7-62f9-48cc-9b9e-b8d437d7c86d	7	44816183	54298796	6871	0.0194
3a5d57c7-62f9-48cc-9b9e-b8d437d7c86d	7	54299021	54318824	11	0.9405
3a5d57c7-62f9-48cc-9b9e-b8d437d7c86d	7	54325795	57154482	1647	0.0173
3a5d57c7-62f9-48cc-9b9e-b8d437d7c86d	7	57154972	57960277	394	-0.0758
3a5d57c7-62f9-48cc-9b9e-b8d437d7c86d	7	61083061	76514576	6233	0.0607
3a5d57c7-62f9-48cc-9b9e-b8d437d7c86d	7	76524031	76532105	6	-0.9503
3a5d57c7-62f9-48cc-9b9e-b8d437d7c86d	7	76550397	76904484	143	0.0659
3a5d57c7-62f9-48cc-9b9e-b8d437d7c86d	7	76908554	77437940	245	0.3757
3a5d57c7-62f9-48cc-9b9e-b8d437d7c86d	7	77440878	88571191	7239	-0.006
3a5d57c7-62f9-48cc-9b9e-b8d437d7c86d	7	88571599	89953106	908	0.0613
3a5d57c7-62f9-48cc-9b9e-b8d437d7c86d	7	89963072	89964003	6	-0.7731
3a5d57c7-62f9-48cc-9b9e-b8d437d7c86d	7	89965955	90655234	469	0.0514
3a5d57c7-62f9-48cc-9b9e-b8d437d7c86d	7	90655644	97777749	4574	-0.0163
3a5d57c7-62f9-48cc-9b9e-b8d437d7c86d	7	97788295	97791340	5	-1.2479
3a5d57c7-62f9-48cc-9b9e-b8d437d7c86d	7	97791778	109789993	6576	0.0226
3a5d57c7-62f9-48cc-9b9e-b8d437d7c86d	7	109793690	109819293	50	0.5556
3a5d57c7-62f9-48cc-9b9e-b8d437d7c86d	7	109819717	111186182	899	-0.0149
3a5d57c7-62f9-48cc-9b9e-b8d437d7c86d	7	111186338	111624119	282	0.1371
3a5d57c7-62f9-48cc-9b9e-b8d437d7c86d	7	111625206	118513484	4148	-0.0165
3a5d57c7-62f9-48cc-9b9e-b8d437d7c86d	7	118514902	118618740	56	0.368
3a5d57c7-62f9-48cc-9b9e-b8d437d7c86d	7	118621119	126406489	4644	-0.0117
3a5d57c7-62f9-48cc-9b9e-b8d437d7c86d	7	126406546	126406827	8	-0.8162
3a5d57c7-62f9-48cc-9b9e-b8d437d7c86d	7	126412712	130328860	2240	0.0114
3a5d57c7-62f9-48cc-9b9e-b8d437d7c86d	7	130332208	130511242	98	0.4124
3a5d57c7-62f9-48cc-9b9e-b8d437d7c86d	7	130610532	134100458	2359	-0.0079
3a5d57c7-62f9-48cc-9b9e-b8d437d7c86d	7	134100556	134114444	34	-0.7645
3a5d57c7-62f9-48cc-9b9e-b8d437d7c86d	7	134121491	140858132	4382	0.0032
3a5d57c7-62f9-48cc-9b9e-b8d437d7c86d	7	140858155	140858661	8	0.6516
3a5d57c7-62f9-48cc-9b9e-b8d437d7c86d	7	140858940	142069891	807	0.002
3a5d57c7-62f9-48cc-9b9e-b8d437d7c86d	7	142070260	142092307	31	-1.5842
3a5d57c7-62f9-48cc-9b9e-b8d437d7c86d	7	142099190	144199159	1201	0.0046
3a5d57c7-62f9-48cc-9b9e-b8d437d7c86d	7	144207186	144352208	15	1.1858
3a5d57c7-62f9-48cc-9b9e-b8d437d7c86d	7	144377836	155671335	7331	0.0263
3a5d57c7-62f9-48cc-9b9e-b8d437d7c86d	7	155673169	155674244	2	1.7365
3a5d57c7-62f9-48cc-9b9e-b8d437d7c86d	7	155676942	157355814	1080	0.0455
3a5d57c7-62f9-48cc-9b9e-b8d437d7c86d	7	157363457	157377773	15	-0.4151
3a5d57c7-62f9-48cc-9b9e-b8d437d7c86d	7	157379100	157379243	3	0.7001
3a5d57c7-62f9-48cc-9b9e-b8d437d7c86d	7	157380779	158319247	576	-0.6111
3a5d57c7-62f9-48cc-9b9e-b8d437d7c86d	7	158320363	158321460	2	-2.6441
3a5d57c7-62f9-48cc-9b9e-b8d437d7c86d	7	158322732	159334314	641	-0.6151
3a5d57c7-62f9-48cc-9b9e-b8d437d7c86d	8	81254	644973	324	0.2804
3a5d57c7-62f9-48cc-9b9e-b8d437d7c86d	8	645220	645875	6	1.5953
3a5d57c7-62f9-48cc-9b9e-b8d437d7c86d	8	645892	645908	2	5.9338
3a5d57c7-62f9-48cc-9b9e-b8d437d7c86d	8	656117	3724894	2728	0.3839
3a5d57c7-62f9-48cc-9b9e-b8d437d7c86d	8	3725226	3730578	22	0.0445
3a5d57c7-62f9-48cc-9b9e-b8d437d7c86d	8	3730666	3742014	20	0.3505
3a5d57c7-62f9-48cc-9b9e-b8d437d7c86d	8	3742050	3769340	39	0.0657
3a5d57c7-62f9-48cc-9b9e-b8d437d7c86d	8	3769629	3772953	8	0.691
3a5d57c7-62f9-48cc-9b9e-b8d437d7c86d	8	3773380	3926665	205	0.3116
3a5d57c7-62f9-48cc-9b9e-b8d437d7c86d	8	3929538	3937803	35	0.0976
3a5d57c7-62f9-48cc-9b9e-b8d437d7c86d	8	3938010	5231110	1946	0.3939
3a5d57c7-62f9-48cc-9b9e-b8d437d7c86d	8	5231118	5231579	7	1.3094
3a5d57c7-62f9-48cc-9b9e-b8d437d7c86d	8	5232558	5780915	725	0.3673
3a5d57c7-62f9-48cc-9b9e-b8d437d7c86d	8	5781424	5783921	4	-0.9034
3a5d57c7-62f9-48cc-9b9e-b8d437d7c86d	8	5784410	5958604	216	0.4849
3a5d57c7-62f9-48cc-9b9e-b8d437d7c86d	8	5958953	6208942	351	0.3228
3a5d57c7-62f9-48cc-9b9e-b8d437d7c86d	8	6209399	6209566	9	1.0709
3a5d57c7-62f9-48cc-9b9e-b8d437d7c86d	8	6209716	6956923	948	0.4035
3a5d57c7-62f9-48cc-9b9e-b8d437d7c86d	8	6957134	6957806	6	-1.3652
3a5d57c7-62f9-48cc-9b9e-b8d437d7c86d	8	6958057	7155402	123	0.2995
3a5d57c7-62f9-48cc-9b9e-b8d437d7c86d	8	7167045	7336299	11	-0.6422
3a5d57c7-62f9-48cc-9b9e-b8d437d7c86d	8	7357089	8007744	53	0.7714
3a5d57c7-62f9-48cc-9b9e-b8d437d7c86d	8	8078333	8528287	301	0.4006
3a5d57c7-62f9-48cc-9b9e-b8d437d7c86d	8	8528640	8528932	4	-0.8495
3a5d57c7-62f9-48cc-9b9e-b8d437d7c86d	8	8530797	9442782	902	0.4003
3a5d57c7-62f9-48cc-9b9e-b8d437d7c86d	8	9448220	9448489	2	-1.3975
3a5d57c7-62f9-48cc-9b9e-b8d437d7c86d	8	9450646	12092042	2023	0.3886
3a5d57c7-62f9-48cc-9b9e-b8d437d7c86d	8	12130217	12177488	8	1.0259
3a5d57c7-62f9-48cc-9b9e-b8d437d7c86d	8	12323772	12374907	5	-1.5674
3a5d57c7-62f9-48cc-9b9e-b8d437d7c86d	8	12376131	17848523	4886	0.4238
3a5d57c7-62f9-48cc-9b9e-b8d437d7c86d	8	17850645	17851395	2	-1.3775
3a5d57c7-62f9-48cc-9b9e-b8d437d7c86d	8	17853043	21837234	3468	0.4199
3a5d57c7-62f9-48cc-9b9e-b8d437d7c86d	8	21841965	21969651	80	0.788
3a5d57c7-62f9-48cc-9b9e-b8d437d7c86d	8	21969755	22012449	38	1.0332
3a5d57c7-62f9-48cc-9b9e-b8d437d7c86d	8	22021096	22104035	34	0.7792
3a5d57c7-62f9-48cc-9b9e-b8d437d7c86d	8	22111788	25114672	1942	0.422
3a5d57c7-62f9-48cc-9b9e-b8d437d7c86d	8	25116928	25126735	26	1.2978
3a5d57c7-62f9-48cc-9b9e-b8d437d7c86d	8	25126818	35691532	7075	0.4145
3a5d57c7-62f9-48cc-9b9e-b8d437d7c86d	8	35692739	35723795	23	-0.03
3a5d57c7-62f9-48cc-9b9e-b8d437d7c86d	8	35729273	38460830	1465	0.4319
3a5d57c7-62f9-48cc-9b9e-b8d437d7c86d	8	38460898	38463814	14	0.9652
3a5d57c7-62f9-48cc-9b9e-b8d437d7c86d	8	38463910	39368221	438	0.4171
3a5d57c7-62f9-48cc-9b9e-b8d437d7c86d	8	39368332	39529446	67	0.9111
3a5d57c7-62f9-48cc-9b9e-b8d437d7c86d	8	39530780	47315286	3074	0.4136
3a5d57c7-62f9-48cc-9b9e-b8d437d7c86d	8	47322675	47654521	141	-0.0234
3a5d57c7-62f9-48cc-9b9e-b8d437d7c86d	8	47657498	51897047	2484	0.4011
3a5d57c7-62f9-48cc-9b9e-b8d437d7c86d	8	51900379	51929310	22	-0.0255
3a5d57c7-62f9-48cc-9b9e-b8d437d7c86d	8	51930430	52669606	512	0.4048
3a5d57c7-62f9-48cc-9b9e-b8d437d7c86d	8	52671731	52676520	5	1.049
3a5d57c7-62f9-48cc-9b9e-b8d437d7c86d	8	52680877	52694344	11	0.2883
3a5d57c7-62f9-48cc-9b9e-b8d437d7c86d	8	52700033	52757065	24	0.7216
3a5d57c7-62f9-48cc-9b9e-b8d437d7c86d	8	52758991	53056814	217	0.3998
3a5d57c7-62f9-48cc-9b9e-b8d437d7c86d	8	53057258	53057414	3	1.4784
3a5d57c7-62f9-48cc-9b9e-b8d437d7c86d	8	53060587	54033023	631	0.3978
3a5d57c7-62f9-48cc-9b9e-b8d437d7c86d	8	54047375	54050508	6	1.2033
3a5d57c7-62f9-48cc-9b9e-b8d437d7c86d	8	54053575	60591049	4338	0.3917
3a5d57c7-62f9-48cc-9b9e-b8d437d7c86d	8	60593288	60656877	55	0.6206
3a5d57c7-62f9-48cc-9b9e-b8d437d7c86d	8	60662433	60663969	2	-0.7543
3a5d57c7-62f9-48cc-9b9e-b8d437d7c86d	8	60664239	60996639	238	0.6431
3a5d57c7-62f9-48cc-9b9e-b8d437d7c86d	8	60997630	61536737	397	0.8416
3a5d57c7-62f9-48cc-9b9e-b8d437d7c86d	8	61545460	89730275	16756	0.6833
3a5d57c7-62f9-48cc-9b9e-b8d437d7c86d	8	89733667	89893370	94	0.3783
3a5d57c7-62f9-48cc-9b9e-b8d437d7c86d	8	89905682	101606009	7147	0.6832
3a5d57c7-62f9-48cc-9b9e-b8d437d7c86d	8	101608378	101613484	10	-0.708
3a5d57c7-62f9-48cc-9b9e-b8d437d7c86d	8	101617168	102980362	860	0.6785
3a5d57c7-62f9-48cc-9b9e-b8d437d7c86d	8	102982683	102983595	2	-3.3737
3a5d57c7-62f9-48cc-9b9e-b8d437d7c86d	8	102985207	111279265	4991	0.6767
3a5d57c7-62f9-48cc-9b9e-b8d437d7c86d	8	111282050	111283031	10	1.6278
3a5d57c7-62f9-48cc-9b9e-b8d437d7c86d	8	111288052	114600259	1807	0.678
3a5d57c7-62f9-48cc-9b9e-b8d437d7c86d	8	114601274	114661835	59	0.9628
3a5d57c7-62f9-48cc-9b9e-b8d437d7c86d	8	114662435	119139771	3104	0.6754
3a5d57c7-62f9-48cc-9b9e-b8d437d7c86d	8	119142545	119147207	4	-1.4893
3a5d57c7-62f9-48cc-9b9e-b8d437d7c86d	8	119150615	134117556	10820	0.6854
3a5d57c7-62f9-48cc-9b9e-b8d437d7c86d	8	134122984	134180039	89	1.019
3a5d57c7-62f9-48cc-9b9e-b8d437d7c86d	8	134180803	135060760	716	0.6797
3a5d57c7-62f9-48cc-9b9e-b8d437d7c86d	8	135061408	135061701	3	-0.7946
3a5d57c7-62f9-48cc-9b9e-b8d437d7c86d	8	135065423	142650685	5452	0.7098
3a5d57c7-62f9-48cc-9b9e-b8d437d7c86d	8	142652161	142658563	9	-0.2566
3a5d57c7-62f9-48cc-9b9e-b8d437d7c86d	8	142662564	143227622	228	0.7565
3a5d57c7-62f9-48cc-9b9e-b8d437d7c86d	8	143227655	143228432	7	-0.0322
3a5d57c7-62f9-48cc-9b9e-b8d437d7c86d	8	143228447	144470275	376	0.7802
3a5d57c7-62f9-48cc-9b9e-b8d437d7c86d	8	144476624	145072769	257	0.3819
3a5d57c7-62f9-48cc-9b9e-b8d437d7c86d	9	46587	14830272	13585	-0.5282
3a5d57c7-62f9-48cc-9b9e-b8d437d7c86d	9	14830823	14831005	2	-3.2412
3a5d57c7-62f9-48cc-9b9e-b8d437d7c86d	9	14833403	16911779	1732	-0.5225
3a5d57c7-62f9-48cc-9b9e-b8d437d7c86d	9	16911802	16914181	24	0.092
3a5d57c7-62f9-48cc-9b9e-b8d437d7c86d	9	16914414	17632366	538	-0.5074
3a5d57c7-62f9-48cc-9b9e-b8d437d7c86d	9	17632545	17636339	7	-1.7256
3a5d57c7-62f9-48cc-9b9e-b8d437d7c86d	9	17636429	24503818	5342	-0.5435
3a5d57c7-62f9-48cc-9b9e-b8d437d7c86d	9	24504127	24517684	19	-1.5446
3a5d57c7-62f9-48cc-9b9e-b8d437d7c86d	9	24519686	27041678	1796	-0.5239
3a5d57c7-62f9-48cc-9b9e-b8d437d7c86d	9	27044059	27688205	577	-0.6634
3a5d57c7-62f9-48cc-9b9e-b8d437d7c86d	9	27688292	28973347	1079	-0.536
3a5d57c7-62f9-48cc-9b9e-b8d437d7c86d	9	28975708	28975726	2	1.0703
3a5d57c7-62f9-48cc-9b9e-b8d437d7c86d	9	28981483	32111761	2182	-0.5125
3a5d57c7-62f9-48cc-9b9e-b8d437d7c86d	9	32113080	32114460	15	0.1119
3a5d57c7-62f9-48cc-9b9e-b8d437d7c86d	9	32116507	39464757	4261	-0.5295
3a5d57c7-62f9-48cc-9b9e-b8d437d7c86d	9	39481818	41308514	78	-0.3774
3a5d57c7-62f9-48cc-9b9e-b8d437d7c86d	9	41316241	41473533	14	0.2868
3a5d57c7-62f9-48cc-9b9e-b8d437d7c86d	9	41533430	41659472	23	-0.6639
3a5d57c7-62f9-48cc-9b9e-b8d437d7c86d	9	41666811	42046831	10	0.6491
3a5d57c7-62f9-48cc-9b9e-b8d437d7c86d	9	42073850	67042427	264	-0.3532
3a5d57c7-62f9-48cc-9b9e-b8d437d7c86d	9	67073081	110061538	29758	-0.5283
3a5d57c7-62f9-48cc-9b9e-b8d437d7c86d	9	110062021	110068334	4	-5.0778
3a5d57c7-62f9-48cc-9b9e-b8d437d7c86d	9	110069252	117664723	5846	-0.5374
3a5d57c7-62f9-48cc-9b9e-b8d437d7c86d	9	117664829	120434199	2293	-0.6526
3a5d57c7-62f9-48cc-9b9e-b8d437d7c86d	9	120442703	121498953	632	-0.8708
3a5d57c7-62f9-48cc-9b9e-b8d437d7c86d	9	121501403	127358266	3654	-0.619
3a5d57c7-62f9-48cc-9b9e-b8d437d7c86d	9	127361146	128918363	675	-0.5601
3a5d57c7-62f9-48cc-9b9e-b8d437d7c86d	9	128926540	129124168	66	0.1109
3a5d57c7-62f9-48cc-9b9e-b8d437d7c86d	9	129125837	132506811	2138	-0.5931
3a5d57c7-62f9-48cc-9b9e-b8d437d7c86d	9	132509090	132510188	2	-2.383
3a5d57c7-62f9-48cc-9b9e-b8d437d7c86d	9	132511037	132766725	177	-0.5807
3a5d57c7-62f9-48cc-9b9e-b8d437d7c86d	9	132766811	133290774	379	-0.3761
3a5d57c7-62f9-48cc-9b9e-b8d437d7c86d	9	133291001	133298178	5	0.4626
3a5d57c7-62f9-48cc-9b9e-b8d437d7c86d	9	133298730	133901992	357	-0.1985
3a5d57c7-62f9-48cc-9b9e-b8d437d7c86d	9	133902372	137358336	1521	-0.672
3a5d57c7-62f9-48cc-9b9e-b8d437d7c86d	9	137358495	137412474	21	0.0776
3a5d57c7-62f9-48cc-9b9e-b8d437d7c86d	9	137414621	138200944	390	-0.6418
3a5d57c7-62f9-48cc-9b9e-b8d437d7c86d	10	45792	2313190	1731	-0.4397
3a5d57c7-62f9-48cc-9b9e-b8d437d7c86d	10	2313295	2318056	8	-1.477
3a5d57c7-62f9-48cc-9b9e-b8d437d7c86d	10	2319114	4197915	1787	-0.4527
3a5d57c7-62f9-48cc-9b9e-b8d437d7c86d	10	4198530	4199380	4	-2.2385
3a5d57c7-62f9-48cc-9b9e-b8d437d7c86d	10	4201806	20606503	13500	-0.421
3a5d57c7-62f9-48cc-9b9e-b8d437d7c86d	10	20606811	24086334	2168	-0.547
3a5d57c7-62f9-48cc-9b9e-b8d437d7c86d	10	24088745	24088992	10	1.0615
3a5d57c7-62f9-48cc-9b9e-b8d437d7c86d	10	24089125	46154876	12294	-0.5255
3a5d57c7-62f9-48cc-9b9e-b8d437d7c86d	10	46169953	47040736	239	-0.0756
3a5d57c7-62f9-48cc-9b9e-b8d437d7c86d	10	47043991	71547800	16881	-0.5445
3a5d57c7-62f9-48cc-9b9e-b8d437d7c86d	10	71548651	71576903	24	-0.3855
3a5d57c7-62f9-48cc-9b9e-b8d437d7c86d	10	71577120	72683705	616	-0.0337
3a5d57c7-62f9-48cc-9b9e-b8d437d7c86d	10	72686410	75980561	1576	-0.5178
3a5d57c7-62f9-48cc-9b9e-b8d437d7c86d	10	75984924	80068654	2981	0.0381
3a5d57c7-62f9-48cc-9b9e-b8d437d7c86d	10	80070197	80071948	2	-1.532
3a5d57c7-62f9-48cc-9b9e-b8d437d7c86d	10	80072723	86985198	5003	0.0338
3a5d57c7-62f9-48cc-9b9e-b8d437d7c86d	10	86985325	87108914	37	0.4166
3a5d57c7-62f9-48cc-9b9e-b8d437d7c86d	10	87116095	87278584	31	-0.067
3a5d57c7-62f9-48cc-9b9e-b8d437d7c86d	10	87286741	87352872	12	1.0891
3a5d57c7-62f9-48cc-9b9e-b8d437d7c86d	10	87353136	93426401	4047	0.0096
3a5d57c7-62f9-48cc-9b9e-b8d437d7c86d	10	93432816	93597879	134	0.499
3a5d57c7-62f9-48cc-9b9e-b8d437d7c86d	10	93599404	102773156	5399	0.0456
3a5d57c7-62f9-48cc-9b9e-b8d437d7c86d	10	102774534	102959339	110	0.4932
3a5d57c7-62f9-48cc-9b9e-b8d437d7c86d	10	102959747	104322178	797	0.041
3a5d57c7-62f9-48cc-9b9e-b8d437d7c86d	10	104324757	104325777	2	-1.2325
3a5d57c7-62f9-48cc-9b9e-b8d437d7c86d	10	104327754	105913523	1153	0.0412
3a5d57c7-62f9-48cc-9b9e-b8d437d7c86d	10	105914888	105918365	8	0.7563
3a5d57c7-62f9-48cc-9b9e-b8d437d7c86d	10	105918380	109084997	2423	0.0321
3a5d57c7-62f9-48cc-9b9e-b8d437d7c86d	10	109098814	109404265	224	-1.5425
3a5d57c7-62f9-48cc-9b9e-b8d437d7c86d	10	109412624	130401306	15432	0.0417
3a5d57c7-62f9-48cc-9b9e-b8d437d7c86d	10	130401926	131110205	646	-0.0885
3a5d57c7-62f9-48cc-9b9e-b8d437d7c86d	10	131116646	132703538	999	0.0372
3a5d57c7-62f9-48cc-9b9e-b8d437d7c86d	10	132703729	132967299	116	0.3548
3a5d57c7-62f9-48cc-9b9e-b8d437d7c86d	10	132975686	133531836	213	-0.0004
3a5d57c7-62f9-48cc-9b9e-b8d437d7c86d	10	133532494	133533455	3	-1.0864
3a5d57c7-62f9-48cc-9b9e-b8d437d7c86d	10	133533893	133654968	72	-0.0667
3a5d57c7-62f9-48cc-9b9e-b8d437d7c86d	11	198510	4217824	1738	0.0345
3a5d57c7-62f9-48cc-9b9e-b8d437d7c86d	11	4228783	4306942	24	0.7869
3a5d57c7-62f9-48cc-9b9e-b8d437d7c86d	11	4314648	4949013	659	0.0263
3a5d57c7-62f9-48cc-9b9e-b8d437d7c86d	11	4949047	4955042	28	-0.4132
3a5d57c7-62f9-48cc-9b9e-b8d437d7c86d	11	4955781	5757293	776	0.0407
3a5d57c7-62f9-48cc-9b9e-b8d437d7c86d	11	5761695	5791130	44	0.5079
3a5d57c7-62f9-48cc-9b9e-b8d437d7c86d	11	5794956	21825348	12052	0.0198
3a5d57c7-62f9-48cc-9b9e-b8d437d7c86d	11	21825960	21827206	5	-1.8018
3a5d57c7-62f9-48cc-9b9e-b8d437d7c86d	11	21829111	24422703	1770	-0.0113
3a5d57c7-62f9-48cc-9b9e-b8d437d7c86d	11	24424822	24428711	5	-1.0245
3a5d57c7-62f9-48cc-9b9e-b8d437d7c86d	11	24433630	36930871	8929	0.0182
3a5d57c7-62f9-48cc-9b9e-b8d437d7c86d	11	36931042	37419117	364	0.1145
3a5d57c7-62f9-48cc-9b9e-b8d437d7c86d	11	37421613	37427845	4	1.2005
3a5d57c7-62f9-48cc-9b9e-b8d437d7c86d	11	37438111	44228731	4506	0.0195
3a5d57c7-62f9-48cc-9b9e-b8d437d7c86d	11	44229827	54743970	3305	0.0503
3a5d57c7-62f9-48cc-9b9e-b8d437d7c86d	11	54762035	54766290	3	-1.392
3a5d57c7-62f9-48cc-9b9e-b8d437d7c86d	11	54782119	56015184	593	0.0416
3a5d57c7-62f9-48cc-9b9e-b8d437d7c86d	11	56016186	56209389	129	0.2567
3a5d57c7-62f9-48cc-9b9e-b8d437d7c86d	11	56209832	62057349	3407	0.0316
3a5d57c7-62f9-48cc-9b9e-b8d437d7c86d	11	62057695	62062618	7	-1.1277
3a5d57c7-62f9-48cc-9b9e-b8d437d7c86d	11	62067951	78689973	8186	0.0535
3a5d57c7-62f9-48cc-9b9e-b8d437d7c86d	11	78690191	85427887	5019	0.0158
3a5d57c7-62f9-48cc-9b9e-b8d437d7c86d	11	85430621	85509181	44	0.3206
3a5d57c7-62f9-48cc-9b9e-b8d437d7c86d	11	85513743	88662995	2201	-0.0077
3a5d57c7-62f9-48cc-9b9e-b8d437d7c86d	11	88663110	88663299	2	-1.6032
3a5d57c7-62f9-48cc-9b9e-b8d437d7c86d	11	88663782	93181901	2903	0.0029
3a5d57c7-62f9-48cc-9b9e-b8d437d7c86d	11	93186788	93467447	161	0.1791
3a5d57c7-62f9-48cc-9b9e-b8d437d7c86d	11	93467734	102279757	6603	0.0146
3a5d57c7-62f9-48cc-9b9e-b8d437d7c86d	11	102280707	102382998	45	0.3628
3a5d57c7-62f9-48cc-9b9e-b8d437d7c86d	11	102384023	102721263	241	-0.0053
3a5d57c7-62f9-48cc-9b9e-b8d437d7c86d	11	102721565	106635414	2697	-0.5717
3a5d57c7-62f9-48cc-9b9e-b8d437d7c86d	11	106635873	106636471	2	-2.8342
3a5d57c7-62f9-48cc-9b9e-b8d437d7c86d	11	106640397	107381636	486	-0.5736
3a5d57c7-62f9-48cc-9b9e-b8d437d7c86d	11	107386439	107796394	317	-0.3275
3a5d57c7-62f9-48cc-9b9e-b8d437d7c86d	11	107797087	129148443	15181	-0.5549
3a5d57c7-62f9-48cc-9b9e-b8d437d7c86d	11	129149094	129154203	2	-2.4517
3a5d57c7-62f9-48cc-9b9e-b8d437d7c86d	11	129155134	130385218	709	-0.5328
3a5d57c7-62f9-48cc-9b9e-b8d437d7c86d	11	130387240	130575378	135	0.0709
3a5d57c7-62f9-48cc-9b9e-b8d437d7c86d	11	130582575	133209692	2190	-0.5631
3a5d57c7-62f9-48cc-9b9e-b8d437d7c86d	11	133210053	133210060	2	-2.7701
3a5d57c7-62f9-48cc-9b9e-b8d437d7c86d	11	133215184	133385134	137	-0.6496
3a5d57c7-62f9-48cc-9b9e-b8d437d7c86d	11	133385661	133389435	2	-2.5147
3a5d57c7-62f9-48cc-9b9e-b8d437d7c86d	11	133389850	134287218	621	-0.5827
3a5d57c7-62f9-48cc-9b9e-b8d437d7c86d	11	134288564	135074876	625	-0.7258
3a5d57c7-62f9-48cc-9b9e-b8d437d7c86d	12	51460	327844	170	-0.0923
3a5d57c7-62f9-48cc-9b9e-b8d437d7c86d	12	333919	567377	141	0.1341
3a5d57c7-62f9-48cc-9b9e-b8d437d7c86d	12	568037	632053	46	-0.0303
3a5d57c7-62f9-48cc-9b9e-b8d437d7c86d	12	632344	1425383	453	0.2474
3a5d57c7-62f9-48cc-9b9e-b8d437d7c86d	12	1430104	3272442	1301	0.0548
3a5d57c7-62f9-48cc-9b9e-b8d437d7c86d	12	3275588	3277988	9	-0.7442
3a5d57c7-62f9-48cc-9b9e-b8d437d7c86d	12	3278115	6347424	2541	0.0425
3a5d57c7-62f9-48cc-9b9e-b8d437d7c86d	12	6351225	6428378	41	0.5531
3a5d57c7-62f9-48cc-9b9e-b8d437d7c86d	12	6433525	8157111	826	0.0774
3a5d57c7-62f9-48cc-9b9e-b8d437d7c86d	12	8157472	8204911	13	0.4111
3a5d57c7-62f9-48cc-9b9e-b8d437d7c86d	12	8209454	8218118	8	1.0185
3a5d57c7-62f9-48cc-9b9e-b8d437d7c86d	12	8220161	8406217	56	0.14
3a5d57c7-62f9-48cc-9b9e-b8d437d7c86d	12	8406509	8422738	10	-0.4776
3a5d57c7-62f9-48cc-9b9e-b8d437d7c86d	12	8423870	9307938	483	0.0476
3a5d57c7-62f9-48cc-9b9e-b8d437d7c86d	12	9308632	9315213	2	-2.4335
3a5d57c7-62f9-48cc-9b9e-b8d437d7c86d	12	9320561	9582374	103	-0.1488
3a5d57c7-62f9-48cc-9b9e-b8d437d7c86d	12	9583090	25030045	10551	0.0266
3a5d57c7-62f9-48cc-9b9e-b8d437d7c86d	12	25031074	25097841	93	-0.0877
3a5d57c7-62f9-48cc-9b9e-b8d437d7c86d	12	25097922	25098093	6	1.0018
3a5d57c7-62f9-48cc-9b9e-b8d437d7c86d	12	25099244	30088437	3677	0.0113
3a5d57c7-62f9-48cc-9b9e-b8d437d7c86d	12	30090521	30090756	9	0.9865
3a5d57c7-62f9-48cc-9b9e-b8d437d7c86d	12	30090789	32048435	1455	0.0386
3a5d57c7-62f9-48cc-9b9e-b8d437d7c86d	12	32049126	33140973	793	0.3636
3a5d57c7-62f9-48cc-9b9e-b8d437d7c86d	12	33141564	33187415	62	0.7504
3a5d57c7-62f9-48cc-9b9e-b8d437d7c86d	12	33187588	33313157	80	0.4002
3a5d57c7-62f9-48cc-9b9e-b8d437d7c86d	12	33313958	38733128	1195	0.0952
3a5d57c7-62f9-48cc-9b9e-b8d437d7c86d	12	38733730	48331259	6011	0.0127
3a5d57c7-62f9-48cc-9b9e-b8d437d7c86d	12	48331456	48336602	7	-0.6212
3a5d57c7-62f9-48cc-9b9e-b8d437d7c86d	12	48337092	48363988	21	0.2258
3a5d57c7-62f9-48cc-9b9e-b8d437d7c86d	12	48364386	55293613	3845	0.0628
3a5d57c7-62f9-48cc-9b9e-b8d437d7c86d	12	55298057	55798869	341	0.1909
3a5d57c7-62f9-48cc-9b9e-b8d437d7c86d	12	55804287	56671929	400	0.5013
3a5d57c7-62f9-48cc-9b9e-b8d437d7c86d	12	56672321	70478078	8841	0.0022
3a5d57c7-62f9-48cc-9b9e-b8d437d7c86d	12	70478895	70484247	9	-2.6002
3a5d57c7-62f9-48cc-9b9e-b8d437d7c86d	12	70485605	72915666	1563	0.0127
3a5d57c7-62f9-48cc-9b9e-b8d437d7c86d	12	72917588	72950567	15	0.512
3a5d57c7-62f9-48cc-9b9e-b8d437d7c86d	12	72950807	91614078	11480	-0.0012
3a5d57c7-62f9-48cc-9b9e-b8d437d7c86d	12	91614416	94475621	1962	-0.0445
3a5d57c7-62f9-48cc-9b9e-b8d437d7c86d	12	94486699	99397365	3503	0.0216
3a5d57c7-62f9-48cc-9b9e-b8d437d7c86d	12	99397830	99402073	11	-0.1655
3a5d57c7-62f9-48cc-9b9e-b8d437d7c86d	12	99402408	99404748	22	0.5398
3a5d57c7-62f9-48cc-9b9e-b8d437d7c86d	12	99404811	105966627	4410	0.019
3a5d57c7-62f9-48cc-9b9e-b8d437d7c86d	12	105969393	123637861	11134	0.058
3a5d57c7-62f9-48cc-9b9e-b8d437d7c86d	12	123642468	123696930	41	0.4067
3a5d57c7-62f9-48cc-9b9e-b8d437d7c86d	12	123697273	124203728	310	0.0582
3a5d57c7-62f9-48cc-9b9e-b8d437d7c86d	12	124209957	124441597	146	0.483
3a5d57c7-62f9-48cc-9b9e-b8d437d7c86d	12	124442449	124532181	52	0.8012
3a5d57c7-62f9-48cc-9b9e-b8d437d7c86d	12	124546858	124741015	141	0.4612
3a5d57c7-62f9-48cc-9b9e-b8d437d7c86d	12	124741424	124930473	137	0.7802
3a5d57c7-62f9-48cc-9b9e-b8d437d7c86d	12	124931362	124961356	19	0.4372
3a5d57c7-62f9-48cc-9b9e-b8d437d7c86d	12	124962876	127091148	1779	0.068
3a5d57c7-62f9-48cc-9b9e-b8d437d7c86d	12	127100821	127106005	16	0.5406
3a5d57c7-62f9-48cc-9b9e-b8d437d7c86d	12	127106075	127114166	31	0.1709
3a5d57c7-62f9-48cc-9b9e-b8d437d7c86d	12	127114185	127149742	37	-0.0158
3a5d57c7-62f9-48cc-9b9e-b8d437d7c86d	12	127149760	127150001	5	-0.9867
3a5d57c7-62f9-48cc-9b9e-b8d437d7c86d	12	127150302	129024249	1635	-0.0101
3a5d57c7-62f9-48cc-9b9e-b8d437d7c86d	12	129025642	129393005	350	0.0761
3a5d57c7-62f9-48cc-9b9e-b8d437d7c86d	12	129394734	130377845	897	-0.0646
3a5d57c7-62f9-48cc-9b9e-b8d437d7c86d	12	130378058	130378750	5	1.143
3a5d57c7-62f9-48cc-9b9e-b8d437d7c86d	12	130381223	130538050	128	-0.1686
3a5d57c7-62f9-48cc-9b9e-b8d437d7c86d	12	130539016	133201603	1450	0.0304
3a5d57c7-62f9-48cc-9b9e-b8d437d7c86d	13	18452809	21135560	1446	0.4263
3a5d57c7-62f9-48cc-9b9e-b8d437d7c86d	13	21136719	24461469	2553	0.6443
3a5d57c7-62f9-48cc-9b9e-b8d437d7c86d	13	24465452	24465460	3	-0.8138
3a5d57c7-62f9-48cc-9b9e-b8d437d7c86d	13	24465540	33357555	6675	0.6366
3a5d57c7-62f9-48cc-9b9e-b8d437d7c86d	13	33367635	37501828	2819	0.3823
3a5d57c7-62f9-48cc-9b9e-b8d437d7c86d	13	37502130	37510620	12	-0.288
3a5d57c7-62f9-48cc-9b9e-b8d437d7c86d	13	37514193	49520573	8282	0.3846
3a5d57c7-62f9-48cc-9b9e-b8d437d7c86d	13	49520901	57620276	4514	0.4198
3a5d57c7-62f9-48cc-9b9e-b8d437d7c86d	13	57625612	63652394	3576	0.3646
3a5d57c7-62f9-48cc-9b9e-b8d437d7c86d	13	63653047	64347714	399	0.4865
3a5d57c7-62f9-48cc-9b9e-b8d437d7c86d	13	64350817	68675349	2698	0.377
3a5d57c7-62f9-48cc-9b9e-b8d437d7c86d	13	68676647	68684883	10	-0.2706
3a5d57c7-62f9-48cc-9b9e-b8d437d7c86d	13	68685082	70175852	988	0.3899
3a5d57c7-62f9-48cc-9b9e-b8d437d7c86d	13	70179808	70205942	39	0.7527
3a5d57c7-62f9-48cc-9b9e-b8d437d7c86d	13	70206148	71902850	1058	0.3636
3a5d57c7-62f9-48cc-9b9e-b8d437d7c86d	13	71903417	71906418	4	-3.9318
3a5d57c7-62f9-48cc-9b9e-b8d437d7c86d	13	71906467	74499304	1955	0.3926
3a5d57c7-62f9-48cc-9b9e-b8d437d7c86d	13	74500472	74504862	2	-1.0431
3a5d57c7-62f9-48cc-9b9e-b8d437d7c86d	13	74506371	74799744	222	0.3389
3a5d57c7-62f9-48cc-9b9e-b8d437d7c86d	13	74800220	74800221	2	-0.9773
3a5d57c7-62f9-48cc-9b9e-b8d437d7c86d	13	74813628	77093173	1650	0.3616
3a5d57c7-62f9-48cc-9b9e-b8d437d7c86d	13	77094894	77094918	2	1.6262
3a5d57c7-62f9-48cc-9b9e-b8d437d7c86d	13	77100523	82617608	3467	0.3844
3a5d57c7-62f9-48cc-9b9e-b8d437d7c86d	13	82617703	82943104	213	0.8786
3a5d57c7-62f9-48cc-9b9e-b8d437d7c86d	13	82944597	103625669	13771	0.3917
3a5d57c7-62f9-48cc-9b9e-b8d437d7c86d	13	103626048	103626762	12	1.0603
3a5d57c7-62f9-48cc-9b9e-b8d437d7c86d	13	103626882	114342922	7812	0.4168
3a5d57c7-62f9-48cc-9b9e-b8d437d7c86d	14	18239283	19011729	28	-0.1464
3a5d57c7-62f9-48cc-9b9e-b8d437d7c86d	14	19012857	19954424	138	0.9934
3a5d57c7-62f9-48cc-9b9e-b8d437d7c86d	14	19955213	21835401	1250	0.4479
3a5d57c7-62f9-48cc-9b9e-b8d437d7c86d	14	21840190	22221620	368	0.5836
3a5d57c7-62f9-48cc-9b9e-b8d437d7c86d	14	22222237	22222527	3	-1.2084
3a5d57c7-62f9-48cc-9b9e-b8d437d7c86d	14	22224219	22501590	232	0.6527
3a5d57c7-62f9-48cc-9b9e-b8d437d7c86d	14	22502281	23450291	518	0.414
3a5d57c7-62f9-48cc-9b9e-b8d437d7c86d	14	23450315	23452378	3	1.5756
3a5d57c7-62f9-48cc-9b9e-b8d437d7c86d	14	23452980	27818707	2854	0.4292
3a5d57c7-62f9-48cc-9b9e-b8d437d7c86d	14	27822521	27822531	2	-1.2472
3a5d57c7-62f9-48cc-9b9e-b8d437d7c86d	14	27822899	34551172	4344	0.4368
3a5d57c7-62f9-48cc-9b9e-b8d437d7c86d	14	34551779	34568006	8	1.2651
3a5d57c7-62f9-48cc-9b9e-b8d437d7c86d	14	34568491	35034120	233	0.4467
3a5d57c7-62f9-48cc-9b9e-b8d437d7c86d	14	35035384	35040568	5	-1.0073
3a5d57c7-62f9-48cc-9b9e-b8d437d7c86d	14	35041591	56405414	13377	0.4201
3a5d57c7-62f9-48cc-9b9e-b8d437d7c86d	14	56405811	56586129	151	0.6644
3a5d57c7-62f9-48cc-9b9e-b8d437d7c86d	14	56586204	100213351	29002	0.4303
3a5d57c7-62f9-48cc-9b9e-b8d437d7c86d	14	100217855	100243324	12	-0.5401
3a5d57c7-62f9-48cc-9b9e-b8d437d7c86d	14	100244427	103027195	1452	0.4733
3a5d57c7-62f9-48cc-9b9e-b8d437d7c86d	14	103030171	103079265	14	-0.5744
3a5d57c7-62f9-48cc-9b9e-b8d437d7c86d	14	103094249	106321086	1162	0.4659
3a5d57c7-62f9-48cc-9b9e-b8d437d7c86d	14	106340102	106364815	10	-0.7119
3a5d57c7-62f9-48cc-9b9e-b8d437d7c86d	14	106365807	106443587	39	0.8429
3a5d57c7-62f9-48cc-9b9e-b8d437d7c86d	14	106444177	106877229	232	0.449
3a5d57c7-62f9-48cc-9b9e-b8d437d7c86d	15	19811075	20001686	45	-0.2466
3a5d57c7-62f9-48cc-9b9e-b8d437d7c86d	15	20011702	22229148	138	-0.9014
3a5d57c7-62f9-48cc-9b9e-b8d437d7c86d	15	22233262	24424598	1015	-0.5211
3a5d57c7-62f9-48cc-9b9e-b8d437d7c86d	15	24429604	24480146	35	-1.2703
3a5d57c7-62f9-48cc-9b9e-b8d437d7c86d	15	24482084	24851692	239	-0.5198
3a5d57c7-62f9-48cc-9b9e-b8d437d7c86d	15	24852114	24853838	4	0.6214
3a5d57c7-62f9-48cc-9b9e-b8d437d7c86d	15	24856691	27678978	2105	-0.522
3a5d57c7-62f9-48cc-9b9e-b8d437d7c86d	15	27680690	27684001	7	-1.556
3a5d57c7-62f9-48cc-9b9e-b8d437d7c86d	15	27684599	30252720	1249	-0.572
3a5d57c7-62f9-48cc-9b9e-b8d437d7c86d	15	30253290	30269364	4	-2.0721
3a5d57c7-62f9-48cc-9b9e-b8d437d7c86d	15	30281107	42964029	8054	-0.503
3a5d57c7-62f9-48cc-9b9e-b8d437d7c86d	15	42968209	43036533	37	-0.0229
3a5d57c7-62f9-48cc-9b9e-b8d437d7c86d	15	43041871	45335803	977	0.3501
3a5d57c7-62f9-48cc-9b9e-b8d437d7c86d	15	45343711	45444902	68	-0.004
3a5d57c7-62f9-48cc-9b9e-b8d437d7c86d	15	45445239	45464885	6	-0.5776
3a5d57c7-62f9-48cc-9b9e-b8d437d7c86d	15	45465316	45620946	57	0.0591
3a5d57c7-62f9-48cc-9b9e-b8d437d7c86d	15	45622627	63320028	12244	-0.5185
3a5d57c7-62f9-48cc-9b9e-b8d437d7c86d	15	63323500	63418563	80	0.0601
3a5d57c7-62f9-48cc-9b9e-b8d437d7c86d	15	63420037	75380446	6982	-0.4895
3a5d57c7-62f9-48cc-9b9e-b8d437d7c86d	15	75380868	75514657	51	0.1348
3a5d57c7-62f9-48cc-9b9e-b8d437d7c86d	15	75517708	76599170	516	-0.4845
3a5d57c7-62f9-48cc-9b9e-b8d437d7c86d	15	76599286	76599884	9	-3.8194
3a5d57c7-62f9-48cc-9b9e-b8d437d7c86d	15	76602723	89940233	8479	-0.4974
3a5d57c7-62f9-48cc-9b9e-b8d437d7c86d	15	89941945	90117127	113	0.0933
3a5d57c7-62f9-48cc-9b9e-b8d437d7c86d	15	90120127	101928837	9028	-0.5287
3a5d57c7-62f9-48cc-9b9e-b8d437d7c86d	16	10777	12016	3	-1.0922
3a5d57c7-62f9-48cc-9b9e-b8d437d7c86d	16	35827	3436050	1247	0.077
3a5d57c7-62f9-48cc-9b9e-b8d437d7c86d	16	3436236	4036860	327	-0.5093
3a5d57c7-62f9-48cc-9b9e-b8d437d7c86d	16	4037065	4204915	164	0.106
3a5d57c7-62f9-48cc-9b9e-b8d437d7c86d	16	4208090	4822759	273	0.2499
3a5d57c7-62f9-48cc-9b9e-b8d437d7c86d	16	4823241	11585611	6714	0.0783
3a5d57c7-62f9-48cc-9b9e-b8d437d7c86d	16	11585967	12335169	466	0.2324
3a5d57c7-62f9-48cc-9b9e-b8d437d7c86d	16	12336672	12407001	74	0.1379
3a5d57c7-62f9-48cc-9b9e-b8d437d7c86d	16	12407210	12408460	2	-1.2672
3a5d57c7-62f9-48cc-9b9e-b8d437d7c86d	16	12408900	12555002	147	0.1174
3a5d57c7-62f9-48cc-9b9e-b8d437d7c86d	16	12555121	12555138	2	2.2207
3a5d57c7-62f9-48cc-9b9e-b8d437d7c86d	16	12556390	14964501	1724	0.0846
3a5d57c7-62f9-48cc-9b9e-b8d437d7c86d	16	14965488	14991827	15	0.6141
3a5d57c7-62f9-48cc-9b9e-b8d437d7c86d	16	14993314	15439167	87	0.1849
3a5d57c7-62f9-48cc-9b9e-b8d437d7c86d	16	15440424	17821319	1304	0.0241
3a5d57c7-62f9-48cc-9b9e-b8d437d7c86d	16	17822334	18019757	165	0.1502
3a5d57c7-62f9-48cc-9b9e-b8d437d7c86d	16	18021374	18704933	78	-0.0986
3a5d57c7-62f9-48cc-9b9e-b8d437d7c86d	16	18705983	19928444	674	0.1397
3a5d57c7-62f9-48cc-9b9e-b8d437d7c86d	16	19929941	19958932	35	-0.6317
3a5d57c7-62f9-48cc-9b9e-b8d437d7c86d	16	19959168	29589571	5608	0.0747
3a5d57c7-62f9-48cc-9b9e-b8d437d7c86d	16	29589688	29895903	97	0.5822
3a5d57c7-62f9-48cc-9b9e-b8d437d7c86d	16	29899939	30139976	87	0.9752
3a5d57c7-62f9-48cc-9b9e-b8d437d7c86d	16	30140208	30867529	208	0.6907
3a5d57c7-62f9-48cc-9b9e-b8d437d7c86d	16	30879141	32562155	491	0.0869
3a5d57c7-62f9-48cc-9b9e-b8d437d7c86d	16	32613018	32629651	2	-2.551
3a5d57c7-62f9-48cc-9b9e-b8d437d7c86d	16	32832214	34209701	78	0.119
3a5d57c7-62f9-48cc-9b9e-b8d437d7c86d	16	35080991	35755606	336	-0.5551
3a5d57c7-62f9-48cc-9b9e-b8d437d7c86d	16	35756981	46473753	72	0.1174
3a5d57c7-62f9-48cc-9b9e-b8d437d7c86d	16	46474548	47699230	511	-0.3659
3a5d57c7-62f9-48cc-9b9e-b8d437d7c86d	16	47699913	55762682	5949	-0.5099
3a5d57c7-62f9-48cc-9b9e-b8d437d7c86d	16	55764310	55764867	3	2.2564
3a5d57c7-62f9-48cc-9b9e-b8d437d7c86d	16	55770436	66125186	6894	-0.4946
3a5d57c7-62f9-48cc-9b9e-b8d437d7c86d	16	66125367	66133829	7	-1.5566
3a5d57c7-62f9-48cc-9b9e-b8d437d7c86d	16	66134152	67942008	840	-0.4713
3a5d57c7-62f9-48cc-9b9e-b8d437d7c86d	16	67960016	68029480	24	0.0221
3a5d57c7-62f9-48cc-9b9e-b8d437d7c86d	16	68030204	70105639	1003	-0.4541
3a5d57c7-62f9-48cc-9b9e-b8d437d7c86d	16	70117657	70163864	12	-1.3014
3a5d57c7-62f9-48cc-9b9e-b8d437d7c86d	16	70164427	71894947	692	-0.4634
3a5d57c7-62f9-48cc-9b9e-b8d437d7c86d	16	71909399	71967211	31	-1.4019
3a5d57c7-62f9-48cc-9b9e-b8d437d7c86d	16	71968040	74371293	1582	-0.4911
3a5d57c7-62f9-48cc-9b9e-b8d437d7c86d	16	74373114	74373225	2	-2.3072
3a5d57c7-62f9-48cc-9b9e-b8d437d7c86d	16	74373481	74575279	88	-0.4823
3a5d57c7-62f9-48cc-9b9e-b8d437d7c86d	16	74576983	74798093	127	-1.4307
3a5d57c7-62f9-48cc-9b9e-b8d437d7c86d	16	74805402	75245940	282	-0.497
3a5d57c7-62f9-48cc-9b9e-b8d437d7c86d	16	75246019	75247060	4	-1.575
3a5d57c7-62f9-48cc-9b9e-b8d437d7c86d	16	75248066	78337711	2705	-0.4898
3a5d57c7-62f9-48cc-9b9e-b8d437d7c86d	16	78338543	78350841	15	0.4064
3a5d57c7-62f9-48cc-9b9e-b8d437d7c86d	16	78350868	81498891	3554	-0.5413
3a5d57c7-62f9-48cc-9b9e-b8d437d7c86d	16	81501437	88003722	6068	-1.6407
3a5d57c7-62f9-48cc-9b9e-b8d437d7c86d	16	88005544	88017955	3	-7.2807
3a5d57c7-62f9-48cc-9b9e-b8d437d7c86d	16	88018555	88048345	21	-1.5968
3a5d57c7-62f9-48cc-9b9e-b8d437d7c86d	16	88048457	88103062	29	-2.9602
3a5d57c7-62f9-48cc-9b9e-b8d437d7c86d	16	88115997	89563829	582	-1.5962
3a5d57c7-62f9-48cc-9b9e-b8d437d7c86d	16	89563903	89566015	2	-7.7959
3a5d57c7-62f9-48cc-9b9e-b8d437d7c86d	16	89578428	90096352	228	-1.5739
3a5d57c7-62f9-48cc-9b9e-b8d437d7c86d	17	150733	224675	43	-0.5667
3a5d57c7-62f9-48cc-9b9e-b8d437d7c86d	17	228441	372932	81	-0.8953
3a5d57c7-62f9-48cc-9b9e-b8d437d7c86d	17	373119	5381358	2633	-0.4748
3a5d57c7-62f9-48cc-9b9e-b8d437d7c86d	17	5381475	6874654	1130	-1.3197
3a5d57c7-62f9-48cc-9b9e-b8d437d7c86d	17	6875006	18414080	7487	-0.503
3a5d57c7-62f9-48cc-9b9e-b8d437d7c86d	17	18452078	18561907	27	-1.6685
3a5d57c7-62f9-48cc-9b9e-b8d437d7c86d	17	18565883	28768467	2373	-0.4951
3a5d57c7-62f9-48cc-9b9e-b8d437d7c86d	17	28777142	32259080	1553	-1.4127
3a5d57c7-62f9-48cc-9b9e-b8d437d7c86d	17	32261189	32269483	6	-4.7911
3a5d57c7-62f9-48cc-9b9e-b8d437d7c86d	17	32270224	32504610	102	-1.4443
3a5d57c7-62f9-48cc-9b9e-b8d437d7c86d	17	32505157	32505191	2	-7.1156
3a5d57c7-62f9-48cc-9b9e-b8d437d7c86d	17	32505342	35129522	2163	-1.5728
3a5d57c7-62f9-48cc-9b9e-b8d437d7c86d	17	35133348	35137845	2	-6.9011
3a5d57c7-62f9-48cc-9b9e-b8d437d7c86d	17	35138854	36725133	821	-1.4597
3a5d57c7-62f9-48cc-9b9e-b8d437d7c86d	17	36725564	36803165	82	-0.5118
3a5d57c7-62f9-48cc-9b9e-b8d437d7c86d	17	36803882	36811934	4	-1.5436
3a5d57c7-62f9-48cc-9b9e-b8d437d7c86d	17	36813767	37474868	407	-0.4608
3a5d57c7-62f9-48cc-9b9e-b8d437d7c86d	17	37475765	41298784	1842	-1.396
3a5d57c7-62f9-48cc-9b9e-b8d437d7c86d	17	41302224	41834000	361	0.0929
3a5d57c7-62f9-48cc-9b9e-b8d437d7c86d	17	41837496	43050959	553	-1.3676
3a5d57c7-62f9-48cc-9b9e-b8d437d7c86d	17	43051016	43215382	148	-1.0617
3a5d57c7-62f9-48cc-9b9e-b8d437d7c86d	17	43222561	44582830	626	-1.3706
3a5d57c7-62f9-48cc-9b9e-b8d437d7c86d	17	44584679	45577724	427	-0.4736
3a5d57c7-62f9-48cc-9b9e-b8d437d7c86d	17	45579014	45587327	7	-1.5242
3a5d57c7-62f9-48cc-9b9e-b8d437d7c86d	17	45597863	46286804	460	-0.4805
3a5d57c7-62f9-48cc-9b9e-b8d437d7c86d	17	46323701	46569894	5	2.1096
3a5d57c7-62f9-48cc-9b9e-b8d437d7c86d	17	46571001	49925580	1667	0.1315
3a5d57c7-62f9-48cc-9b9e-b8d437d7c86d	17	49934462	52481396	1625	0.4785
3a5d57c7-62f9-48cc-9b9e-b8d437d7c86d	17	52482701	55185846	1743	0.1564
3a5d57c7-62f9-48cc-9b9e-b8d437d7c86d	17	55187636	57879064	2187	0.4653
3a5d57c7-62f9-48cc-9b9e-b8d437d7c86d	17	57879489	58140037	138	0.7816
3a5d57c7-62f9-48cc-9b9e-b8d437d7c86d	17	58143674	66548210	4229	0.4874
3a5d57c7-62f9-48cc-9b9e-b8d437d7c86d	17	66548790	66549804	3	-0.9698
3a5d57c7-62f9-48cc-9b9e-b8d437d7c86d	17	66550126	73742096	5149	0.4838
3a5d57c7-62f9-48cc-9b9e-b8d437d7c86d	17	73742947	74684398	632	0.3828
3a5d57c7-62f9-48cc-9b9e-b8d437d7c86d	17	74684915	78285287	1875	0.5369
3a5d57c7-62f9-48cc-9b9e-b8d437d7c86d	17	78286051	78286887	2	-3.0778
3a5d57c7-62f9-48cc-9b9e-b8d437d7c86d	17	78290662	80299014	1155	0.5061
3a5d57c7-62f9-48cc-9b9e-b8d437d7c86d	17	80300362	80316295	7	1.0283
3a5d57c7-62f9-48cc-9b9e-b8d437d7c86d	17	80316385	80352501	19	0.5952
3a5d57c7-62f9-48cc-9b9e-b8d437d7c86d	17	80357445	80393633	21	0.9614
3a5d57c7-62f9-48cc-9b9e-b8d437d7c86d	17	80394251	81282198	453	0.536
3a5d57c7-62f9-48cc-9b9e-b8d437d7c86d	17	81282420	81282457	2	-0.7628
3a5d57c7-62f9-48cc-9b9e-b8d437d7c86d	17	81288009	81494460	62	0.5718
3a5d57c7-62f9-48cc-9b9e-b8d437d7c86d	17	81495176	81579705	26	1.0886
3a5d57c7-62f9-48cc-9b9e-b8d437d7c86d	17	81586183	83091923	573	0.5307
3a5d57c7-62f9-48cc-9b9e-b8d437d7c86d	18	48133	100949	11	-0.6809
3a5d57c7-62f9-48cc-9b9e-b8d437d7c86d	18	117231	294045	100	0.1468
3a5d57c7-62f9-48cc-9b9e-b8d437d7c86d	18	294169	295046	6	-1.8011
3a5d57c7-62f9-48cc-9b9e-b8d437d7c86d	18	298035	2128345	1396	0.037
3a5d57c7-62f9-48cc-9b9e-b8d437d7c86d	18	2135369	2281603	122	-0.5496
3a5d57c7-62f9-48cc-9b9e-b8d437d7c86d	18	2282085	3991503	1190	0.0521
3a5d57c7-62f9-48cc-9b9e-b8d437d7c86d	18	3995715	5963764	1402	-0.4997
3a5d57c7-62f9-48cc-9b9e-b8d437d7c86d	18	5963906	5978259	23	-1.1004
3a5d57c7-62f9-48cc-9b9e-b8d437d7c86d	18	5978508	15124518	6104	-0.5276
3a5d57c7-62f9-48cc-9b9e-b8d437d7c86d	18	15127522	20991561	67	-0.2285
3a5d57c7-62f9-48cc-9b9e-b8d437d7c86d	18	20992467	40678132	12355	-0.5303
3a5d57c7-62f9-48cc-9b9e-b8d437d7c86d	18	40678205	40685413	30	-0.0669
3a5d57c7-62f9-48cc-9b9e-b8d437d7c86d	18	40685425	45222416	2953	-0.5512
3a5d57c7-62f9-48cc-9b9e-b8d437d7c86d	18	45222435	45223864	3	-2.76
3a5d57c7-62f9-48cc-9b9e-b8d437d7c86d	18	45224560	66060309	14540	-0.5324
3a5d57c7-62f9-48cc-9b9e-b8d437d7c86d	18	66060363	66061104	10	-2.2985
3a5d57c7-62f9-48cc-9b9e-b8d437d7c86d	18	66065502	80257174	10423	-0.5597
3a5d57c7-62f9-48cc-9b9e-b8d437d7c86d	19	90910	5155614	1412	-0.4838
3a5d57c7-62f9-48cc-9b9e-b8d437d7c86d	19	5159911	5169900	6	-0.0034
3a5d57c7-62f9-48cc-9b9e-b8d437d7c86d	19	5170329	5506648	174	0.5201
3a5d57c7-62f9-48cc-9b9e-b8d437d7c86d	19	5510228	5510642	3	-1.2118
3a5d57c7-62f9-48cc-9b9e-b8d437d7c86d	19	5510689	10507986	2422	0.5097
3a5d57c7-62f9-48cc-9b9e-b8d437d7c86d	19	10509520	10672196	77	0.1356
3a5d57c7-62f9-48cc-9b9e-b8d437d7c86d	19	10674243	12045355	665	0.5954
3a5d57c7-62f9-48cc-9b9e-b8d437d7c86d	19	12046080	12422445	209	0.163
3a5d57c7-62f9-48cc-9b9e-b8d437d7c86d	19	12427951	12428068	2	-3.5477
3a5d57c7-62f9-48cc-9b9e-b8d437d7c86d	19	12428785	12581187	73	0.4951
3a5d57c7-62f9-48cc-9b9e-b8d437d7c86d	19	12586552	12587288	2	2.5846
3a5d57c7-62f9-48cc-9b9e-b8d437d7c86d	19	12589709	12913884	120	0.4945
3a5d57c7-62f9-48cc-9b9e-b8d437d7c86d	19	12915269	13067985	60	0.8183
3a5d57c7-62f9-48cc-9b9e-b8d437d7c86d	19	13070658	14871351	809	0.4892
3a5d57c7-62f9-48cc-9b9e-b8d437d7c86d	19	14872106	14928127	64	0.8158
3a5d57c7-62f9-48cc-9b9e-b8d437d7c86d	19	14934380	14938487	3	2.0896
3a5d57c7-62f9-48cc-9b9e-b8d437d7c86d	19	14940475	15245581	243	0.75
3a5d57c7-62f9-48cc-9b9e-b8d437d7c86d	19	15246598	15305343	40	0.4891
3a5d57c7-62f9-48cc-9b9e-b8d437d7c86d	19	15311331	15312000	2	-0.6353
3a5d57c7-62f9-48cc-9b9e-b8d437d7c86d	19	15315627	15663179	184	0.4823
3a5d57c7-62f9-48cc-9b9e-b8d437d7c86d	19	15663422	15724930	69	0.2342
3a5d57c7-62f9-48cc-9b9e-b8d437d7c86d	19	15724956	17684551	1017	0.4922
3a5d57c7-62f9-48cc-9b9e-b8d437d7c86d	19	17684606	18290422	268	0.1087
3a5d57c7-62f9-48cc-9b9e-b8d437d7c86d	19	18296833	18901559	209	0.5352
3a5d57c7-62f9-48cc-9b9e-b8d437d7c86d	19	18911529	20669090	945	0.1109
3a5d57c7-62f9-48cc-9b9e-b8d437d7c86d	19	20669496	20818117	82	-0.4716
3a5d57c7-62f9-48cc-9b9e-b8d437d7c86d	19	20819159	24413948	2003	0.0951
3a5d57c7-62f9-48cc-9b9e-b8d437d7c86d	19	27257085	30793899	2408	2.2351
3a5d57c7-62f9-48cc-9b9e-b8d437d7c86d	19	30797211	30797633	2	-0.7319
3a5d57c7-62f9-48cc-9b9e-b8d437d7c86d	19	30799692	31189824	293	2.2928
3a5d57c7-62f9-48cc-9b9e-b8d437d7c86d	19	31190074	33263736	1429	1.7615
3a5d57c7-62f9-48cc-9b9e-b8d437d7c86d	19	33266685	40902875	4252	1.2335
3a5d57c7-62f9-48cc-9b9e-b8d437d7c86d	19	40902960	41746405	466	0.7696
3a5d57c7-62f9-48cc-9b9e-b8d437d7c86d	19	41754639	41786690	17	2.0098
3a5d57c7-62f9-48cc-9b9e-b8d437d7c86d	19	41790017	42184857	150	0.8246
3a5d57c7-62f9-48cc-9b9e-b8d437d7c86d	19	42191863	42192546	2	-1.3843
3a5d57c7-62f9-48cc-9b9e-b8d437d7c86d	19	42196376	42759354	230	0.7808
3a5d57c7-62f9-48cc-9b9e-b8d437d7c86d	19	42760198	42889254	50	-0.0933
3a5d57c7-62f9-48cc-9b9e-b8d437d7c86d	19	42891911	45114032	1278	-1.4199
3a5d57c7-62f9-48cc-9b9e-b8d437d7c86d	19	45114631	45238224	44	0.0599
3a5d57c7-62f9-48cc-9b9e-b8d437d7c86d	19	45244762	46110046	335	0.7971
3a5d57c7-62f9-48cc-9b9e-b8d437d7c86d	19	46110799	46185862	53	0.1228
3a5d57c7-62f9-48cc-9b9e-b8d437d7c86d	19	46190156	50224411	1744	-1.4352
3a5d57c7-62f9-48cc-9b9e-b8d437d7c86d	19	50228428	50364745	68	-0.4404
3a5d57c7-62f9-48cc-9b9e-b8d437d7c86d	19	50379362	55789870	3214	-1.4405
3a5d57c7-62f9-48cc-9b9e-b8d437d7c86d	19	55791595	55796289	4	-5.4932
3a5d57c7-62f9-48cc-9b9e-b8d437d7c86d	19	55796357	58586487	1793	-1.4417
3a5d57c7-62f9-48cc-9b9e-b8d437d7c86d	20	80664	1571811	1183	0.4047
3a5d57c7-62f9-48cc-9b9e-b8d437d7c86d	20	1576544	1580353	21	-0.4161
3a5d57c7-62f9-48cc-9b9e-b8d437d7c86d	20	1580934	1613247	41	1.6282
3a5d57c7-62f9-48cc-9b9e-b8d437d7c86d	20	1617300	2013704	341	0.4084
3a5d57c7-62f9-48cc-9b9e-b8d437d7c86d	20	2016124	2017002	3	-0.7642
3a5d57c7-62f9-48cc-9b9e-b8d437d7c86d	20	2019209	3293381	932	0.4552
3a5d57c7-62f9-48cc-9b9e-b8d437d7c86d	20	3293928	4423811	728	0.7217
3a5d57c7-62f9-48cc-9b9e-b8d437d7c86d	20	4424047	8301229	2993	0.4341
3a5d57c7-62f9-48cc-9b9e-b8d437d7c86d	20	8301919	8681199	294	0.0515
3a5d57c7-62f9-48cc-9b9e-b8d437d7c86d	20	8684934	14813715	4645	0.4276
3a5d57c7-62f9-48cc-9b9e-b8d437d7c86d	20	14814970	14815107	5	1.3978
3a5d57c7-62f9-48cc-9b9e-b8d437d7c86d	20	14816926	23447821	7074	0.4234
3a5d57c7-62f9-48cc-9b9e-b8d437d7c86d	20	23449593	23449882	2	-1.4035
3a5d57c7-62f9-48cc-9b9e-b8d437d7c86d	20	23450918	26273046	1750	0.4101
3a5d57c7-62f9-48cc-9b9e-b8d437d7c86d	20	26275068	37017576	2801	0.4724
3a5d57c7-62f9-48cc-9b9e-b8d437d7c86d	20	37017785	41470274	3024	0.4233
3a5d57c7-62f9-48cc-9b9e-b8d437d7c86d	20	41470325	41628687	79	0.0248
3a5d57c7-62f9-48cc-9b9e-b8d437d7c86d	20	41629315	53666647	8691	0.4467
3a5d57c7-62f9-48cc-9b9e-b8d437d7c86d	20	53669296	53669343	2	-1.0413
3a5d57c7-62f9-48cc-9b9e-b8d437d7c86d	20	53680236	54028329	294	0.4254
3a5d57c7-62f9-48cc-9b9e-b8d437d7c86d	20	54031269	54042112	37	-0.4129
3a5d57c7-62f9-48cc-9b9e-b8d437d7c86d	20	54046035	57001898	2446	0.4562
3a5d57c7-62f9-48cc-9b9e-b8d437d7c86d	20	57002289	57002574	2	-0.9206
3a5d57c7-62f9-48cc-9b9e-b8d437d7c86d	20	57002587	57027807	21	0.2901
3a5d57c7-62f9-48cc-9b9e-b8d437d7c86d	20	57027994	57344221	258	0.5404
3a5d57c7-62f9-48cc-9b9e-b8d437d7c86d	20	57346565	61071453	3056	0.4289
3a5d57c7-62f9-48cc-9b9e-b8d437d7c86d	20	61071829	61859736	622	0.7755
3a5d57c7-62f9-48cc-9b9e-b8d437d7c86d	20	61860426	61958714	65	1.3167
3a5d57c7-62f9-48cc-9b9e-b8d437d7c86d	20	61958837	63683965	729	0.7606
3a5d57c7-62f9-48cc-9b9e-b8d437d7c86d	20	63684082	64022101	106	0.5222
3a5d57c7-62f9-48cc-9b9e-b8d437d7c86d	20	64025577	64284715	147	0.232
3a5d57c7-62f9-48cc-9b9e-b8d437d7c86d	20	64323342	64324800	5	-3.0022
3a5d57c7-62f9-48cc-9b9e-b8d437d7c86d	21	10354168	10582026	59	-0.296
3a5d57c7-62f9-48cc-9b9e-b8d437d7c86d	21	10585552	12973348	29	0.2651
3a5d57c7-62f9-48cc-9b9e-b8d437d7c86d	21	12992210	13160229	21	-0.5624
3a5d57c7-62f9-48cc-9b9e-b8d437d7c86d	21	13166157	14067865	233	-1.1796
3a5d57c7-62f9-48cc-9b9e-b8d437d7c86d	21	14074891	16738711	1856	-1.4357
3a5d57c7-62f9-48cc-9b9e-b8d437d7c86d	21	16740643	16741468	4	-7.3595
3a5d57c7-62f9-48cc-9b9e-b8d437d7c86d	21	16742039	18751226	1375	-1.3923
3a5d57c7-62f9-48cc-9b9e-b8d437d7c86d	21	18752181	18755513	3	-5.1831
3a5d57c7-62f9-48cc-9b9e-b8d437d7c86d	21	18756030	28389659	7312	-1.4138
3a5d57c7-62f9-48cc-9b9e-b8d437d7c86d	21	28390124	37384409	6230	-0.4831
3a5d57c7-62f9-48cc-9b9e-b8d437d7c86d	21	37387873	37456137	53	-1.6872
3a5d57c7-62f9-48cc-9b9e-b8d437d7c86d	21	37457183	39127268	1568	-0.501
3a5d57c7-62f9-48cc-9b9e-b8d437d7c86d	21	39127318	41653529	2212	-0.4379
3a5d57c7-62f9-48cc-9b9e-b8d437d7c86d	21	41655527	46677045	2794	-0.5189
3a5d57c7-62f9-48cc-9b9e-b8d437d7c86d	22	15294547	19935558	1776	-0.4867
3a5d57c7-62f9-48cc-9b9e-b8d437d7c86d	22	19939445	20753083	522	-0.6645
3a5d57c7-62f9-48cc-9b9e-b8d437d7c86d	22	20753098	22130687	829	-0.4916
3a5d57c7-62f9-48cc-9b9e-b8d437d7c86d	22	22130702	22151020	80	-0.2006
3a5d57c7-62f9-48cc-9b9e-b8d437d7c86d	22	22154015	23987520	1186	-0.5442
3a5d57c7-62f9-48cc-9b9e-b8d437d7c86d	22	23988078	23989773	2	-3.9287
3a5d57c7-62f9-48cc-9b9e-b8d437d7c86d	22	23990431	24144729	110	-0.5827
3a5d57c7-62f9-48cc-9b9e-b8d437d7c86d	22	24145610	24395526	102	0.4827
3a5d57c7-62f9-48cc-9b9e-b8d437d7c86d	22	24397271	24685371	141	-0.4493
3a5d57c7-62f9-48cc-9b9e-b8d437d7c86d	22	24686148	24686567	3	-2.0662
3a5d57c7-62f9-48cc-9b9e-b8d437d7c86d	22	24691707	25514877	725	-0.4952
3a5d57c7-62f9-48cc-9b9e-b8d437d7c86d	22	25514927	25515481	12	0.1492
3a5d57c7-62f9-48cc-9b9e-b8d437d7c86d	22	25518057	30160233	3600	-0.4966
3a5d57c7-62f9-48cc-9b9e-b8d437d7c86d	22	30160856	30390959	134	-1.248
3a5d57c7-62f9-48cc-9b9e-b8d437d7c86d	22	30398730	37346951	5193	-0.4708
3a5d57c7-62f9-48cc-9b9e-b8d437d7c86d	22	37352689	37357959	14	-1.2551
3a5d57c7-62f9-48cc-9b9e-b8d437d7c86d	22	37359564	41315530	2083	-0.4608
3a5d57c7-62f9-48cc-9b9e-b8d437d7c86d	22	41315832	41562858	114	0.1075
3a5d57c7-62f9-48cc-9b9e-b8d437d7c86d	22	41583967	41693778	51	-0.3511
3a5d57c7-62f9-48cc-9b9e-b8d437d7c86d	22	41696982	44719669	2052	-1.499
3a5d57c7-62f9-48cc-9b9e-b8d437d7c86d	22	44719699	44721554	3	-6.5004
3a5d57c7-62f9-48cc-9b9e-b8d437d7c86d	22	44721714	46093321	886	-1.5778
3a5d57c7-62f9-48cc-9b9e-b8d437d7c86d	22	46098802	46166188	30	-5.0016
3a5d57c7-62f9-48cc-9b9e-b8d437d7c86d	22	46168728	50737337	3469	-1.7001
3a5d57c7-62f9-48cc-9b9e-b8d437d7c86d	22	50742808	50796027	14	-0.7892
3a5d57c7-62f9-48cc-9b9e-b8d437d7c86d	X	251810	3616417	726	-0.0665
3a5d57c7-62f9-48cc-9b9e-b8d437d7c86d	X	3617073	3665277	27	0.5179
3a5d57c7-62f9-48cc-9b9e-b8d437d7c86d	X	3665555	5846924	1622	-0.0641
3a5d57c7-62f9-48cc-9b9e-b8d437d7c86d	X	5846937	5847065	4	1.1722
3a5d57c7-62f9-48cc-9b9e-b8d437d7c86d	X	5847634	5861539	31	0.3323
3a5d57c7-62f9-48cc-9b9e-b8d437d7c86d	X	5861556	10090587	3245	-0.0523
3a5d57c7-62f9-48cc-9b9e-b8d437d7c86d	X	10092183	10115067	19	-0.6643
3a5d57c7-62f9-48cc-9b9e-b8d437d7c86d	X	10115373	58271694	27669	-0.0544
3a5d57c7-62f9-48cc-9b9e-b8d437d7c86d	X	58272201	63193211	202	0.1407
3a5d57c7-62f9-48cc-9b9e-b8d437d7c86d	X	63250575	63270713	13	1.003
3a5d57c7-62f9-48cc-9b9e-b8d437d7c86d	X	63271760	63285991	8	0.411
3a5d57c7-62f9-48cc-9b9e-b8d437d7c86d	X	63297125	102556343	19469	-0.0625
3a5d57c7-62f9-48cc-9b9e-b8d437d7c86d	X	102556873	103906858	673	0.0487
3a5d57c7-62f9-48cc-9b9e-b8d437d7c86d	X	103907222	129265476	14299	-0.0736
3a5d57c7-62f9-48cc-9b9e-b8d437d7c86d	X	129266275	129364698	61	-1.1238
3a5d57c7-62f9-48cc-9b9e-b8d437d7c86d	X	129376659	131341789	1061	-0.0849
3a5d57c7-62f9-48cc-9b9e-b8d437d7c86d	X	131348893	131349191	3	1.3073
3a5d57c7-62f9-48cc-9b9e-b8d437d7c86d	X	131352821	131513131	90	-0.0773
3a5d57c7-62f9-48cc-9b9e-b8d437d7c86d	X	131513876	131514544	3	-1.5618
3a5d57c7-62f9-48cc-9b9e-b8d437d7c86d	X	131514661	142477778	6265	-0.0913
3a5d57c7-62f9-48cc-9b9e-b8d437d7c86d	X	142484161	147037925	3097	0.5244
3a5d57c7-62f9-48cc-9b9e-b8d437d7c86d	X	147038517	147038824	4	1.5894
3a5d57c7-62f9-48cc-9b9e-b8d437d7c86d	X	147042223	148203316	863	0.5256
3a5d57c7-62f9-48cc-9b9e-b8d437d7c86d	X	148203857	152672755	2819	0.8912
3a5d57c7-62f9-48cc-9b9e-b8d437d7c86d	X	152674889	153228848	361	0.7699
3a5d57c7-62f9-48cc-9b9e-b8d437d7c86d	X	153228968	154347748	430	0.9449
3a5d57c7-62f9-48cc-9b9e-b8d437d7c86d	X	154347869	154360216	30	0.5259
3a5d57c7-62f9-48cc-9b9e-b8d437d7c86d	X	154360244	154792289	164	0.905
3a5d57c7-62f9-48cc-9b9e-b8d437d7c86d	X	154796890	154802170	4	1.8207
3a5d57c7-62f9-48cc-9b9e-b8d437d7c86d	X	154802460	155553352	285	0.8634
3a5d57c7-62f9-48cc-9b9e-b8d437d7c86d	X	155554665	155591334	17	0.6206
3a5d57c7-62f9-48cc-9b9e-b8d437d7c86d	X	155597233	155952689	81	0.0129
3a5d57c7-62f9-48cc-9b9e-b8d437d7c86d	Y	2782397	56872112	6629	-1.1351
