GDC_Aliquot	Chromosome	Start	End	Num_Probes	Segment_Mean
c222b951-0d4d-42e1-8cf2-7011b4ba3b7d	1	3301765	6331253	2045	0.1049
c222b951-0d4d-42e1-8cf2-7011b4ba3b7d	1	6331561	47483126	21614	0.1304
c222b951-0d4d-42e1-8cf2-7011b4ba3b7d	1	47484154	55660063	4596	0.1081
c222b951-0d4d-42e1-8cf2-7011b4ba3b7d	1	55663431	55663693	2	-1.2064
c222b951-0d4d-42e1-8cf2-7011b4ba3b7d	1	55667795	68636551	9441	0.1104
c222b951-0d4d-42e1-8cf2-7011b4ba3b7d	1	68638583	83657595	8496	0.085
c222b951-0d4d-42e1-8cf2-7011b4ba3b7d	1	83657687	95878005	7735	0.1144
c222b951-0d4d-42e1-8cf2-7011b4ba3b7d	1	95878555	107169189	6311	0.0903
c222b951-0d4d-42e1-8cf2-7011b4ba3b7d	1	107171856	163484532	15598	0.1168
c222b951-0d4d-42e1-8cf2-7011b4ba3b7d	1	163488966	163490988	3	-0.937
c222b951-0d4d-42e1-8cf2-7011b4ba3b7d	1	163494587	187110000	15530	0.1058
c222b951-0d4d-42e1-8cf2-7011b4ba3b7d	1	187110829	197058476	5756	0.077
c222b951-0d4d-42e1-8cf2-7011b4ba3b7d	1	197058721	212748270	10228	0.1159
c222b951-0d4d-42e1-8cf2-7011b4ba3b7d	1	212749087	221896577	6284	0.085
c222b951-0d4d-42e1-8cf2-7011b4ba3b7d	1	221896824	236887382	9374	0.1171
c222b951-0d4d-42e1-8cf2-7011b4ba3b7d	1	236887651	242709407	4489	0.08
c222b951-0d4d-42e1-8cf2-7011b4ba3b7d	1	242710653	247650984	2313	0.099
c222b951-0d4d-42e1-8cf2-7011b4ba3b7d	2	480597	5989648	3115	-0.1132
c222b951-0d4d-42e1-8cf2-7011b4ba3b7d	2	5991327	76149514	41625	-0.0849
c222b951-0d4d-42e1-8cf2-7011b4ba3b7d	2	76151855	81719737	2945	-0.1118
c222b951-0d4d-42e1-8cf2-7011b4ba3b7d	2	81722839	81723371	2	-1.6305
c222b951-0d4d-42e1-8cf2-7011b4ba3b7d	2	81726408	85043600	1804	-0.1118
c222b951-0d4d-42e1-8cf2-7011b4ba3b7d	2	85047418	102035472	4537	-0.0703
c222b951-0d4d-42e1-8cf2-7011b4ba3b7d	2	102035651	141088902	20049	-0.0966
c222b951-0d4d-42e1-8cf2-7011b4ba3b7d	2	141089320	141091341	2	-1.3863
c222b951-0d4d-42e1-8cf2-7011b4ba3b7d	2	141091474	141289595	112	-0.133
c222b951-0d4d-42e1-8cf2-7011b4ba3b7d	2	141289875	141292379	2	-1.2754
c222b951-0d4d-42e1-8cf2-7011b4ba3b7d	2	141292566	144853180	2169	-0.0996
c222b951-0d4d-42e1-8cf2-7011b4ba3b7d	2	144854706	144858354	5	-0.9496
c222b951-0d4d-42e1-8cf2-7011b4ba3b7d	2	144859585	167566245	12999	-0.0964
c222b951-0d4d-42e1-8cf2-7011b4ba3b7d	2	167566635	172217577	2949	-0.0613
c222b951-0d4d-42e1-8cf2-7011b4ba3b7d	2	172217991	194154623	11947	-0.1027
c222b951-0d4d-42e1-8cf2-7011b4ba3b7d	2	194154756	194156048	3	-1.2326
c222b951-0d4d-42e1-8cf2-7011b4ba3b7d	2	194162424	209087846	8218	-0.0818
c222b951-0d4d-42e1-8cf2-7011b4ba3b7d	2	209096161	214541401	3215	-0.1145
c222b951-0d4d-42e1-8cf2-7011b4ba3b7d	2	214542021	230031484	9801	-0.0872
c222b951-0d4d-42e1-8cf2-7011b4ba3b7d	2	230033262	241537572	6756	-0.0659
c222b951-0d4d-42e1-8cf2-7011b4ba3b7d	3	2170634	73874917	43072	0.098
c222b951-0d4d-42e1-8cf2-7011b4ba3b7d	3	73874998	99070085	10826	0.0737
c222b951-0d4d-42e1-8cf2-7011b4ba3b7d	3	99071136	161859183	35097	0.0997
c222b951-0d4d-42e1-8cf2-7011b4ba3b7d	3	161862561	167637888	2387	0.0464
c222b951-0d4d-42e1-8cf2-7011b4ba3b7d	3	167641505	197812401	15846	0.0968
c222b951-0d4d-42e1-8cf2-7011b4ba3b7d	4	1059384	27983973	16977	0.0997
c222b951-0d4d-42e1-8cf2-7011b4ba3b7d	4	27986625	34723217	3933	0.0749
c222b951-0d4d-42e1-8cf2-7011b4ba3b7d	4	34723282	60500808	12930	0.1008
c222b951-0d4d-42e1-8cf2-7011b4ba3b7d	4	60501138	60507259	6	-0.5995
c222b951-0d4d-42e1-8cf2-7011b4ba3b7d	4	60514297	66296793	3023	0.0753
c222b951-0d4d-42e1-8cf2-7011b4ba3b7d	4	66297085	66301346	2	-1.5453
c222b951-0d4d-42e1-8cf2-7011b4ba3b7d	4	66301401	187842528	66681	0.0938
c222b951-0d4d-42e1-8cf2-7011b4ba3b7d	5	914118	17180494	10726	0.1078
c222b951-0d4d-42e1-8cf2-7011b4ba3b7d	5	17180593	31357067	7513	0.0814
c222b951-0d4d-42e1-8cf2-7011b4ba3b7d	5	31359352	45383300	7906	0.12
c222b951-0d4d-42e1-8cf2-7011b4ba3b7d	5	50828231	60805953	6290	-0.602
c222b951-0d4d-42e1-8cf2-7011b4ba3b7d	5	60812443	61810830	603	0.2899
c222b951-0d4d-42e1-8cf2-7011b4ba3b7d	5	61810846	62518686	362	0.4915
c222b951-0d4d-42e1-8cf2-7011b4ba3b7d	5	62519385	62542812	18	0.1772
c222b951-0d4d-42e1-8cf2-7011b4ba3b7d	5	62547076	62927613	257	0.5159
c222b951-0d4d-42e1-8cf2-7011b4ba3b7d	5	62929379	64075680	317	0.2521
c222b951-0d4d-42e1-8cf2-7011b4ba3b7d	5	64086158	68854249	3039	-0.5952
c222b951-0d4d-42e1-8cf2-7011b4ba3b7d	5	68857894	71758917	531	0.1365
c222b951-0d4d-42e1-8cf2-7011b4ba3b7d	5	71764385	71831970	35	-0.5591
c222b951-0d4d-42e1-8cf2-7011b4ba3b7d	5	71833311	71846779	18	0.1241
c222b951-0d4d-42e1-8cf2-7011b4ba3b7d	5	71848806	78329329	4032	-0.596
c222b951-0d4d-42e1-8cf2-7011b4ba3b7d	5	78332863	79044463	485	0.1266
c222b951-0d4d-42e1-8cf2-7011b4ba3b7d	5	79053114	79149648	55	-0.585
c222b951-0d4d-42e1-8cf2-7011b4ba3b7d	5	79196213	79401807	102	0.0941
c222b951-0d4d-42e1-8cf2-7011b4ba3b7d	5	79403713	80036118	372	-0.6301
c222b951-0d4d-42e1-8cf2-7011b4ba3b7d	5	80038088	151134286	39945	0.1048
c222b951-0d4d-42e1-8cf2-7011b4ba3b7d	5	151134296	151138507	2	-1.9636
c222b951-0d4d-42e1-8cf2-7011b4ba3b7d	5	151138971	170537609	12940	0.0952
c222b951-0d4d-42e1-8cf2-7011b4ba3b7d	5	170539665	170610778	60	-0.1298
c222b951-0d4d-42e1-8cf2-7011b4ba3b7d	5	170610918	180934240	5543	0.113
c222b951-0d4d-42e1-8cf2-7011b4ba3b7d	6	1011760	32950347	19418	-0.2788
c222b951-0d4d-42e1-8cf2-7011b4ba3b7d	6	32953997	45866474	7769	-0.2545
c222b951-0d4d-42e1-8cf2-7011b4ba3b7d	6	45869874	75816186	14938	-0.2882
c222b951-0d4d-42e1-8cf2-7011b4ba3b7d	6	75817857	78661494	1570	-0.3336
c222b951-0d4d-42e1-8cf2-7011b4ba3b7d	6	78664338	78665008	2	-1.8113
c222b951-0d4d-42e1-8cf2-7011b4ba3b7d	6	78665459	91249770	7276	-0.325
c222b951-0d4d-42e1-8cf2-7011b4ba3b7d	6	91250971	104542942	6838	-0.3488
c222b951-0d4d-42e1-8cf2-7011b4ba3b7d	6	104544520	112597328	4902	-0.3057
c222b951-0d4d-42e1-8cf2-7011b4ba3b7d	6	112597813	130750260	10345	-0.3337
c222b951-0d4d-42e1-8cf2-7011b4ba3b7d	6	130750289	142683216	7242	-0.3088
c222b951-0d4d-42e1-8cf2-7011b4ba3b7d	6	142684805	151492189	5843	-0.2734
c222b951-0d4d-42e1-8cf2-7011b4ba3b7d	6	151494959	151706820	145	0.0045
c222b951-0d4d-42e1-8cf2-7011b4ba3b7d	6	151707279	153239445	1203	-0.2929
c222b951-0d4d-42e1-8cf2-7011b4ba3b7d	6	153244391	153244519	2	-1.6983
c222b951-0d4d-42e1-8cf2-7011b4ba3b7d	6	153251378	154348783	782	-0.3194
c222b951-0d4d-42e1-8cf2-7011b4ba3b7d	6	154348875	159650812	3320	-0.2603
c222b951-0d4d-42e1-8cf2-7011b4ba3b7d	6	159653386	170596889	5588	-0.2988
c222b951-0d4d-42e1-8cf2-7011b4ba3b7d	7	664936	3591032	1136	0.1193
c222b951-0d4d-42e1-8cf2-7011b4ba3b7d	7	3591483	4211159	191	-0.043
c222b951-0d4d-42e1-8cf2-7011b4ba3b7d	7	4213648	91697304	44971	0.095
c222b951-0d4d-42e1-8cf2-7011b4ba3b7d	7	91697497	91705902	3	-1.4937
c222b951-0d4d-42e1-8cf2-7011b4ba3b7d	7	91709849	108744845	9014	0.1062
c222b951-0d4d-42e1-8cf2-7011b4ba3b7d	7	108745071	128979361	10678	0.0825
c222b951-0d4d-42e1-8cf2-7011b4ba3b7d	7	128979467	158592540	15978	0.1035
c222b951-0d4d-42e1-8cf2-7011b4ba3b7d	8	667625	1281561	187	0.5155
c222b951-0d4d-42e1-8cf2-7011b4ba3b7d	8	1290301	1866846	386	1.05
c222b951-0d4d-42e1-8cf2-7011b4ba3b7d	8	1872512	2131053	190	1.2223
c222b951-0d4d-42e1-8cf2-7011b4ba3b7d	8	2131151	2166022	24	1.0157
c222b951-0d4d-42e1-8cf2-7011b4ba3b7d	8	2849664	4351875	1117	1.4435
c222b951-0d4d-42e1-8cf2-7011b4ba3b7d	8	4352618	4594970	166	1.9944
c222b951-0d4d-42e1-8cf2-7011b4ba3b7d	8	4595678	4595699	2	0.2762
c222b951-0d4d-42e1-8cf2-7011b4ba3b7d	8	4595785	4782875	144	2.1906
c222b951-0d4d-42e1-8cf2-7011b4ba3b7d	8	4927010	17655492	6650	-0.6177
c222b951-0d4d-42e1-8cf2-7011b4ba3b7d	8	17658436	17658475	2	-2.5587
c222b951-0d4d-42e1-8cf2-7011b4ba3b7d	8	17661193	17679039	32	-4.8674
c222b951-0d4d-42e1-8cf2-7011b4ba3b7d	8	17681258	35635466	12157	-0.5991
c222b951-0d4d-42e1-8cf2-7011b4ba3b7d	8	35637914	35677123	32	2.2817
c222b951-0d4d-42e1-8cf2-7011b4ba3b7d	8	35690747	35711756	17	-0.6799
c222b951-0d4d-42e1-8cf2-7011b4ba3b7d	8	35712690	37189552	697	2.138
c222b951-0d4d-42e1-8cf2-7011b4ba3b7d	8	37189638	37189709	2	0.1364
c222b951-0d4d-42e1-8cf2-7011b4ba3b7d	8	37190115	37411423	183	2.0308
c222b951-0d4d-42e1-8cf2-7011b4ba3b7d	8	37415397	38248646	336	2.2114
c222b951-0d4d-42e1-8cf2-7011b4ba3b7d	8	38248747	38258196	14	1.7011
c222b951-0d4d-42e1-8cf2-7011b4ba3b7d	8	38259191	39688769	600	2.3559
c222b951-0d4d-42e1-8cf2-7011b4ba3b7d	8	39698139	40227158	380	1.6907
c222b951-0d4d-42e1-8cf2-7011b4ba3b7d	8	40227637	40284865	36	1.4145
c222b951-0d4d-42e1-8cf2-7011b4ba3b7d	8	40288165	40396346	99	0.8617
c222b951-0d4d-42e1-8cf2-7011b4ba3b7d	8	40396901	40810337	301	1.3494
c222b951-0d4d-42e1-8cf2-7011b4ba3b7d	8	40815729	42049600	769	0.8367
c222b951-0d4d-42e1-8cf2-7011b4ba3b7d	8	42059934	43080575	570	-0.551
c222b951-0d4d-42e1-8cf2-7011b4ba3b7d	8	46547532	61214713	8370	0.4191
c222b951-0d4d-42e1-8cf2-7011b4ba3b7d	8	61216148	63131825	1279	0.6417
c222b951-0d4d-42e1-8cf2-7011b4ba3b7d	8	63132115	77583468	8382	0.423
c222b951-0d4d-42e1-8cf2-7011b4ba3b7d	8	77612325	90867323	7115	0.638
c222b951-0d4d-42e1-8cf2-7011b4ba3b7d	8	90874797	92862707	1066	0.4068
c222b951-0d4d-42e1-8cf2-7011b4ba3b7d	8	92865193	104305384	6796	0.6439
c222b951-0d4d-42e1-8cf2-7011b4ba3b7d	8	104305666	118062338	7447	0.6251
c222b951-0d4d-42e1-8cf2-7011b4ba3b7d	8	118063438	135659416	12497	0.6478
c222b951-0d4d-42e1-8cf2-7011b4ba3b7d	8	135659678	138737515	2219	0.6045
c222b951-0d4d-42e1-8cf2-7011b4ba3b7d	8	138739059	144182542	1994	0.6397
c222b951-0d4d-42e1-8cf2-7011b4ba3b7d	9	789794	7613132	4159	-0.3688
c222b951-0d4d-42e1-8cf2-7011b4ba3b7d	9	7615373	9664440	1361	-0.3827
c222b951-0d4d-42e1-8cf2-7011b4ba3b7d	9	9666083	10014143	161	-0.511
c222b951-0d4d-42e1-8cf2-7011b4ba3b7d	9	10014322	10741174	391	-0.388
c222b951-0d4d-42e1-8cf2-7011b4ba3b7d	9	10741198	11114571	190	-0.5595
c222b951-0d4d-42e1-8cf2-7011b4ba3b7d	9	11122101	14864725	1915	-0.3853
c222b951-0d4d-42e1-8cf2-7011b4ba3b7d	9	14864762	15225102	217	-0.5441
c222b951-0d4d-42e1-8cf2-7011b4ba3b7d	9	15225190	19585578	3554	-0.3667
c222b951-0d4d-42e1-8cf2-7011b4ba3b7d	9	19589483	19746628	142	-0.5718
c222b951-0d4d-42e1-8cf2-7011b4ba3b7d	9	19746641	23922419	2899	-0.3758
c222b951-0d4d-42e1-8cf2-7011b4ba3b7d	9	23927069	25174280	748	-0.4623
c222b951-0d4d-42e1-8cf2-7011b4ba3b7d	9	25175468	28376007	1918	-0.3967
c222b951-0d4d-42e1-8cf2-7011b4ba3b7d	9	28376900	29173833	252	-0.5682
c222b951-0d4d-42e1-8cf2-7011b4ba3b7d	9	29174713	32760622	2049	-0.3916
c222b951-0d4d-42e1-8cf2-7011b4ba3b7d	9	32762446	36753398	2207	-0.3344
c222b951-0d4d-42e1-8cf2-7011b4ba3b7d	9	36758833	122111674	37907	-0.3658
c222b951-0d4d-42e1-8cf2-7011b4ba3b7d	9	122112743	138044505	8428	-0.3434
c222b951-0d4d-42e1-8cf2-7011b4ba3b7d	10	366509	4232215	2314	0.0985
c222b951-0d4d-42e1-8cf2-7011b4ba3b7d	10	4233541	18020374	10489	0.1178
c222b951-0d4d-42e1-8cf2-7011b4ba3b7d	10	18020606	53492627	18942	0.0969
c222b951-0d4d-42e1-8cf2-7011b4ba3b7d	10	53511304	53746286	102	-0.9219
c222b951-0d4d-42e1-8cf2-7011b4ba3b7d	10	53746857	57705196	2006	0.058
c222b951-0d4d-42e1-8cf2-7011b4ba3b7d	10	57705879	60276842	1883	0.0963
c222b951-0d4d-42e1-8cf2-7011b4ba3b7d	10	60279427	60279615	2	-1.0462
c222b951-0d4d-42e1-8cf2-7011b4ba3b7d	10	60279896	63831176	2217	0.1129
c222b951-0d4d-42e1-8cf2-7011b4ba3b7d	10	63831480	66848362	1703	0.0503
c222b951-0d4d-42e1-8cf2-7011b4ba3b7d	10	66848450	133411599	41683	0.1044
c222b951-0d4d-42e1-8cf2-7011b4ba3b7d	11	456012	3009762	827	0.0602
c222b951-0d4d-42e1-8cf2-7011b4ba3b7d	11	3010945	15187960	8200	0.0938
c222b951-0d4d-42e1-8cf2-7011b4ba3b7d	11	15188993	56247303	21646	0.0693
c222b951-0d4d-42e1-8cf2-7011b4ba3b7d	11	56249017	58405702	1270	-0.2775
c222b951-0d4d-42e1-8cf2-7011b4ba3b7d	11	58406907	62573099	2248	-0.5731
c222b951-0d4d-42e1-8cf2-7011b4ba3b7d	11	62583686	63610356	531	-0.1001
c222b951-0d4d-42e1-8cf2-7011b4ba3b7d	11	63611777	63899472	86	0.2658
c222b951-0d4d-42e1-8cf2-7011b4ba3b7d	11	63901899	64205924	105	-0.1294
c222b951-0d4d-42e1-8cf2-7011b4ba3b7d	11	64216132	64304772	21	-0.6647
c222b951-0d4d-42e1-8cf2-7011b4ba3b7d	11	64309089	64462685	73	-0.2259
c222b951-0d4d-42e1-8cf2-7011b4ba3b7d	11	64464423	64557737	52	-0.5879
c222b951-0d4d-42e1-8cf2-7011b4ba3b7d	11	64564446	66081805	178	-0.2393
c222b951-0d4d-42e1-8cf2-7011b4ba3b7d	11	66087670	66124327	22	0.176
c222b951-0d4d-42e1-8cf2-7011b4ba3b7d	11	66127182	66402205	115	-0.2326
c222b951-0d4d-42e1-8cf2-7011b4ba3b7d	11	66403140	67220355	280	-0.0027
c222b951-0d4d-42e1-8cf2-7011b4ba3b7d	11	67221477	68621934	391	-0.2681
c222b951-0d4d-42e1-8cf2-7011b4ba3b7d	11	68637532	68727650	41	-0.0134
c222b951-0d4d-42e1-8cf2-7011b4ba3b7d	11	68727713	68762850	18	0.2146
c222b951-0d4d-42e1-8cf2-7011b4ba3b7d	11	68764920	69081823	165	0.3593
c222b951-0d4d-42e1-8cf2-7011b4ba3b7d	11	69085565	69179390	89	0.4931
c222b951-0d4d-42e1-8cf2-7011b4ba3b7d	11	69179860	69233785	41	0.7038
c222b951-0d4d-42e1-8cf2-7011b4ba3b7d	11	69235483	69404387	95	0.5373
c222b951-0d4d-42e1-8cf2-7011b4ba3b7d	11	69404759	70553041	630	0.9689
c222b951-0d4d-42e1-8cf2-7011b4ba3b7d	11	70553754	71406871	493	0.5892
c222b951-0d4d-42e1-8cf2-7011b4ba3b7d	11	71407522	71652965	144	0.3776
c222b951-0d4d-42e1-8cf2-7011b4ba3b7d	11	71653061	71816501	25	0.1903
c222b951-0d4d-42e1-8cf2-7011b4ba3b7d	11	71816650	73852102	910	-0.2491
c222b951-0d4d-42e1-8cf2-7011b4ba3b7d	11	73854595	74257791	200	-0.5546
c222b951-0d4d-42e1-8cf2-7011b4ba3b7d	11	74260358	75363603	650	0.1963
c222b951-0d4d-42e1-8cf2-7011b4ba3b7d	11	75368056	75575146	121	-0.1457
c222b951-0d4d-42e1-8cf2-7011b4ba3b7d	11	75576296	75767569	134	0.2216
c222b951-0d4d-42e1-8cf2-7011b4ba3b7d	11	75769882	118409969	26835	-0.597
c222b951-0d4d-42e1-8cf2-7011b4ba3b7d	11	118410212	118779310	300	-0.4611
c222b951-0d4d-42e1-8cf2-7011b4ba3b7d	11	118780765	134272740	10643	-0.5954
c222b951-0d4d-42e1-8cf2-7011b4ba3b7d	12	780472	15746316	8525	0.1241
c222b951-0d4d-42e1-8cf2-7011b4ba3b7d	12	15746601	19654349	2321	0.0762
c222b951-0d4d-42e1-8cf2-7011b4ba3b7d	12	19654568	42682203	11265	0.1058
c222b951-0d4d-42e1-8cf2-7011b4ba3b7d	12	42686738	45532485	1304	0.0781
c222b951-0d4d-42e1-8cf2-7011b4ba3b7d	12	45533133	47132947	927	0.1549
c222b951-0d4d-42e1-8cf2-7011b4ba3b7d	12	47133816	47134025	2	1.137
c222b951-0d4d-42e1-8cf2-7011b4ba3b7d	12	47134590	48513377	804	0.1252
c222b951-0d4d-42e1-8cf2-7011b4ba3b7d	12	48516156	48517434	2	-1.3789
c222b951-0d4d-42e1-8cf2-7011b4ba3b7d	12	48523224	58164521	4909	0.1252
c222b951-0d4d-42e1-8cf2-7011b4ba3b7d	12	58164558	67013494	5442	0.0971
c222b951-0d4d-42e1-8cf2-7011b4ba3b7d	12	67015411	69672500	1922	0.1315
c222b951-0d4d-42e1-8cf2-7011b4ba3b7d	12	69675086	88412252	11004	0.0907
c222b951-0d4d-42e1-8cf2-7011b4ba3b7d	12	88413721	131551883	25663	0.112
c222b951-0d4d-42e1-8cf2-7011b4ba3b7d	12	131552315	132105630	241	0.247
c222b951-0d4d-42e1-8cf2-7011b4ba3b7d	12	132106128	132605822	44	0.1316
c222b951-0d4d-42e1-8cf2-7011b4ba3b7d	13	18874255	52007377	20294	0.1027
c222b951-0d4d-42e1-8cf2-7011b4ba3b7d	13	52015355	73107579	10584	0.0585
c222b951-0d4d-42e1-8cf2-7011b4ba3b7d	13	73110620	79440309	4334	0.0852
c222b951-0d4d-42e1-8cf2-7011b4ba3b7d	13	79442718	94478640	8944	0.0593
c222b951-0d4d-42e1-8cf2-7011b4ba3b7d	13	94479309	101684721	4626	0.0911
c222b951-0d4d-42e1-8cf2-7011b4ba3b7d	13	101689420	112425877	7616	0.071
c222b951-0d4d-42e1-8cf2-7011b4ba3b7d	13	112426142	113616440	501	0.1034
c222b951-0d4d-42e1-8cf2-7011b4ba3b7d	13	113617056	113618571	4	-0.4175
c222b951-0d4d-42e1-8cf2-7011b4ba3b7d	13	113623226	114226675	122	0.1167
c222b951-0d4d-42e1-8cf2-7011b4ba3b7d	14	20033191	40471904	11164	0.1007
c222b951-0d4d-42e1-8cf2-7011b4ba3b7d	14	40472868	49439621	4020	0.0696
c222b951-0d4d-42e1-8cf2-7011b4ba3b7d	14	49439765	78844094	18387	0.1153
c222b951-0d4d-42e1-8cf2-7011b4ba3b7d	14	78847165	87831908	5733	0.0736
c222b951-0d4d-42e1-8cf2-7011b4ba3b7d	14	87832841	105533894	10509	0.1181
c222b951-0d4d-42e1-8cf2-7011b4ba3b7d	15	23437561	42120093	9390	-0.1038
c222b951-0d4d-42e1-8cf2-7011b4ba3b7d	15	42120408	85179980	25386	-0.0838
c222b951-0d4d-42e1-8cf2-7011b4ba3b7d	15	85180266	90609679	3353	-0.1205
c222b951-0d4d-42e1-8cf2-7011b4ba3b7d	15	90609970	92717828	1686	-0.0736
c222b951-0d4d-42e1-8cf2-7011b4ba3b7d	15	92717886	101344124	4987	-0.1151
c222b951-0d4d-42e1-8cf2-7011b4ba3b7d	16	603333	57956331	21627	0.1123
c222b951-0d4d-42e1-8cf2-7011b4ba3b7d	16	57958833	57959135	2	2.0241
c222b951-0d4d-42e1-8cf2-7011b4ba3b7d	16	57962176	59013008	641	0.1159
c222b951-0d4d-42e1-8cf2-7011b4ba3b7d	16	59016259	65255830	4004	0.0788
c222b951-0d4d-42e1-8cf2-7011b4ba3b7d	16	65258236	89317317	14956	0.1167
c222b951-0d4d-42e1-8cf2-7011b4ba3b7d	17	1074619	1330752	43	-0.5141
c222b951-0d4d-42e1-8cf2-7011b4ba3b7d	17	1330977	1618676	124	-0.2524
c222b951-0d4d-42e1-8cf2-7011b4ba3b7d	17	1619493	1804724	88	-0.5418
c222b951-0d4d-42e1-8cf2-7011b4ba3b7d	17	1810639	4108308	1130	-0.25
c222b951-0d4d-42e1-8cf2-7011b4ba3b7d	17	4108501	26949301	8355	-0.5672
c222b951-0d4d-42e1-8cf2-7011b4ba3b7d	17	26955079	27217862	68	-0.2131
c222b951-0d4d-42e1-8cf2-7011b4ba3b7d	17	27220417	27709503	276	0.3642
c222b951-0d4d-42e1-8cf2-7011b4ba3b7d	17	27718804	28322841	322	-0.2215
c222b951-0d4d-42e1-8cf2-7011b4ba3b7d	17	28331136	29201085	367	0.6086
c222b951-0d4d-42e1-8cf2-7011b4ba3b7d	17	29201365	29404199	98	0.7762
c222b951-0d4d-42e1-8cf2-7011b4ba3b7d	17	29408699	29495783	31	0.6251
c222b951-0d4d-42e1-8cf2-7011b4ba3b7d	17	29500350	29635375	55	0.3784
c222b951-0d4d-42e1-8cf2-7011b4ba3b7d	17	29640696	29894988	109	-0.2131
c222b951-0d4d-42e1-8cf2-7011b4ba3b7d	17	29901674	29970359	26	0.1259
c222b951-0d4d-42e1-8cf2-7011b4ba3b7d	17	29983705	30478928	233	-0.2238
c222b951-0d4d-42e1-8cf2-7011b4ba3b7d	17	30480432	30625268	70	0.5547
c222b951-0d4d-42e1-8cf2-7011b4ba3b7d	17	30848226	30887523	11	1.0363
c222b951-0d4d-42e1-8cf2-7011b4ba3b7d	17	30888624	31006498	50	0.7096
c222b951-0d4d-42e1-8cf2-7011b4ba3b7d	17	31009319	31455652	185	0.099
c222b951-0d4d-42e1-8cf2-7011b4ba3b7d	17	31456068	32059530	306	-0.1421
c222b951-0d4d-42e1-8cf2-7011b4ba3b7d	17	32081608	32148412	29	0.11
c222b951-0d4d-42e1-8cf2-7011b4ba3b7d	17	32153161	32184377	23	0.4661
c222b951-0d4d-42e1-8cf2-7011b4ba3b7d	17	32186096	32275119	64	0.2308
c222b951-0d4d-42e1-8cf2-7011b4ba3b7d	17	32275698	32806792	281	-0.1117
c222b951-0d4d-42e1-8cf2-7011b4ba3b7d	17	32807544	33626837	752	0.2262
c222b951-0d4d-42e1-8cf2-7011b4ba3b7d	17	33628134	34616624	7	-0.0338
c222b951-0d4d-42e1-8cf2-7011b4ba3b7d	17	34617146	34683539	43	-0.5934
c222b951-0d4d-42e1-8cf2-7011b4ba3b7d	17	34684295	35089986	250	-0.1347
c222b951-0d4d-42e1-8cf2-7011b4ba3b7d	17	35095139	35137845	26	0.2072
c222b951-0d4d-42e1-8cf2-7011b4ba3b7d	17	35138854	35728523	295	-0.102
c222b951-0d4d-42e1-8cf2-7011b4ba3b7d	17	35728624	35817153	43	0.2602
c222b951-0d4d-42e1-8cf2-7011b4ba3b7d	17	35821940	37667147	843	-0.1237
c222b951-0d4d-42e1-8cf2-7011b4ba3b7d	17	37668223	38310064	103	0.5386
c222b951-0d4d-42e1-8cf2-7011b4ba3b7d	17	38312348	39814112	724	-0.1269
c222b951-0d4d-42e1-8cf2-7011b4ba3b7d	17	39854562	40511923	281	-0.4729
c222b951-0d4d-42e1-8cf2-7011b4ba3b7d	17	40514076	40745513	125	-0.2244
c222b951-0d4d-42e1-8cf2-7011b4ba3b7d	17	40747454	50741880	4217	-0.5347
c222b951-0d4d-42e1-8cf2-7011b4ba3b7d	17	50747561	57836665	4563	-0.5885
c222b951-0d4d-42e1-8cf2-7011b4ba3b7d	17	57837367	59530168	783	-0.5116
c222b951-0d4d-42e1-8cf2-7011b4ba3b7d	17	59539052	59755584	97	-0.1337
c222b951-0d4d-42e1-8cf2-7011b4ba3b7d	17	59760458	62336047	1243	-0.5436
c222b951-0d4d-42e1-8cf2-7011b4ba3b7d	17	62338740	62699975	133	-0.0948
c222b951-0d4d-42e1-8cf2-7011b4ba3b7d	17	62701571	62795399	55	-0.5411
c222b951-0d4d-42e1-8cf2-7011b4ba3b7d	17	62800148	63852503	468	-0.1234
c222b951-0d4d-42e1-8cf2-7011b4ba3b7d	17	63855553	64548762	331	0.2137
c222b951-0d4d-42e1-8cf2-7011b4ba3b7d	17	64551697	65036829	169	-0.1198
c222b951-0d4d-42e1-8cf2-7011b4ba3b7d	17	65037416	67426338	1533	0.2528
c222b951-0d4d-42e1-8cf2-7011b4ba3b7d	17	67426884	68229044	342	0.3711
c222b951-0d4d-42e1-8cf2-7011b4ba3b7d	17	68229216	68306301	44	0.1038
c222b951-0d4d-42e1-8cf2-7011b4ba3b7d	17	68316045	68876661	418	0.4284
c222b951-0d4d-42e1-8cf2-7011b4ba3b7d	17	68879819	69446727	337	0.1756
c222b951-0d4d-42e1-8cf2-7011b4ba3b7d	17	69446789	70853537	979	-0.286
c222b951-0d4d-42e1-8cf2-7011b4ba3b7d	17	70854361	71205313	317	-0.0459
c222b951-0d4d-42e1-8cf2-7011b4ba3b7d	17	71205670	72108298	685	0.2893
c222b951-0d4d-42e1-8cf2-7011b4ba3b7d	17	72110815	72256844	113	0.524
c222b951-0d4d-42e1-8cf2-7011b4ba3b7d	17	72257758	72773952	427	0.7302
c222b951-0d4d-42e1-8cf2-7011b4ba3b7d	17	72774808	72921232	138	0.423
c222b951-0d4d-42e1-8cf2-7011b4ba3b7d	17	72922257	73158377	170	0.2952
c222b951-0d4d-42e1-8cf2-7011b4ba3b7d	17	73159986	73304051	81	0.4837
c222b951-0d4d-42e1-8cf2-7011b4ba3b7d	17	73308722	77318404	1552	1.0026
c222b951-0d4d-42e1-8cf2-7011b4ba3b7d	17	77320744	78033154	329	0.8532
c222b951-0d4d-42e1-8cf2-7011b4ba3b7d	17	78033188	78221902	100	0.9574
c222b951-0d4d-42e1-8cf2-7011b4ba3b7d	17	78223510	78816758	193	1.1747
c222b951-0d4d-42e1-8cf2-7011b4ba3b7d	17	78817224	79108711	151	0.9659
c222b951-0d4d-42e1-8cf2-7011b4ba3b7d	17	79111985	79245328	46	0.6411
c222b951-0d4d-42e1-8cf2-7011b4ba3b7d	17	79245485	79254965	9	0.2836
c222b951-0d4d-42e1-8cf2-7011b4ba3b7d	17	79255108	79792183	210	0.6515
c222b951-0d4d-42e1-8cf2-7011b4ba3b7d	17	79796051	80396290	310	0.4121
c222b951-0d4d-42e1-8cf2-7011b4ba3b7d	17	80399457	80880339	248	0.1874
c222b951-0d4d-42e1-8cf2-7011b4ba3b7d	17	80880423	81886944	266	0.4006
c222b951-0d4d-42e1-8cf2-7011b4ba3b7d	17	81896908	82343577	71	0.155
c222b951-0d4d-42e1-8cf2-7011b4ba3b7d	17	82358420	82959812	318	0.3571
c222b951-0d4d-42e1-8cf2-7011b4ba3b7d	18	326691	4451489	2085	0.1131
c222b951-0d4d-42e1-8cf2-7011b4ba3b7d	18	4453498	4453640	2	-0.887
c222b951-0d4d-42e1-8cf2-7011b4ba3b7d	18	4464955	10637527	3984	0.101
c222b951-0d4d-42e1-8cf2-7011b4ba3b7d	18	10641059	10648033	5	-0.8111
c222b951-0d4d-42e1-8cf2-7011b4ba3b7d	18	10648217	79349796	36907	0.0972
c222b951-0d4d-42e1-8cf2-7011b4ba3b7d	19	283868	34818915	14017	0.1043
c222b951-0d4d-42e1-8cf2-7011b4ba3b7d	19	34820748	34821066	2	-1.1599
c222b951-0d4d-42e1-8cf2-7011b4ba3b7d	19	34821158	41383355	3165	0.111
c222b951-0d4d-42e1-8cf2-7011b4ba3b7d	19	41387513	46285078	1977	1.0424
c222b951-0d4d-42e1-8cf2-7011b4ba3b7d	19	46294573	49578115	1350	-0.548
c222b951-0d4d-42e1-8cf2-7011b4ba3b7d	19	49587467	55013218	1906	1.0262
c222b951-0d4d-42e1-8cf2-7011b4ba3b7d	19	55013384	57289047	1199	1.2185
c222b951-0d4d-42e1-8cf2-7011b4ba3b7d	19	57291691	58370362	541	0.525
c222b951-0d4d-42e1-8cf2-7011b4ba3b7d	20	472817	31589909	17138	0.1072
c222b951-0d4d-42e1-8cf2-7011b4ba3b7d	20	31590243	54716313	14362	0.1277
c222b951-0d4d-42e1-8cf2-7011b4ba3b7d	20	54716545	63588502	6065	0.1064
c222b951-0d4d-42e1-8cf2-7011b4ba3b7d	21	13974127	15929993	1189	0.1163
c222b951-0d4d-42e1-8cf2-7011b4ba3b7d	21	15939389	27655655	7619	0.0874
c222b951-0d4d-42e1-8cf2-7011b4ba3b7d	21	27660675	27660818	3	-0.9986
c222b951-0d4d-42e1-8cf2-7011b4ba3b7d	21	27664460	28391982	372	0.0983
c222b951-0d4d-42e1-8cf2-7011b4ba3b7d	21	28392017	46262057	11423	0.1186
c222b951-0d4d-42e1-8cf2-7011b4ba3b7d	22	16934932	39429456	10970	-0.5699
c222b951-0d4d-42e1-8cf2-7011b4ba3b7d	22	39430783	41661743	1133	-0.4913
c222b951-0d4d-42e1-8cf2-7011b4ba3b7d	22	41662157	48940621	4973	-0.5989
c222b951-0d4d-42e1-8cf2-7011b4ba3b7d	X	3236359	37605637	15322	0.0112
c222b951-0d4d-42e1-8cf2-7011b4ba3b7d	X	37610221	45926783	4013	0.0322
c222b951-0d4d-42e1-8cf2-7011b4ba3b7d	X	45927611	45929042	2	-1.1765
c222b951-0d4d-42e1-8cf2-7011b4ba3b7d	X	45935054	56214954	3954	0.0217
c222b951-0d4d-42e1-8cf2-7011b4ba3b7d	X	56215526	155677414	40708	0.004
