GDC_Aliquot	Chromosome	Start	End	Num_Probes	Segment_Mean
c2ab364e-16f8-47de-a506-35ec95fcd29d	1	3301765	28639469	13549	0.0132
c2ab364e-16f8-47de-a506-35ec95fcd29d	1	28640324	31729469	1771	0.1903
c2ab364e-16f8-47de-a506-35ec95fcd29d	1	31731827	48358735	8972	0.0239
c2ab364e-16f8-47de-a506-35ec95fcd29d	1	48359100	70062082	14177	0.0393
c2ab364e-16f8-47de-a506-35ec95fcd29d	1	70066692	70139284	49	0.3611
c2ab364e-16f8-47de-a506-35ec95fcd29d	1	70140536	114711099	26270	0.0387
c2ab364e-16f8-47de-a506-35ec95fcd29d	1	114711236	247650984	65017	0.0211
c2ab364e-16f8-47de-a506-35ec95fcd29d	2	480597	51309666	30659	0.0232
c2ab364e-16f8-47de-a506-35ec95fcd29d	2	51311298	51313307	2	-1.7421
c2ab364e-16f8-47de-a506-35ec95fcd29d	2	51320013	105529850	25576	0.0268
c2ab364e-16f8-47de-a506-35ec95fcd29d	2	105529918	105535647	2	-1.7446
c2ab364e-16f8-47de-a506-35ec95fcd29d	2	105535795	158599723	27978	0.0236
c2ab364e-16f8-47de-a506-35ec95fcd29d	2	158600676	158646021	31	0.3965
c2ab364e-16f8-47de-a506-35ec95fcd29d	2	158646863	160111365	962	0.0063
c2ab364e-16f8-47de-a506-35ec95fcd29d	2	160111934	160408588	174	0.1943
c2ab364e-16f8-47de-a506-35ec95fcd29d	2	160411984	230676622	40489	0.0248
c2ab364e-16f8-47de-a506-35ec95fcd29d	2	230677358	240486465	5879	-0.005
c2ab364e-16f8-47de-a506-35ec95fcd29d	2	240486825	241537572	500	0.0292
c2ab364e-16f8-47de-a506-35ec95fcd29d	3	2170634	170076113	92849	-0.1492
c2ab364e-16f8-47de-a506-35ec95fcd29d	3	170079183	175360729	2894	0.0449
c2ab364e-16f8-47de-a506-35ec95fcd29d	3	176041258	184183404	4003	0.4822
c2ab364e-16f8-47de-a506-35ec95fcd29d	3	184183601	189370916	3341	0.0343
c2ab364e-16f8-47de-a506-35ec95fcd29d	3	189372316	189372662	2	1.3717
c2ab364e-16f8-47de-a506-35ec95fcd29d	3	189376519	197350996	4024	0.0292
c2ab364e-16f8-47de-a506-35ec95fcd29d	3	197351037	197352400	2	-1.4704
c2ab364e-16f8-47de-a506-35ec95fcd29d	3	197352715	197812401	90	0.0008
c2ab364e-16f8-47de-a506-35ec95fcd29d	4	1059384	4252068	1165	0.3247
c2ab364e-16f8-47de-a506-35ec95fcd29d	4	4255528	4266304	17	0.7957
c2ab364e-16f8-47de-a506-35ec95fcd29d	4	4270956	4272625	2	-0.0167
c2ab364e-16f8-47de-a506-35ec95fcd29d	4	4274294	48067890	27181	-0.386
c2ab364e-16f8-47de-a506-35ec95fcd29d	4	51832470	67977123	9520	0.3691
c2ab364e-16f8-47de-a506-35ec95fcd29d	4	68119088	70387268	673	-0.373
c2ab364e-16f8-47de-a506-35ec95fcd29d	4	70394822	70562007	121	0.3415
c2ab364e-16f8-47de-a506-35ec95fcd29d	4	70565567	71158000	259	-0.3566
c2ab364e-16f8-47de-a506-35ec95fcd29d	4	71161759	71514600	182	0.3762
c2ab364e-16f8-47de-a506-35ec95fcd29d	4	71519326	71881520	173	-0.3569
c2ab364e-16f8-47de-a506-35ec95fcd29d	4	71883101	71994008	59	0.3717
c2ab364e-16f8-47de-a506-35ec95fcd29d	4	72007836	72361636	204	-0.4094
c2ab364e-16f8-47de-a506-35ec95fcd29d	4	72364731	73269272	540	0.4002
c2ab364e-16f8-47de-a506-35ec95fcd29d	4	73269964	88002468	9010	-0.3747
c2ab364e-16f8-47de-a506-35ec95fcd29d	4	88002823	180263185	50872	-0.1477
c2ab364e-16f8-47de-a506-35ec95fcd29d	4	180263760	187842528	3539	-0.3851
c2ab364e-16f8-47de-a506-35ec95fcd29d	5	913983	37233335	21621	0.196
c2ab364e-16f8-47de-a506-35ec95fcd29d	5	37236142	38416357	682	-0.1572
c2ab364e-16f8-47de-a506-35ec95fcd29d	5	38416845	39677033	884	0.2215
c2ab364e-16f8-47de-a506-35ec95fcd29d	5	39678696	39959091	171	-0.1322
c2ab364e-16f8-47de-a506-35ec95fcd29d	5	39959576	40157931	134	0.2039
c2ab364e-16f8-47de-a506-35ec95fcd29d	5	40159334	40183118	22	-0.1183
c2ab364e-16f8-47de-a506-35ec95fcd29d	5	40184292	40375805	116	0.2568
c2ab364e-16f8-47de-a506-35ec95fcd29d	5	40376600	40641881	151	-0.165
c2ab364e-16f8-47de-a506-35ec95fcd29d	5	40642195	45378354	2364	0.2187
c2ab364e-16f8-47de-a506-35ec95fcd29d	5	45383300	51892775	553	-0.1413
c2ab364e-16f8-47de-a506-35ec95fcd29d	5	51895480	52143852	138	0.256
c2ab364e-16f8-47de-a506-35ec95fcd29d	5	52148373	62704181	6670	-0.138
c2ab364e-16f8-47de-a506-35ec95fcd29d	5	62704339	62704674	2	-1.8468
c2ab364e-16f8-47de-a506-35ec95fcd29d	5	62705292	83924249	11438	-0.1453
c2ab364e-16f8-47de-a506-35ec95fcd29d	5	83925001	83927906	5	-1.3104
c2ab364e-16f8-47de-a506-35ec95fcd29d	5	83928354	147835918	35470	-0.1422
c2ab364e-16f8-47de-a506-35ec95fcd29d	5	147836957	152199363	2966	0.0464
c2ab364e-16f8-47de-a506-35ec95fcd29d	5	152203251	152203849	4	-1.7716
c2ab364e-16f8-47de-a506-35ec95fcd29d	5	152205566	180934240	17759	0.0536
c2ab364e-16f8-47de-a506-35ec95fcd29d	6	1011760	3164884	1645	-0.2038
c2ab364e-16f8-47de-a506-35ec95fcd29d	6	3166894	4851970	1067	0.4451
c2ab364e-16f8-47de-a506-35ec95fcd29d	6	4852050	5245041	342	0.5631
c2ab364e-16f8-47de-a506-35ec95fcd29d	6	5245885	5486095	155	0.6132
c2ab364e-16f8-47de-a506-35ec95fcd29d	6	5491786	6925213	1181	0.7371
c2ab364e-16f8-47de-a506-35ec95fcd29d	6	6925528	7251646	232	0.6621
c2ab364e-16f8-47de-a506-35ec95fcd29d	6	7252437	7627001	240	0.5704
c2ab364e-16f8-47de-a506-35ec95fcd29d	6	7627051	8430492	638	0.7044
c2ab364e-16f8-47de-a506-35ec95fcd29d	6	8430505	8521283	56	0.565
c2ab364e-16f8-47de-a506-35ec95fcd29d	6	8523464	30147765	13447	0.4683
c2ab364e-16f8-47de-a506-35ec95fcd29d	6	30148301	37788935	3085	0.4313
c2ab364e-16f8-47de-a506-35ec95fcd29d	6	37791100	46517898	5464	0.464
c2ab364e-16f8-47de-a506-35ec95fcd29d	6	46518034	48735860	1412	0.7018
c2ab364e-16f8-47de-a506-35ec95fcd29d	6	48745753	78093229	14492	0.1848
c2ab364e-16f8-47de-a506-35ec95fcd29d	6	78093893	78345474	28	-0.1784
c2ab364e-16f8-47de-a506-35ec95fcd29d	6	78345489	170596889	53723	0.1744
c2ab364e-16f8-47de-a506-35ec95fcd29d	7	664936	7418321	2596	-0.1595
c2ab364e-16f8-47de-a506-35ec95fcd29d	7	7418424	7419158	3	-1.4135
c2ab364e-16f8-47de-a506-35ec95fcd29d	7	7424868	11257497	1717	-0.1501
c2ab364e-16f8-47de-a506-35ec95fcd29d	7	11257707	11257844	5	-1.5582
c2ab364e-16f8-47de-a506-35ec95fcd29d	7	11260397	16584205	3864	-0.1528
c2ab364e-16f8-47de-a506-35ec95fcd29d	7	16585540	17759717	309	0.049
c2ab364e-16f8-47de-a506-35ec95fcd29d	7	17759976	21446118	2042	-0.1525
c2ab364e-16f8-47de-a506-35ec95fcd29d	7	21446332	21537699	51	0.0735
c2ab364e-16f8-47de-a506-35ec95fcd29d	7	21538034	21860445	275	-0.1634
c2ab364e-16f8-47de-a506-35ec95fcd29d	7	21860570	22538771	493	0.0516
c2ab364e-16f8-47de-a506-35ec95fcd29d	7	22541308	22732641	148	-0.1887
c2ab364e-16f8-47de-a506-35ec95fcd29d	7	22733033	23487680	510	0.062
c2ab364e-16f8-47de-a506-35ec95fcd29d	7	23495923	24892727	1052	-0.1431
c2ab364e-16f8-47de-a506-35ec95fcd29d	7	24892747	25092139	149	0.0501
c2ab364e-16f8-47de-a506-35ec95fcd29d	7	25092564	25900055	655	-0.165
c2ab364e-16f8-47de-a506-35ec95fcd29d	7	25900766	26664020	480	0.0426
c2ab364e-16f8-47de-a506-35ec95fcd29d	7	26679458	28163523	910	-0.1699
c2ab364e-16f8-47de-a506-35ec95fcd29d	7	28165527	28367359	158	0.0554
c2ab364e-16f8-47de-a506-35ec95fcd29d	7	28368491	36394824	5084	-0.1529
c2ab364e-16f8-47de-a506-35ec95fcd29d	7	36397297	37302002	687	0.0385
c2ab364e-16f8-47de-a506-35ec95fcd29d	7	37302646	40784908	2175	-0.1544
c2ab364e-16f8-47de-a506-35ec95fcd29d	7	40785307	158592540	58603	0.0375
c2ab364e-16f8-47de-a506-35ec95fcd29d	8	667625	37098879	21744	-0.4009
c2ab364e-16f8-47de-a506-35ec95fcd29d	8	37105090	38034774	495	0.3463
c2ab364e-16f8-47de-a506-35ec95fcd29d	8	38040266	38282222	111	0.1421
c2ab364e-16f8-47de-a506-35ec95fcd29d	8	38286684	38883657	276	0.4691
c2ab364e-16f8-47de-a506-35ec95fcd29d	8	38889656	46547532	2467	-0.1788
c2ab364e-16f8-47de-a506-35ec95fcd29d	8	46549323	144182542	57151	0.0348
c2ab364e-16f8-47de-a506-35ec95fcd29d	9	789794	38747691	23604	-0.2294
c2ab364e-16f8-47de-a506-35ec95fcd29d	9	38752071	115307980	31571	-0.0181
c2ab364e-16f8-47de-a506-35ec95fcd29d	9	115311097	115320797	5	-1.0266
c2ab364e-16f8-47de-a506-35ec95fcd29d	9	115321925	138044505	13328	-0.0313
c2ab364e-16f8-47de-a506-35ec95fcd29d	10	366509	133411599	81307	-0.1595
c2ab364e-16f8-47de-a506-35ec95fcd29d	11	456012	68003122	35781	0.142
c2ab364e-16f8-47de-a506-35ec95fcd29d	11	68003149	134272740	41837	0.4363
c2ab364e-16f8-47de-a506-35ec95fcd29d	12	780472	15481251	8414	0.0222
c2ab364e-16f8-47de-a506-35ec95fcd29d	12	15481548	25239509	6005	0.0677
c2ab364e-16f8-47de-a506-35ec95fcd29d	12	25248581	33368172	5309	0.0287
c2ab364e-16f8-47de-a506-35ec95fcd29d	12	33368216	57653196	10051	-0.1624
c2ab364e-16f8-47de-a506-35ec95fcd29d	12	57662980	57839802	85	1.864
c2ab364e-16f8-47de-a506-35ec95fcd29d	12	57840479	58828192	706	1.2919
c2ab364e-16f8-47de-a506-35ec95fcd29d	12	58828198	60718859	1171	0.7312
c2ab364e-16f8-47de-a506-35ec95fcd29d	12	60720703	62260759	908	-0.1774
c2ab364e-16f8-47de-a506-35ec95fcd29d	12	62263885	62692811	230	0.4883
c2ab364e-16f8-47de-a506-35ec95fcd29d	12	62695076	62959403	249	-0.2133
c2ab364e-16f8-47de-a506-35ec95fcd29d	12	62963838	63182814	172	0.2589
c2ab364e-16f8-47de-a506-35ec95fcd29d	12	63184319	63240671	42	-0.171
c2ab364e-16f8-47de-a506-35ec95fcd29d	12	63246684	63760938	187	1.3565
c2ab364e-16f8-47de-a506-35ec95fcd29d	12	63762643	64297034	287	-0.1372
c2ab364e-16f8-47de-a506-35ec95fcd29d	12	64297353	65277255	547	0.7032
c2ab364e-16f8-47de-a506-35ec95fcd29d	12	65283920	66018703	426	1.0686
c2ab364e-16f8-47de-a506-35ec95fcd29d	12	66022038	66483596	301	1.3278
c2ab364e-16f8-47de-a506-35ec95fcd29d	12	66491291	66725858	160	-0.1114
c2ab364e-16f8-47de-a506-35ec95fcd29d	12	66727321	68546045	1432	0.722
c2ab364e-16f8-47de-a506-35ec95fcd29d	12	68546814	68688889	71	0.8714
c2ab364e-16f8-47de-a506-35ec95fcd29d	12	68689533	68739109	24	1.3625
c2ab364e-16f8-47de-a506-35ec95fcd29d	12	68740170	69064377	229	0.9289
c2ab364e-16f8-47de-a506-35ec95fcd29d	12	69067017	69392763	211	0.46
c2ab364e-16f8-47de-a506-35ec95fcd29d	12	69392840	70751752	919	0.6995
c2ab364e-16f8-47de-a506-35ec95fcd29d	12	70753513	72139503	791	1.0767
c2ab364e-16f8-47de-a506-35ec95fcd29d	12	72140299	72722009	333	0.9208
c2ab364e-16f8-47de-a506-35ec95fcd29d	12	72729816	72838560	39	1.2233
c2ab364e-16f8-47de-a506-35ec95fcd29d	12	72977309	73036044	60	-0.1576
c2ab364e-16f8-47de-a506-35ec95fcd29d	12	73036918	73121823	59	1.2496
c2ab364e-16f8-47de-a506-35ec95fcd29d	12	73126888	73128448	3	-0.0554
c2ab364e-16f8-47de-a506-35ec95fcd29d	12	73128786	73913012	417	1.2369
c2ab364e-16f8-47de-a506-35ec95fcd29d	12	74031681	132605822	34539	-0.1613
c2ab364e-16f8-47de-a506-35ec95fcd29d	13	18874255	85513302	38698	0.1965
c2ab364e-16f8-47de-a506-35ec95fcd29d	13	85513752	85513806	2	-1.3354
c2ab364e-16f8-47de-a506-35ec95fcd29d	13	85516883	114226675	18309	0.201
c2ab364e-16f8-47de-a506-35ec95fcd29d	14	20033191	21635545	911	-0.1577
c2ab364e-16f8-47de-a506-35ec95fcd29d	14	22664303	22838994	34	0.686
c2ab364e-16f8-47de-a506-35ec95fcd29d	14	22849963	24889914	1075	-0.1756
c2ab364e-16f8-47de-a506-35ec95fcd29d	14	24890014	25453574	376	0.0526
c2ab364e-16f8-47de-a506-35ec95fcd29d	14	25453782	25456204	2	-1.0577
c2ab364e-16f8-47de-a506-35ec95fcd29d	14	25456395	26987187	1018	0.0497
c2ab364e-16f8-47de-a506-35ec95fcd29d	14	26994923	27327658	181	0.8161
c2ab364e-16f8-47de-a506-35ec95fcd29d	14	27328203	27535932	117	0.014
c2ab364e-16f8-47de-a506-35ec95fcd29d	14	27567831	28397628	322	0.819
c2ab364e-16f8-47de-a506-35ec95fcd29d	14	28397980	29005047	334	1.0035
c2ab364e-16f8-47de-a506-35ec95fcd29d	14	29006031	31261139	1254	1.1306
c2ab364e-16f8-47de-a506-35ec95fcd29d	14	31262229	31369649	39	0.9975
c2ab364e-16f8-47de-a506-35ec95fcd29d	14	31371956	33667494	1711	1.6064
c2ab364e-16f8-47de-a506-35ec95fcd29d	14	33668047	34497730	608	1.4236
c2ab364e-16f8-47de-a506-35ec95fcd29d	14	34500200	34579478	31	0.9631
c2ab364e-16f8-47de-a506-35ec95fcd29d	14	34589610	35479812	349	1.4495
c2ab364e-16f8-47de-a506-35ec95fcd29d	14	35480166	36389840	521	1.5271
c2ab364e-16f8-47de-a506-35ec95fcd29d	14	36392151	102062006	39635	0.0364
c2ab364e-16f8-47de-a506-35ec95fcd29d	14	102078523	102232262	69	2.0128
c2ab364e-16f8-47de-a506-35ec95fcd29d	14	102239436	102513126	125	1.2897
c2ab364e-16f8-47de-a506-35ec95fcd29d	14	102513903	103236494	346	1.5063
c2ab364e-16f8-47de-a506-35ec95fcd29d	14	103241080	105533894	753	1.2716
c2ab364e-16f8-47de-a506-35ec95fcd29d	15	23437561	24003977	421	-0.1698
c2ab364e-16f8-47de-a506-35ec95fcd29d	15	24003994	25487400	562	-0.3885
c2ab364e-16f8-47de-a506-35ec95fcd29d	15	25487463	26794935	980	-0.1504
c2ab364e-16f8-47de-a506-35ec95fcd29d	15	26801258	27327045	351	-0.3815
c2ab364e-16f8-47de-a506-35ec95fcd29d	15	27327182	31108906	577	-0.1744
c2ab364e-16f8-47de-a506-35ec95fcd29d	15	31112091	31113840	4	-1.0933
c2ab364e-16f8-47de-a506-35ec95fcd29d	15	31114109	31473028	240	-0.1715
c2ab364e-16f8-47de-a506-35ec95fcd29d	15	31475932	32639703	156	-0.3844
c2ab364e-16f8-47de-a506-35ec95fcd29d	15	32639897	34228662	1317	-0.1627
c2ab364e-16f8-47de-a506-35ec95fcd29d	15	34230213	42694939	5081	-0.3957
c2ab364e-16f8-47de-a506-35ec95fcd29d	15	42695081	50657452	4331	-0.1652
c2ab364e-16f8-47de-a506-35ec95fcd29d	15	50657500	50884639	95	-0.391
c2ab364e-16f8-47de-a506-35ec95fcd29d	15	50885439	51349344	301	-0.1752
c2ab364e-16f8-47de-a506-35ec95fcd29d	15	51354826	51361063	7	-1.342
c2ab364e-16f8-47de-a506-35ec95fcd29d	15	51362059	86026824	20692	-0.159
c2ab364e-16f8-47de-a506-35ec95fcd29d	15	86027883	86260887	181	1.3941
c2ab364e-16f8-47de-a506-35ec95fcd29d	15	86262280	86313629	49	1.1861
c2ab364e-16f8-47de-a506-35ec95fcd29d	15	86314683	88871064	1807	0.5946
c2ab364e-16f8-47de-a506-35ec95fcd29d	15	88872016	101344124	7645	-0.1632
c2ab364e-16f8-47de-a506-35ec95fcd29d	16	603333	4873849	1566	0.1528
c2ab364e-16f8-47de-a506-35ec95fcd29d	16	4876725	57992461	20088	0.1995
c2ab364e-16f8-47de-a506-35ec95fcd29d	16	57993073	89317317	19568	-0.1579
c2ab364e-16f8-47de-a506-35ec95fcd29d	17	1074619	77855384	35298	-0.1582
c2ab364e-16f8-47de-a506-35ec95fcd29d	17	77857196	77872544	2	1.3675
c2ab364e-16f8-47de-a506-35ec95fcd29d	17	77873894	82613629	1812	-0.1591
c2ab364e-16f8-47de-a506-35ec95fcd29d	17	82613819	82614057	2	1.5384
c2ab364e-16f8-47de-a506-35ec95fcd29d	17	82616656	82959812	178	-0.2155
c2ab364e-16f8-47de-a506-35ec95fcd29d	18	326691	25355182	10725	0.1776
c2ab364e-16f8-47de-a506-35ec95fcd29d	18	25355189	25355698	2	-1.1708
c2ab364e-16f8-47de-a506-35ec95fcd29d	18	25357878	68872491	26951	0.1904
c2ab364e-16f8-47de-a506-35ec95fcd29d	18	68872593	70198077	858	0.4584
c2ab364e-16f8-47de-a506-35ec95fcd29d	18	70201240	79349796	4450	0.1806
c2ab364e-16f8-47de-a506-35ec95fcd29d	19	283868	10465585	3521	-0.185
c2ab364e-16f8-47de-a506-35ec95fcd29d	19	10466964	13108899	1115	0.4145
c2ab364e-16f8-47de-a506-35ec95fcd29d	19	13115373	18862099	2695	0.1548
c2ab364e-16f8-47de-a506-35ec95fcd29d	19	18864320	23759040	1631	0.0352
c2ab364e-16f8-47de-a506-35ec95fcd29d	19	23759135	27786591	121	0.1289
c2ab364e-16f8-47de-a506-35ec95fcd29d	19	27787381	58370362	15082	0.2803
c2ab364e-16f8-47de-a506-35ec95fcd29d	20	472817	22754176	15074	0.0305
c2ab364e-16f8-47de-a506-35ec95fcd29d	20	22755277	26217295	1896	0.6983
c2ab364e-16f8-47de-a506-35ec95fcd29d	20	31247668	63588502	20609	0.1849
c2ab364e-16f8-47de-a506-35ec95fcd29d	21	13974127	15835762	1142	-0.024
c2ab364e-16f8-47de-a506-35ec95fcd29d	21	15839803	15840069	2	-2.1843
c2ab364e-16f8-47de-a506-35ec95fcd29d	21	15840520	46262057	19459	-0.0343
c2ab364e-16f8-47de-a506-35ec95fcd29d	22	16934932	41979300	12279	0.1871
c2ab364e-16f8-47de-a506-35ec95fcd29d	22	41982569	48940621	4817	-0.1804
c2ab364e-16f8-47de-a506-35ec95fcd29d	X	3236359	6012947	398	-0.0173
c2ab364e-16f8-47de-a506-35ec95fcd29d	X	6013536	6015216	3	-1.6677
c2ab364e-16f8-47de-a506-35ec95fcd29d	X	6016724	46757830	19328	0.0139
c2ab364e-16f8-47de-a506-35ec95fcd29d	X	46761636	46866045	51	0.4213
c2ab364e-16f8-47de-a506-35ec95fcd29d	X	46866929	79833811	10340	0.0264
c2ab364e-16f8-47de-a506-35ec95fcd29d	X	79835520	79838902	8	-0.8459
c2ab364e-16f8-47de-a506-35ec95fcd29d	X	79838968	155677414	33868	0.0172
