GDC_Aliquot	Chromosome	Start	End	Num_Probes	Segment_Mean
5272697c-6457-473e-816c-50a220fbf322	1	62920	266187	17	0.2264
5272697c-6457-473e-816c-50a220fbf322	1	462795	462894	2	1.3452
5272697c-6457-473e-816c-50a220fbf322	1	599171	10176433	5069	0.0039
5272697c-6457-473e-816c-50a220fbf322	1	10177119	10189905	8	-0.7786
5272697c-6457-473e-816c-50a220fbf322	1	10189919	16570326	3558	0.0084
5272697c-6457-473e-816c-50a220fbf322	1	16583114	16627347	9	0.7176
5272697c-6457-473e-816c-50a220fbf322	1	16627800	16721910	29	0.1336
5272697c-6457-473e-816c-50a220fbf322	1	16721984	16935752	70	0.5024
5272697c-6457-473e-816c-50a220fbf322	1	16949746	25092208	5142	0.0082
5272697c-6457-473e-816c-50a220fbf322	1	25096910	25097831	2	-1.5626
5272697c-6457-473e-816c-50a220fbf322	1	25098398	25256138	114	-0.0175
5272697c-6457-473e-816c-50a220fbf322	1	25256188	25320253	27	0.6794
5272697c-6457-473e-816c-50a220fbf322	1	25320455	72284670	28734	0.0076
5272697c-6457-473e-816c-50a220fbf322	1	72290430	72297687	9	-1.1711
5272697c-6457-473e-816c-50a220fbf322	1	72302735	72351338	52	0.4228
5272697c-6457-473e-816c-50a220fbf322	1	72352916	103524832	20003	0.0102
5272697c-6457-473e-816c-50a220fbf322	1	103556030	103697067	35	0.3973
5272697c-6457-473e-816c-50a220fbf322	1	103697364	103760781	4	1.6997
5272697c-6457-473e-816c-50a220fbf322	1	103760879	105470754	917	0.0054
5272697c-6457-473e-816c-50a220fbf322	1	105476583	105479753	17	-0.6306
5272697c-6457-473e-816c-50a220fbf322	1	105481433	109684893	2634	0.0093
5272697c-6457-473e-816c-50a220fbf322	1	109690352	109692006	10	-1.1921
5272697c-6457-473e-816c-50a220fbf322	1	109696900	110834746	838	0.0161
5272697c-6457-473e-816c-50a220fbf322	1	110834943	110845604	38	-0.8888
5272697c-6457-473e-816c-50a220fbf322	1	110849445	112147704	1076	0.0153
5272697c-6457-473e-816c-50a220fbf322	1	112153343	112154591	22	0.5513
5272697c-6457-473e-816c-50a220fbf322	1	112154619	152580343	7608	0.0062
5272697c-6457-473e-816c-50a220fbf322	1	152580550	152614064	36	0.3663
5272697c-6457-473e-816c-50a220fbf322	1	152614100	169247699	11495	0.0083
5272697c-6457-473e-816c-50a220fbf322	1	169264736	169272528	7	0.8181
5272697c-6457-473e-816c-50a220fbf322	1	169273163	196801565	18224	0.0112
5272697c-6457-473e-816c-50a220fbf322	1	196802150	196936029	82	0.6275
5272697c-6457-473e-816c-50a220fbf322	1	196940515	247821167	35181	0.0077
5272697c-6457-473e-816c-50a220fbf322	1	247821318	247821756	2	-1.7363
5272697c-6457-473e-816c-50a220fbf322	1	247828258	248930189	583	0.0095
5272697c-6457-473e-816c-50a220fbf322	2	12784	29421019	20659	0.0073
5272697c-6457-473e-816c-50a220fbf322	2	29421149	29421356	4	-1.3844
5272697c-6457-473e-816c-50a220fbf322	2	29421729	34466002	3434	-0.0094
5272697c-6457-473e-816c-50a220fbf322	2	34474248	34502800	44	0.5948
5272697c-6457-473e-816c-50a220fbf322	2	34511446	52511964	13006	0.0039
5272697c-6457-473e-816c-50a220fbf322	2	52512042	52554404	44	0.3579
5272697c-6457-473e-816c-50a220fbf322	2	52560811	86710564	21926	0.0069
5272697c-6457-473e-816c-50a220fbf322	2	86725947	86726731	2	-1.8632
5272697c-6457-473e-816c-50a220fbf322	2	86743283	88976022	773	0.0072
5272697c-6457-473e-816c-50a220fbf322	2	88976067	94719149	295	0.1372
5272697c-6457-473e-816c-50a220fbf322	2	94721248	106263639	6441	0.0083
5272697c-6457-473e-816c-50a220fbf322	2	106264257	106268901	11	-2.1345
5272697c-6457-473e-816c-50a220fbf322	2	106270799	122719438	9498	0.0114
5272697c-6457-473e-816c-50a220fbf322	2	122722323	122726092	10	-0.7314
5272697c-6457-473e-816c-50a220fbf322	2	122726345	128880504	3888	0.003
5272697c-6457-473e-816c-50a220fbf322	2	128880904	128882741	15	-0.6927
5272697c-6457-473e-816c-50a220fbf322	2	128882755	207490614	47426	0.005
5272697c-6457-473e-816c-50a220fbf322	2	207490972	207494612	14	-0.8666
5272697c-6457-473e-816c-50a220fbf322	2	207494752	228397576	13585	0.0054
5272697c-6457-473e-816c-50a220fbf322	2	228399698	228401658	2	-3.9191
5272697c-6457-473e-816c-50a220fbf322	2	228404140	231531394	1880	0.0081
5272697c-6457-473e-816c-50a220fbf322	2	231532600	231535516	2	-1.4904
5272697c-6457-473e-816c-50a220fbf322	2	231536757	242147305	6623	0.0071
5272697c-6457-473e-816c-50a220fbf322	3	20930	6275672	5559	0.0126
5272697c-6457-473e-816c-50a220fbf322	3	6277576	6293785	19	0.6345
5272697c-6457-473e-816c-50a220fbf322	3	6296749	29391608	16360	0.0074
5272697c-6457-473e-816c-50a220fbf322	3	29395914	29397082	6	-1.6266
5272697c-6457-473e-816c-50a220fbf322	3	29397969	68697013	25863	0.0063
5272697c-6457-473e-816c-50a220fbf322	3	68697108	68698262	14	0.9071
5272697c-6457-473e-816c-50a220fbf322	3	68699607	75511990	4928	0.0083
5272697c-6457-473e-816c-50a220fbf322	3	75519398	75537654	7	1.1201
5272697c-6457-473e-816c-50a220fbf322	3	75546030	89211124	7532	0.007
5272697c-6457-473e-816c-50a220fbf322	3	89211176	89211511	3	-1.9693
5272697c-6457-473e-816c-50a220fbf322	3	89211843	99217783	3440	0.0043
5272697c-6457-473e-816c-50a220fbf322	3	99218119	99232990	43	0.3318
5272697c-6457-473e-816c-50a220fbf322	3	99233548	130044016	18711	0.0046
5272697c-6457-473e-816c-50a220fbf322	3	130044855	130087393	38	0.684
5272697c-6457-473e-816c-50a220fbf322	3	130088081	132270486	1437	0.0031
5272697c-6457-473e-816c-50a220fbf322	3	132270503	132276840	5	-1.8138
5272697c-6457-473e-816c-50a220fbf322	3	132281633	140669221	5185	0.0058
5272697c-6457-473e-816c-50a220fbf322	3	140669568	140674092	2	-1.3376
5272697c-6457-473e-816c-50a220fbf322	3	140675684	158632329	11037	0.0087
5272697c-6457-473e-816c-50a220fbf322	3	158633095	158633756	2	-1.4031
5272697c-6457-473e-816c-50a220fbf322	3	158641083	162795304	2610	-0.004
5272697c-6457-473e-816c-50a220fbf322	3	162795361	162908207	67	0.6631
5272697c-6457-473e-816c-50a220fbf322	3	162908784	169631156	3911	0.0059
5272697c-6457-473e-816c-50a220fbf322	3	169632074	169632816	2	-1.5477
5272697c-6457-473e-816c-50a220fbf322	3	169634670	193160113	15265	0.0096
5272697c-6457-473e-816c-50a220fbf322	3	193160173	193165114	19	-1.2815
5272697c-6457-473e-816c-50a220fbf322	3	193168646	195663809	1485	0.0062
5272697c-6457-473e-816c-50a220fbf322	3	195673928	195747892	42	-0.6588
5272697c-6457-473e-816c-50a220fbf322	3	195751823	195934679	80	-0.0317
5272697c-6457-473e-816c-50a220fbf322	3	195963975	195973611	2	1.2651
5272697c-6457-473e-816c-50a220fbf322	3	195974244	197322591	664	-0.0032
5272697c-6457-473e-816c-50a220fbf322	3	197327674	197330101	3	-1.3382
5272697c-6457-473e-816c-50a220fbf322	3	197331531	198169247	417	0.0043
5272697c-6457-473e-816c-50a220fbf322	4	68929	10208766	5705	0.0079
5272697c-6457-473e-816c-50a220fbf322	4	10212536	10233644	36	1.2805
5272697c-6457-473e-816c-50a220fbf322	4	10234518	10389091	171	-0.0483
5272697c-6457-473e-816c-50a220fbf322	4	10390730	10399044	16	-2.7148
5272697c-6457-473e-816c-50a220fbf322	4	10401094	171448195	98757	0.006
5272697c-6457-473e-816c-50a220fbf322	4	171453733	171456559	10	-1.2776
5272697c-6457-473e-816c-50a220fbf322	4	171456573	188300104	11349	0.0074
5272697c-6457-473e-816c-50a220fbf322	4	188300206	188300221	2	-1.7476
5272697c-6457-473e-816c-50a220fbf322	4	188300270	190106768	1144	0.0091
5272697c-6457-473e-816c-50a220fbf322	5	15532	717794	313	0.0016
5272697c-6457-473e-816c-50a220fbf322	5	722090	722281	2	-1.3709
5272697c-6457-473e-816c-50a220fbf322	5	724612	896700	56	-0.0324
5272697c-6457-473e-816c-50a220fbf322	5	905586	908425	3	-1.299
5272697c-6457-473e-816c-50a220fbf322	5	913276	10831395	8410	0.0081
5272697c-6457-473e-816c-50a220fbf322	5	10832059	10832159	2	-1.5499
5272697c-6457-473e-816c-50a220fbf322	5	10833592	12800777	1408	0.0021
5272697c-6457-473e-816c-50a220fbf322	5	12815668	12826538	11	-1.6093
5272697c-6457-473e-816c-50a220fbf322	5	12833745	15719113	1974	-0.0077
5272697c-6457-473e-816c-50a220fbf322	5	15719241	15720488	10	-1.224
5272697c-6457-473e-816c-50a220fbf322	5	15723237	46271006	18493	0.0087
5272697c-6457-473e-816c-50a220fbf322	5	46271828	46273400	6	-3.353
5272697c-6457-473e-816c-50a220fbf322	5	46278110	58025819	5076	0.0069
5272697c-6457-473e-816c-50a220fbf322	5	58030200	58037706	32	1.7712
5272697c-6457-473e-816c-50a220fbf322	5	58042530	98149425	23172	0.007
5272697c-6457-473e-816c-50a220fbf322	5	98151304	98151477	3	1.4905
5272697c-6457-473e-816c-50a220fbf322	5	98151521	99841117	939	0.0036
5272697c-6457-473e-816c-50a220fbf322	5	99841417	99846110	11	-0.7423
5272697c-6457-473e-816c-50a220fbf322	5	99854756	112924706	8325	0.0059
5272697c-6457-473e-816c-50a220fbf322	5	112928842	112940950	9	-1.1597
5272697c-6457-473e-816c-50a220fbf322	5	112948526	177839225	42675	0.0075
5272697c-6457-473e-816c-50a220fbf322	5	177876764	177879634	2	-1.839
5272697c-6457-473e-816c-50a220fbf322	5	177883336	178680821	439	0.0265
5272697c-6457-473e-816c-50a220fbf322	5	178682974	178686162	3	-1.304
5272697c-6457-473e-816c-50a220fbf322	5	178691854	181363319	1535	0.0101
5272697c-6457-473e-816c-50a220fbf322	6	149661	254283	101	0.0387
5272697c-6457-473e-816c-50a220fbf322	6	257353	303121	26	-0.7846
5272697c-6457-473e-816c-50a220fbf322	6	314962	378703	72	-0.2944
5272697c-6457-473e-816c-50a220fbf322	6	379015	29869295	21464	0.0025
5272697c-6457-473e-816c-50a220fbf322	6	29869410	29933799	36	0.7845
5272697c-6457-473e-816c-50a220fbf322	6	29940692	31309909	642	0.0003
5272697c-6457-473e-816c-50a220fbf322	6	31313046	31328674	12	-1.6248
5272697c-6457-473e-816c-50a220fbf322	6	31342147	32463328	495	0.0188
5272697c-6457-473e-816c-50a220fbf322	6	32463370	32568621	30	-0.3647
5272697c-6457-473e-816c-50a220fbf322	6	32570802	32657318	35	0.055
5272697c-6457-473e-816c-50a220fbf322	6	32658111	32658841	3	-1.5322
5272697c-6457-473e-816c-50a220fbf322	6	32682835	32892975	169	0.0746
5272697c-6457-473e-816c-50a220fbf322	6	32898021	32898220	3	-2.5381
5272697c-6457-473e-816c-50a220fbf322	6	32898318	33740999	446	-0.0007
5272697c-6457-473e-816c-50a220fbf322	6	33742243	33742261	2	-1.6852
5272697c-6457-473e-816c-50a220fbf322	6	33745833	33970966	182	0.0359
5272697c-6457-473e-816c-50a220fbf322	6	33974234	33974928	6	-1.2302
5272697c-6457-473e-816c-50a220fbf322	6	33976809	54066269	12894	0.005
5272697c-6457-473e-816c-50a220fbf322	6	54066286	54070550	9	-1.1972
5272697c-6457-473e-816c-50a220fbf322	6	54070617	61045610	2421	-0.0019
5272697c-6457-473e-816c-50a220fbf322	6	61045745	61065647	12	-0.7854
5272697c-6457-473e-816c-50a220fbf322	6	61066399	73885038	7963	0.0078
5272697c-6457-473e-816c-50a220fbf322	6	73887573	73887625	2	-1.8378
5272697c-6457-473e-816c-50a220fbf322	6	73891694	76726815	1770	-0.0051
5272697c-6457-473e-816c-50a220fbf322	6	76730151	76743040	21	0.5887
5272697c-6457-473e-816c-50a220fbf322	6	76751356	78262064	982	0.0069
5272697c-6457-473e-816c-50a220fbf322	6	78262085	78313960	80	0.3332
5272697c-6457-473e-816c-50a220fbf322	6	78314049	170741917	59743	0.0072
5272697c-6457-473e-816c-50a220fbf322	7	43355	4117015	2083	0.0034
5272697c-6457-473e-816c-50a220fbf322	7	4118722	4118921	2	-1.7989
5272697c-6457-473e-816c-50a220fbf322	7	4121739	38246926	25291	0.0088
5272697c-6457-473e-816c-50a220fbf322	7	38248326	38251092	2	-1.1685
5272697c-6457-473e-816c-50a220fbf322	7	38251113	38317124	92	-0.1795
5272697c-6457-473e-816c-50a220fbf322	7	38317144	38317181	2	-1.115
5272697c-6457-473e-816c-50a220fbf322	7	38317207	45210749	4376	0.0118
5272697c-6457-473e-816c-50a220fbf322	7	45210934	45211806	3	-1.0717
5272697c-6457-473e-816c-50a220fbf322	7	45213058	54318812	6647	0.0148
5272697c-6457-473e-816c-50a220fbf322	7	54318816	54318824	5	-1.7323
5272697c-6457-473e-816c-50a220fbf322	7	54325795	70955452	6129	0.0135
5272697c-6457-473e-816c-50a220fbf322	7	70958264	70961155	2	-2.4061
5272697c-6457-473e-816c-50a220fbf322	7	70963257	98254906	15955	0.0078
5272697c-6457-473e-816c-50a220fbf322	7	98256413	98256675	3	1.2787
5272697c-6457-473e-816c-50a220fbf322	7	98258697	108421914	5465	0.0053
5272697c-6457-473e-816c-50a220fbf322	7	108422473	108422794	3	-1.7736
5272697c-6457-473e-816c-50a220fbf322	7	108423670	108532679	90	0.0169
5272697c-6457-473e-816c-50a220fbf322	7	108535897	108536531	2	-1.7497
5272697c-6457-473e-816c-50a220fbf322	7	108539074	109793741	799	-0.0081
5272697c-6457-473e-816c-50a220fbf322	7	109797035	109797700	14	-0.828
5272697c-6457-473e-816c-50a220fbf322	7	109797715	109801187	11	-0.0087
5272697c-6457-473e-816c-50a220fbf322	7	109801572	109813853	10	-2.5458
5272697c-6457-473e-816c-50a220fbf322	7	109813925	142063324	19978	0.0023
5272697c-6457-473e-816c-50a220fbf322	7	142069843	142092108	33	-3.386
5272697c-6457-473e-816c-50a220fbf322	7	142092307	154598185	7627	0.0022
5272697c-6457-473e-816c-50a220fbf322	7	154601461	154607903	4	-2.6152
5272697c-6457-473e-816c-50a220fbf322	7	154609120	157299090	1969	0.0089
5272697c-6457-473e-816c-50a220fbf322	7	157304033	157304054	2	-1.9358
5272697c-6457-473e-816c-50a220fbf322	7	157304441	159334314	1264	0.0105
5272697c-6457-473e-816c-50a220fbf322	8	81254	2844412	2039	0.0129
5272697c-6457-473e-816c-50a220fbf322	8	2846011	2849649	8	-0.8276
5272697c-6457-473e-816c-50a220fbf322	8	2849664	6181655	4535	0.0188
5272697c-6457-473e-816c-50a220fbf322	8	6182584	6182629	2	-1.7663
5272697c-6457-473e-816c-50a220fbf322	8	6182984	7167045	1139	0.0113
5272697c-6457-473e-816c-50a220fbf322	8	7172468	7974123	60	-0.6153
5272697c-6457-473e-816c-50a220fbf322	8	7981252	8120649	11	0.4435
5272697c-6457-473e-816c-50a220fbf322	8	8132772	8214781	6	-0.9789
5272697c-6457-473e-816c-50a220fbf322	8	8234503	12092042	3222	0.0016
5272697c-6457-473e-816c-50a220fbf322	8	12130217	12143614	6	-2.3923
5272697c-6457-473e-816c-50a220fbf322	8	12176798	14652059	1999	0.01
5272697c-6457-473e-816c-50a220fbf322	8	14652523	14652565	3	-1.5663
5272697c-6457-473e-816c-50a220fbf322	8	14652887	15543669	774	0.0055
5272697c-6457-473e-816c-50a220fbf322	8	15545551	15555938	9	-1.3952
5272697c-6457-473e-816c-50a220fbf322	8	15565761	21252616	5126	0.0043
5272697c-6457-473e-816c-50a220fbf322	8	21254588	21262036	6	-0.7532
5272697c-6457-473e-816c-50a220fbf322	8	21262297	40914477	12723	0.0014
5272697c-6457-473e-816c-50a220fbf322	8	40920333	40920952	2	-2.3748
5272697c-6457-473e-816c-50a220fbf322	8	40926161	71300130	16830	0.0078
5272697c-6457-473e-816c-50a220fbf322	8	71303076	71304364	8	0.8184
5272697c-6457-473e-816c-50a220fbf322	8	71307628	111279265	24105	0.0053
5272697c-6457-473e-816c-50a220fbf322	8	111282050	111283031	10	-1.57
5272697c-6457-473e-816c-50a220fbf322	8	111288052	145072769	22921	0.006
5272697c-6457-473e-816c-50a220fbf322	9	46587	5078383	5242	0.012
5272697c-6457-473e-816c-50a220fbf322	9	5078409	5083017	17	0.4956
5272697c-6457-473e-816c-50a220fbf322	9	5084226	41040347	25971	0.0078
5272697c-6457-473e-816c-50a220fbf322	9	41047122	42501791	95	-0.3244
5272697c-6457-473e-816c-50a220fbf322	9	42524983	61378951	58	0.2129
5272697c-6457-473e-816c-50a220fbf322	9	61405110	61647899	31	0.8743
5272697c-6457-473e-816c-50a220fbf322	9	61665362	68335112	170	0.1748
5272697c-6457-473e-816c-50a220fbf322	9	68351648	71850762	2744	0.0043
5272697c-6457-473e-816c-50a220fbf322	9	71857121	71859202	3	-1.2292
5272697c-6457-473e-816c-50a220fbf322	9	71872257	90929756	13596	0.0041
5272697c-6457-473e-816c-50a220fbf322	9	90930369	90931423	3	-1.6641
5272697c-6457-473e-816c-50a220fbf322	9	90931601	138200944	31590	0.0082
5272697c-6457-473e-816c-50a220fbf322	10	45792	4244878	3576	0.0025
5272697c-6457-473e-816c-50a220fbf322	10	4248622	4248824	4	1.0407
5272697c-6457-473e-816c-50a220fbf322	10	4251879	6362738	1810	0.0125
5272697c-6457-473e-816c-50a220fbf322	10	6365775	6369519	16	0.5152
5272697c-6457-473e-816c-50a220fbf322	10	6376792	18142262	9600	0.0064
5272697c-6457-473e-816c-50a220fbf322	10	18145037	18145057	2	-1.3049
5272697c-6457-473e-816c-50a220fbf322	10	18145261	24088745	4195	0.0028
5272697c-6457-473e-816c-50a220fbf322	10	24088746	24088989	7	-1.5474
5272697c-6457-473e-816c-50a220fbf322	10	24088991	26934974	1988	-0.0007
5272697c-6457-473e-816c-50a220fbf322	10	26936975	26939544	13	-1.0433
5272697c-6457-473e-816c-50a220fbf322	10	26941064	32651464	4081	0.0047
5272697c-6457-473e-816c-50a220fbf322	10	32652050	32654381	2	-1.5679
5272697c-6457-473e-816c-50a220fbf322	10	32655068	44310606	5184	0.0128
5272697c-6457-473e-816c-50a220fbf322	10	44313749	44315181	6	-1.1098
5272697c-6457-473e-816c-50a220fbf322	10	44315647	45798061	968	0.0165
5272697c-6457-473e-816c-50a220fbf322	10	45798171	45817039	2	-1.9575
5272697c-6457-473e-816c-50a220fbf322	10	45936113	53359265	4402	-0.0023
5272697c-6457-473e-816c-50a220fbf322	10	53359282	53359960	6	-1.0764
5272697c-6457-473e-816c-50a220fbf322	10	53360007	65548178	8581	0.0031
5272697c-6457-473e-816c-50a220fbf322	10	65548193	65554688	26	-2.3333
5272697c-6457-473e-816c-50a220fbf322	10	65563037	110247953	29234	0.0054
5272697c-6457-473e-816c-50a220fbf322	10	110251072	110251726	3	-1.5109
5272697c-6457-473e-816c-50a220fbf322	10	110252494	130571002	15093	0.0058
5272697c-6457-473e-816c-50a220fbf322	10	130574030	130576191	4	-1.8577
5272697c-6457-473e-816c-50a220fbf322	10	130576783	133654968	1904	0.0258
5272697c-6457-473e-816c-50a220fbf322	11	198510	5762452	3230	0.0057
5272697c-6457-473e-816c-50a220fbf322	11	5762693	5787909	34	-0.4681
5272697c-6457-473e-816c-50a220fbf322	11	5788108	6011537	188	0.0099
5272697c-6457-473e-816c-50a220fbf322	11	6011711	6012746	3	-1.2103
5272697c-6457-473e-816c-50a220fbf322	11	6013029	80256469	44367	0.007
5272697c-6457-473e-816c-50a220fbf322	11	80256504	80256520	2	-3.2902
5272697c-6457-473e-816c-50a220fbf322	11	80256642	81792426	1310	0.0097
5272697c-6457-473e-816c-50a220fbf322	11	81792950	81811590	11	-0.7501
5272697c-6457-473e-816c-50a220fbf322	11	81812939	86594771	3177	0.0079
5272697c-6457-473e-816c-50a220fbf322	11	86594775	86595012	4	-1.0723
5272697c-6457-473e-816c-50a220fbf322	11	86604132	89734053	2088	0.0106
5272697c-6457-473e-816c-50a220fbf322	11	89735715	89817056	16	0.5318
5272697c-6457-473e-816c-50a220fbf322	11	89834373	122708696	22976	0.0045
5272697c-6457-473e-816c-50a220fbf322	11	122709312	122710230	2	-2.5847
5272697c-6457-473e-816c-50a220fbf322	11	122711017	135074876	9464	0.0057
5272697c-6457-473e-816c-50a220fbf322	12	51460	9481274	6177	0.0039
5272697c-6457-473e-816c-50a220fbf322	12	9485313	9562969	22	-1.8466
5272697c-6457-473e-816c-50a220fbf322	12	9575696	11062773	1036	0.0063
5272697c-6457-473e-816c-50a220fbf322	12	11064250	11088933	12	0.7166
5272697c-6457-473e-816c-50a220fbf322	12	11099275	27493059	11357	0.0053
5272697c-6457-473e-816c-50a220fbf322	12	27494808	27498429	28	-0.8794
5272697c-6457-473e-816c-50a220fbf322	12	27504228	58323655	16966	0.0081
5272697c-6457-473e-816c-50a220fbf322	12	58327273	58336379	8	-0.9574
5272697c-6457-473e-816c-50a220fbf322	12	58337065	87369661	18448	0.0037
5272697c-6457-473e-816c-50a220fbf322	12	87369716	87369847	5	-1.1177
5272697c-6457-473e-816c-50a220fbf322	12	87370018	99398036	8053	0.0021
5272697c-6457-473e-816c-50a220fbf322	12	99401515	99401995	5	-1.1525
5272697c-6457-473e-816c-50a220fbf322	12	99402073	99404374	20	-0.4076
5272697c-6457-473e-816c-50a220fbf322	12	99404412	99404956	6	-1.1493
5272697c-6457-473e-816c-50a220fbf322	12	99409315	99599628	127	-0.0061
5272697c-6457-473e-816c-50a220fbf322	12	99600560	99614121	12	-1.2599
5272697c-6457-473e-816c-50a220fbf322	12	99614543	131619090	22000	0.0066
5272697c-6457-473e-816c-50a220fbf322	12	131619226	131669648	28	0.457
5272697c-6457-473e-816c-50a220fbf322	12	131670006	133201603	553	0.015
5272697c-6457-473e-816c-50a220fbf322	13	18452809	21321896	1572	0.0159
5272697c-6457-473e-816c-50a220fbf322	13	21322180	21322617	3	1.1544
5272697c-6457-473e-816c-50a220fbf322	13	21322704	23058865	1289	-0.007
5272697c-6457-473e-816c-50a220fbf322	13	23058992	23059376	6	-0.8132
5272697c-6457-473e-816c-50a220fbf322	13	23064056	25632377	1919	0.0014
5272697c-6457-473e-816c-50a220fbf322	13	25633102	25691284	44	-0.2713
5272697c-6457-473e-816c-50a220fbf322	13	25691314	33614126	5969	0.0047
5272697c-6457-473e-816c-50a220fbf322	13	33618652	33618981	2	-2.851
5272697c-6457-473e-816c-50a220fbf322	13	33619239	37496998	2682	0.0029
5272697c-6457-473e-816c-50a220fbf322	13	37497899	37514193	17	-0.6124
5272697c-6457-473e-816c-50a220fbf322	13	37514237	38478674	700	0.0039
5272697c-6457-473e-816c-50a220fbf322	13	38483435	38483919	2	-2.9735
5272697c-6457-473e-816c-50a220fbf322	13	38490920	114342922	49969	0.0063
5272697c-6457-473e-816c-50a220fbf322	14	18239283	19011729	28	-0.0691
5272697c-6457-473e-816c-50a220fbf322	14	19012857	19955213	138	-0.5147
5272697c-6457-473e-816c-50a220fbf322	14	19956767	21942429	1376	-0.0006
5272697c-6457-473e-816c-50a220fbf322	14	21942460	22501252	469	-0.2011
5272697c-6457-473e-816c-50a220fbf322	14	22501272	26310436	2496	0.0097
5272697c-6457-473e-816c-50a220fbf322	14	26314697	26314711	6	-0.8355
5272697c-6457-473e-816c-50a220fbf322	14	26314712	28584973	1313	0.0067
5272697c-6457-473e-816c-50a220fbf322	14	28587704	28589839	2	-1.4393
5272697c-6457-473e-816c-50a220fbf322	14	28592054	34957568	4108	0.0102
5272697c-6457-473e-816c-50a220fbf322	14	34959789	34960155	2	-1.4687
5272697c-6457-473e-816c-50a220fbf322	14	34960540	42518302	4696	0.0082
5272697c-6457-473e-816c-50a220fbf322	14	42518663	42523231	3	-1.5515
5272697c-6457-473e-816c-50a220fbf322	14	42526308	73540003	19616	0.0032
5272697c-6457-473e-816c-50a220fbf322	14	73540147	73563196	8	1.0901
5272697c-6457-473e-816c-50a220fbf322	14	73563211	106416146	20924	0.0053
5272697c-6457-473e-816c-50a220fbf322	14	106418444	106423925	2	-1.3441
5272697c-6457-473e-816c-50a220fbf322	14	106425447	106462183	47	-2.7196
5272697c-6457-473e-816c-50a220fbf322	14	106462724	106877229	195	-0.0223
5272697c-6457-473e-816c-50a220fbf322	15	19811075	101928837	51566	0.0067
5272697c-6457-473e-816c-50a220fbf322	16	10777	19934328	13472	0.002
5272697c-6457-473e-816c-50a220fbf322	16	19934486	19954553	27	-1.0873
5272697c-6457-473e-816c-50a220fbf322	16	19956040	70105639	22217	0.0029
5272697c-6457-473e-816c-50a220fbf322	16	70117657	70153291	11	-0.7302
5272697c-6457-473e-816c-50a220fbf322	16	70163864	74330951	2298	-0.0037
5272697c-6457-473e-816c-50a220fbf322	16	74334793	74373481	11	-0.7219
5272697c-6457-473e-816c-50a220fbf322	16	74418138	84623747	10105	0.0056
5272697c-6457-473e-816c-50a220fbf322	16	84624131	84630546	5	0.8646
5272697c-6457-473e-816c-50a220fbf322	16	84630846	88076816	2896	0.0043
5272697c-6457-473e-816c-50a220fbf322	16	88080057	88081232	3	-1.7713
5272697c-6457-473e-816c-50a220fbf322	16	88081785	90096867	838	0.0222
5272697c-6457-473e-816c-50a220fbf322	17	150733	169036	8	0.2567
5272697c-6457-473e-816c-50a220fbf322	17	169110	36109735	18258	0.0067
5272697c-6457-473e-816c-50a220fbf322	17	36112585	36466660	42	-0.3031
5272697c-6457-473e-816c-50a220fbf322	17	36467352	41251729	2514	0.0058
5272697c-6457-473e-816c-50a220fbf322	17	41257158	41274279	29	0.3647
5272697c-6457-473e-816c-50a220fbf322	17	41276472	46135062	2534	-0.0168
5272697c-6457-473e-816c-50a220fbf322	17	46135838	46284997	89	0.2253
5272697c-6457-473e-816c-50a220fbf322	17	46286804	46446360	5	1.1896
5272697c-6457-473e-816c-50a220fbf322	17	46569894	83091923	21578	0.0075
5272697c-6457-473e-816c-50a220fbf322	18	48133	28613572	15077	0.0072
5272697c-6457-473e-816c-50a220fbf322	18	28615803	28616668	5	-0.9594
5272697c-6457-473e-816c-50a220fbf322	18	28616694	32397782	2414	0.0067
5272697c-6457-473e-816c-50a220fbf322	18	32401062	32401065	3	-1.3577
5272697c-6457-473e-816c-50a220fbf322	18	32402540	40680526	5308	0.0044
5272697c-6457-473e-816c-50a220fbf322	18	40680642	40689848	16	-0.6219
5272697c-6457-473e-816c-50a220fbf322	18	40690108	43316870	1756	0.0074
5272697c-6457-473e-816c-50a220fbf322	18	43322398	43323049	3	-1.1398
5272697c-6457-473e-816c-50a220fbf322	18	43323366	53740491	7217	0.0105
5272697c-6457-473e-816c-50a220fbf322	18	53740727	53740980	5	1.1776
5272697c-6457-473e-816c-50a220fbf322	18	53741022	55477477	1077	0.0103
5272697c-6457-473e-816c-50a220fbf322	18	55477578	55477637	3	-1.0612
5272697c-6457-473e-816c-50a220fbf322	18	55477650	64543663	6403	0.0007
5272697c-6457-473e-816c-50a220fbf322	18	64544391	64544711	2	-1.873
5272697c-6457-473e-816c-50a220fbf322	18	64550181	66095064	1092	0.0144
5272697c-6457-473e-816c-50a220fbf322	18	66099904	66100686	3	1.3777
5272697c-6457-473e-816c-50a220fbf322	18	66108359	68610190	1836	0.0163
5272697c-6457-473e-816c-50a220fbf322	18	68610289	68612671	3	-1.5448
5272697c-6457-473e-816c-50a220fbf322	18	68612881	80257174	8540	0.0071
5272697c-6457-473e-816c-50a220fbf322	19	90910	35358269	16711	0.0026
5272697c-6457-473e-816c-50a220fbf322	19	35358285	35370268	21	-0.7247
5272697c-6457-473e-816c-50a220fbf322	19	35370747	40854267	2777	0.0046
5272697c-6457-473e-816c-50a220fbf322	19	40854465	40870114	19	-1.0811
5272697c-6457-473e-816c-50a220fbf322	19	40886250	55771169	7749	0.0095
5272697c-6457-473e-816c-50a220fbf322	19	55771663	55771701	2	-2.9076
5272697c-6457-473e-816c-50a220fbf322	19	55774927	58586487	1838	-0.0002
5272697c-6457-473e-816c-50a220fbf322	20	80664	1571470	1179	0.0088
5272697c-6457-473e-816c-50a220fbf322	20	1571528	1580276	22	0.4903
5272697c-6457-473e-816c-50a220fbf322	20	1580305	1601561	38	-0.0327
5272697c-6457-473e-816c-50a220fbf322	20	1609611	1613247	5	-2.0062
5272697c-6457-473e-816c-50a220fbf322	20	1617300	64324800	41145	0.0039
5272697c-6457-473e-816c-50a220fbf322	21	10354168	10427776	12	0.1549
5272697c-6457-473e-816c-50a220fbf322	21	10448914	10459118	5	-0.5264
5272697c-6457-473e-816c-50a220fbf322	21	10459828	10571815	39	0.1416
5272697c-6457-473e-816c-50a220fbf322	21	10578371	13092058	45	0.4325
5272697c-6457-473e-816c-50a220fbf322	21	13095038	46677045	23770	0.0055
5272697c-6457-473e-816c-50a220fbf322	22	15294547	50796027	23277	0.0118
5272697c-6457-473e-816c-50a220fbf322	X	251810	17168537	10487	0.007
5272697c-6457-473e-816c-50a220fbf322	X	17168557	17168720	5	-0.9324
5272697c-6457-473e-816c-50a220fbf322	X	17168790	73090165	27459	0.0064
5272697c-6457-473e-816c-50a220fbf322	X	73092966	73093581	2	-1.5982
5272697c-6457-473e-816c-50a220fbf322	X	73093603	149717253	42507	0.0061
5272697c-6457-473e-816c-50a220fbf322	X	149748890	149803773	12	0.6245
5272697c-6457-473e-816c-50a220fbf322	X	149804895	155952689	3199	0.0108
5272697c-6457-473e-816c-50a220fbf322	Y	2782397	56872112	6639	-0.9879
