GDC_Aliquot	Chromosome	Start	End	Num_Probes	Segment_Mean
18f46108-26bb-42a2-802f-2205ae194d39	1	62920	82315	6	-1.2978
18f46108-26bb-42a2-802f-2205ae194d39	1	82650	1972273	322	0.0904
18f46108-26bb-42a2-802f-2205ae194d39	1	1977223	1979516	2	-0.7059
18f46108-26bb-42a2-802f-2205ae194d39	1	1982512	12792599	6163	-0.0667
18f46108-26bb-42a2-802f-2205ae194d39	1	12797714	12797904	2	-3.9968
18f46108-26bb-42a2-802f-2205ae194d39	1	12799143	12823233	21	-0.6681
18f46108-26bb-42a2-802f-2205ae194d39	1	12832455	16864367	2192	-0.0665
18f46108-26bb-42a2-802f-2205ae194d39	1	16868660	16972001	64	0.2322
18f46108-26bb-42a2-802f-2205ae194d39	1	16973232	22818746	3863	-0.0688
18f46108-26bb-42a2-802f-2205ae194d39	1	22820853	22820870	2	-1.5201
18f46108-26bb-42a2-802f-2205ae194d39	1	22820910	25126604	1297	-0.0588
18f46108-26bb-42a2-802f-2205ae194d39	1	25126648	25133783	30	0.2792
18f46108-26bb-42a2-802f-2205ae194d39	1	25133865	25269390	64	-0.0053
18f46108-26bb-42a2-802f-2205ae194d39	1	25269456	25320455	22	0.5117
18f46108-26bb-42a2-802f-2205ae194d39	1	25336819	29191583	1593	-0.0762
18f46108-26bb-42a2-802f-2205ae194d39	1	29191733	59408435	18292	-0.1582
18f46108-26bb-42a2-802f-2205ae194d39	1	59412075	59425618	10	-1.0322
18f46108-26bb-42a2-802f-2205ae194d39	1	59425850	68929265	6844	-0.1684
18f46108-26bb-42a2-802f-2205ae194d39	1	68932482	72295173	1997	-0.2193
18f46108-26bb-42a2-802f-2205ae194d39	1	72296993	72345465	50	0.6513
18f46108-26bb-42a2-802f-2205ae194d39	1	72346221	77488214	3359	-0.1792
18f46108-26bb-42a2-802f-2205ae194d39	1	77493027	77960599	204	-0.4271
18f46108-26bb-42a2-802f-2205ae194d39	1	77960770	103566732	16446	-0.1726
18f46108-26bb-42a2-802f-2205ae194d39	1	103570265	103760781	32	0.3072
18f46108-26bb-42a2-802f-2205ae194d39	1	103760879	105470132	916	-0.1836
18f46108-26bb-42a2-802f-2205ae194d39	1	105470754	105481433	19	-0.6732
18f46108-26bb-42a2-802f-2205ae194d39	1	105481448	109684893	2632	-0.173
18f46108-26bb-42a2-802f-2205ae194d39	1	109690352	109697556	13	1.6282
18f46108-26bb-42a2-802f-2205ae194d39	1	109702376	112147704	1947	-0.1885
18f46108-26bb-42a2-802f-2205ae194d39	1	112153343	112163440	28	0.5607
18f46108-26bb-42a2-802f-2205ae194d39	1	112163460	118365932	3957	-0.1743
18f46108-26bb-42a2-802f-2205ae194d39	1	118368861	119733776	903	0.5329
18f46108-26bb-42a2-802f-2205ae194d39	1	119737650	119984772	182	1.0582
18f46108-26bb-42a2-802f-2205ae194d39	1	120002553	120370887	19	0.6363
18f46108-26bb-42a2-802f-2205ae194d39	1	120385535	121598439	98	0.162
18f46108-26bb-42a2-802f-2205ae194d39	1	121601998	144432083	131	-0.4936
18f46108-26bb-42a2-802f-2205ae194d39	1	144432313	152583051	2314	0.2235
18f46108-26bb-42a2-802f-2205ae194d39	1	152583230	152613762	31	-1.6002
18f46108-26bb-42a2-802f-2205ae194d39	1	152613802	152614118	4	-0.5155
18f46108-26bb-42a2-802f-2205ae194d39	1	152618018	152631046	30	0.1728
18f46108-26bb-42a2-802f-2205ae194d39	1	152631244	152684106	47	0.386
18f46108-26bb-42a2-802f-2205ae194d39	1	152684126	152787202	90	0.1167
18f46108-26bb-42a2-802f-2205ae194d39	1	152789447	152796224	37	1.0476
18f46108-26bb-42a2-802f-2205ae194d39	1	152801429	158896783	3616	0.2084
18f46108-26bb-42a2-802f-2205ae194d39	1	158898711	158899969	2	3.501
18f46108-26bb-42a2-802f-2205ae194d39	1	158905028	161533104	1645	0.1844
18f46108-26bb-42a2-802f-2205ae194d39	1	161539001	161686708	21	0.6809
18f46108-26bb-42a2-802f-2205ae194d39	1	161688868	174827418	9534	0.1872
18f46108-26bb-42a2-802f-2205ae194d39	1	174827561	174864833	44	0.4552
18f46108-26bb-42a2-802f-2205ae194d39	1	174867388	175635512	561	0.1532
18f46108-26bb-42a2-802f-2205ae194d39	1	175635707	175637292	3	1.3875
18f46108-26bb-42a2-802f-2205ae194d39	1	175639796	178693533	1936	0.1873
18f46108-26bb-42a2-802f-2205ae194d39	1	178696723	178699557	11	0.9005
18f46108-26bb-42a2-802f-2205ae194d39	1	178699618	180803572	1435	0.2206
18f46108-26bb-42a2-802f-2205ae194d39	1	180804831	184127196	2377	0.1712
18f46108-26bb-42a2-802f-2205ae194d39	1	184138401	184348403	139	0.2271
18f46108-26bb-42a2-802f-2205ae194d39	1	184348779	189275030	3151	0.1436
18f46108-26bb-42a2-802f-2205ae194d39	1	189279798	189292547	10	0.8174
18f46108-26bb-42a2-802f-2205ae194d39	1	189295447	196729112	4976	0.1254
18f46108-26bb-42a2-802f-2205ae194d39	1	196729142	196843377	78	0.4799
18f46108-26bb-42a2-802f-2205ae194d39	1	196843400	196846661	2	4.8599
18f46108-26bb-42a2-802f-2205ae194d39	1	196847600	199142235	1376	0.1283
18f46108-26bb-42a2-802f-2205ae194d39	1	199142298	199144712	8	-0.8828
18f46108-26bb-42a2-802f-2205ae194d39	1	199145110	209897717	7406	0.1649
18f46108-26bb-42a2-802f-2205ae194d39	1	209908268	209908720	2	-1.5778
18f46108-26bb-42a2-802f-2205ae194d39	1	209910639	248930189	27033	0.1674
18f46108-26bb-42a2-802f-2205ae194d39	2	12784	7380306	5817	0.0702
18f46108-26bb-42a2-802f-2205ae194d39	2	7380815	14969100	5532	0.1121
18f46108-26bb-42a2-802f-2205ae194d39	2	14973053	19922951	3791	0.0729
18f46108-26bb-42a2-802f-2205ae194d39	2	19928118	24378911	2794	0.1178
18f46108-26bb-42a2-802f-2205ae194d39	2	24378937	24396569	31	0.425
18f46108-26bb-42a2-802f-2205ae194d39	2	24396586	32418369	4623	0.1185
18f46108-26bb-42a2-802f-2205ae194d39	2	32418460	32621993	96	0.3363
18f46108-26bb-42a2-802f-2205ae194d39	2	32623591	32895343	172	0.1449
18f46108-26bb-42a2-802f-2205ae194d39	2	32896427	34466002	1237	0.0872
18f46108-26bb-42a2-802f-2205ae194d39	2	34474248	34476668	6	-2.5547
18f46108-26bb-42a2-802f-2205ae194d39	2	34483565	34492841	23	-0.937
18f46108-26bb-42a2-802f-2205ae194d39	2	34492907	34511990	17	-2.7631
18f46108-26bb-42a2-802f-2205ae194d39	2	34512096	37636632	2343	0.1112
18f46108-26bb-42a2-802f-2205ae194d39	2	37636926	37637927	3	-1.2278
18f46108-26bb-42a2-802f-2205ae194d39	2	37638553	37687787	52	0.1994
18f46108-26bb-42a2-802f-2205ae194d39	2	37688780	37688917	2	1.6654
18f46108-26bb-42a2-802f-2205ae194d39	2	37689362	41010869	2400	0.1289
18f46108-26bb-42a2-802f-2205ae194d39	2	41010908	41011683	14	0.8559
18f46108-26bb-42a2-802f-2205ae194d39	2	41011848	52537117	8212	0.1139
18f46108-26bb-42a2-802f-2205ae194d39	2	52537337	52554157	14	-0.8657
18f46108-26bb-42a2-802f-2205ae194d39	2	52554188	68596173	10587	0.1022
18f46108-26bb-42a2-802f-2205ae194d39	2	68601353	79006714	6537	0.0726
18f46108-26bb-42a2-802f-2205ae194d39	2	79006885	82417011	2352	0.0178
18f46108-26bb-42a2-802f-2205ae194d39	2	82417824	99584574	5453	0.0713
18f46108-26bb-42a2-802f-2205ae194d39	2	99586763	104578995	3255	0.0179
18f46108-26bb-42a2-802f-2205ae194d39	2	104585561	105265604	400	0.3784
18f46108-26bb-42a2-802f-2205ae194d39	2	105265722	106284090	888	-0.0073
18f46108-26bb-42a2-802f-2205ae194d39	2	106285475	107404278	723	0.3676
18f46108-26bb-42a2-802f-2205ae194d39	2	107405604	117647276	5533	0.033
18f46108-26bb-42a2-802f-2205ae194d39	2	117658439	118708417	727	0.2856
18f46108-26bb-42a2-802f-2205ae194d39	2	118710251	127084354	5355	0.0209
18f46108-26bb-42a2-802f-2205ae194d39	2	127084661	130036283	1932	0.108
18f46108-26bb-42a2-802f-2205ae194d39	2	130036310	130193822	31	0.449
18f46108-26bb-42a2-802f-2205ae194d39	2	130205720	137947468	4506	0.0966
18f46108-26bb-42a2-802f-2205ae194d39	2	137949022	137959657	10	-0.5519
18f46108-26bb-42a2-802f-2205ae194d39	2	137960964	141350510	2092	0.1114
18f46108-26bb-42a2-802f-2205ae194d39	2	141350651	141441892	69	-0.1301
18f46108-26bb-42a2-802f-2205ae194d39	2	141442187	143370043	1284	0.085
18f46108-26bb-42a2-802f-2205ae194d39	2	143370682	146104517	1553	0.0308
18f46108-26bb-42a2-802f-2205ae194d39	2	146106836	146109366	24	-1.4417
18f46108-26bb-42a2-802f-2205ae194d39	2	146120238	172690673	16090	0.1048
18f46108-26bb-42a2-802f-2205ae194d39	2	172691152	172691308	2	-1.5488
18f46108-26bb-42a2-802f-2205ae194d39	2	172694340	207490231	20888	0.0917
18f46108-26bb-42a2-802f-2205ae194d39	2	207490454	207494612	16	-2.5984
18f46108-26bb-42a2-802f-2205ae194d39	2	207494752	212291272	3008	0.1226
18f46108-26bb-42a2-802f-2205ae194d39	2	212293141	212327088	58	0.3613
18f46108-26bb-42a2-802f-2205ae194d39	2	212327101	223513521	7300	0.1166
18f46108-26bb-42a2-802f-2205ae194d39	2	223513765	229826668	4193	0.0687
18f46108-26bb-42a2-802f-2205ae194d39	2	229831844	242147305	7531	0.1028
18f46108-26bb-42a2-802f-2205ae194d39	3	20930	378306	342	-0.2482
18f46108-26bb-42a2-802f-2205ae194d39	3	380109	1605364	1069	0.1425
18f46108-26bb-42a2-802f-2205ae194d39	3	1605627	8149676	5785	-0.192
18f46108-26bb-42a2-802f-2205ae194d39	3	8155547	8484108	281	-0.386
18f46108-26bb-42a2-802f-2205ae194d39	3	8487305	29391114	14456	-0.2041
18f46108-26bb-42a2-802f-2205ae194d39	3	29391608	29397082	7	-1.8157
18f46108-26bb-42a2-802f-2205ae194d39	3	29397969	46751887	11255	-0.2102
18f46108-26bb-42a2-802f-2205ae194d39	3	46760327	46802711	29	0.1695
18f46108-26bb-42a2-802f-2205ae194d39	3	46802803	47437019	280	-0.2009
18f46108-26bb-42a2-802f-2205ae194d39	3	47450332	47451230	2	-2.2699
18f46108-26bb-42a2-802f-2205ae194d39	3	47455724	51499023	1610	-0.1594
18f46108-26bb-42a2-802f-2205ae194d39	3	51500705	61009928	6640	-0.2219
18f46108-26bb-42a2-802f-2205ae194d39	3	61010124	62681587	1375	-0.1312
18f46108-26bb-42a2-802f-2205ae194d39	3	62684964	62685619	4	0.9771
18f46108-26bb-42a2-802f-2205ae194d39	3	62686039	65785303	2705	-0.1369
18f46108-26bb-42a2-802f-2205ae194d39	3	65785338	65970866	155	-0.313
18f46108-26bb-42a2-802f-2205ae194d39	3	65971409	66481365	272	-0.1257
18f46108-26bb-42a2-802f-2205ae194d39	3	66481442	66981714	378	0.086
18f46108-26bb-42a2-802f-2205ae194d39	3	66982172	68697013	1158	-0.1342
18f46108-26bb-42a2-802f-2205ae194d39	3	68697108	68699607	15	1.4641
18f46108-26bb-42a2-802f-2205ae194d39	3	68699635	69988155	1096	-0.1481
18f46108-26bb-42a2-802f-2205ae194d39	3	69990630	69992952	4	0.8545
18f46108-26bb-42a2-802f-2205ae194d39	3	69996287	75519398	3827	-0.171
18f46108-26bb-42a2-802f-2205ae194d39	3	75523398	75537654	6	-1.954
18f46108-26bb-42a2-802f-2205ae194d39	3	75546030	80256491	2668	-0.1685
18f46108-26bb-42a2-802f-2205ae194d39	3	80258789	89337811	5025	-0.0085
18f46108-26bb-42a2-802f-2205ae194d39	3	89337896	89371338	57	-0.8205
18f46108-26bb-42a2-802f-2205ae194d39	3	89376664	91462299	381	-0.0149
18f46108-26bb-42a2-802f-2205ae194d39	3	93800634	99230448	2881	0.4739
18f46108-26bb-42a2-802f-2205ae194d39	3	99230457	105971497	3988	0.3578
18f46108-26bb-42a2-802f-2205ae194d39	3	105972824	106155699	102	0.4442
18f46108-26bb-42a2-802f-2205ae194d39	3	106155718	110992334	2958	0.5245
18f46108-26bb-42a2-802f-2205ae194d39	3	110993240	120758311	6199	0.4521
18f46108-26bb-42a2-802f-2205ae194d39	3	120758642	120763035	3	-1.7639
18f46108-26bb-42a2-802f-2205ae194d39	3	120763567	130047743	5472	0.5005
18f46108-26bb-42a2-802f-2205ae194d39	3	130057015	130067443	6	-0.4219
18f46108-26bb-42a2-802f-2205ae194d39	3	130067531	132269794	1464	0.4995
18f46108-26bb-42a2-802f-2205ae194d39	3	132270020	132281633	9	1.1359
18f46108-26bb-42a2-802f-2205ae194d39	3	132282096	153691196	13332	0.4948
18f46108-26bb-42a2-802f-2205ae194d39	3	153691632	155816839	1230	0.3867
18f46108-26bb-42a2-802f-2205ae194d39	3	155826666	162506177	4091	0.4807
18f46108-26bb-42a2-802f-2205ae194d39	3	162508857	162509171	7	1.2446
18f46108-26bb-42a2-802f-2205ae194d39	3	162518746	162795304	174	0.4739
18f46108-26bb-42a2-802f-2205ae194d39	3	162795361	162908192	66	1.1914
18f46108-26bb-42a2-802f-2205ae194d39	3	162908207	165341586	1343	0.4803
18f46108-26bb-42a2-802f-2205ae194d39	3	165341597	165341795	4	-0.3909
18f46108-26bb-42a2-802f-2205ae194d39	3	165342056	165344625	6	1.3311
18f46108-26bb-42a2-802f-2205ae194d39	3	165344664	167917393	1429	0.5032
18f46108-26bb-42a2-802f-2205ae194d39	3	167917407	174572001	4274	0.6593
18f46108-26bb-42a2-802f-2205ae194d39	3	174572052	178457156	2514	0.5344
18f46108-26bb-42a2-802f-2205ae194d39	3	178457182	183943790	3188	0.4485
18f46108-26bb-42a2-802f-2205ae194d39	3	183944123	193162684	6428	0.4948
18f46108-26bb-42a2-802f-2205ae194d39	3	193162798	193165114	12	-1.2499
18f46108-26bb-42a2-802f-2205ae194d39	3	193168646	197099553	2163	0.5027
18f46108-26bb-42a2-802f-2205ae194d39	3	197099818	197099906	2	1.924
18f46108-26bb-42a2-802f-2205ae194d39	3	197103658	198124354	522	0.49
18f46108-26bb-42a2-802f-2205ae194d39	3	198124600	198169247	7	-0.0409
18f46108-26bb-42a2-802f-2205ae194d39	4	68929	75090	10	0.2325
18f46108-26bb-42a2-802f-2205ae194d39	4	75130	114916	22	0.6337
18f46108-26bb-42a2-802f-2205ae194d39	4	115423	1726393	579	0.1443
18f46108-26bb-42a2-802f-2205ae194d39	4	1726654	3899125	961	0.0303
18f46108-26bb-42a2-802f-2205ae194d39	4	3901987	4174902	72	-0.2595
18f46108-26bb-42a2-802f-2205ae194d39	4	4175446	9455251	3518	0.0065
18f46108-26bb-42a2-802f-2205ae194d39	4	9459504	9477560	5	1.5769
18f46108-26bb-42a2-802f-2205ae194d39	4	9477699	10212536	542	-0.0627
18f46108-26bb-42a2-802f-2205ae194d39	4	10221792	10227668	13	0.8785
18f46108-26bb-42a2-802f-2205ae194d39	4	10227684	12368261	1807	-0.0149
18f46108-26bb-42a2-802f-2205ae194d39	4	12368372	12382846	37	0.2795
18f46108-26bb-42a2-802f-2205ae194d39	4	12382926	17801058	4126	-0.0143
18f46108-26bb-42a2-802f-2205ae194d39	4	17807377	26205960	5752	0.0373
18f46108-26bb-42a2-802f-2205ae194d39	4	26206077	34777432	5278	-0.0125
18f46108-26bb-42a2-802f-2205ae194d39	4	34784878	34823103	38	-2.5801
18f46108-26bb-42a2-802f-2205ae194d39	4	34828250	43144118	5532	0.0088
18f46108-26bb-42a2-802f-2205ae194d39	4	43144761	43145497	3	-2.0273
18f46108-26bb-42a2-802f-2205ae194d39	4	43146144	48138513	2846	-0.0319
18f46108-26bb-42a2-802f-2205ae194d39	4	48138741	48192066	129	0.1756
18f46108-26bb-42a2-802f-2205ae194d39	4	48192246	49141246	461	-0.0023
18f46108-26bb-42a2-802f-2205ae194d39	4	49146817	49656595	29	-0.5658
18f46108-26bb-42a2-802f-2205ae194d39	4	51819533	53283167	808	-0.2316
18f46108-26bb-42a2-802f-2205ae194d39	4	53284477	54220230	619	-0.4913
18f46108-26bb-42a2-802f-2205ae194d39	4	54227522	55097115	866	-0.2682
18f46108-26bb-42a2-802f-2205ae194d39	4	55097490	63828222	5269	-0.4557
18f46108-26bb-42a2-802f-2205ae194d39	4	63831751	63842505	27	0.0625
18f46108-26bb-42a2-802f-2205ae194d39	4	63842540	64954275	660	-0.4676
18f46108-26bb-42a2-802f-2205ae194d39	4	64955198	64974300	36	-0.0795
18f46108-26bb-42a2-802f-2205ae194d39	4	64978333	68461345	2168	-0.4666
18f46108-26bb-42a2-802f-2205ae194d39	4	68468423	68655691	76	-0.1657
18f46108-26bb-42a2-802f-2205ae194d39	4	68663241	71143712	1412	-0.4614
18f46108-26bb-42a2-802f-2205ae194d39	4	71147556	71156888	9	1.1805
18f46108-26bb-42a2-802f-2205ae194d39	4	71157058	71214203	35	0.6104
18f46108-26bb-42a2-802f-2205ae194d39	4	71214895	71676476	269	0.2657
18f46108-26bb-42a2-802f-2205ae194d39	4	71689906	72550201	501	-0.4557
18f46108-26bb-42a2-802f-2205ae194d39	4	72553717	72559595	12	-1.1454
18f46108-26bb-42a2-802f-2205ae194d39	4	72560986	99369341	16454	-0.4364
18f46108-26bb-42a2-802f-2205ae194d39	4	99369963	99372040	4	-2.5857
18f46108-26bb-42a2-802f-2205ae194d39	4	99372419	107145001	4557	-0.4394
18f46108-26bb-42a2-802f-2205ae194d39	4	107145112	107154286	26	-0.0058
18f46108-26bb-42a2-802f-2205ae194d39	4	107154329	114261019	4436	-0.4437
18f46108-26bb-42a2-802f-2205ae194d39	4	114263073	114263234	7	0.7618
18f46108-26bb-42a2-802f-2205ae194d39	4	114264667	115243304	599	-0.3945
18f46108-26bb-42a2-802f-2205ae194d39	4	115244564	115254708	23	0.118
18f46108-26bb-42a2-802f-2205ae194d39	4	115254776	133874104	10796	-0.399
18f46108-26bb-42a2-802f-2205ae194d39	4	133876109	135685342	965	0.2878
18f46108-26bb-42a2-802f-2205ae194d39	4	135702430	135903406	110	1.3935
18f46108-26bb-42a2-802f-2205ae194d39	4	135909021	136282293	171	0.7035
18f46108-26bb-42a2-802f-2205ae194d39	4	136301372	136690877	223	0.1497
18f46108-26bb-42a2-802f-2205ae194d39	4	136692465	136947032	177	1.556
18f46108-26bb-42a2-802f-2205ae194d39	4	136949204	137144638	154	1.3268
18f46108-26bb-42a2-802f-2205ae194d39	4	137146964	137257852	106	0.1751
18f46108-26bb-42a2-802f-2205ae194d39	4	137258162	137262809	32	0.4805
18f46108-26bb-42a2-802f-2205ae194d39	4	137262934	137803723	364	0.1123
18f46108-26bb-42a2-802f-2205ae194d39	4	137805450	138158455	214	0.8317
18f46108-26bb-42a2-802f-2205ae194d39	4	138158812	139677899	1042	0.4293
18f46108-26bb-42a2-802f-2205ae194d39	4	139679153	139679283	3	-0.7609
18f46108-26bb-42a2-802f-2205ae194d39	4	139680637	140039618	301	0.4531
18f46108-26bb-42a2-802f-2205ae194d39	4	140041878	140213381	84	0.7111
18f46108-26bb-42a2-802f-2205ae194d39	4	140217714	140260890	26	0.4045
18f46108-26bb-42a2-802f-2205ae194d39	4	140264448	140291188	8	0.5533
18f46108-26bb-42a2-802f-2205ae194d39	4	140293068	142620932	1500	-0.3995
18f46108-26bb-42a2-802f-2205ae194d39	4	142623807	142698796	42	0.3881
18f46108-26bb-42a2-802f-2205ae194d39	4	142703792	142851409	90	-0.4369
18f46108-26bb-42a2-802f-2205ae194d39	4	142854431	142865280	9	0.2867
18f46108-26bb-42a2-802f-2205ae194d39	4	142866902	142881424	47	0.4819
18f46108-26bb-42a2-802f-2205ae194d39	4	142884468	143784352	521	1.0472
18f46108-26bb-42a2-802f-2205ae194d39	4	143789347	150937404	3974	-0.3997
18f46108-26bb-42a2-802f-2205ae194d39	4	150937457	150963158	38	-0.0253
18f46108-26bb-42a2-802f-2205ae194d39	4	150964975	158863226	4956	-0.3991
18f46108-26bb-42a2-802f-2205ae194d39	4	158870880	158871875	3	-2.1564
18f46108-26bb-42a2-802f-2205ae194d39	4	158876177	172501171	8701	-0.3858
18f46108-26bb-42a2-802f-2205ae194d39	4	172501178	172507492	10	0.8332
18f46108-26bb-42a2-802f-2205ae194d39	4	172519981	188300104	10692	-0.4306
18f46108-26bb-42a2-802f-2205ae194d39	4	188300206	188300270	3	1.4846
18f46108-26bb-42a2-802f-2205ae194d39	4	188300285	190106768	1142	-0.4375
18f46108-26bb-42a2-802f-2205ae194d39	5	15532	8445847	6711	0.2258
18f46108-26bb-42a2-802f-2205ae194d39	5	8446186	8446223	3	-1.4516
18f46108-26bb-42a2-802f-2205ae194d39	5	8446885	10299815	1661	0.2633
18f46108-26bb-42a2-802f-2205ae194d39	5	10300399	12791608	1820	0.1242
18f46108-26bb-42a2-802f-2205ae194d39	5	12800777	12838421	15	1.2029
18f46108-26bb-42a2-802f-2205ae194d39	5	12849089	21435254	5503	0.1371
18f46108-26bb-42a2-802f-2205ae194d39	5	21436643	21452387	14	0.7983
18f46108-26bb-42a2-802f-2205ae194d39	5	21454830	29030825	4392	0.1148
18f46108-26bb-42a2-802f-2205ae194d39	5	29037775	38380642	6266	0.1637
18f46108-26bb-42a2-802f-2205ae194d39	5	38380913	45899495	4231	0.1131
18f46108-26bb-42a2-802f-2205ae194d39	5	45899689	46383233	94	0.2908
18f46108-26bb-42a2-802f-2205ae194d39	5	46386290	50276884	30	-0.2573
18f46108-26bb-42a2-802f-2205ae194d39	5	50277291	58025759	5026	-0.4402
18f46108-26bb-42a2-802f-2205ae194d39	5	58025819	58037466	31	0.4793
18f46108-26bb-42a2-802f-2205ae194d39	5	58037688	69550476	7298	-0.4396
18f46108-26bb-42a2-802f-2205ae194d39	5	69571467	70959079	17	0.4133
18f46108-26bb-42a2-802f-2205ae194d39	5	71010832	109365119	22602	-0.4387
18f46108-26bb-42a2-802f-2205ae194d39	5	109374831	117704546	6076	-0.2355
18f46108-26bb-42a2-802f-2205ae194d39	5	117705314	138474827	13006	-0.1959
18f46108-26bb-42a2-802f-2205ae194d39	5	138475255	138481105	14	-0.7202
18f46108-26bb-42a2-802f-2205ae194d39	5	138481268	152134539	8603	-0.1897
18f46108-26bb-42a2-802f-2205ae194d39	5	152134610	152137227	10	-0.9409
18f46108-26bb-42a2-802f-2205ae194d39	5	152138502	170789157	13060	-0.1957
18f46108-26bb-42a2-802f-2205ae194d39	5	170789917	172098801	785	-0.0468
18f46108-26bb-42a2-802f-2205ae194d39	5	172099216	172150696	44	0.2074
18f46108-26bb-42a2-802f-2205ae194d39	5	172151318	176033084	2869	-0.0767
18f46108-26bb-42a2-802f-2205ae194d39	5	176038686	176042504	2	-2.0148
18f46108-26bb-42a2-802f-2205ae194d39	5	176043321	180947523	2523	-0.0555
18f46108-26bb-42a2-802f-2205ae194d39	5	180951710	180990614	16	0.6113
18f46108-26bb-42a2-802f-2205ae194d39	5	180990660	181363319	173	-0.0929
18f46108-26bb-42a2-802f-2205ae194d39	6	149661	492354	304	0.2566
18f46108-26bb-42a2-802f-2205ae194d39	6	496555	6154704	4653	0.3215
18f46108-26bb-42a2-802f-2205ae194d39	6	6154904	9612044	2711	0.2745
18f46108-26bb-42a2-802f-2205ae194d39	6	9613076	9613364	2	-1.3269
18f46108-26bb-42a2-802f-2205ae194d39	6	9614502	25604426	11877	0.2587
18f46108-26bb-42a2-802f-2205ae194d39	6	25604487	29881490	2129	0.1993
18f46108-26bb-42a2-802f-2205ae194d39	6	29882419	29933799	20	-0.325
18f46108-26bb-42a2-802f-2205ae194d39	6	29940692	30316598	185	0.2342
18f46108-26bb-42a2-802f-2205ae194d39	6	30317344	30333823	5	-0.5025
18f46108-26bb-42a2-802f-2205ae194d39	6	30338529	32463515	961	0.2689
18f46108-26bb-42a2-802f-2205ae194d39	6	32463775	32502142	9	0.9593
18f46108-26bb-42a2-802f-2205ae194d39	6	32502190	32605994	26	1.7672
18f46108-26bb-42a2-802f-2205ae194d39	6	32606237	32718419	67	0.3348
18f46108-26bb-42a2-802f-2205ae194d39	6	32720838	32723053	11	1.219
18f46108-26bb-42a2-802f-2205ae194d39	6	32732907	45800409	8224	0.2554
18f46108-26bb-42a2-802f-2205ae194d39	6	45800630	45801665	4	-0.6534
18f46108-26bb-42a2-802f-2205ae194d39	6	45801681	54066269	5427	0.257
18f46108-26bb-42a2-802f-2205ae194d39	6	54066286	54070550	9	1.2435
18f46108-26bb-42a2-802f-2205ae194d39	6	54070617	60743287	2336	0.2531
18f46108-26bb-42a2-802f-2205ae194d39	6	60745245	68095055	4349	0.156
18f46108-26bb-42a2-802f-2205ae194d39	6	68099261	74823796	4324	0.0354
18f46108-26bb-42a2-802f-2205ae194d39	6	74824464	75202695	248	0.1884
18f46108-26bb-42a2-802f-2205ae194d39	6	75203419	75928895	381	0.0498
18f46108-26bb-42a2-802f-2205ae194d39	6	75929233	76104974	107	0.4398
18f46108-26bb-42a2-802f-2205ae194d39	6	76104976	76707753	403	0.0531
18f46108-26bb-42a2-802f-2205ae194d39	6	76708370	76739852	31	0.3365
18f46108-26bb-42a2-802f-2205ae194d39	6	76742553	76742956	6	1.0296
18f46108-26bb-42a2-802f-2205ae194d39	6	76742972	76778010	37	0.1253
18f46108-26bb-42a2-802f-2205ae194d39	6	76779352	78263059	955	-0.091
18f46108-26bb-42a2-802f-2205ae194d39	6	78263079	78325468	99	0.3817
18f46108-26bb-42a2-802f-2205ae194d39	6	78329517	80993477	1750	-0.1367
18f46108-26bb-42a2-802f-2205ae194d39	6	80994423	82217262	819	0.0121
18f46108-26bb-42a2-802f-2205ae194d39	6	82220270	82256502	9	-0.2244
18f46108-26bb-42a2-802f-2205ae194d39	6	82257458	82259395	4	-1.161
18f46108-26bb-42a2-802f-2205ae194d39	6	82260063	85992372	2233	-0.1638
18f46108-26bb-42a2-802f-2205ae194d39	6	85995537	85996204	3	-1.9179
18f46108-26bb-42a2-802f-2205ae194d39	6	85998530	86459365	255	-0.1221
18f46108-26bb-42a2-802f-2205ae194d39	6	86460230	87108675	391	-0.3419
18f46108-26bb-42a2-802f-2205ae194d39	6	87108744	93990370	4578	-0.1595
18f46108-26bb-42a2-802f-2205ae194d39	6	93991236	94029360	25	-0.5862
18f46108-26bb-42a2-802f-2205ae194d39	6	94029512	103290458	5419	-0.1708
18f46108-26bb-42a2-802f-2205ae194d39	6	103290531	103299735	7	0.8297
18f46108-26bb-42a2-802f-2205ae194d39	6	103299855	112840340	5971	-0.1473
18f46108-26bb-42a2-802f-2205ae194d39	6	112840357	112850006	13	-0.6942
18f46108-26bb-42a2-802f-2205ae194d39	6	112850185	123380793	6193	-0.1611
18f46108-26bb-42a2-802f-2205ae194d39	6	123381354	123446833	49	0.6012
18f46108-26bb-42a2-802f-2205ae194d39	6	123449358	124625857	874	-0.1609
18f46108-26bb-42a2-802f-2205ae194d39	6	124626227	159772144	23259	-0.1374
18f46108-26bb-42a2-802f-2205ae194d39	6	159774119	170741917	7851	-0.1681
18f46108-26bb-42a2-802f-2205ae194d39	7	43355	4311864	2238	0.1271
18f46108-26bb-42a2-802f-2205ae194d39	7	4315439	4387279	76	-0.6282
18f46108-26bb-42a2-802f-2205ae194d39	7	4387743	4481043	83	-0.3376
18f46108-26bb-42a2-802f-2205ae194d39	7	4482383	4495166	14	-0.848
18f46108-26bb-42a2-802f-2205ae194d39	7	4500804	9727840	3461	0.1267
18f46108-26bb-42a2-802f-2205ae194d39	7	9727882	9729587	2	-1.7536
18f46108-26bb-42a2-802f-2205ae194d39	7	9731568	15032054	4227	0.0837
18f46108-26bb-42a2-802f-2205ae194d39	7	15032235	49626380	24902	0.1167
18f46108-26bb-42a2-802f-2205ae194d39	7	49626400	54305455	3493	0.074
18f46108-26bb-42a2-802f-2205ae194d39	7	54318812	54318824	6	1.6039
18f46108-26bb-42a2-802f-2205ae194d39	7	54325795	62986969	2186	0.0867
18f46108-26bb-42a2-802f-2205ae194d39	7	62992776	64330891	453	-0.1167
18f46108-26bb-42a2-802f-2205ae194d39	7	64335028	65314214	440	-0.0346
18f46108-26bb-42a2-802f-2205ae194d39	7	65314421	65316437	2	-1.6282
18f46108-26bb-42a2-802f-2205ae194d39	7	65316784	65539561	116	-0.086
18f46108-26bb-42a2-802f-2205ae194d39	7	65539576	65561579	3	-1.4951
18f46108-26bb-42a2-802f-2205ae194d39	7	65586825	76751587	5130	-0.0638
18f46108-26bb-42a2-802f-2205ae194d39	7	76754143	76758434	3	-1.3239
18f46108-26bb-42a2-802f-2205ae194d39	7	76761000	79172331	1603	-0.0926
18f46108-26bb-42a2-802f-2205ae194d39	7	79172345	79191019	17	0.4587
18f46108-26bb-42a2-802f-2205ae194d39	7	79199210	84605110	3722	-0.0878
18f46108-26bb-42a2-802f-2205ae194d39	7	84611245	91409680	4168	-0.1254
18f46108-26bb-42a2-802f-2205ae194d39	7	91409838	153667061	37604	-0.0781
18f46108-26bb-42a2-802f-2205ae194d39	7	153667167	154601461	658	-0.1351
18f46108-26bb-42a2-802f-2205ae194d39	7	154604397	154607903	3	1.209
18f46108-26bb-42a2-802f-2205ae194d39	7	154609120	159334314	3235	-0.1312
18f46108-26bb-42a2-802f-2205ae194d39	8	81254	644973	323	-0.2718
18f46108-26bb-42a2-802f-2205ae194d39	8	645220	645908	8	1.6708
18f46108-26bb-42a2-802f-2205ae194d39	8	656117	1418902	565	-0.2841
18f46108-26bb-42a2-802f-2205ae194d39	8	1419196	1419436	2	-2.1656
18f46108-26bb-42a2-802f-2205ae194d39	8	1419522	5210015	4391	-0.2619
18f46108-26bb-42a2-802f-2205ae194d39	8	5211535	5231579	50	0.1342
18f46108-26bb-42a2-802f-2205ae194d39	8	5232558	7974123	2442	-0.2671
18f46108-26bb-42a2-802f-2205ae194d39	8	7981252	8007744	3	1.6253
18f46108-26bb-42a2-802f-2205ae194d39	8	8078333	8528681	303	-0.219
18f46108-26bb-42a2-802f-2205ae194d39	8	8528847	8528932	2	-2.8647
18f46108-26bb-42a2-802f-2205ae194d39	8	8530797	12035719	2926	-0.2266
18f46108-26bb-42a2-802f-2205ae194d39	8	12037736	12376742	19	-0.8554
18f46108-26bb-42a2-802f-2205ae194d39	8	12376789	14578731	1894	-0.2248
18f46108-26bb-42a2-802f-2205ae194d39	8	14579143	14646505	73	0.0161
18f46108-26bb-42a2-802f-2205ae194d39	8	14647787	14651537	17	-0.3803
18f46108-26bb-42a2-802f-2205ae194d39	8	14651631	14659710	34	0.1389
18f46108-26bb-42a2-802f-2205ae194d39	8	14661120	26324057	9383	-0.2222
18f46108-26bb-42a2-802f-2205ae194d39	8	26329679	26630653	209	-0.4493
18f46108-26bb-42a2-802f-2205ae194d39	8	26631006	32373831	3913	-0.2167
18f46108-26bb-42a2-802f-2205ae194d39	8	32376597	32825580	383	0.109
18f46108-26bb-42a2-802f-2205ae194d39	8	32826447	32834820	11	0.704
18f46108-26bb-42a2-802f-2205ae194d39	8	32834838	38116976	2907	0.1188
18f46108-26bb-42a2-802f-2205ae194d39	8	38122560	39198188	584	1.0857
18f46108-26bb-42a2-802f-2205ae194d39	8	39213087	39373140	85	1.6152
18f46108-26bb-42a2-802f-2205ae194d39	8	39378084	39529446	59	2.646
18f46108-26bb-42a2-802f-2205ae194d39	8	39530780	39652872	83	1.6892
18f46108-26bb-42a2-802f-2205ae194d39	8	39654467	40107694	316	-0.0101
18f46108-26bb-42a2-802f-2205ae194d39	8	40111181	40265537	122	0.5853
18f46108-26bb-42a2-802f-2205ae194d39	8	40265558	41432044	862	-0.2359
18f46108-26bb-42a2-802f-2205ae194d39	8	41436888	41778898	228	-0.0271
18f46108-26bb-42a2-802f-2205ae194d39	8	41779842	41813985	22	0.5549
18f46108-26bb-42a2-802f-2205ae194d39	8	41814640	42287944	260	1.0247
18f46108-26bb-42a2-802f-2205ae194d39	8	42288011	42384628	155	0.6419
18f46108-26bb-42a2-802f-2205ae194d39	8	42389414	43721159	498	-0.0338
18f46108-26bb-42a2-802f-2205ae194d39	8	43726088	70042441	14661	0.4361
18f46108-26bb-42a2-802f-2205ae194d39	8	70042470	70042485	2	-1.0743
18f46108-26bb-42a2-802f-2205ae194d39	8	70042599	71300130	694	0.4226
18f46108-26bb-42a2-802f-2205ae194d39	8	71303076	71304364	7	-1.7769
18f46108-26bb-42a2-802f-2205ae194d39	8	71307628	92757212	12766	0.4257
18f46108-26bb-42a2-802f-2205ae194d39	8	92760233	93286276	274	0.4836
18f46108-26bb-42a2-802f-2205ae194d39	8	93286784	93287364	2	-0.7624
18f46108-26bb-42a2-802f-2205ae194d39	8	93288480	94711048	897	0.4629
18f46108-26bb-42a2-802f-2205ae194d39	8	94714512	94714832	2	-0.9737
18f46108-26bb-42a2-802f-2205ae194d39	8	94717275	104296875	5941	0.4623
18f46108-26bb-42a2-802f-2205ae194d39	8	104297676	111282852	4233	0.4183
18f46108-26bb-42a2-802f-2205ae194d39	8	111282973	111283016	2	-2.8127
18f46108-26bb-42a2-802f-2205ae194d39	8	111283031	114628588	1846	0.4022
18f46108-26bb-42a2-802f-2205ae194d39	8	114628679	114629356	11	1.0074
18f46108-26bb-42a2-802f-2205ae194d39	8	114629460	128743214	9816	0.4341
18f46108-26bb-42a2-802f-2205ae194d39	8	128744020	128750889	2	-1.5564
18f46108-26bb-42a2-802f-2205ae194d39	8	128751839	139591259	8594	0.4041
18f46108-26bb-42a2-802f-2205ae194d39	8	139592093	139592379	3	1.9044
18f46108-26bb-42a2-802f-2205ae194d39	8	139592400	140613553	667	0.4182
18f46108-26bb-42a2-802f-2205ae194d39	8	140619100	144645739	1780	0.4915
18f46108-26bb-42a2-802f-2205ae194d39	8	144647572	145072769	210	0.3612
18f46108-26bb-42a2-802f-2205ae194d39	9	46587	454794	334	-0.5016
18f46108-26bb-42a2-802f-2205ae194d39	9	455162	457931	3	-2.3539
18f46108-26bb-42a2-802f-2205ae194d39	9	460877	33518318	27560	-0.4477
18f46108-26bb-42a2-802f-2205ae194d39	9	33519208	33894048	249	0.397
18f46108-26bb-42a2-802f-2205ae194d39	9	33902077	35149996	636	0.2154
18f46108-26bb-42a2-802f-2205ae194d39	9	35153424	38103121	1759	-0.1962
18f46108-26bb-42a2-802f-2205ae194d39	9	38104147	38439975	270	0.4283
18f46108-26bb-42a2-802f-2205ae194d39	9	38440757	38441589	4	-0.6766
18f46108-26bb-42a2-802f-2205ae194d39	9	38443761	38771463	286	0.537
18f46108-26bb-42a2-802f-2205ae194d39	9	38771790	39146321	37	0.8711
18f46108-26bb-42a2-802f-2205ae194d39	9	39214987	39588611	35	0.3306
18f46108-26bb-42a2-802f-2205ae194d39	9	39747848	68325679	396	-0.1783
18f46108-26bb-42a2-802f-2205ae194d39	9	68328914	87769503	14093	-0.4043
18f46108-26bb-42a2-802f-2205ae194d39	9	87770013	93588935	3922	-0.3606
18f46108-26bb-42a2-802f-2205ae194d39	9	93591203	93591220	2	-1.9286
18f46108-26bb-42a2-802f-2205ae194d39	9	93591402	95487805	1229	-0.3462
18f46108-26bb-42a2-802f-2205ae194d39	9	95487916	95488676	5	0.932
18f46108-26bb-42a2-802f-2205ae194d39	9	95491372	102015802	4271	-0.3559
18f46108-26bb-42a2-802f-2205ae194d39	9	102016695	102023164	12	-1.0187
18f46108-26bb-42a2-802f-2205ae194d39	9	102024050	103050516	752	-0.3714
18f46108-26bb-42a2-802f-2205ae194d39	9	103050616	103060114	3	-1.8247
18f46108-26bb-42a2-802f-2205ae194d39	9	103065533	106746328	2705	-0.3315
18f46108-26bb-42a2-802f-2205ae194d39	9	106748897	112985113	4885	-0.3622
18f46108-26bb-42a2-802f-2205ae194d39	9	112986913	113033632	24	0.0612
18f46108-26bb-42a2-802f-2205ae194d39	9	113034273	122503301	7252	-0.3738
18f46108-26bb-42a2-802f-2205ae194d39	9	122506605	131404806	5140	-0.335
18f46108-26bb-42a2-802f-2205ae194d39	9	131408027	132196622	559	-0.5137
18f46108-26bb-42a2-802f-2205ae194d39	9	132196861	133050630	639	-0.3378
18f46108-26bb-42a2-802f-2205ae194d39	9	133052198	133322857	150	-0.1007
18f46108-26bb-42a2-802f-2205ae194d39	9	133323026	133984729	388	-0.3707
18f46108-26bb-42a2-802f-2205ae194d39	9	133984956	134224359	103	-0.4221
18f46108-26bb-42a2-802f-2205ae194d39	9	134230564	135262424	629	-0.1187
18f46108-26bb-42a2-802f-2205ae194d39	9	135262532	136471002	530	0.0628
18f46108-26bb-42a2-802f-2205ae194d39	9	136472806	137333777	198	-0.1172
18f46108-26bb-42a2-802f-2205ae194d39	9	137333905	137396353	23	0.2884
18f46108-26bb-42a2-802f-2205ae194d39	9	137396369	138098496	331	-0.1168
18f46108-26bb-42a2-802f-2205ae194d39	9	138098958	138130866	51	0.1612
18f46108-26bb-42a2-802f-2205ae194d39	9	138130876	138177488	11	-0.2313
18f46108-26bb-42a2-802f-2205ae194d39	9	138180185	138200944	5	-0.8283
18f46108-26bb-42a2-802f-2205ae194d39	10	45792	6369253	5398	-0.1265
18f46108-26bb-42a2-802f-2205ae194d39	10	6369395	6369519	5	1.3737
18f46108-26bb-42a2-802f-2205ae194d39	10	6376792	24086334	13794	-0.1163
18f46108-26bb-42a2-802f-2205ae194d39	10	24088745	24090078	14	0.6113
18f46108-26bb-42a2-802f-2205ae194d39	10	24090110	34882735	7670	-0.1005
18f46108-26bb-42a2-802f-2205ae194d39	10	34884771	55266231	10373	0.0152
18f46108-26bb-42a2-802f-2205ae194d39	10	55266271	65546321	7173	0.0518
18f46108-26bb-42a2-802f-2205ae194d39	10	65546400	65554643	28	0.4596
18f46108-26bb-42a2-802f-2205ae194d39	10	65554672	79625693	9238	0.0455
18f46108-26bb-42a2-802f-2205ae194d39	10	79649470	79764135	14	0.6186
18f46108-26bb-42a2-802f-2205ae194d39	10	79779354	87187304	5184	0.0323
18f46108-26bb-42a2-802f-2205ae194d39	10	87189670	87325208	19	0.6217
18f46108-26bb-42a2-802f-2205ae194d39	10	87335259	105921689	11666	0.0494
18f46108-26bb-42a2-802f-2205ae194d39	10	105922177	109622749	2765	0.0076
18f46108-26bb-42a2-802f-2205ae194d39	10	109623414	117273337	5301	0.053
18f46108-26bb-42a2-802f-2205ae194d39	10	117275557	117275686	2	-2.2338
18f46108-26bb-42a2-802f-2205ae194d39	10	117276160	121221572	2963	0.0547
18f46108-26bb-42a2-802f-2205ae194d39	10	121225604	121386199	141	0.2057
18f46108-26bb-42a2-802f-2205ae194d39	10	121388054	121696088	389	0.0527
18f46108-26bb-42a2-802f-2205ae194d39	10	121699816	121699822	2	-1.3472
18f46108-26bb-42a2-802f-2205ae194d39	10	121699926	121699928	2	1.0944
18f46108-26bb-42a2-802f-2205ae194d39	10	121699930	122574497	649	0.0392
18f46108-26bb-42a2-802f-2205ae194d39	10	122584593	122591497	6	-1.0981
18f46108-26bb-42a2-802f-2205ae194d39	10	122597296	123293493	482	0.0669
18f46108-26bb-42a2-802f-2205ae194d39	10	123296254	125899659	1721	0.0025
18f46108-26bb-42a2-802f-2205ae194d39	10	125901780	133654968	5699	-0.0715
18f46108-26bb-42a2-802f-2205ae194d39	11	198510	4946420	2418	0.0907
18f46108-26bb-42a2-802f-2205ae194d39	11	4947280	4955042	30	1.0428
18f46108-26bb-42a2-802f-2205ae194d39	11	4955781	5755866	773	0.0834
18f46108-26bb-42a2-802f-2205ae194d39	11	5756780	5787110	41	0.5028
18f46108-26bb-42a2-802f-2205ae194d39	11	5787146	6096746	249	0.0542
18f46108-26bb-42a2-802f-2205ae194d39	11	6099417	6101273	3	-1.821
18f46108-26bb-42a2-802f-2205ae194d39	11	6102658	6601484	309	0.063
18f46108-26bb-42a2-802f-2205ae194d39	11	6602305	6691262	56	-0.0691
18f46108-26bb-42a2-802f-2205ae194d39	11	6694905	6696583	6	-0.5706
18f46108-26bb-42a2-802f-2205ae194d39	11	6697684	18919323	8791	0.1107
18f46108-26bb-42a2-802f-2205ae194d39	11	18927525	24775936	4691	0.0619
18f46108-26bb-42a2-802f-2205ae194d39	11	24778512	48684291	15990	0.108
18f46108-26bb-42a2-802f-2205ae194d39	11	48688176	48700215	10	0.8132
18f46108-26bb-42a2-802f-2205ae194d39	11	48702884	50651953	740	0.1211
18f46108-26bb-42a2-802f-2205ae194d39	11	50654242	55595864	389	0.3497
18f46108-26bb-42a2-802f-2205ae194d39	11	55606556	55685533	59	0.8869
18f46108-26bb-42a2-802f-2205ae194d39	11	55686100	56982982	875	0.3942
18f46108-26bb-42a2-802f-2205ae194d39	11	56983014	67648719	5322	0.2564
18f46108-26bb-42a2-802f-2205ae194d39	11	67653796	67704674	28	0.4403
18f46108-26bb-42a2-802f-2205ae194d39	11	67704862	74496984	3439	0.0784
18f46108-26bb-42a2-802f-2205ae194d39	11	74497547	77969353	1899	0.2413
18f46108-26bb-42a2-802f-2205ae194d39	11	77970528	80070971	1548	0.3546
18f46108-26bb-42a2-802f-2205ae194d39	11	80071579	83008838	2296	0.2114
18f46108-26bb-42a2-802f-2205ae194d39	11	83012382	90077170	4479	0.0704
18f46108-26bb-42a2-802f-2205ae194d39	11	90085142	92289319	1590	0.197
18f46108-26bb-42a2-802f-2205ae194d39	11	92291620	92294733	6	-0.6573
18f46108-26bb-42a2-802f-2205ae194d39	11	92294987	101723653	7090	0.2103
18f46108-26bb-42a2-802f-2205ae194d39	11	101727129	101727233	4	1.3609
18f46108-26bb-42a2-802f-2205ae194d39	11	101727481	107368088	3803	0.2054
18f46108-26bb-42a2-802f-2205ae194d39	11	107368205	107368402	2	-1.5828
18f46108-26bb-42a2-802f-2205ae194d39	11	107381636	133947577	19094	0.2112
18f46108-26bb-42a2-802f-2205ae194d39	11	133947761	133949547	3	1.3447
18f46108-26bb-42a2-802f-2205ae194d39	11	133952831	134377293	268	0.2199
18f46108-26bb-42a2-802f-2205ae194d39	11	134377948	134731897	285	0.1132
18f46108-26bb-42a2-802f-2205ae194d39	11	134732386	134734098	3	-1.5989
18f46108-26bb-42a2-802f-2205ae194d39	11	134737977	135074876	281	0.0983
18f46108-26bb-42a2-802f-2205ae194d39	12	51460	9477960	6174	0.294
18f46108-26bb-42a2-802f-2205ae194d39	12	9481274	9575696	24	1.5263
18f46108-26bb-42a2-802f-2205ae194d39	12	9582373	11074314	1041	0.2655
18f46108-26bb-42a2-802f-2205ae194d39	12	11078856	11088933	6	-1.4114
18f46108-26bb-42a2-802f-2205ae194d39	12	11099275	33141564	15537	0.2972
18f46108-26bb-42a2-802f-2205ae194d39	12	33141577	33901538	525	0.4091
18f46108-26bb-42a2-802f-2205ae194d39	12	33904181	34701563	296	0.302
18f46108-26bb-42a2-802f-2205ae194d39	12	37463949	47576910	6057	-0.0123
18f46108-26bb-42a2-802f-2205ae194d39	12	47576970	47775743	96	0.2285
18f46108-26bb-42a2-802f-2205ae194d39	12	47776914	99385730	32352	-0.0076
18f46108-26bb-42a2-802f-2205ae194d39	12	99386810	99404956	39	-0.4616
18f46108-26bb-42a2-802f-2205ae194d39	12	99409315	132921910	22593	-0.0019
18f46108-26bb-42a2-802f-2205ae194d39	12	132927035	133201603	128	0.177
18f46108-26bb-42a2-802f-2205ae194d39	13	18452809	23051234	2845	0.2932
18f46108-26bb-42a2-802f-2205ae194d39	13	23051568	23051669	3	-1.0081
18f46108-26bb-42a2-802f-2205ae194d39	13	23051898	24718460	1356	0.2928
18f46108-26bb-42a2-802f-2205ae194d39	13	24719321	36890279	8886	0.2355
18f46108-26bb-42a2-802f-2205ae194d39	13	36891413	37496998	399	0.2633
18f46108-26bb-42a2-802f-2205ae194d39	13	37497899	37514250	19	0.8157
18f46108-26bb-42a2-802f-2205ae194d39	13	37514472	48957415	8027	0.2667
18f46108-26bb-42a2-802f-2205ae194d39	13	48959579	48962368	2	-2.7528
18f46108-26bb-42a2-802f-2205ae194d39	13	48963569	50928802	1071	0.2727
18f46108-26bb-42a2-802f-2205ae194d39	13	50930872	50932159	2	-1.3437
18f46108-26bb-42a2-802f-2205ae194d39	13	50932589	50996025	26	0.569
18f46108-26bb-42a2-802f-2205ae194d39	13	50998598	52284657	703	0.232
18f46108-26bb-42a2-802f-2205ae194d39	13	52288372	52315875	8	1.1301
18f46108-26bb-42a2-802f-2205ae194d39	13	52322826	52356116	11	0.3579
18f46108-26bb-42a2-802f-2205ae194d39	13	52357773	52363789	3	-0.7631
18f46108-26bb-42a2-802f-2205ae194d39	13	52366616	52485081	42	0.2214
18f46108-26bb-42a2-802f-2205ae194d39	13	52497017	52571523	14	-0.6489
18f46108-26bb-42a2-802f-2205ae194d39	13	52578000	71902850	11647	0.2271
18f46108-26bb-42a2-802f-2205ae194d39	13	71903417	71906418	4	1.5351
18f46108-26bb-42a2-802f-2205ae194d39	13	71906467	88688175	10968	0.2321
18f46108-26bb-42a2-802f-2205ae194d39	13	88691526	88691561	2	-2.1924
18f46108-26bb-42a2-802f-2205ae194d39	13	88692123	92015736	2081	0.2074
18f46108-26bb-42a2-802f-2205ae194d39	13	92016072	92019615	2	-2.1411
18f46108-26bb-42a2-802f-2205ae194d39	13	92019998	105663858	9892	0.2484
18f46108-26bb-42a2-802f-2205ae194d39	13	105664476	105664587	3	-1.3394
18f46108-26bb-42a2-802f-2205ae194d39	13	105664629	114342922	6160	0.2571
18f46108-26bb-42a2-802f-2205ae194d39	14	18239283	19294475	47	0.3129
18f46108-26bb-42a2-802f-2205ae194d39	14	19298389	19675350	16	-0.6752
18f46108-26bb-42a2-802f-2205ae194d39	14	19689684	19799729	27	0.3072
18f46108-26bb-42a2-802f-2205ae194d39	14	19802527	19922395	57	1.1756
18f46108-26bb-42a2-802f-2205ae194d39	14	19924455	20779061	667	1.3526
18f46108-26bb-42a2-802f-2205ae194d39	14	20781965	21150238	204	1.1623
18f46108-26bb-42a2-802f-2205ae194d39	14	21150746	21556782	216	0.8077
18f46108-26bb-42a2-802f-2205ae194d39	14	21568035	35040397	8745	-0.1395
18f46108-26bb-42a2-802f-2205ae194d39	14	35040442	35040568	3	-2.026
18f46108-26bb-42a2-802f-2205ae194d39	14	35041591	53341126	11171	-0.1494
18f46108-26bb-42a2-802f-2205ae194d39	14	53344322	53345534	6	-1.123
18f46108-26bb-42a2-802f-2205ae194d39	14	53345909	69551330	10452	-0.1321
18f46108-26bb-42a2-802f-2205ae194d39	14	69551651	69555567	5	-1.1812
18f46108-26bb-42a2-802f-2205ae194d39	14	69555582	72362350	1895	-0.1369
18f46108-26bb-42a2-802f-2205ae194d39	14	72362367	73529070	734	0.5842
18f46108-26bb-42a2-802f-2205ae194d39	14	73534419	73554275	9	1.6302
18f46108-26bb-42a2-802f-2205ae194d39	14	73563196	73801775	120	0.5399
18f46108-26bb-42a2-802f-2205ae194d39	14	73812613	75639088	1100	0.876
18f46108-26bb-42a2-802f-2205ae194d39	14	75642370	75676652	14	0.4608
18f46108-26bb-42a2-802f-2205ae194d39	14	75677183	75909594	155	0.0588
18f46108-26bb-42a2-802f-2205ae194d39	14	75911499	81141431	3628	-0.102
18f46108-26bb-42a2-802f-2205ae194d39	14	81151559	82292365	712	0.6757
18f46108-26bb-42a2-802f-2205ae194d39	14	82295478	82552426	167	-0.119
18f46108-26bb-42a2-802f-2205ae194d39	14	82556606	83077424	410	0.8537
18f46108-26bb-42a2-802f-2205ae194d39	14	83079504	88033521	3300	-0.1392
18f46108-26bb-42a2-802f-2205ae194d39	14	88034807	88696584	411	0.3572
18f46108-26bb-42a2-802f-2205ae194d39	14	88696896	88902190	82	0.7251
18f46108-26bb-42a2-802f-2205ae194d39	14	88904136	88983148	80	0.4808
18f46108-26bb-42a2-802f-2205ae194d39	14	88989108	88989173	3	-0.3706
18f46108-26bb-42a2-802f-2205ae194d39	14	88991254	91809602	1739	0.5064
18f46108-26bb-42a2-802f-2205ae194d39	14	91813639	101667946	7168	-0.1381
18f46108-26bb-42a2-802f-2205ae194d39	14	101669653	106672373	1971	-0.0721
18f46108-26bb-42a2-802f-2205ae194d39	14	106672548	106877229	106	-0.2193
18f46108-26bb-42a2-802f-2205ae194d39	15	19811075	20376309	94	-0.0709
18f46108-26bb-42a2-802f-2205ae194d39	15	20376311	22395047	114	0.4494
18f46108-26bb-42a2-802f-2205ae194d39	15	22413894	29281176	4072	-0.1024
18f46108-26bb-42a2-802f-2205ae194d39	15	29281413	33981703	2910	0.0838
18f46108-26bb-42a2-802f-2205ae194d39	15	33983061	33987030	6	-0.9114
18f46108-26bb-42a2-802f-2205ae194d39	15	33988002	35922979	1234	0.0792
18f46108-26bb-42a2-802f-2205ae194d39	15	35923686	43250034	4591	0.1149
18f46108-26bb-42a2-802f-2205ae194d39	15	43250412	44886587	682	0.0819
18f46108-26bb-42a2-802f-2205ae194d39	15	44891003	44949564	21	0.4542
18f46108-26bb-42a2-802f-2205ae194d39	15	44952271	56498809	7421	0.0673
18f46108-26bb-42a2-802f-2205ae194d39	15	56498826	56499805	12	0.5762
18f46108-26bb-42a2-802f-2205ae194d39	15	56499826	73916815	11497	0.0855
18f46108-26bb-42a2-802f-2205ae194d39	15	73921337	76586021	1266	0.0207
18f46108-26bb-42a2-802f-2205ae194d39	15	76598900	76610855	34	0.4109
18f46108-26bb-42a2-802f-2205ae194d39	15	76614006	85302227	5001	0.0098
18f46108-26bb-42a2-802f-2205ae194d39	15	85305410	85466873	87	0.2484
18f46108-26bb-42a2-802f-2205ae194d39	15	85467114	93366464	6101	0.007
18f46108-26bb-42a2-802f-2205ae194d39	15	93368421	93372536	4	-1.3001
18f46108-26bb-42a2-802f-2205ae194d39	15	93372583	101928837	6413	-0.0005
18f46108-26bb-42a2-802f-2205ae194d39	16	10777	11270926	8491	-0.126
18f46108-26bb-42a2-802f-2205ae194d39	16	11270994	16269368	3262	-0.2041
18f46108-26bb-42a2-802f-2205ae194d39	16	16419234	16541191	14	-0.8842
18f46108-26bb-42a2-802f-2205ae194d39	16	16541758	16809075	44	-0.0934
18f46108-26bb-42a2-802f-2205ae194d39	16	16810793	21586954	2606	-0.2454
18f46108-26bb-42a2-802f-2205ae194d39	16	21588178	22430699	358	-0.0969
18f46108-26bb-42a2-802f-2205ae194d39	16	22546611	22709045	79	-0.5913
18f46108-26bb-42a2-802f-2205ae194d39	16	22710317	29427018	4242	-0.235
18f46108-26bb-42a2-802f-2205ae194d39	16	29506390	29772358	66	0.0969
18f46108-26bb-42a2-802f-2205ae194d39	16	29780400	35479762	1152	-0.1983
18f46108-26bb-42a2-802f-2205ae194d39	16	35484187	35572419	51	-0.5109
18f46108-26bb-42a2-802f-2205ae194d39	16	35578990	46607060	159	-0.1679
18f46108-26bb-42a2-802f-2205ae194d39	16	46608544	55761039	6410	-0.3176
18f46108-26bb-42a2-802f-2205ae194d39	16	55761136	55782734	19	-0.9659
18f46108-26bb-42a2-802f-2205ae194d39	16	55782793	60603438	3001	-0.2976
18f46108-26bb-42a2-802f-2205ae194d39	16	60606005	73377471	7308	-0.3467
18f46108-26bb-42a2-802f-2205ae194d39	16	73378313	73378515	2	-1.8676
18f46108-26bb-42a2-802f-2205ae194d39	16	73378875	73752875	353	-0.3792
18f46108-26bb-42a2-802f-2205ae194d39	16	73753227	73772540	12	-1.0688
18f46108-26bb-42a2-802f-2205ae194d39	16	73772653	76854240	2038	-0.3392
18f46108-26bb-42a2-802f-2205ae194d39	16	76854379	80123127	3777	-0.4033
18f46108-26bb-42a2-802f-2205ae194d39	16	80125332	80125662	3	-2.0274
18f46108-26bb-42a2-802f-2205ae194d39	16	80125807	80132169	15	-0.7031
18f46108-26bb-42a2-802f-2205ae194d39	16	80132707	80212746	77	-0.3798
18f46108-26bb-42a2-802f-2205ae194d39	16	80213013	80217859	12	-0.0408
18f46108-26bb-42a2-802f-2205ae194d39	16	80218562	80219577	7	-1.4279
18f46108-26bb-42a2-802f-2205ae194d39	16	80226167	88545605	7641	-0.3861
18f46108-26bb-42a2-802f-2205ae194d39	16	88546604	90096867	669	-0.2752
18f46108-26bb-42a2-802f-2205ae194d39	17	150733	8657699	4731	-0.1768
18f46108-26bb-42a2-802f-2205ae194d39	17	8657892	18351350	6619	-0.2178
18f46108-26bb-42a2-802f-2205ae194d39	17	18353393	21014469	1070	-0.1491
18f46108-26bb-42a2-802f-2205ae194d39	17	21016191	21060913	26	1.5469
18f46108-26bb-42a2-802f-2205ae194d39	17	21064742	21609755	224	1.0043
18f46108-26bb-42a2-802f-2205ae194d39	17	21612925	28010866	824	0.1838
18f46108-26bb-42a2-802f-2205ae194d39	17	28011680	29248698	530	0.3368
18f46108-26bb-42a2-802f-2205ae194d39	17	29250768	30519374	552	0.1874
18f46108-26bb-42a2-802f-2205ae194d39	17	30524384	36103020	3682	-0.2003
18f46108-26bb-42a2-802f-2205ae194d39	17	36103057	36208249	42	0.3251
18f46108-26bb-42a2-802f-2205ae194d39	17	36460442	41058934	2400	-0.1659
18f46108-26bb-42a2-802f-2205ae194d39	17	41061345	41065355	9	-4.0565
18f46108-26bb-42a2-802f-2205ae194d39	17	41066554	41262120	114	-0.1647
18f46108-26bb-42a2-802f-2205ae194d39	17	41265433	41274279	26	0.9155
18f46108-26bb-42a2-802f-2205ae194d39	17	41276472	83091923	24203	-0.1483
18f46108-26bb-42a2-802f-2205ae194d39	18	48133	226485	63	0.135
18f46108-26bb-42a2-802f-2205ae194d39	18	226712	231520	4	1.1609
18f46108-26bb-42a2-802f-2205ae194d39	18	234058	469797	239	0.0344
18f46108-26bb-42a2-802f-2205ae194d39	18	470944	481341	6	-0.7721
18f46108-26bb-42a2-802f-2205ae194d39	18	483753	4446767	2918	0.0556
18f46108-26bb-42a2-802f-2205ae194d39	18	4447882	5960166	990	-0.0142
18f46108-26bb-42a2-802f-2205ae194d39	18	5960389	6083813	120	-0.1714
18f46108-26bb-42a2-802f-2205ae194d39	18	6085021	15361215	6069	0.0175
18f46108-26bb-42a2-802f-2205ae194d39	18	15375163	29902097	5436	0.0565
18f46108-26bb-42a2-802f-2205ae194d39	18	29908623	30888189	595	0.8112
18f46108-26bb-42a2-802f-2205ae194d39	18	30888218	32093810	840	1.1677
18f46108-26bb-42a2-802f-2205ae194d39	18	32093832	32566704	335	0.9372
18f46108-26bb-42a2-802f-2205ae194d39	18	32567196	32730789	134	0.589
18f46108-26bb-42a2-802f-2205ae194d39	18	32732594	40678118	5037	-0.1647
18f46108-26bb-42a2-802f-2205ae194d39	18	40678132	40685425	32	0.4895
18f46108-26bb-42a2-802f-2205ae194d39	18	40688060	74472872	23859	-0.1995
18f46108-26bb-42a2-802f-2205ae194d39	18	74474167	74474561	2	-2.3391
18f46108-26bb-42a2-802f-2205ae194d39	18	74474777	77148785	2038	-0.2365
18f46108-26bb-42a2-802f-2205ae194d39	18	77149790	77352905	175	0.2386
18f46108-26bb-42a2-802f-2205ae194d39	18	77353765	77612262	216	0.4115
18f46108-26bb-42a2-802f-2205ae194d39	18	77612730	77984769	300	0.2469
18f46108-26bb-42a2-802f-2205ae194d39	18	77985344	78578213	442	-0.2388
18f46108-26bb-42a2-802f-2205ae194d39	18	78578483	78578532	2	-2.0789
18f46108-26bb-42a2-802f-2205ae194d39	18	78578773	79362597	481	-0.2551
18f46108-26bb-42a2-802f-2205ae194d39	18	79362830	79372793	7	-1.0865
18f46108-26bb-42a2-802f-2205ae194d39	18	79373147	80257174	416	-0.2219
18f46108-26bb-42a2-802f-2205ae194d39	19	90910	5506648	1594	-0.2393
18f46108-26bb-42a2-802f-2205ae194d39	19	5510228	5510569	2	-3.0479
18f46108-26bb-42a2-802f-2205ae194d39	19	5510642	8331919	1342	-0.2695
18f46108-26bb-42a2-802f-2205ae194d39	19	8340107	8728944	183	0.2643
18f46108-26bb-42a2-802f-2205ae194d39	19	8731375	8734635	5	1.0056
18f46108-26bb-42a2-802f-2205ae194d39	19	8734644	8899836	103	0.3298
18f46108-26bb-42a2-802f-2205ae194d39	19	8902481	10972534	986	-0.2037
18f46108-26bb-42a2-802f-2205ae194d39	19	10975112	11152817	92	0.3071
18f46108-26bb-42a2-802f-2205ae194d39	19	11157105	11314421	87	-0.2038
18f46108-26bb-42a2-802f-2205ae194d39	19	11327346	11911608	303	0.3227
18f46108-26bb-42a2-802f-2205ae194d39	19	11913792	19802238	3852	-0.1793
18f46108-26bb-42a2-802f-2205ae194d39	19	19806560	20958704	676	-0.0618
18f46108-26bb-42a2-802f-2205ae194d39	19	20958993	24413948	1938	-0.2289
18f46108-26bb-42a2-802f-2205ae194d39	19	27257085	27653592	57	0.3811
18f46108-26bb-42a2-802f-2205ae194d39	19	27662310	27718103	16	-0.2185
18f46108-26bb-42a2-802f-2205ae194d39	19	27741760	28319072	468	0.3579
18f46108-26bb-42a2-802f-2205ae194d39	19	28321673	28804682	336	1.8502
18f46108-26bb-42a2-802f-2205ae194d39	19	28808537	29867930	895	1.4202
18f46108-26bb-42a2-802f-2205ae194d39	19	29867997	30167702	201	0.9309
18f46108-26bb-42a2-802f-2205ae194d39	19	30168010	30391687	145	0.3919
18f46108-26bb-42a2-802f-2205ae194d39	19	30393500	30535800	109	-0.351
18f46108-26bb-42a2-802f-2205ae194d39	19	30537759	30967179	317	0.5467
18f46108-26bb-42a2-802f-2205ae194d39	19	30969053	30982334	9	-0.1572
18f46108-26bb-42a2-802f-2205ae194d39	19	30987219	31161291	128	0.2425
18f46108-26bb-42a2-802f-2205ae194d39	19	31162767	31833783	528	-0.1551
18f46108-26bb-42a2-802f-2205ae194d39	19	31834457	32550339	523	0.5456
18f46108-26bb-42a2-802f-2205ae194d39	19	32553630	33069042	278	-0.2941
18f46108-26bb-42a2-802f-2205ae194d39	19	33071192	33208777	100	0.084
18f46108-26bb-42a2-802f-2205ae194d39	19	33214804	33528854	197	-0.3418
18f46108-26bb-42a2-802f-2205ae194d39	19	33544656	34573764	704	-0.1324
18f46108-26bb-42a2-802f-2205ae194d39	19	34578177	35358420	542	-0.2766
18f46108-26bb-42a2-802f-2205ae194d39	19	35364451	35370946	20	-1.6265
18f46108-26bb-42a2-802f-2205ae194d39	19	35375842	36267995	432	-0.2822
18f46108-26bb-42a2-802f-2205ae194d39	19	36314803	36354973	9	0.3536
18f46108-26bb-42a2-802f-2205ae194d39	19	36355248	38593080	1186	-0.262
18f46108-26bb-42a2-802f-2205ae194d39	19	38597821	39208725	289	0.1086
18f46108-26bb-42a2-802f-2205ae194d39	19	39214100	39250240	17	0.5131
18f46108-26bb-42a2-802f-2205ae194d39	19	39251987	39709868	227	0.0772
18f46108-26bb-42a2-802f-2205ae194d39	19	39710596	39755050	25	0.268
18f46108-26bb-42a2-802f-2205ae194d39	19	39755072	40183334	241	0.4735
18f46108-26bb-42a2-802f-2205ae194d39	19	40183689	40401632	151	0.2201
18f46108-26bb-42a2-802f-2205ae194d39	19	40407632	40657145	89	-0.0016
18f46108-26bb-42a2-802f-2205ae194d39	19	40659347	41462903	450	-0.0974
18f46108-26bb-42a2-802f-2205ae194d39	19	41470755	42044996	276	0.0418
18f46108-26bb-42a2-802f-2205ae194d39	19	42045157	43099219	427	0.6973
18f46108-26bb-42a2-802f-2205ae194d39	19	43103053	43133077	19	1.3351
18f46108-26bb-42a2-802f-2205ae194d39	19	43134115	43170134	22	0.9235
18f46108-26bb-42a2-802f-2205ae194d39	19	43181999	43706167	287	0.4962
18f46108-26bb-42a2-802f-2205ae194d39	19	43709902	44009352	222	0.9821
18f46108-26bb-42a2-802f-2205ae194d39	19	44012455	44254409	159	1.3415
18f46108-26bb-42a2-802f-2205ae194d39	19	44254688	44280140	15	0.9128
18f46108-26bb-42a2-802f-2205ae194d39	19	44281083	44319973	24	1.2774
18f46108-26bb-42a2-802f-2205ae194d39	19	44324943	44373025	43	0.5459
18f46108-26bb-42a2-802f-2205ae194d39	19	44376201	44793549	297	0.8983
18f46108-26bb-42a2-802f-2205ae194d39	19	44806461	44996631	62	1.1617
18f46108-26bb-42a2-802f-2205ae194d39	19	44996768	45066071	30	0.1537
18f46108-26bb-42a2-802f-2205ae194d39	19	45066685	45877913	283	-0.2696
18f46108-26bb-42a2-802f-2205ae194d39	19	45879496	46550753	341	1.6277
18f46108-26bb-42a2-802f-2205ae194d39	19	46563226	54066264	4060	-0.2499
18f46108-26bb-42a2-802f-2205ae194d39	19	54068977	54482557	206	1.5507
18f46108-26bb-42a2-802f-2205ae194d39	19	54483996	54528567	21	0.6189
18f46108-26bb-42a2-802f-2205ae194d39	19	54531275	55771003	628	-0.2598
18f46108-26bb-42a2-802f-2205ae194d39	19	55771169	55771701	3	-2.4977
18f46108-26bb-42a2-802f-2205ae194d39	19	55774927	58366859	1734	-0.2907
18f46108-26bb-42a2-802f-2205ae194d39	19	58370362	58437527	53	0.0577
18f46108-26bb-42a2-802f-2205ae194d39	19	58437684	58586487	48	-0.2225
18f46108-26bb-42a2-802f-2205ae194d39	20	80664	112858	35	0.4814
18f46108-26bb-42a2-802f-2205ae194d39	20	115254	1601561	1204	0.3274
18f46108-26bb-42a2-802f-2205ae194d39	20	1609611	1613247	5	-1.2212
18f46108-26bb-42a2-802f-2205ae194d39	20	1617300	2710750	951	0.3054
18f46108-26bb-42a2-802f-2205ae194d39	20	2712432	5735174	2038	0.4983
18f46108-26bb-42a2-802f-2205ae194d39	20	5737017	14604577	6791	0.308
18f46108-26bb-42a2-802f-2205ae194d39	20	14606791	14805360	147	0.1538
18f46108-26bb-42a2-802f-2205ae194d39	20	14807715	14812192	6	-0.5973
18f46108-26bb-42a2-802f-2205ae194d39	20	14812769	14994049	191	0.1974
18f46108-26bb-42a2-802f-2205ae194d39	20	15001931	18001466	2769	0.302
18f46108-26bb-42a2-802f-2205ae194d39	20	18004604	23441842	4115	0.2643
18f46108-26bb-42a2-802f-2205ae194d39	20	23442460	24213055	603	0.3216
18f46108-26bb-42a2-802f-2205ae194d39	20	24214167	30406589	1215	0.3997
18f46108-26bb-42a2-802f-2205ae194d39	20	30414321	44831705	8325	0.4636
18f46108-26bb-42a2-802f-2205ae194d39	20	44832801	45985854	740	0.5035
18f46108-26bb-42a2-802f-2205ae194d39	20	45986330	45996983	5	1.1911
18f46108-26bb-42a2-802f-2205ae194d39	20	45997113	47695480	1233	0.5141
18f46108-26bb-42a2-802f-2205ae194d39	20	47696906	51487222	2629	0.4562
18f46108-26bb-42a2-802f-2205ae194d39	20	51487320	51611043	102	0.4036
18f46108-26bb-42a2-802f-2205ae194d39	20	51611409	55011835	2691	0.5171
18f46108-26bb-42a2-802f-2205ae194d39	20	55014924	55015243	3	1.6144
18f46108-26bb-42a2-802f-2205ae194d39	20	55016229	57318551	1859	0.5108
18f46108-26bb-42a2-802f-2205ae194d39	20	57324653	61007601	2968	0.467
18f46108-26bb-42a2-802f-2205ae194d39	20	61007997	63556719	1446	0.5794
18f46108-26bb-42a2-802f-2205ae194d39	20	63567905	64155383	229	0.7356
18f46108-26bb-42a2-802f-2205ae194d39	20	64162647	64324800	94	0.6017
18f46108-26bb-42a2-802f-2205ae194d39	21	10354168	46677045	23871	-0.0012
18f46108-26bb-42a2-802f-2205ae194d39	22	15294547	17112118	364	-0.4588
18f46108-26bb-42a2-802f-2205ae194d39	22	17114025	17692559	401	-0.2496
18f46108-26bb-42a2-802f-2205ae194d39	22	17693081	25340373	4495	-0.0958
18f46108-26bb-42a2-802f-2205ae194d39	22	25340378	25349934	8	0.812
18f46108-26bb-42a2-802f-2205ae194d39	22	25349949	26709057	1333	-0.083
18f46108-26bb-42a2-802f-2205ae194d39	22	26711722	28568186	1604	-0.1958
18f46108-26bb-42a2-802f-2205ae194d39	22	28570359	29473201	518	-0.118
18f46108-26bb-42a2-802f-2205ae194d39	22	29474269	29474386	4	1.0555
18f46108-26bb-42a2-802f-2205ae194d39	22	29485712	40395968	7226	-0.1118
18f46108-26bb-42a2-802f-2205ae194d39	22	40397256	40401668	4	-1.3535
18f46108-26bb-42a2-802f-2205ae194d39	22	40404067	42501276	1192	-0.055
18f46108-26bb-42a2-802f-2205ae194d39	22	42503434	42554485	24	0.7335
18f46108-26bb-42a2-802f-2205ae194d39	22	42559425	44672668	1576	-0.1089
18f46108-26bb-42a2-802f-2205ae194d39	22	44675886	50277638	4299	-0.2361
18f46108-26bb-42a2-802f-2205ae194d39	22	50292457	50796027	222	-0.6697
18f46108-26bb-42a2-802f-2205ae194d39	X	251810	4853581	1558	-0.1037
18f46108-26bb-42a2-802f-2205ae194d39	X	4857138	5575042	561	0.5062
18f46108-26bb-42a2-802f-2205ae194d39	X	5578052	5649961	88	0.0202
18f46108-26bb-42a2-802f-2205ae194d39	X	5651329	5752793	96	0.3588
18f46108-26bb-42a2-802f-2205ae194d39	X	5754398	8449487	2106	-0.1842
18f46108-26bb-42a2-802f-2205ae194d39	X	8456076	9355641	639	0.4511
18f46108-26bb-42a2-802f-2205ae194d39	X	9356569	20668503	7289	-0.1465
18f46108-26bb-42a2-802f-2205ae194d39	X	20669148	21615127	391	0.3023
18f46108-26bb-42a2-802f-2205ae194d39	X	21615414	22595555	767	0.1165
18f46108-26bb-42a2-802f-2205ae194d39	X	22595709	28821535	4065	-0.1595
18f46108-26bb-42a2-802f-2205ae194d39	X	28821703	28837436	15	-0.8573
18f46108-26bb-42a2-802f-2205ae194d39	X	28837629	34024137	3634	-0.1862
18f46108-26bb-42a2-802f-2205ae194d39	X	34026256	34122157	81	0.118
18f46108-26bb-42a2-802f-2205ae194d39	X	34126028	53063744	9701	-0.1509
18f46108-26bb-42a2-802f-2205ae194d39	X	53064772	63193211	2542	0.1141
18f46108-26bb-42a2-802f-2205ae194d39	X	63250575	63261699	11	1.2136
18f46108-26bb-42a2-802f-2205ae194d39	X	63267732	151124426	47719	0.0737
18f46108-26bb-42a2-802f-2205ae194d39	X	151125462	151126987	2	-2.1009
18f46108-26bb-42a2-802f-2205ae194d39	X	151128083	155952689	2364	0.1064
18f46108-26bb-42a2-802f-2205ae194d39	Y	2782397	3037676	125	-0.283
18f46108-26bb-42a2-802f-2205ae194d39	Y	3037955	6233339	657	-0.6512
18f46108-26bb-42a2-802f-2205ae194d39	Y	6233355	26377276	5714	-0.3764
18f46108-26bb-42a2-802f-2205ae194d39	Y	26379604	56872112	143	-0.7001
