GDC_Aliquot	Chromosome	Start	End	Num_Probes	Segment_Mean
b6f6f631-af9b-4652-bfe6-ddceddba17f0	1	62920	16689764	8685	0.0121
b6f6f631-af9b-4652-bfe6-ddceddba17f0	1	16718963	16721984	6	-0.9542
b6f6f631-af9b-4652-bfe6-ddceddba17f0	1	16766762	21992508	3407	0.0064
b6f6f631-af9b-4652-bfe6-ddceddba17f0	1	21996664	22010750	5	-1.4589
b6f6f631-af9b-4652-bfe6-ddceddba17f0	1	22011632	105476614	51669	0.004
b6f6f631-af9b-4652-bfe6-ddceddba17f0	1	105476688	105479753	15	-0.6972
b6f6f631-af9b-4652-bfe6-ddceddba17f0	1	105481433	109679105	2634	0.0058
b6f6f631-af9b-4652-bfe6-ddceddba17f0	1	109684695	109697556	15	-1.5183
b6f6f631-af9b-4652-bfe6-ddceddba17f0	1	109702376	121483432	7084	0.0071
b6f6f631-af9b-4652-bfe6-ddceddba17f0	1	121483835	146005291	344	0.108
b6f6f631-af9b-4652-bfe6-ddceddba17f0	1	146018429	152582700	2151	-0.0102
b6f6f631-af9b-4652-bfe6-ddceddba17f0	1	152583051	152614118	36	1.1457
b6f6f631-af9b-4652-bfe6-ddceddba17f0	1	152618018	152787202	167	-0.0099
b6f6f631-af9b-4652-bfe6-ddceddba17f0	1	152789447	152796224	37	-0.4462
b6f6f631-af9b-4652-bfe6-ddceddba17f0	1	152801429	169247699	11280	0.0071
b6f6f631-af9b-4652-bfe6-ddceddba17f0	1	169264736	169272528	7	-4.3514
b6f6f631-af9b-4652-bfe6-ddceddba17f0	1	169273163	196778780	18194	0.0046
b6f6f631-af9b-4652-bfe6-ddceddba17f0	1	196778912	196802150	24	0.4599
b6f6f631-af9b-4652-bfe6-ddceddba17f0	1	196820098	234492213	25646	0.0049
b6f6f631-af9b-4652-bfe6-ddceddba17f0	1	234493654	234493781	2	-1.759
b6f6f631-af9b-4652-bfe6-ddceddba17f0	1	234499713	248930189	10189	0.0101
b6f6f631-af9b-4652-bfe6-ddceddba17f0	2	12784	34476516	24097	0.0054
b6f6f631-af9b-4652-bfe6-ddceddba17f0	2	34476558	34512096	44	0.6824
b6f6f631-af9b-4652-bfe6-ddceddba17f0	2	34512489	52527330	13004	-0.0023
b6f6f631-af9b-4652-bfe6-ddceddba17f0	2	52527342	52554404	39	-2.6296
b6f6f631-af9b-4652-bfe6-ddceddba17f0	2	52560811	86710564	21923	0.0038
b6f6f631-af9b-4652-bfe6-ddceddba17f0	2	86725947	86726731	2	1.6217
b6f6f631-af9b-4652-bfe6-ddceddba17f0	2	86743283	86901078	63	-0.0633
b6f6f631-af9b-4652-bfe6-ddceddba17f0	2	86902080	87082140	14	-0.7265
b6f6f631-af9b-4652-bfe6-ddceddba17f0	2	87082711	87211079	29	-0.0587
b6f6f631-af9b-4652-bfe6-ddceddba17f0	2	87218694	87218834	2	-1.8842
b6f6f631-af9b-4652-bfe6-ddceddba17f0	2	87221597	97359885	1821	-0.0103
b6f6f631-af9b-4652-bfe6-ddceddba17f0	2	97524284	97560849	15	-1.1114
b6f6f631-af9b-4652-bfe6-ddceddba17f0	2	97562741	106266773	5568	-0.0039
b6f6f631-af9b-4652-bfe6-ddceddba17f0	2	106266875	106268901	7	1.0526
b6f6f631-af9b-4652-bfe6-ddceddba17f0	2	106270799	107824280	993	0.023
b6f6f631-af9b-4652-bfe6-ddceddba17f0	2	107830513	107875632	3	-1.1199
b6f6f631-af9b-4652-bfe6-ddceddba17f0	2	107885445	122722323	8499	0.0067
b6f6f631-af9b-4652-bfe6-ddceddba17f0	2	122724137	122724665	7	-0.9722
b6f6f631-af9b-4652-bfe6-ddceddba17f0	2	122726077	128880504	3889	0.001
b6f6f631-af9b-4652-bfe6-ddceddba17f0	2	128880904	128881662	13	-0.8553
b6f6f631-af9b-4652-bfe6-ddceddba17f0	2	128882723	130031201	876	0.0001
b6f6f631-af9b-4652-bfe6-ddceddba17f0	2	130036283	130116915	14	-0.5541
b6f6f631-af9b-4652-bfe6-ddceddba17f0	2	130117303	131458124	425	0.0224
b6f6f631-af9b-4652-bfe6-ddceddba17f0	2	131464435	131472229	4	-1.2072
b6f6f631-af9b-4652-bfe6-ddceddba17f0	2	131472300	183929073	32410	0.0017
b6f6f631-af9b-4652-bfe6-ddceddba17f0	2	183929124	183937714	18	-0.602
b6f6f631-af9b-4652-bfe6-ddceddba17f0	2	183943862	193823021	5565	0.0048
b6f6f631-af9b-4652-bfe6-ddceddba17f0	2	193825580	193829074	2	1.7528
b6f6f631-af9b-4652-bfe6-ddceddba17f0	2	193837590	194204314	196	0.0257
b6f6f631-af9b-4652-bfe6-ddceddba17f0	2	194216153	194216186	2	-1.7853
b6f6f631-af9b-4652-bfe6-ddceddba17f0	2	194216265	212316590	10953	0.0005
b6f6f631-af9b-4652-bfe6-ddceddba17f0	2	212316597	212327454	29	-0.852
b6f6f631-af9b-4652-bfe6-ddceddba17f0	2	212327493	242147305	19017	0.004
b6f6f631-af9b-4652-bfe6-ddceddba17f0	3	20930	807119	652	0.0174
b6f6f631-af9b-4652-bfe6-ddceddba17f0	3	815775	817841	4	-1.0258
b6f6f631-af9b-4652-bfe6-ddceddba17f0	3	819470	6604856	5161	-0.0002
b6f6f631-af9b-4652-bfe6-ddceddba17f0	3	6609441	6611645	23	-0.6815
b6f6f631-af9b-4652-bfe6-ddceddba17f0	3	6613391	22103153	10838	0.0075
b6f6f631-af9b-4652-bfe6-ddceddba17f0	3	22103705	22103781	2	-1.2657
b6f6f631-af9b-4652-bfe6-ddceddba17f0	3	22103901	25354586	2361	0.0018
b6f6f631-af9b-4652-bfe6-ddceddba17f0	3	25355269	25355474	3	-1.2433
b6f6f631-af9b-4652-bfe6-ddceddba17f0	3	25356684	52997929	16681	0.0032
b6f6f631-af9b-4652-bfe6-ddceddba17f0	3	52997995	53007869	39	-0.5492
b6f6f631-af9b-4652-bfe6-ddceddba17f0	3	53010468	60517375	5472	0.0132
b6f6f631-af9b-4652-bfe6-ddceddba17f0	3	60517430	60517705	2	-1.689
b6f6f631-af9b-4652-bfe6-ddceddba17f0	3	60517733	84650607	16480	0.0017
b6f6f631-af9b-4652-bfe6-ddceddba17f0	3	84650642	84651178	5	-0.999
b6f6f631-af9b-4652-bfe6-ddceddba17f0	3	84651212	84652985	7	-2.3995
b6f6f631-af9b-4652-bfe6-ddceddba17f0	3	84653010	99218940	5982	0.0055
b6f6f631-af9b-4652-bfe6-ddceddba17f0	3	99225614	99230225	28	-0.5717
b6f6f631-af9b-4652-bfe6-ddceddba17f0	3	99230232	117535020	11316	0.0082
b6f6f631-af9b-4652-bfe6-ddceddba17f0	3	117539063	117545246	8	-1.094
b6f6f631-af9b-4652-bfe6-ddceddba17f0	3	117548442	130044855	7399	0.0037
b6f6f631-af9b-4652-bfe6-ddceddba17f0	3	130047743	130087393	37	0.6016
b6f6f631-af9b-4652-bfe6-ddceddba17f0	3	130088081	146661402	10392	0.0013
b6f6f631-af9b-4652-bfe6-ddceddba17f0	3	146665207	146665349	2	-1.4405
b6f6f631-af9b-4652-bfe6-ddceddba17f0	3	146665388	161692904	9133	0.0069
b6f6f631-af9b-4652-bfe6-ddceddba17f0	3	161693274	161831201	99	-0.9653
b6f6f631-af9b-4652-bfe6-ddceddba17f0	3	161834016	162794951	645	0.01
b6f6f631-af9b-4652-bfe6-ddceddba17f0	3	162795304	162908207	68	-1.751
b6f6f631-af9b-4652-bfe6-ddceddba17f0	3	162908784	162996729	72	0.0336
b6f6f631-af9b-4652-bfe6-ddceddba17f0	3	162999939	163008644	4	0.8029
b6f6f631-af9b-4652-bfe6-ddceddba17f0	3	163008717	163008827	2	-1.3087
b6f6f631-af9b-4652-bfe6-ddceddba17f0	3	163008889	165323075	1238	0.0152
b6f6f631-af9b-4652-bfe6-ddceddba17f0	3	165323760	165341597	27	-0.9193
b6f6f631-af9b-4652-bfe6-ddceddba17f0	3	165341675	165344711	13	-0.2906
b6f6f631-af9b-4652-bfe6-ddceddba17f0	3	165344960	165364151	25	-0.961
b6f6f631-af9b-4652-bfe6-ddceddba17f0	3	165367641	173522845	4978	0.0034
b6f6f631-af9b-4652-bfe6-ddceddba17f0	3	173529689	173571725	21	0.6195
b6f6f631-af9b-4652-bfe6-ddceddba17f0	3	173571809	187863073	8952	0.0059
b6f6f631-af9b-4652-bfe6-ddceddba17f0	3	187869052	187878736	31	0.3428
b6f6f631-af9b-4652-bfe6-ddceddba17f0	3	187878772	188212725	282	-0.0103
b6f6f631-af9b-4652-bfe6-ddceddba17f0	3	188213864	188215573	2	-1.1267
b6f6f631-af9b-4652-bfe6-ddceddba17f0	3	188217061	189642965	1024	0.0047
b6f6f631-af9b-4652-bfe6-ddceddba17f0	3	189645889	189653199	12	-0.9188
b6f6f631-af9b-4652-bfe6-ddceddba17f0	3	189653225	193156958	2490	0.0097
b6f6f631-af9b-4652-bfe6-ddceddba17f0	3	193160113	193168646	21	0.593
b6f6f631-af9b-4652-bfe6-ddceddba17f0	3	193168669	195656271	1482	0.0013
b6f6f631-af9b-4652-bfe6-ddceddba17f0	3	195663809	195673928	2	1.3764
b6f6f631-af9b-4652-bfe6-ddceddba17f0	3	195683075	198169247	1206	0.0117
b6f6f631-af9b-4652-bfe6-ddceddba17f0	4	68929	10208766	5706	0.0125
b6f6f631-af9b-4652-bfe6-ddceddba17f0	4	10221792	10229874	28	1.8657
b6f6f631-af9b-4652-bfe6-ddceddba17f0	4	10232590	10390730	179	0.0448
b6f6f631-af9b-4652-bfe6-ddceddba17f0	4	10391530	10399044	15	-0.6294
b6f6f631-af9b-4652-bfe6-ddceddba17f0	4	10401094	43201367	22388	0.0037
b6f6f631-af9b-4652-bfe6-ddceddba17f0	4	43204398	43204521	2	-1.3538
b6f6f631-af9b-4652-bfe6-ddceddba17f0	4	43204609	45003738	1064	0.0131
b6f6f631-af9b-4652-bfe6-ddceddba17f0	4	45003835	45004318	4	-0.964
b6f6f631-af9b-4652-bfe6-ddceddba17f0	4	45008952	69261926	13200	0.0087
b6f6f631-af9b-4652-bfe6-ddceddba17f0	4	69261934	69366406	55	-0.7697
b6f6f631-af9b-4652-bfe6-ddceddba17f0	4	69370433	107583477	23207	0.0029
b6f6f631-af9b-4652-bfe6-ddceddba17f0	4	107587491	107588658	2	-1.4761
b6f6f631-af9b-4652-bfe6-ddceddba17f0	4	107588998	113084053	3269	0.0135
b6f6f631-af9b-4652-bfe6-ddceddba17f0	4	113084186	113084230	2	-1.1125
b6f6f631-af9b-4652-bfe6-ddceddba17f0	4	113084490	115244712	1478	-0.0028
b6f6f631-af9b-4652-bfe6-ddceddba17f0	4	115244948	115254969	23	-0.6157
b6f6f631-af9b-4652-bfe6-ddceddba17f0	4	115259026	156047028	24257	0.0074
b6f6f631-af9b-4652-bfe6-ddceddba17f0	4	156047131	156047146	2	-1.9294
b6f6f631-af9b-4652-bfe6-ddceddba17f0	4	156047321	171448195	9764	0.0101
b6f6f631-af9b-4652-bfe6-ddceddba17f0	4	171453733	171456559	10	1.687
b6f6f631-af9b-4652-bfe6-ddceddba17f0	4	171456573	188300206	11343	0.01
b6f6f631-af9b-4652-bfe6-ddceddba17f0	4	188300221	188300270	2	2.0459
b6f6f631-af9b-4652-bfe6-ddceddba17f0	4	188300285	190106768	1143	0.0056
b6f6f631-af9b-4652-bfe6-ddceddba17f0	5	15532	685633	306	-0.039
b6f6f631-af9b-4652-bfe6-ddceddba17f0	5	698256	773075	25	0.7001
b6f6f631-af9b-4652-bfe6-ddceddba17f0	5	773432	1282460	227	0.0442
b6f6f631-af9b-4652-bfe6-ddceddba17f0	5	1282493	1286026	9	-0.7797
b6f6f631-af9b-4652-bfe6-ddceddba17f0	5	1286117	9898850	7447	0.009
b6f6f631-af9b-4652-bfe6-ddceddba17f0	5	9901840	9926299	33	-0.9929
b6f6f631-af9b-4652-bfe6-ddceddba17f0	5	9926575	15719241	4131	0.0084
b6f6f631-af9b-4652-bfe6-ddceddba17f0	5	15719966	15720488	9	-0.9018
b6f6f631-af9b-4652-bfe6-ddceddba17f0	5	15723237	18449552	1756	0.0071
b6f6f631-af9b-4652-bfe6-ddceddba17f0	5	18450505	18453901	2	-3.7957
b6f6f631-af9b-4652-bfe6-ddceddba17f0	5	18458441	26789387	4909	0.0097
b6f6f631-af9b-4652-bfe6-ddceddba17f0	5	26797651	26797735	2	-2.3077
b6f6f631-af9b-4652-bfe6-ddceddba17f0	5	26803775	27351896	295	0.008
b6f6f631-af9b-4652-bfe6-ddceddba17f0	5	27355563	27355801	2	-1.4227
b6f6f631-af9b-4652-bfe6-ddceddba17f0	5	27356326	46271006	11525	0.0044
b6f6f631-af9b-4652-bfe6-ddceddba17f0	5	46271828	46273400	6	-3.2027
b6f6f631-af9b-4652-bfe6-ddceddba17f0	5	46278110	58025819	5071	0.0029
b6f6f631-af9b-4652-bfe6-ddceddba17f0	5	58030200	58037706	32	1.9694
b6f6f631-af9b-4652-bfe6-ddceddba17f0	5	58042530	69550476	7295	0.0067
b6f6f631-af9b-4652-bfe6-ddceddba17f0	5	69571467	69822308	5	1.3626
b6f6f631-af9b-4652-bfe6-ddceddba17f0	5	69937600	140844251	42757	0.0057
b6f6f631-af9b-4652-bfe6-ddceddba17f0	5	140851936	140852254	9	-0.8739
b6f6f631-af9b-4652-bfe6-ddceddba17f0	5	140861442	180947484	26824	0.0101
b6f6f631-af9b-4652-bfe6-ddceddba17f0	5	180947523	180991103	20	-0.6005
b6f6f631-af9b-4652-bfe6-ddceddba17f0	5	181006225	181363319	170	-0.0273
b6f6f631-af9b-4652-bfe6-ddceddba17f0	6	149661	254283	101	0.0122
b6f6f631-af9b-4652-bfe6-ddceddba17f0	6	257353	381149	101	-0.4493
b6f6f631-af9b-4652-bfe6-ddceddba17f0	6	382559	26747492	20033	-0.0001
b6f6f631-af9b-4652-bfe6-ddceddba17f0	6	26747504	26855781	11	0.6228
b6f6f631-af9b-4652-bfe6-ddceddba17f0	6	26859166	29881490	1424	0.0199
b6f6f631-af9b-4652-bfe6-ddceddba17f0	6	29882419	29933799	20	0.5072
b6f6f631-af9b-4652-bfe6-ddceddba17f0	6	29940692	31305253	640	0.0054
b6f6f631-af9b-4652-bfe6-ddceddba17f0	6	31305926	31319445	8	-0.1021
b6f6f631-af9b-4652-bfe6-ddceddba17f0	6	31319724	31328674	6	1.3779
b6f6f631-af9b-4652-bfe6-ddceddba17f0	6	31342147	32614112	542	0.005
b6f6f631-af9b-4652-bfe6-ddceddba17f0	6	32614426	32634330	9	-1.0392
b6f6f631-af9b-4652-bfe6-ddceddba17f0	6	32634492	32657318	9	0.1497
b6f6f631-af9b-4652-bfe6-ddceddba17f0	6	32658111	32658841	3	1.3055
b6f6f631-af9b-4652-bfe6-ddceddba17f0	6	32682835	35785015	1751	0.0082
b6f6f631-af9b-4652-bfe6-ddceddba17f0	6	35789073	35789301	3	-1.0629
b6f6f631-af9b-4652-bfe6-ddceddba17f0	6	35789522	54066286	11943	0.0001
b6f6f631-af9b-4652-bfe6-ddceddba17f0	6	54066353	54067057	7	1.4329
b6f6f631-af9b-4652-bfe6-ddceddba17f0	6	54070550	62213920	2970	0.0037
b6f6f631-af9b-4652-bfe6-ddceddba17f0	6	62215737	62218399	4	-1.0685
b6f6f631-af9b-4652-bfe6-ddceddba17f0	6	62221798	68975066	4263	0.0082
b6f6f631-af9b-4652-bfe6-ddceddba17f0	6	68976737	68990430	7	-0.6937
b6f6f631-af9b-4652-bfe6-ddceddba17f0	6	68990505	73882142	3142	0.0016
b6f6f631-af9b-4652-bfe6-ddceddba17f0	6	73882509	73891694	10	0.8907
b6f6f631-af9b-4652-bfe6-ddceddba17f0	6	73893839	76726815	1769	-0.002
b6f6f631-af9b-4652-bfe6-ddceddba17f0	6	76730151	76733530	11	-0.7769
b6f6f631-af9b-4652-bfe6-ddceddba17f0	6	76736482	78252864	984	-0.0016
b6f6f631-af9b-4652-bfe6-ddceddba17f0	6	78252909	78322875	112	-0.4721
b6f6f631-af9b-4652-bfe6-ddceddba17f0	6	78325223	84855349	4149	0.004
b6f6f631-af9b-4652-bfe6-ddceddba17f0	6	84856291	84862029	4	-1.1272
b6f6f631-af9b-4652-bfe6-ddceddba17f0	6	84863228	92864624	5084	0.0052
b6f6f631-af9b-4652-bfe6-ddceddba17f0	6	92866148	92868912	31	-0.8813
b6f6f631-af9b-4652-bfe6-ddceddba17f0	6	92873205	103286954	6212	0.0048
b6f6f631-af9b-4652-bfe6-ddceddba17f0	6	103290101	103314186	46	-1.4347
b6f6f631-af9b-4652-bfe6-ddceddba17f0	6	103317795	104357313	665	-0.0019
b6f6f631-af9b-4652-bfe6-ddceddba17f0	6	104357839	104358576	2	-1.3144
b6f6f631-af9b-4652-bfe6-ddceddba17f0	6	104358665	131438900	16681	0.0036
b6f6f631-af9b-4652-bfe6-ddceddba17f0	6	131439687	131443179	4	-1.1138
b6f6f631-af9b-4652-bfe6-ddceddba17f0	6	131447795	170741917	26819	0.0051
b6f6f631-af9b-4652-bfe6-ddceddba17f0	7	43355	45507947	32019	0.006
b6f6f631-af9b-4652-bfe6-ddceddba17f0	7	45509655	45513547	5	-0.9072
b6f6f631-af9b-4652-bfe6-ddceddba17f0	7	45514082	48405553	2083	-0.0026
b6f6f631-af9b-4652-bfe6-ddceddba17f0	7	48408371	48411857	5	-1.2258
b6f6f631-af9b-4652-bfe6-ddceddba17f0	7	48413884	54305455	4364	0.0057
b6f6f631-af9b-4652-bfe6-ddceddba17f0	7	54318812	54318824	6	1.9112
b6f6f631-af9b-4652-bfe6-ddceddba17f0	7	54325795	91578827	17971	0.0044
b6f6f631-af9b-4652-bfe6-ddceddba17f0	7	91589569	91589817	3	-2.3812
b6f6f631-af9b-4652-bfe6-ddceddba17f0	7	91595717	109797612	10471	0.0053
b6f6f631-af9b-4652-bfe6-ddceddba17f0	7	109797616	109800860	8	-0.6713
b6f6f631-af9b-4652-bfe6-ddceddba17f0	7	109800861	143521765	20923	0.0027
b6f6f631-af9b-4652-bfe6-ddceddba17f0	7	143529806	143603307	5	-1.0833
b6f6f631-af9b-4652-bfe6-ddceddba17f0	7	143728285	150590089	4151	0.0049
b6f6f631-af9b-4652-bfe6-ddceddba17f0	7	150591743	150616096	12	-0.5857
b6f6f631-af9b-4652-bfe6-ddceddba17f0	7	150616328	154598185	2557	0.008
b6f6f631-af9b-4652-bfe6-ddceddba17f0	7	154601461	154607903	4	-1.1751
b6f6f631-af9b-4652-bfe6-ddceddba17f0	7	154609120	156592980	1605	0.0024
b6f6f631-af9b-4652-bfe6-ddceddba17f0	7	156599096	156601485	4	-1.2089
b6f6f631-af9b-4652-bfe6-ddceddba17f0	7	156602214	159280682	1573	0.0116
b6f6f631-af9b-4652-bfe6-ddceddba17f0	7	159284055	159334314	51	-0.2739
b6f6f631-af9b-4652-bfe6-ddceddba17f0	8	81254	262894	41	-0.2201
b6f6f631-af9b-4652-bfe6-ddceddba17f0	8	262995	644973	283	0.0576
b6f6f631-af9b-4652-bfe6-ddceddba17f0	8	645220	645875	6	1.6304
b6f6f631-af9b-4652-bfe6-ddceddba17f0	8	645892	645908	2	6.6174
b6f6f631-af9b-4652-bfe6-ddceddba17f0	8	656117	705142	41	-0.0972
b6f6f631-af9b-4652-bfe6-ddceddba17f0	8	705828	705913	2	-2.2774
b6f6f631-af9b-4652-bfe6-ddceddba17f0	8	706238	4141366	3319	0.0122
b6f6f631-af9b-4652-bfe6-ddceddba17f0	8	4144463	4144794	7	0.8843
b6f6f631-af9b-4652-bfe6-ddceddba17f0	8	4145131	6956923	3889	0.0233
b6f6f631-af9b-4652-bfe6-ddceddba17f0	8	6957134	6957806	6	-0.7989
b6f6f631-af9b-4652-bfe6-ddceddba17f0	8	6958057	6968741	27	0.052
b6f6f631-af9b-4652-bfe6-ddceddba17f0	8	6968768	7022281	21	-0.7259
b6f6f631-af9b-4652-bfe6-ddceddba17f0	8	7022540	7358233	92	-0.0677
b6f6f631-af9b-4652-bfe6-ddceddba17f0	8	7358321	7974123	44	-0.7207
b6f6f631-af9b-4652-bfe6-ddceddba17f0	8	7981252	12092042	3236	-0.0002
b6f6f631-af9b-4652-bfe6-ddceddba17f0	8	12130217	12143614	6	-1.8352
b6f6f631-af9b-4652-bfe6-ddceddba17f0	8	12176798	12419769	33	0.1986
b6f6f631-af9b-4652-bfe6-ddceddba17f0	8	12454103	12616373	21	-0.4306
b6f6f631-af9b-4652-bfe6-ddceddba17f0	8	12620185	25116961	10402	0.0062
b6f6f631-af9b-4652-bfe6-ddceddba17f0	8	25117007	25122039	12	0.5331
b6f6f631-af9b-4652-bfe6-ddceddba17f0	8	25122389	39373140	9034	0.0051
b6f6f631-af9b-4652-bfe6-ddceddba17f0	8	39378084	39529446	59	0.8948
b6f6f631-af9b-4652-bfe6-ddceddba17f0	8	39530780	63936340	13652	0.0071
b6f6f631-af9b-4652-bfe6-ddceddba17f0	8	63936355	63936561	5	1.3686
b6f6f631-af9b-4652-bfe6-ddceddba17f0	8	63936953	67635434	1880	0.0035
b6f6f631-af9b-4652-bfe6-ddceddba17f0	8	67635897	67637022	15	-0.5312
b6f6f631-af9b-4652-bfe6-ddceddba17f0	8	67637039	71300130	2350	-0.0011
b6f6f631-af9b-4652-bfe6-ddceddba17f0	8	71303076	71304364	8	-2.6223
b6f6f631-af9b-4652-bfe6-ddceddba17f0	8	71307628	111282809	24108	0.004
b6f6f631-af9b-4652-bfe6-ddceddba17f0	8	111282852	111283031	4	-2.9176
b6f6f631-af9b-4652-bfe6-ddceddba17f0	8	111288052	136881227	17944	0.0021
b6f6f631-af9b-4652-bfe6-ddceddba17f0	8	136882257	136882271	2	-2.8823
b6f6f631-af9b-4652-bfe6-ddceddba17f0	8	136888490	145072769	4975	-0.0003
b6f6f631-af9b-4652-bfe6-ddceddba17f0	9	46587	668887	638	0.0196
b6f6f631-af9b-4652-bfe6-ddceddba17f0	9	669259	669386	2	-1.3387
b6f6f631-af9b-4652-bfe6-ddceddba17f0	9	670943	23361807	19785	0.0073
b6f6f631-af9b-4652-bfe6-ddceddba17f0	9	23363117	23373486	8	-3.1835
b6f6f631-af9b-4652-bfe6-ddceddba17f0	9	23378490	39138124	10701	0.0038
b6f6f631-af9b-4652-bfe6-ddceddba17f0	9	39140235	39272359	11	-0.8086
b6f6f631-af9b-4652-bfe6-ddceddba17f0	9	39313823	61405110	228	-0.0493
b6f6f631-af9b-4652-bfe6-ddceddba17f0	9	61520021	61629689	28	0.8597
b6f6f631-af9b-4652-bfe6-ddceddba17f0	9	61633080	103804216	24974	0.002
b6f6f631-af9b-4652-bfe6-ddceddba17f0	9	103806415	103807009	2	-3.7758
b6f6f631-af9b-4652-bfe6-ddceddba17f0	9	103808421	135319522	22003	0.0063
b6f6f631-af9b-4652-bfe6-ddceddba17f0	9	135322259	135324566	3	-3.0866
b6f6f631-af9b-4652-bfe6-ddceddba17f0	9	135325951	138200944	1109	0.0048
b6f6f631-af9b-4652-bfe6-ddceddba17f0	10	45792	27298602	21402	0.0072
b6f6f631-af9b-4652-bfe6-ddceddba17f0	10	27304498	27308509	2	-1.8416
b6f6f631-af9b-4652-bfe6-ddceddba17f0	10	27318256	28835916	1088	0.0044
b6f6f631-af9b-4652-bfe6-ddceddba17f0	10	28836990	28837240	2	-1.3293
b6f6f631-af9b-4652-bfe6-ddceddba17f0	10	28844003	30957581	1732	0.0096
b6f6f631-af9b-4652-bfe6-ddceddba17f0	10	30962405	30962850	11	-0.6533
b6f6f631-af9b-4652-bfe6-ddceddba17f0	10	30962893	44712777	6606	0.0039
b6f6f631-af9b-4652-bfe6-ddceddba17f0	10	44715242	44862350	113	0.6294
b6f6f631-af9b-4652-bfe6-ddceddba17f0	10	44871459	89178916	29317	0.0054
b6f6f631-af9b-4652-bfe6-ddceddba17f0	10	89183210	89190337	13	-0.9678
b6f6f631-af9b-4652-bfe6-ddceddba17f0	10	89190649	133654968	30390	0.0062
b6f6f631-af9b-4652-bfe6-ddceddba17f0	11	198510	4705210	2147	0.0025
b6f6f631-af9b-4652-bfe6-ddceddba17f0	11	4705388	4705661	5	-1.1832
b6f6f631-af9b-4652-bfe6-ddceddba17f0	11	4707904	5757293	1071	-0.0025
b6f6f631-af9b-4652-bfe6-ddceddba17f0	11	5761695	5787909	41	0.3209
b6f6f631-af9b-4652-bfe6-ddceddba17f0	11	5788108	18919323	9409	0.0058
b6f6f631-af9b-4652-bfe6-ddceddba17f0	11	18927525	18939631	35	-0.424
b6f6f631-af9b-4652-bfe6-ddceddba17f0	11	18939734	55593955	21773	0.0079
b6f6f631-af9b-4652-bfe6-ddceddba17f0	11	55595864	55606572	3	-0.9788
b6f6f631-af9b-4652-bfe6-ddceddba17f0	11	55606712	55685533	57	-2.3641
b6f6f631-af9b-4652-bfe6-ddceddba17f0	11	55686100	80256469	13266	0.008
b6f6f631-af9b-4652-bfe6-ddceddba17f0	11	80256504	80256520	2	-3.648
b6f6f631-af9b-4652-bfe6-ddceddba17f0	11	80256642	101723653	15299	0.0004
b6f6f631-af9b-4652-bfe6-ddceddba17f0	11	101727129	101727233	4	1.4965
b6f6f631-af9b-4652-bfe6-ddceddba17f0	11	101727481	134731897	23446	0.0053
b6f6f631-af9b-4652-bfe6-ddceddba17f0	11	134732386	134734098	3	-1.0934
b6f6f631-af9b-4652-bfe6-ddceddba17f0	11	134737977	135074876	281	0
b6f6f631-af9b-4652-bfe6-ddceddba17f0	12	51460	4279366	2889	0.0094
b6f6f631-af9b-4652-bfe6-ddceddba17f0	12	4279989	4280040	4	-1.1185
b6f6f631-af9b-4652-bfe6-ddceddba17f0	12	4280183	9474642	3282	-0.0047
b6f6f631-af9b-4652-bfe6-ddceddba17f0	12	9477960	9543959	18	0.4441
b6f6f631-af9b-4652-bfe6-ddceddba17f0	12	9544622	11351157	1185	0.0107
b6f6f631-af9b-4652-bfe6-ddceddba17f0	12	11358643	11390472	31	-0.8021
b6f6f631-af9b-4652-bfe6-ddceddba17f0	12	11399258	16565739	3763	-0.002
b6f6f631-af9b-4652-bfe6-ddceddba17f0	12	16566754	16579016	3	-1.365
b6f6f631-af9b-4652-bfe6-ddceddba17f0	12	16580514	30087223	9339	0.0045
b6f6f631-af9b-4652-bfe6-ddceddba17f0	12	30087238	30090756	15	0.5793
b6f6f631-af9b-4652-bfe6-ddceddba17f0	12	30090789	45506042	7871	0.0054
b6f6f631-af9b-4652-bfe6-ddceddba17f0	12	45510655	45515754	4	1.1256
b6f6f631-af9b-4652-bfe6-ddceddba17f0	12	45519509	48331259	1717	-0.0022
b6f6f631-af9b-4652-bfe6-ddceddba17f0	12	48331456	48331632	3	-1.7988
b6f6f631-af9b-4652-bfe6-ddceddba17f0	12	48336253	119546020	45661	0.0065
b6f6f631-af9b-4652-bfe6-ddceddba17f0	12	119551082	119552956	16	-0.8789
b6f6f631-af9b-4652-bfe6-ddceddba17f0	12	119556236	128744341	5972	0.0117
b6f6f631-af9b-4652-bfe6-ddceddba17f0	12	128745968	128748000	7	-1.168
b6f6f631-af9b-4652-bfe6-ddceddba17f0	12	128749443	133201603	3065	0.0211
b6f6f631-af9b-4652-bfe6-ddceddba17f0	13	18452809	70173685	33953	0.0052
b6f6f631-af9b-4652-bfe6-ddceddba17f0	13	70175852	70189130	10	0.6932
b6f6f631-af9b-4652-bfe6-ddceddba17f0	13	70189240	71902850	1087	0.0014
b6f6f631-af9b-4652-bfe6-ddceddba17f0	13	71903417	71906418	4	-2.9481
b6f6f631-af9b-4652-bfe6-ddceddba17f0	13	71906467	97875020	16950	0.0035
b6f6f631-af9b-4652-bfe6-ddceddba17f0	13	97877870	97879211	6	-1.0771
b6f6f631-af9b-4652-bfe6-ddceddba17f0	13	97881576	103568241	4248	0.0026
b6f6f631-af9b-4652-bfe6-ddceddba17f0	13	103568634	103568646	2	-1.5294
b6f6f631-af9b-4652-bfe6-ddceddba17f0	13	103569524	105663858	1728	0.0076
b6f6f631-af9b-4652-bfe6-ddceddba17f0	13	105664476	105664543	2	-1.3926
b6f6f631-af9b-4652-bfe6-ddceddba17f0	13	105664587	112879562	5506	-0.0006
b6f6f631-af9b-4652-bfe6-ddceddba17f0	13	112879747	112879894	3	1.783
b6f6f631-af9b-4652-bfe6-ddceddba17f0	13	112880521	114342922	648	0.0166
b6f6f631-af9b-4652-bfe6-ddceddba17f0	14	18239283	19956767	167	-0.3487
b6f6f631-af9b-4652-bfe6-ddceddba17f0	14	19957350	20082381	91	0.0018
b6f6f631-af9b-4652-bfe6-ddceddba17f0	14	20085125	20087037	2	1.3318
b6f6f631-af9b-4652-bfe6-ddceddba17f0	14	20089108	21928444	1270	0.0101
b6f6f631-af9b-4652-bfe6-ddceddba17f0	14	21928968	22474238	439	0.1426
b6f6f631-af9b-4652-bfe6-ddceddba17f0	14	22474392	105588560	52931	0.007
b6f6f631-af9b-4652-bfe6-ddceddba17f0	14	105612353	105691429	14	-0.4408
b6f6f631-af9b-4652-bfe6-ddceddba17f0	14	105700900	106258891	178	0.0149
b6f6f631-af9b-4652-bfe6-ddceddba17f0	14	106260759	106266163	5	-1.0479
b6f6f631-af9b-4652-bfe6-ddceddba17f0	14	106266761	106340102	30	0.0621
b6f6f631-af9b-4652-bfe6-ddceddba17f0	14	106340305	106346129	6	-0.8602
b6f6f631-af9b-4652-bfe6-ddceddba17f0	14	106360014	106416146	30	0.0646
b6f6f631-af9b-4652-bfe6-ddceddba17f0	14	106418444	106462183	49	-0.6791
b6f6f631-af9b-4652-bfe6-ddceddba17f0	14	106462724	106877229	195	-0.0571
b6f6f631-af9b-4652-bfe6-ddceddba17f0	15	19811075	20026653	47	-0.1024
b6f6f631-af9b-4652-bfe6-ddceddba17f0	15	20041119	20064520	7	0.776
b6f6f631-af9b-4652-bfe6-ddceddba17f0	15	20187568	20376201	38	0.112
b6f6f631-af9b-4652-bfe6-ddceddba17f0	15	20376202	20381704	13	-0.4255
b6f6f631-af9b-4652-bfe6-ddceddba17f0	15	20384774	20670989	46	0.0899
b6f6f631-af9b-4652-bfe6-ddceddba17f0	15	20981071	20988347	5	-1.8791
b6f6f631-af9b-4652-bfe6-ddceddba17f0	15	21005443	71375388	31045	0.0053
b6f6f631-af9b-4652-bfe6-ddceddba17f0	15	71375801	71375895	2	-1.6514
b6f6f631-af9b-4652-bfe6-ddceddba17f0	15	71376173	97265179	16918	0.0071
b6f6f631-af9b-4652-bfe6-ddceddba17f0	15	97274562	97288957	11	-0.8239
b6f6f631-af9b-4652-bfe6-ddceddba17f0	15	97290419	101928837	3427	0.0177
b6f6f631-af9b-4652-bfe6-ddceddba17f0	16	10777	12016	3	-1.0215
b6f6f631-af9b-4652-bfe6-ddceddba17f0	16	35827	55761136	26933	0.0108
b6f6f631-af9b-4652-bfe6-ddceddba17f0	16	55762477	55782734	18	-2.9082
b6f6f631-af9b-4652-bfe6-ddceddba17f0	16	55782793	66017015	6763	0.004
b6f6f631-af9b-4652-bfe6-ddceddba17f0	16	66019327	66019498	2	-2.3387
b6f6f631-af9b-4652-bfe6-ddceddba17f0	16	66020304	75490811	4932	0.0118
b6f6f631-af9b-4652-bfe6-ddceddba17f0	16	75499773	75542100	23	0.561
b6f6f631-af9b-4652-bfe6-ddceddba17f0	16	75546219	90096867	13199	0.0145
b6f6f631-af9b-4652-bfe6-ddceddba17f0	17	150733	7354708	4085	0.0152
b6f6f631-af9b-4652-bfe6-ddceddba17f0	17	7362030	7362487	2	-2.0341
b6f6f631-af9b-4652-bfe6-ddceddba17f0	17	7363157	15608819	5920	0.0102
b6f6f631-af9b-4652-bfe6-ddceddba17f0	17	15609752	15643476	5	-1.0254
b6f6f631-af9b-4652-bfe6-ddceddba17f0	17	15650964	18410516	1377	0
b6f6f631-af9b-4652-bfe6-ddceddba17f0	17	18413799	18561907	31	0.5321
b6f6f631-af9b-4652-bfe6-ddceddba17f0	17	18565883	21205838	1084	0.0172
b6f6f631-af9b-4652-bfe6-ddceddba17f0	17	21205910	21207119	2	-1.5676
b6f6f631-af9b-4652-bfe6-ddceddba17f0	17	21209592	41053891	8185	0.0074
b6f6f631-af9b-4652-bfe6-ddceddba17f0	17	41055656	41065355	12	-1.2074
b6f6f631-af9b-4652-bfe6-ddceddba17f0	17	41066554	41265456	115	0.0198
b6f6f631-af9b-4652-bfe6-ddceddba17f0	17	41266762	41266851	6	0.5702
b6f6f631-af9b-4652-bfe6-ddceddba17f0	17	41266901	41267068	5	1.8519
b6f6f631-af9b-4652-bfe6-ddceddba17f0	17	41267082	41273905	9	0.5159
b6f6f631-af9b-4652-bfe6-ddceddba17f0	17	41273921	41274198	3	3.715
b6f6f631-af9b-4652-bfe6-ddceddba17f0	17	41274279	45577724	2157	0.0117
b6f6f631-af9b-4652-bfe6-ddceddba17f0	17	45579014	45587327	7	-1.1599
b6f6f631-af9b-4652-bfe6-ddceddba17f0	17	45597863	46113719	354	0.0373
b6f6f631-af9b-4652-bfe6-ddceddba17f0	17	46114412	46284643	104	-0.4441
b6f6f631-af9b-4652-bfe6-ddceddba17f0	17	46284997	46351954	4	0.4099
b6f6f631-af9b-4652-bfe6-ddceddba17f0	17	46446345	46446360	2	4.1395
b6f6f631-af9b-4652-bfe6-ddceddba17f0	17	46569894	57610128	7002	0.0074
b6f6f631-af9b-4652-bfe6-ddceddba17f0	17	57610972	57611632	2	-1.5987
b6f6f631-af9b-4652-bfe6-ddceddba17f0	17	57614632	83091923	14564	0.0089
b6f6f631-af9b-4652-bfe6-ddceddba17f0	18	48133	40678763	22793	0.0076
b6f6f631-af9b-4652-bfe6-ddceddba17f0	18	40680456	40685425	19	0.7171
b6f6f631-af9b-4652-bfe6-ddceddba17f0	18	40688060	53675521	8912	0.0062
b6f6f631-af9b-4652-bfe6-ddceddba17f0	18	53677765	53684270	6	-0.7318
b6f6f631-af9b-4652-bfe6-ddceddba17f0	18	53685778	65533230	8202	0.0061
b6f6f631-af9b-4652-bfe6-ddceddba17f0	18	65533243	65537481	17	0.8012
b6f6f631-af9b-4652-bfe6-ddceddba17f0	18	65540037	80257174	10797	0.0067
b6f6f631-af9b-4652-bfe6-ddceddba17f0	19	90910	54740939	26794	0.0118
b6f6f631-af9b-4652-bfe6-ddceddba17f0	19	54772391	54868201	51	-0.8063
b6f6f631-af9b-4652-bfe6-ddceddba17f0	19	54871595	58586487	2267	0.0152
b6f6f631-af9b-4652-bfe6-ddceddba17f0	20	80664	1580353	1204	0.0107
b6f6f631-af9b-4652-bfe6-ddceddba17f0	20	1580934	1591257	23	-0.3808
b6f6f631-af9b-4652-bfe6-ddceddba17f0	20	1591489	1613247	18	-1.04
b6f6f631-af9b-4652-bfe6-ddceddba17f0	20	1617300	64324800	41148	0.0075
b6f6f631-af9b-4652-bfe6-ddceddba17f0	21	10354168	13583316	269	0.0252
b6f6f631-af9b-4652-bfe6-ddceddba17f0	21	13612103	13677975	4	-1.1308
b6f6f631-af9b-4652-bfe6-ddceddba17f0	21	13803967	26908194	9587	0.0124
b6f6f631-af9b-4652-bfe6-ddceddba17f0	21	26910341	26910533	3	-2.5127
b6f6f631-af9b-4652-bfe6-ddceddba17f0	21	26911285	46677045	14006	0.0064
b6f6f631-af9b-4652-bfe6-ddceddba17f0	22	15294547	18822597	1141	-0.0054
b6f6f631-af9b-4652-bfe6-ddceddba17f0	22	18917479	18918093	3	-1.3106
b6f6f631-af9b-4652-bfe6-ddceddba17f0	22	18947964	22119549	1977	0.0145
b6f6f631-af9b-4652-bfe6-ddceddba17f0	22	22119654	22120255	5	-1.094
b6f6f631-af9b-4652-bfe6-ddceddba17f0	22	22127104	37336893	11302	0.0097
b6f6f631-af9b-4652-bfe6-ddceddba17f0	22	37346951	37353906	5	-0.8775
b6f6f631-af9b-4652-bfe6-ddceddba17f0	22	37354627	38894915	766	0.012
b6f6f631-af9b-4652-bfe6-ddceddba17f0	22	38899250	38900899	3	-3.4496
b6f6f631-af9b-4652-bfe6-ddceddba17f0	22	38903109	42496576	1952	0.0101
b6f6f631-af9b-4652-bfe6-ddceddba17f0	22	42496590	42554485	26	0.3831
b6f6f631-af9b-4652-bfe6-ddceddba17f0	22	42559425	50796027	6099	0.0176
b6f6f631-af9b-4652-bfe6-ddceddba17f0	X	251810	8112405	4129	0.0208
b6f6f631-af9b-4652-bfe6-ddceddba17f0	X	8113516	8113674	2	-2.0124
b6f6f631-af9b-4652-bfe6-ddceddba17f0	X	8114413	90894450	42769	0.0091
b6f6f631-af9b-4652-bfe6-ddceddba17f0	X	90895679	90942365	14	-0.5838
b6f6f631-af9b-4652-bfe6-ddceddba17f0	X	90943224	125666937	19064	0.003
b6f6f631-af9b-4652-bfe6-ddceddba17f0	X	125669632	125676616	4	-1.6381
b6f6f631-af9b-4652-bfe6-ddceddba17f0	X	125679581	126754898	617	-0.0019
b6f6f631-af9b-4652-bfe6-ddceddba17f0	X	126755041	126755054	2	-1.5459
b6f6f631-af9b-4652-bfe6-ddceddba17f0	X	126759544	155164107	16822	0.0055
b6f6f631-af9b-4652-bfe6-ddceddba17f0	X	155167645	155172909	3	-1.0692
b6f6f631-af9b-4652-bfe6-ddceddba17f0	X	155173469	155952689	230	-0.0028
b6f6f631-af9b-4652-bfe6-ddceddba17f0	Y	2782397	56872112	6639	-0.9234
