GDC_Aliquot	Chromosome	Start	End	Num_Probes	Segment_Mean
5b2ef5e1-b131-4220-9a34-6650e8656e76	1	3301765	3854365	294	0.2226
5b2ef5e1-b131-4220-9a34-6650e8656e76	1	3854784	3854839	2	-0.8393
5b2ef5e1-b131-4220-9a34-6650e8656e76	1	3855795	6734871	1931	0.2257
5b2ef5e1-b131-4220-9a34-6650e8656e76	1	6738919	6740891	3	-1.0016
5b2ef5e1-b131-4220-9a34-6650e8656e76	1	6743432	15954128	4886	0.2191
5b2ef5e1-b131-4220-9a34-6650e8656e76	1	15956281	16018332	37	0.6127
5b2ef5e1-b131-4220-9a34-6650e8656e76	1	16018760	22204641	3426	0.2143
5b2ef5e1-b131-4220-9a34-6650e8656e76	1	22204809	22221477	16	-0.245
5b2ef5e1-b131-4220-9a34-6650e8656e76	1	22222904	44666077	11819	0.2107
5b2ef5e1-b131-4220-9a34-6650e8656e76	1	44669091	44708446	25	0.6966
5b2ef5e1-b131-4220-9a34-6650e8656e76	1	44709379	170648305	58737	0.2156
5b2ef5e1-b131-4220-9a34-6650e8656e76	1	170649098	170649838	3	-1.104
5b2ef5e1-b131-4220-9a34-6650e8656e76	1	170653968	247650984	48599	0.2105
5b2ef5e1-b131-4220-9a34-6650e8656e76	2	480597	8610543	5039	-0.2455
5b2ef5e1-b131-4220-9a34-6650e8656e76	2	8611247	9320861	424	0.2115
5b2ef5e1-b131-4220-9a34-6650e8656e76	2	9321472	9325558	4	1.0479
5b2ef5e1-b131-4220-9a34-6650e8656e76	2	9329672	21240008	8158	0.1641
5b2ef5e1-b131-4220-9a34-6650e8656e76	2	21240840	55244022	19009	0.464
5b2ef5e1-b131-4220-9a34-6650e8656e76	2	55244122	83909877	16194	0.1627
5b2ef5e1-b131-4220-9a34-6650e8656e76	2	83910559	83951907	21	-0.2153
5b2ef5e1-b131-4220-9a34-6650e8656e76	2	83954926	98862039	3271	0.1583
5b2ef5e1-b131-4220-9a34-6650e8656e76	2	98866025	99849693	494	-0.0989
5b2ef5e1-b131-4220-9a34-6650e8656e76	2	99852491	100070341	131	0.1776
5b2ef5e1-b131-4220-9a34-6650e8656e76	2	100072926	104115659	2558	-0.0794
5b2ef5e1-b131-4220-9a34-6650e8656e76	2	104116515	104623631	319	0.1436
5b2ef5e1-b131-4220-9a34-6650e8656e76	2	104623999	154722189	26494	-0.0946
5b2ef5e1-b131-4220-9a34-6650e8656e76	2	154725126	154725464	2	-1.8786
5b2ef5e1-b131-4220-9a34-6650e8656e76	2	154725809	173449027	11082	-0.0877
5b2ef5e1-b131-4220-9a34-6650e8656e76	2	173449414	173449433	2	-1.6215
5b2ef5e1-b131-4220-9a34-6650e8656e76	2	173451050	196833011	12192	-0.079
5b2ef5e1-b131-4220-9a34-6650e8656e76	2	196836237	196839324	2	-2.0617
5b2ef5e1-b131-4220-9a34-6650e8656e76	2	196843988	241537572	26817	-0.0858
5b2ef5e1-b131-4220-9a34-6650e8656e76	3	2170634	30149632	16690	0.3189
5b2ef5e1-b131-4220-9a34-6650e8656e76	3	30151053	30151074	2	-1.3623
5b2ef5e1-b131-4220-9a34-6650e8656e76	3	30151286	47231395	10186	0.3158
5b2ef5e1-b131-4220-9a34-6650e8656e76	3	47232646	52790411	2172	0.2811
5b2ef5e1-b131-4220-9a34-6650e8656e76	3	52792531	96960338	23717	0.3169
5b2ef5e1-b131-4220-9a34-6650e8656e76	3	96962715	97612207	306	-0.042
5b2ef5e1-b131-4220-9a34-6650e8656e76	3	97612233	197812401	54136	0.311
5b2ef5e1-b131-4220-9a34-6650e8656e76	4	1059384	90161981	50317	-0.0491
5b2ef5e1-b131-4220-9a34-6650e8656e76	4	90171787	113243583	12844	-0.5564
5b2ef5e1-b131-4220-9a34-6650e8656e76	4	113247689	113372910	68	-1.3431
5b2ef5e1-b131-4220-9a34-6650e8656e76	4	113377312	187842528	40170	-0.5571
5b2ef5e1-b131-4220-9a34-6650e8656e76	5	913983	55428714	28999	0.5269
5b2ef5e1-b131-4220-9a34-6650e8656e76	5	55431431	63885700	4894	-0.1478
5b2ef5e1-b131-4220-9a34-6650e8656e76	5	63886716	84900294	11515	0.2361
5b2ef5e1-b131-4220-9a34-6650e8656e76	5	84900737	85009483	65	-0.1315
5b2ef5e1-b131-4220-9a34-6650e8656e76	5	85009498	157966535	41643	0.235
5b2ef5e1-b131-4220-9a34-6650e8656e76	5	157972042	157972891	3	-1.4772
5b2ef5e1-b131-4220-9a34-6650e8656e76	5	157974887	180934240	14014	0.2338
5b2ef5e1-b131-4220-9a34-6650e8656e76	6	1011760	166107432	95427	-0.5386
5b2ef5e1-b131-4220-9a34-6650e8656e76	6	166110929	166113700	2	-3.3113
5b2ef5e1-b131-4220-9a34-6650e8656e76	6	166115228	170596889	1587	-0.5441
5b2ef5e1-b131-4220-9a34-6650e8656e76	7	664936	52770515	31181	-0.055
5b2ef5e1-b131-4220-9a34-6650e8656e76	7	52770771	74578749	6950	-0.0925
5b2ef5e1-b131-4220-9a34-6650e8656e76	7	74581513	74585448	2	-1.622
5b2ef5e1-b131-4220-9a34-6650e8656e76	7	74590785	75924798	261	-0.0964
5b2ef5e1-b131-4220-9a34-6650e8656e76	7	75929245	121429252	23480	-0.0556
5b2ef5e1-b131-4220-9a34-6650e8656e76	7	121431300	121431820	4	-1.4067
5b2ef5e1-b131-4220-9a34-6650e8656e76	7	121432714	157434976	19545	-0.0607
5b2ef5e1-b131-4220-9a34-6650e8656e76	7	157437542	157454263	10	0.5226
5b2ef5e1-b131-4220-9a34-6650e8656e76	7	157454693	158592540	502	-0.0695
5b2ef5e1-b131-4220-9a34-6650e8656e76	8	667625	30510464	18034	0.331
5b2ef5e1-b131-4220-9a34-6650e8656e76	8	30510913	32120726	1002	0.7641
5b2ef5e1-b131-4220-9a34-6650e8656e76	8	32121703	32694671	495	0.6267
5b2ef5e1-b131-4220-9a34-6650e8656e76	8	32695647	32867698	134	0.763
5b2ef5e1-b131-4220-9a34-6650e8656e76	8	32868138	35077860	1156	0.6066
5b2ef5e1-b131-4220-9a34-6650e8656e76	8	35079256	41046465	3101	0.501
5b2ef5e1-b131-4220-9a34-6650e8656e76	8	41047416	46549323	1188	0.6185
5b2ef5e1-b131-4220-9a34-6650e8656e76	8	46552240	51554827	2469	0.5319
5b2ef5e1-b131-4220-9a34-6650e8656e76	8	51556795	52440393	587	0.6888
5b2ef5e1-b131-4220-9a34-6650e8656e76	8	52441318	55035976	1483	0.7733
5b2ef5e1-b131-4220-9a34-6650e8656e76	8	55044796	55159522	87	0.6078
5b2ef5e1-b131-4220-9a34-6650e8656e76	8	55160432	55422343	199	0.7297
5b2ef5e1-b131-4220-9a34-6650e8656e76	8	55422682	55971530	278	0.5847
5b2ef5e1-b131-4220-9a34-6650e8656e76	8	55972036	59660253	2310	1.0578
5b2ef5e1-b131-4220-9a34-6650e8656e76	8	59660663	60355610	413	1.1565
5b2ef5e1-b131-4220-9a34-6650e8656e76	8	60359315	60656877	167	1.0784
5b2ef5e1-b131-4220-9a34-6650e8656e76	8	60662433	60663969	2	-1.3978
5b2ef5e1-b131-4220-9a34-6650e8656e76	8	60664239	62812061	1437	1.1237
5b2ef5e1-b131-4220-9a34-6650e8656e76	8	62817050	66510980	1964	1.0473
5b2ef5e1-b131-4220-9a34-6650e8656e76	8	66511762	72761891	3732	1.1099
5b2ef5e1-b131-4220-9a34-6650e8656e76	8	72762081	74585277	1219	0.9926
5b2ef5e1-b131-4220-9a34-6650e8656e76	8	74585736	86797916	6444	1.0579
5b2ef5e1-b131-4220-9a34-6650e8656e76	8	86798243	92007424	2927	1.1363
5b2ef5e1-b131-4220-9a34-6650e8656e76	8	92007733	92007901	4	-0.0224
5b2ef5e1-b131-4220-9a34-6650e8656e76	8	92008360	94544215	1503	1.1147
5b2ef5e1-b131-4220-9a34-6650e8656e76	8	94544231	94564122	19	0.6648
5b2ef5e1-b131-4220-9a34-6650e8656e76	8	94566121	108998657	8229	1.1135
5b2ef5e1-b131-4220-9a34-6650e8656e76	8	108998856	112385181	1775	1.1745
5b2ef5e1-b131-4220-9a34-6650e8656e76	8	112385862	112519402	86	1.0683
5b2ef5e1-b131-4220-9a34-6650e8656e76	8	112520089	113234129	345	1.1603
5b2ef5e1-b131-4220-9a34-6650e8656e76	8	113235345	114691105	720	1.0405
5b2ef5e1-b131-4220-9a34-6650e8656e76	8	114696039	119861978	3399	1.1874
5b2ef5e1-b131-4220-9a34-6650e8656e76	8	119866731	120094142	166	1.0402
5b2ef5e1-b131-4220-9a34-6650e8656e76	8	120095925	122046691	1202	1.1809
5b2ef5e1-b131-4220-9a34-6650e8656e76	8	122058503	122058644	2	-0.2923
5b2ef5e1-b131-4220-9a34-6650e8656e76	8	122058784	123938291	1264	1.1936
5b2ef5e1-b131-4220-9a34-6650e8656e76	8	123938913	131525764	5268	1.1456
5b2ef5e1-b131-4220-9a34-6650e8656e76	8	131525951	135895247	3405	1.0801
5b2ef5e1-b131-4220-9a34-6650e8656e76	8	135898741	139267915	2494	1.0139
5b2ef5e1-b131-4220-9a34-6650e8656e76	8	139268428	139989179	622	1.0953
5b2ef5e1-b131-4220-9a34-6650e8656e76	8	139994573	144182542	934	1.18
5b2ef5e1-b131-4220-9a34-6650e8656e76	9	789794	79438779	31354	0.2714
5b2ef5e1-b131-4220-9a34-6650e8656e76	9	79448364	79542661	77	-0.0728
5b2ef5e1-b131-4220-9a34-6650e8656e76	9	79549157	106578505	17388	0.2647
5b2ef5e1-b131-4220-9a34-6650e8656e76	9	106580816	106623385	24	-0.1543
5b2ef5e1-b131-4220-9a34-6650e8656e76	9	106623934	138044505	19659	0.2739
5b2ef5e1-b131-4220-9a34-6650e8656e76	10	366509	29457128	20496	0.553
5b2ef5e1-b131-4220-9a34-6650e8656e76	10	29463933	75594919	23934	-0.0534
5b2ef5e1-b131-4220-9a34-6650e8656e76	10	75596018	133411599	36774	-0.5462
5b2ef5e1-b131-4220-9a34-6650e8656e76	11	456012	134272740	77393	-0.5952
5b2ef5e1-b131-4220-9a34-6650e8656e76	12	780472	7644642	4130	-0.0512
5b2ef5e1-b131-4220-9a34-6650e8656e76	12	7647052	7651050	2	-1.8841
5b2ef5e1-b131-4220-9a34-6650e8656e76	12	7654289	21313030	7727	-0.0655
5b2ef5e1-b131-4220-9a34-6650e8656e76	12	21313183	21503602	127	0.0992
5b2ef5e1-b131-4220-9a34-6650e8656e76	12	21504045	21819229	193	-0.0179
5b2ef5e1-b131-4220-9a34-6650e8656e76	12	21819885	22837516	705	3.1645
5b2ef5e1-b131-4220-9a34-6650e8656e76	12	22839607	23179120	262	2.8984
5b2ef5e1-b131-4220-9a34-6650e8656e76	12	23182098	23860022	413	3.2442
5b2ef5e1-b131-4220-9a34-6650e8656e76	12	23864241	24576747	519	-0.0408
5b2ef5e1-b131-4220-9a34-6650e8656e76	12	24582605	25169730	225	3.1156
5b2ef5e1-b131-4220-9a34-6650e8656e76	12	25172979	25226367	67	3.718
5b2ef5e1-b131-4220-9a34-6650e8656e76	12	25226396	28112669	1996	3.0422
5b2ef5e1-b131-4220-9a34-6650e8656e76	12	28114539	29157369	633	-0.0385
5b2ef5e1-b131-4220-9a34-6650e8656e76	12	29167830	29833065	451	0.1449
5b2ef5e1-b131-4220-9a34-6650e8656e76	12	29841251	30033508	138	0.3621
5b2ef5e1-b131-4220-9a34-6650e8656e76	12	30034062	30217892	180	0.1215
5b2ef5e1-b131-4220-9a34-6650e8656e76	12	30218784	30220934	3	-1.3405
5b2ef5e1-b131-4220-9a34-6650e8656e76	12	30222662	33365925	1942	0.0714
5b2ef5e1-b131-4220-9a34-6650e8656e76	12	33366515	54249018	8332	-0.0561
5b2ef5e1-b131-4220-9a34-6650e8656e76	12	54249698	54479154	58	0.2985
5b2ef5e1-b131-4220-9a34-6650e8656e76	12	54486407	79670561	15367	-0.0591
5b2ef5e1-b131-4220-9a34-6650e8656e76	12	79671493	79675972	3	-1.2815
5b2ef5e1-b131-4220-9a34-6650e8656e76	12	79677125	132605822	30875	-0.0596
5b2ef5e1-b131-4220-9a34-6650e8656e76	13	18874255	28347144	5403	-0.2546
5b2ef5e1-b131-4220-9a34-6650e8656e76	13	28347232	29015065	467	0.1601
5b2ef5e1-b131-4220-9a34-6650e8656e76	13	29015085	29030209	11	-0.3202
5b2ef5e1-b131-4220-9a34-6650e8656e76	13	29034768	29476753	356	0.1663
5b2ef5e1-b131-4220-9a34-6650e8656e76	13	29482301	29605251	120	-0.2501
5b2ef5e1-b131-4220-9a34-6650e8656e76	13	29606757	29762157	91	0.1048
5b2ef5e1-b131-4220-9a34-6650e8656e76	13	29762722	91144690	35394	-0.2313
5b2ef5e1-b131-4220-9a34-6650e8656e76	13	91148485	97043621	3764	0.1859
5b2ef5e1-b131-4220-9a34-6650e8656e76	13	97043936	105998524	6065	-0.2306
5b2ef5e1-b131-4220-9a34-6650e8656e76	13	105999267	107219988	885	0.1803
5b2ef5e1-b131-4220-9a34-6650e8656e76	13	107220099	107299166	78	-0.1741
5b2ef5e1-b131-4220-9a34-6650e8656e76	13	107299195	108027440	593	0.1908
5b2ef5e1-b131-4220-9a34-6650e8656e76	13	108032176	109128159	864	-0.2346
5b2ef5e1-b131-4220-9a34-6650e8656e76	13	109128398	110258103	853	0.1986
5b2ef5e1-b131-4220-9a34-6650e8656e76	13	110260054	110326378	57	0.6127
5b2ef5e1-b131-4220-9a34-6650e8656e76	13	110328231	110528147	234	0.2181
5b2ef5e1-b131-4220-9a34-6650e8656e76	13	110529156	111392688	509	-0.2118
5b2ef5e1-b131-4220-9a34-6650e8656e76	13	111392695	111394747	3	-2.2595
5b2ef5e1-b131-4220-9a34-6650e8656e76	13	111395049	112848269	855	-0.2194
5b2ef5e1-b131-4220-9a34-6650e8656e76	13	112850979	113421506	166	0.1957
5b2ef5e1-b131-4220-9a34-6650e8656e76	13	113421780	113539563	36	0.4654
5b2ef5e1-b131-4220-9a34-6650e8656e76	13	113540251	114226675	185	0.1688
5b2ef5e1-b131-4220-9a34-6650e8656e76	14	20033191	30956231	5489	-0.0131
5b2ef5e1-b131-4220-9a34-6650e8656e76	14	30965082	31037299	34	-0.3751
5b2ef5e1-b131-4220-9a34-6650e8656e76	14	31037376	68954631	21739	-0.0132
5b2ef5e1-b131-4220-9a34-6650e8656e76	14	68954661	69050340	62	0.299
5b2ef5e1-b131-4220-9a34-6650e8656e76	14	69053177	105533894	22466	-0.0087
5b2ef5e1-b131-4220-9a34-6650e8656e76	15	23437561	101344124	44673	-0.573
5b2ef5e1-b131-4220-9a34-6650e8656e76	16	603333	2096458	402	0.2894
5b2ef5e1-b131-4220-9a34-6650e8656e76	16	2128574	25671941	11062	-0.1013
5b2ef5e1-b131-4220-9a34-6650e8656e76	16	25673866	31841585	2576	0.5201
5b2ef5e1-b131-4220-9a34-6650e8656e76	16	46470502	60996090	9461	-0.0915
5b2ef5e1-b131-4220-9a34-6650e8656e76	16	60999665	77150022	9011	-1.3471
5b2ef5e1-b131-4220-9a34-6650e8656e76	16	77150218	77194969	17	-3.2691
5b2ef5e1-b131-4220-9a34-6650e8656e76	16	77195440	80745284	3224	-1.4649
5b2ef5e1-b131-4220-9a34-6650e8656e76	16	80745300	80747455	4	-6.6748
5b2ef5e1-b131-4220-9a34-6650e8656e76	16	80749911	83136812	1778	-1.5009
5b2ef5e1-b131-4220-9a34-6650e8656e76	16	83137477	83143727	6	-4.7937
5b2ef5e1-b131-4220-9a34-6650e8656e76	16	83145544	83827326	793	-1.415
5b2ef5e1-b131-4220-9a34-6650e8656e76	16	83827713	83828995	3	-6.2536
5b2ef5e1-b131-4220-9a34-6650e8656e76	16	83829031	89317317	2552	-1.4895
5b2ef5e1-b131-4220-9a34-6650e8656e76	17	1074619	38801179	14924	-0.6104
5b2ef5e1-b131-4220-9a34-6650e8656e76	17	38803208	41004277	1060	-0.1123
5b2ef5e1-b131-4220-9a34-6650e8656e76	17	41004769	41004876	2	-1.7666
5b2ef5e1-b131-4220-9a34-6650e8656e76	17	41010052	55321098	6636	-0.081
5b2ef5e1-b131-4220-9a34-6650e8656e76	17	55322144	55329485	7	-1.0272
5b2ef5e1-b131-4220-9a34-6650e8656e76	17	55330288	82959812	14620	-0.0886
5b2ef5e1-b131-4220-9a34-6650e8656e76	18	326691	7143843	3487	-0.1466
5b2ef5e1-b131-4220-9a34-6650e8656e76	18	7146455	7147080	3	-1.8706
5b2ef5e1-b131-4220-9a34-6650e8656e76	18	7150110	75642103	37025	-0.1442
5b2ef5e1-b131-4220-9a34-6650e8656e76	18	75642469	75642642	2	-1.819
5b2ef5e1-b131-4220-9a34-6650e8656e76	18	75644099	76227683	532	-0.1349
5b2ef5e1-b131-4220-9a34-6650e8656e76	18	76231152	76671883	285	0.2194
5b2ef5e1-b131-4220-9a34-6650e8656e76	18	76683244	79349796	1634	-0.1297
5b2ef5e1-b131-4220-9a34-6650e8656e76	19	283868	11929468	4145	-0.6104
5b2ef5e1-b131-4220-9a34-6650e8656e76	19	11931930	11950569	19	0.514
5b2ef5e1-b131-4220-9a34-6650e8656e76	19	11958031	12852796	363	0.2145
5b2ef5e1-b131-4220-9a34-6650e8656e76	19	12853365	13850047	454	0.4895
5b2ef5e1-b131-4220-9a34-6650e8656e76	19	13860084	14887458	425	0.2269
5b2ef5e1-b131-4220-9a34-6650e8656e76	19	14888807	15472162	371	0.4719
5b2ef5e1-b131-4220-9a34-6650e8656e76	19	15472833	17326040	932	-0.1248
5b2ef5e1-b131-4220-9a34-6650e8656e76	19	17345413	17475278	49	-0.5862
5b2ef5e1-b131-4220-9a34-6650e8656e76	19	17482021	17862349	169	1.2016
5b2ef5e1-b131-4220-9a34-6650e8656e76	19	17862811	17964188	44	1.4494
5b2ef5e1-b131-4220-9a34-6650e8656e76	19	17966808	17993346	11	2.0967
5b2ef5e1-b131-4220-9a34-6650e8656e76	19	18004679	18062793	25	1.1192
5b2ef5e1-b131-4220-9a34-6650e8656e76	19	18065440	18148582	44	1.3609
5b2ef5e1-b131-4220-9a34-6650e8656e76	19	18152392	18671580	190	1.0105
5b2ef5e1-b131-4220-9a34-6650e8656e76	19	18674702	19182194	213	0.1837
5b2ef5e1-b131-4220-9a34-6650e8656e76	19	19185890	19836130	265	-0.5639
5b2ef5e1-b131-4220-9a34-6650e8656e76	19	21064698	21849142	383	0.2191
5b2ef5e1-b131-4220-9a34-6650e8656e76	19	21850850	22059602	123	0.4642
5b2ef5e1-b131-4220-9a34-6650e8656e76	19	22318987	22855533	240	0.7331
5b2ef5e1-b131-4220-9a34-6650e8656e76	19	22864345	23659201	429	0.4945
5b2ef5e1-b131-4220-9a34-6650e8656e76	19	23663763	23870190	149	0.9079
5b2ef5e1-b131-4220-9a34-6650e8656e76	19	23872082	28231628	372	1.301
5b2ef5e1-b131-4220-9a34-6650e8656e76	19	28239804	39991761	7153	1.0736
5b2ef5e1-b131-4220-9a34-6650e8656e76	19	39992104	40051794	32	1.2356
5b2ef5e1-b131-4220-9a34-6650e8656e76	19	40085552	58370362	7544	0.9132
5b2ef5e1-b131-4220-9a34-6650e8656e76	20	472817	8747454	4873	-0.0814
5b2ef5e1-b131-4220-9a34-6650e8656e76	20	8748472	9118546	361	0.2775
5b2ef5e1-b131-4220-9a34-6650e8656e76	20	9122696	9796084	496	0.5791
5b2ef5e1-b131-4220-9a34-6650e8656e76	20	9796105	9857088	42	0.8375
5b2ef5e1-b131-4220-9a34-6650e8656e76	20	9857720	10028579	124	0.3471
5b2ef5e1-b131-4220-9a34-6650e8656e76	20	10030427	10585280	437	-0.0655
5b2ef5e1-b131-4220-9a34-6650e8656e76	20	10590845	10602226	12	1.1504
5b2ef5e1-b131-4220-9a34-6650e8656e76	20	10610485	10823987	180	-0.0826
5b2ef5e1-b131-4220-9a34-6650e8656e76	20	10827183	10836361	8	1.3952
5b2ef5e1-b131-4220-9a34-6650e8656e76	20	10839541	10871439	28	-0.0786
5b2ef5e1-b131-4220-9a34-6650e8656e76	20	10871677	10878848	7	1.634
5b2ef5e1-b131-4220-9a34-6650e8656e76	20	10881715	11309682	360	-0.0714
5b2ef5e1-b131-4220-9a34-6650e8656e76	20	11311558	12064279	526	1.4259
5b2ef5e1-b131-4220-9a34-6650e8656e76	20	12064722	12374686	172	1.5933
5b2ef5e1-b131-4220-9a34-6650e8656e76	20	12374751	12630861	193	1.4379
5b2ef5e1-b131-4220-9a34-6650e8656e76	20	12631338	12818127	168	1.1582
5b2ef5e1-b131-4220-9a34-6650e8656e76	20	12911119	13109613	186	0.5413
5b2ef5e1-b131-4220-9a34-6650e8656e76	20	13111019	13567183	329	-0.0991
5b2ef5e1-b131-4220-9a34-6650e8656e76	20	13569514	13602263	16	0.4487
5b2ef5e1-b131-4220-9a34-6650e8656e76	20	13605387	14189177	293	0.263
5b2ef5e1-b131-4220-9a34-6650e8656e76	20	14191079	15743754	760	0.5548
5b2ef5e1-b131-4220-9a34-6650e8656e76	20	15748669	16198181	445	0.2734
5b2ef5e1-b131-4220-9a34-6650e8656e76	20	16198343	16821113	560	0.5336
5b2ef5e1-b131-4220-9a34-6650e8656e76	20	16823197	22878035	4606	-0.6317
5b2ef5e1-b131-4220-9a34-6650e8656e76	20	22879356	22879475	2	-2.0943
5b2ef5e1-b131-4220-9a34-6650e8656e76	20	22879698	22940136	45	-0.6902
5b2ef5e1-b131-4220-9a34-6650e8656e76	20	22944763	24409682	913	0.518
5b2ef5e1-b131-4220-9a34-6650e8656e76	20	24412554	24973989	298	0.5661
5b2ef5e1-b131-4220-9a34-6650e8656e76	20	24976176	26205069	511	0.7398
5b2ef5e1-b131-4220-9a34-6650e8656e76	20	26206877	31797025	268	0.9429
5b2ef5e1-b131-4220-9a34-6650e8656e76	20	31797268	36901371	2374	1.0598
5b2ef5e1-b131-4220-9a34-6650e8656e76	20	36906647	37092246	182	0.9198
5b2ef5e1-b131-4220-9a34-6650e8656e76	20	37092795	37094427	6	0.189
5b2ef5e1-b131-4220-9a34-6650e8656e76	20	37097999	37439987	173	0.9961
5b2ef5e1-b131-4220-9a34-6650e8656e76	20	37442555	41730880	2790	1.0792
5b2ef5e1-b131-4220-9a34-6650e8656e76	20	41731384	41731388	5	-0.0815
5b2ef5e1-b131-4220-9a34-6650e8656e76	20	41732145	57586533	10875	1.0925
5b2ef5e1-b131-4220-9a34-6650e8656e76	20	57586542	57586679	2	-0.6315
5b2ef5e1-b131-4220-9a34-6650e8656e76	20	57589592	63588502	3940	1.0989
5b2ef5e1-b131-4220-9a34-6650e8656e76	21	13974127	46262057	20605	0.2647
5b2ef5e1-b131-4220-9a34-6650e8656e76	22	16934932	35393270	9056	0.543
5b2ef5e1-b131-4220-9a34-6650e8656e76	22	35408133	48940621	8001	-0.5842
5b2ef5e1-b131-4220-9a34-6650e8656e76	X	3236359	6465006	729	-0.3265
5b2ef5e1-b131-4220-9a34-6650e8656e76	X	6465048	6469247	3	-1.7663
5b2ef5e1-b131-4220-9a34-6650e8656e76	X	6469253	34927030	13314	-0.2997
5b2ef5e1-b131-4220-9a34-6650e8656e76	X	34929834	34930432	2	-3.0194
5b2ef5e1-b131-4220-9a34-6650e8656e76	X	34930583	48577540	6352	-0.2933
5b2ef5e1-b131-4220-9a34-6650e8656e76	X	48578119	48731625	54	0.2152
5b2ef5e1-b131-4220-9a34-6650e8656e76	X	48742328	70195400	6304	-0.2822
5b2ef5e1-b131-4220-9a34-6650e8656e76	X	70196017	76878961	2235	0.2336
5b2ef5e1-b131-4220-9a34-6650e8656e76	X	76888297	76888300	2	-1.5094
5b2ef5e1-b131-4220-9a34-6650e8656e76	X	76892376	92956126	6431	0.1983
5b2ef5e1-b131-4220-9a34-6650e8656e76	X	92958179	92960356	5	-0.8844
5b2ef5e1-b131-4220-9a34-6650e8656e76	X	92963856	104301946	4868	0.2305
5b2ef5e1-b131-4220-9a34-6650e8656e76	X	104302069	104302106	2	-2.3646
5b2ef5e1-b131-4220-9a34-6650e8656e76	X	104306407	107867059	1526	0.1949
5b2ef5e1-b131-4220-9a34-6650e8656e76	X	107867912	107868802	2	-1.6177
5b2ef5e1-b131-4220-9a34-6650e8656e76	X	107873582	113998917	3251	0.2097
5b2ef5e1-b131-4220-9a34-6650e8656e76	X	113999226	120367114	2841	0.2563
5b2ef5e1-b131-4220-9a34-6650e8656e76	X	120367445	127050585	3408	0.2179
5b2ef5e1-b131-4220-9a34-6650e8656e76	X	127051427	127056657	2	-1.2378
5b2ef5e1-b131-4220-9a34-6650e8656e76	X	127058278	136538474	3886	0.243
5b2ef5e1-b131-4220-9a34-6650e8656e76	X	136539123	136539171	2	-1.9807
5b2ef5e1-b131-4220-9a34-6650e8656e76	X	136543426	142381106	2502	0.222
5b2ef5e1-b131-4220-9a34-6650e8656e76	X	142381121	142381174	2	-1.339
5b2ef5e1-b131-4220-9a34-6650e8656e76	X	142381310	146560093	2487	0.224
5b2ef5e1-b131-4220-9a34-6650e8656e76	X	146561980	146563077	2	-1.0495
5b2ef5e1-b131-4220-9a34-6650e8656e76	X	146563204	155677414	3693	0.2521
