GDC_Aliquot	Chromosome	Start	End	Num_Probes	Segment_Mean
5d10a4eb-46be-4599-aca5-a3ddc65323ac	1	62920	16482199	8633	0.0002
5d10a4eb-46be-4599-aca5-a3ddc65323ac	1	16487426	16643683	38	-0.4607
5d10a4eb-46be-4599-aca5-a3ddc65323ac	1	16643816	25256850	5342	0.0035
5d10a4eb-46be-4599-aca5-a3ddc65323ac	1	25266637	25320253	23	-0.4296
5d10a4eb-46be-4599-aca5-a3ddc65323ac	1	25320455	30264526	2387	0.0128
5d10a4eb-46be-4599-aca5-a3ddc65323ac	1	30265508	30266949	7	-0.8502
5d10a4eb-46be-4599-aca5-a3ddc65323ac	1	30268649	34626073	2557	0.0018
5d10a4eb-46be-4599-aca5-a3ddc65323ac	1	34637053	34638890	20	-0.7361
5d10a4eb-46be-4599-aca5-a3ddc65323ac	1	34648667	110833598	48262	0.0053
5d10a4eb-46be-4599-aca5-a3ddc65323ac	1	110834746	110845604	39	-0.7518
5d10a4eb-46be-4599-aca5-a3ddc65323ac	1	110849445	143927887	6385	0.0041
5d10a4eb-46be-4599-aca5-a3ddc65323ac	1	143928045	143942271	2	-1.6926
5d10a4eb-46be-4599-aca5-a3ddc65323ac	1	144432083	146044884	178	0.028
5d10a4eb-46be-4599-aca5-a3ddc65323ac	1	146062439	146174153	4	-1.1264
5d10a4eb-46be-4599-aca5-a3ddc65323ac	1	146250588	152787202	2336	0.017
5d10a4eb-46be-4599-aca5-a3ddc65323ac	1	152789447	152796224	37	-1.9904
5d10a4eb-46be-4599-aca5-a3ddc65323ac	1	152801429	187746723	23483	0.0043
5d10a4eb-46be-4599-aca5-a3ddc65323ac	1	187748429	187752238	2	-2.506
5d10a4eb-46be-4599-aca5-a3ddc65323ac	1	187755479	196769493	5975	0.0085
5d10a4eb-46be-4599-aca5-a3ddc65323ac	1	196769506	196846661	56	-0.5116
5d10a4eb-46be-4599-aca5-a3ddc65323ac	1	196847600	248930189	35820	0.005
5d10a4eb-46be-4599-aca5-a3ddc65323ac	2	12784	4158097	2988	-0.0106
5d10a4eb-46be-4599-aca5-a3ddc65323ac	2	4166274	4176429	42	-0.708
5d10a4eb-46be-4599-aca5-a3ddc65323ac	2	4182472	9037075	4012	0.0063
5d10a4eb-46be-4599-aca5-a3ddc65323ac	2	9045183	9045247	2	-1.5917
5d10a4eb-46be-4599-aca5-a3ddc65323ac	2	9048359	34783581	17286	0.004
5d10a4eb-46be-4599-aca5-a3ddc65323ac	2	34783786	34784153	3	-1.622
5d10a4eb-46be-4599-aca5-a3ddc65323ac	2	34784812	40105711	3831	0.0027
5d10a4eb-46be-4599-aca5-a3ddc65323ac	2	40108270	40108319	2	-2.181
5d10a4eb-46be-4599-aca5-a3ddc65323ac	2	40108736	41011533	777	0.0157
5d10a4eb-46be-4599-aca5-a3ddc65323ac	2	41011670	41024093	17	-0.662
5d10a4eb-46be-4599-aca5-a3ddc65323ac	2	41024125	52527743	8183	0.0074
5d10a4eb-46be-4599-aca5-a3ddc65323ac	2	52531615	52554384	32	0.757
5d10a4eb-46be-4599-aca5-a3ddc65323ac	2	52554404	86710564	21918	0.0075
5d10a4eb-46be-4599-aca5-a3ddc65323ac	2	86725947	86726731	2	-1.601
5d10a4eb-46be-4599-aca5-a3ddc65323ac	2	86743283	86901078	63	-0.003
5d10a4eb-46be-4599-aca5-a3ddc65323ac	2	86902080	86910262	2	-2.7328
5d10a4eb-46be-4599-aca5-a3ddc65323ac	2	86934730	87082140	12	-0.3986
5d10a4eb-46be-4599-aca5-a3ddc65323ac	2	87082711	97124542	1797	-0.0118
5d10a4eb-46be-4599-aca5-a3ddc65323ac	2	97128607	97160480	11	-0.616
5d10a4eb-46be-4599-aca5-a3ddc65323ac	2	97164651	113604438	9418	0.0077
5d10a4eb-46be-4599-aca5-a3ddc65323ac	2	113604837	113604839	2	-3.1056
5d10a4eb-46be-4599-aca5-a3ddc65323ac	2	113623244	146104517	20038	0.0064
5d10a4eb-46be-4599-aca5-a3ddc65323ac	2	146106836	146109366	24	-1.8048
5d10a4eb-46be-4599-aca5-a3ddc65323ac	2	146120238	221220893	45773	0.0098
5d10a4eb-46be-4599-aca5-a3ddc65323ac	2	221221067	221224796	11	-0.9512
5d10a4eb-46be-4599-aca5-a3ddc65323ac	2	221225077	242147305	13278	0.005
5d10a4eb-46be-4599-aca5-a3ddc65323ac	3	20930	6609441	5820	0.0123
5d10a4eb-46be-4599-aca5-a3ddc65323ac	3	6609524	6611645	22	-0.621
5d10a4eb-46be-4599-aca5-a3ddc65323ac	3	6613391	65203560	39476	0.0085
5d10a4eb-46be-4599-aca5-a3ddc65323ac	3	65203644	65224777	51	-0.704
5d10a4eb-46be-4599-aca5-a3ddc65323ac	3	65230674	68682877	2423	0.016
5d10a4eb-46be-4599-aca5-a3ddc65323ac	3	68697013	68698262	15	-1.7266
5d10a4eb-46be-4599-aca5-a3ddc65323ac	3	68699607	162794951	54965	0.0098
5d10a4eb-46be-4599-aca5-a3ddc65323ac	3	162795304	162908192	67	-1.9182
5d10a4eb-46be-4599-aca5-a3ddc65323ac	3	162908207	193160113	19174	0.0158
5d10a4eb-46be-4599-aca5-a3ddc65323ac	3	193160173	193161217	6	1.1932
5d10a4eb-46be-4599-aca5-a3ddc65323ac	3	193162684	195558822	1491	0.0154
5d10a4eb-46be-4599-aca5-a3ddc65323ac	3	195559056	195720051	26	-1.1141
5d10a4eb-46be-4599-aca5-a3ddc65323ac	3	195728637	195934679	99	-0.0254
5d10a4eb-46be-4599-aca5-a3ddc65323ac	3	195963975	195974244	3	-1.461
5d10a4eb-46be-4599-aca5-a3ddc65323ac	3	195974292	198169247	1082	-0.0013
5d10a4eb-46be-4599-aca5-a3ddc65323ac	4	68929	10227562	5718	-0.0063
5d10a4eb-46be-4599-aca5-a3ddc65323ac	4	10227592	10232984	21	-1.0659
5d10a4eb-46be-4599-aca5-a3ddc65323ac	4	10233383	68418873	36460	0.0093
5d10a4eb-46be-4599-aca5-a3ddc65323ac	4	68422420	68422424	3	-2.3697
5d10a4eb-46be-4599-aca5-a3ddc65323ac	4	68429081	68506285	12	0.1057
5d10a4eb-46be-4599-aca5-a3ddc65323ac	4	68509223	68674307	72	0.5254
5d10a4eb-46be-4599-aca5-a3ddc65323ac	4	68686026	172066777	62775	0.0106
5d10a4eb-46be-4599-aca5-a3ddc65323ac	4	172067997	172068382	12	-1.6156
5d10a4eb-46be-4599-aca5-a3ddc65323ac	4	172074828	189273964	11723	0.0121
5d10a4eb-46be-4599-aca5-a3ddc65323ac	4	189274468	189278110	3	-3.917
5d10a4eb-46be-4599-aca5-a3ddc65323ac	4	189278617	190106768	349	-0.0343
5d10a4eb-46be-4599-aca5-a3ddc65323ac	5	15532	685633	306	-0.0513
5d10a4eb-46be-4599-aca5-a3ddc65323ac	5	698256	773453	27	1.0687
5d10a4eb-46be-4599-aca5-a3ddc65323ac	5	779766	19555108	14316	0.0031
5d10a4eb-46be-4599-aca5-a3ddc65323ac	5	19558156	19567393	3	-2.4554
5d10a4eb-46be-4599-aca5-a3ddc65323ac	5	19567671	21451168	1062	-0.0159
5d10a4eb-46be-4599-aca5-a3ddc65323ac	5	21451855	21451889	2	-3.1205
5d10a4eb-46be-4599-aca5-a3ddc65323ac	5	21452329	177771448	95163	0.008
5d10a4eb-46be-4599-aca5-a3ddc65323ac	5	177800550	177805604	3	2.7733
5d10a4eb-46be-4599-aca5-a3ddc65323ac	5	177827964	177879634	7	-0.8303
5d10a4eb-46be-4599-aca5-a3ddc65323ac	5	177883336	181363319	1978	0.0105
5d10a4eb-46be-4599-aca5-a3ddc65323ac	6	149661	29869295	21653	0.0083
5d10a4eb-46be-4599-aca5-a3ddc65323ac	6	29869410	29881490	16	0.7204
5d10a4eb-46be-4599-aca5-a3ddc65323ac	6	29882419	29907031	8	-0.1244
5d10a4eb-46be-4599-aca5-a3ddc65323ac	6	29909182	29948709	19	-0.7671
5d10a4eb-46be-4599-aca5-a3ddc65323ac	6	29948728	32656527	1204	-0.0242
5d10a4eb-46be-4599-aca5-a3ddc65323ac	6	32656814	32658841	5	-1.1426
5d10a4eb-46be-4599-aca5-a3ddc65323ac	6	32682835	33970222	800	0.0055
5d10a4eb-46be-4599-aca5-a3ddc65323ac	6	33970966	33974928	7	-3.139
5d10a4eb-46be-4599-aca5-a3ddc65323ac	6	33976809	54066269	12889	0.0046
5d10a4eb-46be-4599-aca5-a3ddc65323ac	6	54066286	54067057	8	-1.6518
5d10a4eb-46be-4599-aca5-a3ddc65323ac	6	54070550	66328153	5365	0.0101
5d10a4eb-46be-4599-aca5-a3ddc65323ac	6	66331020	66333004	6	-2.2095
5d10a4eb-46be-4599-aca5-a3ddc65323ac	6	66333299	72508989	4166	0.0057
5d10a4eb-46be-4599-aca5-a3ddc65323ac	6	72512139	72512361	2	-2.0824
5d10a4eb-46be-4599-aca5-a3ddc65323ac	6	72518093	76726815	2626	0.0083
5d10a4eb-46be-4599-aca5-a3ddc65323ac	6	76730151	76742972	20	-0.6211
5d10a4eb-46be-4599-aca5-a3ddc65323ac	6	76743040	78253172	978	0.0294
5d10a4eb-46be-4599-aca5-a3ddc65323ac	6	78259348	78325468	113	0.5083
5d10a4eb-46be-4599-aca5-a3ddc65323ac	6	78329517	80575042	1435	0.0054
5d10a4eb-46be-4599-aca5-a3ddc65323ac	6	80575241	80579817	27	-0.9358
5d10a4eb-46be-4599-aca5-a3ddc65323ac	6	80584624	93942689	8546	0.0059
5d10a4eb-46be-4599-aca5-a3ddc65323ac	6	93942822	93949814	3	-1.752
5d10a4eb-46be-4599-aca5-a3ddc65323ac	6	93950332	103286954	5465	0.0142
5d10a4eb-46be-4599-aca5-a3ddc65323ac	6	103290101	103314186	46	0.7819
5d10a4eb-46be-4599-aca5-a3ddc65323ac	6	103317795	124110629	12692	0.0099
5d10a4eb-46be-4599-aca5-a3ddc65323ac	6	124114796	124149220	20	0.604
5d10a4eb-46be-4599-aca5-a3ddc65323ac	6	124149616	133945130	6367	0.0065
5d10a4eb-46be-4599-aca5-a3ddc65323ac	6	133947933	133948494	2	-2.2095
5d10a4eb-46be-4599-aca5-a3ddc65323ac	6	133950934	170741917	25095	0.0072
5d10a4eb-46be-4599-aca5-a3ddc65323ac	7	43355	54305455	38479	0.0111
5d10a4eb-46be-4599-aca5-a3ddc65323ac	7	54318812	54318824	6	-1.2044
5d10a4eb-46be-4599-aca5-a3ddc65323ac	7	54325795	70955452	6123	0.0033
5d10a4eb-46be-4599-aca5-a3ddc65323ac	7	70958264	70961155	2	-3.1181
5d10a4eb-46be-4599-aca5-a3ddc65323ac	7	70963257	97756328	15692	0.0111
5d10a4eb-46be-4599-aca5-a3ddc65323ac	7	97756339	97773163	20	-0.7262
5d10a4eb-46be-4599-aca5-a3ddc65323ac	7	97774928	109801155	6621	0.0107
5d10a4eb-46be-4599-aca5-a3ddc65323ac	7	109801187	109813853	11	0.7255
5d10a4eb-46be-4599-aca5-a3ddc65323ac	7	109813925	159334314	30867	0.0079
5d10a4eb-46be-4599-aca5-a3ddc65323ac	8	81254	444121	183	0.0033
5d10a4eb-46be-4599-aca5-a3ddc65323ac	8	445977	447209	2	-1.5793
5d10a4eb-46be-4599-aca5-a3ddc65323ac	8	448615	2133225	1295	-0.015
5d10a4eb-46be-4599-aca5-a3ddc65323ac	8	2133366	2133385	2	-2.3409
5d10a4eb-46be-4599-aca5-a3ddc65323ac	8	2133420	2844412	558	0.0051
5d10a4eb-46be-4599-aca5-a3ddc65323ac	8	2846011	2846377	7	0.9667
5d10a4eb-46be-4599-aca5-a3ddc65323ac	8	2849649	7131404	5666	0.013
5d10a4eb-46be-4599-aca5-a3ddc65323ac	8	7137595	8255414	97	-0.477
5d10a4eb-46be-4599-aca5-a3ddc65323ac	8	8255829	12092042	3206	-0.0067
5d10a4eb-46be-4599-aca5-a3ddc65323ac	8	12130217	12134777	3	-1.5821
5d10a4eb-46be-4599-aca5-a3ddc65323ac	8	12139586	12177488	5	-0.5348
5d10a4eb-46be-4599-aca5-a3ddc65323ac	8	12323772	12376891	11	0.4887
5d10a4eb-46be-4599-aca5-a3ddc65323ac	8	12382326	12496252	24	-0.0253
5d10a4eb-46be-4599-aca5-a3ddc65323ac	8	12519969	12695213	34	-0.2905
5d10a4eb-46be-4599-aca5-a3ddc65323ac	8	12695279	12788880	72	0.0462
5d10a4eb-46be-4599-aca5-a3ddc65323ac	8	12791219	12791669	2	-1.8243
5d10a4eb-46be-4599-aca5-a3ddc65323ac	8	12794596	15435453	2548	0.014
5d10a4eb-46be-4599-aca5-a3ddc65323ac	8	15436422	15437936	2	1.4716
5d10a4eb-46be-4599-aca5-a3ddc65323ac	8	15439194	25116961	7761	0.0107
5d10a4eb-46be-4599-aca5-a3ddc65323ac	8	25117007	25126818	25	-2.3794
5d10a4eb-46be-4599-aca5-a3ddc65323ac	8	25133589	39373140	9020	0.0085
5d10a4eb-46be-4599-aca5-a3ddc65323ac	8	39378084	39529446	59	0.9058
5d10a4eb-46be-4599-aca5-a3ddc65323ac	8	39530780	114622258	43839	0.0066
5d10a4eb-46be-4599-aca5-a3ddc65323ac	8	114622325	114638468	35	-0.6606
5d10a4eb-46be-4599-aca5-a3ddc65323ac	8	114638558	145072769	21066	0.0044
5d10a4eb-46be-4599-aca5-a3ddc65323ac	9	46587	9841393	9399	0.0082
5d10a4eb-46be-4599-aca5-a3ddc65323ac	9	9841920	9842542	2	-1.8245
5d10a4eb-46be-4599-aca5-a3ddc65323ac	9	9842706	23361807	11021	0.0075
5d10a4eb-46be-4599-aca5-a3ddc65323ac	9	23363117	23373486	8	1.143
5d10a4eb-46be-4599-aca5-a3ddc65323ac	9	23378490	39138124	10706	0.0002
5d10a4eb-46be-4599-aca5-a3ddc65323ac	9	39140235	39249784	10	-0.9087
5d10a4eb-46be-4599-aca5-a3ddc65323ac	9	39272359	61405110	229	-0.124
5d10a4eb-46be-4599-aca5-a3ddc65323ac	9	61520021	61629689	28	0.7927
5d10a4eb-46be-4599-aca5-a3ddc65323ac	9	61633080	138200944	48088	0.0039
5d10a4eb-46be-4599-aca5-a3ddc65323ac	10	45792	3137776	2574	0.0022
5d10a4eb-46be-4599-aca5-a3ddc65323ac	10	3137983	3139834	7	-1.5454
5d10a4eb-46be-4599-aca5-a3ddc65323ac	10	3141555	6315474	2759	0.0056
5d10a4eb-46be-4599-aca5-a3ddc65323ac	10	6316141	6316252	2	-1.921
5d10a4eb-46be-4599-aca5-a3ddc65323ac	10	6316355	9669860	2953	0.0058
5d10a4eb-46be-4599-aca5-a3ddc65323ac	10	9672401	9860309	123	-0.8985
5d10a4eb-46be-4599-aca5-a3ddc65323ac	10	9861141	85306874	49291	0.0063
5d10a4eb-46be-4599-aca5-a3ddc65323ac	10	85307151	85307179	2	-2.1518
5d10a4eb-46be-4599-aca5-a3ddc65323ac	10	85308224	90702958	3659	0.0089
5d10a4eb-46be-4599-aca5-a3ddc65323ac	10	90703067	90712227	5	-1.273
5d10a4eb-46be-4599-aca5-a3ddc65323ac	10	90712327	133654968	29291	0.0023
5d10a4eb-46be-4599-aca5-a3ddc65323ac	11	198510	3465494	1297	0.0007
5d10a4eb-46be-4599-aca5-a3ddc65323ac	11	3466435	3506921	10	-0.8196
5d10a4eb-46be-4599-aca5-a3ddc65323ac	11	3508708	4254774	445	-0.0041
5d10a4eb-46be-4599-aca5-a3ddc65323ac	11	4274526	4331751	15	0.5214
5d10a4eb-46be-4599-aca5-a3ddc65323ac	11	4337579	4946166	652	0.0129
5d10a4eb-46be-4599-aca5-a3ddc65323ac	11	4946420	4954445	28	-1.7612
5d10a4eb-46be-4599-aca5-a3ddc65323ac	11	4954475	36758924	23449	0.0045
5d10a4eb-46be-4599-aca5-a3ddc65323ac	11	36759611	36760584	3	-2.4078
5d10a4eb-46be-4599-aca5-a3ddc65323ac	11	36762152	48123823	7184	0.0102
5d10a4eb-46be-4599-aca5-a3ddc65323ac	11	48126300	48127434	2	-1.7712
5d10a4eb-46be-4599-aca5-a3ddc65323ac	11	48127993	48982389	340	-0.0165
5d10a4eb-46be-4599-aca5-a3ddc65323ac	11	48982473	48985386	2	-2.2052
5d10a4eb-46be-4599-aca5-a3ddc65323ac	11	48985936	101723653	29677	0.0081
5d10a4eb-46be-4599-aca5-a3ddc65323ac	11	101727129	101727233	4	1.4798
5d10a4eb-46be-4599-aca5-a3ddc65323ac	11	101727481	135074876	23726	0.0059
5d10a4eb-46be-4599-aca5-a3ddc65323ac	12	51460	756804	416	0.0016
5d10a4eb-46be-4599-aca5-a3ddc65323ac	12	759943	764863	18	-0.687
5d10a4eb-46be-4599-aca5-a3ddc65323ac	12	766188	8268228	5123	0.0083
5d10a4eb-46be-4599-aca5-a3ddc65323ac	12	8275839	8336125	16	-0.4999
5d10a4eb-46be-4599-aca5-a3ddc65323ac	12	8340826	9508122	611	0.0081
5d10a4eb-46be-4599-aca5-a3ddc65323ac	12	9514854	9582373	16	0.542
5d10a4eb-46be-4599-aca5-a3ddc65323ac	12	9582374	10427861	631	0.0024
5d10a4eb-46be-4599-aca5-a3ddc65323ac	12	10430768	10443207	5	-1.1914
5d10a4eb-46be-4599-aca5-a3ddc65323ac	12	10446203	31108764	14557	0.0071
5d10a4eb-46be-4599-aca5-a3ddc65323ac	12	31112123	31249756	85	0.5504
5d10a4eb-46be-4599-aca5-a3ddc65323ac	12	31253875	33148586	1304	0.0148
5d10a4eb-46be-4599-aca5-a3ddc65323ac	12	33148600	33154440	24	-0.7229
5d10a4eb-46be-4599-aca5-a3ddc65323ac	12	33155426	55078772	11060	0.013
5d10a4eb-46be-4599-aca5-a3ddc65323ac	12	55078781	55079984	2	-1.7394
5d10a4eb-46be-4599-aca5-a3ddc65323ac	12	55081308	80446147	16058	0.0138
5d10a4eb-46be-4599-aca5-a3ddc65323ac	12	80446276	80456533	2	-2.7196
5d10a4eb-46be-4599-aca5-a3ddc65323ac	12	80458189	128744341	31841	0.0061
5d10a4eb-46be-4599-aca5-a3ddc65323ac	12	128745968	128748000	7	-1.1074
5d10a4eb-46be-4599-aca5-a3ddc65323ac	12	128749443	133201603	3065	-0.0018
5d10a4eb-46be-4599-aca5-a3ddc65323ac	13	18452809	23055048	2857	0.0029
5d10a4eb-46be-4599-aca5-a3ddc65323ac	13	23055071	23059376	13	-0.7118
5d10a4eb-46be-4599-aca5-a3ddc65323ac	13	23064056	114342922	61275	0.0105
5d10a4eb-46be-4599-aca5-a3ddc65323ac	14	18239283	19383592	52	-0.0533
5d10a4eb-46be-4599-aca5-a3ddc65323ac	14	19385032	19637253	7	-1.0109
5d10a4eb-46be-4599-aca5-a3ddc65323ac	14	19650668	20880785	818	0.0199
5d10a4eb-46be-4599-aca5-a3ddc65323ac	14	20881358	20941822	24	0.5696
5d10a4eb-46be-4599-aca5-a3ddc65323ac	14	20945196	38325335	11102	0.0138
5d10a4eb-46be-4599-aca5-a3ddc65323ac	14	38330250	38331170	10	-0.8121
5d10a4eb-46be-4599-aca5-a3ddc65323ac	14	38335052	69547262	19595	0.0124
5d10a4eb-46be-4599-aca5-a3ddc65323ac	14	69551330	69555750	9	-0.9097
5d10a4eb-46be-4599-aca5-a3ddc65323ac	14	69555996	85985567	10902	0.0165
5d10a4eb-46be-4599-aca5-a3ddc65323ac	14	85994282	86022097	38	-0.8925
5d10a4eb-46be-4599-aca5-a3ddc65323ac	14	86023867	106311479	12572	0.0052
5d10a4eb-46be-4599-aca5-a3ddc65323ac	14	106311541	106362628	13	-0.6496
5d10a4eb-46be-4599-aca5-a3ddc65323ac	14	106364815	106877229	272	0.0091
5d10a4eb-46be-4599-aca5-a3ddc65323ac	15	19811075	20011702	46	-0.1497
5d10a4eb-46be-4599-aca5-a3ddc65323ac	15	20026653	20373168	42	0.4509
5d10a4eb-46be-4599-aca5-a3ddc65323ac	15	20376198	20376311	7	-0.3885
5d10a4eb-46be-4599-aca5-a3ddc65323ac	15	20380735	21975606	81	0.5774
5d10a4eb-46be-4599-aca5-a3ddc65323ac	15	21997003	23199669	346	0.0424
5d10a4eb-46be-4599-aca5-a3ddc65323ac	15	23396367	23420338	11	-1.0276
5d10a4eb-46be-4599-aca5-a3ddc65323ac	15	23425837	23809640	284	-0.012
5d10a4eb-46be-4599-aca5-a3ddc65323ac	15	23810290	23814160	20	-0.8885
5d10a4eb-46be-4599-aca5-a3ddc65323ac	15	23820546	24424598	361	0.0011
5d10a4eb-46be-4599-aca5-a3ddc65323ac	15	24429604	24473449	34	-0.8307
5d10a4eb-46be-4599-aca5-a3ddc65323ac	15	24480146	76599170	32684	0.0019
5d10a4eb-46be-4599-aca5-a3ddc65323ac	15	76599286	76599884	9	-3.3223
5d10a4eb-46be-4599-aca5-a3ddc65323ac	15	76602723	76603434	11	-1.1649
5d10a4eb-46be-4599-aca5-a3ddc65323ac	15	76609838	97265179	14179	0.0012
5d10a4eb-46be-4599-aca5-a3ddc65323ac	15	97274562	97288957	11	-0.8225
5d10a4eb-46be-4599-aca5-a3ddc65323ac	15	97290419	97408746	82	0.0319
5d10a4eb-46be-4599-aca5-a3ddc65323ac	15	97409766	97410884	2	-1.3861
5d10a4eb-46be-4599-aca5-a3ddc65323ac	15	97410902	101928837	3342	-0.0006
5d10a4eb-46be-4599-aca5-a3ddc65323ac	16	10777	35225338	20167	0.0023
5d10a4eb-46be-4599-aca5-a3ddc65323ac	16	35232200	35282548	25	0.5327
5d10a4eb-46be-4599-aca5-a3ddc65323ac	16	35282553	35323357	23	0.1096
5d10a4eb-46be-4599-aca5-a3ddc65323ac	16	35323938	35521195	119	0.5029
5d10a4eb-46be-4599-aca5-a3ddc65323ac	16	35522700	70105639	15367	0.0089
5d10a4eb-46be-4599-aca5-a3ddc65323ac	16	70117657	70163864	12	-0.8764
5d10a4eb-46be-4599-aca5-a3ddc65323ac	16	70164427	86250291	13749	-0.004
5d10a4eb-46be-4599-aca5-a3ddc65323ac	16	86251753	86252183	4	-1.207
5d10a4eb-46be-4599-aca5-a3ddc65323ac	16	86253724	86737318	601	-0.0139
5d10a4eb-46be-4599-aca5-a3ddc65323ac	16	86737463	86738239	3	1.1668
5d10a4eb-46be-4599-aca5-a3ddc65323ac	16	86740718	90096867	1790	0.0005
5d10a4eb-46be-4599-aca5-a3ddc65323ac	17	150733	8339592	4537	0.0091
5d10a4eb-46be-4599-aca5-a3ddc65323ac	17	8344229	8344415	2	-2.6079
5d10a4eb-46be-4599-aca5-a3ddc65323ac	17	8346140	28452035	9133	0.0027
5d10a4eb-46be-4599-aca5-a3ddc65323ac	17	28454323	28455301	2	-2.2529
5d10a4eb-46be-4599-aca5-a3ddc65323ac	17	28462253	46084941	9663	0.0043
5d10a4eb-46be-4599-aca5-a3ddc65323ac	17	46085231	46214792	107	0.2279
5d10a4eb-46be-4599-aca5-a3ddc65323ac	17	46215253	49859954	1647	0.0198
5d10a4eb-46be-4599-aca5-a3ddc65323ac	17	49861110	49864510	3	-1.6786
5d10a4eb-46be-4599-aca5-a3ddc65323ac	17	49865012	83091923	19942	0.005
5d10a4eb-46be-4599-aca5-a3ddc65323ac	18	48133	26785899	13870	0.0067
5d10a4eb-46be-4599-aca5-a3ddc65323ac	18	26785951	26785977	2	-2.3332
5d10a4eb-46be-4599-aca5-a3ddc65323ac	18	26786181	40678763	8919	0.0121
5d10a4eb-46be-4599-aca5-a3ddc65323ac	18	40680456	40685425	19	0.7379
5d10a4eb-46be-4599-aca5-a3ddc65323ac	18	40688060	80257174	27939	0.0134
5d10a4eb-46be-4599-aca5-a3ddc65323ac	19	90910	20563384	9007	0.0056
5d10a4eb-46be-4599-aca5-a3ddc65323ac	19	20576271	20577052	2	-1.7457
5d10a4eb-46be-4599-aca5-a3ddc65323ac	19	20582324	42782612	11399	0.0057
5d10a4eb-46be-4599-aca5-a3ddc65323ac	19	42783304	42850300	30	0.5255
5d10a4eb-46be-4599-aca5-a3ddc65323ac	19	42858500	58586487	8668	0.0065
5d10a4eb-46be-4599-aca5-a3ddc65323ac	20	80664	1580305	1203	0.0111
5d10a4eb-46be-4599-aca5-a3ddc65323ac	20	1580353	1601561	37	1.6226
5d10a4eb-46be-4599-aca5-a3ddc65323ac	20	1609611	14820847	9951	0.0069
5d10a4eb-46be-4599-aca5-a3ddc65323ac	20	14821079	14821267	3	-2.1384
5d10a4eb-46be-4599-aca5-a3ddc65323ac	20	14826069	20343697	4870	0.0022
5d10a4eb-46be-4599-aca5-a3ddc65323ac	20	20345078	20352422	2	-2.0284
5d10a4eb-46be-4599-aca5-a3ddc65323ac	20	20352774	23921719	2539	-0.0043
5d10a4eb-46be-4599-aca5-a3ddc65323ac	20	23925013	24033580	80	0.6102
5d10a4eb-46be-4599-aca5-a3ddc65323ac	20	24036939	26324855	1335	-0.0137
5d10a4eb-46be-4599-aca5-a3ddc65323ac	20	26324943	30377631	40	-0.608
5d10a4eb-46be-4599-aca5-a3ddc65323ac	20	30381395	64324800	22326	-0.0007
5d10a4eb-46be-4599-aca5-a3ddc65323ac	21	10354168	10753316	85	-0.3923
5d10a4eb-46be-4599-aca5-a3ddc65323ac	21	10756733	46677045	23782	0.0089
5d10a4eb-46be-4599-aca5-a3ddc65323ac	22	15294547	23987520	4394	-0.0229
5d10a4eb-46be-4599-aca5-a3ddc65323ac	22	23988078	23989773	2	-3.2114
5d10a4eb-46be-4599-aca5-a3ddc65323ac	22	23990431	50796027	18880	0.0024
5d10a4eb-46be-4599-aca5-a3ddc65323ac	X	251810	2748312	94	0.0248
5d10a4eb-46be-4599-aca5-a3ddc65323ac	X	2785350	2885303	79	-1.0604
5d10a4eb-46be-4599-aca5-a3ddc65323ac	X	2887623	5562401	1931	0.0133
5d10a4eb-46be-4599-aca5-a3ddc65323ac	X	5566157	5578194	14	-0.9697
5d10a4eb-46be-4599-aca5-a3ddc65323ac	X	5578623	32261741	17759	0.0105
5d10a4eb-46be-4599-aca5-a3ddc65323ac	X	32265883	32268455	2	1.9828
5d10a4eb-46be-4599-aca5-a3ddc65323ac	X	32269126	67414734	15510	0.0143
5d10a4eb-46be-4599-aca5-a3ddc65323ac	X	67417031	67526122	36	0.5475
5d10a4eb-46be-4599-aca5-a3ddc65323ac	X	67526901	155952689	48220	0.0082
5d10a4eb-46be-4599-aca5-a3ddc65323ac	Y	2782397	56872112	6639	-0.8573
