GDC_Aliquot	Chromosome	Start	End	Num_Probes	Segment_Mean
e39b49dd-9067-4367-a497-5b8e54454a59	1	62920	864015	46	0.0458
e39b49dd-9067-4367-a497-5b8e54454a59	1	864083	2422250	413	-0.185
e39b49dd-9067-4367-a497-5b8e54454a59	1	2424341	12756366	6003	0.0049
e39b49dd-9067-4367-a497-5b8e54454a59	1	12758908	13471243	86	-0.2922
e39b49dd-9067-4367-a497-5b8e54454a59	1	13471565	21342974	5161	0.015
e39b49dd-9067-4367-a497-5b8e54454a59	1	21343308	21396636	34	-0.4185
e39b49dd-9067-4367-a497-5b8e54454a59	1	21396678	21969814	328	0.0242
e39b49dd-9067-4367-a497-5b8e54454a59	1	21970933	22031461	23	-0.914
e39b49dd-9067-4367-a497-5b8e54454a59	1	22031562	25256138	1898	-0.0021
e39b49dd-9067-4367-a497-5b8e54454a59	1	25256188	25320455	28	-0.5679
e39b49dd-9067-4367-a497-5b8e54454a59	1	25336819	27022452	719	0.0014
e39b49dd-9067-4367-a497-5b8e54454a59	1	27034728	27117363	36	-0.4205
e39b49dd-9067-4367-a497-5b8e54454a59	1	27118593	40309557	7260	-0.0017
e39b49dd-9067-4367-a497-5b8e54454a59	1	40315122	40319591	3	-1.5711
e39b49dd-9067-4367-a497-5b8e54454a59	1	40320780	40985939	379	-0.0446
e39b49dd-9067-4367-a497-5b8e54454a59	1	40987781	103560435	40342	0.0194
e39b49dd-9067-4367-a497-5b8e54454a59	1	103560608	103621165	30	0.6449
e39b49dd-9067-4367-a497-5b8e54454a59	1	103697067	105470754	921	0.025
e39b49dd-9067-4367-a497-5b8e54454a59	1	105476583	105492430	31	0.6048
e39b49dd-9067-4367-a497-5b8e54454a59	1	105492439	119981332	9638	0.0282
e39b49dd-9067-4367-a497-5b8e54454a59	1	119984738	152583051	2563	-0.0399
e39b49dd-9067-4367-a497-5b8e54454a59	1	152583230	152614100	34	-2.5935
e39b49dd-9067-4367-a497-5b8e54454a59	1	152614118	152787202	168	-0.0334
e39b49dd-9067-4367-a497-5b8e54454a59	1	152789447	152796224	37	-2.1591
e39b49dd-9067-4367-a497-5b8e54454a59	1	152801429	158989785	3673	-0.0158
e39b49dd-9067-4367-a497-5b8e54454a59	1	158992249	158997074	3	-1.4651
e39b49dd-9067-4367-a497-5b8e54454a59	1	158997108	174827267	11118	0.0051
e39b49dd-9067-4367-a497-5b8e54454a59	1	174827418	174828367	10	-1.192
e39b49dd-9067-4367-a497-5b8e54454a59	1	174828439	174832782	9	-0.5268
e39b49dd-9067-4367-a497-5b8e54454a59	1	174832869	189679027	9894	0.012
e39b49dd-9067-4367-a497-5b8e54454a59	1	189679353	189679397	2	-2.1675
e39b49dd-9067-4367-a497-5b8e54454a59	1	189682917	196745743	4734	0.0265
e39b49dd-9067-4367-a497-5b8e54454a59	1	196758720	196802150	43	-0.7959
e39b49dd-9067-4367-a497-5b8e54454a59	1	196820098	240230715	29943	0.0048
e39b49dd-9067-4367-a497-5b8e54454a59	1	240230732	240230839	5	-2.5007
e39b49dd-9067-4367-a497-5b8e54454a59	1	240232805	241900849	1335	-0.0054
e39b49dd-9067-4367-a497-5b8e54454a59	1	241901331	242013693	57	-0.3822
e39b49dd-9067-4367-a497-5b8e54454a59	1	242023312	248930189	4465	-0.0153
e39b49dd-9067-4367-a497-5b8e54454a59	2	12784	192773	107	0.0194
e39b49dd-9067-4367-a497-5b8e54454a59	2	193991	210225	13	-0.8832
e39b49dd-9067-4367-a497-5b8e54454a59	2	210513	1471763	880	0
e39b49dd-9067-4367-a497-5b8e54454a59	2	1484344	1538538	28	-0.5584
e39b49dd-9067-4367-a497-5b8e54454a59	2	1546258	4155597	1956	-0.0226
e39b49dd-9067-4367-a497-5b8e54454a59	2	4155990	4176429	44	-0.7051
e39b49dd-9067-4367-a497-5b8e54454a59	2	4182472	28837191	17123	0.0043
e39b49dd-9067-4367-a497-5b8e54454a59	2	28838245	28884780	21	-0.5771
e39b49dd-9067-4367-a497-5b8e54454a59	2	28885567	50641413	15652	0.0162
e39b49dd-9067-4367-a497-5b8e54454a59	2	50641545	51128355	347	0.2037
e39b49dd-9067-4367-a497-5b8e54454a59	2	51130564	52202287	714	0.0085
e39b49dd-9067-4367-a497-5b8e54454a59	2	52203391	52313588	80	0.2385
e39b49dd-9067-4367-a497-5b8e54454a59	2	52322404	52531630	160	-0.0132
e39b49dd-9067-4367-a497-5b8e54454a59	2	52531652	52554404	31	0.7597
e39b49dd-9067-4367-a497-5b8e54454a59	2	52560811	242147305	112287	0.0066
e39b49dd-9067-4367-a497-5b8e54454a59	3	20930	2753811	2392	0.1125
e39b49dd-9067-4367-a497-5b8e54454a59	3	2754486	5908861	2788	0.0117
e39b49dd-9067-4367-a497-5b8e54454a59	3	5909234	5909308	2	-1.9847
e39b49dd-9067-4367-a497-5b8e54454a59	3	5911732	10145397	3415	0.0193
e39b49dd-9067-4367-a497-5b8e54454a59	3	10149361	10226499	76	-0.4927
e39b49dd-9067-4367-a497-5b8e54454a59	3	10226614	12631872	1813	0.003
e39b49dd-9067-4367-a497-5b8e54454a59	3	12641250	12715395	67	-0.4083
e39b49dd-9067-4367-a497-5b8e54454a59	3	12715447	21706349	5704	0.0067
e39b49dd-9067-4367-a497-5b8e54454a59	3	21707297	22262402	549	0.1392
e39b49dd-9067-4367-a497-5b8e54454a59	3	22263264	28992912	4811	0.011
e39b49dd-9067-4367-a497-5b8e54454a59	3	28994041	29024701	23	-1.1072
e39b49dd-9067-4367-a497-5b8e54454a59	3	29025358	47437019	11836	0.0008
e39b49dd-9067-4367-a497-5b8e54454a59	3	47450332	47451230	2	-3.4352
e39b49dd-9067-4367-a497-5b8e54454a59	3	47455724	59756136	6834	0.0039
e39b49dd-9067-4367-a497-5b8e54454a59	3	59758937	60518527	911	0.1315
e39b49dd-9067-4367-a497-5b8e54454a59	3	60519271	68229992	6182	0.0219
e39b49dd-9067-4367-a497-5b8e54454a59	3	68231012	68236873	6	-1.0998
e39b49dd-9067-4367-a497-5b8e54454a59	3	68237171	75465245	5271	0.0021
e39b49dd-9067-4367-a497-5b8e54454a59	3	75466940	75596233	36	-0.5397
e39b49dd-9067-4367-a497-5b8e54454a59	3	75600083	84651245	4978	0.0277
e39b49dd-9067-4367-a497-5b8e54454a59	3	84652750	84653010	5	1.0506
e39b49dd-9067-4367-a497-5b8e54454a59	3	84653084	85161385	322	-0.0062
e39b49dd-9067-4367-a497-5b8e54454a59	3	85163017	85207628	20	0.4492
e39b49dd-9067-4367-a497-5b8e54454a59	3	85214194	85413658	101	0.033
e39b49dd-9067-4367-a497-5b8e54454a59	3	85414293	85549509	78	0.309
e39b49dd-9067-4367-a497-5b8e54454a59	3	85554493	99218119	5457	0.0053
e39b49dd-9067-4367-a497-5b8e54454a59	3	99218940	99232990	42	-0.6099
e39b49dd-9067-4367-a497-5b8e54454a59	3	99233548	125950205	16313	0.005
e39b49dd-9067-4367-a497-5b8e54454a59	3	125954540	125957120	3	-2.5698
e39b49dd-9067-4367-a497-5b8e54454a59	3	125961657	125993427	28	0.0752
e39b49dd-9067-4367-a497-5b8e54454a59	3	125993496	125995933	14	0.6615
e39b49dd-9067-4367-a497-5b8e54454a59	3	126001805	128661409	1703	0.0282
e39b49dd-9067-4367-a497-5b8e54454a59	3	128662406	128702456	19	-0.6214
e39b49dd-9067-4367-a497-5b8e54454a59	3	128702752	130044016	618	0.0182
e39b49dd-9067-4367-a497-5b8e54454a59	3	130044855	130087393	38	-1.9112
e39b49dd-9067-4367-a497-5b8e54454a59	3	130088081	146661402	10385	-0.0047
e39b49dd-9067-4367-a497-5b8e54454a59	3	146665207	147676761	530	0.1135
e39b49dd-9067-4367-a497-5b8e54454a59	3	147676860	149244851	981	0.0143
e39b49dd-9067-4367-a497-5b8e54454a59	3	149244916	149253920	33	-0.7607
e39b49dd-9067-4367-a497-5b8e54454a59	3	149254130	150806849	916	0.0251
e39b49dd-9067-4367-a497-5b8e54454a59	3	150810679	150841351	20	-0.6669
e39b49dd-9067-4367-a497-5b8e54454a59	3	150844331	155769413	3103	-0.0103
e39b49dd-9067-4367-a497-5b8e54454a59	3	155769663	155807000	24	-0.4895
e39b49dd-9067-4367-a497-5b8e54454a59	3	155808009	162790480	4268	0.0144
e39b49dd-9067-4367-a497-5b8e54454a59	3	162794869	162908784	71	0.6099
e39b49dd-9067-4367-a497-5b8e54454a59	3	162908815	173571809	6378	0.0272
e39b49dd-9067-4367-a497-5b8e54454a59	3	173571890	173896330	236	0.2127
e39b49dd-9067-4367-a497-5b8e54454a59	3	173896685	175369016	1046	0.0038
e39b49dd-9067-4367-a497-5b8e54454a59	3	175369131	176202779	532	0.1666
e39b49dd-9067-4367-a497-5b8e54454a59	3	176202832	183443722	4265	-0.0009
e39b49dd-9067-4367-a497-5b8e54454a59	3	183444142	184727496	670	-0.1736
e39b49dd-9067-4367-a497-5b8e54454a59	3	184731760	193162798	6048	0.0062
e39b49dd-9067-4367-a497-5b8e54454a59	3	193162937	193165114	11	-1.7207
e39b49dd-9067-4367-a497-5b8e54454a59	3	193168646	195416573	1442	0.0119
e39b49dd-9067-4367-a497-5b8e54454a59	3	195423124	198018567	1153	-0.1136
e39b49dd-9067-4367-a497-5b8e54454a59	3	198021577	198142659	87	0.073
e39b49dd-9067-4367-a497-5b8e54454a59	3	198169114	198169247	4	-1.7612
e39b49dd-9067-4367-a497-5b8e54454a59	4	68929	4117959	1627	0.005
e39b49dd-9067-4367-a497-5b8e54454a59	4	4121101	4151033	6	-1.7708
e39b49dd-9067-4367-a497-5b8e54454a59	4	4158336	9455251	3518	0.0115
e39b49dd-9067-4367-a497-5b8e54454a59	4	9459504	9477699	6	-1.7052
e39b49dd-9067-4367-a497-5b8e54454a59	4	9484440	10208766	540	0.0084
e39b49dd-9067-4367-a497-5b8e54454a59	4	10212536	10229874	29	3.3763
e39b49dd-9067-4367-a497-5b8e54454a59	4	10232590	10233644	7	1.137
e39b49dd-9067-4367-a497-5b8e54454a59	4	10234518	10389091	171	-0.008
e39b49dd-9067-4367-a497-5b8e54454a59	4	10390730	10399044	16	-3.0295
e39b49dd-9067-4367-a497-5b8e54454a59	4	10401094	12385029	1640	0.0047
e39b49dd-9067-4367-a497-5b8e54454a59	4	12385300	12389386	2	-1.6514
e39b49dd-9067-4367-a497-5b8e54454a59	4	12390274	14361612	1511	0.0252
e39b49dd-9067-4367-a497-5b8e54454a59	4	14363077	14363581	2	-3.2041
e39b49dd-9067-4367-a497-5b8e54454a59	4	14367452	18781199	3185	0.0011
e39b49dd-9067-4367-a497-5b8e54454a59	4	18783500	18786829	6	-1.479
e39b49dd-9067-4367-a497-5b8e54454a59	4	18787652	25502438	4610	0.0187
e39b49dd-9067-4367-a497-5b8e54454a59	4	25502541	25506182	17	-0.5684
e39b49dd-9067-4367-a497-5b8e54454a59	4	25506388	49052663	14780	0.0214
e39b49dd-9067-4367-a497-5b8e54454a59	4	49055810	51819878	49	-0.4643
e39b49dd-9067-4367-a497-5b8e54454a59	4	51820017	62802116	6994	-0.0039
e39b49dd-9067-4367-a497-5b8e54454a59	4	62804218	62805944	8	-2.1081
e39b49dd-9067-4367-a497-5b8e54454a59	4	62813912	68339208	3418	0.0272
e39b49dd-9067-4367-a497-5b8e54454a59	4	68339321	68569894	69	0.1899
e39b49dd-9067-4367-a497-5b8e54454a59	4	68570184	68618391	33	0.7189
e39b49dd-9067-4367-a497-5b8e54454a59	4	68620122	69529454	491	0.1478
e39b49dd-9067-4367-a497-5b8e54454a59	4	69529620	114252544	27182	0.0121
e39b49dd-9067-4367-a497-5b8e54454a59	4	114254167	114263224	29	0.6719
e39b49dd-9067-4367-a497-5b8e54454a59	4	114263234	130267559	9506	0.0078
e39b49dd-9067-4367-a497-5b8e54454a59	4	130275977	130314233	13	0.8469
e39b49dd-9067-4367-a497-5b8e54454a59	4	130320342	137163953	3710	0.0408
e39b49dd-9067-4367-a497-5b8e54454a59	4	137168393	137187209	21	-0.7621
e39b49dd-9067-4367-a497-5b8e54454a59	4	137187333	161284500	14965	-0.003
e39b49dd-9067-4367-a497-5b8e54454a59	4	161284534	161291088	7	-1.2468
e39b49dd-9067-4367-a497-5b8e54454a59	4	161298971	171447291	6410	0.0077
e39b49dd-9067-4367-a497-5b8e54454a59	4	171447380	171456559	12	0.9707
e39b49dd-9067-4367-a497-5b8e54454a59	4	171456573	172066706	398	0.0281
e39b49dd-9067-4367-a497-5b8e54454a59	4	172066777	172068222	6	0.6676
e39b49dd-9067-4367-a497-5b8e54454a59	4	172068257	172068382	7	1.1802
e39b49dd-9067-4367-a497-5b8e54454a59	4	172074828	176706998	2715	0.0012
e39b49dd-9067-4367-a497-5b8e54454a59	4	176707583	181122570	3111	0.0563
e39b49dd-9067-4367-a497-5b8e54454a59	4	181122892	186167979	3677	-0.0103
e39b49dd-9067-4367-a497-5b8e54454a59	4	186168388	186172834	2	-2.275
e39b49dd-9067-4367-a497-5b8e54454a59	4	186176244	188022897	1249	0.0083
e39b49dd-9067-4367-a497-5b8e54454a59	4	188023199	188361311	240	-0.2209
e39b49dd-9067-4367-a497-5b8e54454a59	4	188367042	190106768	1078	0.0604
e39b49dd-9067-4367-a497-5b8e54454a59	5	15532	12800777	10185	0.0011
e39b49dd-9067-4367-a497-5b8e54454a59	5	12815668	12838421	14	-1.514
e39b49dd-9067-4367-a497-5b8e54454a59	5	12849089	16864523	2773	0.0169
e39b49dd-9067-4367-a497-5b8e54454a59	5	16864967	17670829	422	-0.1238
e39b49dd-9067-4367-a497-5b8e54454a59	5	17670916	17828029	127	0.0677
e39b49dd-9067-4367-a497-5b8e54454a59	5	17828744	17829678	3	-1.2199
e39b49dd-9067-4367-a497-5b8e54454a59	5	17833550	18922325	690	0.0125
e39b49dd-9067-4367-a497-5b8e54454a59	5	18923762	18958638	18	0.5638
e39b49dd-9067-4367-a497-5b8e54454a59	5	18958677	20395945	850	0.0319
e39b49dd-9067-4367-a497-5b8e54454a59	5	20397435	20555005	145	0.2428
e39b49dd-9067-4367-a497-5b8e54454a59	5	20555241	34700599	8685	0.0146
e39b49dd-9067-4367-a497-5b8e54454a59	5	34700960	34701084	2	-2.1311
e39b49dd-9067-4367-a497-5b8e54454a59	5	34703258	35808013	718	0.0293
e39b49dd-9067-4367-a497-5b8e54454a59	5	35808645	35808650	2	-2.4304
e39b49dd-9067-4367-a497-5b8e54454a59	5	35811180	46042617	5977	0.0099
e39b49dd-9067-4367-a497-5b8e54454a59	5	46061883	50276884	99	-0.4923
e39b49dd-9067-4367-a497-5b8e54454a59	5	50277291	58030453	5027	0.0207
e39b49dd-9067-4367-a497-5b8e54454a59	5	58033288	58036689	22	-0.5525
e39b49dd-9067-4367-a497-5b8e54454a59	5	58036727	79155476	12486	0.0252
e39b49dd-9067-4367-a497-5b8e54454a59	5	79157507	79196213	18	-0.626
e39b49dd-9067-4367-a497-5b8e54454a59	5	79211557	99547242	11435	0.0188
e39b49dd-9067-4367-a497-5b8e54454a59	5	99547502	100694175	653	0.1609
e39b49dd-9067-4367-a497-5b8e54454a59	5	100694370	151349492	32390	0.0192
e39b49dd-9067-4367-a497-5b8e54454a59	5	151349717	172004849	14388	-0.0071
e39b49dd-9067-4367-a497-5b8e54454a59	5	172005090	172196824	147	-0.3232
e39b49dd-9067-4367-a497-5b8e54454a59	5	172196884	177711874	3540	0.002
e39b49dd-9067-4367-a497-5b8e54454a59	5	177716932	177929702	22	-0.7398
e39b49dd-9067-4367-a497-5b8e54454a59	5	177933258	181363319	1970	-0.0449
e39b49dd-9067-4367-a497-5b8e54454a59	6	149661	254283	101	-0.0998
e39b49dd-9067-4367-a497-5b8e54454a59	6	257353	753246	406	0.131
e39b49dd-9067-4367-a497-5b8e54454a59	6	753586	821138	60	-0.105
e39b49dd-9067-4367-a497-5b8e54454a59	6	821327	846919	20	-0.746
e39b49dd-9067-4367-a497-5b8e54454a59	6	847346	6025978	4258	0.0211
e39b49dd-9067-4367-a497-5b8e54454a59	6	6033698	6034203	3	-3.8762
e39b49dd-9067-4367-a497-5b8e54454a59	6	6036812	8925113	2342	0.0029
e39b49dd-9067-4367-a497-5b8e54454a59	6	8927278	8932867	12	-0.9197
e39b49dd-9067-4367-a497-5b8e54454a59	6	8934759	29875657	14442	0.0094
e39b49dd-9067-4367-a497-5b8e54454a59	6	29876257	29881490	7	-1.8472
e39b49dd-9067-4367-a497-5b8e54454a59	6	29882419	31313046	662	-0.0117
e39b49dd-9067-4367-a497-5b8e54454a59	6	31318499	31328176	8	-1.319
e39b49dd-9067-4367-a497-5b8e54454a59	6	31328210	32485152	503	-0.1194
e39b49dd-9067-4367-a497-5b8e54454a59	6	32486498	32533522	15	1.5223
e39b49dd-9067-4367-a497-5b8e54454a59	6	32540699	32606604	20	0.5455
e39b49dd-9067-4367-a497-5b8e54454a59	6	32610305	33970029	826	0.0155
e39b49dd-9067-4367-a497-5b8e54454a59	6	33970222	33974928	8	-1.0919
e39b49dd-9067-4367-a497-5b8e54454a59	6	33976809	34164601	121	0.0263
e39b49dd-9067-4367-a497-5b8e54454a59	6	34164831	34167087	3	-1.5872
e39b49dd-9067-4367-a497-5b8e54454a59	6	34169875	61288597	15296	0.0179
e39b49dd-9067-4367-a497-5b8e54454a59	6	61305727	61532234	23	-0.7561
e39b49dd-9067-4367-a497-5b8e54454a59	6	61537573	73882142	7824	0.0208
e39b49dd-9067-4367-a497-5b8e54454a59	6	73882509	73891694	10	-2.2669
e39b49dd-9067-4367-a497-5b8e54454a59	6	73893839	78253157	2766	0.0099
e39b49dd-9067-4367-a497-5b8e54454a59	6	78253172	78325468	114	-0.3145
e39b49dd-9067-4367-a497-5b8e54454a59	6	78329517	93755280	9887	0.0022
e39b49dd-9067-4367-a497-5b8e54454a59	6	93755359	94478240	481	0.2106
e39b49dd-9067-4367-a497-5b8e54454a59	6	94481005	94686160	137	0.0643
e39b49dd-9067-4367-a497-5b8e54454a59	6	94691055	94792360	70	-0.8928
e39b49dd-9067-4367-a497-5b8e54454a59	6	94794556	103290101	4894	0.0126
e39b49dd-9067-4367-a497-5b8e54454a59	6	103290164	103314186	45	-1.6392
e39b49dd-9067-4367-a497-5b8e54454a59	6	103317795	113900791	6671	0.0003
e39b49dd-9067-4367-a497-5b8e54454a59	6	113903677	113903852	2	-2.9753
e39b49dd-9067-4367-a497-5b8e54454a59	6	113904647	170741917	37480	0.0068
e39b49dd-9067-4367-a497-5b8e54454a59	7	43355	4233095	2167	0.0103
e39b49dd-9067-4367-a497-5b8e54454a59	7	4233213	5777366	837	-0.0972
e39b49dd-9067-4367-a497-5b8e54454a59	7	5777622	5964274	59	-0.5104
e39b49dd-9067-4367-a497-5b8e54454a59	7	5986976	7033442	434	-0.0693
e39b49dd-9067-4367-a497-5b8e54454a59	7	7034421	8349683	1178	0.0188
e39b49dd-9067-4367-a497-5b8e54454a59	7	8350096	10356491	1664	0.1086
e39b49dd-9067-4367-a497-5b8e54454a59	7	10358763	17023490	5349	0.0312
e39b49dd-9067-4367-a497-5b8e54454a59	7	17023622	17536093	406	0.1561
e39b49dd-9067-4367-a497-5b8e54454a59	7	17538689	38239007	15239	0.0182
e39b49dd-9067-4367-a497-5b8e54454a59	7	38239282	38317707	109	0.3088
e39b49dd-9067-4367-a497-5b8e54454a59	7	38317722	54305455	11007	0.0114
e39b49dd-9067-4367-a497-5b8e54454a59	7	54318812	54318824	6	1.6289
e39b49dd-9067-4367-a497-5b8e54454a59	7	54325795	55689426	1132	0.03
e39b49dd-9067-4367-a497-5b8e54454a59	7	55697942	56645958	396	-0.0778
e39b49dd-9067-4367-a497-5b8e54454a59	7	56646419	56761357	54	-0.4883
e39b49dd-9067-4367-a497-5b8e54454a59	7	56762895	62258057	468	-0.168
e39b49dd-9067-4367-a497-5b8e54454a59	7	62260973	62835676	96	-0.4547
e39b49dd-9067-4367-a497-5b8e54454a59	7	62835809	62924962	16	-1.114
e39b49dd-9067-4367-a497-5b8e54454a59	7	62925052	63860912	219	-0.2783
e39b49dd-9067-4367-a497-5b8e54454a59	7	63861658	65502854	811	-0.0351
e39b49dd-9067-4367-a497-5b8e54454a59	7	65539561	65595036	7	-2.6358
e39b49dd-9067-4367-a497-5b8e54454a59	7	65595136	65622693	20	-0.4826
e39b49dd-9067-4367-a497-5b8e54454a59	7	65626378	76514522	5039	-0.0582
e39b49dd-9067-4367-a497-5b8e54454a59	7	76514576	76648458	34	-0.5135
e39b49dd-9067-4367-a497-5b8e54454a59	7	76653459	76803016	48	0.1537
e39b49dd-9067-4367-a497-5b8e54454a59	7	76803341	76940335	81	0.6599
e39b49dd-9067-4367-a497-5b8e54454a59	7	76944884	88558005	7459	0.0289
e39b49dd-9067-4367-a497-5b8e54454a59	7	88563524	89747795	803	0.1733
e39b49dd-9067-4367-a497-5b8e54454a59	7	89748493	89752539	5	-0.4252
e39b49dd-9067-4367-a497-5b8e54454a59	7	89753028	97420544	4897	0.0266
e39b49dd-9067-4367-a497-5b8e54454a59	7	97420977	101318147	1744	-0.0509
e39b49dd-9067-4367-a497-5b8e54454a59	7	101318921	101498586	80	-0.4425
e39b49dd-9067-4367-a497-5b8e54454a59	7	101498690	109801187	5031	0.0055
e39b49dd-9067-4367-a497-5b8e54454a59	7	109801572	109818715	16	0.7653
e39b49dd-9067-4367-a497-5b8e54454a59	7	109818839	126404920	10027	0.0353
e39b49dd-9067-4367-a497-5b8e54454a59	7	126405428	126406561	12	1.1278
e39b49dd-9067-4367-a497-5b8e54454a59	7	126406822	126406827	6	-0.8939
e39b49dd-9067-4367-a497-5b8e54454a59	7	126412712	128482089	1376	0.0153
e39b49dd-9067-4367-a497-5b8e54454a59	7	128483054	128522840	13	-0.4801
e39b49dd-9067-4367-a497-5b8e54454a59	7	128523281	128534838	3	-1.9908
e39b49dd-9067-4367-a497-5b8e54454a59	7	128535534	134100424	3297	-0.0101
e39b49dd-9067-4367-a497-5b8e54454a59	7	134100442	134110881	25	-2.3186
e39b49dd-9067-4367-a497-5b8e54454a59	7	134110912	134114401	10	-0.9037
e39b49dd-9067-4367-a497-5b8e54454a59	7	134114444	140212567	3940	0.0082
e39b49dd-9067-4367-a497-5b8e54454a59	7	140212901	140541231	224	-0.2212
e39b49dd-9067-4367-a497-5b8e54454a59	7	140544760	159334314	11915	-0.0054
e39b49dd-9067-4367-a497-5b8e54454a59	8	81254	4145783	3708	0.001
e39b49dd-9067-4367-a497-5b8e54454a59	8	4145941	4145956	2	-3.1977
e39b49dd-9067-4367-a497-5b8e54454a59	8	4146039	6173047	2852	0.0674
e39b49dd-9067-4367-a497-5b8e54454a59	8	6173088	6398811	375	-0.1931
e39b49dd-9067-4367-a497-5b8e54454a59	8	6399012	7598502	825	0.0308
e39b49dd-9067-4367-a497-5b8e54454a59	8	7775900	8007744	17	-0.2497
e39b49dd-9067-4367-a497-5b8e54454a59	8	8078333	8234503	15	-1.0249
e39b49dd-9067-4367-a497-5b8e54454a59	8	8235660	13708694	4265	-0.0003
e39b49dd-9067-4367-a497-5b8e54454a59	8	13708852	13798083	125	0.249
e39b49dd-9067-4367-a497-5b8e54454a59	8	13798184	25117007	9279	0.0007
e39b49dd-9067-4367-a497-5b8e54454a59	8	25117062	25122039	11	0.7397
e39b49dd-9067-4367-a497-5b8e54454a59	8	25122389	39373140	9027	-0.0022
e39b49dd-9067-4367-a497-5b8e54454a59	8	39378084	39529446	59	0.9303
e39b49dd-9067-4367-a497-5b8e54454a59	8	39530780	43077335	2343	-0.0204
e39b49dd-9067-4367-a497-5b8e54454a59	8	43078229	46565979	396	-0.2144
e39b49dd-9067-4367-a497-5b8e54454a59	8	46566788	111282050	39251	0.003
e39b49dd-9067-4367-a497-5b8e54454a59	8	111282065	111283016	8	1.5565
e39b49dd-9067-4367-a497-5b8e54454a59	8	111283031	114619814	1823	0.0157
e39b49dd-9067-4367-a497-5b8e54454a59	8	114622258	114629502	35	-0.5944
e39b49dd-9067-4367-a497-5b8e54454a59	8	114638468	136665653	15884	-0.0044
e39b49dd-9067-4367-a497-5b8e54454a59	8	136669376	136851683	177	-0.9464
e39b49dd-9067-4367-a497-5b8e54454a59	8	136854535	144164937	4626	-0.014
e39b49dd-9067-4367-a497-5b8e54454a59	8	144168288	144858464	236	-0.2518
e39b49dd-9067-4367-a497-5b8e54454a59	8	144860715	145072769	125	0.0103
e39b49dd-9067-4367-a497-5b8e54454a59	9	46587	6518909	6218	0.0138
e39b49dd-9067-4367-a497-5b8e54454a59	9	6519008	6811101	214	-0.2974
e39b49dd-9067-4367-a497-5b8e54454a59	9	6811507	11992604	4813	0.0418
e39b49dd-9067-4367-a497-5b8e54454a59	9	11995297	12127088	104	-0.9793
e39b49dd-9067-4367-a497-5b8e54454a59	9	12132979	12241585	95	0.2875
e39b49dd-9067-4367-a497-5b8e54454a59	9	12241801	28560132	12908	0.0186
e39b49dd-9067-4367-a497-5b8e54454a59	9	28563343	28943169	311	0.1751
e39b49dd-9067-4367-a497-5b8e54454a59	9	28943418	39464757	6481	0.0121
e39b49dd-9067-4367-a497-5b8e54454a59	9	39481818	39547492	15	0.2985
e39b49dd-9067-4367-a497-5b8e54454a59	9	39588611	39833357	5	-1.7734
e39b49dd-9067-4367-a497-5b8e54454a59	9	39840169	67103069	374	-0.2131
e39b49dd-9067-4367-a497-5b8e54454a59	9	67104572	76527389	5986	0.0147
e39b49dd-9067-4367-a497-5b8e54454a59	9	76535422	76548592	15	-1.0282
e39b49dd-9067-4367-a497-5b8e54454a59	9	76548713	93707815	12116	0.0137
e39b49dd-9067-4367-a497-5b8e54454a59	9	93708429	93708675	2	-3.9116
e39b49dd-9067-4367-a497-5b8e54454a59	9	93710664	103804216	6685	0.0195
e39b49dd-9067-4367-a497-5b8e54454a59	9	103806415	103807009	2	-4.4395
e39b49dd-9067-4367-a497-5b8e54454a59	9	103808421	110173404	5028	0.0159
e39b49dd-9067-4367-a497-5b8e54454a59	9	110173466	110319949	109	-0.2577
e39b49dd-9067-4367-a497-5b8e54454a59	9	110319990	126846551	11864	0.0145
e39b49dd-9067-4367-a497-5b8e54454a59	9	126847536	126896359	29	-0.7359
e39b49dd-9067-4367-a497-5b8e54454a59	9	126896399	134087457	4254	0.0171
e39b49dd-9067-4367-a497-5b8e54454a59	9	134090081	134126051	14	-0.7381
e39b49dd-9067-4367-a497-5b8e54454a59	9	134127781	135319522	687	-0.0072
e39b49dd-9067-4367-a497-5b8e54454a59	9	135322259	135323776	2	-2.2357
e39b49dd-9067-4367-a497-5b8e54454a59	9	135324566	138200944	1108	-0.0379
e39b49dd-9067-4367-a497-5b8e54454a59	10	45792	5641864	4795	0.0544
e39b49dd-9067-4367-a497-5b8e54454a59	10	5650402	5652649	2	-2.0809
e39b49dd-9067-4367-a497-5b8e54454a59	10	5654797	7056457	1325	0.0154
e39b49dd-9067-4367-a497-5b8e54454a59	10	7063546	7064415	3	-2.027
e39b49dd-9067-4367-a497-5b8e54454a59	10	7065376	12062773	4036	0.0249
e39b49dd-9067-4367-a497-5b8e54454a59	10	12067195	12135705	30	-0.4614
e39b49dd-9067-4367-a497-5b8e54454a59	10	12135815	12537605	258	-0.0151
e39b49dd-9067-4367-a497-5b8e54454a59	10	12538413	12538665	3	-2.0594
e39b49dd-9067-4367-a497-5b8e54454a59	10	12539354	32651464	14805	0.0258
e39b49dd-9067-4367-a497-5b8e54454a59	10	32652050	32765173	99	-0.2297
e39b49dd-9067-4367-a497-5b8e54454a59	10	32765898	34797727	1446	0.0726
e39b49dd-9067-4367-a497-5b8e54454a59	10	34799993	35019580	130	-0.298
e39b49dd-9067-4367-a497-5b8e54454a59	10	35026673	38752733	2091	0.0215
e39b49dd-9067-4367-a497-5b8e54454a59	10	38757759	42339759	73	-0.2849
e39b49dd-9067-4367-a497-5b8e54454a59	10	42339893	46146395	2374	0.0299
e39b49dd-9067-4367-a497-5b8e54454a59	10	46146453	46522514	177	0.5498
e39b49dd-9067-4367-a497-5b8e54454a59	10	46522571	49792548	1658	0.024
e39b49dd-9067-4367-a497-5b8e54454a59	10	49796090	50042625	67	-0.335
e39b49dd-9067-4367-a497-5b8e54454a59	10	50044494	54762002	3551	0.0594
e39b49dd-9067-4367-a497-5b8e54454a59	10	54762036	55882064	761	0.1878
e39b49dd-9067-4367-a497-5b8e54454a59	10	55882522	65549252	6718	0.0414
e39b49dd-9067-4367-a497-5b8e54454a59	10	65551197	65554688	13	0.8297
e39b49dd-9067-4367-a497-5b8e54454a59	10	65563037	69522716	2541	0.0238
e39b49dd-9067-4367-a497-5b8e54454a59	10	69522730	69523086	4	-2.2455
e39b49dd-9067-4367-a497-5b8e54454a59	10	69531858	79925514	6729	0.0291
e39b49dd-9067-4367-a497-5b8e54454a59	10	79925900	80143096	127	-0.2198
e39b49dd-9067-4367-a497-5b8e54454a59	10	80146513	87136681	4997	0.0283
e39b49dd-9067-4367-a497-5b8e54454a59	10	87139608	87357543	41	-0.4735
e39b49dd-9067-4367-a497-5b8e54454a59	10	87371433	92338680	3436	0.0488
e39b49dd-9067-4367-a497-5b8e54454a59	10	92338821	92665138	130	-0.2085
e39b49dd-9067-4367-a497-5b8e54454a59	10	92667932	133654968	28176	0.033
e39b49dd-9067-4367-a497-5b8e54454a59	11	198510	1623210	481	-0.0564
e39b49dd-9067-4367-a497-5b8e54454a59	11	1623675	1628817	7	-1.267
e39b49dd-9067-4367-a497-5b8e54454a59	11	1629309	18911502	12161	0.0163
e39b49dd-9067-4367-a497-5b8e54454a59	11	18912365	18949201	59	-0.4676
e39b49dd-9067-4367-a497-5b8e54454a59	11	18949628	37022920	13343	0.0141
e39b49dd-9067-4367-a497-5b8e54454a59	11	37023071	37925818	613	0.1073
e39b49dd-9067-4367-a497-5b8e54454a59	11	37927238	48638921	6645	0.0037
e39b49dd-9067-4367-a497-5b8e54454a59	11	48642055	48908369	66	-0.5309
e39b49dd-9067-4367-a497-5b8e54454a59	11	48908580	49990649	492	0.018
e39b49dd-9067-4367-a497-5b8e54454a59	11	49992133	55262903	389	-0.344
e39b49dd-9067-4367-a497-5b8e54454a59	11	55262971	55609022	205	-0.022
e39b49dd-9067-4367-a497-5b8e54454a59	11	55609035	56205060	423	0.1216
e39b49dd-9067-4367-a497-5b8e54454a59	11	56205385	62745278	3801	-0.003
e39b49dd-9067-4367-a497-5b8e54454a59	11	62746827	62763622	8	-0.89
e39b49dd-9067-4367-a497-5b8e54454a59	11	62764728	63956603	585	-0.0397
e39b49dd-9067-4367-a497-5b8e54454a59	11	63958023	63958310	4	-1.078
e39b49dd-9067-4367-a497-5b8e54454a59	11	63964994	64892365	363	-0.0018
e39b49dd-9067-4367-a497-5b8e54454a59	11	64895755	64897000	2	-1.6487
e39b49dd-9067-4367-a497-5b8e54454a59	11	64898471	64956673	17	0.1131
e39b49dd-9067-4367-a497-5b8e54454a59	11	64964714	65061490	31	-0.2047
e39b49dd-9067-4367-a497-5b8e54454a59	11	65065024	65069344	3	-2.1038
e39b49dd-9067-4367-a497-5b8e54454a59	11	65069898	65748035	254	-0.2342
e39b49dd-9067-4367-a497-5b8e54454a59	11	65751479	67734155	783	-0.0229
e39b49dd-9067-4367-a497-5b8e54454a59	11	67736185	67969022	64	-0.369
e39b49dd-9067-4367-a497-5b8e54454a59	11	67979689	107882744	26434	0.0133
e39b49dd-9067-4367-a497-5b8e54454a59	11	107882821	108016603	74	-0.4559
e39b49dd-9067-4367-a497-5b8e54454a59	11	108018057	135074876	19464	0.007
e39b49dd-9067-4367-a497-5b8e54454a59	12	51460	760032	417	-0.0601
e39b49dd-9067-4367-a497-5b8e54454a59	12	760097	767080	18	-1.0407
e39b49dd-9067-4367-a497-5b8e54454a59	12	767122	7541421	4772	-0.0058
e39b49dd-9067-4367-a497-5b8e54454a59	12	7545280	8432076	401	-0.2136
e39b49dd-9067-4367-a497-5b8e54454a59	12	8442298	9481274	560	-0.0394
e39b49dd-9067-4367-a497-5b8e54454a59	12	9485313	9575696	23	1.3725
e39b49dd-9067-4367-a497-5b8e54454a59	12	9582373	11373355	1199	0.0158
e39b49dd-9067-4367-a497-5b8e54454a59	12	11383179	11385756	5	-1.1956
e39b49dd-9067-4367-a497-5b8e54454a59	12	11386321	31747616	14348	0.0048
e39b49dd-9067-4367-a497-5b8e54454a59	12	31749473	31764869	12	-1.0639
e39b49dd-9067-4367-a497-5b8e54454a59	12	31769063	33233822	1080	0.0039
e39b49dd-9067-4367-a497-5b8e54454a59	12	33235894	33242207	4	-4.9588
e39b49dd-9067-4367-a497-5b8e54454a59	12	33242483	33648900	298	0.0736
e39b49dd-9067-4367-a497-5b8e54454a59	12	33651804	33749133	62	0.3283
e39b49dd-9067-4367-a497-5b8e54454a59	12	33749541	34123324	187	-0.0279
e39b49dd-9067-4367-a497-5b8e54454a59	12	34123340	38104523	326	-0.3492
e39b49dd-9067-4367-a497-5b8e54454a59	12	38108412	107502756	43817	0.014
e39b49dd-9067-4367-a497-5b8e54454a59	12	107504231	114616412	4476	-0.0228
e39b49dd-9067-4367-a497-5b8e54454a59	12	114617992	114916356	187	-0.2259
e39b49dd-9067-4367-a497-5b8e54454a59	12	114916374	115791275	855	-0.036
e39b49dd-9067-4367-a497-5b8e54454a59	12	115794358	115802029	15	-0.6557
e39b49dd-9067-4367-a497-5b8e54454a59	12	115803432	128195228	8117	-0.0085
e39b49dd-9067-4367-a497-5b8e54454a59	12	128195809	130181491	1817	-0.0859
e39b49dd-9067-4367-a497-5b8e54454a59	12	130182034	133201603	1772	-0.0284
e39b49dd-9067-4367-a497-5b8e54454a59	13	18452809	19737970	624	-0.0389
e39b49dd-9067-4367-a497-5b8e54454a59	13	19745930	19920418	86	-0.4046
e39b49dd-9067-4367-a497-5b8e54454a59	13	19922551	31957984	8846	0.001
e39b49dd-9067-4367-a497-5b8e54454a59	13	31958485	31964286	18	-0.8982
e39b49dd-9067-4367-a497-5b8e54454a59	13	31965910	63558443	20198	0.0196
e39b49dd-9067-4367-a497-5b8e54454a59	13	63558882	64363350	472	0.2147
e39b49dd-9067-4367-a497-5b8e54454a59	13	64372045	71903417	4777	0.0527
e39b49dd-9067-4367-a497-5b8e54454a59	13	71905409	71906418	3	1.758
e39b49dd-9067-4367-a497-5b8e54454a59	13	71906467	95282451	15435	0.0141
e39b49dd-9067-4367-a497-5b8e54454a59	13	95283515	95375154	71	-0.3505
e39b49dd-9067-4367-a497-5b8e54454a59	13	95376330	98271819	1714	0.009
e39b49dd-9067-4367-a497-5b8e54454a59	13	98271831	98276686	2	1.7717
e39b49dd-9067-4367-a497-5b8e54454a59	13	98277542	105011176	5180	0.0104
e39b49dd-9067-4367-a497-5b8e54454a59	13	105011631	105709169	543	0.1404
e39b49dd-9067-4367-a497-5b8e54454a59	13	105709550	114342922	6126	0.0143
e39b49dd-9067-4367-a497-5b8e54454a59	14	18239283	19926968	151	-0.5079
e39b49dd-9067-4367-a497-5b8e54454a59	14	19932561	21856896	1268	-0.0435
e39b49dd-9067-4367-a497-5b8e54454a59	14	21856963	21926607	102	0.2296
e39b49dd-9067-4367-a497-5b8e54454a59	14	21928047	21928168	3	-1.6416
e39b49dd-9067-4367-a497-5b8e54454a59	14	21928296	22550878	541	0.2254
e39b49dd-9067-4367-a497-5b8e54454a59	14	22551762	34402426	7601	0.016
e39b49dd-9067-4367-a497-5b8e54454a59	14	34404552	35161182	349	-0.1449
e39b49dd-9067-4367-a497-5b8e54454a59	14	35161287	37650645	1585	0.0146
e39b49dd-9067-4367-a497-5b8e54454a59	14	37653284	37668971	8	-0.8931
e39b49dd-9067-4367-a497-5b8e54454a59	14	37669965	43287233	3475	0.0144
e39b49dd-9067-4367-a497-5b8e54454a59	14	43287414	44442090	667	0.1287
e39b49dd-9067-4367-a497-5b8e54454a59	14	44445718	51930364	4482	0.0146
e39b49dd-9067-4367-a497-5b8e54454a59	14	51930414	51931737	2	-2.3061
e39b49dd-9067-4367-a497-5b8e54454a59	14	51931879	106123951	34757	0.0053
e39b49dd-9067-4367-a497-5b8e54454a59	14	106127183	106321086	91	-0.8098
e39b49dd-9067-4367-a497-5b8e54454a59	14	106340102	106877229	281	0.1203
e39b49dd-9067-4367-a497-5b8e54454a59	15	19811075	20373168	88	-0.2568
e39b49dd-9067-4367-a497-5b8e54454a59	15	20376198	20376311	7	-1.7117
e39b49dd-9067-4367-a497-5b8e54454a59	15	20380735	20981071	57	-0.1444
e39b49dd-9067-4367-a497-5b8e54454a59	15	20982677	21417107	23	-1.0674
e39b49dd-9067-4367-a497-5b8e54454a59	15	21975606	23426699	359	-0.2443
e39b49dd-9067-4367-a497-5b8e54454a59	15	23433999	24424598	664	0.0181
e39b49dd-9067-4367-a497-5b8e54454a59	15	24429604	24473026	33	-0.9857
e39b49dd-9067-4367-a497-5b8e54454a59	15	24473449	28243742	2721	0.0118
e39b49dd-9067-4367-a497-5b8e54454a59	15	28247049	29876778	741	-0.1015
e39b49dd-9067-4367-a497-5b8e54454a59	15	29876805	34421922	2733	0.0239
e39b49dd-9067-4367-a497-5b8e54454a59	15	34430601	34626309	104	0.2829
e39b49dd-9067-4367-a497-5b8e54454a59	15	34626760	44854396	6154	0.0256
e39b49dd-9067-4367-a497-5b8e54454a59	15	44855019	44955187	38	-0.4519
e39b49dd-9067-4367-a497-5b8e54454a59	15	44957831	55968841	7096	0.0252
e39b49dd-9067-4367-a497-5b8e54454a59	15	55971334	55981248	5	-1.1737
e39b49dd-9067-4367-a497-5b8e54454a59	15	55981876	85672181	18341	0.029
e39b49dd-9067-4367-a497-5b8e54454a59	15	85673186	93815910	6319	-0.0146
e39b49dd-9067-4367-a497-5b8e54454a59	15	93818548	93819721	6	-1.1328
e39b49dd-9067-4367-a497-5b8e54454a59	15	93822345	94194946	268	-0.0074
e39b49dd-9067-4367-a497-5b8e54454a59	15	94195137	101385562	5374	0.0264
e39b49dd-9067-4367-a497-5b8e54454a59	15	101386547	101386868	2	-2.5772
e39b49dd-9067-4367-a497-5b8e54454a59	15	101387672	101928837	377	-0.0681
e39b49dd-9067-4367-a497-5b8e54454a59	16	10777	461763	208	-0.2233
e39b49dd-9067-4367-a497-5b8e54454a59	16	463775	8846320	6188	-0.0283
e39b49dd-9067-4367-a497-5b8e54454a59	16	8846565	9193003	215	-0.2573
e39b49dd-9067-4367-a497-5b8e54454a59	16	9194016	10286291	1179	0.0189
e39b49dd-9067-4367-a497-5b8e54454a59	16	10286569	10351514	35	-0.3963
e39b49dd-9067-4367-a497-5b8e54454a59	16	10365871	11489239	818	0.0112
e39b49dd-9067-4367-a497-5b8e54454a59	16	11489311	11540015	29	-0.6336
e39b49dd-9067-4367-a497-5b8e54454a59	16	11542886	12325909	490	0.0287
e39b49dd-9067-4367-a497-5b8e54454a59	16	12326306	12335169	6	-1.4756
e39b49dd-9067-4367-a497-5b8e54454a59	16	12336672	12555002	222	0.0725
e39b49dd-9067-4367-a497-5b8e54454a59	16	12555121	12555138	2	1.6185
e39b49dd-9067-4367-a497-5b8e54454a59	16	12556390	12591288	66	0.0968
e39b49dd-9067-4367-a497-5b8e54454a59	16	12597002	12612189	35	-0.4091
e39b49dd-9067-4367-a497-5b8e54454a59	16	12612509	14657199	1571	0.0105
e39b49dd-9067-4367-a497-5b8e54454a59	16	14658352	17118568	951	-0.2377
e39b49dd-9067-4367-a497-5b8e54454a59	16	17119931	21368130	2350	-0.0247
e39b49dd-9067-4367-a497-5b8e54454a59	16	21401082	21588178	28	-0.6763
e39b49dd-9067-4367-a497-5b8e54454a59	16	21590407	22150683	222	-0.1469
e39b49dd-9067-4367-a497-5b8e54454a59	16	22150721	22176728	16	-0.9051
e39b49dd-9067-4367-a497-5b8e54454a59	16	22176743	22417324	116	-0.1883
e39b49dd-9067-4367-a497-5b8e54454a59	16	22420049	22708868	80	-0.4432
e39b49dd-9067-4367-a497-5b8e54454a59	16	22709045	29586515	4248	-0.0275
e39b49dd-9067-4367-a497-5b8e54454a59	16	29589571	30151199	189	-0.3329
e39b49dd-9067-4367-a497-5b8e54454a59	16	30154404	35225338	873	-0.0222
e39b49dd-9067-4367-a497-5b8e54454a59	16	35232200	35282548	25	0.5652
e39b49dd-9067-4367-a497-5b8e54454a59	16	35282553	35282555	3	-0.8296
e39b49dd-9067-4367-a497-5b8e54454a59	16	35282935	35521195	139	0.5276
e39b49dd-9067-4367-a497-5b8e54454a59	16	35522700	55762682	6597	0.0086
e39b49dd-9067-4367-a497-5b8e54454a59	16	55764310	55764867	3	2.8482
e39b49dd-9067-4367-a497-5b8e54454a59	16	55770436	76798151	12686	0.0097
e39b49dd-9067-4367-a497-5b8e54454a59	16	76798920	76840425	23	0.6834
e39b49dd-9067-4367-a497-5b8e54454a59	16	76840490	81123748	4785	0.0109
e39b49dd-9067-4367-a497-5b8e54454a59	16	81123780	81241796	130	-0.3611
e39b49dd-9067-4367-a497-5b8e54454a59	16	81241811	83996684	3004	0.0216
e39b49dd-9067-4367-a497-5b8e54454a59	16	83997190	84949897	849	-0.1224
e39b49dd-9067-4367-a497-5b8e54454a59	16	84950004	89514276	3159	-0.0045
e39b49dd-9067-4367-a497-5b8e54454a59	16	89516012	89895061	151	-0.2937
e39b49dd-9067-4367-a497-5b8e54454a59	16	89895253	90096867	119	-0.0751
e39b49dd-9067-4367-a497-5b8e54454a59	17	150733	351669	117	-0.1563
e39b49dd-9067-4367-a497-5b8e54454a59	17	353102	354968	2	-3.2345
e39b49dd-9067-4367-a497-5b8e54454a59	17	355168	1236662	432	-0.2087
e39b49dd-9067-4367-a497-5b8e54454a59	17	1237871	2804415	799	-0.0053
e39b49dd-9067-4367-a497-5b8e54454a59	17	2805995	2815074	5	-1.2925
e39b49dd-9067-4367-a497-5b8e54454a59	17	2815837	4395645	961	-0.065
e39b49dd-9067-4367-a497-5b8e54454a59	17	4396337	4476552	48	-0.5663
e39b49dd-9067-4367-a497-5b8e54454a59	17	4478453	9913314	3274	-0.022
e39b49dd-9067-4367-a497-5b8e54454a59	17	9916380	10382650	385	-0.1628
e39b49dd-9067-4367-a497-5b8e54454a59	17	10383267	21414459	6548	-0.0024
e39b49dd-9067-4367-a497-5b8e54454a59	17	21425367	21612925	79	0.5911
e39b49dd-9067-4367-a497-5b8e54454a59	17	21613009	27460208	490	-0.0675
e39b49dd-9067-4367-a497-5b8e54454a59	17	27460263	27460837	2	-2.9278
e39b49dd-9067-4367-a497-5b8e54454a59	17	27466846	30637059	1466	0.0213
e39b49dd-9067-4367-a497-5b8e54454a59	17	30652598	30773442	31	-0.668
e39b49dd-9067-4367-a497-5b8e54454a59	17	30774095	30891673	50	-0.1586
e39b49dd-9067-4367-a497-5b8e54454a59	17	30896988	45472160	8272	-0.0019
e39b49dd-9067-4367-a497-5b8e54454a59	17	45474517	46085231	354	-0.1514
e39b49dd-9067-4367-a497-5b8e54454a59	17	46085732	46214357	103	0.3432
e39b49dd-9067-4367-a497-5b8e54454a59	17	46214714	73466978	16531	0.0117
e39b49dd-9067-4367-a497-5b8e54454a59	17	73469125	73838033	294	-0.0278
e39b49dd-9067-4367-a497-5b8e54454a59	17	73838553	74716264	568	-0.2051
e39b49dd-9067-4367-a497-5b8e54454a59	17	74719609	76779413	960	-0.0096
e39b49dd-9067-4367-a497-5b8e54454a59	17	76781365	76783474	3	-2.5093
e39b49dd-9067-4367-a497-5b8e54454a59	17	76785014	76919740	80	-0.1782
e39b49dd-9067-4367-a497-5b8e54454a59	17	76920005	76992362	33	-0.546
e39b49dd-9067-4367-a497-5b8e54454a59	17	76992758	83091923	3099	-0.0257
e39b49dd-9067-4367-a497-5b8e54454a59	18	48133	414037	240	-0.013
e39b49dd-9067-4367-a497-5b8e54454a59	18	414376	894241	393	-0.1432
e39b49dd-9067-4367-a497-5b8e54454a59	18	894561	1897116	674	0.0212
e39b49dd-9067-4367-a497-5b8e54454a59	18	1897463	1914399	14	0.5936
e39b49dd-9067-4367-a497-5b8e54454a59	18	1916607	2618016	546	-0.0304
e39b49dd-9067-4367-a497-5b8e54454a59	18	2618882	2631435	12	-0.7576
e39b49dd-9067-4367-a497-5b8e54454a59	18	2634581	40680470	20898	-0.0035
e39b49dd-9067-4367-a497-5b8e54454a59	18	40680484	40685425	17	-1.7085
e39b49dd-9067-4367-a497-5b8e54454a59	18	40688060	65569294	17155	-0.0114
e39b49dd-9067-4367-a497-5b8e54454a59	18	65570584	66151443	429	0.1833
e39b49dd-9067-4367-a497-5b8e54454a59	18	66151458	69076108	2133	0.0256
e39b49dd-9067-4367-a497-5b8e54454a59	18	69078869	69086089	38	-0.7082
e39b49dd-9067-4367-a497-5b8e54454a59	18	69090459	71332295	1531	-0.0105
e39b49dd-9067-4367-a497-5b8e54454a59	18	71334153	73665773	1846	0.1203
e39b49dd-9067-4367-a497-5b8e54454a59	18	73665926	80257174	4790	-0.0181
e39b49dd-9067-4367-a497-5b8e54454a59	19	90910	24245441	11080	-0.0625
e39b49dd-9067-4367-a497-5b8e54454a59	19	24247491	27704119	105	-0.4468
e39b49dd-9067-4367-a497-5b8e54454a59	19	27705312	35172871	5300	-0.0071
e39b49dd-9067-4367-a497-5b8e54454a59	19	35172940	35173140	5	-1.4048
e39b49dd-9067-4367-a497-5b8e54454a59	19	35175144	36354973	630	-0.0716
e39b49dd-9067-4367-a497-5b8e54454a59	19	36355248	36356596	10	-1.5473
e39b49dd-9067-4367-a497-5b8e54454a59	19	36356735	43427983	3516	-0.0368
e39b49dd-9067-4367-a497-5b8e54454a59	19	43427987	43455545	20	-0.7427
e39b49dd-9067-4367-a497-5b8e54454a59	19	43458545	47801167	2139	-0.0208
e39b49dd-9067-4367-a497-5b8e54454a59	19	47809060	47961965	67	-0.373
e39b49dd-9067-4367-a497-5b8e54454a59	19	47965532	48885269	500	-0.071
e39b49dd-9067-4367-a497-5b8e54454a59	19	48885397	48920990	18	-0.7278
e39b49dd-9067-4367-a497-5b8e54454a59	19	48927291	53017128	2260	-0.0666
e39b49dd-9067-4367-a497-5b8e54454a59	19	53021401	53051455	23	-0.7973
e39b49dd-9067-4367-a497-5b8e54454a59	19	53053571	53553902	398	-0.0603
e39b49dd-9067-4367-a497-5b8e54454a59	19	53557514	53871273	196	-0.5174
e39b49dd-9067-4367-a497-5b8e54454a59	19	53872572	54390727	246	-0.1295
e39b49dd-9067-4367-a497-5b8e54454a59	19	54390781	54413443	11	-0.8615
e39b49dd-9067-4367-a497-5b8e54454a59	19	54426120	54736440	197	-0.0759
e39b49dd-9067-4367-a497-5b8e54454a59	19	54736513	54787128	9	-1.3272
e39b49dd-9067-4367-a497-5b8e54454a59	19	54788617	55013007	117	-0.2757
e39b49dd-9067-4367-a497-5b8e54454a59	19	55013218	55699677	296	-0.0379
e39b49dd-9067-4367-a497-5b8e54454a59	19	55700565	55771003	57	-0.3549
e39b49dd-9067-4367-a497-5b8e54454a59	19	55771169	55771701	3	-4.3525
e39b49dd-9067-4367-a497-5b8e54454a59	19	55774927	55943971	166	-0.0307
e39b49dd-9067-4367-a497-5b8e54454a59	19	55944081	55992324	54	-0.3674
e39b49dd-9067-4367-a497-5b8e54454a59	19	55994810	56002922	6	-1.2928
e39b49dd-9067-4367-a497-5b8e54454a59	19	56003797	56044588	25	-0.3416
e39b49dd-9067-4367-a497-5b8e54454a59	19	56044939	58391026	1510	0
e39b49dd-9067-4367-a497-5b8e54454a59	19	58391295	58528332	54	-0.3579
e39b49dd-9067-4367-a497-5b8e54454a59	19	58528370	58586487	23	0.0119
e39b49dd-9067-4367-a497-5b8e54454a59	20	80664	475120	283	-0.1415
e39b49dd-9067-4367-a497-5b8e54454a59	20	475808	1587075	925	0.0189
e39b49dd-9067-4367-a497-5b8e54454a59	20	1587098	1601561	31	-0.6879
e39b49dd-9067-4367-a497-5b8e54454a59	20	1609611	1617300	6	-2.0064
e39b49dd-9067-4367-a497-5b8e54454a59	20	1617460	3828119	1562	-0.0007
e39b49dd-9067-4367-a497-5b8e54454a59	20	3830556	4113649	182	-0.3227
e39b49dd-9067-4367-a497-5b8e54454a59	20	4117920	5417599	1030	-0.0313
e39b49dd-9067-4367-a497-5b8e54454a59	20	5421986	5749928	212	-0.2124
e39b49dd-9067-4367-a497-5b8e54454a59	20	5750553	6561244	627	-0.0037
e39b49dd-9067-4367-a497-5b8e54454a59	20	6561723	21740100	12037	0.0399
e39b49dd-9067-4367-a497-5b8e54454a59	20	21742482	26251592	3080	0.0001
e39b49dd-9067-4367-a497-5b8e54454a59	20	26252095	30193847	30	-0.5578
e39b49dd-9067-4367-a497-5b8e54454a59	20	30206919	37606692	3190	-0.033
e39b49dd-9067-4367-a497-5b8e54454a59	20	37606719	48777953	7997	0.0216
e39b49dd-9067-4367-a497-5b8e54454a59	20	48780191	54059756	3723	-0.0264
e39b49dd-9067-4367-a497-5b8e54454a59	20	54059965	54065342	26	0.4858
e39b49dd-9067-4367-a497-5b8e54454a59	20	54065374	56543640	2004	0.0034
e39b49dd-9067-4367-a497-5b8e54454a59	20	56546702	56579218	19	-0.6792
e39b49dd-9067-4367-a497-5b8e54454a59	20	56579298	56717487	94	-0.0337
e39b49dd-9067-4367-a497-5b8e54454a59	20	56718674	56784762	47	-0.3453
e39b49dd-9067-4367-a497-5b8e54454a59	20	56785095	63081948	4759	0.0204
e39b49dd-9067-4367-a497-5b8e54454a59	20	63084768	63114081	19	-0.5626
e39b49dd-9067-4367-a497-5b8e54454a59	20	63114187	63610578	160	0.0335
e39b49dd-9067-4367-a497-5b8e54454a59	20	63610702	64165220	209	-0.2188
e39b49dd-9067-4367-a497-5b8e54454a59	20	64170027	64324800	90	0.01
e39b49dd-9067-4367-a497-5b8e54454a59	21	10354168	13582956	268	-0.1462
e39b49dd-9067-4367-a497-5b8e54454a59	21	13583316	13677975	5	-1.4735
e39b49dd-9067-4367-a497-5b8e54454a59	21	13803967	22644664	6296	0.0267
e39b49dd-9067-4367-a497-5b8e54454a59	21	22648816	22670749	20	-1.0098
e39b49dd-9067-4367-a497-5b8e54454a59	21	22671756	22793152	82	-0.0197
e39b49dd-9067-4367-a497-5b8e54454a59	21	22796358	23057590	199	0.2029
e39b49dd-9067-4367-a497-5b8e54454a59	21	23057620	23127997	80	-0.102
e39b49dd-9067-4367-a497-5b8e54454a59	21	23128519	23162543	29	0.2583
e39b49dd-9067-4367-a497-5b8e54454a59	21	23169627	23170617	4	-1.0394
e39b49dd-9067-4367-a497-5b8e54454a59	21	23170986	23321545	125	0.2467
e39b49dd-9067-4367-a497-5b8e54454a59	21	23322056	36095260	9329	0.016
e39b49dd-9067-4367-a497-5b8e54454a59	21	36097707	36336217	148	-0.252
e39b49dd-9067-4367-a497-5b8e54454a59	21	36337236	46267563	6993	0.0185
e39b49dd-9067-4367-a497-5b8e54454a59	21	46268308	46403415	63	-0.3327
e39b49dd-9067-4367-a497-5b8e54454a59	21	46407719	46677045	216	-0.0148
e39b49dd-9067-4367-a497-5b8e54454a59	22	15294547	18190590	1130	-0.0392
e39b49dd-9067-4367-a497-5b8e54454a59	22	18392404	19049226	72	0.4318
e39b49dd-9067-4367-a497-5b8e54454a59	22	19050022	20317011	806	-0.1043
e39b49dd-9067-4367-a497-5b8e54454a59	22	20317120	22081383	1070	-0.2235
e39b49dd-9067-4367-a497-5b8e54454a59	22	22081431	22177478	164	0.0942
e39b49dd-9067-4367-a497-5b8e54454a59	22	22179031	22585167	302	-0.1538
e39b49dd-9067-4367-a497-5b8e54454a59	22	22585190	25260283	1664	0.0115
e39b49dd-9067-4367-a497-5b8e54454a59	22	25262594	25522742	286	-1.0178
e39b49dd-9067-4367-a497-5b8e54454a59	22	25526375	25535483	15	0.0725
e39b49dd-9067-4367-a497-5b8e54454a59	22	25535613	25580909	33	-0.4048
e39b49dd-9067-4367-a497-5b8e54454a59	22	25583267	36042533	7953	0.0127
e39b49dd-9067-4367-a497-5b8e54454a59	22	36042607	36049485	10	-0.9874
e39b49dd-9067-4367-a497-5b8e54454a59	22	36049544	37346951	911	-0.0147
e39b49dd-9067-4367-a497-5b8e54454a59	22	37352689	37353906	4	-1.3268
e39b49dd-9067-4367-a497-5b8e54454a59	22	37354627	38947287	798	0.0191
e39b49dd-9067-4367-a497-5b8e54454a59	22	38947468	38999293	39	-0.4953
e39b49dd-9067-4367-a497-5b8e54454a59	22	38999376	41903923	1566	-0.0143
e39b49dd-9067-4367-a497-5b8e54454a59	22	41918409	41962036	25	-0.7549
e39b49dd-9067-4367-a497-5b8e54454a59	22	41963567	42380920	227	0.0128
e39b49dd-9067-4367-a497-5b8e54454a59	22	42380962	42585161	99	-0.4804
e39b49dd-9067-4367-a497-5b8e54454a59	22	42586566	48898393	4856	0.0093
e39b49dd-9067-4367-a497-5b8e54454a59	22	48899588	50682947	1163	-0.112
e39b49dd-9067-4367-a497-5b8e54454a59	22	50682961	50796027	55	0.0742
e39b49dd-9067-4367-a497-5b8e54454a59	X	251810	2794620	105	-0.348
e39b49dd-9067-4367-a497-5b8e54454a59	X	2794874	4238354	935	-0.0719
e39b49dd-9067-4367-a497-5b8e54454a59	X	4238393	6925879	2201	0.0611
e39b49dd-9067-4367-a497-5b8e54454a59	X	6929344	8613019	1276	0.1195
e39b49dd-9067-4367-a497-5b8e54454a59	X	8614189	15328728	4823	0.0245
e39b49dd-9067-4367-a497-5b8e54454a59	X	15331048	15597849	204	0.1885
e39b49dd-9067-4367-a497-5b8e54454a59	X	15598607	18781387	1782	0.026
e39b49dd-9067-4367-a497-5b8e54454a59	X	18781767	19293622	296	-0.1209
e39b49dd-9067-4367-a497-5b8e54454a59	X	19294146	19430510	74	0.047
e39b49dd-9067-4367-a497-5b8e54454a59	X	19431502	19519040	60	-0.4362
e39b49dd-9067-4367-a497-5b8e54454a59	X	19522930	26791248	4509	0.0196
e39b49dd-9067-4367-a497-5b8e54454a59	X	26792995	26802891	9	0.9808
e39b49dd-9067-4367-a497-5b8e54454a59	X	26805367	33971783	4883	0.046
e39b49dd-9067-4367-a497-5b8e54454a59	X	33972853	34089909	87	0.3197
e39b49dd-9067-4367-a497-5b8e54454a59	X	34092141	45231107	6290	0.0459
e39b49dd-9067-4367-a497-5b8e54454a59	X	45231566	48027602	1439	0.0086
e39b49dd-9067-4367-a497-5b8e54454a59	X	48029467	48454705	188	-0.2182
e39b49dd-9067-4367-a497-5b8e54454a59	X	48459000	49229323	294	-0.0156
e39b49dd-9067-4367-a497-5b8e54454a59	X	49229457	49246636	11	-0.6458
e39b49dd-9067-4367-a497-5b8e54454a59	X	49247526	52084697	1271	0.0364
e39b49dd-9067-4367-a497-5b8e54454a59	X	52087409	52250527	56	-0.2869
e39b49dd-9067-4367-a497-5b8e54454a59	X	52251419	53709656	461	-0.0142
e39b49dd-9067-4367-a497-5b8e54454a59	X	53709880	53981456	108	-0.3129
e39b49dd-9067-4367-a497-5b8e54454a59	X	53982565	56298438	1041	0.0049
e39b49dd-9067-4367-a497-5b8e54454a59	X	56298717	56497975	87	-0.3764
e39b49dd-9067-4367-a497-5b8e54454a59	X	56498281	56923424	248	-0.0456
e39b49dd-9067-4367-a497-5b8e54454a59	X	56923457	56925838	8	-0.8325
e39b49dd-9067-4367-a497-5b8e54454a59	X	56927630	58259796	583	-0.016
e39b49dd-9067-4367-a497-5b8e54454a59	X	58260664	62662637	68	-0.3648
e39b49dd-9067-4367-a497-5b8e54454a59	X	62678383	75434501	5529	-0.0139
e39b49dd-9067-4367-a497-5b8e54454a59	X	75441410	75943519	229	-0.1651
e39b49dd-9067-4367-a497-5b8e54454a59	X	75944089	75958314	5	-1.2593
e39b49dd-9067-4367-a497-5b8e54454a59	X	75958467	77173605	629	-0.0895
e39b49dd-9067-4367-a497-5b8e54454a59	X	77179265	77296889	11	-1.128
e39b49dd-9067-4367-a497-5b8e54454a59	X	77324696	77389877	20	-0.1947
e39b49dd-9067-4367-a497-5b8e54454a59	X	77392260	103553839	13673	0.0019
e39b49dd-9067-4367-a497-5b8e54454a59	X	103556728	103568703	9	-1.1526
e39b49dd-9067-4367-a497-5b8e54454a59	X	103576424	107867059	2186	0.0129
e39b49dd-9067-4367-a497-5b8e54454a59	X	107867912	107868802	2	-1.8871
e39b49dd-9067-4367-a497-5b8e54454a59	X	107873582	125666937	10248	0.0091
e39b49dd-9067-4367-a497-5b8e54454a59	X	125669632	125676616	4	-2.0432
e39b49dd-9067-4367-a497-5b8e54454a59	X	125679581	155952689	17666	0.008
e39b49dd-9067-4367-a497-5b8e54454a59	Y	2782397	56872112	6638	-1.0566
