GDC_Aliquot	Chromosome	Start	End	Num_Probes	Segment_Mean
89a06d96-e657-4d09-89c4-3e0a679ba9ac	1	3301765	4304166	558	-0.026
89a06d96-e657-4d09-89c4-3e0a679ba9ac	1	4304412	11002986	3881	0.0029
89a06d96-e657-4d09-89c4-3e0a679ba9ac	1	11005914	15980382	2684	-0.0476
89a06d96-e657-4d09-89c4-3e0a679ba9ac	1	15983608	16296247	121	0.178
89a06d96-e657-4d09-89c4-3e0a679ba9ac	1	16299319	36561839	10528	-0.0462
89a06d96-e657-4d09-89c4-3e0a679ba9ac	1	36567527	38371674	1064	0.2095
89a06d96-e657-4d09-89c4-3e0a679ba9ac	1	38375519	39942608	812	1.2313
89a06d96-e657-4d09-89c4-3e0a679ba9ac	1	39943141	41539370	835	0.7424
89a06d96-e657-4d09-89c4-3e0a679ba9ac	1	41540334	45309045	2216	0.5884
89a06d96-e657-4d09-89c4-3e0a679ba9ac	1	45315975	47432663	906	-0.0374
89a06d96-e657-4d09-89c4-3e0a679ba9ac	1	47441525	51572025	2129	0.5682
89a06d96-e657-4d09-89c4-3e0a679ba9ac	1	51578997	65778888	9819	-0.0513
89a06d96-e657-4d09-89c4-3e0a679ba9ac	1	65779201	89839472	14667	-0.084
89a06d96-e657-4d09-89c4-3e0a679ba9ac	1	89839686	95253385	3231	-0.0452
89a06d96-e657-4d09-89c4-3e0a679ba9ac	1	95253651	102879050	4592	-0.092
89a06d96-e657-4d09-89c4-3e0a679ba9ac	1	102880811	104318012	583	-0.0528
89a06d96-e657-4d09-89c4-3e0a679ba9ac	1	104319039	104862912	225	0.5614
89a06d96-e657-4d09-89c4-3e0a679ba9ac	1	104867937	115699714	6561	0.2418
89a06d96-e657-4d09-89c4-3e0a679ba9ac	1	115702529	118180721	1599	0.302
89a06d96-e657-4d09-89c4-3e0a679ba9ac	1	118181399	118428827	133	0.2172
89a06d96-e657-4d09-89c4-3e0a679ba9ac	1	118431013	118936205	274	0.1385
89a06d96-e657-4d09-89c4-3e0a679ba9ac	1	118936711	119019934	52	0.3095
89a06d96-e657-4d09-89c4-3e0a679ba9ac	1	119028642	119984772	612	0.3787
89a06d96-e657-4d09-89c4-3e0a679ba9ac	1	146716041	169831549	12469	0.135
89a06d96-e657-4d09-89c4-3e0a679ba9ac	1	169832971	169833619	2	-1.9556
89a06d96-e657-4d09-89c4-3e0a679ba9ac	1	169836878	191249547	13102	0.1387
89a06d96-e657-4d09-89c4-3e0a679ba9ac	1	191249629	199962195	5050	0.1013
89a06d96-e657-4d09-89c4-3e0a679ba9ac	1	199963391	203322607	2218	0.1647
89a06d96-e657-4d09-89c4-3e0a679ba9ac	1	203323866	203718026	259	0.3665
89a06d96-e657-4d09-89c4-3e0a679ba9ac	1	203719804	227963019	15811	0.1428
89a06d96-e657-4d09-89c4-3e0a679ba9ac	1	227967062	227985977	3	-1.5282
89a06d96-e657-4d09-89c4-3e0a679ba9ac	1	227989116	247650984	12709	0.1352
89a06d96-e657-4d09-89c4-3e0a679ba9ac	2	480597	8820819	5160	0.0255
89a06d96-e657-4d09-89c4-3e0a679ba9ac	2	8827615	11192912	1601	0.0777
89a06d96-e657-4d09-89c4-3e0a679ba9ac	2	11193082	17742520	4394	0.035
89a06d96-e657-4d09-89c4-3e0a679ba9ac	2	17742648	44040661	15010	-0.126
89a06d96-e657-4d09-89c4-3e0a679ba9ac	2	44046571	44076908	2	-2.4802
89a06d96-e657-4d09-89c4-3e0a679ba9ac	2	44077918	47857423	2616	-0.119
89a06d96-e657-4d09-89c4-3e0a679ba9ac	2	47857481	59862547	6540	0.0921
89a06d96-e657-4d09-89c4-3e0a679ba9ac	2	59863011	74239512	8280	0.1228
89a06d96-e657-4d09-89c4-3e0a679ba9ac	2	74243007	85051998	5852	0.1012
89a06d96-e657-4d09-89c4-3e0a679ba9ac	2	85052920	102181940	4637	0.1511
89a06d96-e657-4d09-89c4-3e0a679ba9ac	2	102186390	102733581	386	-0.0936
89a06d96-e657-4d09-89c4-3e0a679ba9ac	2	102733950	102936675	113	0.1211
89a06d96-e657-4d09-89c4-3e0a679ba9ac	2	102941523	106431512	2273	0.3533
89a06d96-e657-4d09-89c4-3e0a679ba9ac	2	106451524	106750444	135	-0.1266
89a06d96-e657-4d09-89c4-3e0a679ba9ac	2	106753764	111215173	2066	-0.433
89a06d96-e657-4d09-89c4-3e0a679ba9ac	2	111639145	111639256	2	0.1934
89a06d96-e657-4d09-89c4-3e0a679ba9ac	2	111639762	113748765	1083	0.5269
89a06d96-e657-4d09-89c4-3e0a679ba9ac	2	113758917	114222928	309	1.0568
89a06d96-e657-4d09-89c4-3e0a679ba9ac	2	114225793	114236607	8	0.6963
89a06d96-e657-4d09-89c4-3e0a679ba9ac	2	114240505	118049406	1760	0.358
89a06d96-e657-4d09-89c4-3e0a679ba9ac	2	118049890	118443330	247	0.638
89a06d96-e657-4d09-89c4-3e0a679ba9ac	2	118443843	119055204	434	0.4822
89a06d96-e657-4d09-89c4-3e0a679ba9ac	2	119056435	120327625	718	0.7689
89a06d96-e657-4d09-89c4-3e0a679ba9ac	2	120329103	120512199	107	0.8967
89a06d96-e657-4d09-89c4-3e0a679ba9ac	2	120516355	120741221	129	1.1345
89a06d96-e657-4d09-89c4-3e0a679ba9ac	2	120743642	121405430	470	0.955
89a06d96-e657-4d09-89c4-3e0a679ba9ac	2	121415613	122561425	681	1.3764
89a06d96-e657-4d09-89c4-3e0a679ba9ac	2	122563139	122887472	235	1.2349
89a06d96-e657-4d09-89c4-3e0a679ba9ac	2	122890638	123033419	96	-0.06
89a06d96-e657-4d09-89c4-3e0a679ba9ac	2	123036555	138817774	7335	-0.4424
89a06d96-e657-4d09-89c4-3e0a679ba9ac	2	138820004	139894851	609	-0.1138
89a06d96-e657-4d09-89c4-3e0a679ba9ac	2	139895528	139898391	3	-1.6729
89a06d96-e657-4d09-89c4-3e0a679ba9ac	2	139899738	145012657	3078	-0.1291
89a06d96-e657-4d09-89c4-3e0a679ba9ac	2	145013054	145014741	2	-2.1556
89a06d96-e657-4d09-89c4-3e0a679ba9ac	2	145015315	157798479	7284	-0.1151
89a06d96-e657-4d09-89c4-3e0a679ba9ac	2	157805277	157912584	61	1.8572
89a06d96-e657-4d09-89c4-3e0a679ba9ac	2	157914400	158912601	644	0.0691
89a06d96-e657-4d09-89c4-3e0a679ba9ac	2	158914903	163625358	2707	-0.1009
89a06d96-e657-4d09-89c4-3e0a679ba9ac	2	163627693	163867638	138	0.734
89a06d96-e657-4d09-89c4-3e0a679ba9ac	2	163882169	170034993	3706	-0.093
89a06d96-e657-4d09-89c4-3e0a679ba9ac	2	170036793	170622517	481	2.2168
89a06d96-e657-4d09-89c4-3e0a679ba9ac	2	170630217	170677878	25	1.4488
89a06d96-e657-4d09-89c4-3e0a679ba9ac	2	170678156	170949631	145	1.8944
89a06d96-e657-4d09-89c4-3e0a679ba9ac	2	170950610	171086297	69	2.2789
89a06d96-e657-4d09-89c4-3e0a679ba9ac	2	171087310	172053571	513	1.9208
89a06d96-e657-4d09-89c4-3e0a679ba9ac	2	172054782	173414391	963	2.214
89a06d96-e657-4d09-89c4-3e0a679ba9ac	2	173414420	173571805	130	1.26
89a06d96-e657-4d09-89c4-3e0a679ba9ac	2	173571880	173948711	280	1.1828
89a06d96-e657-4d09-89c4-3e0a679ba9ac	2	173953131	175019911	604	0.0713
89a06d96-e657-4d09-89c4-3e0a679ba9ac	2	175022280	176897726	1189	0.5189
89a06d96-e657-4d09-89c4-3e0a679ba9ac	2	176899737	177682191	514	0.4145
89a06d96-e657-4d09-89c4-3e0a679ba9ac	2	177719280	178378753	399	0.8759
89a06d96-e657-4d09-89c4-3e0a679ba9ac	2	178379155	178384635	4	-0.1469
89a06d96-e657-4d09-89c4-3e0a679ba9ac	2	178393310	178464824	40	0.9755
89a06d96-e657-4d09-89c4-3e0a679ba9ac	2	178468020	179271146	435	0.3675
89a06d96-e657-4d09-89c4-3e0a679ba9ac	2	179276887	179884980	441	0.6941
89a06d96-e657-4d09-89c4-3e0a679ba9ac	2	179885817	180272924	266	0.5528
89a06d96-e657-4d09-89c4-3e0a679ba9ac	2	180276016	180911263	403	0.6597
89a06d96-e657-4d09-89c4-3e0a679ba9ac	2	180914017	183694465	1583	0.3586
89a06d96-e657-4d09-89c4-3e0a679ba9ac	2	183699615	183906996	111	0.1896
89a06d96-e657-4d09-89c4-3e0a679ba9ac	2	183913322	184219993	119	0.3594
89a06d96-e657-4d09-89c4-3e0a679ba9ac	2	184220235	185433497	545	0.479
89a06d96-e657-4d09-89c4-3e0a679ba9ac	2	185433729	187538698	764	0.852
89a06d96-e657-4d09-89c4-3e0a679ba9ac	2	187539556	187762720	120	1.0545
89a06d96-e657-4d09-89c4-3e0a679ba9ac	2	187763480	188217464	152	0.8387
89a06d96-e657-4d09-89c4-3e0a679ba9ac	2	188221094	188567961	110	1.1538
89a06d96-e657-4d09-89c4-3e0a679ba9ac	2	188574886	188844659	158	1.3387
89a06d96-e657-4d09-89c4-3e0a679ba9ac	2	188845308	189551031	376	1.5386
89a06d96-e657-4d09-89c4-3e0a679ba9ac	2	189551547	189672743	99	1.3854
89a06d96-e657-4d09-89c4-3e0a679ba9ac	2	189675892	190082160	237	2.3706
89a06d96-e657-4d09-89c4-3e0a679ba9ac	2	190083389	190289698	118	1.7795
89a06d96-e657-4d09-89c4-3e0a679ba9ac	2	190292992	190652747	204	2.1847
89a06d96-e657-4d09-89c4-3e0a679ba9ac	2	190654134	190654900	3	1.3202
89a06d96-e657-4d09-89c4-3e0a679ba9ac	2	190669181	191057217	225	2.5817
89a06d96-e657-4d09-89c4-3e0a679ba9ac	2	191059687	191059964	3	-0.0508
89a06d96-e657-4d09-89c4-3e0a679ba9ac	2	191060252	191634164	404	2.535
89a06d96-e657-4d09-89c4-3e0a679ba9ac	2	191638764	192455027	481	1.5185
89a06d96-e657-4d09-89c4-3e0a679ba9ac	2	192501762	192841594	133	0.7056
89a06d96-e657-4d09-89c4-3e0a679ba9ac	2	192841741	193138056	38	1.2413
89a06d96-e657-4d09-89c4-3e0a679ba9ac	2	193139754	193616263	196	0.8091
89a06d96-e657-4d09-89c4-3e0a679ba9ac	2	193621911	200008219	3126	-0.1199
89a06d96-e657-4d09-89c4-3e0a679ba9ac	2	200008367	223867511	14504	-0.0897
89a06d96-e657-4d09-89c4-3e0a679ba9ac	2	223867525	231467023	4553	-0.1115
89a06d96-e657-4d09-89c4-3e0a679ba9ac	2	231478070	231795970	84	0.3897
89a06d96-e657-4d09-89c4-3e0a679ba9ac	2	231796358	241537572	5881	-0.0926
89a06d96-e657-4d09-89c4-3e0a679ba9ac	3	2170634	50060904	27897	-0.0632
89a06d96-e657-4d09-89c4-3e0a679ba9ac	3	50060921	50305834	96	0.1873
89a06d96-e657-4d09-89c4-3e0a679ba9ac	3	50309249	80559864	18518	-0.0582
89a06d96-e657-4d09-89c4-3e0a679ba9ac	3	80563630	80563958	2	-1.4848
89a06d96-e657-4d09-89c4-3e0a679ba9ac	3	80569135	84743876	2059	-0.0775
89a06d96-e657-4d09-89c4-3e0a679ba9ac	3	84748170	84894585	63	0.2365
89a06d96-e657-4d09-89c4-3e0a679ba9ac	3	84898766	85431574	257	0.1156
89a06d96-e657-4d09-89c4-3e0a679ba9ac	3	85431849	85825326	159	-0.0414
89a06d96-e657-4d09-89c4-3e0a679ba9ac	3	85825369	87347967	799	0.096
89a06d96-e657-4d09-89c4-3e0a679ba9ac	3	87348691	87485219	65	0.2272
89a06d96-e657-4d09-89c4-3e0a679ba9ac	3	87485280	87496068	3	1.0557
89a06d96-e657-4d09-89c4-3e0a679ba9ac	3	87497852	87627924	73	0.2219
89a06d96-e657-4d09-89c4-3e0a679ba9ac	3	87632382	91462299	1259	0.0743
89a06d96-e657-4d09-89c4-3e0a679ba9ac	3	94015345	99805360	3002	0.2188
89a06d96-e657-4d09-89c4-3e0a679ba9ac	3	99808008	100231009	201	-0.0447
89a06d96-e657-4d09-89c4-3e0a679ba9ac	3	100236420	103818611	1875	0.212
89a06d96-e657-4d09-89c4-3e0a679ba9ac	3	103818712	106851694	1897	0.4208
89a06d96-e657-4d09-89c4-3e0a679ba9ac	3	106858886	113123578	3471	0.2241
89a06d96-e657-4d09-89c4-3e0a679ba9ac	3	113124333	117286094	2648	-0.072
89a06d96-e657-4d09-89c4-3e0a679ba9ac	3	117293507	117905163	438	-0.3905
89a06d96-e657-4d09-89c4-3e0a679ba9ac	3	117907458	121272033	1850	-0.0488
89a06d96-e657-4d09-89c4-3e0a679ba9ac	3	121276656	136691346	8874	0.2188
89a06d96-e657-4d09-89c4-3e0a679ba9ac	3	136696296	141423659	2722	0.4185
89a06d96-e657-4d09-89c4-3e0a679ba9ac	3	141424177	145560647	2016	0.1895
89a06d96-e657-4d09-89c4-3e0a679ba9ac	3	145564232	161280817	8390	-0.0551
89a06d96-e657-4d09-89c4-3e0a679ba9ac	3	161284621	164935636	1666	0.2023
89a06d96-e657-4d09-89c4-3e0a679ba9ac	3	164935796	166659417	602	0.5935
89a06d96-e657-4d09-89c4-3e0a679ba9ac	3	166659576	168510088	898	0.7671
89a06d96-e657-4d09-89c4-3e0a679ba9ac	3	168512686	168526792	9	0.9333
89a06d96-e657-4d09-89c4-3e0a679ba9ac	3	168528374	168572211	21	1.2109
89a06d96-e657-4d09-89c4-3e0a679ba9ac	3	168572250	169248327	404	1.4844
89a06d96-e657-4d09-89c4-3e0a679ba9ac	3	169249535	169552231	249	1.2778
89a06d96-e657-4d09-89c4-3e0a679ba9ac	3	169556340	170877692	755	0.9217
89a06d96-e657-4d09-89c4-3e0a679ba9ac	3	170878013	174705052	1976	0.4299
89a06d96-e657-4d09-89c4-3e0a679ba9ac	3	174706069	174883280	113	0.5937
89a06d96-e657-4d09-89c4-3e0a679ba9ac	3	174890867	179498345	2259	0.4219
89a06d96-e657-4d09-89c4-3e0a679ba9ac	3	179499462	187190383	3906	0.2115
89a06d96-e657-4d09-89c4-3e0a679ba9ac	3	187191383	187439050	179	0.4516
89a06d96-e657-4d09-89c4-3e0a679ba9ac	3	187439239	188604572	857	-0.0336
89a06d96-e657-4d09-89c4-3e0a679ba9ac	3	188605805	189182675	378	0.1032
89a06d96-e657-4d09-89c4-3e0a679ba9ac	3	189184255	191627188	1674	-0.0347
89a06d96-e657-4d09-89c4-3e0a679ba9ac	3	191637360	192757504	632	0.4136
89a06d96-e657-4d09-89c4-3e0a679ba9ac	3	192762969	193507766	388	1.6478
89a06d96-e657-4d09-89c4-3e0a679ba9ac	3	193510290	194806134	799	1.4575
89a06d96-e657-4d09-89c4-3e0a679ba9ac	3	194808683	195195402	214	1.2449
89a06d96-e657-4d09-89c4-3e0a679ba9ac	3	195196104	195403519	93	1.4335
89a06d96-e657-4d09-89c4-3e0a679ba9ac	3	195416573	197812401	449	-0.0212
89a06d96-e657-4d09-89c4-3e0a679ba9ac	4	1059384	2302368	419	-0.0589
89a06d96-e657-4d09-89c4-3e0a679ba9ac	4	2305847	2470075	85	-0.4072
89a06d96-e657-4d09-89c4-3e0a679ba9ac	4	2476794	10708053	4656	-0.0295
89a06d96-e657-4d09-89c4-3e0a679ba9ac	4	10708702	19006484	6022	-0.0773
89a06d96-e657-4d09-89c4-3e0a679ba9ac	4	19006715	19104311	58	-0.2475
89a06d96-e657-4d09-89c4-3e0a679ba9ac	4	19109331	19109887	3	-1.371
89a06d96-e657-4d09-89c4-3e0a679ba9ac	4	19112495	19613909	327	-0.2025
89a06d96-e657-4d09-89c4-3e0a679ba9ac	4	19615626	55656403	19348	-0.072
89a06d96-e657-4d09-89c4-3e0a679ba9ac	4	55656741	58606114	1744	-0.0269
89a06d96-e657-4d09-89c4-3e0a679ba9ac	4	58608184	76221699	9211	-0.117
89a06d96-e657-4d09-89c4-3e0a679ba9ac	4	76221835	84558712	5108	-0.0871
89a06d96-e657-4d09-89c4-3e0a679ba9ac	4	84558837	84560224	4	-1.5652
89a06d96-e657-4d09-89c4-3e0a679ba9ac	4	84560773	85986046	877	-0.0971
89a06d96-e657-4d09-89c4-3e0a679ba9ac	4	85986095	138270610	28450	-0.3034
89a06d96-e657-4d09-89c4-3e0a679ba9ac	4	138271270	138354902	76	-0.7128
89a06d96-e657-4d09-89c4-3e0a679ba9ac	4	138356106	187842528	27001	-0.3091
89a06d96-e657-4d09-89c4-3e0a679ba9ac	5	913983	31317422	18187	0.1281
89a06d96-e657-4d09-89c4-3e0a679ba9ac	5	31317845	32531229	864	0.1913
89a06d96-e657-4d09-89c4-3e0a679ba9ac	5	32531853	38380198	3217	0.1398
89a06d96-e657-4d09-89c4-3e0a679ba9ac	5	38380642	38481271	75	0.3489
89a06d96-e657-4d09-89c4-3e0a679ba9ac	5	38482832	52254717	4545	0.1147
89a06d96-e657-4d09-89c4-3e0a679ba9ac	5	52258498	59949571	5130	-0.1868
89a06d96-e657-4d09-89c4-3e0a679ba9ac	5	59949772	60297445	167	-0.4897
89a06d96-e657-4d09-89c4-3e0a679ba9ac	5	60297929	164621693	59057	-0.1948
89a06d96-e657-4d09-89c4-3e0a679ba9ac	5	164622946	164780164	83	-0.5096
89a06d96-e657-4d09-89c4-3e0a679ba9ac	5	164785957	178223992	8300	-0.194
89a06d96-e657-4d09-89c4-3e0a679ba9ac	5	178225391	178275580	2	-1.6398
89a06d96-e657-4d09-89c4-3e0a679ba9ac	5	178277026	179625587	831	-0.1785
89a06d96-e657-4d09-89c4-3e0a679ba9ac	5	179627500	179764254	46	-0.4823
89a06d96-e657-4d09-89c4-3e0a679ba9ac	5	179768068	180934240	550	-0.1711
89a06d96-e657-4d09-89c4-3e0a679ba9ac	6	1011760	4499194	2456	-0.1836
89a06d96-e657-4d09-89c4-3e0a679ba9ac	6	4499538	5884519	985	0.0212
89a06d96-e657-4d09-89c4-3e0a679ba9ac	6	5884573	6664455	733	0.1775
89a06d96-e657-4d09-89c4-3e0a679ba9ac	6	6665538	6681759	18	-0.0127
89a06d96-e657-4d09-89c4-3e0a679ba9ac	6	6682088	7000283	279	-0.1436
89a06d96-e657-4d09-89c4-3e0a679ba9ac	6	7002965	7467953	226	-0.3492
89a06d96-e657-4d09-89c4-3e0a679ba9ac	6	7468777	13226612	4126	-0.1831
89a06d96-e657-4d09-89c4-3e0a679ba9ac	6	13228410	14719749	1119	0.1125
89a06d96-e657-4d09-89c4-3e0a679ba9ac	6	14719763	16305868	931	0.2126
89a06d96-e657-4d09-89c4-3e0a679ba9ac	6	16306154	17442095	784	-0.2054
89a06d96-e657-4d09-89c4-3e0a679ba9ac	6	17444198	18647676	817	0.1018
89a06d96-e657-4d09-89c4-3e0a679ba9ac	6	18647705	20117589	1100	0.1223
89a06d96-e657-4d09-89c4-3e0a679ba9ac	6	20118804	21040491	619	0.2644
89a06d96-e657-4d09-89c4-3e0a679ba9ac	6	21045777	23282279	1622	0.6055
89a06d96-e657-4d09-89c4-3e0a679ba9ac	6	23283006	24763817	1020	0.8024
89a06d96-e657-4d09-89c4-3e0a679ba9ac	6	24764514	27796268	1259	0.6104
89a06d96-e657-4d09-89c4-3e0a679ba9ac	6	27798348	33115107	1415	0.4527
89a06d96-e657-4d09-89c4-3e0a679ba9ac	6	33115121	33115708	2	-0.9175
89a06d96-e657-4d09-89c4-3e0a679ba9ac	6	33116894	33462847	132	0.413
89a06d96-e657-4d09-89c4-3e0a679ba9ac	6	33463542	34242067	475	0.6776
89a06d96-e657-4d09-89c4-3e0a679ba9ac	6	34255625	35328952	474	0.1296
89a06d96-e657-4d09-89c4-3e0a679ba9ac	6	35329629	37474541	1238	0.5262
89a06d96-e657-4d09-89c4-3e0a679ba9ac	6	37475763	37711209	184	0.1416
89a06d96-e657-4d09-89c4-3e0a679ba9ac	6	37711420	37771451	43	0.6194
89a06d96-e657-4d09-89c4-3e0a679ba9ac	6	37772799	40836615	2296	0.1116
89a06d96-e657-4d09-89c4-3e0a679ba9ac	6	40836743	42117017	787	0.2655
89a06d96-e657-4d09-89c4-3e0a679ba9ac	6	42130341	43070325	489	0.3927
89a06d96-e657-4d09-89c4-3e0a679ba9ac	6	43070353	44152929	564	0.5902
89a06d96-e657-4d09-89c4-3e0a679ba9ac	6	44153274	44707628	385	0.3855
89a06d96-e657-4d09-89c4-3e0a679ba9ac	6	44714579	45444920	283	0.1251
89a06d96-e657-4d09-89c4-3e0a679ba9ac	6	45445622	45929454	360	-0.0804
89a06d96-e657-4d09-89c4-3e0a679ba9ac	6	45930265	46109939	65	0.1903
89a06d96-e657-4d09-89c4-3e0a679ba9ac	6	46114237	46361940	158	0.0477
89a06d96-e657-4d09-89c4-3e0a679ba9ac	6	46362332	48760383	1507	0.18
89a06d96-e657-4d09-89c4-3e0a679ba9ac	6	48760477	48926001	101	0.4023
89a06d96-e657-4d09-89c4-3e0a679ba9ac	6	48931469	72956380	11403	0.1666
89a06d96-e657-4d09-89c4-3e0a679ba9ac	6	72959525	74009077	612	0.4306
89a06d96-e657-4d09-89c4-3e0a679ba9ac	6	74017935	74593016	343	0.2223
89a06d96-e657-4d09-89c4-3e0a679ba9ac	6	74596320	170596889	55715	-0.0523
89a06d96-e657-4d09-89c4-3e0a679ba9ac	7	664936	2193036	441	0.1492
89a06d96-e657-4d09-89c4-3e0a679ba9ac	7	2195964	6416236	1730	-0.1065
89a06d96-e657-4d09-89c4-3e0a679ba9ac	7	6422572	6423015	3	-1.5663
89a06d96-e657-4d09-89c4-3e0a679ba9ac	7	6423420	7650314	594	-0.116
89a06d96-e657-4d09-89c4-3e0a679ba9ac	7	7650350	7841254	181	-0.4547
89a06d96-e657-4d09-89c4-3e0a679ba9ac	7	7841390	15977876	4812	-0.1265
89a06d96-e657-4d09-89c4-3e0a679ba9ac	7	15978394	15978471	2	-1.4411
89a06d96-e657-4d09-89c4-3e0a679ba9ac	7	15978487	24923398	5311	-0.1225
89a06d96-e657-4d09-89c4-3e0a679ba9ac	7	24925420	30898552	3777	0.1361
89a06d96-e657-4d09-89c4-3e0a679ba9ac	7	30903799	44582817	8591	-0.1174
89a06d96-e657-4d09-89c4-3e0a679ba9ac	7	44586778	46181526	917	0.1399
89a06d96-e657-4d09-89c4-3e0a679ba9ac	7	46182212	51397583	3743	-0.1004
89a06d96-e657-4d09-89c4-3e0a679ba9ac	7	51409762	54238273	1954	0.1519
89a06d96-e657-4d09-89c4-3e0a679ba9ac	7	54238511	54247849	2	1.2516
89a06d96-e657-4d09-89c4-3e0a679ba9ac	7	54248178	56087868	1230	0.1532
89a06d96-e657-4d09-89c4-3e0a679ba9ac	7	56105402	73375679	4401	-0.0705
89a06d96-e657-4d09-89c4-3e0a679ba9ac	7	73378434	74050802	228	0.1543
89a06d96-e657-4d09-89c4-3e0a679ba9ac	7	74054839	78821534	1830	-0.0637
89a06d96-e657-4d09-89c4-3e0a679ba9ac	7	78824918	80798179	1223	0.1492
89a06d96-e657-4d09-89c4-3e0a679ba9ac	7	80798214	109469853	14746	-0.0842
89a06d96-e657-4d09-89c4-3e0a679ba9ac	7	109472344	109475993	7	-1.1111
89a06d96-e657-4d09-89c4-3e0a679ba9ac	7	109479946	109781093	165	-0.0401
89a06d96-e657-4d09-89c4-3e0a679ba9ac	7	109783119	110175019	188	-0.4231
89a06d96-e657-4d09-89c4-3e0a679ba9ac	7	110175887	124959747	7819	-0.0827
89a06d96-e657-4d09-89c4-3e0a679ba9ac	7	125037819	135230201	5675	-0.0406
89a06d96-e657-4d09-89c4-3e0a679ba9ac	7	135230412	141437051	3771	-0.0791
89a06d96-e657-4d09-89c4-3e0a679ba9ac	7	141441878	141442679	2	-2.2449
89a06d96-e657-4d09-89c4-3e0a679ba9ac	7	141442797	158592540	8555	-0.0691
89a06d96-e657-4d09-89c4-3e0a679ba9ac	8	667625	815766	80	0.1089
89a06d96-e657-4d09-89c4-3e0a679ba9ac	8	818473	2126170	678	0.0405
89a06d96-e657-4d09-89c4-3e0a679ba9ac	8	2130652	19972659	10003	-0.3994
89a06d96-e657-4d09-89c4-3e0a679ba9ac	8	19972835	19974119	2	-2.2444
89a06d96-e657-4d09-89c4-3e0a679ba9ac	8	19974466	29776178	6762	-0.3926
89a06d96-e657-4d09-89c4-3e0a679ba9ac	8	29776328	29778394	2	-2.2803
89a06d96-e657-4d09-89c4-3e0a679ba9ac	8	29780386	42666258	7344	-0.3875
89a06d96-e657-4d09-89c4-3e0a679ba9ac	8	42673886	43003156	136	0.0632
89a06d96-e657-4d09-89c4-3e0a679ba9ac	8	43004833	43073514	24	0.0937
89a06d96-e657-4d09-89c4-3e0a679ba9ac	8	43074167	59179656	7160	0.4759
89a06d96-e657-4d09-89c4-3e0a679ba9ac	8	59179728	70572511	6603	0.5023
89a06d96-e657-4d09-89c4-3e0a679ba9ac	8	70577543	79617718	5317	0.4659
89a06d96-e657-4d09-89c4-3e0a679ba9ac	8	79620884	81580128	1142	0.5191
89a06d96-e657-4d09-89c4-3e0a679ba9ac	8	81580622	90796743	4886	0.4567
89a06d96-e657-4d09-89c4-3e0a679ba9ac	8	90805023	91589608	345	0.611
89a06d96-e657-4d09-89c4-3e0a679ba9ac	8	91591588	92007424	273	0.4426
89a06d96-e657-4d09-89c4-3e0a679ba9ac	8	92007733	92007901	4	-0.1872
89a06d96-e657-4d09-89c4-3e0a679ba9ac	8	92008360	94545887	1510	0.4797
89a06d96-e657-4d09-89c4-3e0a679ba9ac	8	94547853	94558223	11	-0.0173
89a06d96-e657-4d09-89c4-3e0a679ba9ac	8	94564122	109290764	8402	0.4863
89a06d96-e657-4d09-89c4-3e0a679ba9ac	8	109290868	139850304	20460	0.6342
89a06d96-e657-4d09-89c4-3e0a679ba9ac	8	139855926	140166985	230	0.4944
89a06d96-e657-4d09-89c4-3e0a679ba9ac	8	140167440	144182542	820	0.6539
89a06d96-e657-4d09-89c4-3e0a679ba9ac	9	789794	4166215	2442	-0.0472
89a06d96-e657-4d09-89c4-3e0a679ba9ac	9	4167046	4168771	2	-1.4766
89a06d96-e657-4d09-89c4-3e0a679ba9ac	9	4169816	4827719	498	-0.0399
89a06d96-e657-4d09-89c4-3e0a679ba9ac	9	4830849	4832888	5	-0.8833
89a06d96-e657-4d09-89c4-3e0a679ba9ac	9	4833709	7208828	895	-0.0666
89a06d96-e657-4d09-89c4-3e0a679ba9ac	9	7209215	7209284	2	-1.7934
89a06d96-e657-4d09-89c4-3e0a679ba9ac	9	7209359	8900067	1297	-0.0762
89a06d96-e657-4d09-89c4-3e0a679ba9ac	9	8901739	8901758	2	-1.9708
89a06d96-e657-4d09-89c4-3e0a679ba9ac	9	9039222	16235373	4046	-0.0651
89a06d96-e657-4d09-89c4-3e0a679ba9ac	9	16238014	16353611	128	0.4386
89a06d96-e657-4d09-89c4-3e0a679ba9ac	9	16353802	70034081	15525	-0.0625
89a06d96-e657-4d09-89c4-3e0a679ba9ac	9	70034091	70442834	246	-0.2652
89a06d96-e657-4d09-89c4-3e0a679ba9ac	9	70445600	78767905	5700	-0.0894
89a06d96-e657-4d09-89c4-3e0a679ba9ac	9	78769091	78769189	2	-1.8122
89a06d96-e657-4d09-89c4-3e0a679ba9ac	9	78769522	138044505	37647	-0.072
89a06d96-e657-4d09-89c4-3e0a679ba9ac	10	366509	8753906	5933	-0.1235
89a06d96-e657-4d09-89c4-3e0a679ba9ac	10	8754633	58766120	28617	0.1526
89a06d96-e657-4d09-89c4-3e0a679ba9ac	10	58771139	61432722	1919	0.196
89a06d96-e657-4d09-89c4-3e0a679ba9ac	10	61433035	69073262	4263	0.1652
89a06d96-e657-4d09-89c4-3e0a679ba9ac	10	69073420	73444561	2698	-0.0342
89a06d96-e657-4d09-89c4-3e0a679ba9ac	10	73447403	73913343	171	-0.3734
89a06d96-e657-4d09-89c4-3e0a679ba9ac	10	73918899	80371767	3941	-0.0397
89a06d96-e657-4d09-89c4-3e0a679ba9ac	10	80372382	101363329	13153	-0.0685
89a06d96-e657-4d09-89c4-3e0a679ba9ac	10	101364678	104118609	1271	-0.0437
89a06d96-e657-4d09-89c4-3e0a679ba9ac	10	104125293	104244725	95	-0.3684
89a06d96-e657-4d09-89c4-3e0a679ba9ac	10	104249943	133411599	19201	-0.0613
89a06d96-e657-4d09-89c4-3e0a679ba9ac	11	456012	3934752	1191	0.0121
89a06d96-e657-4d09-89c4-3e0a679ba9ac	11	3937598	4031586	60	-0.3222
89a06d96-e657-4d09-89c4-3e0a679ba9ac	11	4035256	13702635	6913	-0.0046
89a06d96-e657-4d09-89c4-3e0a679ba9ac	11	13703025	14002587	229	0.1745
89a06d96-e657-4d09-89c4-3e0a679ba9ac	11	14002965	19509581	3558	0.0331
89a06d96-e657-4d09-89c4-3e0a679ba9ac	11	19510126	22062106	2052	-0.0007
89a06d96-e657-4d09-89c4-3e0a679ba9ac	11	22062372	24999015	1928	-0.0547
89a06d96-e657-4d09-89c4-3e0a679ba9ac	11	24999273	30213973	3162	-0.0044
89a06d96-e657-4d09-89c4-3e0a679ba9ac	11	30217923	45617410	9869	-0.3251
89a06d96-e657-4d09-89c4-3e0a679ba9ac	11	45617967	47372087	760	-0.0001
89a06d96-e657-4d09-89c4-3e0a679ba9ac	11	47372754	47372766	2	-1.4818
89a06d96-e657-4d09-89c4-3e0a679ba9ac	11	47374671	58175856	2014	-0.0338
89a06d96-e657-4d09-89c4-3e0a679ba9ac	11	58176080	62698604	2455	-0.0809
89a06d96-e657-4d09-89c4-3e0a679ba9ac	11	62700978	67355846	1477	-0.1954
89a06d96-e657-4d09-89c4-3e0a679ba9ac	11	67357752	67357980	2	-1.6088
89a06d96-e657-4d09-89c4-3e0a679ba9ac	11	67358493	68481999	271	-0.1843
89a06d96-e657-4d09-89c4-3e0a679ba9ac	11	68484233	68517654	9	0.0442
89a06d96-e657-4d09-89c4-3e0a679ba9ac	11	68520151	71183209	1433	-0.4283
89a06d96-e657-4d09-89c4-3e0a679ba9ac	11	71184267	71185386	2	-2.3511
89a06d96-e657-4d09-89c4-3e0a679ba9ac	11	71185457	76535909	2728	-0.4206
89a06d96-e657-4d09-89c4-3e0a679ba9ac	11	76540774	76590331	34	1.5944
89a06d96-e657-4d09-89c4-3e0a679ba9ac	11	76590970	77382533	452	2.1233
89a06d96-e657-4d09-89c4-3e0a679ba9ac	11	77384758	78219453	403	1.7592
89a06d96-e657-4d09-89c4-3e0a679ba9ac	11	78222927	78557479	187	1.9721
89a06d96-e657-4d09-89c4-3e0a679ba9ac	11	78560568	79247548	576	1.7854
89a06d96-e657-4d09-89c4-3e0a679ba9ac	11	79249526	79417337	163	1.6326
89a06d96-e657-4d09-89c4-3e0a679ba9ac	11	79417357	81223113	1324	1.8438
89a06d96-e657-4d09-89c4-3e0a679ba9ac	11	81226161	81226310	4	0.5876
89a06d96-e657-4d09-89c4-3e0a679ba9ac	11	81226444	83307732	1220	0.977
89a06d96-e657-4d09-89c4-3e0a679ba9ac	11	83308858	95016806	6833	0.7168
89a06d96-e657-4d09-89c4-3e0a679ba9ac	11	95026330	95563748	408	-0.4695
89a06d96-e657-4d09-89c4-3e0a679ba9ac	11	95566473	95765105	150	0.7184
89a06d96-e657-4d09-89c4-3e0a679ba9ac	11	95765499	100778215	3330	0.5541
89a06d96-e657-4d09-89c4-3e0a679ba9ac	11	100779387	100795834	16	0.3548
89a06d96-e657-4d09-89c4-3e0a679ba9ac	11	100796380	100859574	42	0.0293
89a06d96-e657-4d09-89c4-3e0a679ba9ac	11	100861412	110676069	5860	-0.425
89a06d96-e657-4d09-89c4-3e0a679ba9ac	11	110676961	118460896	5490	-0.0931
89a06d96-e657-4d09-89c4-3e0a679ba9ac	11	118464626	118686185	212	1.6557
89a06d96-e657-4d09-89c4-3e0a679ba9ac	11	118694651	124212943	3857	-0.0964
89a06d96-e657-4d09-89c4-3e0a679ba9ac	11	124214339	124214755	2	-2.5449
89a06d96-e657-4d09-89c4-3e0a679ba9ac	11	124232096	134272740	6825	-0.0919
89a06d96-e657-4d09-89c4-3e0a679ba9ac	12	780472	30182416	17724	0.1486
89a06d96-e657-4d09-89c4-3e0a679ba9ac	12	30182491	33368216	1991	0.2003
89a06d96-e657-4d09-89c4-3e0a679ba9ac	12	38827290	39241927	222	0.1637
89a06d96-e657-4d09-89c4-3e0a679ba9ac	12	39244574	39248253	2	-1.1986
89a06d96-e657-4d09-89c4-3e0a679ba9ac	12	39248971	58408153	10305	0.1496
89a06d96-e657-4d09-89c4-3e0a679ba9ac	12	58408458	66521529	4857	0.1332
89a06d96-e657-4d09-89c4-3e0a679ba9ac	12	66526979	67019585	396	0.0436
89a06d96-e657-4d09-89c4-3e0a679ba9ac	12	67021371	98555734	19679	0.1308
89a06d96-e657-4d09-89c4-3e0a679ba9ac	12	98570351	99333353	445	0.0384
89a06d96-e657-4d09-89c4-3e0a679ba9ac	12	99333807	101257134	1070	0.1324
89a06d96-e657-4d09-89c4-3e0a679ba9ac	12	101257531	116635432	9592	0.1514
89a06d96-e657-4d09-89c4-3e0a679ba9ac	12	116635456	131086116	7507	0.1779
89a06d96-e657-4d09-89c4-3e0a679ba9ac	12	131086867	132605822	557	0.1406
89a06d96-e657-4d09-89c4-3e0a679ba9ac	13	18874255	35916019	10600	-0.0926
89a06d96-e657-4d09-89c4-3e0a679ba9ac	13	35916746	46582784	6891	-0.1692
89a06d96-e657-4d09-89c4-3e0a679ba9ac	13	46584161	46592060	4	-1.6118
89a06d96-e657-4d09-89c4-3e0a679ba9ac	13	46593535	69158387	11003	-0.1512
89a06d96-e657-4d09-89c4-3e0a679ba9ac	13	69158699	104510495	22501	-0.0692
89a06d96-e657-4d09-89c4-3e0a679ba9ac	13	104510575	104510708	2	-2.3988
89a06d96-e657-4d09-89c4-3e0a679ba9ac	13	104511872	105128737	459	-0.0879
89a06d96-e657-4d09-89c4-3e0a679ba9ac	13	105778335	106264301	390	-0.1759
89a06d96-e657-4d09-89c4-3e0a679ba9ac	13	106264640	114226675	5111	-0.0612
89a06d96-e657-4d09-89c4-3e0a679ba9ac	14	20033191	24395023	1714	0.1972
89a06d96-e657-4d09-89c4-3e0a679ba9ac	14	24397268	25351528	627	0.4182
89a06d96-e657-4d09-89c4-3e0a679ba9ac	14	25358100	26899136	1009	0.1993
89a06d96-e657-4d09-89c4-3e0a679ba9ac	14	26899207	28385783	682	-0.0742
89a06d96-e657-4d09-89c4-3e0a679ba9ac	14	28389156	29591574	673	0.388
89a06d96-e657-4d09-89c4-3e0a679ba9ac	14	29592419	32407729	1570	-0.056
89a06d96-e657-4d09-89c4-3e0a679ba9ac	14	32408404	32836137	327	0.2236
89a06d96-e657-4d09-89c4-3e0a679ba9ac	14	32838965	36873249	2689	-0.0603
89a06d96-e657-4d09-89c4-3e0a679ba9ac	14	36879797	37259342	258	-0.4281
89a06d96-e657-4d09-89c4-3e0a679ba9ac	14	37259608	39943520	1403	-0.086
89a06d96-e657-4d09-89c4-3e0a679ba9ac	14	39943591	42626325	1350	0.1852
89a06d96-e657-4d09-89c4-3e0a679ba9ac	14	42628663	52774490	5015	-0.3964
89a06d96-e657-4d09-89c4-3e0a679ba9ac	14	52776483	82488929	18543	0.1972
89a06d96-e657-4d09-89c4-3e0a679ba9ac	14	82489137	89787552	4528	0.1681
89a06d96-e657-4d09-89c4-3e0a679ba9ac	14	89792932	90467047	399	0.2009
89a06d96-e657-4d09-89c4-3e0a679ba9ac	14	90471396	90471946	2	-0.9209
89a06d96-e657-4d09-89c4-3e0a679ba9ac	14	90475248	96736851	4248	0.2056
89a06d96-e657-4d09-89c4-3e0a679ba9ac	14	96745276	99477425	2023	0.1631
89a06d96-e657-4d09-89c4-3e0a679ba9ac	14	99479017	105533894	2726	0.2103
89a06d96-e657-4d09-89c4-3e0a679ba9ac	15	23437561	67867391	25231	-0.1264
89a06d96-e657-4d09-89c4-3e0a679ba9ac	15	67869793	70146656	1484	-0.4676
89a06d96-e657-4d09-89c4-3e0a679ba9ac	15	70147633	70148910	3	-1.9012
89a06d96-e657-4d09-89c4-3e0a679ba9ac	15	70151862	84147874	7664	-0.4345
89a06d96-e657-4d09-89c4-3e0a679ba9ac	15	84150592	101344124	10357	-0.125
89a06d96-e657-4d09-89c4-3e0a679ba9ac	16	603333	11415574	5953	-0.134
89a06d96-e657-4d09-89c4-3e0a679ba9ac	16	11417869	11420210	3	-1.7987
89a06d96-e657-4d09-89c4-3e0a679ba9ac	16	11421365	25641863	5478	-0.1327
89a06d96-e657-4d09-89c4-3e0a679ba9ac	16	25645172	61436711	12298	-0.1799
89a06d96-e657-4d09-89c4-3e0a679ba9ac	16	61445879	61446268	2	-2.3482
89a06d96-e657-4d09-89c4-3e0a679ba9ac	16	61448013	65829353	2902	-0.2041
89a06d96-e657-4d09-89c4-3e0a679ba9ac	16	65832043	76993610	5815	-0.1406
89a06d96-e657-4d09-89c4-3e0a679ba9ac	16	76996964	89317317	8718	-0.1788
89a06d96-e657-4d09-89c4-3e0a679ba9ac	17	1074619	1499932	120	-0.4064
89a06d96-e657-4d09-89c4-3e0a679ba9ac	17	1526393	3300192	816	-0.0793
89a06d96-e657-4d09-89c4-3e0a679ba9ac	17	3302592	6513013	1712	-0.4156
89a06d96-e657-4d09-89c4-3e0a679ba9ac	17	6515667	8477298	891	0.1743
89a06d96-e657-4d09-89c4-3e0a679ba9ac	17	8480486	8969893	349	-0.3997
89a06d96-e657-4d09-89c4-3e0a679ba9ac	17	8970133	9657081	440	-0.8315
89a06d96-e657-4d09-89c4-3e0a679ba9ac	17	9657629	9725257	38	-0.3685
89a06d96-e657-4d09-89c4-3e0a679ba9ac	17	9727371	10032932	279	-0.8424
89a06d96-e657-4d09-89c4-3e0a679ba9ac	17	10140499	10939602	496	0.2101
89a06d96-e657-4d09-89c4-3e0a679ba9ac	17	10947328	11271257	263	-1.5865
89a06d96-e657-4d09-89c4-3e0a679ba9ac	17	11274879	11274951	2	-6.7199
89a06d96-e657-4d09-89c4-3e0a679ba9ac	17	11275051	12104227	605	-1.5462
89a06d96-e657-4d09-89c4-3e0a679ba9ac	17	12109176	12286840	132	0.2064
89a06d96-e657-4d09-89c4-3e0a679ba9ac	17	12287130	12287427	3	-0.6944
89a06d96-e657-4d09-89c4-3e0a679ba9ac	17	12291963	12744040	321	0.1918
89a06d96-e657-4d09-89c4-3e0a679ba9ac	17	12744091	19689211	2638	-0.8373
89a06d96-e657-4d09-89c4-3e0a679ba9ac	17	19691437	52154513	11646	-0.3659
89a06d96-e657-4d09-89c4-3e0a679ba9ac	17	52154999	52155429	3	-1.8928
89a06d96-e657-4d09-89c4-3e0a679ba9ac	17	52156504	56422916	2675	-0.3768
89a06d96-e657-4d09-89c4-3e0a679ba9ac	17	56423270	56423371	2	-2.6396
89a06d96-e657-4d09-89c4-3e0a679ba9ac	17	56424200	57908483	1150	-0.3679
89a06d96-e657-4d09-89c4-3e0a679ba9ac	17	57909545	64974497	3200	-0.0636
89a06d96-e657-4d09-89c4-3e0a679ba9ac	17	64978079	65007581	16	-0.4963
89a06d96-e657-4d09-89c4-3e0a679ba9ac	17	65007630	68452981	2037	-0.063
89a06d96-e657-4d09-89c4-3e0a679ba9ac	17	68458613	82959812	7364	0.4952
89a06d96-e657-4d09-89c4-3e0a679ba9ac	18	326691	21848067	8554	-0.013
89a06d96-e657-4d09-89c4-3e0a679ba9ac	18	21852240	25564233	2293	-0.3775
89a06d96-e657-4d09-89c4-3e0a679ba9ac	18	25565853	25725751	126	1.2381
89a06d96-e657-4d09-89c4-3e0a679ba9ac	18	25726696	26564430	498	1.6085
89a06d96-e657-4d09-89c4-3e0a679ba9ac	18	26570342	26813999	204	1.8811
89a06d96-e657-4d09-89c4-3e0a679ba9ac	18	26815939	27009227	134	0.3316
89a06d96-e657-4d09-89c4-3e0a679ba9ac	18	27009917	27279016	171	1.8949
89a06d96-e657-4d09-89c4-3e0a679ba9ac	18	27286119	27297619	7	0.4573
89a06d96-e657-4d09-89c4-3e0a679ba9ac	18	27305755	31752781	2652	0.2116
89a06d96-e657-4d09-89c4-3e0a679ba9ac	18	31753149	32101487	223	0.535
89a06d96-e657-4d09-89c4-3e0a679ba9ac	18	32104855	34423730	1414	0.8182
89a06d96-e657-4d09-89c4-3e0a679ba9ac	18	34424421	36963872	1633	1.0182
89a06d96-e657-4d09-89c4-3e0a679ba9ac	18	36972982	38042975	650	0.8624
89a06d96-e657-4d09-89c4-3e0a679ba9ac	18	38043435	38572785	394	1.0521
89a06d96-e657-4d09-89c4-3e0a679ba9ac	18	38573529	38679920	68	0.8024
89a06d96-e657-4d09-89c4-3e0a679ba9ac	18	38680168	39609347	464	0.4077
89a06d96-e657-4d09-89c4-3e0a679ba9ac	18	39614535	39951331	190	1.4754
89a06d96-e657-4d09-89c4-3e0a679ba9ac	18	39951508	40011280	30	1.0477
89a06d96-e657-4d09-89c4-3e0a679ba9ac	18	40012299	40157885	93	1.5275
89a06d96-e657-4d09-89c4-3e0a679ba9ac	18	40158508	40352550	103	1.9185
89a06d96-e657-4d09-89c4-3e0a679ba9ac	18	40356410	44094733	2176	0.1853
89a06d96-e657-4d09-89c4-3e0a679ba9ac	18	44097073	45522784	968	0.4073
89a06d96-e657-4d09-89c4-3e0a679ba9ac	18	45523306	45593004	50	0.6499
89a06d96-e657-4d09-89c4-3e0a679ba9ac	18	45594976	46688685	669	0.2286
89a06d96-e657-4d09-89c4-3e0a679ba9ac	18	46693127	47943854	874	0.4255
89a06d96-e657-4d09-89c4-3e0a679ba9ac	18	47945807	76931177	16775	-0.4004
89a06d96-e657-4d09-89c4-3e0a679ba9ac	18	76932938	78986157	1321	-0.0631
89a06d96-e657-4d09-89c4-3e0a679ba9ac	18	78986372	78987318	3	-1.514
89a06d96-e657-4d09-89c4-3e0a679ba9ac	18	78990706	79208385	127	-0.0624
89a06d96-e657-4d09-89c4-3e0a679ba9ac	18	79215275	79349796	71	0.7491
89a06d96-e657-4d09-89c4-3e0a679ba9ac	19	283868	6885312	1945	-0.3873
89a06d96-e657-4d09-89c4-3e0a679ba9ac	19	7112112	7184790	52	0.9047
89a06d96-e657-4d09-89c4-3e0a679ba9ac	19	7185281	7601279	172	0.5642
89a06d96-e657-4d09-89c4-3e0a679ba9ac	19	7602987	8433976	332	0.6811
89a06d96-e657-4d09-89c4-3e0a679ba9ac	19	8440476	8667046	100	0.533
89a06d96-e657-4d09-89c4-3e0a679ba9ac	19	8668235	17474394	4167	0.3653
89a06d96-e657-4d09-89c4-3e0a679ba9ac	19	17475278	19169690	689	0.17
89a06d96-e657-4d09-89c4-3e0a679ba9ac	19	19171998	23473092	1325	-0.0779
89a06d96-e657-4d09-89c4-3e0a679ba9ac	19	23473618	39868358	7748	0.1767
89a06d96-e657-4d09-89c4-3e0a679ba9ac	19	39874001	58370362	7615	-0.1424
89a06d96-e657-4d09-89c4-3e0a679ba9ac	20	472817	6422874	3618	0.2013
89a06d96-e657-4d09-89c4-3e0a679ba9ac	20	6423795	15590362	5796	0.1697
89a06d96-e657-4d09-89c4-3e0a679ba9ac	20	15590477	32487893	8127	0.1971
89a06d96-e657-4d09-89c4-3e0a679ba9ac	20	32490803	32490871	2	-1.2617
89a06d96-e657-4d09-89c4-3e0a679ba9ac	20	32491451	33033559	293	0.2093
89a06d96-e657-4d09-89c4-3e0a679ba9ac	20	33034277	51443611	11363	0.2301
89a06d96-e657-4d09-89c4-3e0a679ba9ac	20	51444777	51515905	53	0.0065
89a06d96-e657-4d09-89c4-3e0a679ba9ac	20	51516550	57081483	4027	0.2532
89a06d96-e657-4d09-89c4-3e0a679ba9ac	20	57081840	57822739	535	0.3627
89a06d96-e657-4d09-89c4-3e0a679ba9ac	20	57825065	57976528	135	0.2434
89a06d96-e657-4d09-89c4-3e0a679ba9ac	20	57978819	63588502	3626	0.1794
89a06d96-e657-4d09-89c4-3e0a679ba9ac	21	13974127	18452161	2769	0.2555
89a06d96-e657-4d09-89c4-3e0a679ba9ac	21	18452178	46262057	17813	-0.1637
89a06d96-e657-4d09-89c4-3e0a679ba9ac	22	16934932	24339545	1243	0.4264
89a06d96-e657-4d09-89c4-3e0a679ba9ac	22	24489781	31264047	4502	0.5861
89a06d96-e657-4d09-89c4-3e0a679ba9ac	22	31268510	31334183	31	0.42
89a06d96-e657-4d09-89c4-3e0a679ba9ac	22	31334518	31561433	129	0.2265
89a06d96-e657-4d09-89c4-3e0a679ba9ac	22	31561845	32637739	687	-0.3505
89a06d96-e657-4d09-89c4-3e0a679ba9ac	22	32638046	33918608	1159	-0.0531
89a06d96-e657-4d09-89c4-3e0a679ba9ac	22	33919192	34254189	299	0.1983
89a06d96-e657-4d09-89c4-3e0a679ba9ac	22	34260825	36847620	1695	-0.0391
89a06d96-e657-4d09-89c4-3e0a679ba9ac	22	36851117	39369220	1202	0.2029
89a06d96-e657-4d09-89c4-3e0a679ba9ac	22	39372803	41818528	1267	-0.0285
89a06d96-e657-4d09-89c4-3e0a679ba9ac	22	41821602	48940621	4806	-0.8476
89a06d96-e657-4d09-89c4-3e0a679ba9ac	X	3236359	5914889	311	0.1263
89a06d96-e657-4d09-89c4-3e0a679ba9ac	X	5920400	6179233	217	-0.1574
89a06d96-e657-4d09-89c4-3e0a679ba9ac	X	6180154	8275434	324	0.0936
89a06d96-e657-4d09-89c4-3e0a679ba9ac	X	8276744	9041303	207	-0.1851
89a06d96-e657-4d09-89c4-3e0a679ba9ac	X	9041499	64505987	23394	0.0843
89a06d96-e657-4d09-89c4-3e0a679ba9ac	X	64508941	65106988	287	-0.1848
89a06d96-e657-4d09-89c4-3e0a679ba9ac	X	65108531	68462971	1305	0.0364
89a06d96-e657-4d09-89c4-3e0a679ba9ac	X	68466502	71651088	1366	-0.1519
89a06d96-e657-4d09-89c4-3e0a679ba9ac	X	71651769	72736851	457	0.0354
89a06d96-e657-4d09-89c4-3e0a679ba9ac	X	72741009	76186546	856	-0.1563
89a06d96-e657-4d09-89c4-3e0a679ba9ac	X	76187345	76315657	54	0.3058
89a06d96-e657-4d09-89c4-3e0a679ba9ac	X	76317140	76585988	102	0.7556
89a06d96-e657-4d09-89c4-3e0a679ba9ac	X	76592938	76775297	101	0.306
89a06d96-e657-4d09-89c4-3e0a679ba9ac	X	76783109	83382790	2831	-0.2022
89a06d96-e657-4d09-89c4-3e0a679ba9ac	X	83390747	89726410	3023	0.0508
89a06d96-e657-4d09-89c4-3e0a679ba9ac	X	89728272	110831945	8561	-0.1928
89a06d96-e657-4d09-89c4-3e0a679ba9ac	X	110840208	111002121	104	0.0816
89a06d96-e657-4d09-89c4-3e0a679ba9ac	X	111002722	117495630	2924	0.0177
89a06d96-e657-4d09-89c4-3e0a679ba9ac	X	117496137	148583988	15061	0.0595
89a06d96-e657-4d09-89c4-3e0a679ba9ac	X	148587516	148768899	80	-0.2488
89a06d96-e657-4d09-89c4-3e0a679ba9ac	X	148771013	155677414	2393	0.088
