GDC_Aliquot	Chromosome	Start	End	Num_Probes	Segment_Mean
24b8fdc6-d6bc-45ac-be26-b31d4e00b1e8	1	3301765	54581253	27187	-0.7536
24b8fdc6-d6bc-45ac-be26-b31d4e00b1e8	1	54582051	54585140	6	-2.9052
24b8fdc6-d6bc-45ac-be26-b31d4e00b1e8	1	54588923	55043682	290	-0.6891
24b8fdc6-d6bc-45ac-be26-b31d4e00b1e8	1	55047388	55048858	4	-4.9798
24b8fdc6-d6bc-45ac-be26-b31d4e00b1e8	1	55050064	63890887	6407	-0.7567
24b8fdc6-d6bc-45ac-be26-b31d4e00b1e8	1	63893653	63896602	3	-4.5302
24b8fdc6-d6bc-45ac-be26-b31d4e00b1e8	1	63900988	88166468	14958	-0.7041
24b8fdc6-d6bc-45ac-be26-b31d4e00b1e8	1	88166705	88166738	2	-3.1663
24b8fdc6-d6bc-45ac-be26-b31d4e00b1e8	1	88168381	95696505	4560	-0.7154
24b8fdc6-d6bc-45ac-be26-b31d4e00b1e8	1	95696651	95706240	4	-2.3817
24b8fdc6-d6bc-45ac-be26-b31d4e00b1e8	1	95714889	106738740	6073	-0.6872
24b8fdc6-d6bc-45ac-be26-b31d4e00b1e8	1	106738935	119984772	8145	-0.7378
24b8fdc6-d6bc-45ac-be26-b31d4e00b1e8	1	146716041	162510778	6874	0.4906
24b8fdc6-d6bc-45ac-be26-b31d4e00b1e8	1	162510934	162512738	2	2.0885
24b8fdc6-d6bc-45ac-be26-b31d4e00b1e8	1	162514053	187578898	16627	0.5022
24b8fdc6-d6bc-45ac-be26-b31d4e00b1e8	1	187579401	200474872	7537	0.5234
24b8fdc6-d6bc-45ac-be26-b31d4e00b1e8	1	200477757	212217397	7784	0.485
24b8fdc6-d6bc-45ac-be26-b31d4e00b1e8	1	212218821	218002953	3964	0.5177
24b8fdc6-d6bc-45ac-be26-b31d4e00b1e8	1	218004190	247650984	18855	0.4887
24b8fdc6-d6bc-45ac-be26-b31d4e00b1e8	2	480597	1972518	241	0.0574
24b8fdc6-d6bc-45ac-be26-b31d4e00b1e8	2	1973367	8993177	5007	0.0129
24b8fdc6-d6bc-45ac-be26-b31d4e00b1e8	2	8994591	39631393	18144	0.0481
24b8fdc6-d6bc-45ac-be26-b31d4e00b1e8	2	39635437	39636007	3	-1.3779
24b8fdc6-d6bc-45ac-be26-b31d4e00b1e8	2	39636246	44040661	2774	0.0419
24b8fdc6-d6bc-45ac-be26-b31d4e00b1e8	2	44046571	44076908	2	-1.8937
24b8fdc6-d6bc-45ac-be26-b31d4e00b1e8	2	44077918	59780643	9095	0.0564
24b8fdc6-d6bc-45ac-be26-b31d4e00b1e8	2	59784791	70716286	6525	0.0251
24b8fdc6-d6bc-45ac-be26-b31d4e00b1e8	2	70716497	70716577	2	-1.5944
24b8fdc6-d6bc-45ac-be26-b31d4e00b1e8	2	70716884	74098038	1731	0.0204
24b8fdc6-d6bc-45ac-be26-b31d4e00b1e8	2	74099295	136773062	28313	0.0526
24b8fdc6-d6bc-45ac-be26-b31d4e00b1e8	2	136773188	215675511	44517	0.0738
24b8fdc6-d6bc-45ac-be26-b31d4e00b1e8	2	215675612	241537572	15841	0.0378
24b8fdc6-d6bc-45ac-be26-b31d4e00b1e8	3	2170634	54911118	30494	0.0414
24b8fdc6-d6bc-45ac-be26-b31d4e00b1e8	3	54911649	54912112	2	-1.4695
24b8fdc6-d6bc-45ac-be26-b31d4e00b1e8	3	54912754	55536924	534	0.0003
24b8fdc6-d6bc-45ac-be26-b31d4e00b1e8	3	55537489	55537902	4	-1.1114
24b8fdc6-d6bc-45ac-be26-b31d4e00b1e8	3	55540792	65430347	6070	0.0322
24b8fdc6-d6bc-45ac-be26-b31d4e00b1e8	3	65430365	122923743	30353	0.0606
24b8fdc6-d6bc-45ac-be26-b31d4e00b1e8	3	122923853	129939655	4062	0.0192
24b8fdc6-d6bc-45ac-be26-b31d4e00b1e8	3	129940913	174331615	23492	0.0625
24b8fdc6-d6bc-45ac-be26-b31d4e00b1e8	3	174333125	174333248	2	-2.1956
24b8fdc6-d6bc-45ac-be26-b31d4e00b1e8	3	174334939	181269358	3544	0.0572
24b8fdc6-d6bc-45ac-be26-b31d4e00b1e8	3	181271843	197812401	8625	0.0312
24b8fdc6-d6bc-45ac-be26-b31d4e00b1e8	4	1059384	17891306	10501	0.0233
24b8fdc6-d6bc-45ac-be26-b31d4e00b1e8	4	17892556	48067890	17863	0.0552
24b8fdc6-d6bc-45ac-be26-b31d4e00b1e8	4	51832470	81899178	16920	-0.6953
24b8fdc6-d6bc-45ac-be26-b31d4e00b1e8	4	81899253	81899455	2	-5.1382
24b8fdc6-d6bc-45ac-be26-b31d4e00b1e8	4	81906445	146129034	35429	-0.6837
24b8fdc6-d6bc-45ac-be26-b31d4e00b1e8	4	146131000	146135230	4	-3.8543
24b8fdc6-d6bc-45ac-be26-b31d4e00b1e8	4	146135399	171569002	14279	-0.6932
24b8fdc6-d6bc-45ac-be26-b31d4e00b1e8	4	171569051	171571892	2	-4.0561
24b8fdc6-d6bc-45ac-be26-b31d4e00b1e8	4	171572725	187842528	8141	-0.7103
24b8fdc6-d6bc-45ac-be26-b31d4e00b1e8	5	913983	8470857	5455	0.0079
24b8fdc6-d6bc-45ac-be26-b31d4e00b1e8	5	8473947	123551658	60652	0.0501
24b8fdc6-d6bc-45ac-be26-b31d4e00b1e8	5	123554472	123556892	3	-1.892
24b8fdc6-d6bc-45ac-be26-b31d4e00b1e8	5	123557866	168796982	27979	0.0431
24b8fdc6-d6bc-45ac-be26-b31d4e00b1e8	5	168799332	180934240	7013	0.0193
24b8fdc6-d6bc-45ac-be26-b31d4e00b1e8	6	1011760	46326540	27419	0.0222
24b8fdc6-d6bc-45ac-be26-b31d4e00b1e8	6	46336265	79812363	16737	0.0643
24b8fdc6-d6bc-45ac-be26-b31d4e00b1e8	6	79813038	79813125	2	1.8011
24b8fdc6-d6bc-45ac-be26-b31d4e00b1e8	6	79816669	93097641	7878	0.0626
24b8fdc6-d6bc-45ac-be26-b31d4e00b1e8	6	93102190	93102565	3	-1.0271
24b8fdc6-d6bc-45ac-be26-b31d4e00b1e8	6	93115899	114313861	11777	0.0582
24b8fdc6-d6bc-45ac-be26-b31d4e00b1e8	6	114313886	129387778	8240	0.0816
24b8fdc6-d6bc-45ac-be26-b31d4e00b1e8	6	129389059	166448844	23730	0.0527
24b8fdc6-d6bc-45ac-be26-b31d4e00b1e8	6	166448943	170596889	1359	0.0207
24b8fdc6-d6bc-45ac-be26-b31d4e00b1e8	7	664936	9482381	3548	0.0237
24b8fdc6-d6bc-45ac-be26-b31d4e00b1e8	7	9482425	21062118	6696	0.067
24b8fdc6-d6bc-45ac-be26-b31d4e00b1e8	7	21068470	78327658	29118	0.0242
24b8fdc6-d6bc-45ac-be26-b31d4e00b1e8	7	78334244	95887616	9466	0.0615
24b8fdc6-d6bc-45ac-be26-b31d4e00b1e8	7	95887696	106745060	5392	0.0208
24b8fdc6-d6bc-45ac-be26-b31d4e00b1e8	7	106745313	127682935	11186	0.0649
24b8fdc6-d6bc-45ac-be26-b31d4e00b1e8	7	127682983	137317824	5546	0.0324
24b8fdc6-d6bc-45ac-be26-b31d4e00b1e8	7	137319110	137319202	2	-2.0941
24b8fdc6-d6bc-45ac-be26-b31d4e00b1e8	7	137319697	158592540	10974	0.027
24b8fdc6-d6bc-45ac-be26-b31d4e00b1e8	8	667625	51457945	27489	0.0272
24b8fdc6-d6bc-45ac-be26-b31d4e00b1e8	8	51458986	95761034	25618	0.0514
24b8fdc6-d6bc-45ac-be26-b31d4e00b1e8	8	95761241	102564107	3999	0.0177
24b8fdc6-d6bc-45ac-be26-b31d4e00b1e8	8	102564430	116061678	7126	0.0594
24b8fdc6-d6bc-45ac-be26-b31d4e00b1e8	8	116061704	144182542	18008	0.0257
24b8fdc6-d6bc-45ac-be26-b31d4e00b1e8	9	789794	11275227	6346	0.0231
24b8fdc6-d6bc-45ac-be26-b31d4e00b1e8	9	12527414	22717306	7781	-0.3543
24b8fdc6-d6bc-45ac-be26-b31d4e00b1e8	9	22720844	124208624	47238	0.0319
24b8fdc6-d6bc-45ac-be26-b31d4e00b1e8	9	124212459	124212488	2	-1.8261
24b8fdc6-d6bc-45ac-be26-b31d4e00b1e8	9	124213420	138044505	7085	0.0207
24b8fdc6-d6bc-45ac-be26-b31d4e00b1e8	10	366509	710947	106	0.0499
24b8fdc6-d6bc-45ac-be26-b31d4e00b1e8	10	715085	720927	2	-2.892
24b8fdc6-d6bc-45ac-be26-b31d4e00b1e8	10	720969	4934982	2913	0.0164
24b8fdc6-d6bc-45ac-be26-b31d4e00b1e8	10	4941398	4942645	2	-1.508
24b8fdc6-d6bc-45ac-be26-b31d4e00b1e8	10	4943852	37054229	22459	0.0335
24b8fdc6-d6bc-45ac-be26-b31d4e00b1e8	10	37054963	37058835	4	-1.4467
24b8fdc6-d6bc-45ac-be26-b31d4e00b1e8	10	37061155	49240517	3845	0.0169
24b8fdc6-d6bc-45ac-be26-b31d4e00b1e8	10	49242389	66289254	10259	0.05
24b8fdc6-d6bc-45ac-be26-b31d4e00b1e8	10	66289713	66789964	2	1.6083
24b8fdc6-d6bc-45ac-be26-b31d4e00b1e8	10	66791662	71414005	2788	0.0305
24b8fdc6-d6bc-45ac-be26-b31d4e00b1e8	10	71416521	71420353	5	-1.0045
24b8fdc6-d6bc-45ac-be26-b31d4e00b1e8	10	71423093	79043189	4747	0.0138
24b8fdc6-d6bc-45ac-be26-b31d4e00b1e8	10	79043242	117795551	24142	0.0431
24b8fdc6-d6bc-45ac-be26-b31d4e00b1e8	10	117802247	117804691	2	-1.4875
24b8fdc6-d6bc-45ac-be26-b31d4e00b1e8	10	117806027	122792547	3758	0.0313
24b8fdc6-d6bc-45ac-be26-b31d4e00b1e8	10	122793040	133411599	6248	0.0142
24b8fdc6-d6bc-45ac-be26-b31d4e00b1e8	11	456012	36869209	23665	0.0328
24b8fdc6-d6bc-45ac-be26-b31d4e00b1e8	11	36870521	36870602	2	-1.7211
24b8fdc6-d6bc-45ac-be26-b31d4e00b1e8	11	36872397	79741717	18562	0.0229
24b8fdc6-d6bc-45ac-be26-b31d4e00b1e8	11	79742010	110461617	18793	0.0488
24b8fdc6-d6bc-45ac-be26-b31d4e00b1e8	11	110465458	134272740	16547	0.0148
24b8fdc6-d6bc-45ac-be26-b31d4e00b1e8	12	780472	9883414	4960	0.0142
24b8fdc6-d6bc-45ac-be26-b31d4e00b1e8	12	9884505	91127833	45059	0.0499
24b8fdc6-d6bc-45ac-be26-b31d4e00b1e8	12	91128269	95812110	3202	0.0062
24b8fdc6-d6bc-45ac-be26-b31d4e00b1e8	12	95812567	103010968	4527	0.0483
24b8fdc6-d6bc-45ac-be26-b31d4e00b1e8	12	103023609	103023698	2	-1.6802
24b8fdc6-d6bc-45ac-be26-b31d4e00b1e8	12	103026806	132605822	16594	0.0261
24b8fdc6-d6bc-45ac-be26-b31d4e00b1e8	13	18874255	47180222	17984	0.0245
24b8fdc6-d6bc-45ac-be26-b31d4e00b1e8	13	47184101	113237283	38711	0.0514
24b8fdc6-d6bc-45ac-be26-b31d4e00b1e8	13	113240478	114226675	295	0.0114
24b8fdc6-d6bc-45ac-be26-b31d4e00b1e8	14	20033191	92968872	42351	0.4752
24b8fdc6-d6bc-45ac-be26-b31d4e00b1e8	14	92969119	103647145	6907	0.4424
24b8fdc6-d6bc-45ac-be26-b31d4e00b1e8	14	103651877	105533894	546	0.4988
24b8fdc6-d6bc-45ac-be26-b31d4e00b1e8	15	23437561	34135862	4570	0.014
24b8fdc6-d6bc-45ac-be26-b31d4e00b1e8	15	34138378	58301798	14298	0.0408
24b8fdc6-d6bc-45ac-be26-b31d4e00b1e8	15	58302702	70741674	8234	0.011
24b8fdc6-d6bc-45ac-be26-b31d4e00b1e8	15	70741805	70741906	3	1.5634
24b8fdc6-d6bc-45ac-be26-b31d4e00b1e8	15	70741930	101344124	17674	0.0168
24b8fdc6-d6bc-45ac-be26-b31d4e00b1e8	16	603333	89317317	41205	0.0176
24b8fdc6-d6bc-45ac-be26-b31d4e00b1e8	17	1074619	70812533	31512	0.0223
24b8fdc6-d6bc-45ac-be26-b31d4e00b1e8	17	70812829	70826038	10	-0.8729
24b8fdc6-d6bc-45ac-be26-b31d4e00b1e8	17	70829343	82959812	5753	0.0114
24b8fdc6-d6bc-45ac-be26-b31d4e00b1e8	18	326691	32397782	15074	0.0401
24b8fdc6-d6bc-45ac-be26-b31d4e00b1e8	18	32401062	32401065	3	-1.6789
24b8fdc6-d6bc-45ac-be26-b31d4e00b1e8	18	32402540	43664868	6758	0.0471
24b8fdc6-d6bc-45ac-be26-b31d4e00b1e8	18	43664946	43665808	3	-1.4362
24b8fdc6-d6bc-45ac-be26-b31d4e00b1e8	18	43667287	79349796	21136	0.0424
24b8fdc6-d6bc-45ac-be26-b31d4e00b1e8	19	283868	58370362	24151	0.0164
24b8fdc6-d6bc-45ac-be26-b31d4e00b1e8	20	472817	63588502	37572	0.4802
24b8fdc6-d6bc-45ac-be26-b31d4e00b1e8	21	13974127	32306951	11774	0.0406
24b8fdc6-d6bc-45ac-be26-b31d4e00b1e8	21	32308890	46262057	8825	-0.0063
24b8fdc6-d6bc-45ac-be26-b31d4e00b1e8	22	16934932	26110918	2223	0.0275
24b8fdc6-d6bc-45ac-be26-b31d4e00b1e8	22	26117076	27644929	1520	-0.8075
24b8fdc6-d6bc-45ac-be26-b31d4e00b1e8	22	27645916	42843819	8798	-0.7387
24b8fdc6-d6bc-45ac-be26-b31d4e00b1e8	22	42844800	44719699	1392	-0.8058
24b8fdc6-d6bc-45ac-be26-b31d4e00b1e8	22	44720323	44721554	2	-4.284
24b8fdc6-d6bc-45ac-be26-b31d4e00b1e8	22	44721714	48264673	2489	-0.7948
24b8fdc6-d6bc-45ac-be26-b31d4e00b1e8	22	48264718	48269749	4	-2.5815
24b8fdc6-d6bc-45ac-be26-b31d4e00b1e8	22	48271349	48935200	524	-0.8527
24b8fdc6-d6bc-45ac-be26-b31d4e00b1e8	X	3236359	155677414	63976	0.0007
