GDC_Aliquot	Chromosome	Start	End	Num_Probes	Segment_Mean
308919de-3238-4f7a-a68c-97bcae3252a9	1	3301765	8816333	3430	0.1872
308919de-3238-4f7a-a68c-97bcae3252a9	1	8820214	8842277	25	-0.2909
308919de-3238-4f7a-a68c-97bcae3252a9	1	8843872	9812557	424	0.194
308919de-3238-4f7a-a68c-97bcae3252a9	1	9813596	10101312	109	0.5352
308919de-3238-4f7a-a68c-97bcae3252a9	1	10104395	10730406	322	0.8781
308919de-3238-4f7a-a68c-97bcae3252a9	1	10730479	20556030	5483	0.6013
308919de-3238-4f7a-a68c-97bcae3252a9	1	20560274	32199265	5705	0.1841
308919de-3238-4f7a-a68c-97bcae3252a9	1	32209086	32587262	131	0.5288
308919de-3238-4f7a-a68c-97bcae3252a9	1	32589061	40057339	4095	0.1898
308919de-3238-4f7a-a68c-97bcae3252a9	1	40057485	40694609	301	0.553
308919de-3238-4f7a-a68c-97bcae3252a9	1	40699407	51000114	5494	0.1961
308919de-3238-4f7a-a68c-97bcae3252a9	1	51002830	51732955	286	0.5859
308919de-3238-4f7a-a68c-97bcae3252a9	1	51734132	59398539	5388	0.2004
308919de-3238-4f7a-a68c-97bcae3252a9	1	59402814	59811530	214	0.5762
308919de-3238-4f7a-a68c-97bcae3252a9	1	59813868	69025477	6460	0.1995
308919de-3238-4f7a-a68c-97bcae3252a9	1	69028556	77081057	4503	0.1675
308919de-3238-4f7a-a68c-97bcae3252a9	1	77081094	77677581	354	0.2139
308919de-3238-4f7a-a68c-97bcae3252a9	1	77683980	77711189	11	-0.4476
308919de-3238-4f7a-a68c-97bcae3252a9	1	77717875	164548100	33752	0.184
308919de-3238-4f7a-a68c-97bcae3252a9	1	164554315	164614336	33	0.5406
308919de-3238-4f7a-a68c-97bcae3252a9	1	164614384	172308387	5699	0.1787
308919de-3238-4f7a-a68c-97bcae3252a9	1	172309657	172603420	213	0.5965
308919de-3238-4f7a-a68c-97bcae3252a9	1	172608537	178331891	3144	0.1863
308919de-3238-4f7a-a68c-97bcae3252a9	1	178334080	178404982	31	0.4714
308919de-3238-4f7a-a68c-97bcae3252a9	1	178406755	185104795	4484	0.1837
308919de-3238-4f7a-a68c-97bcae3252a9	1	185105527	195834287	6410	0.1499
308919de-3238-4f7a-a68c-97bcae3252a9	1	195838084	199517915	2042	0.1798
308919de-3238-4f7a-a68c-97bcae3252a9	1	199524498	199577059	27	-0.2255
308919de-3238-4f7a-a68c-97bcae3252a9	1	199577780	211255441	7815	0.1806
308919de-3238-4f7a-a68c-97bcae3252a9	1	211262701	211332403	31	0.4876
308919de-3238-4f7a-a68c-97bcae3252a9	1	211339433	216177900	3192	0.1678
308919de-3238-4f7a-a68c-97bcae3252a9	1	216181962	216182621	3	-0.821
308919de-3238-4f7a-a68c-97bcae3252a9	1	216184354	231093762	9389	0.1681
308919de-3238-4f7a-a68c-97bcae3252a9	1	231096405	234719032	2606	-0.4738
308919de-3238-4f7a-a68c-97bcae3252a9	1	234720480	238846187	2977	0.1669
308919de-3238-4f7a-a68c-97bcae3252a9	1	238847963	238848690	3	-1.0067
308919de-3238-4f7a-a68c-97bcae3252a9	1	238849135	247650984	5154	0.1579
308919de-3238-4f7a-a68c-97bcae3252a9	2	480597	9683070	5689	0.5446
308919de-3238-4f7a-a68c-97bcae3252a9	2	9687700	10020702	224	0.8822
308919de-3238-4f7a-a68c-97bcae3252a9	2	10023201	40155585	17789	0.5573
308919de-3238-4f7a-a68c-97bcae3252a9	2	40156397	41047748	617	0.4939
308919de-3238-4f7a-a68c-97bcae3252a9	2	41048432	41140264	37	0.5692
308919de-3238-4f7a-a68c-97bcae3252a9	2	41140380	41143238	2	1.5609
308919de-3238-4f7a-a68c-97bcae3252a9	2	41145494	41821944	373	0.5666
308919de-3238-4f7a-a68c-97bcae3252a9	2	41822081	41870356	67	0.8289
308919de-3238-4f7a-a68c-97bcae3252a9	2	41870548	43060491	771	0.5775
308919de-3238-4f7a-a68c-97bcae3252a9	2	43061672	43160924	78	0.8533
308919de-3238-4f7a-a68c-97bcae3252a9	2	43164203	49450712	4012	0.5648
308919de-3238-4f7a-a68c-97bcae3252a9	2	49457726	73306492	13492	0.1447
308919de-3238-4f7a-a68c-97bcae3252a9	2	73312475	73312699	2	-1.1205
308919de-3238-4f7a-a68c-97bcae3252a9	2	73314705	78068153	2698	0.1479
308919de-3238-4f7a-a68c-97bcae3252a9	2	78068888	78069019	2	-0.8339
308919de-3238-4f7a-a68c-97bcae3252a9	2	78073872	78734563	299	0.1564
308919de-3238-4f7a-a68c-97bcae3252a9	2	78739032	78750043	7	0.5405
308919de-3238-4f7a-a68c-97bcae3252a9	2	78752523	79492817	31	0.0753
308919de-3238-4f7a-a68c-97bcae3252a9	2	79495158	79508210	9	-0.5567
308919de-3238-4f7a-a68c-97bcae3252a9	2	79508906	79574999	47	0.1012
308919de-3238-4f7a-a68c-97bcae3252a9	2	79578331	80441755	718	0.5567
308919de-3238-4f7a-a68c-97bcae3252a9	2	80441983	98923421	5182	0.1361
308919de-3238-4f7a-a68c-97bcae3252a9	2	98947965	99006974	28	0.6093
308919de-3238-4f7a-a68c-97bcae3252a9	2	99008695	101775383	1662	0.1561
308919de-3238-4f7a-a68c-97bcae3252a9	2	101780501	101804717	15	-0.3972
308919de-3238-4f7a-a68c-97bcae3252a9	2	101805516	112852415	5840	0.1476
308919de-3238-4f7a-a68c-97bcae3252a9	2	112855011	114112591	696	0.5803
308919de-3238-4f7a-a68c-97bcae3252a9	2	114115438	123620008	5229	0.1472
308919de-3238-4f7a-a68c-97bcae3252a9	2	123624134	146970646	11798	0.13
308919de-3238-4f7a-a68c-97bcae3252a9	2	146978747	160447295	7938	0.1495
308919de-3238-4f7a-a68c-97bcae3252a9	2	160455061	160460949	6	0.806
308919de-3238-4f7a-a68c-97bcae3252a9	2	160461054	182352201	13338	0.1588
308919de-3238-4f7a-a68c-97bcae3252a9	2	182352863	183098505	435	0.5573
308919de-3238-4f7a-a68c-97bcae3252a9	2	183101346	197839340	6714	0.155
308919de-3238-4f7a-a68c-97bcae3252a9	2	197840293	198053867	117	-0.4841
308919de-3238-4f7a-a68c-97bcae3252a9	2	198056477	209995002	6971	0.1532
308919de-3238-4f7a-a68c-97bcae3252a9	2	209995832	210178627	72	-0.5389
308919de-3238-4f7a-a68c-97bcae3252a9	2	210180758	237170288	16734	0.1485
308919de-3238-4f7a-a68c-97bcae3252a9	2	237177850	238290362	685	0.5742
308919de-3238-4f7a-a68c-97bcae3252a9	2	238293466	241537572	1754	0.1337
308919de-3238-4f7a-a68c-97bcae3252a9	3	2170634	9730156	4417	-0.4853
308919de-3238-4f7a-a68c-97bcae3252a9	3	9733306	9768911	15	0.097
308919de-3238-4f7a-a68c-97bcae3252a9	3	9772942	17377255	4963	-0.4647
308919de-3238-4f7a-a68c-97bcae3252a9	3	17377499	28720567	6263	-0.437
308919de-3238-4f7a-a68c-97bcae3252a9	3	28730820	28732167	4	-1.5475
308919de-3238-4f7a-a68c-97bcae3252a9	3	28732815	31220281	1754	-0.4383
308919de-3238-4f7a-a68c-97bcae3252a9	3	31220847	31702358	315	-0.4926
308919de-3238-4f7a-a68c-97bcae3252a9	3	31704416	32566993	580	0.207
308919de-3238-4f7a-a68c-97bcae3252a9	3	32569629	33201894	323	-0.4176
308919de-3238-4f7a-a68c-97bcae3252a9	3	33203032	38887779	3434	0.203
308919de-3238-4f7a-a68c-97bcae3252a9	3	38887934	38897079	5	-0.4044
308919de-3238-4f7a-a68c-97bcae3252a9	3	38897160	39332846	276	0.2112
308919de-3238-4f7a-a68c-97bcae3252a9	3	39335478	39551151	176	0.2971
308919de-3238-4f7a-a68c-97bcae3252a9	3	39552351	41260158	1162	0.1977
308919de-3238-4f7a-a68c-97bcae3252a9	3	41261596	41269896	10	-0.4897
308919de-3238-4f7a-a68c-97bcae3252a9	3	41269918	41872696	247	0.1929
308919de-3238-4f7a-a68c-97bcae3252a9	3	42174077	43345368	755	-0.4528
308919de-3238-4f7a-a68c-97bcae3252a9	3	43345731	43346442	2	-3.3574
308919de-3238-4f7a-a68c-97bcae3252a9	3	43350454	56307486	6865	-0.448
308919de-3238-4f7a-a68c-97bcae3252a9	3	56308894	56309516	3	-1.7175
308919de-3238-4f7a-a68c-97bcae3252a9	3	56311036	59071905	1485	-0.4538
308919de-3238-4f7a-a68c-97bcae3252a9	3	59081241	73744339	9817	0.2134
308919de-3238-4f7a-a68c-97bcae3252a9	3	73744561	73744781	2	-0.9921
308919de-3238-4f7a-a68c-97bcae3252a9	3	73746827	76868450	1520	0.1906
308919de-3238-4f7a-a68c-97bcae3252a9	3	76869040	84649683	4081	-0.4497
308919de-3238-4f7a-a68c-97bcae3252a9	3	84668772	112745330	12941	0.1739
308919de-3238-4f7a-a68c-97bcae3252a9	3	112745711	113566576	523	0.616
308919de-3238-4f7a-a68c-97bcae3252a9	3	113567210	134180657	12143	0.1448
308919de-3238-4f7a-a68c-97bcae3252a9	3	134185296	134201109	10	0.7404
308919de-3238-4f7a-a68c-97bcae3252a9	3	134201372	134830033	358	0.586
308919de-3238-4f7a-a68c-97bcae3252a9	3	134831585	134832871	4	1.1681
308919de-3238-4f7a-a68c-97bcae3252a9	3	134835172	136413440	909	0.5595
308919de-3238-4f7a-a68c-97bcae3252a9	3	136413863	136413881	2	-0.6041
308919de-3238-4f7a-a68c-97bcae3252a9	3	136423577	143925080	3953	0.5606
308919de-3238-4f7a-a68c-97bcae3252a9	3	143931148	148646439	2114	0.8457
308919de-3238-4f7a-a68c-97bcae3252a9	3	148646960	149569597	637	1.0937
308919de-3238-4f7a-a68c-97bcae3252a9	3	149570248	150930434	721	0.8853
308919de-3238-4f7a-a68c-97bcae3252a9	3	150931210	155336756	2530	0.8334
308919de-3238-4f7a-a68c-97bcae3252a9	3	155337738	158613262	1786	0.8776
308919de-3238-4f7a-a68c-97bcae3252a9	3	158619976	158621752	2	-0.7483
308919de-3238-4f7a-a68c-97bcae3252a9	3	158623833	163073251	2254	0.8591
308919de-3238-4f7a-a68c-97bcae3252a9	3	163073511	165795786	1219	0.812
308919de-3238-4f7a-a68c-97bcae3252a9	3	166162696	179210303	6744	0.8653
308919de-3238-4f7a-a68c-97bcae3252a9	3	179210318	179264994	96	0.6563
308919de-3238-4f7a-a68c-97bcae3252a9	3	179265031	180537339	730	0.8513
308919de-3238-4f7a-a68c-97bcae3252a9	3	180544576	180548377	5	0.1966
308919de-3238-4f7a-a68c-97bcae3252a9	3	180550573	180592506	12	0.7745
308919de-3238-4f7a-a68c-97bcae3252a9	3	180594386	180937677	144	1.2882
308919de-3238-4f7a-a68c-97bcae3252a9	3	180940315	193757768	7402	0.8645
308919de-3238-4f7a-a68c-97bcae3252a9	3	193759764	193902208	87	1.0813
308919de-3238-4f7a-a68c-97bcae3252a9	3	193902572	194347325	277	1.2784
308919de-3238-4f7a-a68c-97bcae3252a9	3	194349484	194426381	61	1.146
308919de-3238-4f7a-a68c-97bcae3252a9	3	194434629	197333888	864	0.8564
308919de-3238-4f7a-a68c-97bcae3252a9	3	197337654	197812401	103	1.0608
308919de-3238-4f7a-a68c-97bcae3252a9	4	1059384	1243052	105	0.8813
308919de-3238-4f7a-a68c-97bcae3252a9	4	1243226	5873024	2354	0.5714
308919de-3238-4f7a-a68c-97bcae3252a9	4	5873165	9914226	2024	0.6062
308919de-3238-4f7a-a68c-97bcae3252a9	4	9914556	10491990	483	0.5214
308919de-3238-4f7a-a68c-97bcae3252a9	4	10493448	11265729	650	0.5956
308919de-3238-4f7a-a68c-97bcae3252a9	4	11266004	11732104	437	0.5202
308919de-3238-4f7a-a68c-97bcae3252a9	4	11732168	13196730	998	0.846
308919de-3238-4f7a-a68c-97bcae3252a9	4	13197666	15668998	1797	0.5517
308919de-3238-4f7a-a68c-97bcae3252a9	4	15669940	15725049	40	1.0883
308919de-3238-4f7a-a68c-97bcae3252a9	4	15728160	18087878	1700	0.5832
308919de-3238-4f7a-a68c-97bcae3252a9	4	18095990	41190562	14239	0.1715
308919de-3238-4f7a-a68c-97bcae3252a9	4	41190906	41320381	81	0.6115
308919de-3238-4f7a-a68c-97bcae3252a9	4	41320872	75660214	16635	0.1755
308919de-3238-4f7a-a68c-97bcae3252a9	4	75668811	75870182	103	-0.4442
308919de-3238-4f7a-a68c-97bcae3252a9	4	75876653	79267303	2212	0.1985
308919de-3238-4f7a-a68c-97bcae3252a9	4	79267951	83368384	2357	-0.4574
308919de-3238-4f7a-a68c-97bcae3252a9	4	83372270	83485472	66	0.5494
308919de-3238-4f7a-a68c-97bcae3252a9	4	83497389	86330769	1783	0.1955
308919de-3238-4f7a-a68c-97bcae3252a9	4	86331106	86331908	4	-0.4803
308919de-3238-4f7a-a68c-97bcae3252a9	4	86332893	87596516	677	0.2007
308919de-3238-4f7a-a68c-97bcae3252a9	4	87601776	87652562	29	0.5739
308919de-3238-4f7a-a68c-97bcae3252a9	4	87656648	90296180	1613	0.182
308919de-3238-4f7a-a68c-97bcae3252a9	4	90300302	90390139	58	-0.4349
308919de-3238-4f7a-a68c-97bcae3252a9	4	90390922	97678547	3942	0.1859
308919de-3238-4f7a-a68c-97bcae3252a9	4	97685581	149792914	28567	-0.4353
308919de-3238-4f7a-a68c-97bcae3252a9	4	149793702	150239086	251	0.1936
308919de-3238-4f7a-a68c-97bcae3252a9	4	150240190	171733803	12114	-0.4473
308919de-3238-4f7a-a68c-97bcae3252a9	4	171734851	171735285	2	-2.2653
308919de-3238-4f7a-a68c-97bcae3252a9	4	171736499	187842528	8081	-0.471
308919de-3238-4f7a-a68c-97bcae3252a9	5	913983	1426065	121	0.1716
308919de-3238-4f7a-a68c-97bcae3252a9	5	1427688	6895621	4218	0.1167
308919de-3238-4f7a-a68c-97bcae3252a9	5	6895924	21609432	8405	0.1477
308919de-3238-4f7a-a68c-97bcae3252a9	5	21611343	21611645	2	1.4428
308919de-3238-4f7a-a68c-97bcae3252a9	5	21612050	23560257	1079	0.1543
308919de-3238-4f7a-a68c-97bcae3252a9	5	23564779	23565113	2	1.155
308919de-3238-4f7a-a68c-97bcae3252a9	5	23566494	31215663	4251	0.1372
308919de-3238-4f7a-a68c-97bcae3252a9	5	31216014	39718043	5106	0.1727
308919de-3238-4f7a-a68c-97bcae3252a9	5	39718851	41946427	1352	0.1419
308919de-3238-4f7a-a68c-97bcae3252a9	5	41950807	50944285	1648	-0.4484
308919de-3238-4f7a-a68c-97bcae3252a9	5	50944465	51282258	193	0.1533
308919de-3238-4f7a-a68c-97bcae3252a9	5	51287255	51754288	218	0.5565
308919de-3238-4f7a-a68c-97bcae3252a9	5	51755332	54237815	1569	-0.4631
308919de-3238-4f7a-a68c-97bcae3252a9	5	54240463	54807541	446	0.5776
308919de-3238-4f7a-a68c-97bcae3252a9	5	54811899	74387314	10664	-0.4609
308919de-3238-4f7a-a68c-97bcae3252a9	5	74387431	74387542	2	-2.4442
308919de-3238-4f7a-a68c-97bcae3252a9	5	74389278	90863264	9117	-0.4721
308919de-3238-4f7a-a68c-97bcae3252a9	5	90872194	90980481	72	-1.8429
308919de-3238-4f7a-a68c-97bcae3252a9	5	90981453	137633701	26077	-0.4666
308919de-3238-4f7a-a68c-97bcae3252a9	5	137635412	138090665	208	0.1611
308919de-3238-4f7a-a68c-97bcae3252a9	5	138096198	138150737	18	-0.3665
308919de-3238-4f7a-a68c-97bcae3252a9	5	138152758	139176371	475	0.5376
308919de-3238-4f7a-a68c-97bcae3252a9	5	139178046	141282638	834	-0.4727
308919de-3238-4f7a-a68c-97bcae3252a9	5	141288810	142037722	417	0.1818
308919de-3238-4f7a-a68c-97bcae3252a9	5	142045122	146618563	2973	-0.4717
308919de-3238-4f7a-a68c-97bcae3252a9	5	146621343	146640113	13	0.6525
308919de-3238-4f7a-a68c-97bcae3252a9	5	146644972	159621452	8617	0.1515
308919de-3238-4f7a-a68c-97bcae3252a9	5	159628387	160616047	680	0.5556
308919de-3238-4f7a-a68c-97bcae3252a9	5	160616064	167271597	4121	0.511
308919de-3238-4f7a-a68c-97bcae3252a9	5	167272350	177622759	6576	0.542
308919de-3238-4f7a-a68c-97bcae3252a9	5	177626375	178650474	351	0.1129
308919de-3238-4f7a-a68c-97bcae3252a9	5	178650655	178652961	2	0.9927
308919de-3238-4f7a-a68c-97bcae3252a9	5	178653370	180934240	1186	0.1214
308919de-3238-4f7a-a68c-97bcae3252a9	6	1011760	2311682	966	0.5847
308919de-3238-4f7a-a68c-97bcae3252a9	6	2316574	2375914	39	1.0997
308919de-3238-4f7a-a68c-97bcae3252a9	6	2376437	3348582	768	0.5808
308919de-3238-4f7a-a68c-97bcae3252a9	6	3350467	11960890	6082	0.1838
308919de-3238-4f7a-a68c-97bcae3252a9	6	11961332	12800592	647	0.5789
308919de-3238-4f7a-a68c-97bcae3252a9	6	12800965	34539962	11769	0.1784
308919de-3238-4f7a-a68c-97bcae3252a9	6	34540177	34985133	152	0.5782
308919de-3238-4f7a-a68c-97bcae3252a9	6	34992869	42547634	4980	0.1808
308919de-3238-4f7a-a68c-97bcae3252a9	6	42558884	43070853	243	0.5794
308919de-3238-4f7a-a68c-97bcae3252a9	6	43070968	43071189	4	-0.0242
308919de-3238-4f7a-a68c-97bcae3252a9	6	43071350	43572464	243	0.5973
308919de-3238-4f7a-a68c-97bcae3252a9	6	43573189	47728568	2512	0.1987
308919de-3238-4f7a-a68c-97bcae3252a9	6	47728872	69962236	10237	0.1579
308919de-3238-4f7a-a68c-97bcae3252a9	6	69963010	118227934	27304	0.1772
308919de-3238-4f7a-a68c-97bcae3252a9	6	118816495	118970589	59	0.4768
308919de-3238-4f7a-a68c-97bcae3252a9	6	118971187	119853090	520	0.5844
308919de-3238-4f7a-a68c-97bcae3252a9	6	119853349	120023140	104	0.4594
308919de-3238-4f7a-a68c-97bcae3252a9	6	120024289	124496551	2513	0.1854
308919de-3238-4f7a-a68c-97bcae3252a9	6	124496787	124496931	2	-1.1096
308919de-3238-4f7a-a68c-97bcae3252a9	6	124504229	125326865	567	0.1894
308919de-3238-4f7a-a68c-97bcae3252a9	6	125330932	170596889	27383	-0.4611
308919de-3238-4f7a-a68c-97bcae3252a9	7	664936	5709591	1968	-0.496
308919de-3238-4f7a-a68c-97bcae3252a9	7	5999270	6005690	6	-1.8496
308919de-3238-4f7a-a68c-97bcae3252a9	7	6012479	13452655	3900	-0.4415
308919de-3238-4f7a-a68c-97bcae3252a9	7	13453260	35605497	14063	0.1959
308919de-3238-4f7a-a68c-97bcae3252a9	7	35607853	36445671	579	0.5666
308919de-3238-4f7a-a68c-97bcae3252a9	7	36446993	39818779	2351	0.1461
308919de-3238-4f7a-a68c-97bcae3252a9	7	39819206	39958887	59	0.5722
308919de-3238-4f7a-a68c-97bcae3252a9	7	39966596	71532293	14139	0.1576
308919de-3238-4f7a-a68c-97bcae3252a9	7	71532737	72523346	580	0.5781
308919de-3238-4f7a-a68c-97bcae3252a9	7	72853922	82201108	4252	0.1663
308919de-3238-4f7a-a68c-97bcae3252a9	7	82201147	85373396	1881	0.2007
308919de-3238-4f7a-a68c-97bcae3252a9	7	85373516	122211905	18556	0.1663
308919de-3238-4f7a-a68c-97bcae3252a9	7	122212754	122495269	154	0.586
308919de-3238-4f7a-a68c-97bcae3252a9	7	122496944	123308751	478	0.1524
308919de-3238-4f7a-a68c-97bcae3252a9	7	123309953	123926362	329	0.5395
308919de-3238-4f7a-a68c-97bcae3252a9	7	123930080	127987388	2261	0.1532
308919de-3238-4f7a-a68c-97bcae3252a9	7	127991955	128085379	43	0.6032
308919de-3238-4f7a-a68c-97bcae3252a9	7	128091566	135338530	4085	0.1763
308919de-3238-4f7a-a68c-97bcae3252a9	7	135340385	158592540	12200	-0.4474
308919de-3238-4f7a-a68c-97bcae3252a9	8	667625	41562100	24170	-0.4536
308919de-3238-4f7a-a68c-97bcae3252a9	8	41568954	43080575	873	0.1608
308919de-3238-4f7a-a68c-97bcae3252a9	8	46547532	51320716	2304	0.5488
308919de-3238-4f7a-a68c-97bcae3252a9	8	51325536	55021790	2226	0.8581
308919de-3238-4f7a-a68c-97bcae3252a9	8	55021835	77327349	13354	0.5874
308919de-3238-4f7a-a68c-97bcae3252a9	8	77330089	79458286	1100	0.8815
308919de-3238-4f7a-a68c-97bcae3252a9	8	79458713	84896823	2962	0.5741
308919de-3238-4f7a-a68c-97bcae3252a9	8	84900709	85127671	86	0.142
308919de-3238-4f7a-a68c-97bcae3252a9	8	85128081	85128353	2	1.3921
308919de-3238-4f7a-a68c-97bcae3252a9	8	85133155	85849514	287	0.1068
308919de-3238-4f7a-a68c-97bcae3252a9	8	85851135	87145328	648	0.1783
308919de-3238-4f7a-a68c-97bcae3252a9	8	87148212	87239765	41	0.07
308919de-3238-4f7a-a68c-97bcae3252a9	8	87241683	87255034	3	-1.5973
308919de-3238-4f7a-a68c-97bcae3252a9	8	87255177	119284250	18391	0.1664
308919de-3238-4f7a-a68c-97bcae3252a9	8	119284309	128082343	5913	0.5666
308919de-3238-4f7a-a68c-97bcae3252a9	8	128082594	128222134	156	0.7881
308919de-3238-4f7a-a68c-97bcae3252a9	8	128229364	128855292	383	0.5716
308919de-3238-4f7a-a68c-97bcae3252a9	8	128861292	133071168	2959	0.1645
308919de-3238-4f7a-a68c-97bcae3252a9	8	133071594	133071788	2	-1.0958
308919de-3238-4f7a-a68c-97bcae3252a9	8	133071922	134207417	1024	0.1553
308919de-3238-4f7a-a68c-97bcae3252a9	8	134207860	134212981	6	-0.7084
308919de-3238-4f7a-a68c-97bcae3252a9	8	134217726	143610163	5157	0.1633
308919de-3238-4f7a-a68c-97bcae3252a9	8	143647469	144182542	118	0.5431
308919de-3238-4f7a-a68c-97bcae3252a9	9	789794	3631335	1954	-0.5059
308919de-3238-4f7a-a68c-97bcae3252a9	9	3726443	4086553	399	0.1687
308919de-3238-4f7a-a68c-97bcae3252a9	9	4087775	138044505	65989	-0.429
308919de-3238-4f7a-a68c-97bcae3252a9	10	366509	6498127	4105	0.1759
308919de-3238-4f7a-a68c-97bcae3252a9	10	6498278	7000308	320	0.1465
308919de-3238-4f7a-a68c-97bcae3252a9	10	7000708	7000890	4	0.8784
308919de-3238-4f7a-a68c-97bcae3252a9	10	7003822	11483446	3545	0.1529
308919de-3238-4f7a-a68c-97bcae3252a9	10	11487656	17628115	4698	0.1909
308919de-3238-4f7a-a68c-97bcae3252a9	10	17636143	18340674	395	0.5919
308919de-3238-4f7a-a68c-97bcae3252a9	10	18341955	19321166	701	0.1384
308919de-3238-4f7a-a68c-97bcae3252a9	10	19322066	19327662	3	-0.7558
308919de-3238-4f7a-a68c-97bcae3252a9	10	19328832	20291128	785	0.1407
308919de-3238-4f7a-a68c-97bcae3252a9	10	20291196	37285183	11030	0.1786
308919de-3238-4f7a-a68c-97bcae3252a9	10	37290111	38770921	668	0.1285
308919de-3238-4f7a-a68c-97bcae3252a9	10	42450960	62055155	10615	-0.4405
308919de-3238-4f7a-a68c-97bcae3252a9	10	62057657	62119962	51	0.2308
308919de-3238-4f7a-a68c-97bcae3252a9	10	62124334	68083354	3231	-0.4352
308919de-3238-4f7a-a68c-97bcae3252a9	10	68086969	68087039	2	-2.7909
308919de-3238-4f7a-a68c-97bcae3252a9	10	68092746	68292198	145	-0.495
308919de-3238-4f7a-a68c-97bcae3252a9	10	68293761	68419369	48	-0.322
308919de-3238-4f7a-a68c-97bcae3252a9	10	68419922	68423479	5	0.33
308919de-3238-4f7a-a68c-97bcae3252a9	10	68428369	69051798	328	-0.3786
308919de-3238-4f7a-a68c-97bcae3252a9	10	69053482	71621147	1856	-0.4731
308919de-3238-4f7a-a68c-97bcae3252a9	10	71621740	71622169	2	-3.3013
308919de-3238-4f7a-a68c-97bcae3252a9	10	71622205	75398264	1732	-0.4119
308919de-3238-4f7a-a68c-97bcae3252a9	10	75400625	75415176	7	-1.2171
308919de-3238-4f7a-a68c-97bcae3252a9	10	75416236	75784204	233	-2.0957
308919de-3238-4f7a-a68c-97bcae3252a9	10	75785528	77432428	1297	-0.4335
308919de-3238-4f7a-a68c-97bcae3252a9	10	77434567	77434685	2	-1.9185
308919de-3238-4f7a-a68c-97bcae3252a9	10	77435934	83155799	3656	-0.4602
308919de-3238-4f7a-a68c-97bcae3252a9	10	83157741	83159286	4	-3.0887
308919de-3238-4f7a-a68c-97bcae3252a9	10	83162070	99279177	9950	-0.4315
308919de-3238-4f7a-a68c-97bcae3252a9	10	99279876	100557207	738	0.1897
308919de-3238-4f7a-a68c-97bcae3252a9	10	100558547	100558952	3	-1.1372
308919de-3238-4f7a-a68c-97bcae3252a9	10	100560161	102042651	734	0.1966
308919de-3238-4f7a-a68c-97bcae3252a9	10	102048060	102696968	256	0.8435
308919de-3238-4f7a-a68c-97bcae3252a9	10	102702605	122423575	13564	0.1874
308919de-3238-4f7a-a68c-97bcae3252a9	10	122430605	132041808	6076	0.5925
308919de-3238-4f7a-a68c-97bcae3252a9	10	132041823	132044836	7	-0.0323
308919de-3238-4f7a-a68c-97bcae3252a9	10	132044862	133411599	398	0.596
308919de-3238-4f7a-a68c-97bcae3252a9	11	456012	3228599	934	0.1657
308919de-3238-4f7a-a68c-97bcae3252a9	11	3234828	25964556	15488	-0.4404
308919de-3238-4f7a-a68c-97bcae3252a9	11	25968554	34489499	5372	0.1911
308919de-3238-4f7a-a68c-97bcae3252a9	11	34489568	34501318	16	0.654
308919de-3238-4f7a-a68c-97bcae3252a9	11	34503866	34508626	22	0.3546
308919de-3238-4f7a-a68c-97bcae3252a9	11	34508631	34895238	226	0.5858
308919de-3238-4f7a-a68c-97bcae3252a9	11	34896797	45265890	6683	0.1917
308919de-3238-4f7a-a68c-97bcae3252a9	11	45270491	46426112	622	0.6142
308919de-3238-4f7a-a68c-97bcae3252a9	11	46428103	74509643	9653	0.1803
308919de-3238-4f7a-a68c-97bcae3252a9	11	74514486	75773805	747	0.5781
308919de-3238-4f7a-a68c-97bcae3252a9	11	75778424	83962016	5124	0.1751
308919de-3238-4f7a-a68c-97bcae3252a9	11	83962441	93049920	5356	0.5657
308919de-3238-4f7a-a68c-97bcae3252a9	11	93050173	96854321	2374	0.6083
308919de-3238-4f7a-a68c-97bcae3252a9	11	96854721	103385693	4390	0.5645
308919de-3238-4f7a-a68c-97bcae3252a9	11	103395304	109276225	3275	0.163
308919de-3238-4f7a-a68c-97bcae3252a9	11	109285231	110623237	815	0.5576
308919de-3238-4f7a-a68c-97bcae3252a9	11	110623903	110624150	2	1.6314
308919de-3238-4f7a-a68c-97bcae3252a9	11	110630891	113270962	1787	0.5699
308919de-3238-4f7a-a68c-97bcae3252a9	11	113276761	115987084	1947	0.2087
308919de-3238-4f7a-a68c-97bcae3252a9	11	115989969	116093430	71	0.5887
308919de-3238-4f7a-a68c-97bcae3252a9	11	116097836	121035062	3471	0.1911
308919de-3238-4f7a-a68c-97bcae3252a9	11	121040014	122007397	695	0.8864
308919de-3238-4f7a-a68c-97bcae3252a9	11	122020037	124684554	1971	0.2207
308919de-3238-4f7a-a68c-97bcae3252a9	11	124689108	132526850	5699	0.6033
308919de-3238-4f7a-a68c-97bcae3252a9	11	132527346	132577187	39	-0.4505
308919de-3238-4f7a-a68c-97bcae3252a9	11	132579949	134272740	759	0.5968
308919de-3238-4f7a-a68c-97bcae3252a9	12	780472	1097532	154	0.0468
308919de-3238-4f7a-a68c-97bcae3252a9	12	1098683	2684879	669	-0.0142
308919de-3238-4f7a-a68c-97bcae3252a9	12	2756483	47477228	23743	0.0804
308919de-3238-4f7a-a68c-97bcae3252a9	12	47477744	48797981	727	0.4919
308919de-3238-4f7a-a68c-97bcae3252a9	12	48803595	48868610	26	0.1079
308919de-3238-4f7a-a68c-97bcae3252a9	12	48873256	51685140	1309	0.4697
308919de-3238-4f7a-a68c-97bcae3252a9	12	51685408	52420446	381	0.7836
308919de-3238-4f7a-a68c-97bcae3252a9	12	52473930	52999664	469	0.5325
308919de-3238-4f7a-a68c-97bcae3252a9	12	53011715	56846660	1916	0.1483
308919de-3238-4f7a-a68c-97bcae3252a9	12	56847671	59779625	1799	0.2123
308919de-3238-4f7a-a68c-97bcae3252a9	12	59780047	61485918	962	0.1236
308919de-3238-4f7a-a68c-97bcae3252a9	12	61488690	63389857	1262	0.166
308919de-3238-4f7a-a68c-97bcae3252a9	12	63390314	75582331	7357	0.1193
308919de-3238-4f7a-a68c-97bcae3252a9	12	75586113	95138590	11977	-0.3859
308919de-3238-4f7a-a68c-97bcae3252a9	12	95140649	109509515	9314	0.1223
308919de-3238-4f7a-a68c-97bcae3252a9	12	109510100	110018945	275	0.5238
308919de-3238-4f7a-a68c-97bcae3252a9	12	110023716	110569983	214	0.7823
308919de-3238-4f7a-a68c-97bcae3252a9	12	110573633	115276770	2636	0.4548
308919de-3238-4f7a-a68c-97bcae3252a9	12	115276811	115277377	4	-0.3441
308919de-3238-4f7a-a68c-97bcae3252a9	12	115278687	118848333	2499	0.4839
308919de-3238-4f7a-a68c-97bcae3252a9	12	118850355	132605822	6636	0.0391
308919de-3238-4f7a-a68c-97bcae3252a9	13	18874255	20222664	508	0.1913
308919de-3238-4f7a-a68c-97bcae3252a9	13	20536973	22344078	1207	-0.443
308919de-3238-4f7a-a68c-97bcae3252a9	13	22347187	22471534	82	0.2237
308919de-3238-4f7a-a68c-97bcae3252a9	13	22478550	22546359	45	1.0197
308919de-3238-4f7a-a68c-97bcae3252a9	13	22547254	23134284	308	-0.4802
308919de-3238-4f7a-a68c-97bcae3252a9	13	23137247	23147633	5	-1.4095
308919de-3238-4f7a-a68c-97bcae3252a9	13	23148653	25488110	1146	-0.4533
308919de-3238-4f7a-a68c-97bcae3252a9	13	25489596	25871499	273	0.1972
308919de-3238-4f7a-a68c-97bcae3252a9	13	25874411	46092282	13605	-0.4694
308919de-3238-4f7a-a68c-97bcae3252a9	13	46094167	53681368	3844	0.1796
308919de-3238-4f7a-a68c-97bcae3252a9	13	53683600	70351967	8076	0.1533
308919de-3238-4f7a-a68c-97bcae3252a9	13	70352275	72053037	1035	0.198
308919de-3238-4f7a-a68c-97bcae3252a9	13	72055257	72114636	49	-0.3893
308919de-3238-4f7a-a68c-97bcae3252a9	13	72115380	73600738	1018	0.2016
308919de-3238-4f7a-a68c-97bcae3252a9	13	73602695	74038502	333	0.6029
308919de-3238-4f7a-a68c-97bcae3252a9	13	74040945	78751603	3186	0.1806
308919de-3238-4f7a-a68c-97bcae3252a9	13	78755364	78755759	2	-0.899
308919de-3238-4f7a-a68c-97bcae3252a9	13	78755958	83668807	2846	0.1782
308919de-3238-4f7a-a68c-97bcae3252a9	13	83670534	83670565	2	-1.5374
308919de-3238-4f7a-a68c-97bcae3252a9	13	83673145	94164451	6275	0.1648
308919de-3238-4f7a-a68c-97bcae3252a9	13	94171825	94327482	131	0.548
308919de-3238-4f7a-a68c-97bcae3252a9	13	94328244	94769415	288	0.1594
308919de-3238-4f7a-a68c-97bcae3252a9	13	94772048	114226675	12642	-0.4726
308919de-3238-4f7a-a68c-97bcae3252a9	14	20033191	26294421	2986	0.212
308919de-3238-4f7a-a68c-97bcae3252a9	14	26300516	26300517	2	1.4347
308919de-3238-4f7a-a68c-97bcae3252a9	14	26300519	75307170	28074	0.2052
308919de-3238-4f7a-a68c-97bcae3252a9	14	75313186	75610888	247	-0.4467
308919de-3238-4f7a-a68c-97bcae3252a9	14	75614454	75616461	4	-2.4995
308919de-3238-4f7a-a68c-97bcae3252a9	14	75616912	76489894	541	-0.4292
308919de-3238-4f7a-a68c-97bcae3252a9	14	76490189	98974594	14783	0.2134
308919de-3238-4f7a-a68c-97bcae3252a9	14	98982127	105533894	3138	-0.4472
308919de-3238-4f7a-a68c-97bcae3252a9	15	23437561	24597311	489	0.2563
308919de-3238-4f7a-a68c-97bcae3252a9	15	24601179	25195216	334	0.1736
308919de-3238-4f7a-a68c-97bcae3252a9	15	25197251	25403545	103	0.2932
308919de-3238-4f7a-a68c-97bcae3252a9	15	25418552	31664862	2359	-0.3748
308919de-3238-4f7a-a68c-97bcae3252a9	15	32636613	35335063	1876	0.225
308919de-3238-4f7a-a68c-97bcae3252a9	15	35338460	37826452	1694	-0.4182
308919de-3238-4f7a-a68c-97bcae3252a9	15	37830939	37833473	4	-2.6983
308919de-3238-4f7a-a68c-97bcae3252a9	15	37834341	43945793	3291	-0.422
308919de-3238-4f7a-a68c-97bcae3252a9	15	43946262	44259700	141	-1.8977
308919de-3238-4f7a-a68c-97bcae3252a9	15	44260402	78856798	20814	-0.4295
308919de-3238-4f7a-a68c-97bcae3252a9	15	78857853	79198827	247	0.1534
308919de-3238-4f7a-a68c-97bcae3252a9	15	79199111	79199122	2	-1.4049
308919de-3238-4f7a-a68c-97bcae3252a9	15	79199380	83056208	2423	0.2006
308919de-3238-4f7a-a68c-97bcae3252a9	15	83057427	83057515	2	-2.908
308919de-3238-4f7a-a68c-97bcae3252a9	15	83058667	84080162	549	0.1908
308919de-3238-4f7a-a68c-97bcae3252a9	15	84082151	84158730	35	0.5796
308919de-3238-4f7a-a68c-97bcae3252a9	15	84553803	89828316	3254	-0.4479
308919de-3238-4f7a-a68c-97bcae3252a9	15	89833568	92861590	2174	0.2019
308919de-3238-4f7a-a68c-97bcae3252a9	15	92869548	92884513	7	-0.5328
308919de-3238-4f7a-a68c-97bcae3252a9	15	92888293	101344124	4911	0.2035
308919de-3238-4f7a-a68c-97bcae3252a9	16	603333	3848490	1028	0.1706
308919de-3238-4f7a-a68c-97bcae3252a9	16	3854519	3860926	6	-0.441
308919de-3238-4f7a-a68c-97bcae3252a9	16	3867882	4123981	171	0.2073
308919de-3238-4f7a-a68c-97bcae3252a9	16	4125358	4453768	135	0.5537
308919de-3238-4f7a-a68c-97bcae3252a9	16	4457030	4930563	250	0.1539
308919de-3238-4f7a-a68c-97bcae3252a9	16	4932012	28286757	11718	0.1998
308919de-3238-4f7a-a68c-97bcae3252a9	16	28288622	46473753	733	0.1368
308919de-3238-4f7a-a68c-97bcae3252a9	16	46474548	49363612	1517	-0.4281
308919de-3238-4f7a-a68c-97bcae3252a9	16	49370009	49438461	68	0.2899
308919de-3238-4f7a-a68c-97bcae3252a9	16	49442261	89317317	25506	-0.4525
308919de-3238-4f7a-a68c-97bcae3252a9	17	1074619	10228926	4740	-0.4352
308919de-3238-4f7a-a68c-97bcae3252a9	17	10229013	10231670	3	-1.8435
308919de-3238-4f7a-a68c-97bcae3252a9	17	10232093	35718430	8929	-0.4272
308919de-3238-4f7a-a68c-97bcae3252a9	17	35718840	35905403	97	0.2164
308919de-3238-4f7a-a68c-97bcae3252a9	17	35907949	43053247	3160	-0.4246
308919de-3238-4f7a-a68c-97bcae3252a9	17	43053270	43534982	166	-0.2719
308919de-3238-4f7a-a68c-97bcae3252a9	17	43535004	44028620	308	-0.4434
308919de-3238-4f7a-a68c-97bcae3252a9	17	44028888	44457647	157	0.5491
308919de-3238-4f7a-a68c-97bcae3252a9	17	44465894	44494961	14	0.2167
308919de-3238-4f7a-a68c-97bcae3252a9	17	44498057	60761634	8308	-0.4258
308919de-3238-4f7a-a68c-97bcae3252a9	17	60765806	60873283	71	0.2219
308919de-3238-4f7a-a68c-97bcae3252a9	17	60876233	72725287	7008	-0.4231
308919de-3238-4f7a-a68c-97bcae3252a9	17	72725568	73767404	761	-0.4945
308919de-3238-4f7a-a68c-97bcae3252a9	17	73767743	73769196	2	-3.0287
308919de-3238-4f7a-a68c-97bcae3252a9	17	73769275	75286555	300	-0.4556
308919de-3238-4f7a-a68c-97bcae3252a9	17	75292850	75618714	142	0.1919
308919de-3238-4f7a-a68c-97bcae3252a9	17	75618774	81060762	2439	-0.4672
308919de-3238-4f7a-a68c-97bcae3252a9	17	81061328	81139641	19	0.2289
308919de-3238-4f7a-a68c-97bcae3252a9	17	81168461	81421889	80	0.5764
308919de-3238-4f7a-a68c-97bcae3252a9	17	81457300	81985599	108	0.1818
308919de-3238-4f7a-a68c-97bcae3252a9	17	82018602	82959812	379	-0.4819
308919de-3238-4f7a-a68c-97bcae3252a9	18	326691	6945889	3308	0.1983
308919de-3238-4f7a-a68c-97bcae3252a9	18	6948856	14661644	4944	-0.4475
308919de-3238-4f7a-a68c-97bcae3252a9	18	21109102	29268857	4881	0.1983
308919de-3238-4f7a-a68c-97bcae3252a9	18	29280721	38043435	5415	0.5586
308919de-3238-4f7a-a68c-97bcae3252a9	18	38045308	59552172	13760	-0.4572
308919de-3238-4f7a-a68c-97bcae3252a9	18	59553223	59553520	2	-2.4075
308919de-3238-4f7a-a68c-97bcae3252a9	18	59553983	62503011	1891	-0.4586
308919de-3238-4f7a-a68c-97bcae3252a9	18	62510076	79349796	8715	0.5688
308919de-3238-4f7a-a68c-97bcae3252a9	19	283868	10364976	3483	-0.1775
308919de-3238-4f7a-a68c-97bcae3252a9	19	10371675	10975112	248	0.4657
308919de-3238-4f7a-a68c-97bcae3252a9	19	10979010	14850943	1648	-0.16
308919de-3238-4f7a-a68c-97bcae3252a9	19	14853178	18321097	1750	0.3134
308919de-3238-4f7a-a68c-97bcae3252a9	19	18322119	19335637	399	0.6656
308919de-3238-4f7a-a68c-97bcae3252a9	19	19335675	23870190	1530	0.3029
308919de-3238-4f7a-a68c-97bcae3252a9	19	23872082	30793899	2290	0.8206
308919de-3238-4f7a-a68c-97bcae3252a9	19	30797211	30797633	2	-0.7418
308919de-3238-4f7a-a68c-97bcae3252a9	19	30799692	40161784	5298	0.8106
308919de-3238-4f7a-a68c-97bcae3252a9	19	40167574	40252322	56	1.3092
308919de-3238-4f7a-a68c-97bcae3252a9	19	40257892	40272959	16	-0.35
308919de-3238-4f7a-a68c-97bcae3252a9	19	40275068	58370362	7438	0.1602
308919de-3238-4f7a-a68c-97bcae3252a9	20	472817	9668751	5600	0.1367
308919de-3238-4f7a-a68c-97bcae3252a9	20	9669692	9676946	8	0.7993
308919de-3238-4f7a-a68c-97bcae3252a9	20	9679711	10265016	490	0.171
308919de-3238-4f7a-a68c-97bcae3252a9	20	10265526	10398538	104	-2.6254
308919de-3238-4f7a-a68c-97bcae3252a9	20	10402114	10403266	3	-0.3674
308919de-3238-4f7a-a68c-97bcae3252a9	20	10403333	11405117	803	0.1806
308919de-3238-4f7a-a68c-97bcae3252a9	20	11408584	11441012	20	-1.7935
308919de-3238-4f7a-a68c-97bcae3252a9	20	11445875	13576860	1473	-0.4526
308919de-3238-4f7a-a68c-97bcae3252a9	20	13579661	13645877	30	0.1303
308919de-3238-4f7a-a68c-97bcae3252a9	20	13650338	16070515	1342	-0.4441
308919de-3238-4f7a-a68c-97bcae3252a9	20	16072722	16518438	420	-2.4583
308919de-3238-4f7a-a68c-97bcae3252a9	20	16525015	19667604	2559	-0.4688
308919de-3238-4f7a-a68c-97bcae3252a9	20	19676435	21387608	1274	0.1683
308919de-3238-4f7a-a68c-97bcae3252a9	20	21408620	22675708	837	-0.4991
308919de-3238-4f7a-a68c-97bcae3252a9	20	22676740	26217263	1972	0.1443
308919de-3238-4f7a-a68c-97bcae3252a9	20	26217295	36963003	2662	0.569
308919de-3238-4f7a-a68c-97bcae3252a9	20	36965075	37094427	161	0.4101
308919de-3238-4f7a-a68c-97bcae3252a9	20	37097999	39405820	1419	0.5663
308919de-3238-4f7a-a68c-97bcae3252a9	20	39410348	39413403	3	-0.6025
308919de-3238-4f7a-a68c-97bcae3252a9	20	39417485	39592113	129	0.5406
308919de-3238-4f7a-a68c-97bcae3252a9	20	39595705	44302496	3296	0.1488
308919de-3238-4f7a-a68c-97bcae3252a9	20	44303028	54877489	7004	0.5729
308919de-3238-4f7a-a68c-97bcae3252a9	20	54880600	55948107	772	0.1913
308919de-3238-4f7a-a68c-97bcae3252a9	20	55948944	55999737	42	0.5777
308919de-3238-4f7a-a68c-97bcae3252a9	20	55999918	56947460	670	0.8815
308919de-3238-4f7a-a68c-97bcae3252a9	20	56947562	58348757	1077	0.6028
308919de-3238-4f7a-a68c-97bcae3252a9	20	58354879	63588502	3357	0.1571
308919de-3238-4f7a-a68c-97bcae3252a9	21	13974127	22092529	5303	-0.4832
308919de-3238-4f7a-a68c-97bcae3252a9	21	22099819	31066951	5624	0.1625
308919de-3238-4f7a-a68c-97bcae3252a9	21	31067072	32184320	756	0.2211
308919de-3238-4f7a-a68c-97bcae3252a9	21	32186222	41531260	6719	0.1513
308919de-3238-4f7a-a68c-97bcae3252a9	21	41532857	41983006	307	0.6044
308919de-3238-4f7a-a68c-97bcae3252a9	21	41987926	43667194	826	0.1503
308919de-3238-4f7a-a68c-97bcae3252a9	21	43669996	43889659	130	0.5852
308919de-3238-4f7a-a68c-97bcae3252a9	21	43896899	45670561	601	0.918
308919de-3238-4f7a-a68c-97bcae3252a9	21	45671324	45721520	39	1.1934
308919de-3238-4f7a-a68c-97bcae3252a9	21	45722007	46232886	261	0.8661
308919de-3238-4f7a-a68c-97bcae3252a9	21	46235627	46262057	20	0.7503
308919de-3238-4f7a-a68c-97bcae3252a9	22	16934932	17188416	145	0.5452
308919de-3238-4f7a-a68c-97bcae3252a9	22	17201275	18131162	626	0.2007
308919de-3238-4f7a-a68c-97bcae3252a9	22	21741482	21835993	50	0.684
308919de-3238-4f7a-a68c-97bcae3252a9	22	21836476	25982107	1267	0.1837
308919de-3238-4f7a-a68c-97bcae3252a9	22	25984003	27625022	1646	-0.5013
308919de-3238-4f7a-a68c-97bcae3252a9	22	27631370	29657250	1149	-0.4243
308919de-3238-4f7a-a68c-97bcae3252a9	22	29657950	30534188	467	0.1614
308919de-3238-4f7a-a68c-97bcae3252a9	22	30547039	33622553	2086	-0.4298
308919de-3238-4f7a-a68c-97bcae3252a9	22	33624201	33797245	154	-2.4627
308919de-3238-4f7a-a68c-97bcae3252a9	22	33799732	45443354	6911	-0.4521
308919de-3238-4f7a-a68c-97bcae3252a9	22	45444840	45462037	12	0.2949
308919de-3238-4f7a-a68c-97bcae3252a9	22	45466979	48940621	2535	-0.4821
308919de-3238-4f7a-a68c-97bcae3252a9	X	3236359	20134104	6813	0.0322
308919de-3238-4f7a-a68c-97bcae3252a9	X	20150168	20280952	46	-0.5899
308919de-3238-4f7a-a68c-97bcae3252a9	X	20289598	29770148	5105	0.0279
308919de-3238-4f7a-a68c-97bcae3252a9	X	29770674	29771393	2	-1.261
308919de-3238-4f7a-a68c-97bcae3252a9	X	29776608	32896607	1882	0.0094
308919de-3238-4f7a-a68c-97bcae3252a9	X	32898874	34015346	51	0.3886
308919de-3238-4f7a-a68c-97bcae3252a9	X	34015552	54133516	8464	0.0284
308919de-3238-4f7a-a68c-97bcae3252a9	X	54139883	54172966	11	-0.5988
308919de-3238-4f7a-a68c-97bcae3252a9	X	54175714	73414182	5688	0.0274
308919de-3238-4f7a-a68c-97bcae3252a9	X	73420783	107748006	13752	0.0029
308919de-3238-4f7a-a68c-97bcae3252a9	X	107750928	107751177	2	-1.2722
308919de-3238-4f7a-a68c-97bcae3252a9	X	107753097	111607145	1972	-0.0021
308919de-3238-4f7a-a68c-97bcae3252a9	X	111608244	117044990	2439	0.0274
308919de-3238-4f7a-a68c-97bcae3252a9	X	117045303	117060614	15	0.3911
308919de-3238-4f7a-a68c-97bcae3252a9	X	117060852	155677414	17713	0.0173
