GDC_Aliquot	Chromosome	Start	End	Num_Probes	Segment_Mean
20ca8b0a-b561-405f-89d4-5f12f40a5455	1	62920	777165	23	-0.1606
20ca8b0a-b561-405f-89d4-5f12f40a5455	1	783283	3302359	717	0.4381
20ca8b0a-b561-405f-89d4-5f12f40a5455	1	3303537	9266599	3920	0.6103
20ca8b0a-b561-405f-89d4-5f12f40a5455	1	9267354	9339580	54	0.9476
20ca8b0a-b561-405f-89d4-5f12f40a5455	1	9340475	12778601	1774	0.5945
20ca8b0a-b561-405f-89d4-5f12f40a5455	1	12779433	12832455	26	-0.0824
20ca8b0a-b561-405f-89d4-5f12f40a5455	1	12850124	13383455	20	0.3372
20ca8b0a-b561-405f-89d4-5f12f40a5455	1	13388993	15362611	1544	0.6395
20ca8b0a-b561-405f-89d4-5f12f40a5455	1	15363497	16570326	569	0.5429
20ca8b0a-b561-405f-89d4-5f12f40a5455	1	16583114	16721984	39	-0.0894
20ca8b0a-b561-405f-89d4-5f12f40a5455	1	16766762	19541552	1933	0.6153
20ca8b0a-b561-405f-89d4-5f12f40a5455	1	19546151	19668998	66	0.879
20ca8b0a-b561-405f-89d4-5f12f40a5455	1	19669700	19671415	3	1.6767
20ca8b0a-b561-405f-89d4-5f12f40a5455	1	19676025	19725880	41	0.9151
20ca8b0a-b561-405f-89d4-5f12f40a5455	1	19726012	25163709	3248	0.5818
20ca8b0a-b561-405f-89d4-5f12f40a5455	1	25164511	25256850	38	0.4502
20ca8b0a-b561-405f-89d4-5f12f40a5455	1	25266637	25320455	24	-1.2564
20ca8b0a-b561-405f-89d4-5f12f40a5455	1	25336819	25574372	52	0.4609
20ca8b0a-b561-405f-89d4-5f12f40a5455	1	25577112	28481394	1274	0.5565
20ca8b0a-b561-405f-89d4-5f12f40a5455	1	28486031	28620941	54	0.981
20ca8b0a-b561-405f-89d4-5f12f40a5455	1	28622884	29805703	629	0.5741
20ca8b0a-b561-405f-89d4-5f12f40a5455	1	29806216	29949749	116	0.3163
20ca8b0a-b561-405f-89d4-5f12f40a5455	1	29950982	30663301	598	0.6129
20ca8b0a-b561-405f-89d4-5f12f40a5455	1	30666083	32526004	893	0.5484
20ca8b0a-b561-405f-89d4-5f12f40a5455	1	32527921	34626073	1331	0.6158
20ca8b0a-b561-405f-89d4-5f12f40a5455	1	34637053	34638878	19	0.0823
20ca8b0a-b561-405f-89d4-5f12f40a5455	1	34638890	37658173	1614	0.5903
20ca8b0a-b561-405f-89d4-5f12f40a5455	1	37659432	63935860	16434	0.554
20ca8b0a-b561-405f-89d4-5f12f40a5455	1	63936276	64271273	261	0.6012
20ca8b0a-b561-405f-89d4-5f12f40a5455	1	64279307	64279314	5	0.0667
20ca8b0a-b561-405f-89d4-5f12f40a5455	1	64279924	65392405	925	0.5017
20ca8b0a-b561-405f-89d4-5f12f40a5455	1	65393425	65504259	73	0.6936
20ca8b0a-b561-405f-89d4-5f12f40a5455	1	65504812	72284670	4438	0.5096
20ca8b0a-b561-405f-89d4-5f12f40a5455	1	72290430	72297687	9	-0.1331
20ca8b0a-b561-405f-89d4-5f12f40a5455	1	72302735	72345465	48	0.8617
20ca8b0a-b561-405f-89d4-5f12f40a5455	1	72346221	74803600	1507	0.5019
20ca8b0a-b561-405f-89d4-5f12f40a5455	1	74805388	74847634	17	0.9434
20ca8b0a-b561-405f-89d4-5f12f40a5455	1	74847761	79099922	2695	0.5142
20ca8b0a-b561-405f-89d4-5f12f40a5455	1	79101597	80999393	1236	0.4569
20ca8b0a-b561-405f-89d4-5f12f40a5455	1	81001599	90181314	6196	0.5043
20ca8b0a-b561-405f-89d4-5f12f40a5455	1	90184853	97411897	4566	0.5323
20ca8b0a-b561-405f-89d4-5f12f40a5455	1	97412512	102182538	3042	0.4921
20ca8b0a-b561-405f-89d4-5f12f40a5455	1	102187221	102378611	156	0.6492
20ca8b0a-b561-405f-89d4-5f12f40a5455	1	102383702	105470754	1527	0.4965
20ca8b0a-b561-405f-89d4-5f12f40a5455	1	105476583	105479753	17	-1.7753
20ca8b0a-b561-405f-89d4-5f12f40a5455	1	105481433	109684893	2635	0.5193
20ca8b0a-b561-405f-89d4-5f12f40a5455	1	109690352	109697556	13	-1.466
20ca8b0a-b561-405f-89d4-5f12f40a5455	1	109702376	110834953	841	0.5312
20ca8b0a-b561-405f-89d4-5f12f40a5455	1	110836273	110862444	62	0.7768
20ca8b0a-b561-405f-89d4-5f12f40a5455	1	110869087	112147704	1047	0.554
20ca8b0a-b561-405f-89d4-5f12f40a5455	1	112153343	112163440	28	1.098
20ca8b0a-b561-405f-89d4-5f12f40a5455	1	112163460	115431467	2065	0.5359
20ca8b0a-b561-405f-89d4-5f12f40a5455	1	115442406	115443483	2	-0.9341
20ca8b0a-b561-405f-89d4-5f12f40a5455	1	115447442	143545399	3097	0.542
20ca8b0a-b561-405f-89d4-5f12f40a5455	1	143546558	144432313	126	0.1097
20ca8b0a-b561-405f-89d4-5f12f40a5455	1	144442092	150828285	1341	0.5638
20ca8b0a-b561-405f-89d4-5f12f40a5455	1	150828526	150836640	6	-0.7159
20ca8b0a-b561-405f-89d4-5f12f40a5455	1	150838529	152582700	961	0.5345
20ca8b0a-b561-405f-89d4-5f12f40a5455	1	152583051	152614118	36	-0.3098
20ca8b0a-b561-405f-89d4-5f12f40a5455	1	152618018	161553345	5463	0.5474
20ca8b0a-b561-405f-89d4-5f12f40a5455	1	161647612	161649268	10	-0.0681
20ca8b0a-b561-405f-89d4-5f12f40a5455	1	161678447	179470495	12697	0.5362
20ca8b0a-b561-405f-89d4-5f12f40a5455	1	179476998	179478146	2	-0.869
20ca8b0a-b561-405f-89d4-5f12f40a5455	1	179478408	183829667	2975	0.5387
20ca8b0a-b561-405f-89d4-5f12f40a5455	1	183831072	189287661	3517	0.4893
20ca8b0a-b561-405f-89d4-5f12f40a5455	1	189289682	189577840	175	0.7017
20ca8b0a-b561-405f-89d4-5f12f40a5455	1	189577858	195250032	3845	0.4673
20ca8b0a-b561-405f-89d4-5f12f40a5455	1	195250254	195386755	84	0.6948
20ca8b0a-b561-405f-89d4-5f12f40a5455	1	195387355	196761905	897	0.4941
20ca8b0a-b561-405f-89d4-5f12f40a5455	1	196762480	196762956	2	-0.8333
20ca8b0a-b561-405f-89d4-5f12f40a5455	1	196769493	196855470	63	0.3627
20ca8b0a-b561-405f-89d4-5f12f40a5455	1	196858725	197066408	128	0.6621
20ca8b0a-b561-405f-89d4-5f12f40a5455	1	197066454	198901468	1076	0.4656
20ca8b0a-b561-405f-89d4-5f12f40a5455	1	198901947	199138574	164	0.5545
20ca8b0a-b561-405f-89d4-5f12f40a5455	1	199142235	199142844	5	1.4118
20ca8b0a-b561-405f-89d4-5f12f40a5455	1	199143343	202063107	2025	0.5442
20ca8b0a-b561-405f-89d4-5f12f40a5455	1	202063180	202075400	11	0.7117
20ca8b0a-b561-405f-89d4-5f12f40a5455	1	202082856	202306502	133	0.9941
20ca8b0a-b561-405f-89d4-5f12f40a5455	1	202306934	209897717	5235	0.7667
20ca8b0a-b561-405f-89d4-5f12f40a5455	1	209908268	209910639	3	-1.8137
20ca8b0a-b561-405f-89d4-5f12f40a5455	1	209913207	210503383	429	0.8024
20ca8b0a-b561-405f-89d4-5f12f40a5455	1	210503847	229675422	12606	0.7501
20ca8b0a-b561-405f-89d4-5f12f40a5455	1	229681109	229685464	9	-0.0766
20ca8b0a-b561-405f-89d4-5f12f40a5455	1	229686006	244205974	10964	0.7656
20ca8b0a-b561-405f-89d4-5f12f40a5455	1	244206796	248930189	3006	0.8162
20ca8b0a-b561-405f-89d4-5f12f40a5455	2	12784	2106691	1368	0.1889
20ca8b0a-b561-405f-89d4-5f12f40a5455	2	2117504	2160467	31	-0.3476
20ca8b0a-b561-405f-89d4-5f12f40a5455	2	2160904	3144361	780	0.2125
20ca8b0a-b561-405f-89d4-5f12f40a5455	2	3147886	3193650	50	-0.0684
20ca8b0a-b561-405f-89d4-5f12f40a5455	2	3193923	4572746	1121	0.2035
20ca8b0a-b561-405f-89d4-5f12f40a5455	2	4573543	4577290	3	1.1686
20ca8b0a-b561-405f-89d4-5f12f40a5455	2	4577872	12176936	5972	0.1937
20ca8b0a-b561-405f-89d4-5f12f40a5455	2	12178340	12178726	2	-1.4876
20ca8b0a-b561-405f-89d4-5f12f40a5455	2	12178984	14205667	1382	0.1605
20ca8b0a-b561-405f-89d4-5f12f40a5455	2	14208790	14212200	2	-0.98
20ca8b0a-b561-405f-89d4-5f12f40a5455	2	14213786	26023670	8026	0.1858
20ca8b0a-b561-405f-89d4-5f12f40a5455	2	26026839	26252277	98	0.5468
20ca8b0a-b561-405f-89d4-5f12f40a5455	2	26262203	32396543	3725	0.1775
20ca8b0a-b561-405f-89d4-5f12f40a5455	2	32399746	32597634	98	0.3758
20ca8b0a-b561-405f-89d4-5f12f40a5455	2	32600858	32825749	125	0.1684
20ca8b0a-b561-405f-89d4-5f12f40a5455	2	32826462	32827696	4	-1.1287
20ca8b0a-b561-405f-89d4-5f12f40a5455	2	32828621	33537896	553	0.1784
20ca8b0a-b561-405f-89d4-5f12f40a5455	2	33540701	33543045	2	-2.452
20ca8b0a-b561-405f-89d4-5f12f40a5455	2	33545200	34466002	732	0.1682
20ca8b0a-b561-405f-89d4-5f12f40a5455	2	34474248	34511990	46	-0.2961
20ca8b0a-b561-405f-89d4-5f12f40a5455	2	34512096	34697274	117	0.199
20ca8b0a-b561-405f-89d4-5f12f40a5455	2	34697936	34698201	2	-1.0941
20ca8b0a-b561-405f-89d4-5f12f40a5455	2	34702818	35618352	639	0.156
20ca8b0a-b561-405f-89d4-5f12f40a5455	2	35619141	35788936	142	0.3264
20ca8b0a-b561-405f-89d4-5f12f40a5455	2	35788963	50710390	10864	0.1643
20ca8b0a-b561-405f-89d4-5f12f40a5455	2	50710995	51130564	291	0.3201
20ca8b0a-b561-405f-89d4-5f12f40a5455	2	51133337	57788532	4759	0.1697
20ca8b0a-b561-405f-89d4-5f12f40a5455	2	57789277	59964749	1449	0.1196
20ca8b0a-b561-405f-89d4-5f12f40a5455	2	59965523	68445589	5274	0.1717
20ca8b0a-b561-405f-89d4-5f12f40a5455	2	68453747	68650833	97	0.334
20ca8b0a-b561-405f-89d4-5f12f40a5455	2	68653679	68654481	2	-1.0722
20ca8b0a-b561-405f-89d4-5f12f40a5455	2	68655815	69607758	683	0.16
20ca8b0a-b561-405f-89d4-5f12f40a5455	2	69610443	69754959	95	0.5086
20ca8b0a-b561-405f-89d4-5f12f40a5455	2	69760252	69944984	106	0.1062
20ca8b0a-b561-405f-89d4-5f12f40a5455	2	69945455	76359206	3863	0.1844
20ca8b0a-b561-405f-89d4-5f12f40a5455	2	76359585	77759556	953	0.1187
20ca8b0a-b561-405f-89d4-5f12f40a5455	2	77759560	78894423	696	0.1649
20ca8b0a-b561-405f-89d4-5f12f40a5455	2	78894485	79478792	491	0.2587
20ca8b0a-b561-405f-89d4-5f12f40a5455	2	79482036	80461433	810	0.1641
20ca8b0a-b561-405f-89d4-5f12f40a5455	2	80462094	83855203	1947	0.1202
20ca8b0a-b561-405f-89d4-5f12f40a5455	2	83856048	137764312	27862	0.1724
20ca8b0a-b561-405f-89d4-5f12f40a5455	2	137767902	138302884	324	0.2984
20ca8b0a-b561-405f-89d4-5f12f40a5455	2	138303874	138426972	60	0.1506
20ca8b0a-b561-405f-89d4-5f12f40a5455	2	138429594	141662165	2092	0.1194
20ca8b0a-b561-405f-89d4-5f12f40a5455	2	141665583	141877105	185	-0.366
20ca8b0a-b561-405f-89d4-5f12f40a5455	2	141878413	146104517	2471	0.1105
20ca8b0a-b561-405f-89d4-5f12f40a5455	2	146106836	146109366	24	-1.6
20ca8b0a-b561-405f-89d4-5f12f40a5455	2	146120238	158753369	7570	0.1212
20ca8b0a-b561-405f-89d4-5f12f40a5455	2	158755500	158989864	138	0.4354
20ca8b0a-b561-405f-89d4-5f12f40a5455	2	158992971	168961792	6069	0.1174
20ca8b0a-b561-405f-89d4-5f12f40a5455	2	168964588	168966201	3	-1.6152
20ca8b0a-b561-405f-89d4-5f12f40a5455	2	168966582	184146130	9626	0.1399
20ca8b0a-b561-405f-89d4-5f12f40a5455	2	184146236	184373854	193	0.2666
20ca8b0a-b561-405f-89d4-5f12f40a5455	2	184373887	184453319	82	0.1474
20ca8b0a-b561-405f-89d4-5f12f40a5455	2	184453824	184455332	2	1.8882
20ca8b0a-b561-405f-89d4-5f12f40a5455	2	184460792	185438803	536	0.1154
20ca8b0a-b561-405f-89d4-5f12f40a5455	2	185439848	186024241	280	0.3091
20ca8b0a-b561-405f-89d4-5f12f40a5455	2	186024533	187786695	932	0.1056
20ca8b0a-b561-405f-89d4-5f12f40a5455	2	187788415	187919046	75	0.3321
20ca8b0a-b561-405f-89d4-5f12f40a5455	2	187923920	188703044	394	0.1292
20ca8b0a-b561-405f-89d4-5f12f40a5455	2	188703060	188715816	28	0.4681
20ca8b0a-b561-405f-89d4-5f12f40a5455	2	188716515	192841594	2478	0.1181
20ca8b0a-b561-405f-89d4-5f12f40a5455	2	192841741	193052413	99	0.3108
20ca8b0a-b561-405f-89d4-5f12f40a5455	2	193052560	193988778	403	0.0862
20ca8b0a-b561-405f-89d4-5f12f40a5455	2	193989132	193997534	5	0.6671
20ca8b0a-b561-405f-89d4-5f12f40a5455	2	193999537	194112024	84	0.2907
20ca8b0a-b561-405f-89d4-5f12f40a5455	2	194122969	194124834	3	0.854
20ca8b0a-b561-405f-89d4-5f12f40a5455	2	194124876	194449998	174	0.0696
20ca8b0a-b561-405f-89d4-5f12f40a5455	2	194450855	194461120	7	0.6291
20ca8b0a-b561-405f-89d4-5f12f40a5455	2	194465528	194494831	19	0.1899
20ca8b0a-b561-405f-89d4-5f12f40a5455	2	194495886	194511105	8	0.4899
20ca8b0a-b561-405f-89d4-5f12f40a5455	2	194512386	194758953	136	0.1167
20ca8b0a-b561-405f-89d4-5f12f40a5455	2	194759671	195322138	340	0.2883
20ca8b0a-b561-405f-89d4-5f12f40a5455	2	195324304	202438508	4110	0.1292
20ca8b0a-b561-405f-89d4-5f12f40a5455	2	202438546	202450169	27	0.5137
20ca8b0a-b561-405f-89d4-5f12f40a5455	2	202450220	212294228	6150	0.132
20ca8b0a-b561-405f-89d4-5f12f40a5455	2	212297443	212329511	69	0.3438
20ca8b0a-b561-405f-89d4-5f12f40a5455	2	212329598	233678168	13566	0.1308
20ca8b0a-b561-405f-89d4-5f12f40a5455	2	233680544	238833881	3653	0.1721
20ca8b0a-b561-405f-89d4-5f12f40a5455	2	238836220	242147305	1775	0.1444
20ca8b0a-b561-405f-89d4-5f12f40a5455	3	20930	179751	152	0.1751
20ca8b0a-b561-405f-89d4-5f12f40a5455	3	182919	191117	5	-0.975
20ca8b0a-b561-405f-89d4-5f12f40a5455	3	193194	1801331	1432	0.2694
20ca8b0a-b561-405f-89d4-5f12f40a5455	3	1805672	2847584	880	-0.2056
20ca8b0a-b561-405f-89d4-5f12f40a5455	3	2847668	4143917	1273	0.1915
20ca8b0a-b561-405f-89d4-5f12f40a5455	3	4144737	4302747	113	0.4037
20ca8b0a-b561-405f-89d4-5f12f40a5455	3	4304082	10132058	4727	0.214
20ca8b0a-b561-405f-89d4-5f12f40a5455	3	10132136	10234991	99	0.0594
20ca8b0a-b561-405f-89d4-5f12f40a5455	3	10237296	10252586	9	-0.3497
20ca8b0a-b561-405f-89d4-5f12f40a5455	3	10253853	15049904	3467	0.2172
20ca8b0a-b561-405f-89d4-5f12f40a5455	3	15053261	21050376	3598	0.1734
20ca8b0a-b561-405f-89d4-5f12f40a5455	3	21052254	21315676	187	0.3262
20ca8b0a-b561-405f-89d4-5f12f40a5455	3	21315784	21740479	341	0.1864
20ca8b0a-b561-405f-89d4-5f12f40a5455	3	21740672	22356454	621	0.2778
20ca8b0a-b561-405f-89d4-5f12f40a5455	3	22358598	22513034	117	-0.2455
20ca8b0a-b561-405f-89d4-5f12f40a5455	3	22518681	22521081	8	0.1838
20ca8b0a-b561-405f-89d4-5f12f40a5455	3	22521102	22533308	11	-0.2356
20ca8b0a-b561-405f-89d4-5f12f40a5455	3	22534913	22881652	202	0.2289
20ca8b0a-b561-405f-89d4-5f12f40a5455	3	22882564	24478792	1014	-0.2624
20ca8b0a-b561-405f-89d4-5f12f40a5455	3	24481527	28106045	2749	0.1887
20ca8b0a-b561-405f-89d4-5f12f40a5455	3	28106449	30598034	1818	-0.2761
20ca8b0a-b561-405f-89d4-5f12f40a5455	3	30598526	35423322	3012	0.185
20ca8b0a-b561-405f-89d4-5f12f40a5455	3	35424270	47437019	7635	-0.2413
20ca8b0a-b561-405f-89d4-5f12f40a5455	3	47450332	47451230	2	-1.8192
20ca8b0a-b561-405f-89d4-5f12f40a5455	3	47455724	48062548	245	-0.1749
20ca8b0a-b561-405f-89d4-5f12f40a5455	3	48063192	48187004	52	0.3044
20ca8b0a-b561-405f-89d4-5f12f40a5455	3	48187077	68697013	13986	-0.2155
20ca8b0a-b561-405f-89d4-5f12f40a5455	3	68697108	68698262	14	-1.3735
20ca8b0a-b561-405f-89d4-5f12f40a5455	3	68699607	69539144	662	-0.2073
20ca8b0a-b561-405f-89d4-5f12f40a5455	3	69539767	69540897	2	-1.479
20ca8b0a-b561-405f-89d4-5f12f40a5455	3	69541400	70819320	989	-0.2161
20ca8b0a-b561-405f-89d4-5f12f40a5455	3	70822651	75511990	3270	0.5222
20ca8b0a-b561-405f-89d4-5f12f40a5455	3	75519398	75547095	9	-1.0356
20ca8b0a-b561-405f-89d4-5f12f40a5455	3	75559488	78404966	1595	0.5046
20ca8b0a-b561-405f-89d4-5f12f40a5455	3	78405166	89357937	6110	-0.2438
20ca8b0a-b561-405f-89d4-5f12f40a5455	3	89358106	89370231	33	-0.7083
20ca8b0a-b561-405f-89d4-5f12f40a5455	3	89370771	91462299	385	-0.2495
20ca8b0a-b561-405f-89d4-5f12f40a5455	3	93800634	94001836	79	0.3672
20ca8b0a-b561-405f-89d4-5f12f40a5455	3	94005441	95351344	690	0.1838
20ca8b0a-b561-405f-89d4-5f12f40a5455	3	95355517	95628273	172	0.4713
20ca8b0a-b561-405f-89d4-5f12f40a5455	3	95650844	95949340	152	0.1351
20ca8b0a-b561-405f-89d4-5f12f40a5455	3	95952448	96252732	154	0.726
20ca8b0a-b561-405f-89d4-5f12f40a5455	3	96261767	98180575	1000	0.9087
20ca8b0a-b561-405f-89d4-5f12f40a5455	3	98189826	98195973	4	-0.2365
20ca8b0a-b561-405f-89d4-5f12f40a5455	3	98197104	102280088	2342	0.9255
20ca8b0a-b561-405f-89d4-5f12f40a5455	3	102280281	103278977	545	0.7049
20ca8b0a-b561-405f-89d4-5f12f40a5455	3	103279167	105733749	1601	0.4445
20ca8b0a-b561-405f-89d4-5f12f40a5455	3	105735102	108877854	1955	0.7113
20ca8b0a-b561-405f-89d4-5f12f40a5455	3	108878889	109417599	334	0.8471
20ca8b0a-b561-405f-89d4-5f12f40a5455	3	109418858	109507766	46	0.7176
20ca8b0a-b561-405f-89d4-5f12f40a5455	3	109527238	110063410	268	0.2123
20ca8b0a-b561-405f-89d4-5f12f40a5455	3	110067814	110322685	156	-0.2745
20ca8b0a-b561-405f-89d4-5f12f40a5455	3	110322927	110325534	3	0.4509
20ca8b0a-b561-405f-89d4-5f12f40a5455	3	110325754	110394342	52	-0.3263
20ca8b0a-b561-405f-89d4-5f12f40a5455	3	110399027	110399078	2	-0.9241
20ca8b0a-b561-405f-89d4-5f12f40a5455	3	110399345	110413594	12	0.1314
20ca8b0a-b561-405f-89d4-5f12f40a5455	3	110413660	110537643	94	-0.2681
20ca8b0a-b561-405f-89d4-5f12f40a5455	3	110539789	110544939	5	0.2606
20ca8b0a-b561-405f-89d4-5f12f40a5455	3	110545383	110904300	215	-0.3046
20ca8b0a-b561-405f-89d4-5f12f40a5455	3	110905679	115353841	2674	0.1842
20ca8b0a-b561-405f-89d4-5f12f40a5455	3	115358873	116385674	695	-0.2485
20ca8b0a-b561-405f-89d4-5f12f40a5455	3	116387728	116471015	82	0.1868
20ca8b0a-b561-405f-89d4-5f12f40a5455	3	116471110	121612124	3215	-0.2573
20ca8b0a-b561-405f-89d4-5f12f40a5455	3	121615893	121616169	3	-1.4789
20ca8b0a-b561-405f-89d4-5f12f40a5455	3	121616462	130044855	5026	-0.2285
20ca8b0a-b561-405f-89d4-5f12f40a5455	3	130047743	130092396	43	0.2484
20ca8b0a-b561-405f-89d4-5f12f40a5455	3	130092419	140126031	6136	-0.2262
20ca8b0a-b561-405f-89d4-5f12f40a5455	3	140129255	142823395	1615	0.1975
20ca8b0a-b561-405f-89d4-5f12f40a5455	3	142826805	142827179	2	-1.2158
20ca8b0a-b561-405f-89d4-5f12f40a5455	3	142827512	143565575	602	0.2135
20ca8b0a-b561-405f-89d4-5f12f40a5455	3	143566276	143567132	6	0.8344
20ca8b0a-b561-405f-89d4-5f12f40a5455	3	143567959	145915513	1512	0.1755
20ca8b0a-b561-405f-89d4-5f12f40a5455	3	145915538	145944837	44	0.417
20ca8b0a-b561-405f-89d4-5f12f40a5455	3	145945003	146649834	449	0.1553
20ca8b0a-b561-405f-89d4-5f12f40a5455	3	146650017	147763670	602	0.3101
20ca8b0a-b561-405f-89d4-5f12f40a5455	3	147763705	156851950	5646	0.1834
20ca8b0a-b561-405f-89d4-5f12f40a5455	3	156853740	161692904	2892	-0.2509
20ca8b0a-b561-405f-89d4-5f12f40a5455	3	161693274	161802411	71	-0.0002
20ca8b0a-b561-405f-89d4-5f12f40a5455	3	161802613	162404983	399	-0.2469
20ca8b0a-b561-405f-89d4-5f12f40a5455	3	162405578	162426617	18	0.3195
20ca8b0a-b561-405f-89d4-5f12f40a5455	3	162426632	162499233	57	-0.3481
20ca8b0a-b561-405f-89d4-5f12f40a5455	3	162500556	162519166	29	0.0998
20ca8b0a-b561-405f-89d4-5f12f40a5455	3	162519243	162790390	166	-0.2548
20ca8b0a-b561-405f-89d4-5f12f40a5455	3	162790404	162908207	72	0.5279
20ca8b0a-b561-405f-89d4-5f12f40a5455	3	162908784	164034038	659	-0.2069
20ca8b0a-b561-405f-89d4-5f12f40a5455	3	164035325	164131986	69	0.8934
20ca8b0a-b561-405f-89d4-5f12f40a5455	3	164137481	164152842	14	1.3636
20ca8b0a-b561-405f-89d4-5f12f40a5455	3	164152879	164373192	120	0.9984
20ca8b0a-b561-405f-89d4-5f12f40a5455	3	164376855	164730825	175	1.18
20ca8b0a-b561-405f-89d4-5f12f40a5455	3	164734881	164814931	38	0.6224
20ca8b0a-b561-405f-89d4-5f12f40a5455	3	164821436	164846752	10	1.1028
20ca8b0a-b561-405f-89d4-5f12f40a5455	3	164850439	164859595	7	1.5271
20ca8b0a-b561-405f-89d4-5f12f40a5455	3	164860020	164892478	22	1.0515
20ca8b0a-b561-405f-89d4-5f12f40a5455	3	164892609	165179671	127	1.3621
20ca8b0a-b561-405f-89d4-5f12f40a5455	3	165181753	165337681	98	1.1487
20ca8b0a-b561-405f-89d4-5f12f40a5455	3	165341484	165364151	41	1.524
20ca8b0a-b561-405f-89d4-5f12f40a5455	3	165367641	165550720	99	1.139
20ca8b0a-b561-405f-89d4-5f12f40a5455	3	165550790	165579837	37	1.4115
20ca8b0a-b561-405f-89d4-5f12f40a5455	3	165579861	165863796	182	1.1423
20ca8b0a-b561-405f-89d4-5f12f40a5455	3	165864247	166166068	164	1.357
20ca8b0a-b561-405f-89d4-5f12f40a5455	3	166167264	168409693	1217	1.1678
20ca8b0a-b561-405f-89d4-5f12f40a5455	3	168411630	168927247	288	1.0426
20ca8b0a-b561-405f-89d4-5f12f40a5455	3	168927414	168983307	48	1.195
20ca8b0a-b561-405f-89d4-5f12f40a5455	3	168983760	169022062	29	1.5819
20ca8b0a-b561-405f-89d4-5f12f40a5455	3	169022377	171620447	1674	1.096
20ca8b0a-b561-405f-89d4-5f12f40a5455	3	171622551	173154766	1012	1.1776
20ca8b0a-b561-405f-89d4-5f12f40a5455	3	173154938	173422892	141	1.1051
20ca8b0a-b561-405f-89d4-5f12f40a5455	3	173424185	173926695	358	1.3557
20ca8b0a-b561-405f-89d4-5f12f40a5455	3	173926758	175362822	1023	1.1888
20ca8b0a-b561-405f-89d4-5f12f40a5455	3	175362958	175928368	368	1.338
20ca8b0a-b561-405f-89d4-5f12f40a5455	3	175928753	176156437	127	1.1087
20ca8b0a-b561-405f-89d4-5f12f40a5455	3	176156566	176217906	63	1.3724
20ca8b0a-b561-405f-89d4-5f12f40a5455	3	176217998	176474850	166	1.1294
20ca8b0a-b561-405f-89d4-5f12f40a5455	3	176476998	176485430	4	0.1245
20ca8b0a-b561-405f-89d4-5f12f40a5455	3	176486037	176992956	337	1.1625
20ca8b0a-b561-405f-89d4-5f12f40a5455	3	176992971	177171042	97	1.3333
20ca8b0a-b561-405f-89d4-5f12f40a5455	3	177176493	178320510	671	1.1591
20ca8b0a-b561-405f-89d4-5f12f40a5455	3	178325020	182372624	2333	0.1792
20ca8b0a-b561-405f-89d4-5f12f40a5455	3	182376069	182574577	110	0.5253
20ca8b0a-b561-405f-89d4-5f12f40a5455	3	182576636	188123506	3633	0.2093
20ca8b0a-b561-405f-89d4-5f12f40a5455	3	188124867	188402952	220	0.7364
20ca8b0a-b561-405f-89d4-5f12f40a5455	3	188402995	192168883	2657	0.4986
20ca8b0a-b561-405f-89d4-5f12f40a5455	3	192171448	192290670	107	0.6619
20ca8b0a-b561-405f-89d4-5f12f40a5455	3	192291622	193156958	615	0.4903
20ca8b0a-b561-405f-89d4-5f12f40a5455	3	193160113	193165114	20	-0.9224
20ca8b0a-b561-405f-89d4-5f12f40a5455	3	193168646	194523993	899	0.5488
20ca8b0a-b561-405f-89d4-5f12f40a5455	3	194524911	194532008	3	-0.6565
20ca8b0a-b561-405f-89d4-5f12f40a5455	3	194532531	195558822	579	0.556
20ca8b0a-b561-405f-89d4-5f12f40a5455	3	195559056	195720051	26	0.913
20ca8b0a-b561-405f-89d4-5f12f40a5455	3	195728637	195735445	11	0.2278
20ca8b0a-b561-405f-89d4-5f12f40a5455	3	195737223	195747311	7	0.8563
20ca8b0a-b561-405f-89d4-5f12f40a5455	3	195747892	195791789	14	0.3938
20ca8b0a-b561-405f-89d4-5f12f40a5455	3	195792101	198169247	1152	0.2432
20ca8b0a-b561-405f-89d4-5f12f40a5455	4	68929	302594	113	-0.2034
20ca8b0a-b561-405f-89d4-5f12f40a5455	4	304143	304983	3	-1.9274
20ca8b0a-b561-405f-89d4-5f12f40a5455	4	309145	740046	134	-0.2491
20ca8b0a-b561-405f-89d4-5f12f40a5455	4	740138	882099	57	-0.5762
20ca8b0a-b561-405f-89d4-5f12f40a5455	4	882206	10221792	5386	-0.2354
20ca8b0a-b561-405f-89d4-5f12f40a5455	4	10222004	10232642	29	0.2254
20ca8b0a-b561-405f-89d4-5f12f40a5455	4	10232984	14008793	3025	-0.2565
20ca8b0a-b561-405f-89d4-5f12f40a5455	4	14008990	20547077	4562	-0.2737
20ca8b0a-b561-405f-89d4-5f12f40a5455	4	20551681	20566943	44	0.0134
20ca8b0a-b561-405f-89d4-5f12f40a5455	4	20567066	25028195	3193	-0.2748
20ca8b0a-b561-405f-89d4-5f12f40a5455	4	25028690	25793064	543	-0.1948
20ca8b0a-b561-405f-89d4-5f12f40a5455	4	25797627	38641238	8353	-0.2871
20ca8b0a-b561-405f-89d4-5f12f40a5455	4	38641473	47223286	5083	-0.2423
20ca8b0a-b561-405f-89d4-5f12f40a5455	4	47223324	47224187	2	-1.7585
20ca8b0a-b561-405f-89d4-5f12f40a5455	4	47225283	47950916	434	-0.2803
20ca8b0a-b561-405f-89d4-5f12f40a5455	4	47950930	48456605	455	-0.1342
20ca8b0a-b561-405f-89d4-5f12f40a5455	4	48460147	48466960	7	-0.9393
20ca8b0a-b561-405f-89d4-5f12f40a5455	4	48471315	51823373	290	-0.1487
20ca8b0a-b561-405f-89d4-5f12f40a5455	4	51830626	53067214	700	-0.2842
20ca8b0a-b561-405f-89d4-5f12f40a5455	4	53067991	57908276	3434	-0.239
20ca8b0a-b561-405f-89d4-5f12f40a5455	4	57910367	63827261	3419	-0.2908
20ca8b0a-b561-405f-89d4-5f12f40a5455	4	63828222	63842540	29	0.3595
20ca8b0a-b561-405f-89d4-5f12f40a5455	4	63850713	64953701	656	-0.3003
20ca8b0a-b561-405f-89d4-5f12f40a5455	4	64953788	64978333	42	0.0364
20ca8b0a-b561-405f-89d4-5f12f40a5455	4	64978716	68418873	2158	-0.2763
20ca8b0a-b561-405f-89d4-5f12f40a5455	4	68422420	68461345	8	-0.6447
20ca8b0a-b561-405f-89d4-5f12f40a5455	4	68468423	68640616	75	0.1404
20ca8b0a-b561-405f-89d4-5f12f40a5455	4	68655691	69254981	308	-0.165
20ca8b0a-b561-405f-89d4-5f12f40a5455	4	69255175	69433003	97	0.0206
20ca8b0a-b561-405f-89d4-5f12f40a5455	4	69433747	103824414	20964	-0.2835
20ca8b0a-b561-405f-89d4-5f12f40a5455	4	103830473	103836937	15	0.3471
20ca8b0a-b561-405f-89d4-5f12f40a5455	4	103837193	107130343	1845	-0.3003
20ca8b0a-b561-405f-89d4-5f12f40a5455	4	107144594	107154401	33	0.2591
20ca8b0a-b561-405f-89d4-5f12f40a5455	4	107154866	111385895	2562	-0.2789
20ca8b0a-b561-405f-89d4-5f12f40a5455	4	111385910	111469347	75	-0.0329
20ca8b0a-b561-405f-89d4-5f12f40a5455	4	111471933	114254202	1775	-0.2868
20ca8b0a-b561-405f-89d4-5f12f40a5455	4	114254223	114261019	20	-1.5835
20ca8b0a-b561-405f-89d4-5f12f40a5455	4	114263073	115244948	612	-0.2724
20ca8b0a-b561-405f-89d4-5f12f40a5455	4	115251455	115254798	21	0.1441
20ca8b0a-b561-405f-89d4-5f12f40a5455	4	115254969	115769500	288	-0.2741
20ca8b0a-b561-405f-89d4-5f12f40a5455	4	115770578	115867359	53	-0.0064
20ca8b0a-b561-405f-89d4-5f12f40a5455	4	115875096	116378204	301	-0.3173
20ca8b0a-b561-405f-89d4-5f12f40a5455	4	116378996	116430348	30	0.0666
20ca8b0a-b561-405f-89d4-5f12f40a5455	4	116431547	128866385	7288	-0.2954
20ca8b0a-b561-405f-89d4-5f12f40a5455	4	128869032	128974555	56	0.01
20ca8b0a-b561-405f-89d4-5f12f40a5455	4	128976981	131013913	1286	-0.3064
20ca8b0a-b561-405f-89d4-5f12f40a5455	4	131018350	131433703	204	-0.1037
20ca8b0a-b561-405f-89d4-5f12f40a5455	4	131436162	133192746	924	-0.2978
20ca8b0a-b561-405f-89d4-5f12f40a5455	4	133193725	133330720	66	-0.0819
20ca8b0a-b561-405f-89d4-5f12f40a5455	4	133335630	134031055	368	-0.3006
20ca8b0a-b561-405f-89d4-5f12f40a5455	4	134031419	134271522	115	-0.1078
20ca8b0a-b561-405f-89d4-5f12f40a5455	4	134271658	137144621	1607	-0.3102
20ca8b0a-b561-405f-89d4-5f12f40a5455	4	137144638	137208436	49	-0.0128
20ca8b0a-b561-405f-89d4-5f12f40a5455	4	137208647	137257852	58	-0.2904
20ca8b0a-b561-405f-89d4-5f12f40a5455	4	137258162	137271024	56	0.03
20ca8b0a-b561-405f-89d4-5f12f40a5455	4	137271108	143844605	4271	-0.2922
20ca8b0a-b561-405f-89d4-5f12f40a5455	4	143853373	144122357	119	-0.0345
20ca8b0a-b561-405f-89d4-5f12f40a5455	4	144124407	167887449	14550	-0.2897
20ca8b0a-b561-405f-89d4-5f12f40a5455	4	167887664	168057660	136	-0.0423
20ca8b0a-b561-405f-89d4-5f12f40a5455	4	168058032	168058165	4	0.9402
20ca8b0a-b561-405f-89d4-5f12f40a5455	4	168058207	168072733	20	0.0231
20ca8b0a-b561-405f-89d4-5f12f40a5455	4	168072942	171448195	2144	-0.3033
20ca8b0a-b561-405f-89d4-5f12f40a5455	4	171453733	171456625	12	0.9215
20ca8b0a-b561-405f-89d4-5f12f40a5455	4	171459220	171460802	6	0.2241
20ca8b0a-b561-405f-89d4-5f12f40a5455	4	171466542	171916160	269	-0.2937
20ca8b0a-b561-405f-89d4-5f12f40a5455	4	171916464	171921268	7	0.1918
20ca8b0a-b561-405f-89d4-5f12f40a5455	4	171926299	172066777	115	-0.2693
20ca8b0a-b561-405f-89d4-5f12f40a5455	4	172067997	172080680	17	0.1042
20ca8b0a-b561-405f-89d4-5f12f40a5455	4	172080895	172501121	219	-0.2406
20ca8b0a-b561-405f-89d4-5f12f40a5455	4	172501136	172532557	15	0.4927
20ca8b0a-b561-405f-89d4-5f12f40a5455	4	172534095	177666684	3085	-0.2927
20ca8b0a-b561-405f-89d4-5f12f40a5455	4	177675377	177680855	30	0.1107
20ca8b0a-b561-405f-89d4-5f12f40a5455	4	177680908	177961549	196	-0.3301
20ca8b0a-b561-405f-89d4-5f12f40a5455	4	177961766	178012822	56	-0.0661
20ca8b0a-b561-405f-89d4-5f12f40a5455	4	178022835	178359216	199	-0.3092
20ca8b0a-b561-405f-89d4-5f12f40a5455	4	178359269	178769724	310	-0.144
20ca8b0a-b561-405f-89d4-5f12f40a5455	4	178769867	180793312	1481	-0.27
20ca8b0a-b561-405f-89d4-5f12f40a5455	4	180798532	180799165	2	-1.9511
20ca8b0a-b561-405f-89d4-5f12f40a5455	4	180799363	181109895	215	-0.1417
20ca8b0a-b561-405f-89d4-5f12f40a5455	4	181111132	188502834	5286	-0.2509
20ca8b0a-b561-405f-89d4-5f12f40a5455	4	188510603	190106768	967	-0.186
20ca8b0a-b561-405f-89d4-5f12f40a5455	5	15532	106937	43	0.5982
20ca8b0a-b561-405f-89d4-5f12f40a5455	5	106992	1891707	878	0.4516
20ca8b0a-b561-405f-89d4-5f12f40a5455	5	1892645	3079151	1095	0.5817
20ca8b0a-b561-405f-89d4-5f12f40a5455	5	3079777	3097077	22	0.2496
20ca8b0a-b561-405f-89d4-5f12f40a5455	5	3097297	3576706	491	0.5873
20ca8b0a-b561-405f-89d4-5f12f40a5455	5	3576771	11757259	7050	0.5384
20ca8b0a-b561-405f-89d4-5f12f40a5455	5	11757501	12643125	525	0.4495
20ca8b0a-b561-405f-89d4-5f12f40a5455	5	12643763	15363921	1862	0.5176
20ca8b0a-b561-405f-89d4-5f12f40a5455	5	15364375	15969930	352	0.607
20ca8b0a-b561-405f-89d4-5f12f40a5455	5	15970168	18858440	1864	0.5114
20ca8b0a-b561-405f-89d4-5f12f40a5455	5	18859016	19022620	102	0.7036
20ca8b0a-b561-405f-89d4-5f12f40a5455	5	19022755	20394697	798	0.4734
20ca8b0a-b561-405f-89d4-5f12f40a5455	5	20395945	20564211	160	0.651
20ca8b0a-b561-405f-89d4-5f12f40a5455	5	20566972	20989349	193	0.4878
20ca8b0a-b561-405f-89d4-5f12f40a5455	5	20991296	20991345	2	-0.5901
20ca8b0a-b561-405f-89d4-5f12f40a5455	5	20992421	25042238	2338	0.47
20ca8b0a-b561-405f-89d4-5f12f40a5455	5	25043933	25375167	174	0.6469
20ca8b0a-b561-405f-89d4-5f12f40a5455	5	25378353	27524345	1287	0.4632
20ca8b0a-b561-405f-89d4-5f12f40a5455	5	27525283	27525407	2	-1.0115
20ca8b0a-b561-405f-89d4-5f12f40a5455	5	27525800	31185607	2248	0.4688
20ca8b0a-b561-405f-89d4-5f12f40a5455	5	31185705	32654362	1128	0.5458
20ca8b0a-b561-405f-89d4-5f12f40a5455	5	32655949	34259309	1024	0.4999
20ca8b0a-b561-405f-89d4-5f12f40a5455	5	34264242	34264450	3	-0.8352
20ca8b0a-b561-405f-89d4-5f12f40a5455	5	34266449	45378354	6729	0.4987
20ca8b0a-b561-405f-89d4-5f12f40a5455	5	45383300	46196012	265	0.6446
20ca8b0a-b561-405f-89d4-5f12f40a5455	5	46199332	46199333	2	-1.0776
20ca8b0a-b561-405f-89d4-5f12f40a5455	5	46209197	46271006	15	0.7255
20ca8b0a-b561-405f-89d4-5f12f40a5455	5	46271828	46273400	6	1.7662
20ca8b0a-b561-405f-89d4-5f12f40a5455	5	46278110	50410956	100	0.5174
20ca8b0a-b561-405f-89d4-5f12f40a5455	5	50412611	50412624	2	-0.7618
20ca8b0a-b561-405f-89d4-5f12f40a5455	5	50414421	50837635	192	0.6504
20ca8b0a-b561-405f-89d4-5f12f40a5455	5	50837911	58025819	4780	0.4922
20ca8b0a-b561-405f-89d4-5f12f40a5455	5	58030200	58037688	31	-0.2986
20ca8b0a-b561-405f-89d4-5f12f40a5455	5	58037706	63394897	3500	0.4698
20ca8b0a-b561-405f-89d4-5f12f40a5455	5	63395664	63784827	242	0.6144
20ca8b0a-b561-405f-89d4-5f12f40a5455	5	63788359	73510693	4871	0.4756
20ca8b0a-b561-405f-89d4-5f12f40a5455	5	73510797	73738298	161	0.7777
20ca8b0a-b561-405f-89d4-5f12f40a5455	5	73738809	76530329	1992	0.4988
20ca8b0a-b561-405f-89d4-5f12f40a5455	5	76530564	76543299	14	0.1205
20ca8b0a-b561-405f-89d4-5f12f40a5455	5	76543525	82538475	3677	0.502
20ca8b0a-b561-405f-89d4-5f12f40a5455	5	82538975	85858687	1960	0.4638
20ca8b0a-b561-405f-89d4-5f12f40a5455	5	85860280	85918369	33	0.7842
20ca8b0a-b561-405f-89d4-5f12f40a5455	5	85918562	88731153	1450	0.454
20ca8b0a-b561-405f-89d4-5f12f40a5455	5	88731400	89907793	632	0.3859
20ca8b0a-b561-405f-89d4-5f12f40a5455	5	89909943	91905317	1140	0.4799
20ca8b0a-b561-405f-89d4-5f12f40a5455	5	91912201	91977466	32	0.7377
20ca8b0a-b561-405f-89d4-5f12f40a5455	5	91977693	96630153	2527	0.4463
20ca8b0a-b561-405f-89d4-5f12f40a5455	5	96631020	96638558	4	-0.5824
20ca8b0a-b561-405f-89d4-5f12f40a5455	5	96639026	97714989	681	0.4466
20ca8b0a-b561-405f-89d4-5f12f40a5455	5	97715039	97834697	73	0.6978
20ca8b0a-b561-405f-89d4-5f12f40a5455	5	97835111	98594463	425	0.415
20ca8b0a-b561-405f-89d4-5f12f40a5455	5	98595136	98600066	7	-0.7223
20ca8b0a-b561-405f-89d4-5f12f40a5455	5	98605165	99147616	311	0.4358
20ca8b0a-b561-405f-89d4-5f12f40a5455	5	99152826	100223876	629	0.6406
20ca8b0a-b561-405f-89d4-5f12f40a5455	5	100226861	100617599	192	0.5091
20ca8b0a-b561-405f-89d4-5f12f40a5455	5	100617853	100737382	80	0.6785
20ca8b0a-b561-405f-89d4-5f12f40a5455	5	100740230	101378413	352	0.419
20ca8b0a-b561-405f-89d4-5f12f40a5455	5	101378891	101423699	42	0.6633
20ca8b0a-b561-405f-89d4-5f12f40a5455	5	101423715	101664170	149	0.4492
20ca8b0a-b561-405f-89d4-5f12f40a5455	5	101666267	101963189	229	0.6616
20ca8b0a-b561-405f-89d4-5f12f40a5455	5	101964286	104515520	1428	0.4546
20ca8b0a-b561-405f-89d4-5f12f40a5455	5	104524672	104524903	4	-1.4249
20ca8b0a-b561-405f-89d4-5f12f40a5455	5	104525348	167869423	41378	0.4771
20ca8b0a-b561-405f-89d4-5f12f40a5455	5	167869435	173775504	4470	0.5379
20ca8b0a-b561-405f-89d4-5f12f40a5455	5	173778055	173780308	9	-0.1543
20ca8b0a-b561-405f-89d4-5f12f40a5455	5	173780350	176603975	1901	0.5656
20ca8b0a-b561-405f-89d4-5f12f40a5455	5	176605397	177839225	501	0.4566
20ca8b0a-b561-405f-89d4-5f12f40a5455	5	177876764	178464131	296	0.5673
20ca8b0a-b561-405f-89d4-5f12f40a5455	5	178465346	178465955	3	-0.4839
20ca8b0a-b561-405f-89d4-5f12f40a5455	5	178466880	178486061	23	0.3861
20ca8b0a-b561-405f-89d4-5f12f40a5455	5	178486225	179624537	703	0.5694
20ca8b0a-b561-405f-89d4-5f12f40a5455	5	179624660	179676725	37	0.398
20ca8b0a-b561-405f-89d4-5f12f40a5455	5	179677049	179678151	9	-0.064
20ca8b0a-b561-405f-89d4-5f12f40a5455	5	179678266	180947523	718	0.5147
20ca8b0a-b561-405f-89d4-5f12f40a5455	5	180951710	180991103	19	-1.913
20ca8b0a-b561-405f-89d4-5f12f40a5455	5	181006225	181363319	170	0.4197
20ca8b0a-b561-405f-89d4-5f12f40a5455	6	149661	6025978	4839	-0.2168
20ca8b0a-b561-405f-89d4-5f12f40a5455	6	6033698	6034203	3	-3.1612
20ca8b0a-b561-405f-89d4-5f12f40a5455	6	6036812	29869295	16779	-0.2232
20ca8b0a-b561-405f-89d4-5f12f40a5455	6	29869410	32562521	1214	-0.3132
20ca8b0a-b561-405f-89d4-5f12f40a5455	6	32568621	57245643	15644	-0.2137
20ca8b0a-b561-405f-89d4-5f12f40a5455	6	57246064	61797284	821	-0.0686
20ca8b0a-b561-405f-89d4-5f12f40a5455	6	61797522	61797614	2	-0.8259
20ca8b0a-b561-405f-89d4-5f12f40a5455	6	61797701	65115735	1798	-0.2298
20ca8b0a-b561-405f-89d4-5f12f40a5455	6	65116654	65121791	11	-0.6646
20ca8b0a-b561-405f-89d4-5f12f40a5455	6	65124288	65218936	76	-0.0289
20ca8b0a-b561-405f-89d4-5f12f40a5455	6	65220792	66301708	704	-0.2397
20ca8b0a-b561-405f-89d4-5f12f40a5455	6	66314441	66334573	47	0.0554
20ca8b0a-b561-405f-89d4-5f12f40a5455	6	66337420	67068490	627	-0.2191
20ca8b0a-b561-405f-89d4-5f12f40a5455	6	67068634	67092842	28	0.1493
20ca8b0a-b561-405f-89d4-5f12f40a5455	6	67093030	67888767	504	-0.2202
20ca8b0a-b561-405f-89d4-5f12f40a5455	6	67890276	67922829	20	0.2143
20ca8b0a-b561-405f-89d4-5f12f40a5455	6	67927925	68977891	674	-0.2512
20ca8b0a-b561-405f-89d4-5f12f40a5455	6	68981078	68981476	2	-1.8086
20ca8b0a-b561-405f-89d4-5f12f40a5455	6	68987514	73882741	3143	-0.2225
20ca8b0a-b561-405f-89d4-5f12f40a5455	6	73883255	73887625	7	0.6662
20ca8b0a-b561-405f-89d4-5f12f40a5455	6	73891694	73997661	73	-0.2265
20ca8b0a-b561-405f-89d4-5f12f40a5455	6	73999993	74009077	4	0.5826
20ca8b0a-b561-405f-89d4-5f12f40a5455	6	74017935	76305231	1392	-0.2204
20ca8b0a-b561-405f-89d4-5f12f40a5455	6	76307183	76307276	4	0.5358
20ca8b0a-b561-405f-89d4-5f12f40a5455	6	76307326	76314659	14	-0.3966
20ca8b0a-b561-405f-89d4-5f12f40a5455	6	76314756	76323667	20	0.1623
20ca8b0a-b561-405f-89d4-5f12f40a5455	6	76324023	76708370	244	-0.2322
20ca8b0a-b561-405f-89d4-5f12f40a5455	6	76708490	76758214	40	0.2183
20ca8b0a-b561-405f-89d4-5f12f40a5455	6	76758749	77781348	668	-0.2334
20ca8b0a-b561-405f-89d4-5f12f40a5455	6	77782539	77782911	2	-1.4931
20ca8b0a-b561-405f-89d4-5f12f40a5455	6	77783805	78259348	306	-0.2096
20ca8b0a-b561-405f-89d4-5f12f40a5455	6	78259388	78318053	106	0.3245
20ca8b0a-b561-405f-89d4-5f12f40a5455	6	78322600	93795530	9922	-0.2342
20ca8b0a-b561-405f-89d4-5f12f40a5455	6	93797690	95388284	766	-0.0714
20ca8b0a-b561-405f-89d4-5f12f40a5455	6	95388756	103286770	4776	-0.2377
20ca8b0a-b561-405f-89d4-5f12f40a5455	6	103286928	103317795	51	0.6412
20ca8b0a-b561-405f-89d4-5f12f40a5455	6	103317836	103888023	389	-0.2729
20ca8b0a-b561-405f-89d4-5f12f40a5455	6	103888110	111474902	4631	-0.218
20ca8b0a-b561-405f-89d4-5f12f40a5455	6	111481590	118284278	4152	-0.2592
20ca8b0a-b561-405f-89d4-5f12f40a5455	6	118284292	118653518	205	-0.0464
20ca8b0a-b561-405f-89d4-5f12f40a5455	6	118653635	124557105	3613	-0.2383
20ca8b0a-b561-405f-89d4-5f12f40a5455	6	124563451	124566073	2	-1.5859
20ca8b0a-b561-405f-89d4-5f12f40a5455	6	124566213	125861617	882	-0.2656
20ca8b0a-b561-405f-89d4-5f12f40a5455	6	125862546	125865630	3	-2.0419
20ca8b0a-b561-405f-89d4-5f12f40a5455	6	125867747	134375877	5463	-0.2432
20ca8b0a-b561-405f-89d4-5f12f40a5455	6	134376239	134376302	2	-1.8237
20ca8b0a-b561-405f-89d4-5f12f40a5455	6	134376858	137657707	2342	-0.2476
20ca8b0a-b561-405f-89d4-5f12f40a5455	6	137658461	137658834	3	-2.6155
20ca8b0a-b561-405f-89d4-5f12f40a5455	6	137658970	140459207	1705	-0.2487
20ca8b0a-b561-405f-89d4-5f12f40a5455	6	140459356	140906802	217	-0.0727
20ca8b0a-b561-405f-89d4-5f12f40a5455	6	140913210	153636235	8605	-0.2403
20ca8b0a-b561-405f-89d4-5f12f40a5455	6	153639651	153640284	2	-2.2735
20ca8b0a-b561-405f-89d4-5f12f40a5455	6	153640764	161813154	5564	-0.2319
20ca8b0a-b561-405f-89d4-5f12f40a5455	6	161813228	162699037	770	-0.1404
20ca8b0a-b561-405f-89d4-5f12f40a5455	6	162699353	167166189	3447	-0.2288
20ca8b0a-b561-405f-89d4-5f12f40a5455	6	167166270	168251327	474	-0.3377
20ca8b0a-b561-405f-89d4-5f12f40a5455	6	168253606	170741917	1638	-0.2449
20ca8b0a-b561-405f-89d4-5f12f40a5455	7	43355	902112	222	0.1205
20ca8b0a-b561-405f-89d4-5f12f40a5455	7	927563	1113505	81	-0.1163
20ca8b0a-b561-405f-89d4-5f12f40a5455	7	1118508	2196825	405	0.2167
20ca8b0a-b561-405f-89d4-5f12f40a5455	7	2197137	2397393	79	-0.0188
20ca8b0a-b561-405f-89d4-5f12f40a5455	7	2408415	2485964	39	0.1693
20ca8b0a-b561-405f-89d4-5f12f40a5455	7	2505853	6650639	2542	0.2156
20ca8b0a-b561-405f-89d4-5f12f40a5455	7	6650758	8203794	1201	0.1409
20ca8b0a-b561-405f-89d4-5f12f40a5455	7	8205280	9174473	860	0.2574
20ca8b0a-b561-405f-89d4-5f12f40a5455	7	9174533	9745624	444	0.1479
20ca8b0a-b561-405f-89d4-5f12f40a5455	7	9747902	9859751	100	0.2985
20ca8b0a-b561-405f-89d4-5f12f40a5455	7	9862960	9996166	99	0.4366
20ca8b0a-b561-405f-89d4-5f12f40a5455	7	10010274	10632981	438	0.2123
20ca8b0a-b561-405f-89d4-5f12f40a5455	7	10635271	11276305	466	0.14
20ca8b0a-b561-405f-89d4-5f12f40a5455	7	11276368	11302364	44	0.387
20ca8b0a-b561-405f-89d4-5f12f40a5455	7	11303447	11726985	405	0.1578
20ca8b0a-b561-405f-89d4-5f12f40a5455	7	11733156	11733890	4	-0.6977
20ca8b0a-b561-405f-89d4-5f12f40a5455	7	11734614	15287468	2846	0.1413
20ca8b0a-b561-405f-89d4-5f12f40a5455	7	15289357	15438040	126	0.3456
20ca8b0a-b561-405f-89d4-5f12f40a5455	7	15438527	16130033	583	0.1078
20ca8b0a-b561-405f-89d4-5f12f40a5455	7	16131935	16132634	2	-1.6312
20ca8b0a-b561-405f-89d4-5f12f40a5455	7	16137216	17100895	793	0.1671
20ca8b0a-b561-405f-89d4-5f12f40a5455	7	17101066	17462707	241	0.2983
20ca8b0a-b561-405f-89d4-5f12f40a5455	7	17464515	17464569	2	1.7705
20ca8b0a-b561-405f-89d4-5f12f40a5455	7	17465005	17635774	156	0.2758
20ca8b0a-b561-405f-89d4-5f12f40a5455	7	17636657	18940644	1010	0.142
20ca8b0a-b561-405f-89d4-5f12f40a5455	7	18940815	19723417	822	0.3033
20ca8b0a-b561-405f-89d4-5f12f40a5455	7	19723571	38248326	13342	0.1607
20ca8b0a-b561-405f-89d4-5f12f40a5455	7	38251092	38295522	71	0.4227
20ca8b0a-b561-405f-89d4-5f12f40a5455	7	38295919	54299223	11037	0.1784
20ca8b0a-b561-405f-89d4-5f12f40a5455	7	54305455	54325795	8	1.044
20ca8b0a-b561-405f-89d4-5f12f40a5455	7	54326708	55266227	868	0.156
20ca8b0a-b561-405f-89d4-5f12f40a5455	7	55266309	70955452	5257	0.2079
20ca8b0a-b561-405f-89d4-5f12f40a5455	7	70958264	70961155	2	1.7254
20ca8b0a-b561-405f-89d4-5f12f40a5455	7	70963257	76341926	2093	0.2137
20ca8b0a-b561-405f-89d4-5f12f40a5455	7	76344744	76514576	47	0.7441
20ca8b0a-b561-405f-89d4-5f12f40a5455	7	76524031	88570013	7618	0.1545
20ca8b0a-b561-405f-89d4-5f12f40a5455	7	88570233	90128181	1055	0.2722
20ca8b0a-b561-405f-89d4-5f12f40a5455	7	90128384	96560010	4098	0.1442
20ca8b0a-b561-405f-89d4-5f12f40a5455	7	96560103	97766150	775	0.1797
20ca8b0a-b561-405f-89d4-5f12f40a5455	7	97766153	97766158	3	1.42
20ca8b0a-b561-405f-89d4-5f12f40a5455	7	97766159	97772620	4	-0.2588
20ca8b0a-b561-405f-89d4-5f12f40a5455	7	97772647	97788298	28	0.3405
20ca8b0a-b561-405f-89d4-5f12f40a5455	7	97791337	97791340	3	-1.0142
20ca8b0a-b561-405f-89d4-5f12f40a5455	7	97791778	102765997	2053	0.204
20ca8b0a-b561-405f-89d4-5f12f40a5455	7	102766233	105458908	1672	0.1557
20ca8b0a-b561-405f-89d4-5f12f40a5455	7	105462925	105464366	3	-0.8565
20ca8b0a-b561-405f-89d4-5f12f40a5455	7	105472042	108093548	1703	0.1702
20ca8b0a-b561-405f-89d4-5f12f40a5455	7	108095691	108191586	95	0.3166
20ca8b0a-b561-405f-89d4-5f12f40a5455	7	108191967	109793728	1047	0.1259
20ca8b0a-b561-405f-89d4-5f12f40a5455	7	109793741	109801903	30	0.5403
20ca8b0a-b561-405f-89d4-5f12f40a5455	7	109813656	109813853	6	1.3442
20ca8b0a-b561-405f-89d4-5f12f40a5455	7	109813925	109818333	4	0.5582
20ca8b0a-b561-405f-89d4-5f12f40a5455	7	109818700	111150555	886	0.1432
20ca8b0a-b561-405f-89d4-5f12f40a5455	7	111151136	111492666	238	0.3188
20ca8b0a-b561-405f-89d4-5f12f40a5455	7	111497696	118267099	4054	0.1386
20ca8b0a-b561-405f-89d4-5f12f40a5455	7	118267333	118399158	62	0.364
20ca8b0a-b561-405f-89d4-5f12f40a5455	7	118401679	123167557	2790	0.1295
20ca8b0a-b561-405f-89d4-5f12f40a5455	7	123167626	123237979	53	0.3578
20ca8b0a-b561-405f-89d4-5f12f40a5455	7	123238748	125851727	1554	0.1261
20ca8b0a-b561-405f-89d4-5f12f40a5455	7	125853777	125974879	85	0.3294
20ca8b0a-b561-405f-89d4-5f12f40a5455	7	125975513	126404920	301	0.1506
20ca8b0a-b561-405f-89d4-5f12f40a5455	7	126405428	126406561	12	1.0867
20ca8b0a-b561-405f-89d4-5f12f40a5455	7	126406822	134100424	4700	0.1673
20ca8b0a-b561-405f-89d4-5f12f40a5455	7	134100442	134110881	25	0.6216
20ca8b0a-b561-405f-89d4-5f12f40a5455	7	134110912	142063324	5198	0.1707
20ca8b0a-b561-405f-89d4-5f12f40a5455	7	142069843	142088203	28	-0.6463
20ca8b0a-b561-405f-89d4-5f12f40a5455	7	142090177	156592980	9243	0.1844
20ca8b0a-b561-405f-89d4-5f12f40a5455	7	156599096	156601485	4	-1.3084
20ca8b0a-b561-405f-89d4-5f12f40a5455	7	156602214	158920562	1338	0.1878
20ca8b0a-b561-405f-89d4-5f12f40a5455	7	158921525	159182924	185	0.0121
20ca8b0a-b561-405f-89d4-5f12f40a5455	7	159188286	159334314	101	0.2107
20ca8b0a-b561-405f-89d4-5f12f40a5455	8	81254	5741213	6001	0.1762
20ca8b0a-b561-405f-89d4-5f12f40a5455	8	5741242	5947203	260	0.3296
20ca8b0a-b561-405f-89d4-5f12f40a5455	8	5947632	6814753	1159	0.1538
20ca8b0a-b561-405f-89d4-5f12f40a5455	8	6815022	6820120	3	-1.7141
20ca8b0a-b561-405f-89d4-5f12f40a5455	8	6820293	23544795	12906	0.1599
20ca8b0a-b561-405f-89d4-5f12f40a5455	8	23550227	23550358	5	-3.6479
20ca8b0a-b561-405f-89d4-5f12f40a5455	8	23550392	25116928	1139	0.1438
20ca8b0a-b561-405f-89d4-5f12f40a5455	8	25116961	25117062	3	-0.9204
20ca8b0a-b561-405f-89d4-5f12f40a5455	8	25117985	25126818	23	-2.5557
20ca8b0a-b561-405f-89d4-5f12f40a5455	8	25133589	31787809	4572	0.1649
20ca8b0a-b561-405f-89d4-5f12f40a5455	8	31787880	32356607	467	0.0705
20ca8b0a-b561-405f-89d4-5f12f40a5455	8	32356801	39373140	3980	0.1483
20ca8b0a-b561-405f-89d4-5f12f40a5455	8	39378084	39529446	58	-1.9503
20ca8b0a-b561-405f-89d4-5f12f40a5455	8	39530780	40914477	1072	0.1356
20ca8b0a-b561-405f-89d4-5f12f40a5455	8	40920333	40920952	2	-1.749
20ca8b0a-b561-405f-89d4-5f12f40a5455	8	40926161	46821242	1796	0.1627
20ca8b0a-b561-405f-89d4-5f12f40a5455	8	46822506	46822668	2	-1.1731
20ca8b0a-b561-405f-89d4-5f12f40a5455	8	46823555	49525747	1350	0.1407
20ca8b0a-b561-405f-89d4-5f12f40a5455	8	49528487	49618173	52	0.3939
20ca8b0a-b561-405f-89d4-5f12f40a5455	8	49620264	50563837	612	0.1459
20ca8b0a-b561-405f-89d4-5f12f40a5455	8	50571605	51126202	317	0.0674
20ca8b0a-b561-405f-89d4-5f12f40a5455	8	51126292	51132987	3	0.6872
20ca8b0a-b561-405f-89d4-5f12f40a5455	8	51135141	51302153	92	0.0542
20ca8b0a-b561-405f-89d4-5f12f40a5455	8	51305616	51960810	435	0.1539
20ca8b0a-b561-405f-89d4-5f12f40a5455	8	51966398	51974217	2	-1.1317
20ca8b0a-b561-405f-89d4-5f12f40a5455	8	51974981	57472866	3665	0.1487
20ca8b0a-b561-405f-89d4-5f12f40a5455	8	57474854	84353518	16473	0.1153
20ca8b0a-b561-405f-89d4-5f12f40a5455	8	84353545	84359303	27	0.4816
20ca8b0a-b561-405f-89d4-5f12f40a5455	8	84359316	93908272	5387	0.1007
20ca8b0a-b561-405f-89d4-5f12f40a5455	8	93911728	96403692	1801	0.1465
20ca8b0a-b561-405f-89d4-5f12f40a5455	8	96405004	96405631	4	-0.7624
20ca8b0a-b561-405f-89d4-5f12f40a5455	8	96407307	97536598	705	0.1047
20ca8b0a-b561-405f-89d4-5f12f40a5455	8	97536949	98207698	424	0.1855
20ca8b0a-b561-405f-89d4-5f12f40a5455	8	98208313	106086548	4613	0.1033
20ca8b0a-b561-405f-89d4-5f12f40a5455	8	106086931	106313769	149	0.2928
20ca8b0a-b561-405f-89d4-5f12f40a5455	8	106314611	108767093	1641	0.1079
20ca8b0a-b561-405f-89d4-5f12f40a5455	8	108767560	108941271	83	0.3227
20ca8b0a-b561-405f-89d4-5f12f40a5455	8	108944839	111279265	1281	0.0812
20ca8b0a-b561-405f-89d4-5f12f40a5455	8	111282050	111283031	10	1.3495
20ca8b0a-b561-405f-89d4-5f12f40a5455	8	111288052	114732986	1914	0.0767
20ca8b0a-b561-405f-89d4-5f12f40a5455	8	114736608	114856178	84	0.2989
20ca8b0a-b561-405f-89d4-5f12f40a5455	8	114856305	116966525	1321	0.07
20ca8b0a-b561-405f-89d4-5f12f40a5455	8	116966628	135842340	13777	0.1159
20ca8b0a-b561-405f-89d4-5f12f40a5455	8	135842711	136640701	622	0.0818
20ca8b0a-b561-405f-89d4-5f12f40a5455	8	136642171	136850173	193	0.275
20ca8b0a-b561-405f-89d4-5f12f40a5455	8	136850192	140619100	3004	0.1722
20ca8b0a-b561-405f-89d4-5f12f40a5455	8	140620316	140994810	198	0.2633
20ca8b0a-b561-405f-89d4-5f12f40a5455	8	140995196	142245460	771	0.067
20ca8b0a-b561-405f-89d4-5f12f40a5455	8	142247023	145072769	1020	0.1485
20ca8b0a-b561-405f-89d4-5f12f40a5455	9	46587	10403105	9966	0.5328
20ca8b0a-b561-405f-89d4-5f12f40a5455	9	10404138	10404986	2	-0.9151
20ca8b0a-b561-405f-89d4-5f12f40a5455	9	10407943	10420327	14	0.51
20ca8b0a-b561-405f-89d4-5f12f40a5455	9	10423598	10455386	24	0.8
20ca8b0a-b561-405f-89d4-5f12f40a5455	9	10459150	10974337	465	0.5215
20ca8b0a-b561-405f-89d4-5f12f40a5455	9	10977624	12617397	1272	0.6465
20ca8b0a-b561-405f-89d4-5f12f40a5455	9	12617803	19654483	5943	0.5306
20ca8b0a-b561-405f-89d4-5f12f40a5455	9	19654788	24460003	3478	0.4888
20ca8b0a-b561-405f-89d4-5f12f40a5455	9	24463422	28550577	3188	0.5269
20ca8b0a-b561-405f-89d4-5f12f40a5455	9	28550594	28982220	345	0.6551
20ca8b0a-b561-405f-89d4-5f12f40a5455	9	28985512	30418370	994	0.5248
20ca8b0a-b561-405f-89d4-5f12f40a5455	9	30418803	30710016	176	0.6363
20ca8b0a-b561-405f-89d4-5f12f40a5455	9	30711914	32113152	1009	0.4685
20ca8b0a-b561-405f-89d4-5f12f40a5455	9	32113321	38989381	4228	0.5528
20ca8b0a-b561-405f-89d4-5f12f40a5455	9	38996106	38996751	3	-0.4464
20ca8b0a-b561-405f-89d4-5f12f40a5455	9	39011605	39588611	58	0.4896
20ca8b0a-b561-405f-89d4-5f12f40a5455	9	39747848	41644133	93	0.1358
20ca8b0a-b561-405f-89d4-5f12f40a5455	9	41644133	41646850	5	-1.3092
20ca8b0a-b561-405f-89d4-5f12f40a5455	9	41659472	42726239	58	0.1093
20ca8b0a-b561-405f-89d4-5f12f40a5455	9	42727685	61405110	42	0.3998
20ca8b0a-b561-405f-89d4-5f12f40a5455	9	61520021	61629689	28	-0.6896
20ca8b0a-b561-405f-89d4-5f12f40a5455	9	61633080	64480563	94	-0.0494
20ca8b0a-b561-405f-89d4-5f12f40a5455	9	64480573	67832599	73	0.3401
20ca8b0a-b561-405f-89d4-5f12f40a5455	9	67915741	96240572	19852	-0.2745
20ca8b0a-b561-405f-89d4-5f12f40a5455	9	96241375	96251334	7	-1.3082
20ca8b0a-b561-405f-89d4-5f12f40a5455	9	96251475	98872434	1590	-0.2489
20ca8b0a-b561-405f-89d4-5f12f40a5455	9	98873589	98873926	2	-1.8563
20ca8b0a-b561-405f-89d4-5f12f40a5455	9	98875916	102077362	2107	-0.2749
20ca8b0a-b561-405f-89d4-5f12f40a5455	9	102077386	102091106	22	0.2212
20ca8b0a-b561-405f-89d4-5f12f40a5455	9	102091288	103804216	1191	-0.2565
20ca8b0a-b561-405f-89d4-5f12f40a5455	9	103806415	103807009	2	-2.9577
20ca8b0a-b561-405f-89d4-5f12f40a5455	9	103808421	138200944	23074	-0.258
20ca8b0a-b561-405f-89d4-5f12f40a5455	10	45792	4197915	3523	-0.2734
20ca8b0a-b561-405f-89d4-5f12f40a5455	10	4198530	4199380	4	-1.5198
20ca8b0a-b561-405f-89d4-5f12f40a5455	10	4201806	5610274	1251	-0.2791
20ca8b0a-b561-405f-89d4-5f12f40a5455	10	5610776	5652649	19	-0.8583
20ca8b0a-b561-405f-89d4-5f12f40a5455	10	5654797	12539787	5654	-0.2704
20ca8b0a-b561-405f-89d4-5f12f40a5455	10	12540520	12540714	3	-1.6543
20ca8b0a-b561-405f-89d4-5f12f40a5455	10	12540785	24088746	8723	-0.2516
20ca8b0a-b561-405f-89d4-5f12f40a5455	10	24088747	24089125	9	-1.4261
20ca8b0a-b561-405f-89d4-5f12f40a5455	10	24089979	32662809	6078	-0.2505
20ca8b0a-b561-405f-89d4-5f12f40a5455	10	32663409	32666045	29	0.1535
20ca8b0a-b561-405f-89d4-5f12f40a5455	10	32666158	34916592	1581	-0.2692
20ca8b0a-b561-405f-89d4-5f12f40a5455	10	34916714	34941155	14	-1.0712
20ca8b0a-b561-405f-89d4-5f12f40a5455	10	34941405	48084420	5107	-0.2461
20ca8b0a-b561-405f-89d4-5f12f40a5455	10	48084439	48114825	2	-3.185
20ca8b0a-b561-405f-89d4-5f12f40a5455	10	48114838	54850955	4977	-0.2726
20ca8b0a-b561-405f-89d4-5f12f40a5455	10	54854572	56032680	782	-0.1379
20ca8b0a-b561-405f-89d4-5f12f40a5455	10	56035317	56751877	460	-0.2841
20ca8b0a-b561-405f-89d4-5f12f40a5455	10	56751894	56766637	46	0.0827
20ca8b0a-b561-405f-89d4-5f12f40a5455	10	56767018	57069171	245	-0.2768
20ca8b0a-b561-405f-89d4-5f12f40a5455	10	57069935	57146148	55	0.0024
20ca8b0a-b561-405f-89d4-5f12f40a5455	10	57146289	65513166	5779	-0.2896
20ca8b0a-b561-405f-89d4-5f12f40a5455	10	65517865	65531610	14	0.1338
20ca8b0a-b561-405f-89d4-5f12f40a5455	10	65532612	65536569	10	-0.4499
20ca8b0a-b561-405f-89d4-5f12f40a5455	10	65538843	65585009	66	0.0474
20ca8b0a-b561-405f-89d4-5f12f40a5455	10	65585490	87310039	14385	-0.274
20ca8b0a-b561-405f-89d4-5f12f40a5455	10	87318456	87353136	10	-1.3515
20ca8b0a-b561-405f-89d4-5f12f40a5455	10	87357543	90603337	2389	-0.291
20ca8b0a-b561-405f-89d4-5f12f40a5455	10	90604571	122468703	21361	-0.255
20ca8b0a-b561-405f-89d4-5f12f40a5455	10	122470997	122471425	3	-1.6648
20ca8b0a-b561-405f-89d4-5f12f40a5455	10	122475364	130530904	6034	-0.2482
20ca8b0a-b561-405f-89d4-5f12f40a5455	10	130531008	133654968	1933	-0.3214
20ca8b0a-b561-405f-89d4-5f12f40a5455	11	198510	4946021	2414	0.1818
20ca8b0a-b561-405f-89d4-5f12f40a5455	11	4946166	4952799	27	0.9166
20ca8b0a-b561-405f-89d4-5f12f40a5455	11	4953934	5180667	194	0.241
20ca8b0a-b561-405f-89d4-5f12f40a5455	11	5186788	5193151	13	0.6976
20ca8b0a-b561-405f-89d4-5f12f40a5455	11	5193183	5757293	574	0.2162
20ca8b0a-b561-405f-89d4-5f12f40a5455	11	5761695	5795002	46	0.6238
20ca8b0a-b561-405f-89d4-5f12f40a5455	11	5795055	13042421	5518	0.2002
20ca8b0a-b561-405f-89d4-5f12f40a5455	11	13044627	13327127	313	0.4989
20ca8b0a-b561-405f-89d4-5f12f40a5455	11	13329971	15811071	1560	0.1823
20ca8b0a-b561-405f-89d4-5f12f40a5455	11	15811268	16646829	495	0.1105
20ca8b0a-b561-405f-89d4-5f12f40a5455	11	16648187	21825348	4158	0.2078
20ca8b0a-b561-405f-89d4-5f12f40a5455	11	21825960	21827206	5	-0.9242
20ca8b0a-b561-405f-89d4-5f12f40a5455	11	21829111	25102205	2272	0.1483
20ca8b0a-b561-405f-89d4-5f12f40a5455	11	25102307	25272005	141	0.3446
20ca8b0a-b561-405f-89d4-5f12f40a5455	11	25274907	25528909	190	0.1406
20ca8b0a-b561-405f-89d4-5f12f40a5455	11	25528975	25565110	38	0.493
20ca8b0a-b561-405f-89d4-5f12f40a5455	11	25565415	27526967	1509	0.1731
20ca8b0a-b561-405f-89d4-5f12f40a5455	11	27529206	30033684	1470	0.1301
20ca8b0a-b561-405f-89d4-5f12f40a5455	11	30034252	37096276	5180	0.185
20ca8b0a-b561-405f-89d4-5f12f40a5455	11	37096556	37096715	2	-1.3072
20ca8b0a-b561-405f-89d4-5f12f40a5455	11	37100469	37968554	592	0.2418
20ca8b0a-b561-405f-89d4-5f12f40a5455	11	37971151	41389256	2198	0.1474
20ca8b0a-b561-405f-89d4-5f12f40a5455	11	41390464	48445395	4320	0.1965
20ca8b0a-b561-405f-89d4-5f12f40a5455	11	48448176	48968103	177	0.3294
20ca8b0a-b561-405f-89d4-5f12f40a5455	11	48969924	54567874	699	0.1905
20ca8b0a-b561-405f-89d4-5f12f40a5455	11	54571429	56240067	819	0.2938
20ca8b0a-b561-405f-89d4-5f12f40a5455	11	56242723	64866586	4732	0.1986
20ca8b0a-b561-405f-89d4-5f12f40a5455	11	64870569	68087165	1207	0.1368
20ca8b0a-b561-405f-89d4-5f12f40a5455	11	68087553	81597413	8057	0.1895
20ca8b0a-b561-405f-89d4-5f12f40a5455	11	81597908	84675233	2066	0.1591
20ca8b0a-b561-405f-89d4-5f12f40a5455	11	84680719	84863113	119	0.3186
20ca8b0a-b561-405f-89d4-5f12f40a5455	11	84864223	86178906	853	0.1493
20ca8b0a-b561-405f-89d4-5f12f40a5455	11	86179277	86187779	15	-0.3156
20ca8b0a-b561-405f-89d4-5f12f40a5455	11	86188770	87627854	1018	0.1776
20ca8b0a-b561-405f-89d4-5f12f40a5455	11	87628082	87642926	14	0.598
20ca8b0a-b561-405f-89d4-5f12f40a5455	11	87644552	92058256	2757	0.1415
20ca8b0a-b561-405f-89d4-5f12f40a5455	11	92058509	92065758	9	-0.4638
20ca8b0a-b561-405f-89d4-5f12f40a5455	11	92067234	94476210	1734	0.197
20ca8b0a-b561-405f-89d4-5f12f40a5455	11	94477582	97304894	2096	0.128
20ca8b0a-b561-405f-89d4-5f12f40a5455	11	97305319	97537343	203	0.1733
20ca8b0a-b561-405f-89d4-5f12f40a5455	11	97542144	97651098	63	0.3438
20ca8b0a-b561-405f-89d4-5f12f40a5455	11	97651360	97963496	212	0.1241
20ca8b0a-b561-405f-89d4-5f12f40a5455	11	97963531	98008603	53	0.4115
20ca8b0a-b561-405f-89d4-5f12f40a5455	11	98008616	113572589	10777	0.1546
20ca8b0a-b561-405f-89d4-5f12f40a5455	11	113575347	124901635	8111	0.1909
20ca8b0a-b561-405f-89d4-5f12f40a5455	11	124906091	124906888	2	-1.3618
20ca8b0a-b561-405f-89d4-5f12f40a5455	11	124907522	134386602	7207	0.2009
20ca8b0a-b561-405f-89d4-5f12f40a5455	11	134386911	135056917	545	0.0929
20ca8b0a-b561-405f-89d4-5f12f40a5455	11	135056996	135074876	14	0.4369
20ca8b0a-b561-405f-89d4-5f12f40a5455	12	51460	271245	132	-0.3399
20ca8b0a-b561-405f-89d4-5f12f40a5455	12	271877	271985	3	-1.5813
20ca8b0a-b561-405f-89d4-5f12f40a5455	12	273509	9481274	6032	-0.2208
20ca8b0a-b561-405f-89d4-5f12f40a5455	12	9485313	9575696	23	-1.6434
20ca8b0a-b561-405f-89d4-5f12f40a5455	12	9582373	10665012	772	-0.2348
20ca8b0a-b561-405f-89d4-5f12f40a5455	12	10665058	10665583	6	0.4607
20ca8b0a-b561-405f-89d4-5f12f40a5455	12	10666230	11068125	260	-0.2872
20ca8b0a-b561-405f-89d4-5f12f40a5455	12	11070111	11088933	9	-1.1279
20ca8b0a-b561-405f-89d4-5f12f40a5455	12	11099275	11400944	169	-0.0657
20ca8b0a-b561-405f-89d4-5f12f40a5455	12	11402077	19314078	5396	-0.2607
20ca8b0a-b561-405f-89d4-5f12f40a5455	12	19321836	19427570	53	0.5417
20ca8b0a-b561-405f-89d4-5f12f40a5455	12	19428370	33154144	9938	-0.257
20ca8b0a-b561-405f-89d4-5f12f40a5455	12	33154440	38712929	1280	-0.111
20ca8b0a-b561-405f-89d4-5f12f40a5455	12	38716482	41545810	1834	-0.2609
20ca8b0a-b561-405f-89d4-5f12f40a5455	12	41546731	44078648	1639	-0.215
20ca8b0a-b561-405f-89d4-5f12f40a5455	12	44082214	45506042	829	-0.2964
20ca8b0a-b561-405f-89d4-5f12f40a5455	12	45510655	45515754	4	0.7246
20ca8b0a-b561-405f-89d4-5f12f40a5455	12	45519509	47841955	1383	-0.2805
20ca8b0a-b561-405f-89d4-5f12f40a5455	12	47843465	47845347	2	-1.3865
20ca8b0a-b561-405f-89d4-5f12f40a5455	12	47845981	48188933	241	-0.272
20ca8b0a-b561-405f-89d4-5f12f40a5455	12	48189190	58530506	5758	-0.2301
20ca8b0a-b561-405f-89d4-5f12f40a5455	12	58530933	63525708	3234	-0.2752
20ca8b0a-b561-405f-89d4-5f12f40a5455	12	63526209	63693918	46	0.0148
20ca8b0a-b561-405f-89d4-5f12f40a5455	12	63694565	71343234	5121	-0.2689
20ca8b0a-b561-405f-89d4-5f12f40a5455	12	71346465	71437332	44	0.0197
20ca8b0a-b561-405f-89d4-5f12f40a5455	12	71438787	72800386	823	-0.2773
20ca8b0a-b561-405f-89d4-5f12f40a5455	12	72804967	72965386	100	-0.0093
20ca8b0a-b561-405f-89d4-5f12f40a5455	12	72965942	73913012	546	-0.2736
20ca8b0a-b561-405f-89d4-5f12f40a5455	12	73915767	73985797	36	0.1015
20ca8b0a-b561-405f-89d4-5f12f40a5455	12	73991870	74785641	477	-0.2545
20ca8b0a-b561-405f-89d4-5f12f40a5455	12	74792132	74792534	3	-1.9072
20ca8b0a-b561-405f-89d4-5f12f40a5455	12	74793920	96486775	13801	-0.2773
20ca8b0a-b561-405f-89d4-5f12f40a5455	12	96489528	96489640	2	-2.4383
20ca8b0a-b561-405f-89d4-5f12f40a5455	12	96497186	105895359	6402	-0.2527
20ca8b0a-b561-405f-89d4-5f12f40a5455	12	105896107	119551082	9314	-0.2142
20ca8b0a-b561-405f-89d4-5f12f40a5455	12	119551175	119552815	8	-1.1254
20ca8b0a-b561-405f-89d4-5f12f40a5455	12	119552845	128334179	5605	-0.224
20ca8b0a-b561-405f-89d4-5f12f40a5455	12	128334968	131329259	2551	-0.2704
20ca8b0a-b561-405f-89d4-5f12f40a5455	12	131330274	131330777	3	-2.068
20ca8b0a-b561-405f-89d4-5f12f40a5455	12	131331668	133201603	877	-0.2739
20ca8b0a-b561-405f-89d4-5f12f40a5455	13	18452809	21122562	1440	0.2101
20ca8b0a-b561-405f-89d4-5f12f40a5455	13	21122616	21123981	2	-1.1728
20ca8b0a-b561-405f-89d4-5f12f40a5455	13	21126714	23058721	1416	0.178
20ca8b0a-b561-405f-89d4-5f12f40a5455	13	23058737	23059376	10	-0.3613
20ca8b0a-b561-405f-89d4-5f12f40a5455	13	23064056	23911776	642	0.2068
20ca8b0a-b561-405f-89d4-5f12f40a5455	13	23911963	23912005	2	-1.3004
20ca8b0a-b561-405f-89d4-5f12f40a5455	13	23912670	31957984	6049	0.1873
20ca8b0a-b561-405f-89d4-5f12f40a5455	13	31958485	31964286	18	-0.9318
20ca8b0a-b561-405f-89d4-5f12f40a5455	13	31965910	37495907	3897	0.1643
20ca8b0a-b561-405f-89d4-5f12f40a5455	13	37496233	37533974	63	0.3732
20ca8b0a-b561-405f-89d4-5f12f40a5455	13	37538276	49368117	8151	0.1638
20ca8b0a-b561-405f-89d4-5f12f40a5455	13	49381881	51126325	1007	0.2396
20ca8b0a-b561-405f-89d4-5f12f40a5455	13	51130025	54561613	1990	0.169
20ca8b0a-b561-405f-89d4-5f12f40a5455	13	54563454	54900372	198	0.3292
20ca8b0a-b561-405f-89d4-5f12f40a5455	13	54901907	57111536	1101	0.1308
20ca8b0a-b561-405f-89d4-5f12f40a5455	13	57113023	57425103	198	0.3356
20ca8b0a-b561-405f-89d4-5f12f40a5455	13	57428308	63644207	3657	0.1491
20ca8b0a-b561-405f-89d4-5f12f40a5455	13	63646468	64347714	409	0.3629
20ca8b0a-b561-405f-89d4-5f12f40a5455	13	64350817	66375238	1240	0.14
20ca8b0a-b561-405f-89d4-5f12f40a5455	13	66377027	66516434	101	0.3775
20ca8b0a-b561-405f-89d4-5f12f40a5455	13	66519624	66690948	133	0.1614
20ca8b0a-b561-405f-89d4-5f12f40a5455	13	66691903	66792042	99	0.355
20ca8b0a-b561-405f-89d4-5f12f40a5455	13	66792889	66936951	91	0.0754
20ca8b0a-b561-405f-89d4-5f12f40a5455	13	66938877	66939054	3	-0.5261
20ca8b0a-b561-405f-89d4-5f12f40a5455	13	66939109	66954441	39	0.0991
20ca8b0a-b561-405f-89d4-5f12f40a5455	13	66958022	66958209	4	0.6127
20ca8b0a-b561-405f-89d4-5f12f40a5455	13	66962270	67192904	150	0.1219
20ca8b0a-b561-405f-89d4-5f12f40a5455	13	67198465	67313857	71	0.3572
20ca8b0a-b561-405f-89d4-5f12f40a5455	13	67314656	68690391	788	0.1733
20ca8b0a-b561-405f-89d4-5f12f40a5455	13	68690404	68696494	12	0.5596
20ca8b0a-b561-405f-89d4-5f12f40a5455	13	68696560	68703184	12	0.2415
20ca8b0a-b561-405f-89d4-5f12f40a5455	13	68703768	93727108	16304	0.1379
20ca8b0a-b561-405f-89d4-5f12f40a5455	13	93732327	103031308	6461	0.174
20ca8b0a-b561-405f-89d4-5f12f40a5455	13	103031722	103049356	16	0.7883
20ca8b0a-b561-405f-89d4-5f12f40a5455	13	103050314	103626275	533	0.1761
20ca8b0a-b561-405f-89d4-5f12f40a5455	13	103626290	103626592	5	1.1051
20ca8b0a-b561-405f-89d4-5f12f40a5455	13	103626717	105119435	1221	0.1483
20ca8b0a-b561-405f-89d4-5f12f40a5455	13	105122521	113824865	6397	0.2019
20ca8b0a-b561-405f-89d4-5f12f40a5455	13	113846237	113856549	6	-0.5131
20ca8b0a-b561-405f-89d4-5f12f40a5455	13	113858134	114342922	185	0.1067
20ca8b0a-b561-405f-89d4-5f12f40a5455	14	18239283	19650668	60	-0.109
20ca8b0a-b561-405f-89d4-5f12f40a5455	14	19667065	19956767	108	-0.5813
20ca8b0a-b561-405f-89d4-5f12f40a5455	14	19957350	21364617	977	-0.2082
20ca8b0a-b561-405f-89d4-5f12f40a5455	14	21364783	21980315	419	-0.1282
20ca8b0a-b561-405f-89d4-5f12f40a5455	14	21981850	21981915	2	-1.9496
20ca8b0a-b561-405f-89d4-5f12f40a5455	14	21986046	22508237	461	-0.0519
20ca8b0a-b561-405f-89d4-5f12f40a5455	14	22508264	34329406	7577	-0.243
20ca8b0a-b561-405f-89d4-5f12f40a5455	14	34329600	35969861	808	-0.1714
20ca8b0a-b561-405f-89d4-5f12f40a5455	14	35970168	40935888	3143	-0.2421
20ca8b0a-b561-405f-89d4-5f12f40a5455	14	40937087	41016322	82	-0.0308
20ca8b0a-b561-405f-89d4-5f12f40a5455	14	41016372	41138326	113	-0.3013
20ca8b0a-b561-405f-89d4-5f12f40a5455	14	41138431	41207547	24	0.1523
20ca8b0a-b561-405f-89d4-5f12f40a5455	14	41207565	42203968	636	-0.3018
20ca8b0a-b561-405f-89d4-5f12f40a5455	14	42205355	46402980	2372	-0.1863
20ca8b0a-b561-405f-89d4-5f12f40a5455	14	46403061	61097134	9429	-0.2474
20ca8b0a-b561-405f-89d4-5f12f40a5455	14	61100167	61285483	125	0.2264
20ca8b0a-b561-405f-89d4-5f12f40a5455	14	61286435	68161963	4269	-0.2325
20ca8b0a-b561-405f-89d4-5f12f40a5455	14	68161997	68969266	631	-0.3084
20ca8b0a-b561-405f-89d4-5f12f40a5455	14	68971490	73534419	2971	-0.2077
20ca8b0a-b561-405f-89d4-5f12f40a5455	14	73540003	73554275	8	0.4804
20ca8b0a-b561-405f-89d4-5f12f40a5455	14	73563196	81929221	5503	-0.2307
20ca8b0a-b561-405f-89d4-5f12f40a5455	14	81929683	87412843	3697	-0.2821
20ca8b0a-b561-405f-89d4-5f12f40a5455	14	87412908	106877229	11943	-0.2171
20ca8b0a-b561-405f-89d4-5f12f40a5455	15	19811075	34254233	7240	-0.973
20ca8b0a-b561-405f-89d4-5f12f40a5455	15	34254734	34675896	253	-0.7275
20ca8b0a-b561-405f-89d4-5f12f40a5455	15	34678236	39891702	3721	-0.9731
20ca8b0a-b561-405f-89d4-5f12f40a5455	15	39899109	39900717	2	-3.4036
20ca8b0a-b561-405f-89d4-5f12f40a5455	15	39904699	41919070	956	-0.9264
20ca8b0a-b561-405f-89d4-5f12f40a5455	15	41919465	41923820	5	-4.2952
20ca8b0a-b561-405f-89d4-5f12f40a5455	15	41925734	42129439	152	-1.0464
20ca8b0a-b561-405f-89d4-5f12f40a5455	15	42130373	42154200	12	-1.8545
20ca8b0a-b561-405f-89d4-5f12f40a5455	15	42154988	43539827	657	-0.8918
20ca8b0a-b561-405f-89d4-5f12f40a5455	15	43542120	43646608	30	-0.264
20ca8b0a-b561-405f-89d4-5f12f40a5455	15	43692744	43854624	54	-0.6848
20ca8b0a-b561-405f-89d4-5f12f40a5455	15	43858618	47294583	1870	-0.9479
20ca8b0a-b561-405f-89d4-5f12f40a5455	15	47295146	47295932	3	-3.2466
20ca8b0a-b561-405f-89d4-5f12f40a5455	15	47298215	53257190	3733	-0.9936
20ca8b0a-b561-405f-89d4-5f12f40a5455	15	53257875	53260800	2	-3.9114
20ca8b0a-b561-405f-89d4-5f12f40a5455	15	53262195	55219240	1507	-0.9658
20ca8b0a-b561-405f-89d4-5f12f40a5455	15	55219660	55221997	5	-3.9737
20ca8b0a-b561-405f-89d4-5f12f40a5455	15	55223781	61115079	4064	-0.9965
20ca8b0a-b561-405f-89d4-5f12f40a5455	15	61116293	61116879	4	-4.1914
20ca8b0a-b561-405f-89d4-5f12f40a5455	15	61118891	76586021	9244	-0.9838
20ca8b0a-b561-405f-89d4-5f12f40a5455	15	76598900	76609853	24	0.1677
20ca8b0a-b561-405f-89d4-5f12f40a5455	15	76609900	77971147	617	-0.8824
20ca8b0a-b561-405f-89d4-5f12f40a5455	15	77973345	81569484	2519	-1.0191
20ca8b0a-b561-405f-89d4-5f12f40a5455	15	81569537	85965728	2318	-0.8974
20ca8b0a-b561-405f-89d4-5f12f40a5455	15	85968663	85977902	7	-5.77
20ca8b0a-b561-405f-89d4-5f12f40a5455	15	85978606	87399757	1246	-0.9842
20ca8b0a-b561-405f-89d4-5f12f40a5455	15	87401723	87402043	2	-4.2533
20ca8b0a-b561-405f-89d4-5f12f40a5455	15	87403296	91305784	2558	-0.9957
20ca8b0a-b561-405f-89d4-5f12f40a5455	15	91305942	91320511	6	-2.4808
20ca8b0a-b561-405f-89d4-5f12f40a5455	15	91320550	91943196	437	-0.9859
20ca8b0a-b561-405f-89d4-5f12f40a5455	15	91943920	91945362	3	-5.19
20ca8b0a-b561-405f-89d4-5f12f40a5455	15	91945538	101928837	7660	-1.0106
20ca8b0a-b561-405f-89d4-5f12f40a5455	16	10777	1800396	622	-0.3465
20ca8b0a-b561-405f-89d4-5f12f40a5455	16	1800445	4950156	1470	-0.2466
20ca8b0a-b561-405f-89d4-5f12f40a5455	16	4951168	5889837	904	-0.155
20ca8b0a-b561-405f-89d4-5f12f40a5455	16	5890843	5945815	72	-0.5012
20ca8b0a-b561-405f-89d4-5f12f40a5455	16	5947792	15446683	8152	-0.1945
20ca8b0a-b561-405f-89d4-5f12f40a5455	16	15448342	17403087	1037	-0.3016
20ca8b0a-b561-405f-89d4-5f12f40a5455	16	17404806	28620264	6603	-0.1924
20ca8b0a-b561-405f-89d4-5f12f40a5455	16	28620700	28876624	24	-0.7097
20ca8b0a-b561-405f-89d4-5f12f40a5455	16	28879550	35225338	1245	-0.2155
20ca8b0a-b561-405f-89d4-5f12f40a5455	16	35232200	35522700	168	0.2353
20ca8b0a-b561-405f-89d4-5f12f40a5455	16	35526596	59256233	8738	-0.1979
20ca8b0a-b561-405f-89d4-5f12f40a5455	16	59260077	63102016	2463	-0.2509
20ca8b0a-b561-405f-89d4-5f12f40a5455	16	63104034	70105639	4156	-0.207
20ca8b0a-b561-405f-89d4-5f12f40a5455	16	70117657	70153189	10	-1.0863
20ca8b0a-b561-405f-89d4-5f12f40a5455	16	70153291	71768078	640	-0.1988
20ca8b0a-b561-405f-89d4-5f12f40a5455	16	71770011	71988166	98	0.2724
20ca8b0a-b561-405f-89d4-5f12f40a5455	16	71988224	78339440	4779	-0.2005
20ca8b0a-b561-405f-89d4-5f12f40a5455	16	78339867	78339920	2	1.5047
20ca8b0a-b561-405f-89d4-5f12f40a5455	16	78342480	81173784	3253	-0.2221
20ca8b0a-b561-405f-89d4-5f12f40a5455	16	81174570	81239570	70	-0.5766
20ca8b0a-b561-405f-89d4-5f12f40a5455	16	81240780	83995248	3001	-0.2236
20ca8b0a-b561-405f-89d4-5f12f40a5455	16	83995534	84807277	752	-0.3761
20ca8b0a-b561-405f-89d4-5f12f40a5455	16	84807746	86273004	1174	-0.2205
20ca8b0a-b561-405f-89d4-5f12f40a5455	16	86273096	86273116	2	-2.2101
20ca8b0a-b561-405f-89d4-5f12f40a5455	16	86273586	87994524	1471	-0.2079
20ca8b0a-b561-405f-89d4-5f12f40a5455	16	87998519	90096867	879	-0.3284
20ca8b0a-b561-405f-89d4-5f12f40a5455	17	150733	10954126	6355	-0.2001
20ca8b0a-b561-405f-89d4-5f12f40a5455	17	10957786	10959082	2	-3.0331
20ca8b0a-b561-405f-89d4-5f12f40a5455	17	10959236	13580363	1997	-0.1662
20ca8b0a-b561-405f-89d4-5f12f40a5455	17	13585551	15569996	1619	-0.2385
20ca8b0a-b561-405f-89d4-5f12f40a5455	17	15571773	16750987	482	-0.1781
20ca8b0a-b561-405f-89d4-5f12f40a5455	17	16754017	16819487	10	-0.9271
20ca8b0a-b561-405f-89d4-5f12f40a5455	17	16834846	18452078	909	-0.226
20ca8b0a-b561-405f-89d4-5f12f40a5455	17	18455632	18561272	25	0.516
20ca8b0a-b561-405f-89d4-5f12f40a5455	17	18561907	27447869	1726	-0.1772
20ca8b0a-b561-405f-89d4-5f12f40a5455	17	27450993	27476628	11	-0.8248
20ca8b0a-b561-405f-89d4-5f12f40a5455	17	27477308	28725326	619	-0.1807
20ca8b0a-b561-405f-89d4-5f12f40a5455	17	28728422	28971983	96	0.1724
20ca8b0a-b561-405f-89d4-5f12f40a5455	17	28978323	34355487	3173	-0.213
20ca8b0a-b561-405f-89d4-5f12f40a5455	17	34355729	34576856	272	-0.3463
20ca8b0a-b561-405f-89d4-5f12f40a5455	17	34577461	34584172	3	-3.555
20ca8b0a-b561-405f-89d4-5f12f40a5455	17	34584812	41273697	3504	-0.2195
20ca8b0a-b561-405f-89d4-5f12f40a5455	17	41273905	41274279	5	-1.5968
20ca8b0a-b561-405f-89d4-5f12f40a5455	17	41276472	45577724	2155	-0.1947
20ca8b0a-b561-405f-89d4-5f12f40a5455	17	45579014	45582060	6	-1.3451
20ca8b0a-b561-405f-89d4-5f12f40a5455	17	45587327	46127007	366	-0.313
20ca8b0a-b561-405f-89d4-5f12f40a5455	17	46130778	46286804	94	-0.7206
20ca8b0a-b561-405f-89d4-5f12f40a5455	17	46323701	46446360	4	1.4404
20ca8b0a-b561-405f-89d4-5f12f40a5455	17	46569894	49267235	1338	-0.1865
20ca8b0a-b561-405f-89d4-5f12f40a5455	17	49268201	49475333	129	0.2321
20ca8b0a-b561-405f-89d4-5f12f40a5455	17	49477554	49544310	29	-0.3369
20ca8b0a-b561-405f-89d4-5f12f40a5455	17	49546118	51462832	991	-0.2129
20ca8b0a-b561-405f-89d4-5f12f40a5455	17	51464816	51464858	2	-2.2308
20ca8b0a-b561-405f-89d4-5f12f40a5455	17	51465357	73692206	14156	-0.2081
20ca8b0a-b561-405f-89d4-5f12f40a5455	17	73693241	74675481	698	-0.3668
20ca8b0a-b561-405f-89d4-5f12f40a5455	17	74680224	78560062	2030	-0.2478
20ca8b0a-b561-405f-89d4-5f12f40a5455	17	78560165	78678151	99	-0.5028
20ca8b0a-b561-405f-89d4-5f12f40a5455	17	78680303	83010752	2023	-0.2505
20ca8b0a-b561-405f-89d4-5f12f40a5455	17	83011494	83091923	33	-0.5149
20ca8b0a-b561-405f-89d4-5f12f40a5455	18	48133	2275439	1624	-0.2128
20ca8b0a-b561-405f-89d4-5f12f40a5455	18	2276469	2278776	4	-1.4556
20ca8b0a-b561-405f-89d4-5f12f40a5455	18	2280229	5962015	2596	-0.2151
20ca8b0a-b561-405f-89d4-5f12f40a5455	18	5963764	5980878	25	-0.6882
20ca8b0a-b561-405f-89d4-5f12f40a5455	18	5981159	23880226	7655	-0.2168
20ca8b0a-b561-405f-89d4-5f12f40a5455	18	23887629	24112322	142	0.1934
20ca8b0a-b561-405f-89d4-5f12f40a5455	18	24112918	30009696	3839	-0.243
20ca8b0a-b561-405f-89d4-5f12f40a5455	18	30011763	30014792	3	0.936
20ca8b0a-b561-405f-89d4-5f12f40a5455	18	30018730	35733435	3583	-0.2594
20ca8b0a-b561-405f-89d4-5f12f40a5455	18	35734002	35734460	3	-1.9116
20ca8b0a-b561-405f-89d4-5f12f40a5455	18	35734989	35754486	19	-0.1873
20ca8b0a-b561-405f-89d4-5f12f40a5455	18	35754803	35756419	2	-1.5455
20ca8b0a-b561-405f-89d4-5f12f40a5455	18	35757648	39380799	2462	-0.2478
20ca8b0a-b561-405f-89d4-5f12f40a5455	18	39384434	39494122	63	-0.0154
20ca8b0a-b561-405f-89d4-5f12f40a5455	18	39494462	40678118	739	-0.2536
20ca8b0a-b561-405f-89d4-5f12f40a5455	18	40678132	40685425	32	0.3974
20ca8b0a-b561-405f-89d4-5f12f40a5455	18	40688060	65532281	17095	-0.2402
20ca8b0a-b561-405f-89d4-5f12f40a5455	18	65532329	65816586	197	-0.0426
20ca8b0a-b561-405f-89d4-5f12f40a5455	18	65819178	68423220	1913	-0.2336
20ca8b0a-b561-405f-89d4-5f12f40a5455	18	68423226	68563349	120	-0.0627
20ca8b0a-b561-405f-89d4-5f12f40a5455	18	68563536	68606855	45	-0.2772
20ca8b0a-b561-405f-89d4-5f12f40a5455	18	68609059	68650267	32	-0.0541
20ca8b0a-b561-405f-89d4-5f12f40a5455	18	68650947	69071802	295	-0.2929
20ca8b0a-b561-405f-89d4-5f12f40a5455	18	69071897	69090513	47	0.065
20ca8b0a-b561-405f-89d4-5f12f40a5455	18	69090550	69539991	356	-0.2535
20ca8b0a-b561-405f-89d4-5f12f40a5455	18	69540616	69550591	10	-1.1294
20ca8b0a-b561-405f-89d4-5f12f40a5455	18	69552795	71382253	1201	-0.2269
20ca8b0a-b561-405f-89d4-5f12f40a5455	18	71387796	73248563	1453	-0.1331
20ca8b0a-b561-405f-89d4-5f12f40a5455	18	73249324	80257174	5136	-0.2485
20ca8b0a-b561-405f-89d4-5f12f40a5455	19	90910	255578	4	0.2798
20ca8b0a-b561-405f-89d4-5f12f40a5455	19	255830	4257359	1126	-0.2743
20ca8b0a-b561-405f-89d4-5f12f40a5455	19	4265945	4437039	47	0.5714
20ca8b0a-b561-405f-89d4-5f12f40a5455	19	4437324	24274155	9953	0.2132
20ca8b0a-b561-405f-89d4-5f12f40a5455	19	24278016	24282155	10	-0.6691
20ca8b0a-b561-405f-89d4-5f12f40a5455	19	24304880	35358420	5566	0.2442
20ca8b0a-b561-405f-89d4-5f12f40a5455	19	35364451	35379446	26	-0.331
20ca8b0a-b561-405f-89d4-5f12f40a5455	19	35379534	51641893	8035	0.2136
20ca8b0a-b561-405f-89d4-5f12f40a5455	19	51643539	51644944	5	-1.4455
20ca8b0a-b561-405f-89d4-5f12f40a5455	19	51651652	58586487	4333	0.2025
20ca8b0a-b561-405f-89d4-5f12f40a5455	20	80664	444453	262	-0.2794
20ca8b0a-b561-405f-89d4-5f12f40a5455	20	445705	61973114	41061	-0.2245
20ca8b0a-b561-405f-89d4-5f12f40a5455	20	61983972	64324800	974	-0.3078
20ca8b0a-b561-405f-89d4-5f12f40a5455	21	10354168	14052047	339	-0.1353
20ca8b0a-b561-405f-89d4-5f12f40a5455	21	14052081	19070335	3547	-0.2446
20ca8b0a-b561-405f-89d4-5f12f40a5455	21	19075967	19075997	2	-1.7179
20ca8b0a-b561-405f-89d4-5f12f40a5455	21	19076146	19933455	628	-0.2654
20ca8b0a-b561-405f-89d4-5f12f40a5455	21	19934428	19958541	15	0.2568
20ca8b0a-b561-405f-89d4-5f12f40a5455	21	19963270	22361918	1827	-0.2487
20ca8b0a-b561-405f-89d4-5f12f40a5455	21	22362806	22534778	123	0.0051
20ca8b0a-b561-405f-89d4-5f12f40a5455	21	22535179	22850940	220	-0.2294
20ca8b0a-b561-405f-89d4-5f12f40a5455	21	22851255	23265784	344	-0.0685
20ca8b0a-b561-405f-89d4-5f12f40a5455	21	23266046	31864142	6370	-0.2363
20ca8b0a-b561-405f-89d4-5f12f40a5455	21	31865670	31867735	3	-1.9057
20ca8b0a-b561-405f-89d4-5f12f40a5455	21	31879236	36153237	3028	-0.227
20ca8b0a-b561-405f-89d4-5f12f40a5455	21	36153531	36153647	3	-1.525
20ca8b0a-b561-405f-89d4-5f12f40a5455	21	36160821	43354864	5691	-0.2107
20ca8b0a-b561-405f-89d4-5f12f40a5455	21	43354877	43368382	12	-0.9742
20ca8b0a-b561-405f-89d4-5f12f40a5455	21	43369222	45348615	918	-0.2684
20ca8b0a-b561-405f-89d4-5f12f40a5455	21	45355558	45562557	98	-0.5425
20ca8b0a-b561-405f-89d4-5f12f40a5455	21	45564029	46677045	665	-0.2668
20ca8b0a-b561-405f-89d4-5f12f40a5455	22	15294547	18918093	1143	-0.1828
20ca8b0a-b561-405f-89d4-5f12f40a5455	22	18947964	20653934	1092	-0.3567
20ca8b0a-b561-405f-89d4-5f12f40a5455	22	20656497	21634163	518	-0.2543
20ca8b0a-b561-405f-89d4-5f12f40a5455	22	21634235	21635332	2	-2.1731
20ca8b0a-b561-405f-89d4-5f12f40a5455	22	21636534	22078182	313	-0.2739
20ca8b0a-b561-405f-89d4-5f12f40a5455	22	22080743	22154403	145	-0.0365
20ca8b0a-b561-405f-89d4-5f12f40a5455	22	22154437	24550932	1484	-0.28
20ca8b0a-b561-405f-89d4-5f12f40a5455	22	24553338	25223726	483	-0.1473
20ca8b0a-b561-405f-89d4-5f12f40a5455	22	25224175	25580909	362	-0.3179
20ca8b0a-b561-405f-89d4-5f12f40a5455	22	25583267	35373874	7552	-0.1778
20ca8b0a-b561-405f-89d4-5f12f40a5455	22	35375116	38955461	2125	-0.2485
20ca8b0a-b561-405f-89d4-5f12f40a5455	22	38967614	38975897	21	-0.8303
20ca8b0a-b561-405f-89d4-5f12f40a5455	22	38978372	42617830	1951	-0.2301
20ca8b0a-b561-405f-89d4-5f12f40a5455	22	42625548	48935200	4862	-0.1957
20ca8b0a-b561-405f-89d4-5f12f40a5455	22	48942510	50796027	1190	-0.3783
20ca8b0a-b561-405f-89d4-5f12f40a5455	X	251810	12916175	7645	-0.0245
20ca8b0a-b561-405f-89d4-5f12f40a5455	X	12916204	12921827	7	-2.9033
20ca8b0a-b561-405f-89d4-5f12f40a5455	X	12922694	28821786	9724	0.0001
20ca8b0a-b561-405f-89d4-5f12f40a5455	X	28821928	28824985	7	-2.7027
20ca8b0a-b561-405f-89d4-5f12f40a5455	X	28832106	33132108	3002	-0.0194
20ca8b0a-b561-405f-89d4-5f12f40a5455	X	33132801	34381056	879	0.1381
20ca8b0a-b561-405f-89d4-5f12f40a5455	X	34381140	38172170	2023	0.0157
20ca8b0a-b561-405f-89d4-5f12f40a5455	X	38175835	38182206	5	-2.8019
20ca8b0a-b561-405f-89d4-5f12f40a5455	X	38182758	38438347	190	-0.0353
20ca8b0a-b561-405f-89d4-5f12f40a5455	X	38438583	38438756	2	-6.6439
20ca8b0a-b561-405f-89d4-5f12f40a5455	X	38438789	38723992	219	-0.0112
20ca8b0a-b561-405f-89d4-5f12f40a5455	X	38724479	38751188	36	0.3628
20ca8b0a-b561-405f-89d4-5f12f40a5455	X	38751280	38808511	40	0.1078
20ca8b0a-b561-405f-89d4-5f12f40a5455	X	38811685	40778012	1158	-0.0686
20ca8b0a-b561-405f-89d4-5f12f40a5455	X	40780660	55089583	6557	0.0473
20ca8b0a-b561-405f-89d4-5f12f40a5455	X	55096350	55096524	2	-4.5275
20ca8b0a-b561-405f-89d4-5f12f40a5455	X	55096586	58259796	1515	0.0853
20ca8b0a-b561-405f-89d4-5f12f40a5455	X	58260664	63316292	235	0.3127
20ca8b0a-b561-405f-89d4-5f12f40a5455	X	63318194	75382441	5304	0.0494
20ca8b0a-b561-405f-89d4-5f12f40a5455	X	75382512	76968350	814	0.147
20ca8b0a-b561-405f-89d4-5f12f40a5455	X	76968564	90634991	7018	0.0229
20ca8b0a-b561-405f-89d4-5f12f40a5455	X	90640076	90656859	11	-0.8869
20ca8b0a-b561-405f-89d4-5f12f40a5455	X	90674980	91308999	240	0.2594
20ca8b0a-b561-405f-89d4-5f12f40a5455	X	91309030	97843165	3518	0.0474
20ca8b0a-b561-405f-89d4-5f12f40a5455	X	97845108	97847653	4	-2.8204
20ca8b0a-b561-405f-89d4-5f12f40a5455	X	97848076	151771722	30780	0.0088
20ca8b0a-b561-405f-89d4-5f12f40a5455	X	151771794	151774889	3	-3.5334
20ca8b0a-b561-405f-89d4-5f12f40a5455	X	151775946	151870250	72	0.0366
20ca8b0a-b561-405f-89d4-5f12f40a5455	X	151872549	151873107	2	-1.8144
20ca8b0a-b561-405f-89d4-5f12f40a5455	X	151873527	152669151	445	0.0677
20ca8b0a-b561-405f-89d4-5f12f40a5455	X	152669631	153160957	281	-0.2296
20ca8b0a-b561-405f-89d4-5f12f40a5455	X	153160970	155952689	1083	0.0352
20ca8b0a-b561-405f-89d4-5f12f40a5455	Y	2782397	3519188	226	-2.9179
20ca8b0a-b561-405f-89d4-5f12f40a5455	Y	3523036	6249869	559	-2.6423
20ca8b0a-b561-405f-89d4-5f12f40a5455	Y	6252391	6270433	6	-4.7474
20ca8b0a-b561-405f-89d4-5f12f40a5455	Y	6270476	7752572	539	-2.8135
20ca8b0a-b561-405f-89d4-5f12f40a5455	Y	7753853	9327138	896	-3.0286
20ca8b0a-b561-405f-89d4-5f12f40a5455	Y	9329696	9554275	27	-4.4911
20ca8b0a-b561-405f-89d4-5f12f40a5455	Y	9554586	23586854	4194	-2.8542
20ca8b0a-b561-405f-89d4-5f12f40a5455	Y	23784615	56872112	192	-2.3732
