GDC_Aliquot	Chromosome	Start	End	Num_Probes	Segment_Mean
b242fdfe-cae9-4e3c-8cdb-af5a6cb75047	1	62920	98602	13	0.9205
b242fdfe-cae9-4e3c-8cdb-af5a6cb75047	1	259407	2097298	342	0.024
b242fdfe-cae9-4e3c-8cdb-af5a6cb75047	1	2101817	2138242	9	-0.175
b242fdfe-cae9-4e3c-8cdb-af5a6cb75047	1	2140299	2142665	2	-1.7807
b242fdfe-cae9-4e3c-8cdb-af5a6cb75047	1	2143629	16542868	8283	0.009
b242fdfe-cae9-4e3c-8cdb-af5a6cb75047	1	16544783	16935752	111	-0.3155
b242fdfe-cae9-4e3c-8cdb-af5a6cb75047	1	16949746	34626037	10234	0.0248
b242fdfe-cae9-4e3c-8cdb-af5a6cb75047	1	34626073	34638890	21	-0.5861
b242fdfe-cae9-4e3c-8cdb-af5a6cb75047	1	34648667	72284670	23754	0.0204
b242fdfe-cae9-4e3c-8cdb-af5a6cb75047	1	72290430	72297687	9	-1.2286
b242fdfe-cae9-4e3c-8cdb-af5a6cb75047	1	72302735	72345465	48	1.024
b242fdfe-cae9-4e3c-8cdb-af5a6cb75047	1	72346221	105470132	20954	0.0177
b242fdfe-cae9-4e3c-8cdb-af5a6cb75047	1	105470754	105479753	18	0.7568
b242fdfe-cae9-4e3c-8cdb-af5a6cb75047	1	105481433	110834746	3486	0.0152
b242fdfe-cae9-4e3c-8cdb-af5a6cb75047	1	110834943	110845604	38	-0.9622
b242fdfe-cae9-4e3c-8cdb-af5a6cb75047	1	110849445	112147704	1075	0.0251
b242fdfe-cae9-4e3c-8cdb-af5a6cb75047	1	112153343	112154768	25	-2.5304
b242fdfe-cae9-4e3c-8cdb-af5a6cb75047	1	112163334	121598439	5160	0.023
b242fdfe-cae9-4e3c-8cdb-af5a6cb75047	1	121601998	144503864	145	0.2378
b242fdfe-cae9-4e3c-8cdb-af5a6cb75047	1	144932423	152789532	2504	0.0418
b242fdfe-cae9-4e3c-8cdb-af5a6cb75047	1	152789570	152795447	25	0.4511
b242fdfe-cae9-4e3c-8cdb-af5a6cb75047	1	152795471	158883163	3619	0.034
b242fdfe-cae9-4e3c-8cdb-af5a6cb75047	1	158884978	158899969	5	-0.9935
b242fdfe-cae9-4e3c-8cdb-af5a6cb75047	1	158905028	174827267	11188	0.0288
b242fdfe-cae9-4e3c-8cdb-af5a6cb75047	1	174827418	174832702	16	-3.1936
b242fdfe-cae9-4e3c-8cdb-af5a6cb75047	1	174832716	195378610	13735	0.0202
b242fdfe-cae9-4e3c-8cdb-af5a6cb75047	1	195378851	195386347	6	-0.9865
b242fdfe-cae9-4e3c-8cdb-af5a6cb75047	1	195386615	196745743	896	0.0166
b242fdfe-cae9-4e3c-8cdb-af5a6cb75047	1	196758720	196846661	61	0.3339
b242fdfe-cae9-4e3c-8cdb-af5a6cb75047	1	196847600	209897717	8783	0.0196
b242fdfe-cae9-4e3c-8cdb-af5a6cb75047	1	209908268	209908720	2	-1.6857
b242fdfe-cae9-4e3c-8cdb-af5a6cb75047	1	209910639	217501347	5361	0.0169
b242fdfe-cae9-4e3c-8cdb-af5a6cb75047	1	217506738	217547993	27	0.4112
b242fdfe-cae9-4e3c-8cdb-af5a6cb75047	1	217558206	219192406	1095	0.0203
b242fdfe-cae9-4e3c-8cdb-af5a6cb75047	1	219194119	219195615	4	-1.0471
b242fdfe-cae9-4e3c-8cdb-af5a6cb75047	1	219202004	220771948	1067	0.029
b242fdfe-cae9-4e3c-8cdb-af5a6cb75047	1	220772047	220777793	4	-1.4071
b242fdfe-cae9-4e3c-8cdb-af5a6cb75047	1	220779968	231777147	6997	0.0233
b242fdfe-cae9-4e3c-8cdb-af5a6cb75047	1	231779862	231816487	26	0.7694
b242fdfe-cae9-4e3c-8cdb-af5a6cb75047	1	231818681	237104034	4043	0.0202
b242fdfe-cae9-4e3c-8cdb-af5a6cb75047	1	237104070	237110913	3	-1.1595
b242fdfe-cae9-4e3c-8cdb-af5a6cb75047	1	237111820	246681274	7080	0.0248
b242fdfe-cae9-4e3c-8cdb-af5a6cb75047	1	246681868	246709941	19	0.7474
b242fdfe-cae9-4e3c-8cdb-af5a6cb75047	1	246710092	246780043	55	-0.0122
b242fdfe-cae9-4e3c-8cdb-af5a6cb75047	1	246780235	246782363	3	-1.3374
b242fdfe-cae9-4e3c-8cdb-af5a6cb75047	1	246782442	248930189	1238	0.0051
b242fdfe-cae9-4e3c-8cdb-af5a6cb75047	2	12784	202993	110	0.0769
b242fdfe-cae9-4e3c-8cdb-af5a6cb75047	2	203536	216376	12	0.9851
b242fdfe-cae9-4e3c-8cdb-af5a6cb75047	2	219558	7458731	5762	-0.0059
b242fdfe-cae9-4e3c-8cdb-af5a6cb75047	2	7459524	7499242	37	0.4549
b242fdfe-cae9-4e3c-8cdb-af5a6cb75047	2	7502934	34476668	18171	0.0077
b242fdfe-cae9-4e3c-8cdb-af5a6cb75047	2	34483565	34511990	40	-0.5089
b242fdfe-cae9-4e3c-8cdb-af5a6cb75047	2	34512096	52527330	13007	0.0154
b242fdfe-cae9-4e3c-8cdb-af5a6cb75047	2	52527342	52554384	38	0.4413
b242fdfe-cae9-4e3c-8cdb-af5a6cb75047	2	52554404	54066649	1152	0.0291
b242fdfe-cae9-4e3c-8cdb-af5a6cb75047	2	54066783	54290084	157	-0.1274
b242fdfe-cae9-4e3c-8cdb-af5a6cb75047	2	54290716	67895151	8808	0.0192
b242fdfe-cae9-4e3c-8cdb-af5a6cb75047	2	67903269	67921211	10	0.6861
b242fdfe-cae9-4e3c-8cdb-af5a6cb75047	2	67921785	73306492	3270	0.0185
b242fdfe-cae9-4e3c-8cdb-af5a6cb75047	2	73312475	73312699	2	-1.669
b242fdfe-cae9-4e3c-8cdb-af5a6cb75047	2	73314705	86901078	8588	0.0188
b242fdfe-cae9-4e3c-8cdb-af5a6cb75047	2	86902080	87082140	14	-0.7912
b242fdfe-cae9-4e3c-8cdb-af5a6cb75047	2	87082711	87489240	86	0.095
b242fdfe-cae9-4e3c-8cdb-af5a6cb75047	2	87489506	87528459	11	0.5789
b242fdfe-cae9-4e3c-8cdb-af5a6cb75047	2	87542032	106263639	7332	0.0154
b242fdfe-cae9-4e3c-8cdb-af5a6cb75047	2	106264257	106268901	11	-3.5133
b242fdfe-cae9-4e3c-8cdb-af5a6cb75047	2	106270799	114781818	4516	0.0111
b242fdfe-cae9-4e3c-8cdb-af5a6cb75047	2	114782002	114784928	15	-0.6604
b242fdfe-cae9-4e3c-8cdb-af5a6cb75047	2	114785021	122718173	4958	0.0225
b242fdfe-cae9-4e3c-8cdb-af5a6cb75047	2	122718842	122724665	10	-0.7403
b242fdfe-cae9-4e3c-8cdb-af5a6cb75047	2	122726077	141088902	11253	0.0152
b242fdfe-cae9-4e3c-8cdb-af5a6cb75047	2	141089320	141091341	2	-1.7071
b242fdfe-cae9-4e3c-8cdb-af5a6cb75047	2	141091474	146107675	3070	0.0154
b242fdfe-cae9-4e3c-8cdb-af5a6cb75047	2	146107759	146109366	15	0.8994
b242fdfe-cae9-4e3c-8cdb-af5a6cb75047	2	146120238	147756365	870	0.0061
b242fdfe-cae9-4e3c-8cdb-af5a6cb75047	2	147759450	147759732	2	-1.2883
b242fdfe-cae9-4e3c-8cdb-af5a6cb75047	2	147762497	150174288	1392	0.0358
b242fdfe-cae9-4e3c-8cdb-af5a6cb75047	2	150174937	150181218	5	-1.0607
b242fdfe-cae9-4e3c-8cdb-af5a6cb75047	2	150182694	179373015	18095	0.0117
b242fdfe-cae9-4e3c-8cdb-af5a6cb75047	2	179373147	179382997	4	1.133
b242fdfe-cae9-4e3c-8cdb-af5a6cb75047	2	179383219	183798376	2854	0.0208
b242fdfe-cae9-4e3c-8cdb-af5a6cb75047	2	183805170	183826726	11	-1.4034
b242fdfe-cae9-4e3c-8cdb-af5a6cb75047	2	183826922	242147305	35827	0.0064
b242fdfe-cae9-4e3c-8cdb-af5a6cb75047	3	20930	377460	339	-0.0257
b242fdfe-cae9-4e3c-8cdb-af5a6cb75047	3	377924	378306	2	-1.4435
b242fdfe-cae9-4e3c-8cdb-af5a6cb75047	3	380109	681358	216	-0.0782
b242fdfe-cae9-4e3c-8cdb-af5a6cb75047	3	681744	865449	136	0.0793
b242fdfe-cae9-4e3c-8cdb-af5a6cb75047	3	867062	878663	13	-0.4283
b242fdfe-cae9-4e3c-8cdb-af5a6cb75047	3	880753	1054355	154	0.1179
b242fdfe-cae9-4e3c-8cdb-af5a6cb75047	3	1054493	1054567	2	-2.156
b242fdfe-cae9-4e3c-8cdb-af5a6cb75047	3	1057047	6604856	4952	0.0173
b242fdfe-cae9-4e3c-8cdb-af5a6cb75047	3	6609441	6611645	23	-0.8405
b242fdfe-cae9-4e3c-8cdb-af5a6cb75047	3	6613391	10590627	3142	0.0213
b242fdfe-cae9-4e3c-8cdb-af5a6cb75047	3	10590994	10591147	2	-1.6712
b242fdfe-cae9-4e3c-8cdb-af5a6cb75047	3	10591407	23906329	8874	0.0249
b242fdfe-cae9-4e3c-8cdb-af5a6cb75047	3	23907539	23908158	2	-1.6201
b242fdfe-cae9-4e3c-8cdb-af5a6cb75047	3	23927735	37935209	9767	0.0292
b242fdfe-cae9-4e3c-8cdb-af5a6cb75047	3	37935926	37945437	19	-0.8741
b242fdfe-cae9-4e3c-8cdb-af5a6cb75047	3	37945615	52989195	8076	0.0294
b242fdfe-cae9-4e3c-8cdb-af5a6cb75047	3	52994359	53005473	42	-0.7221
b242fdfe-cae9-4e3c-8cdb-af5a6cb75047	3	53005661	68697133	12030	0.0137
b242fdfe-cae9-4e3c-8cdb-af5a6cb75047	3	68697295	68698262	12	0.9868
b242fdfe-cae9-4e3c-8cdb-af5a6cb75047	3	68699607	75481836	4910	0.0159
b242fdfe-cae9-4e3c-8cdb-af5a6cb75047	3	75481943	75519398	16	0.5264
b242fdfe-cae9-4e3c-8cdb-af5a6cb75047	3	75523398	99225775	10986	0.0219
b242fdfe-cae9-4e3c-8cdb-af5a6cb75047	3	99225788	99230470	31	0.3931
b242fdfe-cae9-4e3c-8cdb-af5a6cb75047	3	99230577	130057015	18713	0.0272
b242fdfe-cae9-4e3c-8cdb-af5a6cb75047	3	130057833	130070627	11	0.8344
b242fdfe-cae9-4e3c-8cdb-af5a6cb75047	3	130070692	150805798	12873	0.0274
b242fdfe-cae9-4e3c-8cdb-af5a6cb75047	3	150806849	150835383	18	0.5736
b242fdfe-cae9-4e3c-8cdb-af5a6cb75047	3	150836452	162815162	7412	0.0269
b242fdfe-cae9-4e3c-8cdb-af5a6cb75047	3	162816942	162822221	4	1.1044
b242fdfe-cae9-4e3c-8cdb-af5a6cb75047	3	162822685	162822702	2	5.5238
b242fdfe-cae9-4e3c-8cdb-af5a6cb75047	3	162827928	162908784	49	-0.3882
b242fdfe-cae9-4e3c-8cdb-af5a6cb75047	3	162908815	162996729	71	-0.0173
b242fdfe-cae9-4e3c-8cdb-af5a6cb75047	3	162999939	163001774	2	-3.5432
b242fdfe-cae9-4e3c-8cdb-af5a6cb75047	3	163008371	172555565	5664	0.0224
b242fdfe-cae9-4e3c-8cdb-af5a6cb75047	3	172556726	172558106	4	-1.0293
b242fdfe-cae9-4e3c-8cdb-af5a6cb75047	3	172558964	175832452	2237	0.0076
b242fdfe-cae9-4e3c-8cdb-af5a6cb75047	3	175840212	175841641	2	-1.8302
b242fdfe-cae9-4e3c-8cdb-af5a6cb75047	3	175841774	195691392	12700	0.0258
b242fdfe-cae9-4e3c-8cdb-af5a6cb75047	3	195695418	195768450	45	-0.4048
b242fdfe-cae9-4e3c-8cdb-af5a6cb75047	3	195768501	196049719	109	0.0033
b242fdfe-cae9-4e3c-8cdb-af5a6cb75047	3	196049866	196049993	3	1.2271
b242fdfe-cae9-4e3c-8cdb-af5a6cb75047	3	196050340	196793657	364	0.0074
b242fdfe-cae9-4e3c-8cdb-af5a6cb75047	3	196803279	196817766	8	1.118
b242fdfe-cae9-4e3c-8cdb-af5a6cb75047	3	196822871	198169247	675	0.0563
b242fdfe-cae9-4e3c-8cdb-af5a6cb75047	4	68929	4108503	1624	0.0385
b242fdfe-cae9-4e3c-8cdb-af5a6cb75047	4	4112194	4151033	9	0.6682
b242fdfe-cae9-4e3c-8cdb-af5a6cb75047	4	4158336	7432290	2596	0.0131
b242fdfe-cae9-4e3c-8cdb-af5a6cb75047	4	7435332	7447535	15	0.4641
b242fdfe-cae9-4e3c-8cdb-af5a6cb75047	4	7450426	10389091	1666	-0.0042
b242fdfe-cae9-4e3c-8cdb-af5a6cb75047	4	10390730	10399044	16	-0.4306
b242fdfe-cae9-4e3c-8cdb-af5a6cb75047	4	10401094	23991256	9861	0.0172
b242fdfe-cae9-4e3c-8cdb-af5a6cb75047	4	23992602	23994752	3	-1.406
b242fdfe-cae9-4e3c-8cdb-af5a6cb75047	4	23994872	29314452	3633	0.0201
b242fdfe-cae9-4e3c-8cdb-af5a6cb75047	4	29316617	29316627	2	-2.2492
b242fdfe-cae9-4e3c-8cdb-af5a6cb75047	4	29316643	34777432	3290	0.0159
b242fdfe-cae9-4e3c-8cdb-af5a6cb75047	4	34784878	34828382	43	-0.5349
b242fdfe-cae9-4e3c-8cdb-af5a6cb75047	4	34830196	36012790	771	0.0232
b242fdfe-cae9-4e3c-8cdb-af5a6cb75047	4	36013359	36013896	4	-0.8406
b242fdfe-cae9-4e3c-8cdb-af5a6cb75047	4	36015896	36922233	603	0.0304
b242fdfe-cae9-4e3c-8cdb-af5a6cb75047	4	36924919	36924948	2	-1.4167
b242fdfe-cae9-4e3c-8cdb-af5a6cb75047	4	36925399	39327250	1778	0.004
b242fdfe-cae9-4e3c-8cdb-af5a6cb75047	4	39340858	39353668	5	1.3668
b242fdfe-cae9-4e3c-8cdb-af5a6cb75047	4	39368260	68509237	16298	0.023
b242fdfe-cae9-4e3c-8cdb-af5a6cb75047	4	68509442	68620261	63	0.5236
b242fdfe-cae9-4e3c-8cdb-af5a6cb75047	4	68623617	107583477	23574	0.0265
b242fdfe-cae9-4e3c-8cdb-af5a6cb75047	4	107587491	107588658	2	-2.0402
b242fdfe-cae9-4e3c-8cdb-af5a6cb75047	4	107588998	114252544	4115	0.0128
b242fdfe-cae9-4e3c-8cdb-af5a6cb75047	4	114254167	114261019	23	-1.9147
b242fdfe-cae9-4e3c-8cdb-af5a6cb75047	4	114263073	160952848	27964	0.0275
b242fdfe-cae9-4e3c-8cdb-af5a6cb75047	4	160958866	160963767	22	-0.6486
b242fdfe-cae9-4e3c-8cdb-af5a6cb75047	4	160963806	171448195	6665	0.02
b242fdfe-cae9-4e3c-8cdb-af5a6cb75047	4	171453733	171456625	12	-0.7253
b242fdfe-cae9-4e3c-8cdb-af5a6cb75047	4	171459220	172066777	397	0.0159
b242fdfe-cae9-4e3c-8cdb-af5a6cb75047	4	172067997	172068222	5	-1.1719
b242fdfe-cae9-4e3c-8cdb-af5a6cb75047	4	172068257	172068354	5	-2.9752
b242fdfe-cae9-4e3c-8cdb-af5a6cb75047	4	172068368	190106768	12089	0.014
b242fdfe-cae9-4e3c-8cdb-af5a6cb75047	5	15532	12800777	10189	0.0102
b242fdfe-cae9-4e3c-8cdb-af5a6cb75047	5	12815668	12838421	14	-2.0359
b242fdfe-cae9-4e3c-8cdb-af5a6cb75047	5	12849089	27521042	9043	0.0117
b242fdfe-cae9-4e3c-8cdb-af5a6cb75047	5	27524345	27525913	11	-0.8365
b242fdfe-cae9-4e3c-8cdb-af5a6cb75047	5	27527372	46271006	11412	0.0245
b242fdfe-cae9-4e3c-8cdb-af5a6cb75047	5	46271828	46273400	6	-3.349
b242fdfe-cae9-4e3c-8cdb-af5a6cb75047	5	46278110	58033288	5079	0.0217
b242fdfe-cae9-4e3c-8cdb-af5a6cb75047	5	58033703	58037466	26	-0.8299
b242fdfe-cae9-4e3c-8cdb-af5a6cb75047	5	58037688	69550476	7299	0.0278
b242fdfe-cae9-4e3c-8cdb-af5a6cb75047	5	69571467	69779164	3	1.5991
b242fdfe-cae9-4e3c-8cdb-af5a6cb75047	5	69822096	152134610	50317	0.0238
b242fdfe-cae9-4e3c-8cdb-af5a6cb75047	5	152135825	152140710	15	-0.9494
b242fdfe-cae9-4e3c-8cdb-af5a6cb75047	5	152140861	156154727	2732	0.0317
b242fdfe-cae9-4e3c-8cdb-af5a6cb75047	5	156155758	156156127	2	-2.4701
b242fdfe-cae9-4e3c-8cdb-af5a6cb75047	5	156162642	180953203	16541	0.0212
b242fdfe-cae9-4e3c-8cdb-af5a6cb75047	5	180960138	181006225	17	-0.6047
b242fdfe-cae9-4e3c-8cdb-af5a6cb75047	5	181006264	181363319	169	0.0999
b242fdfe-cae9-4e3c-8cdb-af5a6cb75047	6	149661	251566	93	-0.0368
b242fdfe-cae9-4e3c-8cdb-af5a6cb75047	6	251648	398242	127	0.2762
b242fdfe-cae9-4e3c-8cdb-af5a6cb75047	6	402087	809200	340	0.0092
b242fdfe-cae9-4e3c-8cdb-af5a6cb75047	6	811291	847346	28	0.4566
b242fdfe-cae9-4e3c-8cdb-af5a6cb75047	6	847668	19629966	14616	0.0215
b242fdfe-cae9-4e3c-8cdb-af5a6cb75047	6	19630087	19635553	4	-1.4756
b242fdfe-cae9-4e3c-8cdb-af5a6cb75047	6	19636202	29875657	6457	0.03
b242fdfe-cae9-4e3c-8cdb-af5a6cb75047	6	29876257	29906865	13	-1.1536
b242fdfe-cae9-4e3c-8cdb-af5a6cb75047	6	29906932	31319445	663	0.0159
b242fdfe-cae9-4e3c-8cdb-af5a6cb75047	6	31319724	31327629	2	3.2179
b242fdfe-cae9-4e3c-8cdb-af5a6cb75047	6	31328176	32486746	506	0.0689
b242fdfe-cae9-4e3c-8cdb-af5a6cb75047	6	32488906	32682835	61	-0.8659
b242fdfe-cae9-4e3c-8cdb-af5a6cb75047	6	32686863	73882142	24088	0.0231
b242fdfe-cae9-4e3c-8cdb-af5a6cb75047	6	73882509	73891694	10	0.9114
b242fdfe-cae9-4e3c-8cdb-af5a6cb75047	6	73893839	74823736	610	0.0231
b242fdfe-cae9-4e3c-8cdb-af5a6cb75047	6	74823749	74824465	4	-0.9806
b242fdfe-cae9-4e3c-8cdb-af5a6cb75047	6	74824680	76726815	1157	0.0107
b242fdfe-cae9-4e3c-8cdb-af5a6cb75047	6	76730151	76743040	21	0.4734
b242fdfe-cae9-4e3c-8cdb-af5a6cb75047	6	76751356	78224720	950	0.0223
b242fdfe-cae9-4e3c-8cdb-af5a6cb75047	6	78224948	78224960	2	-1.3348
b242fdfe-cae9-4e3c-8cdb-af5a6cb75047	6	78225040	78233405	6	0.4568
b242fdfe-cae9-4e3c-8cdb-af5a6cb75047	6	78234822	78262451	29	-0.1396
b242fdfe-cae9-4e3c-8cdb-af5a6cb75047	6	78262749	78263079	5	0.3584
b242fdfe-cae9-4e3c-8cdb-af5a6cb75047	6	78263236	78332056	102	-0.3221
b242fdfe-cae9-4e3c-8cdb-af5a6cb75047	6	78332092	103282678	15466	0.0264
b242fdfe-cae9-4e3c-8cdb-af5a6cb75047	6	103286299	103299735	21	-0.3939
b242fdfe-cae9-4e3c-8cdb-af5a6cb75047	6	103299855	104449598	764	0.0453
b242fdfe-cae9-4e3c-8cdb-af5a6cb75047	6	104461140	104481736	21	0.6761
b242fdfe-cae9-4e3c-8cdb-af5a6cb75047	6	104495548	170741917	43424	0.0158
b242fdfe-cae9-4e3c-8cdb-af5a6cb75047	7	43355	19489377	13864	0.0235
b242fdfe-cae9-4e3c-8cdb-af5a6cb75047	7	19492592	19494414	5	-1.5081
b242fdfe-cae9-4e3c-8cdb-af5a6cb75047	7	19497386	23995508	3263	0.0162
b242fdfe-cae9-4e3c-8cdb-af5a6cb75047	7	24000259	24000764	2	1.8213
b242fdfe-cae9-4e3c-8cdb-af5a6cb75047	7	24001198	30971870	5134	0.0115
b242fdfe-cae9-4e3c-8cdb-af5a6cb75047	7	30973889	30975915	2	-2.0877
b242fdfe-cae9-4e3c-8cdb-af5a6cb75047	7	30978432	54318812	16213	0.0247
b242fdfe-cae9-4e3c-8cdb-af5a6cb75047	7	54318816	54318824	5	1.7806
b242fdfe-cae9-4e3c-8cdb-af5a6cb75047	7	54325795	65331383	3100	0.0315
b242fdfe-cae9-4e3c-8cdb-af5a6cb75047	7	65332877	65375306	21	0.4779
b242fdfe-cae9-4e3c-8cdb-af5a6cb75047	7	65375310	109797623	25333	0.0288
b242fdfe-cae9-4e3c-8cdb-af5a6cb75047	7	109797700	109813762	20	0.4678
b242fdfe-cae9-4e3c-8cdb-af5a6cb75047	7	109813801	134100556	14748	0.026
b242fdfe-cae9-4e3c-8cdb-af5a6cb75047	7	134100587	134110881	22	0.7258
b242fdfe-cae9-4e3c-8cdb-af5a6cb75047	7	134110912	142063324	5203	0.0186
b242fdfe-cae9-4e3c-8cdb-af5a6cb75047	7	142069843	142099190	35	-0.6757
b242fdfe-cae9-4e3c-8cdb-af5a6cb75047	7	142099360	144199159	1200	0.0372
b242fdfe-cae9-4e3c-8cdb-af5a6cb75047	7	144207186	144295437	9	1.2812
b242fdfe-cae9-4e3c-8cdb-af5a6cb75047	7	144306653	159334314	9650	0.0175
b242fdfe-cae9-4e3c-8cdb-af5a6cb75047	8	81254	644973	324	-0.0186
b242fdfe-cae9-4e3c-8cdb-af5a6cb75047	8	645220	645790	5	-0.9823
b242fdfe-cae9-4e3c-8cdb-af5a6cb75047	8	645875	645908	3	-2.6477
b242fdfe-cae9-4e3c-8cdb-af5a6cb75047	8	656117	7514723	7436	-0.0081
b242fdfe-cae9-4e3c-8cdb-af5a6cb75047	8	7534105	7886542	8	1.1276
b242fdfe-cae9-4e3c-8cdb-af5a6cb75047	8	7888457	7974123	9	0.3948
b242fdfe-cae9-4e3c-8cdb-af5a6cb75047	8	7981252	10062483	1629	0.017
b242fdfe-cae9-4e3c-8cdb-af5a6cb75047	8	10062797	10063391	3	1.2093
b242fdfe-cae9-4e3c-8cdb-af5a6cb75047	8	10070287	12092042	1605	0.0065
b242fdfe-cae9-4e3c-8cdb-af5a6cb75047	8	12130217	12695279	78	0.261
b242fdfe-cae9-4e3c-8cdb-af5a6cb75047	8	12695325	13733245	991	0.0189
b242fdfe-cae9-4e3c-8cdb-af5a6cb75047	8	13736133	13737722	3	-1.1022
b242fdfe-cae9-4e3c-8cdb-af5a6cb75047	8	13740635	13816809	130	0.0318
b242fdfe-cae9-4e3c-8cdb-af5a6cb75047	8	13817126	13818580	2	-1.611
b242fdfe-cae9-4e3c-8cdb-af5a6cb75047	8	13818760	14427181	574	0.0423
b242fdfe-cae9-4e3c-8cdb-af5a6cb75047	8	14427702	14428681	2	-1.7892
b242fdfe-cae9-4e3c-8cdb-af5a6cb75047	8	14428696	14529292	95	0.0077
b242fdfe-cae9-4e3c-8cdb-af5a6cb75047	8	14529351	14529353	2	-1.276
b242fdfe-cae9-4e3c-8cdb-af5a6cb75047	8	14533629	16349445	1643	0.0195
b242fdfe-cae9-4e3c-8cdb-af5a6cb75047	8	16349505	16349614	7	-1.1073
b242fdfe-cae9-4e3c-8cdb-af5a6cb75047	8	16354575	16404726	48	0.0899
b242fdfe-cae9-4e3c-8cdb-af5a6cb75047	8	16404738	16417152	27	-0.9748
b242fdfe-cae9-4e3c-8cdb-af5a6cb75047	8	16421186	25114672	6856	0.0371
b242fdfe-cae9-4e3c-8cdb-af5a6cb75047	8	25116928	25126641	24	-0.3768
b242fdfe-cae9-4e3c-8cdb-af5a6cb75047	8	25126708	32054734	4764	0.0179
b242fdfe-cae9-4e3c-8cdb-af5a6cb75047	8	32056099	32056505	2	-1.4926
b242fdfe-cae9-4e3c-8cdb-af5a6cb75047	8	32057002	39372806	4254	0.024
b242fdfe-cae9-4e3c-8cdb-af5a6cb75047	8	39373140	39530780	61	0.7916
b242fdfe-cae9-4e3c-8cdb-af5a6cb75047	8	39531260	39973181	267	0.025
b242fdfe-cae9-4e3c-8cdb-af5a6cb75047	8	39973438	39974128	3	-0.9811
b242fdfe-cae9-4e3c-8cdb-af5a6cb75047	8	39977300	40914477	803	0.0283
b242fdfe-cae9-4e3c-8cdb-af5a6cb75047	8	40920333	40920952	2	-2.9118
b242fdfe-cae9-4e3c-8cdb-af5a6cb75047	8	40926161	50118212	3507	0.0317
b242fdfe-cae9-4e3c-8cdb-af5a6cb75047	8	50119451	50119703	6	-0.9954
b242fdfe-cae9-4e3c-8cdb-af5a6cb75047	8	50119757	114619814	39242	0.0234
b242fdfe-cae9-4e3c-8cdb-af5a6cb75047	8	114622258	114626238	16	-1.0432
b242fdfe-cae9-4e3c-8cdb-af5a6cb75047	8	114626472	114628588	6	0.2133
b242fdfe-cae9-4e3c-8cdb-af5a6cb75047	8	114628679	114629502	13	-0.9716
b242fdfe-cae9-4e3c-8cdb-af5a6cb75047	8	114638468	145072769	21061	0.0184
b242fdfe-cae9-4e3c-8cdb-af5a6cb75047	9	46587	4398662	4544	0.0188
b242fdfe-cae9-4e3c-8cdb-af5a6cb75047	9	4399491	4400120	3	-1.4362
b242fdfe-cae9-4e3c-8cdb-af5a6cb75047	9	4400126	23363117	15879	0.0176
b242fdfe-cae9-4e3c-8cdb-af5a6cb75047	9	23363935	23380447	10	0.7663
b242fdfe-cae9-4e3c-8cdb-af5a6cb75047	9	23380836	40926319	10767	0.018
b242fdfe-cae9-4e3c-8cdb-af5a6cb75047	9	40928205	42574420	121	0.2516
b242fdfe-cae9-4e3c-8cdb-af5a6cb75047	9	42585140	42726239	13	-0.4477
b242fdfe-cae9-4e3c-8cdb-af5a6cb75047	9	42727685	61405110	42	0.2019
b242fdfe-cae9-4e3c-8cdb-af5a6cb75047	9	61520021	61647899	30	-1.1752
b242fdfe-cae9-4e3c-8cdb-af5a6cb75047	9	61665362	68965291	673	0.0213
b242fdfe-cae9-4e3c-8cdb-af5a6cb75047	9	68967030	68968169	3	-1.914
b242fdfe-cae9-4e3c-8cdb-af5a6cb75047	9	68968182	126855142	41320	0.0188
b242fdfe-cae9-4e3c-8cdb-af5a6cb75047	9	126857596	126896359	20	0.6228
b242fdfe-cae9-4e3c-8cdb-af5a6cb75047	9	126896399	137358495	5658	0.0255
b242fdfe-cae9-4e3c-8cdb-af5a6cb75047	9	137361190	137361381	3	-1.4553
b242fdfe-cae9-4e3c-8cdb-af5a6cb75047	9	137378551	138200944	407	0.0321
b242fdfe-cae9-4e3c-8cdb-af5a6cb75047	10	45792	1703060	1137	-0.0185
b242fdfe-cae9-4e3c-8cdb-af5a6cb75047	10	1705420	1720446	24	-0.4594
b242fdfe-cae9-4e3c-8cdb-af5a6cb75047	10	1720618	8793748	6467	0.009
b242fdfe-cae9-4e3c-8cdb-af5a6cb75047	10	8794106	8824071	32	0.4391
b242fdfe-cae9-4e3c-8cdb-af5a6cb75047	10	8824161	14598580	4765	0.0106
b242fdfe-cae9-4e3c-8cdb-af5a6cb75047	10	14598714	14598747	2	1.6252
b242fdfe-cae9-4e3c-8cdb-af5a6cb75047	10	14599360	27298602	8977	0.024
b242fdfe-cae9-4e3c-8cdb-af5a6cb75047	10	27304498	27308509	2	-1.868
b242fdfe-cae9-4e3c-8cdb-af5a6cb75047	10	27318256	57443289	17458	0.0202
b242fdfe-cae9-4e3c-8cdb-af5a6cb75047	10	57450745	57451013	4	-2.357
b242fdfe-cae9-4e3c-8cdb-af5a6cb75047	10	57458735	59605316	1532	0.0272
b242fdfe-cae9-4e3c-8cdb-af5a6cb75047	10	59605424	59606636	10	-0.6395
b242fdfe-cae9-4e3c-8cdb-af5a6cb75047	10	59606737	79625693	13277	0.0159
b242fdfe-cae9-4e3c-8cdb-af5a6cb75047	10	79649470	79737848	9	-1.1904
b242fdfe-cae9-4e3c-8cdb-af5a6cb75047	10	79747269	129406144	34169	0.0179
b242fdfe-cae9-4e3c-8cdb-af5a6cb75047	10	129407526	129412780	3	-1.3883
b242fdfe-cae9-4e3c-8cdb-af5a6cb75047	10	129413120	133654968	2817	-0.0032
b242fdfe-cae9-4e3c-8cdb-af5a6cb75047	11	198510	5768511	3238	0.0285
b242fdfe-cae9-4e3c-8cdb-af5a6cb75047	11	5768639	5788231	29	0.6545
b242fdfe-cae9-4e3c-8cdb-af5a6cb75047	11	5791130	18928175	9415	0.0216
b242fdfe-cae9-4e3c-8cdb-af5a6cb75047	11	18928190	18930146	7	-0.3109
b242fdfe-cae9-4e3c-8cdb-af5a6cb75047	11	18930384	18931457	9	-0.7652
b242fdfe-cae9-4e3c-8cdb-af5a6cb75047	11	18931475	18940441	22	-0.2735
b242fdfe-cae9-4e3c-8cdb-af5a6cb75047	11	18940469	36887627	13274	0.0141
b242fdfe-cae9-4e3c-8cdb-af5a6cb75047	11	36887859	36888771	2	-1.5324
b242fdfe-cae9-4e3c-8cdb-af5a6cb75047	11	36889109	36954020	51	-0.0513
b242fdfe-cae9-4e3c-8cdb-af5a6cb75047	11	36957348	36957460	2	-1.6593
b242fdfe-cae9-4e3c-8cdb-af5a6cb75047	11	36957953	44654338	5180	0.0106
b242fdfe-cae9-4e3c-8cdb-af5a6cb75047	11	44654430	44673290	15	0.5023
b242fdfe-cae9-4e3c-8cdb-af5a6cb75047	11	44675748	47940946	1738	0.0257
b242fdfe-cae9-4e3c-8cdb-af5a6cb75047	11	47941372	47942266	3	-1.2865
b242fdfe-cae9-4e3c-8cdb-af5a6cb75047	11	47946362	49914987	889	0.045
b242fdfe-cae9-4e3c-8cdb-af5a6cb75047	11	49916778	55608804	625	0.0939
b242fdfe-cae9-4e3c-8cdb-af5a6cb75047	11	55609022	55685533	51	0.3799
b242fdfe-cae9-4e3c-8cdb-af5a6cb75047	11	55686100	55741271	46	0.136
b242fdfe-cae9-4e3c-8cdb-af5a6cb75047	11	55741892	61180979	3333	0.018
b242fdfe-cae9-4e3c-8cdb-af5a6cb75047	11	61182288	61185401	6	-1.0315
b242fdfe-cae9-4e3c-8cdb-af5a6cb75047	11	61185439	62535152	711	0.0168
b242fdfe-cae9-4e3c-8cdb-af5a6cb75047	11	62536350	64216132	780	0.0511
b242fdfe-cae9-4e3c-8cdb-af5a6cb75047	11	64220868	64242772	7	0.6922
b242fdfe-cae9-4e3c-8cdb-af5a6cb75047	11	64258382	64892365	254	0.0645
b242fdfe-cae9-4e3c-8cdb-af5a6cb75047	11	64895755	64898476	4	-0.9928
b242fdfe-cae9-4e3c-8cdb-af5a6cb75047	11	64901633	68018085	1165	0.0827
b242fdfe-cae9-4e3c-8cdb-af5a6cb75047	11	68020538	101723638	22251	0.0212
b242fdfe-cae9-4e3c-8cdb-af5a6cb75047	11	101723653	101727233	5	1.2002
b242fdfe-cae9-4e3c-8cdb-af5a6cb75047	11	101727481	135074876	23725	0.021
b242fdfe-cae9-4e3c-8cdb-af5a6cb75047	12	51460	756804	417	0.0315
b242fdfe-cae9-4e3c-8cdb-af5a6cb75047	12	759943	764863	18	-0.8215
b242fdfe-cae9-4e3c-8cdb-af5a6cb75047	12	766188	19314078	12381	0.0296
b242fdfe-cae9-4e3c-8cdb-af5a6cb75047	12	19321836	19424002	52	0.628
b242fdfe-cae9-4e3c-8cdb-af5a6cb75047	12	19427570	99398036	49237	0.0217
b242fdfe-cae9-4e3c-8cdb-af5a6cb75047	12	99401515	99409315	32	-0.5459
b242fdfe-cae9-4e3c-8cdb-af5a6cb75047	12	99409340	133201603	22713	0.0077
b242fdfe-cae9-4e3c-8cdb-af5a6cb75047	13	18452809	29638309	7845	0.0114
b242fdfe-cae9-4e3c-8cdb-af5a6cb75047	13	29638803	29638902	2	-2.2093
b242fdfe-cae9-4e3c-8cdb-af5a6cb75047	13	29639735	33164856	2634	0.0051
b242fdfe-cae9-4e3c-8cdb-af5a6cb75047	13	33168753	33656863	354	-0.0824
b242fdfe-cae9-4e3c-8cdb-af5a6cb75047	13	33657434	37501828	2650	0.0241
b242fdfe-cae9-4e3c-8cdb-af5a6cb75047	13	37502130	37510620	12	0.8295
b242fdfe-cae9-4e3c-8cdb-af5a6cb75047	13	37514193	58010656	12980	0.0186
b242fdfe-cae9-4e3c-8cdb-af5a6cb75047	13	58016147	58022896	6	-1.0471
b242fdfe-cae9-4e3c-8cdb-af5a6cb75047	13	58027918	71902850	8571	0.0099
b242fdfe-cae9-4e3c-8cdb-af5a6cb75047	13	71903417	71906418	4	-4.2231
b242fdfe-cae9-4e3c-8cdb-af5a6cb75047	13	71906467	114342922	29104	0.0093
b242fdfe-cae9-4e3c-8cdb-af5a6cb75047	14	18239283	19019303	30	0.0057
b242fdfe-cae9-4e3c-8cdb-af5a6cb75047	14	19049265	19955213	137	0.6086
b242fdfe-cae9-4e3c-8cdb-af5a6cb75047	14	19956767	20492321	400	0.0007
b242fdfe-cae9-4e3c-8cdb-af5a6cb75047	14	20496117	20524338	22	0.4592
b242fdfe-cae9-4e3c-8cdb-af5a6cb75047	14	20524700	21811404	812	0.0403
b242fdfe-cae9-4e3c-8cdb-af5a6cb75047	14	21815041	21817867	3	0.9778
b242fdfe-cae9-4e3c-8cdb-af5a6cb75047	14	21820576	21856896	21	-0.0416
b242fdfe-cae9-4e3c-8cdb-af5a6cb75047	14	21856963	21862151	12	-0.6773
b242fdfe-cae9-4e3c-8cdb-af5a6cb75047	14	21862255	22610324	684	-0.0166
b242fdfe-cae9-4e3c-8cdb-af5a6cb75047	14	22610824	22660888	40	0.3154
b242fdfe-cae9-4e3c-8cdb-af5a6cb75047	14	22664303	26314709	2350	0.0315
b242fdfe-cae9-4e3c-8cdb-af5a6cb75047	14	26314710	26314711	2	-2.2269
b242fdfe-cae9-4e3c-8cdb-af5a6cb75047	14	26314712	73529070	29725	0.0181
b242fdfe-cae9-4e3c-8cdb-af5a6cb75047	14	73534419	73554275	9	1.0379
b242fdfe-cae9-4e3c-8cdb-af5a6cb75047	14	73563196	106877229	21155	0.0137
b242fdfe-cae9-4e3c-8cdb-af5a6cb75047	15	19811075	21975606	176	0.1401
b242fdfe-cae9-4e3c-8cdb-af5a6cb75047	15	21997003	21999319	2	-1.8665
b242fdfe-cae9-4e3c-8cdb-af5a6cb75047	15	22003073	24429986	1024	0.0192
b242fdfe-cae9-4e3c-8cdb-af5a6cb75047	15	24435245	24473449	31	-0.7899
b242fdfe-cae9-4e3c-8cdb-af5a6cb75047	15	24480146	30215235	3605	0.0182
b242fdfe-cae9-4e3c-8cdb-af5a6cb75047	15	30230885	30269364	7	-0.9518
b242fdfe-cae9-4e3c-8cdb-af5a6cb75047	15	30281107	34421922	2583	0.0234
b242fdfe-cae9-4e3c-8cdb-af5a6cb75047	15	34430601	34520918	62	-0.8921
b242fdfe-cae9-4e3c-8cdb-af5a6cb75047	15	34522159	34637170	48	-0.01
b242fdfe-cae9-4e3c-8cdb-af5a6cb75047	15	34637550	34685612	57	-1.181
b242fdfe-cae9-4e3c-8cdb-af5a6cb75047	15	34692790	66519080	20375	0.0179
b242fdfe-cae9-4e3c-8cdb-af5a6cb75047	15	66523845	66524054	2	-1.3917
b242fdfe-cae9-4e3c-8cdb-af5a6cb75047	15	66525707	77027251	6159	0.0167
b242fdfe-cae9-4e3c-8cdb-af5a6cb75047	15	77030688	77041739	5	1.0443
b242fdfe-cae9-4e3c-8cdb-af5a6cb75047	15	77046930	101928837	17414	0.0148
b242fdfe-cae9-4e3c-8cdb-af5a6cb75047	16	10777	154945	93	0.062
b242fdfe-cae9-4e3c-8cdb-af5a6cb75047	16	155036	155679	5	-0.9067
b242fdfe-cae9-4e3c-8cdb-af5a6cb75047	16	171058	2655940	793	0.0352
b242fdfe-cae9-4e3c-8cdb-af5a6cb75047	16	2655981	2666936	10	0.7435
b242fdfe-cae9-4e3c-8cdb-af5a6cb75047	16	2671962	22547736	13879	0.0182
b242fdfe-cae9-4e3c-8cdb-af5a6cb75047	16	22566269	22690800	64	-0.3111
b242fdfe-cae9-4e3c-8cdb-af5a6cb75047	16	22691516	90096867	37027	0.0115
b242fdfe-cae9-4e3c-8cdb-af5a6cb75047	17	150733	16749938	10474	0.03
b242fdfe-cae9-4e3c-8cdb-af5a6cb75047	17	16750987	16819487	11	0.7063
b242fdfe-cae9-4e3c-8cdb-af5a6cb75047	17	16834846	18414080	909	0.0183
b242fdfe-cae9-4e3c-8cdb-af5a6cb75047	17	18452078	18550123	25	-1.5834
b242fdfe-cae9-4e3c-8cdb-af5a6cb75047	17	18561272	46135062	11958	0.0187
b242fdfe-cae9-4e3c-8cdb-af5a6cb75047	17	46135838	46323701	91	0.3233
b242fdfe-cae9-4e3c-8cdb-af5a6cb75047	17	46351954	63876752	10079	0.0225
b242fdfe-cae9-4e3c-8cdb-af5a6cb75047	17	63876795	63906939	10	-0.7499
b242fdfe-cae9-4e3c-8cdb-af5a6cb75047	17	63911447	74237499	7005	0.0104
b242fdfe-cae9-4e3c-8cdb-af5a6cb75047	17	74237964	77723017	1864	0.0586
b242fdfe-cae9-4e3c-8cdb-af5a6cb75047	17	77723087	78280402	292	-0.0011
b242fdfe-cae9-4e3c-8cdb-af5a6cb75047	17	78285287	78286051	2	-1.8673
b242fdfe-cae9-4e3c-8cdb-af5a6cb75047	17	78286887	83091923	2322	0.0245
b242fdfe-cae9-4e3c-8cdb-af5a6cb75047	18	48133	14807771	10241	0.0091
b242fdfe-cae9-4e3c-8cdb-af5a6cb75047	18	14810459	14814639	3	-1.412
b242fdfe-cae9-4e3c-8cdb-af5a6cb75047	18	14816210	28613572	4824	0.0144
b242fdfe-cae9-4e3c-8cdb-af5a6cb75047	18	28615803	28616166	4	-1.158
b242fdfe-cae9-4e3c-8cdb-af5a6cb75047	18	28616668	40678763	7718	0.0202
b242fdfe-cae9-4e3c-8cdb-af5a6cb75047	18	40680456	40689848	22	-0.7074
b242fdfe-cae9-4e3c-8cdb-af5a6cb75047	18	40690108	65535759	17115	0.0134
b242fdfe-cae9-4e3c-8cdb-af5a6cb75047	18	65535772	65537481	15	0.808
b242fdfe-cae9-4e3c-8cdb-af5a6cb75047	18	65540037	66095064	417	0.0197
b242fdfe-cae9-4e3c-8cdb-af5a6cb75047	18	66099904	66100686	3	-2.9443
b242fdfe-cae9-4e3c-8cdb-af5a6cb75047	18	66108359	69539991	2565	0.0119
b242fdfe-cae9-4e3c-8cdb-af5a6cb75047	18	69540616	69555304	13	-0.9557
b242fdfe-cae9-4e3c-8cdb-af5a6cb75047	18	69558185	80257174	7802	-0.003
b242fdfe-cae9-4e3c-8cdb-af5a6cb75047	19	90910	21632117	9612	0.0493
b242fdfe-cae9-4e3c-8cdb-af5a6cb75047	19	21632838	21637309	3	-1.3526
b242fdfe-cae9-4e3c-8cdb-af5a6cb75047	19	21638735	35358420	7096	0.0178
b242fdfe-cae9-4e3c-8cdb-af5a6cb75047	19	35364451	35370268	17	-0.5764
b242fdfe-cae9-4e3c-8cdb-af5a6cb75047	19	35370747	40828833	2769	0.0327
b242fdfe-cae9-4e3c-8cdb-af5a6cb75047	19	40828847	40886250	29	0.6628
b242fdfe-cae9-4e3c-8cdb-af5a6cb75047	19	40886749	40945759	44	0.0979
b242fdfe-cae9-4e3c-8cdb-af5a6cb75047	19	40948897	40982879	25	0.4458
b242fdfe-cae9-4e3c-8cdb-af5a6cb75047	19	40983175	52829675	5984	0.0512
b242fdfe-cae9-4e3c-8cdb-af5a6cb75047	19	52829683	52830650	3	1.2419
b242fdfe-cae9-4e3c-8cdb-af5a6cb75047	19	52830912	54390316	1000	0.0458
b242fdfe-cae9-4e3c-8cdb-af5a6cb75047	19	54390727	54426120	13	0.7782
b242fdfe-cae9-4e3c-8cdb-af5a6cb75047	19	54426209	55682391	615	0.0541
b242fdfe-cae9-4e3c-8cdb-af5a6cb75047	19	55682641	55751658	46	0.3085
b242fdfe-cae9-4e3c-8cdb-af5a6cb75047	19	55754298	58586487	1857	0.0275
b242fdfe-cae9-4e3c-8cdb-af5a6cb75047	20	80664	1580156	1200	0.0247
b242fdfe-cae9-4e3c-8cdb-af5a6cb75047	20	1580276	1617460	46	-0.5847
b242fdfe-cae9-4e3c-8cdb-af5a6cb75047	20	1617690	4023062	1665	0.0397
b242fdfe-cae9-4e3c-8cdb-af5a6cb75047	20	4025682	4043865	13	0.669
b242fdfe-cae9-4e3c-8cdb-af5a6cb75047	20	4044169	15256406	8667	0.0175
b242fdfe-cae9-4e3c-8cdb-af5a6cb75047	20	15256565	15257226	2	-1.8073
b242fdfe-cae9-4e3c-8cdb-af5a6cb75047	20	15258823	64324800	30788	0.0103
b242fdfe-cae9-4e3c-8cdb-af5a6cb75047	21	10354168	10388377	4	-0.1975
b242fdfe-cae9-4e3c-8cdb-af5a6cb75047	21	10388383	13169048	108	0.3045
b242fdfe-cae9-4e3c-8cdb-af5a6cb75047	21	13177644	44389104	22431	0.0086
b242fdfe-cae9-4e3c-8cdb-af5a6cb75047	21	44390788	44420285	10	0.7824
b242fdfe-cae9-4e3c-8cdb-af5a6cb75047	21	44420537	46677045	1315	0.0122
b242fdfe-cae9-4e3c-8cdb-af5a6cb75047	22	15294547	18142004	1109	0.035
b242fdfe-cae9-4e3c-8cdb-af5a6cb75047	22	18143362	18146386	8	-1.3286
b242fdfe-cae9-4e3c-8cdb-af5a6cb75047	22	18147293	18760941	19	0.112
b242fdfe-cae9-4e3c-8cdb-af5a6cb75047	22	18783014	18822581	3	-1.5312
b242fdfe-cae9-4e3c-8cdb-af5a6cb75047	22	18822597	20322846	873	0.0343
b242fdfe-cae9-4e3c-8cdb-af5a6cb75047	22	20323099	20975977	557	0.1172
b242fdfe-cae9-4e3c-8cdb-af5a6cb75047	22	20977360	23929558	1810	0.0086
b242fdfe-cae9-4e3c-8cdb-af5a6cb75047	22	23940911	23946247	5	-1.161
b242fdfe-cae9-4e3c-8cdb-af5a6cb75047	22	23950883	23987520	9	-0.0032
b242fdfe-cae9-4e3c-8cdb-af5a6cb75047	22	23988078	23990431	3	-2.5007
b242fdfe-cae9-4e3c-8cdb-af5a6cb75047	22	23990739	41928165	12448	0.0197
b242fdfe-cae9-4e3c-8cdb-af5a6cb75047	22	41936618	41972931	25	0.4474
b242fdfe-cae9-4e3c-8cdb-af5a6cb75047	22	41973091	49454261	5755	0.0165
b242fdfe-cae9-4e3c-8cdb-af5a6cb75047	22	49454968	49516242	37	-0.4362
b242fdfe-cae9-4e3c-8cdb-af5a6cb75047	22	49516637	50796027	617	0.0202
b242fdfe-cae9-4e3c-8cdb-af5a6cb75047	X	251810	722126	76	0.1342
b242fdfe-cae9-4e3c-8cdb-af5a6cb75047	X	728811	46582001	28171	-0.0025
b242fdfe-cae9-4e3c-8cdb-af5a6cb75047	X	46582440	58477663	5159	0.037
b242fdfe-cae9-4e3c-8cdb-af5a6cb75047	X	58515724	62598741	11	-0.6079
b242fdfe-cae9-4e3c-8cdb-af5a6cb75047	X	62657815	73634295	4755	0.0361
b242fdfe-cae9-4e3c-8cdb-af5a6cb75047	X	73634341	73710969	31	0.7139
b242fdfe-cae9-4e3c-8cdb-af5a6cb75047	X	73711453	77179707	1616	0.0684
b242fdfe-cae9-4e3c-8cdb-af5a6cb75047	X	77191372	77324696	10	-0.7544
b242fdfe-cae9-4e3c-8cdb-af5a6cb75047	X	77326049	116544037	20687	0.0327
b242fdfe-cae9-4e3c-8cdb-af5a6cb75047	X	116600286	116683317	51	0.5584
b242fdfe-cae9-4e3c-8cdb-af5a6cb75047	X	116684562	116791259	61	0.0544
b242fdfe-cae9-4e3c-8cdb-af5a6cb75047	X	116795938	116824146	20	-1.4009
b242fdfe-cae9-4e3c-8cdb-af5a6cb75047	X	116826325	155952689	23000	0.0191
b242fdfe-cae9-4e3c-8cdb-af5a6cb75047	Y	2782397	6233384	784	-3.1243
b242fdfe-cae9-4e3c-8cdb-af5a6cb75047	Y	6249869	10092079	1618	-3.762
b242fdfe-cae9-4e3c-8cdb-af5a6cb75047	Y	10094518	10193199	27	-2.2585
b242fdfe-cae9-4e3c-8cdb-af5a6cb75047	Y	10193743	12912709	585	-3.5647
b242fdfe-cae9-4e3c-8cdb-af5a6cb75047	Y	12914512	12918905	5	-6.9152
b242fdfe-cae9-4e3c-8cdb-af5a6cb75047	Y	12920376	17056257	2001	-3.6741
b242fdfe-cae9-4e3c-8cdb-af5a6cb75047	Y	17056790	17070391	6	-6.9901
b242fdfe-cae9-4e3c-8cdb-af5a6cb75047	Y	17073469	22804854	1411	-3.7097
b242fdfe-cae9-4e3c-8cdb-af5a6cb75047	Y	22913244	56872112	202	-3.0983
