GDC_Aliquot	Chromosome	Start	End	Num_Probes	Segment_Mean
db29cc72-36ab-4b12-8511-cbcda456c536	1	3301765	247650984	129831	0.0195
db29cc72-36ab-4b12-8511-cbcda456c536	2	480597	136860961	71979	0.0063
db29cc72-36ab-4b12-8511-cbcda456c536	2	136860978	136864340	6	-1.1737
db29cc72-36ab-4b12-8511-cbcda456c536	2	136865011	241537572	60289	0.0034
db29cc72-36ab-4b12-8511-cbcda456c536	3	2170634	197812401	107247	0.0164
db29cc72-36ab-4b12-8511-cbcda456c536	4	1059384	187842528	103559	0.0179
db29cc72-36ab-4b12-8511-cbcda456c536	5	913983	82208101	43914	0.014
db29cc72-36ab-4b12-8511-cbcda456c536	5	82208114	82219583	3	-1.2561
db29cc72-36ab-4b12-8511-cbcda456c536	5	82219627	180934240	57263	0.0179
db29cc72-36ab-4b12-8511-cbcda456c536	6	1011760	9612044	6297	0.0168
db29cc72-36ab-4b12-8511-cbcda456c536	6	9613076	9613364	2	-1.7902
db29cc72-36ab-4b12-8511-cbcda456c536	6	9614502	27020568	11603	0.0146
db29cc72-36ab-4b12-8511-cbcda456c536	6	27025838	27026566	2	-1.6447
db29cc72-36ab-4b12-8511-cbcda456c536	6	27026827	134375877	57603	0.0147
db29cc72-36ab-4b12-8511-cbcda456c536	6	134376239	134376302	2	-1.8708
db29cc72-36ab-4b12-8511-cbcda456c536	6	134376858	170596889	21726	0.0161
db29cc72-36ab-4b12-8511-cbcda456c536	7	664936	158592540	81990	0.0195
db29cc72-36ab-4b12-8511-cbcda456c536	8	667625	144182542	82285	0.0179
db29cc72-36ab-4b12-8511-cbcda456c536	9	789794	68918992	24052	0.021
db29cc72-36ab-4b12-8511-cbcda456c536	9	68921034	68936167	19	-0.973
db29cc72-36ab-4b12-8511-cbcda456c536	9	68937388	138044505	44455	0.0184
db29cc72-36ab-4b12-8511-cbcda456c536	10	366509	133411599	81345	0.0147
db29cc72-36ab-4b12-8511-cbcda456c536	11	456012	134272740	77628	0.0183
db29cc72-36ab-4b12-8511-cbcda456c536	12	780472	25213573	14345	0.0153
db29cc72-36ab-4b12-8511-cbcda456c536	12	25213600	25213802	2	-1.57
db29cc72-36ab-4b12-8511-cbcda456c536	12	25213929	132605822	60050	0.0129
db29cc72-36ab-4b12-8511-cbcda456c536	13	18874255	62045679	25310	0.0136
db29cc72-36ab-4b12-8511-cbcda456c536	13	62055259	62057834	2	1.5114
db29cc72-36ab-4b12-8511-cbcda456c536	13	62058520	75847546	7551	0.0165
db29cc72-36ab-4b12-8511-cbcda456c536	13	75853632	75853731	2	-1.9234
db29cc72-36ab-4b12-8511-cbcda456c536	13	75853977	114226675	24175	0.0173
db29cc72-36ab-4b12-8511-cbcda456c536	14	20033191	105533894	49819	0.0157
db29cc72-36ab-4b12-8511-cbcda456c536	15	23437561	101344124	44812	0.0135
db29cc72-36ab-4b12-8511-cbcda456c536	16	603333	89317317	41238	0.0228
db29cc72-36ab-4b12-8511-cbcda456c536	17	1074619	82959812	37304	0.0188
db29cc72-36ab-4b12-8511-cbcda456c536	18	326691	79349796	42995	0.0187
db29cc72-36ab-4b12-8511-cbcda456c536	19	283868	58370362	24168	0.0249
db29cc72-36ab-4b12-8511-cbcda456c536	20	472817	63588502	37579	0.0221
db29cc72-36ab-4b12-8511-cbcda456c536	21	13974127	46262057	20612	0.019
db29cc72-36ab-4b12-8511-cbcda456c536	22	16934932	48940621	17100	0.0277
db29cc72-36ab-4b12-8511-cbcda456c536	X	3236359	155677414	64000	0.0174
