GDC_Aliquot	Chromosome	Start	End	Num_Probes	Segment_Mean
570200ec-cb6e-48a2-8c86-612593ce4c76	1	3301765	9058969	3566	-0.3534
570200ec-cb6e-48a2-8c86-612593ce4c76	1	9059838	9674079	257	0.2674
570200ec-cb6e-48a2-8c86-612593ce4c76	1	9678728	11900776	1088	-0.2835
570200ec-cb6e-48a2-8c86-612593ce4c76	1	11909975	11965338	23	0.2515
570200ec-cb6e-48a2-8c86-612593ce4c76	1	11977700	27336658	8086	-0.3397
570200ec-cb6e-48a2-8c86-612593ce4c76	1	27343668	29168975	703	0.2468
570200ec-cb6e-48a2-8c86-612593ce4c76	1	29169408	32923042	2029	-0.336
570200ec-cb6e-48a2-8c86-612593ce4c76	1	32927745	32971347	8	-1.4773
570200ec-cb6e-48a2-8c86-612593ce4c76	1	32971441	32991909	11	-0.9026
570200ec-cb6e-48a2-8c86-612593ce4c76	1	32993883	35059419	1340	-0.3676
570200ec-cb6e-48a2-8c86-612593ce4c76	1	35059744	41304640	3207	-0.2817
570200ec-cb6e-48a2-8c86-612593ce4c76	1	41308682	41309583	2	1.1313
570200ec-cb6e-48a2-8c86-612593ce4c76	1	41317411	41392965	65	-0.2938
570200ec-cb6e-48a2-8c86-612593ce4c76	1	41395711	42163215	559	-0.3297
570200ec-cb6e-48a2-8c86-612593ce4c76	1	42163369	42163434	2	-2.4074
570200ec-cb6e-48a2-8c86-612593ce4c76	1	42163567	45524516	1852	-0.2799
570200ec-cb6e-48a2-8c86-612593ce4c76	1	45526628	50767700	2672	0.1217
570200ec-cb6e-48a2-8c86-612593ce4c76	1	50772510	51131249	86	-0.4394
570200ec-cb6e-48a2-8c86-612593ce4c76	1	51135580	53211637	1008	0.1133
570200ec-cb6e-48a2-8c86-612593ce4c76	1	53212882	53216192	6	-0.74
570200ec-cb6e-48a2-8c86-612593ce4c76	1	53226993	53890688	461	0.0676
570200ec-cb6e-48a2-8c86-612593ce4c76	1	53891409	56429557	1762	0.111
570200ec-cb6e-48a2-8c86-612593ce4c76	1	56432185	61248825	3569	0.0604
570200ec-cb6e-48a2-8c86-612593ce4c76	1	61252210	61636635	305	0.4084
570200ec-cb6e-48a2-8c86-612593ce4c76	1	61637004	75272536	8491	0.0462
570200ec-cb6e-48a2-8c86-612593ce4c76	1	75273250	75375353	53	-0.5561
570200ec-cb6e-48a2-8c86-612593ce4c76	1	75394275	93326416	10991	0.0372
570200ec-cb6e-48a2-8c86-612593ce4c76	1	93330375	94919349	1094	0.4606
570200ec-cb6e-48a2-8c86-612593ce4c76	1	94925619	95030979	74	-0.5011
570200ec-cb6e-48a2-8c86-612593ce4c76	1	95039551	116465814	12670	0.4446
570200ec-cb6e-48a2-8c86-612593ce4c76	1	116465901	119981332	2095	0.0742
570200ec-cb6e-48a2-8c86-612593ce4c76	1	119984738	150808819	321	0.2584
570200ec-cb6e-48a2-8c86-612593ce4c76	1	150809251	150957211	53	0.1274
570200ec-cb6e-48a2-8c86-612593ce4c76	1	150958822	151070735	51	0.5967
570200ec-cb6e-48a2-8c86-612593ce4c76	1	151073507	151083587	3	-0.0579
570200ec-cb6e-48a2-8c86-612593ce4c76	1	151084174	151285115	57	0.6019
570200ec-cb6e-48a2-8c86-612593ce4c76	1	151285839	152021024	390	0.1855
570200ec-cb6e-48a2-8c86-612593ce4c76	1	152027715	153573458	908	-0.3315
570200ec-cb6e-48a2-8c86-612593ce4c76	1	153584088	155336880	809	0.2686
570200ec-cb6e-48a2-8c86-612593ce4c76	1	155340004	155375252	17	0.7241
570200ec-cb6e-48a2-8c86-612593ce4c76	1	155375286	155952438	235	1.0081
570200ec-cb6e-48a2-8c86-612593ce4c76	1	155965453	156212919	99	0.5821
570200ec-cb6e-48a2-8c86-612593ce4c76	1	156216047	160134659	2461	0.2345
570200ec-cb6e-48a2-8c86-612593ce4c76	1	160134873	160175796	24	0.9615
570200ec-cb6e-48a2-8c86-612593ce4c76	1	160175898	173822479	9622	0.1742
570200ec-cb6e-48a2-8c86-612593ce4c76	1	173826738	174645494	384	0.5626
570200ec-cb6e-48a2-8c86-612593ce4c76	1	174655921	183155731	5257	0.1213
570200ec-cb6e-48a2-8c86-612593ce4c76	1	183157582	183193315	31	0.7834
570200ec-cb6e-48a2-8c86-612593ce4c76	1	183194579	201731101	11195	0.102
570200ec-cb6e-48a2-8c86-612593ce4c76	1	201733683	206037050	2760	0.1752
570200ec-cb6e-48a2-8c86-612593ce4c76	1	206038011	206730317	275	0.119
570200ec-cb6e-48a2-8c86-612593ce4c76	1	206731016	206913624	131	0.5503
570200ec-cb6e-48a2-8c86-612593ce4c76	1	206913718	218370681	7983	0.1121
570200ec-cb6e-48a2-8c86-612593ce4c76	1	218370857	222931613	2982	0.0694
570200ec-cb6e-48a2-8c86-612593ce4c76	1	222931786	223025800	69	0.5243
570200ec-cb6e-48a2-8c86-612593ce4c76	1	223030659	223160707	49	0.7311
570200ec-cb6e-48a2-8c86-612593ce4c76	1	223162647	225194764	1229	0.48
570200ec-cb6e-48a2-8c86-612593ce4c76	1	225194777	226069974	391	0.7968
570200ec-cb6e-48a2-8c86-612593ce4c76	1	226072524	226849436	467	0.4843
570200ec-cb6e-48a2-8c86-612593ce4c76	1	226854747	227285234	290	0.7922
570200ec-cb6e-48a2-8c86-612593ce4c76	1	227285263	228285899	528	1.0045
570200ec-cb6e-48a2-8c86-612593ce4c76	1	228286096	238691981	7289	0.7688
570200ec-cb6e-48a2-8c86-612593ce4c76	1	238692338	238692794	3	-0.6642
570200ec-cb6e-48a2-8c86-612593ce4c76	1	238699149	239581008	599	0.7676
570200ec-cb6e-48a2-8c86-612593ce4c76	1	239581071	243283692	2527	0.7105
570200ec-cb6e-48a2-8c86-612593ce4c76	1	243284099	244953821	978	0.7689
570200ec-cb6e-48a2-8c86-612593ce4c76	1	244959915	245674843	475	0.0334
570200ec-cb6e-48a2-8c86-612593ce4c76	1	245679023	247650984	714	0.7556
570200ec-cb6e-48a2-8c86-612593ce4c76	2	480597	3038493	1041	-0.5511
570200ec-cb6e-48a2-8c86-612593ce4c76	2	3042630	3142265	64	0.0417
570200ec-cb6e-48a2-8c86-612593ce4c76	2	3143365	8691497	3982	-0.5123
570200ec-cb6e-48a2-8c86-612593ce4c76	2	8695758	10471085	1135	-0.422
570200ec-cb6e-48a2-8c86-612593ce4c76	2	10471277	10471965	3	-1.9636
570200ec-cb6e-48a2-8c86-612593ce4c76	2	10472362	12611693	1623	-0.4553
570200ec-cb6e-48a2-8c86-612593ce4c76	2	12612850	15555781	1775	-0.4867
570200ec-cb6e-48a2-8c86-612593ce4c76	2	15557926	15589144	27	0.0003
570200ec-cb6e-48a2-8c86-612593ce4c76	2	15589459	18197071	1832	-0.498
570200ec-cb6e-48a2-8c86-612593ce4c76	2	18197478	18197748	2	-3.1781
570200ec-cb6e-48a2-8c86-612593ce4c76	2	18198902	23664528	3682	-0.4686
570200ec-cb6e-48a2-8c86-612593ce4c76	2	23669650	28347531	2144	-0.3963
570200ec-cb6e-48a2-8c86-612593ce4c76	2	28357283	28546464	121	0.571
570200ec-cb6e-48a2-8c86-612593ce4c76	2	28547373	28580288	20	1.1108
570200ec-cb6e-48a2-8c86-612593ce4c76	2	28584203	28759961	106	0.1374
570200ec-cb6e-48a2-8c86-612593ce4c76	2	28763484	29201223	166	-0.4498
570200ec-cb6e-48a2-8c86-612593ce4c76	2	29204072	29232195	44	0.483
570200ec-cb6e-48a2-8c86-612593ce4c76	2	29236443	40690861	6295	-0.4373
570200ec-cb6e-48a2-8c86-612593ce4c76	2	40694942	40694958	2	-4.4068
570200ec-cb6e-48a2-8c86-612593ce4c76	2	40695158	41379467	285	-0.4027
570200ec-cb6e-48a2-8c86-612593ce4c76	2	41384658	44640988	2127	0.4747
570200ec-cb6e-48a2-8c86-612593ce4c76	2	44641997	44712240	48	0.1102
570200ec-cb6e-48a2-8c86-612593ce4c76	2	44712319	47508009	2044	0.4967
570200ec-cb6e-48a2-8c86-612593ce4c76	2	47510079	47690915	128	0.1081
570200ec-cb6e-48a2-8c86-612593ce4c76	2	47692617	47779327	38	-0.347
570200ec-cb6e-48a2-8c86-612593ce4c76	2	47781842	54704300	3511	0.0797
570200ec-cb6e-48a2-8c86-612593ce4c76	2	54704440	54752622	22	0.5896
570200ec-cb6e-48a2-8c86-612593ce4c76	2	54759371	58081327	1900	0.0859
570200ec-cb6e-48a2-8c86-612593ce4c76	2	58083763	58181154	51	-0.4868
570200ec-cb6e-48a2-8c86-612593ce4c76	2	58183837	70779700	7617	0.0897
570200ec-cb6e-48a2-8c86-612593ce4c76	2	70785586	70785907	3	-1.2699
570200ec-cb6e-48a2-8c86-612593ce4c76	2	70791315	72163475	833	0.0879
570200ec-cb6e-48a2-8c86-612593ce4c76	2	72169546	72236834	29	0.4248
570200ec-cb6e-48a2-8c86-612593ce4c76	2	72237112	73892535	658	0.112
570200ec-cb6e-48a2-8c86-612593ce4c76	2	73893054	74040103	109	0.5095
570200ec-cb6e-48a2-8c86-612593ce4c76	2	74043360	88831554	7288	0.0875
570200ec-cb6e-48a2-8c86-612593ce4c76	2	94675825	102348872	3407	0.5085
570200ec-cb6e-48a2-8c86-612593ce4c76	2	102350089	109640822	4508	0.4629
570200ec-cb6e-48a2-8c86-612593ce4c76	2	109651654	113101568	1259	0.5205
570200ec-cb6e-48a2-8c86-612593ce4c76	2	113104310	113631886	170	1.0576
570200ec-cb6e-48a2-8c86-612593ce4c76	2	113632200	117514831	1781	0.4925
570200ec-cb6e-48a2-8c86-612593ce4c76	2	117515892	117614858	67	0.1516
570200ec-cb6e-48a2-8c86-612593ce4c76	2	117619619	127606563	5325	0.4807
570200ec-cb6e-48a2-8c86-612593ce4c76	2	127608876	128301989	328	0.7663
570200ec-cb6e-48a2-8c86-612593ce4c76	2	128303096	128431170	72	0.4325
570200ec-cb6e-48a2-8c86-612593ce4c76	2	128431989	128501984	50	0.0496
570200ec-cb6e-48a2-8c86-612593ce4c76	2	128502870	158296619	16277	0.4695
570200ec-cb6e-48a2-8c86-612593ce4c76	2	158301437	164089919	3346	0.0853
570200ec-cb6e-48a2-8c86-612593ce4c76	2	164092359	170689703	4104	-0.479
570200ec-cb6e-48a2-8c86-612593ce4c76	2	170689733	170991410	159	0.0825
570200ec-cb6e-48a2-8c86-612593ce4c76	2	170992004	186614614	8906	-0.4836
570200ec-cb6e-48a2-8c86-612593ce4c76	2	186618778	186695869	41	0.0578
570200ec-cb6e-48a2-8c86-612593ce4c76	2	186697079	187294451	270	-0.476
570200ec-cb6e-48a2-8c86-612593ce4c76	2	187294546	195470558	3757	0.0795
570200ec-cb6e-48a2-8c86-612593ce4c76	2	195470718	202889228	4028	0.4804
570200ec-cb6e-48a2-8c86-612593ce4c76	2	202891075	202980578	27	0.0867
570200ec-cb6e-48a2-8c86-612593ce4c76	2	202982596	207445273	2818	0.4812
570200ec-cb6e-48a2-8c86-612593ce4c76	2	207447545	207544687	51	0.7692
570200ec-cb6e-48a2-8c86-612593ce4c76	2	207546852	208578403	607	0.4689
570200ec-cb6e-48a2-8c86-612593ce4c76	2	208579414	208588846	12	1.1031
570200ec-cb6e-48a2-8c86-612593ce4c76	2	208591400	217051568	5190	0.3521
570200ec-cb6e-48a2-8c86-612593ce4c76	2	217055602	217202940	123	0.6457
570200ec-cb6e-48a2-8c86-612593ce4c76	2	217203463	217575492	265	0.3566
570200ec-cb6e-48a2-8c86-612593ce4c76	2	217576193	218346615	445	0.7073
570200ec-cb6e-48a2-8c86-612593ce4c76	2	218349681	218422514	43	0.9825
570200ec-cb6e-48a2-8c86-612593ce4c76	2	218428027	219264173	382	0.7119
570200ec-cb6e-48a2-8c86-612593ce4c76	2	219268703	219702258	220	0.3714
570200ec-cb6e-48a2-8c86-612593ce4c76	2	219702670	219707458	9	0.2098
570200ec-cb6e-48a2-8c86-612593ce4c76	2	219711511	231089511	7223	-0.455
570200ec-cb6e-48a2-8c86-612593ce4c76	2	231094600	231246376	67	0.0766
570200ec-cb6e-48a2-8c86-612593ce4c76	2	231246623	233302295	941	-0.4171
570200ec-cb6e-48a2-8c86-612593ce4c76	2	233305954	235480054	1574	0.0986
570200ec-cb6e-48a2-8c86-612593ce4c76	2	235482808	235538421	42	0.4755
570200ec-cb6e-48a2-8c86-612593ce4c76	2	235538710	237308631	1187	0.101
570200ec-cb6e-48a2-8c86-612593ce4c76	2	237308710	237314127	2	-1.0035
570200ec-cb6e-48a2-8c86-612593ce4c76	2	237314612	237970660	421	0.1322
570200ec-cb6e-48a2-8c86-612593ce4c76	2	237972043	237994668	15	0.6795
570200ec-cb6e-48a2-8c86-612593ce4c76	2	237997606	238309708	151	0.1395
570200ec-cb6e-48a2-8c86-612593ce4c76	2	238311638	238440354	71	0.3884
570200ec-cb6e-48a2-8c86-612593ce4c76	2	238444372	238500239	33	0.1574
570200ec-cb6e-48a2-8c86-612593ce4c76	2	238502702	240523039	1176	-1.452
570200ec-cb6e-48a2-8c86-612593ce4c76	2	240525396	241032385	168	-0.4598
570200ec-cb6e-48a2-8c86-612593ce4c76	2	241038785	241537572	283	0.3822
570200ec-cb6e-48a2-8c86-612593ce4c76	3	2170634	7789321	3037	-0.3893
570200ec-cb6e-48a2-8c86-612593ce4c76	3	7792261	7919492	146	-1.1537
570200ec-cb6e-48a2-8c86-612593ce4c76	3	7921948	8020705	76	-3.4239
570200ec-cb6e-48a2-8c86-612593ce4c76	3	8022948	8056691	23	-1.1157
570200ec-cb6e-48a2-8c86-612593ce4c76	3	8057275	10508398	1542	-0.3232
570200ec-cb6e-48a2-8c86-612593ce4c76	3	10511035	16526598	4058	-0.3727
570200ec-cb6e-48a2-8c86-612593ce4c76	3	16526611	16557550	24	0.1485
570200ec-cb6e-48a2-8c86-612593ce4c76	3	16566050	33196501	9756	-0.3789
570200ec-cb6e-48a2-8c86-612593ce4c76	3	33196534	40537191	4471	-0.3218
570200ec-cb6e-48a2-8c86-612593ce4c76	3	40541980	42257058	901	-1.1359
570200ec-cb6e-48a2-8c86-612593ce4c76	3	42257823	42257893	2	-6.7361
570200ec-cb6e-48a2-8c86-612593ce4c76	3	42257907	42896190	389	-1.235
570200ec-cb6e-48a2-8c86-612593ce4c76	3	42902709	42914106	4	-3.2431
570200ec-cb6e-48a2-8c86-612593ce4c76	3	42914781	45020682	1077	-1.22
570200ec-cb6e-48a2-8c86-612593ce4c76	3	45030046	45031229	2	-6.1649
570200ec-cb6e-48a2-8c86-612593ce4c76	3	45032170	49826049	2248	-1.1577
570200ec-cb6e-48a2-8c86-612593ce4c76	3	49834734	50167434	137	-0.3376
570200ec-cb6e-48a2-8c86-612593ce4c76	3	50169642	50330306	55	0.1734
570200ec-cb6e-48a2-8c86-612593ce4c76	3	50331164	52105894	759	-0.3442
570200ec-cb6e-48a2-8c86-612593ce4c76	3	52106751	52492820	135	0.183
570200ec-cb6e-48a2-8c86-612593ce4c76	3	52496771	55527529	2126	-0.4022
570200ec-cb6e-48a2-8c86-612593ce4c76	3	55534034	55577424	30	0.1825
570200ec-cb6e-48a2-8c86-612593ce4c76	3	55581137	56928365	922	-0.4317
570200ec-cb6e-48a2-8c86-612593ce4c76	3	56928801	56933267	9	0.6168
570200ec-cb6e-48a2-8c86-612593ce4c76	3	56941355	62242346	2528	-0.4367
570200ec-cb6e-48a2-8c86-612593ce4c76	3	62250293	62492301	149	0.0745
570200ec-cb6e-48a2-8c86-612593ce4c76	3	62492519	64538805	1625	-0.4602
570200ec-cb6e-48a2-8c86-612593ce4c76	3	64540037	64561502	26	-1.5357
570200ec-cb6e-48a2-8c86-612593ce4c76	3	64567951	68841487	3032	-0.4372
570200ec-cb6e-48a2-8c86-612593ce4c76	3	68845974	68846011	2	-2.1086
570200ec-cb6e-48a2-8c86-612593ce4c76	3	68847885	68940421	102	-0.443
570200ec-cb6e-48a2-8c86-612593ce4c76	3	68944509	68988290	35	0.0694
570200ec-cb6e-48a2-8c86-612593ce4c76	3	68989009	84000156	8758	-0.4587
570200ec-cb6e-48a2-8c86-612593ce4c76	3	84005251	85022434	509	0.0906
570200ec-cb6e-48a2-8c86-612593ce4c76	3	85023433	85024074	3	-1.3196
570200ec-cb6e-48a2-8c86-612593ce4c76	3	85032639	86212375	525	0.1218
570200ec-cb6e-48a2-8c86-612593ce4c76	3	86216052	86216665	2	-1.3563
570200ec-cb6e-48a2-8c86-612593ce4c76	3	86221012	95305924	2615	0.0833
570200ec-cb6e-48a2-8c86-612593ce4c76	3	95309806	95375890	51	0.5433
570200ec-cb6e-48a2-8c86-612593ce4c76	3	95376758	95424296	29	0.0562
570200ec-cb6e-48a2-8c86-612593ce4c76	3	95427008	95717807	177	0.4961
570200ec-cb6e-48a2-8c86-612593ce4c76	3	95725251	100797537	2536	-0.3929
570200ec-cb6e-48a2-8c86-612593ce4c76	3	100799623	102005877	704	0.1427
570200ec-cb6e-48a2-8c86-612593ce4c76	3	102006302	105244944	1914	-0.3927
570200ec-cb6e-48a2-8c86-612593ce4c76	3	105249693	105640325	208	0.4609
570200ec-cb6e-48a2-8c86-612593ce4c76	3	105644004	105644605	2	-1.6514
570200ec-cb6e-48a2-8c86-612593ce4c76	3	105645664	112271561	3665	0.5213
570200ec-cb6e-48a2-8c86-612593ce4c76	3	112272829	113267696	637	0.7915
570200ec-cb6e-48a2-8c86-612593ce4c76	3	113270886	115072300	971	0.5005
570200ec-cb6e-48a2-8c86-612593ce4c76	3	115079212	115126340	21	-3.081
570200ec-cb6e-48a2-8c86-612593ce4c76	3	115130637	120795336	3613	0.484
570200ec-cb6e-48a2-8c86-612593ce4c76	3	120797645	120797966	2	-2.7626
570200ec-cb6e-48a2-8c86-612593ce4c76	3	120801282	123220310	1254	0.5108
570200ec-cb6e-48a2-8c86-612593ce4c76	3	123221530	123222108	2	-1.5146
570200ec-cb6e-48a2-8c86-612593ce4c76	3	123225512	125513685	1494	0.4953
570200ec-cb6e-48a2-8c86-612593ce4c76	3	125514885	125617591	54	0.7704
570200ec-cb6e-48a2-8c86-612593ce4c76	3	125620036	129131689	1954	0.47
570200ec-cb6e-48a2-8c86-612593ce4c76	3	129131724	131322361	1067	0.7883
570200ec-cb6e-48a2-8c86-612593ce4c76	3	131322440	134338808	1985	0.4733
570200ec-cb6e-48a2-8c86-612593ce4c76	3	134340253	134341301	4	-1.9576
570200ec-cb6e-48a2-8c86-612593ce4c76	3	134343492	145482105	5994	0.4731
570200ec-cb6e-48a2-8c86-612593ce4c76	3	145485563	146658754	688	0.7785
570200ec-cb6e-48a2-8c86-612593ce4c76	3	146660742	155879998	4746	0.4938
570200ec-cb6e-48a2-8c86-612593ce4c76	3	155882112	157716794	1081	0.114
570200ec-cb6e-48a2-8c86-612593ce4c76	3	157719222	157723828	3	-1.5935
570200ec-cb6e-48a2-8c86-612593ce4c76	3	157723830	158101795	193	0.0877
570200ec-cb6e-48a2-8c86-612593ce4c76	3	158110533	158110818	2	-1.5003
570200ec-cb6e-48a2-8c86-612593ce4c76	3	158112164	167369008	4256	0.095
570200ec-cb6e-48a2-8c86-612593ce4c76	3	167369213	168161920	417	0.4766
570200ec-cb6e-48a2-8c86-612593ce4c76	3	168162120	169082973	522	0.5972
570200ec-cb6e-48a2-8c86-612593ce4c76	3	169086595	169170611	68	0.8887
570200ec-cb6e-48a2-8c86-612593ce4c76	3	169177570	169253443	50	1.5583
570200ec-cb6e-48a2-8c86-612593ce4c76	3	169255014	169648748	308	1.3742
570200ec-cb6e-48a2-8c86-612593ce4c76	3	169655956	170121829	284	1.535
570200ec-cb6e-48a2-8c86-612593ce4c76	3	170141370	170507439	181	1.1081
570200ec-cb6e-48a2-8c86-612593ce4c76	3	170510573	172209645	863	0.8763
570200ec-cb6e-48a2-8c86-612593ce4c76	3	172216827	172289116	55	1.1299
570200ec-cb6e-48a2-8c86-612593ce4c76	3	172292265	172373927	63	0.9016
570200ec-cb6e-48a2-8c86-612593ce4c76	3	172375506	172381221	9	0.2005
570200ec-cb6e-48a2-8c86-612593ce4c76	3	172384249	175035537	1413	0.8591
570200ec-cb6e-48a2-8c86-612593ce4c76	3	175037267	175164587	79	0.4785
570200ec-cb6e-48a2-8c86-612593ce4c76	3	175169854	175170033	2	-0.9128
570200ec-cb6e-48a2-8c86-612593ce4c76	3	175171152	175360691	200	0.5284
570200ec-cb6e-48a2-8c86-612593ce4c76	3	175360729	178398096	1207	0.8433
570200ec-cb6e-48a2-8c86-612593ce4c76	3	178439726	188232784	5364	0.7802
570200ec-cb6e-48a2-8c86-612593ce4c76	3	188234104	188494328	182	0.486
570200ec-cb6e-48a2-8c86-612593ce4c76	3	188494824	188779533	202	0.8327
570200ec-cb6e-48a2-8c86-612593ce4c76	3	188780570	189068160	180	1.0723
570200ec-cb6e-48a2-8c86-612593ce4c76	3	189072980	189157591	54	1.4991
570200ec-cb6e-48a2-8c86-612593ce4c76	3	189157793	190017054	608	1.019
570200ec-cb6e-48a2-8c86-612593ce4c76	3	190017112	190018584	16	0.5067
570200ec-cb6e-48a2-8c86-612593ce4c76	3	190018936	195403519	3198	1.0252
570200ec-cb6e-48a2-8c86-612593ce4c76	3	195416573	197812401	450	1.3088
570200ec-cb6e-48a2-8c86-612593ce4c76	4	1059384	2495436	523	0.1307
570200ec-cb6e-48a2-8c86-612593ce4c76	4	2500190	2660549	31	-0.3991
570200ec-cb6e-48a2-8c86-612593ce4c76	4	2666004	4801710	1039	0.1234
570200ec-cb6e-48a2-8c86-612593ce4c76	4	4803727	6454733	1325	-0.4726
570200ec-cb6e-48a2-8c86-612593ce4c76	4	6459343	6515278	25	0.1185
570200ec-cb6e-48a2-8c86-612593ce4c76	4	6515339	14885365	5392	-0.4558
570200ec-cb6e-48a2-8c86-612593ce4c76	4	14886482	14888686	2	-2.0406
570200ec-cb6e-48a2-8c86-612593ce4c76	4	14888928	19178274	2949	-0.4376
570200ec-cb6e-48a2-8c86-612593ce4c76	4	19179755	20142200	546	-1.2547
570200ec-cb6e-48a2-8c86-612593ce4c76	4	20153934	24537579	2888	-0.4311
570200ec-cb6e-48a2-8c86-612593ce4c76	4	24544114	24557143	14	-1.2798
570200ec-cb6e-48a2-8c86-612593ce4c76	4	24562078	38848489	8878	-0.4337
570200ec-cb6e-48a2-8c86-612593ce4c76	4	38864458	38886547	17	0.0365
570200ec-cb6e-48a2-8c86-612593ce4c76	4	38892759	43321532	2312	0.1275
570200ec-cb6e-48a2-8c86-612593ce4c76	4	43322138	53049693	3080	0.4878
570200ec-cb6e-48a2-8c86-612593ce4c76	4	53050000	53129634	57	0.136
570200ec-cb6e-48a2-8c86-612593ce4c76	4	53140439	76796431	13199	0.4997
570200ec-cb6e-48a2-8c86-612593ce4c76	4	76803873	82011973	3163	-0.4444
570200ec-cb6e-48a2-8c86-612593ce4c76	4	82012324	82012733	2	-2.1014
570200ec-cb6e-48a2-8c86-612593ce4c76	4	82015036	86861018	2886	-0.4369
570200ec-cb6e-48a2-8c86-612593ce4c76	4	86869324	86936439	31	0.0334
570200ec-cb6e-48a2-8c86-612593ce4c76	4	86940182	90490085	2122	-0.4417
570200ec-cb6e-48a2-8c86-612593ce4c76	4	90497097	90571691	35	0.4215
570200ec-cb6e-48a2-8c86-612593ce4c76	4	90573105	96108153	3046	-0.4344
570200ec-cb6e-48a2-8c86-612593ce4c76	4	96115991	96116117	2	-2.5166
570200ec-cb6e-48a2-8c86-612593ce4c76	4	96117489	116504142	11418	-0.4655
570200ec-cb6e-48a2-8c86-612593ce4c76	4	116506282	140134935	12669	0.0824
570200ec-cb6e-48a2-8c86-612593ce4c76	4	140142781	140166850	18	0.7809
570200ec-cb6e-48a2-8c86-612593ce4c76	4	140171357	145219263	2771	0.0781
570200ec-cb6e-48a2-8c86-612593ce4c76	4	145223015	146098888	483	0.4677
570200ec-cb6e-48a2-8c86-612593ce4c76	4	146100968	153743109	4201	0.0636
570200ec-cb6e-48a2-8c86-612593ce4c76	4	153743143	153811095	57	0.4002
570200ec-cb6e-48a2-8c86-612593ce4c76	4	153811459	154429457	366	0.0606
570200ec-cb6e-48a2-8c86-612593ce4c76	4	154430446	154430886	2	-2.7723
570200ec-cb6e-48a2-8c86-612593ce4c76	4	154432527	161284500	4069	0.0598
570200ec-cb6e-48a2-8c86-612593ce4c76	4	161298971	161299232	3	-1.5463
570200ec-cb6e-48a2-8c86-612593ce4c76	4	161299438	166930541	3070	0.0631
570200ec-cb6e-48a2-8c86-612593ce4c76	4	166939724	168251369	604	-0.4656
570200ec-cb6e-48a2-8c86-612593ce4c76	4	168251631	168256968	3	-2.1692
570200ec-cb6e-48a2-8c86-612593ce4c76	4	168259395	173291783	2816	-0.495
570200ec-cb6e-48a2-8c86-612593ce4c76	4	173295971	173316447	12	0.4095
570200ec-cb6e-48a2-8c86-612593ce4c76	4	173319924	181440238	4344	-0.505
570200ec-cb6e-48a2-8c86-612593ce4c76	4	181440406	181447325	10	-1.3653
570200ec-cb6e-48a2-8c86-612593ce4c76	4	181450944	187842528	3009	-0.5402
570200ec-cb6e-48a2-8c86-612593ce4c76	5	913983	8874951	5748	0.6398
570200ec-cb6e-48a2-8c86-612593ce4c76	5	8876308	14009305	3242	0.406
570200ec-cb6e-48a2-8c86-612593ce4c76	5	14012136	17462220	1911	0.7411
570200ec-cb6e-48a2-8c86-612593ce4c76	5	17747964	21727334	1926	0.4251
570200ec-cb6e-48a2-8c86-612593ce4c76	5	21732155	21733222	4	-0.7175
570200ec-cb6e-48a2-8c86-612593ce4c76	5	21741103	33898320	7145	0.4395
570200ec-cb6e-48a2-8c86-612593ce4c76	5	33902034	33927287	28	0.9336
570200ec-cb6e-48a2-8c86-612593ce4c76	5	33930316	36832175	1454	0.4535
570200ec-cb6e-48a2-8c86-612593ce4c76	5	36836606	36874866	14	-0.027
570200ec-cb6e-48a2-8c86-612593ce4c76	5	36878795	51357968	4979	0.4461
570200ec-cb6e-48a2-8c86-612593ce4c76	5	51361602	53141038	1113	0.0766
570200ec-cb6e-48a2-8c86-612593ce4c76	5	53146302	53199425	2	0.7531
570200ec-cb6e-48a2-8c86-612593ce4c76	5	53199852	59001753	3779	-0.4548
570200ec-cb6e-48a2-8c86-612593ce4c76	5	59001876	59023790	21	-1.208
570200ec-cb6e-48a2-8c86-612593ce4c76	5	59032734	60272889	818	-0.4878
570200ec-cb6e-48a2-8c86-612593ce4c76	5	60273181	60341922	36	0.0749
570200ec-cb6e-48a2-8c86-612593ce4c76	5	60346004	60477652	46	-0.4956
570200ec-cb6e-48a2-8c86-612593ce4c76	5	60484886	60911353	210	-0.0922
570200ec-cb6e-48a2-8c86-612593ce4c76	5	60912361	65288956	2136	-0.4822
570200ec-cb6e-48a2-8c86-612593ce4c76	5	65290074	68134507	1944	-0.4032
570200ec-cb6e-48a2-8c86-612593ce4c76	5	68136707	68430044	199	-0.4607
570200ec-cb6e-48a2-8c86-612593ce4c76	5	68431960	74557594	2691	-1.3122
570200ec-cb6e-48a2-8c86-612593ce4c76	5	74557595	74560184	3	-5.2593
570200ec-cb6e-48a2-8c86-612593ce4c76	5	74561411	76226072	882	-1.2554
570200ec-cb6e-48a2-8c86-612593ce4c76	5	76227817	76228514	4	-5.6434
570200ec-cb6e-48a2-8c86-612593ce4c76	5	76234393	90258826	7674	-1.2862
570200ec-cb6e-48a2-8c86-612593ce4c76	5	90262691	90291033	15	-2.1281
570200ec-cb6e-48a2-8c86-612593ce4c76	5	90291434	92536346	1159	-1.2819
570200ec-cb6e-48a2-8c86-612593ce4c76	5	92540286	104513999	5476	-0.4099
570200ec-cb6e-48a2-8c86-612593ce4c76	5	104525532	104537621	19	0.231
570200ec-cb6e-48a2-8c86-612593ce4c76	5	104537832	119590923	9165	-0.4212
570200ec-cb6e-48a2-8c86-612593ce4c76	5	119606059	122892137	1745	0.1287
570200ec-cb6e-48a2-8c86-612593ce4c76	5	122894095	127005914	2509	-0.4283
570200ec-cb6e-48a2-8c86-612593ce4c76	5	127016003	127121923	71	0.5167
570200ec-cb6e-48a2-8c86-612593ce4c76	5	127122434	127122625	2	-0.6938
570200ec-cb6e-48a2-8c86-612593ce4c76	5	127127947	127959661	511	0.4762
570200ec-cb6e-48a2-8c86-612593ce4c76	5	127967304	132218471	2264	-0.4212
570200ec-cb6e-48a2-8c86-612593ce4c76	5	132222574	132264799	28	-1.3175
570200ec-cb6e-48a2-8c86-612593ce4c76	5	132266820	132379470	71	-0.4874
570200ec-cb6e-48a2-8c86-612593ce4c76	5	132383353	132739355	223	0.5543
570200ec-cb6e-48a2-8c86-612593ce4c76	5	132739527	134075017	924	-0.4449
570200ec-cb6e-48a2-8c86-612593ce4c76	5	134075069	134133378	44	0.2068
570200ec-cb6e-48a2-8c86-612593ce4c76	5	134135526	137936195	2444	-0.435
570200ec-cb6e-48a2-8c86-612593ce4c76	5	137936196	142643505	2236	0.1566
570200ec-cb6e-48a2-8c86-612593ce4c76	5	142644651	142973562	262	0.518
570200ec-cb6e-48a2-8c86-612593ce4c76	5	142975906	142976598	3	-1.0114
570200ec-cb6e-48a2-8c86-612593ce4c76	5	142980966	148270005	3393	0.5309
570200ec-cb6e-48a2-8c86-612593ce4c76	5	148272996	148290011	3	-0.7104
570200ec-cb6e-48a2-8c86-612593ce4c76	5	148291455	155867377	5022	0.521
570200ec-cb6e-48a2-8c86-612593ce4c76	5	155869946	158369309	1689	-1.3154
570200ec-cb6e-48a2-8c86-612593ce4c76	5	158369732	158374710	4	-6.0484
570200ec-cb6e-48a2-8c86-612593ce4c76	5	158375787	166611598	5145	-1.3158
570200ec-cb6e-48a2-8c86-612593ce4c76	5	166611867	166614288	3	-4.283
570200ec-cb6e-48a2-8c86-612593ce4c76	5	166614619	169071672	1752	-1.3875
570200ec-cb6e-48a2-8c86-612593ce4c76	5	169073271	169075324	3	-5.2466
570200ec-cb6e-48a2-8c86-612593ce4c76	5	169078335	171877335	1996	-1.3551
570200ec-cb6e-48a2-8c86-612593ce4c76	5	171877622	171879510	2	-5.0509
570200ec-cb6e-48a2-8c86-612593ce4c76	5	171886067	173756379	1044	-1.3102
570200ec-cb6e-48a2-8c86-612593ce4c76	5	173756467	173760315	5	-2.8404
570200ec-cb6e-48a2-8c86-612593ce4c76	5	173762159	174274651	385	-1.3334
570200ec-cb6e-48a2-8c86-612593ce4c76	5	174275976	174276385	4	-4.2154
570200ec-cb6e-48a2-8c86-612593ce4c76	5	174277087	174656330	335	-1.2938
570200ec-cb6e-48a2-8c86-612593ce4c76	5	174657595	178161018	1464	0.5289
570200ec-cb6e-48a2-8c86-612593ce4c76	5	178170941	179847544	963	0.1518
570200ec-cb6e-48a2-8c86-612593ce4c76	5	179848041	180934240	507	-0.3629
570200ec-cb6e-48a2-8c86-612593ce4c76	6	1011760	2196963	902	0.788
570200ec-cb6e-48a2-8c86-612593ce4c76	6	2204405	2244594	36	0.495
570200ec-cb6e-48a2-8c86-612593ce4c76	6	2250649	2740953	391	0.8261
570200ec-cb6e-48a2-8c86-612593ce4c76	6	2741488	2742274	2	-1.0358
570200ec-cb6e-48a2-8c86-612593ce4c76	6	2743440	5144002	1641	0.8073
570200ec-cb6e-48a2-8c86-612593ce4c76	6	5144960	5457914	204	0.5004
570200ec-cb6e-48a2-8c86-612593ce4c76	6	5457989	6518904	857	0.8129
570200ec-cb6e-48a2-8c86-612593ce4c76	6	6518952	9560287	2231	0.6452
570200ec-cb6e-48a2-8c86-612593ce4c76	6	9560319	9566100	6	1.0403
570200ec-cb6e-48a2-8c86-612593ce4c76	6	9569840	15900856	4335	0.3175
570200ec-cb6e-48a2-8c86-612593ce4c76	6	15906294	15958309	52	-0.1717
570200ec-cb6e-48a2-8c86-612593ce4c76	6	15960991	21200312	3661	0.3241
570200ec-cb6e-48a2-8c86-612593ce4c76	6	21202923	21483444	183	0.5997
570200ec-cb6e-48a2-8c86-612593ce4c76	6	21483509	24168782	1990	0.3209
570200ec-cb6e-48a2-8c86-612593ce4c76	6	24170747	24170787	2	-0.875
570200ec-cb6e-48a2-8c86-612593ce4c76	6	24171054	25747457	874	0.3502
570200ec-cb6e-48a2-8c86-612593ce4c76	6	25749729	25765463	14	-0.1319
570200ec-cb6e-48a2-8c86-612593ce4c76	6	25769644	35146765	3133	0.3449
570200ec-cb6e-48a2-8c86-612593ce4c76	6	35149586	41751372	4456	-0.0297
570200ec-cb6e-48a2-8c86-612593ce4c76	6	41757536	42881049	591	-0.5939
570200ec-cb6e-48a2-8c86-612593ce4c76	6	42882204	44788663	1067	-0.2576
570200ec-cb6e-48a2-8c86-612593ce4c76	6	44797798	46210746	741	-0.6347
570200ec-cb6e-48a2-8c86-612593ce4c76	6	46216722	54100659	4878	0.0586
570200ec-cb6e-48a2-8c86-612593ce4c76	6	54103629	54123842	22	0.5066
570200ec-cb6e-48a2-8c86-612593ce4c76	6	54124170	57226368	1808	0.0733
570200ec-cb6e-48a2-8c86-612593ce4c76	6	57229219	73390005	6649	0.1099
570200ec-cb6e-48a2-8c86-612593ce4c76	6	73402047	73658563	127	0.5325
570200ec-cb6e-48a2-8c86-612593ce4c76	6	73665065	76238958	1514	0.1295
570200ec-cb6e-48a2-8c86-612593ce4c76	6	76247476	76249748	5	-0.9467
570200ec-cb6e-48a2-8c86-612593ce4c76	6	76251140	86277198	5468	0.1069
570200ec-cb6e-48a2-8c86-612593ce4c76	6	86289919	86472836	117	0.8013
570200ec-cb6e-48a2-8c86-612593ce4c76	6	86473680	101609008	8262	0.0749
570200ec-cb6e-48a2-8c86-612593ce4c76	6	101609563	101609568	2	-1.9667
570200ec-cb6e-48a2-8c86-612593ce4c76	6	101610691	103701960	1142	0.0632
570200ec-cb6e-48a2-8c86-612593ce4c76	6	103718002	103872916	94	0.4885
570200ec-cb6e-48a2-8c86-612593ce4c76	6	103873557	103873827	2	-1.3808
570200ec-cb6e-48a2-8c86-612593ce4c76	6	103874314	106150492	1345	0.4641
570200ec-cb6e-48a2-8c86-612593ce4c76	6	106151835	106200974	27	0.0809
570200ec-cb6e-48a2-8c86-612593ce4c76	6	106209320	107057708	510	0.499
570200ec-cb6e-48a2-8c86-612593ce4c76	6	107059529	108137793	717	0.1086
570200ec-cb6e-48a2-8c86-612593ce4c76	6	108138806	108168258	16	0.6266
570200ec-cb6e-48a2-8c86-612593ce4c76	6	108176540	108614960	212	0.1263
570200ec-cb6e-48a2-8c86-612593ce4c76	6	108618320	108881572	180	-0.4749
570200ec-cb6e-48a2-8c86-612593ce4c76	6	108884128	121631519	7082	0.0985
570200ec-cb6e-48a2-8c86-612593ce4c76	6	121635557	124837178	1832	0.4793
570200ec-cb6e-48a2-8c86-612593ce4c76	6	124842291	124876272	24	0.8875
570200ec-cb6e-48a2-8c86-612593ce4c76	6	124878697	126044904	774	0.4965
570200ec-cb6e-48a2-8c86-612593ce4c76	6	126047052	126133007	59	0.8409
570200ec-cb6e-48a2-8c86-612593ce4c76	6	126143475	130484789	2643	0.4889
570200ec-cb6e-48a2-8c86-612593ce4c76	6	130484903	130485171	2	-1.1934
570200ec-cb6e-48a2-8c86-612593ce4c76	6	130485485	134552034	2727	0.4774
570200ec-cb6e-48a2-8c86-612593ce4c76	6	134564556	151122972	10316	0.0923
570200ec-cb6e-48a2-8c86-612593ce4c76	6	151130935	151545056	254	1.0757
570200ec-cb6e-48a2-8c86-612593ce4c76	6	151545602	151706136	112	1.4013
570200ec-cb6e-48a2-8c86-612593ce4c76	6	151706820	151850763	123	1.1077
570200ec-cb6e-48a2-8c86-612593ce4c76	6	151853971	156931529	3588	0.0839
570200ec-cb6e-48a2-8c86-612593ce4c76	6	156933953	163438777	3891	0.4335
570200ec-cb6e-48a2-8c86-612593ce4c76	6	163444396	163485870	17	-0.4411
570200ec-cb6e-48a2-8c86-612593ce4c76	6	163491884	163493915	5	0.624
570200ec-cb6e-48a2-8c86-612593ce4c76	6	163495784	163496841	4	-0.4181
570200ec-cb6e-48a2-8c86-612593ce4c76	6	163526842	169433407	2820	0.4082
570200ec-cb6e-48a2-8c86-612593ce4c76	6	169433408	169663558	164	0.2794
570200ec-cb6e-48a2-8c86-612593ce4c76	6	169664479	170596889	283	0.3966
570200ec-cb6e-48a2-8c86-612593ce4c76	7	664936	1915096	300	0.0787
570200ec-cb6e-48a2-8c86-612593ce4c76	7	1919794	15489442	7093	-0.4926
570200ec-cb6e-48a2-8c86-612593ce4c76	7	15497071	25903872	6481	0.4698
570200ec-cb6e-48a2-8c86-612593ce4c76	7	25906032	27202740	736	0.5206
570200ec-cb6e-48a2-8c86-612593ce4c76	7	27203487	27260529	27	0.8187
570200ec-cb6e-48a2-8c86-612593ce4c76	7	27264013	28219473	653	0.5236
570200ec-cb6e-48a2-8c86-612593ce4c76	7	28219512	29119677	734	0.4706
570200ec-cb6e-48a2-8c86-612593ce4c76	7	29127171	29153194	20	1.1069
570200ec-cb6e-48a2-8c86-612593ce4c76	7	29154324	33077813	2322	0.4842
570200ec-cb6e-48a2-8c86-612593ce4c76	7	33080107	33563534	253	0.1086
570200ec-cb6e-48a2-8c86-612593ce4c76	7	33564409	33602419	36	0.5288
570200ec-cb6e-48a2-8c86-612593ce4c76	7	33602788	34185970	404	0.1124
570200ec-cb6e-48a2-8c86-612593ce4c76	7	34186701	34189108	2	-0.9821
570200ec-cb6e-48a2-8c86-612593ce4c76	7	34190171	35766476	1003	0.093
570200ec-cb6e-48a2-8c86-612593ce4c76	7	35768122	40015655	2915	0.491
570200ec-cb6e-48a2-8c86-612593ce4c76	7	40017913	40202347	100	0.0749
570200ec-cb6e-48a2-8c86-612593ce4c76	7	40202913	40457424	118	0.5049
570200ec-cb6e-48a2-8c86-612593ce4c76	7	40457560	43250941	1567	0.0959
570200ec-cb6e-48a2-8c86-612593ce4c76	7	43252724	43626209	256	0.515
570200ec-cb6e-48a2-8c86-612593ce4c76	7	43628358	47885835	2708	0.1277
570200ec-cb6e-48a2-8c86-612593ce4c76	7	47893338	47938761	28	0.5154
570200ec-cb6e-48a2-8c86-612593ce4c76	7	47940030	50681728	1867	0.0932
570200ec-cb6e-48a2-8c86-612593ce4c76	7	50684132	51732242	745	0.4857
570200ec-cb6e-48a2-8c86-612593ce4c76	7	51740606	51849451	99	0.7481
570200ec-cb6e-48a2-8c86-612593ce4c76	7	51850236	52661195	654	0.4914
570200ec-cb6e-48a2-8c86-612593ce4c76	7	52669031	52674701	3	1.8148
570200ec-cb6e-48a2-8c86-612593ce4c76	7	52675050	65942683	3015	0.4715
570200ec-cb6e-48a2-8c86-612593ce4c76	7	66005756	66387402	132	0.8236
570200ec-cb6e-48a2-8c86-612593ce4c76	7	66397427	67752016	516	0.5323
570200ec-cb6e-48a2-8c86-612593ce4c76	7	67754520	67855941	76	0.1069
570200ec-cb6e-48a2-8c86-612593ce4c76	7	67861246	71282504	2111	0.4659
570200ec-cb6e-48a2-8c86-612593ce4c76	7	71285507	72067694	469	-0.4571
570200ec-cb6e-48a2-8c86-612593ce4c76	7	72071483	73810469	417	0.5077
570200ec-cb6e-48a2-8c86-612593ce4c76	7	73811362	74042698	88	0.8824
570200ec-cb6e-48a2-8c86-612593ce4c76	7	74048284	77720614	1008	0.5572
570200ec-cb6e-48a2-8c86-612593ce4c76	7	77722388	88517017	6450	0.0956
570200ec-cb6e-48a2-8c86-612593ce4c76	7	90266400	90696707	196	0.5071
570200ec-cb6e-48a2-8c86-612593ce4c76	7	90700550	92566777	1114	-0.3692
570200ec-cb6e-48a2-8c86-612593ce4c76	7	92567447	97295857	2990	-0.4044
570200ec-cb6e-48a2-8c86-612593ce4c76	7	97302247	98389080	555	-0.3578
570200ec-cb6e-48a2-8c86-612593ce4c76	7	98392078	98425892	18	0.2003
570200ec-cb6e-48a2-8c86-612593ce4c76	7	98426828	126403787	14397	-0.348
570200ec-cb6e-48a2-8c86-612593ce4c76	7	126403959	128083780	962	0.1394
570200ec-cb6e-48a2-8c86-612593ce4c76	7	128085379	128429608	221	0.5269
570200ec-cb6e-48a2-8c86-612593ce4c76	7	128433312	130817371	959	0.1867
570200ec-cb6e-48a2-8c86-612593ce4c76	7	130834319	130846005	11	0.732
570200ec-cb6e-48a2-8c86-612593ce4c76	7	130850464	130860050	8	0.3322
570200ec-cb6e-48a2-8c86-612593ce4c76	7	130866994	130875220	4	0.647
570200ec-cb6e-48a2-8c86-612593ce4c76	7	130875506	133901810	1935	0.1466
570200ec-cb6e-48a2-8c86-612593ce4c76	7	133904855	134236283	138	-0.3622
570200ec-cb6e-48a2-8c86-612593ce4c76	7	134244722	134892089	521	0.1222
570200ec-cb6e-48a2-8c86-612593ce4c76	7	134897113	142563940	4349	0.5342
570200ec-cb6e-48a2-8c86-612593ce4c76	7	142581256	143200677	212	1.0038
570200ec-cb6e-48a2-8c86-612593ce4c76	7	143202300	143417892	114	0.7791
570200ec-cb6e-48a2-8c86-612593ce4c76	7	143420521	148431667	2729	0.5046
570200ec-cb6e-48a2-8c86-612593ce4c76	7	148436829	151943931	1652	0.1525
570200ec-cb6e-48a2-8c86-612593ce4c76	7	151943974	154171271	685	0.5308
570200ec-cb6e-48a2-8c86-612593ce4c76	7	154171294	156159617	1523	0.0618
570200ec-cb6e-48a2-8c86-612593ce4c76	7	156160152	156160170	2	-1.9035
570200ec-cb6e-48a2-8c86-612593ce4c76	7	156160296	158592540	1263	0.0662
570200ec-cb6e-48a2-8c86-612593ce4c76	8	667625	6421990	2721	0.0823
570200ec-cb6e-48a2-8c86-612593ce4c76	8	6423784	6598019	192	-1.4011
570200ec-cb6e-48a2-8c86-612593ce4c76	8	6598035	6598180	2	-6.4518
570200ec-cb6e-48a2-8c86-612593ce4c76	8	6598799	10692800	1541	-1.264
570200ec-cb6e-48a2-8c86-612593ce4c76	8	10693601	10695962	3	-7.014
570200ec-cb6e-48a2-8c86-612593ce4c76	8	10695996	15961389	3348	-1.2727
570200ec-cb6e-48a2-8c86-612593ce4c76	8	15967656	15969615	3	-5.8923
570200ec-cb6e-48a2-8c86-612593ce4c76	8	15970238	16504163	211	-1.2573
570200ec-cb6e-48a2-8c86-612593ce4c76	8	16504862	16505988	3	-5.3187
570200ec-cb6e-48a2-8c86-612593ce4c76	8	16506825	20417701	3082	-1.2378
570200ec-cb6e-48a2-8c86-612593ce4c76	8	20417785	20418055	2	-4.2664
570200ec-cb6e-48a2-8c86-612593ce4c76	8	20418770	25616173	3440	-1.2487
570200ec-cb6e-48a2-8c86-612593ce4c76	8	25617195	25621441	7	-4.5664
570200ec-cb6e-48a2-8c86-612593ce4c76	8	25623584	25654558	24	-1.6399
570200ec-cb6e-48a2-8c86-612593ce4c76	8	25736760	31528233	3901	0.1349
570200ec-cb6e-48a2-8c86-612593ce4c76	8	31528976	31870692	228	0.4993
570200ec-cb6e-48a2-8c86-612593ce4c76	8	31874032	39054291	3873	0.1289
570200ec-cb6e-48a2-8c86-612593ce4c76	8	39058192	39171434	62	-1.24
570200ec-cb6e-48a2-8c86-612593ce4c76	8	39183705	59387351	9618	0.1227
570200ec-cb6e-48a2-8c86-612593ce4c76	8	59391680	62845511	2178	0.1644
570200ec-cb6e-48a2-8c86-612593ce4c76	8	62846738	83009427	11460	0.1175
570200ec-cb6e-48a2-8c86-612593ce4c76	8	83017445	91629171	4545	-0.3946
570200ec-cb6e-48a2-8c86-612593ce4c76	8	91630433	103898541	7292	-0.3267
570200ec-cb6e-48a2-8c86-612593ce4c76	8	103901606	105965001	1207	0.1554
570200ec-cb6e-48a2-8c86-612593ce4c76	8	105971462	106508432	17	-0.3493
570200ec-cb6e-48a2-8c86-612593ce4c76	8	106509117	109362002	1683	0.1771
570200ec-cb6e-48a2-8c86-612593ce4c76	8	109369849	109567103	114	-0.3416
570200ec-cb6e-48a2-8c86-612593ce4c76	8	109568721	109574328	8	-0.0618
570200ec-cb6e-48a2-8c86-612593ce4c76	8	109577386	109924370	194	0.3931
570200ec-cb6e-48a2-8c86-612593ce4c76	8	109924377	111616754	849	0.1684
570200ec-cb6e-48a2-8c86-612593ce4c76	8	111624352	111631048	6	0.8961
570200ec-cb6e-48a2-8c86-612593ce4c76	8	111639098	120814582	5547	0.1709
570200ec-cb6e-48a2-8c86-612593ce4c76	8	120815228	120815257	3	-0.932
570200ec-cb6e-48a2-8c86-612593ce4c76	8	120816679	123126615	1511	0.1805
570200ec-cb6e-48a2-8c86-612593ce4c76	8	123128301	123258172	76	0.6084
570200ec-cb6e-48a2-8c86-612593ce4c76	8	123262421	124008244	475	0.1866
570200ec-cb6e-48a2-8c86-612593ce4c76	8	124011875	128146699	2947	0.5489
570200ec-cb6e-48a2-8c86-612593ce4c76	8	128148911	128151484	3	-0.8745
570200ec-cb6e-48a2-8c86-612593ce4c76	8	128151491	132265484	2806	0.5412
570200ec-cb6e-48a2-8c86-612593ce4c76	8	132267547	132343563	50	0.889
570200ec-cb6e-48a2-8c86-612593ce4c76	8	132344183	134485372	1804	0.538
570200ec-cb6e-48a2-8c86-612593ce4c76	8	134485523	134486514	5	-0.6649
570200ec-cb6e-48a2-8c86-612593ce4c76	8	134487453	134769539	254	0.5235
570200ec-cb6e-48a2-8c86-612593ce4c76	8	134770429	134770738	3	-0.6337
570200ec-cb6e-48a2-8c86-612593ce4c76	8	134771504	138277136	2457	0.5001
570200ec-cb6e-48a2-8c86-612593ce4c76	8	138277263	140390366	1682	0.1389
570200ec-cb6e-48a2-8c86-612593ce4c76	8	140393268	141150299	106	-0.415
570200ec-cb6e-48a2-8c86-612593ce4c76	8	141153819	144182542	573	0.1992
570200ec-cb6e-48a2-8c86-612593ce4c76	9	789794	3183137	1717	0.0713
570200ec-cb6e-48a2-8c86-612593ce4c76	9	3183167	3288906	87	0.8502
570200ec-cb6e-48a2-8c86-612593ce4c76	9	3294227	5644882	1578	0.4619
570200ec-cb6e-48a2-8c86-612593ce4c76	9	5645532	19261803	8361	0.1078
570200ec-cb6e-48a2-8c86-612593ce4c76	9	19271994	19307849	20	-0.3942
570200ec-cb6e-48a2-8c86-612593ce4c76	9	19311002	19712172	295	0.0989
570200ec-cb6e-48a2-8c86-612593ce4c76	9	19715529	19760801	48	0.4518
570200ec-cb6e-48a2-8c86-612593ce4c76	9	19761243	26433919	4261	0.1204
570200ec-cb6e-48a2-8c86-612593ce4c76	9	26434496	26842672	264	0.4906
570200ec-cb6e-48a2-8c86-612593ce4c76	9	26843789	26972558	65	0.1
570200ec-cb6e-48a2-8c86-612593ce4c76	9	26975570	35978635	5045	0.498
570200ec-cb6e-48a2-8c86-612593ce4c76	9	35979045	35988453	13	1.1479
570200ec-cb6e-48a2-8c86-612593ce4c76	9	35992700	68424128	1852	0.4921
570200ec-cb6e-48a2-8c86-612593ce4c76	9	68425024	83296035	10360	-0.4396
570200ec-cb6e-48a2-8c86-612593ce4c76	9	83296891	83690279	329	0.0841
570200ec-cb6e-48a2-8c86-612593ce4c76	9	83690445	84460659	536	-0.4194
570200ec-cb6e-48a2-8c86-612593ce4c76	9	84461444	84524451	53	0.0515
570200ec-cb6e-48a2-8c86-612593ce4c76	9	84539536	109656964	16405	-0.432
570200ec-cb6e-48a2-8c86-612593ce4c76	9	109660170	110657351	746	0.4788
570200ec-cb6e-48a2-8c86-612593ce4c76	9	110657479	115316520	3123	0.5444
570200ec-cb6e-48a2-8c86-612593ce4c76	9	115320797	117750315	1825	0.4823
570200ec-cb6e-48a2-8c86-612593ce4c76	9	117755550	121641041	2779	0.1214
570200ec-cb6e-48a2-8c86-612593ce4c76	9	121650682	127599435	3591	-0.3912
570200ec-cb6e-48a2-8c86-612593ce4c76	9	127600904	127735841	60	-1.2258
570200ec-cb6e-48a2-8c86-612593ce4c76	9	127736336	132807988	2869	-0.353
570200ec-cb6e-48a2-8c86-612593ce4c76	9	132813286	138044505	2194	0.161
570200ec-cb6e-48a2-8c86-612593ce4c76	10	366509	546986	56	0.0475
570200ec-cb6e-48a2-8c86-612593ce4c76	10	547465	930021	160	0.7842
570200ec-cb6e-48a2-8c86-612593ce4c76	10	933762	5678549	3187	0.9862
570200ec-cb6e-48a2-8c86-612593ce4c76	10	5680348	6189858	411	1.2327
570200ec-cb6e-48a2-8c86-612593ce4c76	10	6190714	7555599	1105	1.0293
570200ec-cb6e-48a2-8c86-612593ce4c76	10	7557388	8702058	965	0.9667
570200ec-cb6e-48a2-8c86-612593ce4c76	10	8702278	13937789	3935	1.0423
570200ec-cb6e-48a2-8c86-612593ce4c76	10	13938030	14151961	212	0.7532
570200ec-cb6e-48a2-8c86-612593ce4c76	10	14153312	16225248	1560	0.4824
570200ec-cb6e-48a2-8c86-612593ce4c76	10	16225475	17154094	742	0.7792
570200ec-cb6e-48a2-8c86-612593ce4c76	10	17158259	18020076	467	1.3769
570200ec-cb6e-48a2-8c86-612593ce4c76	10	18020374	24432011	4403	0.7833
570200ec-cb6e-48a2-8c86-612593ce4c76	10	24432796	24574091	110	0.9989
570200ec-cb6e-48a2-8c86-612593ce4c76	10	24577645	26149912	974	0.7908
570200ec-cb6e-48a2-8c86-612593ce4c76	10	26150138	38407748	7927	0.4874
570200ec-cb6e-48a2-8c86-612593ce4c76	10	38420575	38770921	56	0.24
570200ec-cb6e-48a2-8c86-612593ce4c76	10	42450960	51617205	4138	-0.459
570200ec-cb6e-48a2-8c86-612593ce4c76	10	51622481	51799286	88	-1.3699
570200ec-cb6e-48a2-8c86-612593ce4c76	10	51800775	76740519	14759	-0.4299
570200ec-cb6e-48a2-8c86-612593ce4c76	10	76741238	76742310	2	-2.9354
570200ec-cb6e-48a2-8c86-612593ce4c76	10	76748784	80496428	2374	-0.4464
570200ec-cb6e-48a2-8c86-612593ce4c76	10	80496502	80497980	2	-2.2362
570200ec-cb6e-48a2-8c86-612593ce4c76	10	80498499	82261038	1243	-0.4311
570200ec-cb6e-48a2-8c86-612593ce4c76	10	82262439	82262798	3	-1.9103
570200ec-cb6e-48a2-8c86-612593ce4c76	10	82265466	88085130	3890	-0.4387
570200ec-cb6e-48a2-8c86-612593ce4c76	10	88086040	88126652	39	0.4511
570200ec-cb6e-48a2-8c86-612593ce4c76	10	88130121	89347415	788	-0.4175
570200ec-cb6e-48a2-8c86-612593ce4c76	10	89347625	89354142	7	-1.3924
570200ec-cb6e-48a2-8c86-612593ce4c76	10	89355425	93202957	2141	-0.4228
570200ec-cb6e-48a2-8c86-612593ce4c76	10	93203627	93204187	2	-2.1742
570200ec-cb6e-48a2-8c86-612593ce4c76	10	93208908	94285488	752	-0.4341
570200ec-cb6e-48a2-8c86-612593ce4c76	10	94286944	96314013	1161	0.4962
570200ec-cb6e-48a2-8c86-612593ce4c76	10	96315998	104508525	4581	-0.409
570200ec-cb6e-48a2-8c86-612593ce4c76	10	104509229	104513476	8	0.5142
570200ec-cb6e-48a2-8c86-612593ce4c76	10	104516107	109250574	3254	-0.4575
570200ec-cb6e-48a2-8c86-612593ce4c76	10	109253178	109793978	260	0.5352
570200ec-cb6e-48a2-8c86-612593ce4c76	10	109794819	120283977	7179	0.1039
570200ec-cb6e-48a2-8c86-612593ce4c76	10	120290413	125088473	3610	0.4506
570200ec-cb6e-48a2-8c86-612593ce4c76	10	125088966	125107660	19	0.041
570200ec-cb6e-48a2-8c86-612593ce4c76	10	125107930	125955336	505	0.4766
570200ec-cb6e-48a2-8c86-612593ce4c76	10	125957214	132044862	3820	0.4068
570200ec-cb6e-48a2-8c86-612593ce4c76	10	132044903	133411599	398	0.4537
570200ec-cb6e-48a2-8c86-612593ce4c76	11	456012	458784	3	0.1455
570200ec-cb6e-48a2-8c86-612593ce4c76	11	460431	606294	28	0.9302
570200ec-cb6e-48a2-8c86-612593ce4c76	11	628753	4514091	1494	0.1477
570200ec-cb6e-48a2-8c86-612593ce4c76	11	4514112	7703907	2228	0.0791
570200ec-cb6e-48a2-8c86-612593ce4c76	11	7705779	7857629	77	0.1641
570200ec-cb6e-48a2-8c86-612593ce4c76	11	7857692	7877006	9	-1.0202
570200ec-cb6e-48a2-8c86-612593ce4c76	11	7877681	8594546	521	0.1013
570200ec-cb6e-48a2-8c86-612593ce4c76	11	8600995	9385764	415	-0.4254
570200ec-cb6e-48a2-8c86-612593ce4c76	11	9386523	9428869	27	0.1996
570200ec-cb6e-48a2-8c86-612593ce4c76	11	9433852	11741041	1781	-0.427
570200ec-cb6e-48a2-8c86-612593ce4c76	11	11743981	11768463	26	0.0709
570200ec-cb6e-48a2-8c86-612593ce4c76	11	11773290	12033658	189	-0.3847
570200ec-cb6e-48a2-8c86-612593ce4c76	11	12039429	12945336	774	0.1327
570200ec-cb6e-48a2-8c86-612593ce4c76	11	12950865	13175662	236	-0.4212
570200ec-cb6e-48a2-8c86-612593ce4c76	11	13181352	13182610	4	-1.182
570200ec-cb6e-48a2-8c86-612593ce4c76	11	13183774	13564151	274	-0.3705
570200ec-cb6e-48a2-8c86-612593ce4c76	11	13566998	13567670	4	-2.1393
570200ec-cb6e-48a2-8c86-612593ce4c76	11	13576869	13754874	100	-0.3434
570200ec-cb6e-48a2-8c86-612593ce4c76	11	13760185	13793280	31	0.2178
570200ec-cb6e-48a2-8c86-612593ce4c76	11	13800305	16748305	1776	-0.4147
570200ec-cb6e-48a2-8c86-612593ce4c76	11	16750502	16760106	10	-1.3615
570200ec-cb6e-48a2-8c86-612593ce4c76	11	16762277	19225043	1655	-0.4399
570200ec-cb6e-48a2-8c86-612593ce4c76	11	19226202	19506307	272	-1.4329
570200ec-cb6e-48a2-8c86-612593ce4c76	11	19508556	32178474	8379	-0.4503
570200ec-cb6e-48a2-8c86-612593ce4c76	11	32178838	32890885	531	0.112
570200ec-cb6e-48a2-8c86-612593ce4c76	11	32899526	33082367	106	-0.4699
570200ec-cb6e-48a2-8c86-612593ce4c76	11	33093390	36213923	2234	-1.3144
570200ec-cb6e-48a2-8c86-612593ce4c76	11	36213959	36217684	5	-3.9675
570200ec-cb6e-48a2-8c86-612593ce4c76	11	36218609	38669513	1062	-1.2762
570200ec-cb6e-48a2-8c86-612593ce4c76	11	38676216	38679224	3	-6.0379
570200ec-cb6e-48a2-8c86-612593ce4c76	11	38679359	39685147	521	-1.3194
570200ec-cb6e-48a2-8c86-612593ce4c76	11	39685849	39692379	2	-6.4887
570200ec-cb6e-48a2-8c86-612593ce4c76	11	39697865	41643822	1395	-1.2996
570200ec-cb6e-48a2-8c86-612593ce4c76	11	41645445	47198243	3439	0.1037
570200ec-cb6e-48a2-8c86-612593ce4c76	11	47203692	56244856	984	-0.3874
570200ec-cb6e-48a2-8c86-612593ce4c76	11	56246322	57141482	525	-1.2767
570200ec-cb6e-48a2-8c86-612593ce4c76	11	57143010	57897076	390	0.1083
570200ec-cb6e-48a2-8c86-612593ce4c76	11	57899139	58107335	125	-0.3319
570200ec-cb6e-48a2-8c86-612593ce4c76	11	58112338	59269220	649	-1.2415
570200ec-cb6e-48a2-8c86-612593ce4c76	11	59272054	59285296	3	-4.9776
570200ec-cb6e-48a2-8c86-612593ce4c76	11	59285989	59455112	87	-1.3081
570200ec-cb6e-48a2-8c86-612593ce4c76	11	59455686	59462099	14	-2.2505
570200ec-cb6e-48a2-8c86-612593ce4c76	11	59462139	60845293	817	-1.2679
570200ec-cb6e-48a2-8c86-612593ce4c76	11	60845884	62654715	912	-0.3801
570200ec-cb6e-48a2-8c86-612593ce4c76	11	62655463	62798075	52	-1.1851
570200ec-cb6e-48a2-8c86-612593ce4c76	11	62799964	62911721	60	0.1822
570200ec-cb6e-48a2-8c86-612593ce4c76	11	62911762	63055735	70	0.573
570200ec-cb6e-48a2-8c86-612593ce4c76	11	63057154	64530091	643	0.1585
570200ec-cb6e-48a2-8c86-612593ce4c76	11	64531858	65998573	155	1.3718
570200ec-cb6e-48a2-8c86-612593ce4c76	11	65999682	66972258	369	0.8241
570200ec-cb6e-48a2-8c86-612593ce4c76	11	66985824	67259337	104	0.443
570200ec-cb6e-48a2-8c86-612593ce4c76	11	67260072	67486981	81	1.0853
570200ec-cb6e-48a2-8c86-612593ce4c76	11	67487699	71802551	2029	0.7608
570200ec-cb6e-48a2-8c86-612593ce4c76	11	71812272	75894897	2081	1.1161
570200ec-cb6e-48a2-8c86-612593ce4c76	11	75900402	76518241	294	1.5503
570200ec-cb6e-48a2-8c86-612593ce4c76	11	76519342	77630083	606	1.0667
570200ec-cb6e-48a2-8c86-612593ce4c76	11	77633247	78540315	471	1.136
570200ec-cb6e-48a2-8c86-612593ce4c76	11	78540439	85054827	4275	1.0363
570200ec-cb6e-48a2-8c86-612593ce4c76	11	85080090	85637401	287	0.8147
570200ec-cb6e-48a2-8c86-612593ce4c76	11	85637751	87668743	1367	1.0272
570200ec-cb6e-48a2-8c86-612593ce4c76	11	87672834	87673502	2	-3.0142
570200ec-cb6e-48a2-8c86-612593ce4c76	11	87674680	87911562	154	1.061
570200ec-cb6e-48a2-8c86-612593ce4c76	11	87911727	87913778	7	1.6465
570200ec-cb6e-48a2-8c86-612593ce4c76	11	87915296	88234037	227	0.9771
570200ec-cb6e-48a2-8c86-612593ce4c76	11	88239811	93051762	2747	0.1646
570200ec-cb6e-48a2-8c86-612593ce4c76	11	93491739	93515795	23	-0.5557
570200ec-cb6e-48a2-8c86-612593ce4c76	11	93519948	97431602	2762	0.1696
570200ec-cb6e-48a2-8c86-612593ce4c76	11	97431684	97431824	2	-3.3743
570200ec-cb6e-48a2-8c86-612593ce4c76	11	97434328	119068115	13990	0.1638
570200ec-cb6e-48a2-8c86-612593ce4c76	11	119069151	119272103	99	0.7508
570200ec-cb6e-48a2-8c86-612593ce4c76	11	119273438	126297579	4995	0.1748
570200ec-cb6e-48a2-8c86-612593ce4c76	11	126304652	126319447	16	0.7306
570200ec-cb6e-48a2-8c86-612593ce4c76	11	126319485	127909754	1197	0.1454
570200ec-cb6e-48a2-8c86-612593ce4c76	11	127923433	134256604	4198	0.497
570200ec-cb6e-48a2-8c86-612593ce4c76	11	134256718	134272740	10	0.2874
570200ec-cb6e-48a2-8c86-612593ce4c76	12	780472	5867124	3253	0.4446
570200ec-cb6e-48a2-8c86-612593ce4c76	12	5867458	5869883	4	0.6478
570200ec-cb6e-48a2-8c86-612593ce4c76	12	5871574	6278143	274	1.0956
570200ec-cb6e-48a2-8c86-612593ce4c76	12	6281789	6784998	216	0.5024
570200ec-cb6e-48a2-8c86-612593ce4c76	12	6785074	7113002	131	0.9648
570200ec-cb6e-48a2-8c86-612593ce4c76	12	7113984	21520155	8132	0.7309
570200ec-cb6e-48a2-8c86-612593ce4c76	12	21520579	31415407	6517	0.4053
570200ec-cb6e-48a2-8c86-612593ce4c76	12	31417762	31482876	41	0.0375
570200ec-cb6e-48a2-8c86-612593ce4c76	12	31484492	32623429	735	0.4332
570200ec-cb6e-48a2-8c86-612593ce4c76	12	32625737	32877401	157	0.7049
570200ec-cb6e-48a2-8c86-612593ce4c76	12	32878769	44054046	3111	0.4082
570200ec-cb6e-48a2-8c86-612593ce4c76	12	44054982	44366225	172	0.0812
570200ec-cb6e-48a2-8c86-612593ce4c76	12	44367410	47794439	1953	0.4398
570200ec-cb6e-48a2-8c86-612593ce4c76	12	47799113	50360885	1270	0.1124
570200ec-cb6e-48a2-8c86-612593ce4c76	12	50362910	50669284	136	0.467
570200ec-cb6e-48a2-8c86-612593ce4c76	12	50676771	50699155	15	0.889
570200ec-cb6e-48a2-8c86-612593ce4c76	12	50700355	50857699	88	0.4818
570200ec-cb6e-48a2-8c86-612593ce4c76	12	50859783	53190057	1298	0.1059
570200ec-cb6e-48a2-8c86-612593ce4c76	12	53191135	53405765	103	0.5214
570200ec-cb6e-48a2-8c86-612593ce4c76	12	53406414	53962310	327	0.1375
570200ec-cb6e-48a2-8c86-612593ce4c76	12	53962663	54240321	118	0.3428
570200ec-cb6e-48a2-8c86-612593ce4c76	12	54241559	54639902	170	0.1288
570200ec-cb6e-48a2-8c86-612593ce4c76	12	54641124	57349861	1406	-0.3619
570200ec-cb6e-48a2-8c86-612593ce4c76	12	57355531	58874347	991	0.1298
570200ec-cb6e-48a2-8c86-612593ce4c76	12	58874564	58932883	41	0.45
570200ec-cb6e-48a2-8c86-612593ce4c76	12	58934782	60870527	1152	0.1021
570200ec-cb6e-48a2-8c86-612593ce4c76	12	60873865	60874990	3	-1.5145
570200ec-cb6e-48a2-8c86-612593ce4c76	12	60877843	61982978	651	0.1056
570200ec-cb6e-48a2-8c86-612593ce4c76	12	61985767	62024308	28	-0.3526
570200ec-cb6e-48a2-8c86-612593ce4c76	12	62024841	68252765	3944	0.1126
570200ec-cb6e-48a2-8c86-612593ce4c76	12	68254149	82877790	8966	-0.4323
570200ec-cb6e-48a2-8c86-612593ce4c76	12	82877823	85779479	1713	-0.0602
570200ec-cb6e-48a2-8c86-612593ce4c76	12	85787637	85940422	94	0.5278
570200ec-cb6e-48a2-8c86-612593ce4c76	12	85941012	89325269	1762	-0.0743
570200ec-cb6e-48a2-8c86-612593ce4c76	12	89325599	89372629	24	-1.3163
570200ec-cb6e-48a2-8c86-612593ce4c76	12	89376291	90195183	445	-0.0806
570200ec-cb6e-48a2-8c86-612593ce4c76	12	90198467	90204719	6	0.9943
570200ec-cb6e-48a2-8c86-612593ce4c76	12	90206198	92484560	1541	-0.0967
570200ec-cb6e-48a2-8c86-612593ce4c76	12	92488779	92513412	26	0.4045
570200ec-cb6e-48a2-8c86-612593ce4c76	12	92517173	94798671	1506	-0.0989
570200ec-cb6e-48a2-8c86-612593ce4c76	12	94799211	98535099	2643	0.3491
570200ec-cb6e-48a2-8c86-612593ce4c76	12	98535321	98596070	29	0.6984
570200ec-cb6e-48a2-8c86-612593ce4c76	12	98598127	98732019	69	0.3355
570200ec-cb6e-48a2-8c86-612593ce4c76	12	98738334	99256059	319	-0.1346
570200ec-cb6e-48a2-8c86-612593ce4c76	12	99258154	99529126	162	-1.3184
570200ec-cb6e-48a2-8c86-612593ce4c76	12	99536040	99788154	75	0.389
570200ec-cb6e-48a2-8c86-612593ce4c76	12	99791447	99819481	13	-0.3706
570200ec-cb6e-48a2-8c86-612593ce4c76	12	99822707	100798386	500	0.3638
570200ec-cb6e-48a2-8c86-612593ce4c76	12	100801310	101997371	826	-0.0931
570200ec-cb6e-48a2-8c86-612593ce4c76	12	101999746	106348214	3063	0.3351
570200ec-cb6e-48a2-8c86-612593ce4c76	12	106348658	112721078	3429	0.1491
570200ec-cb6e-48a2-8c86-612593ce4c76	12	112725688	113240001	360	-0.3489
570200ec-cb6e-48a2-8c86-612593ce4c76	12	113241709	116397772	2117	-0.468
570200ec-cb6e-48a2-8c86-612593ce4c76	12	116397869	116402272	2	-2.4987
570200ec-cb6e-48a2-8c86-612593ce4c76	12	116403383	118848333	1584	-0.4253
570200ec-cb6e-48a2-8c86-612593ce4c76	12	118850355	118863440	19	-3.1976
570200ec-cb6e-48a2-8c86-612593ce4c76	12	118866562	125403101	3367	-0.3995
570200ec-cb6e-48a2-8c86-612593ce4c76	12	125403167	127169369	1263	-0.4663
570200ec-cb6e-48a2-8c86-612593ce4c76	12	127169581	127170566	3	-2.2474
570200ec-cb6e-48a2-8c86-612593ce4c76	12	127170607	131609044	1753	-0.5165
570200ec-cb6e-48a2-8c86-612593ce4c76	12	131687196	132605822	220	-0.0915
570200ec-cb6e-48a2-8c86-612593ce4c76	13	18874255	24274198	2722	-0.464
570200ec-cb6e-48a2-8c86-612593ce4c76	13	24276185	24305739	26	-1.4143
570200ec-cb6e-48a2-8c86-612593ce4c76	13	24311207	41187363	11455	-0.4691
570200ec-cb6e-48a2-8c86-612593ce4c76	13	41187429	41402657	89	0.1315
570200ec-cb6e-48a2-8c86-612593ce4c76	13	41403030	41441320	28	-0.3173
570200ec-cb6e-48a2-8c86-612593ce4c76	13	41444294	42397900	679	0.1173
570200ec-cb6e-48a2-8c86-612593ce4c76	13	42398954	42399270	3	-2.6952
570200ec-cb6e-48a2-8c86-612593ce4c76	13	42399984	48096945	3564	0.1
570200ec-cb6e-48a2-8c86-612593ce4c76	13	48099452	48525627	366	0.4802
570200ec-cb6e-48a2-8c86-612593ce4c76	13	48532353	51915231	1278	0.1198
570200ec-cb6e-48a2-8c86-612593ce4c76	13	51917057	52214956	134	1.0863
570200ec-cb6e-48a2-8c86-612593ce4c76	13	52374407	55567017	1589	0.0817
570200ec-cb6e-48a2-8c86-612593ce4c76	13	55572062	56309733	317	0.4902
570200ec-cb6e-48a2-8c86-612593ce4c76	13	56316854	60291404	2018	0.0741
570200ec-cb6e-48a2-8c86-612593ce4c76	13	60291585	60291679	2	-1.7822
570200ec-cb6e-48a2-8c86-612593ce4c76	13	60293743	63369523	1651	0.0703
570200ec-cb6e-48a2-8c86-612593ce4c76	13	63371009	63371574	4	-0.7028
570200ec-cb6e-48a2-8c86-612593ce4c76	13	63371834	64941402	426	0.0801
570200ec-cb6e-48a2-8c86-612593ce4c76	13	64950475	64951085	2	-1.4963
570200ec-cb6e-48a2-8c86-612593ce4c76	13	64954276	73036622	4447	0.0836
570200ec-cb6e-48a2-8c86-612593ce4c76	13	73038631	73649923	457	0.4931
570200ec-cb6e-48a2-8c86-612593ce4c76	13	73650124	73651978	2	-0.6282
570200ec-cb6e-48a2-8c86-612593ce4c76	13	73653840	74176143	428	0.4728
570200ec-cb6e-48a2-8c86-612593ce4c76	13	74178068	74573066	268	1.1715
570200ec-cb6e-48a2-8c86-612593ce4c76	13	74574245	74574426	2	-1.2055
570200ec-cb6e-48a2-8c86-612593ce4c76	13	74575529	87481857	7767	1.2108
570200ec-cb6e-48a2-8c86-612593ce4c76	13	87488257	96856634	5751	1.022
570200ec-cb6e-48a2-8c86-612593ce4c76	13	96858130	96858144	2	-1.6403
570200ec-cb6e-48a2-8c86-612593ce4c76	13	96858375	114221858	11495	1.0158
570200ec-cb6e-48a2-8c86-612593ce4c76	13	114221983	114226675	2	0.4334
570200ec-cb6e-48a2-8c86-612593ce4c76	14	20033191	20838098	532	0.8854
570200ec-cb6e-48a2-8c86-612593ce4c76	14	20838159	21211402	165	1.1267
570200ec-cb6e-48a2-8c86-612593ce4c76	14	21211616	21250759	22	0.8231
570200ec-cb6e-48a2-8c86-612593ce4c76	14	21253720	21254112	4	2.7939
570200ec-cb6e-48a2-8c86-612593ce4c76	14	21257495	21268877	7	1.5581
570200ec-cb6e-48a2-8c86-612593ce4c76	14	21270290	21352295	47	1.1338
570200ec-cb6e-48a2-8c86-612593ce4c76	14	21358741	24222032	841	-0.3864
570200ec-cb6e-48a2-8c86-612593ce4c76	14	24237974	24317746	40	0.1333
570200ec-cb6e-48a2-8c86-612593ce4c76	14	24317770	33756885	5801	-0.4409
570200ec-cb6e-48a2-8c86-612593ce4c76	14	33758926	34064369	222	0.5818
570200ec-cb6e-48a2-8c86-612593ce4c76	14	34070262	39598044	3098	-0.4267
570200ec-cb6e-48a2-8c86-612593ce4c76	14	39603459	39683442	54	-1.3559
570200ec-cb6e-48a2-8c86-612593ce4c76	14	39687279	49385696	4300	-0.42
570200ec-cb6e-48a2-8c86-612593ce4c76	14	49390431	50057656	352	-0.3244
570200ec-cb6e-48a2-8c86-612593ce4c76	14	50058734	50106695	32	0.02
570200ec-cb6e-48a2-8c86-612593ce4c76	14	50109877	50262532	68	-0.3093
570200ec-cb6e-48a2-8c86-612593ce4c76	14	50262887	52288667	1474	-0.4166
570200ec-cb6e-48a2-8c86-612593ce4c76	14	52288839	52288897	2	-2.5964
570200ec-cb6e-48a2-8c86-612593ce4c76	14	52289565	58710011	4115	-0.4261
570200ec-cb6e-48a2-8c86-612593ce4c76	14	58711844	58718425	10	-1.0936
570200ec-cb6e-48a2-8c86-612593ce4c76	14	58721380	59147233	347	-0.4368
570200ec-cb6e-48a2-8c86-612593ce4c76	14	59147541	59203956	46	0.1239
570200ec-cb6e-48a2-8c86-612593ce4c76	14	59204155	64634041	3265	-0.4273
570200ec-cb6e-48a2-8c86-612593ce4c76	14	64634522	64747231	78	0.1071
570200ec-cb6e-48a2-8c86-612593ce4c76	14	64750193	73181474	5050	-0.4118
570200ec-cb6e-48a2-8c86-612593ce4c76	14	73181808	73330961	88	0.5232
570200ec-cb6e-48a2-8c86-612593ce4c76	14	73336954	81005632	4872	-0.4208
570200ec-cb6e-48a2-8c86-612593ce4c76	14	81007558	81025932	15	-1.0937
570200ec-cb6e-48a2-8c86-612593ce4c76	14	81026231	89637126	5302	-0.4349
570200ec-cb6e-48a2-8c86-612593ce4c76	14	89637573	92265014	1569	-0.3803
570200ec-cb6e-48a2-8c86-612593ce4c76	14	92268222	102002541	6616	-0.4454
570200ec-cb6e-48a2-8c86-612593ce4c76	14	102006912	102078918	30	0.1912
570200ec-cb6e-48a2-8c86-612593ce4c76	14	102079628	102350753	117	-0.3522
570200ec-cb6e-48a2-8c86-612593ce4c76	14	102356907	102937387	265	0.1629
570200ec-cb6e-48a2-8c86-612593ce4c76	14	102941993	102942282	2	-0.891
570200ec-cb6e-48a2-8c86-612593ce4c76	14	102942364	103175884	119	0.1524
570200ec-cb6e-48a2-8c86-612593ce4c76	14	103178438	104881151	586	-0.4152
570200ec-cb6e-48a2-8c86-612593ce4c76	14	104881503	105011170	49	0.1488
570200ec-cb6e-48a2-8c86-612593ce4c76	14	105014630	105254237	75	-0.4533
570200ec-cb6e-48a2-8c86-612593ce4c76	14	105255266	105354787	36	0.1094
570200ec-cb6e-48a2-8c86-612593ce4c76	14	105354932	105533894	41	-0.5196
570200ec-cb6e-48a2-8c86-612593ce4c76	15	23437561	26446830	1751	-0.4707
570200ec-cb6e-48a2-8c86-612593ce4c76	15	26458139	26741556	174	-1.37
570200ec-cb6e-48a2-8c86-612593ce4c76	15	26742689	26743838	2	-5.2087
570200ec-cb6e-48a2-8c86-612593ce4c76	15	26744054	27549000	522	-1.3324
570200ec-cb6e-48a2-8c86-612593ce4c76	15	27549320	27553606	11	-2.5149
570200ec-cb6e-48a2-8c86-612593ce4c76	15	27554077	27671788	106	-1.3275
570200ec-cb6e-48a2-8c86-612593ce4c76	15	27683648	27684001	2	-7.3808
570200ec-cb6e-48a2-8c86-612593ce4c76	15	27684599	33583555	1512	-1.2585
570200ec-cb6e-48a2-8c86-612593ce4c76	15	33583569	44637710	6291	-1.1531
570200ec-cb6e-48a2-8c86-612593ce4c76	15	44638649	52495854	4589	-1.2866
570200ec-cb6e-48a2-8c86-612593ce4c76	15	52507612	61635212	6352	-0.4104
570200ec-cb6e-48a2-8c86-612593ce4c76	15	61641259	62504910	617	0.1544
570200ec-cb6e-48a2-8c86-612593ce4c76	15	62506836	62510851	6	0.6711
570200ec-cb6e-48a2-8c86-612593ce4c76	15	62515790	62522084	12	-0.4661
570200ec-cb6e-48a2-8c86-612593ce4c76	15	62524603	70943566	5169	0.1465
570200ec-cb6e-48a2-8c86-612593ce4c76	15	70944095	71706090	514	-0.0939
570200ec-cb6e-48a2-8c86-612593ce4c76	15	71706472	71738413	36	0.298
570200ec-cb6e-48a2-8c86-612593ce4c76	15	71738602	72432948	320	-0.0972
570200ec-cb6e-48a2-8c86-612593ce4c76	15	72433399	73641525	614	-0.4065
570200ec-cb6e-48a2-8c86-612593ce4c76	15	73642467	74013625	281	-0.0938
570200ec-cb6e-48a2-8c86-612593ce4c76	15	74013634	74013648	2	-1.2354
570200ec-cb6e-48a2-8c86-612593ce4c76	15	74014042	74276809	164	-0.0853
570200ec-cb6e-48a2-8c86-612593ce4c76	15	74277055	74475760	108	0.3686
570200ec-cb6e-48a2-8c86-612593ce4c76	15	74477277	75841224	482	-0.077
570200ec-cb6e-48a2-8c86-612593ce4c76	15	75852948	80723801	2815	-0.7812
570200ec-cb6e-48a2-8c86-612593ce4c76	15	80724742	80811447	81	-0.1284
570200ec-cb6e-48a2-8c86-612593ce4c76	15	80815009	80935460	95	0.3764
570200ec-cb6e-48a2-8c86-612593ce4c76	15	80935684	90640735	5367	0.1254
570200ec-cb6e-48a2-8c86-612593ce4c76	15	90649692	90736066	51	0.5578
570200ec-cb6e-48a2-8c86-612593ce4c76	15	90739670	94047915	2066	0.1399
570200ec-cb6e-48a2-8c86-612593ce4c76	15	94048078	101344124	4542	0.0854
570200ec-cb6e-48a2-8c86-612593ce4c76	16	603333	603675	4	-0.0373
570200ec-cb6e-48a2-8c86-612593ce4c76	16	603845	1238529	102	-0.6552
570200ec-cb6e-48a2-8c86-612593ce4c76	16	1299186	5416182	1797	0.024
570200ec-cb6e-48a2-8c86-612593ce4c76	16	5417794	10584981	3441	-0.0321
570200ec-cb6e-48a2-8c86-612593ce4c76	16	10585348	11251842	483	0.0232
570200ec-cb6e-48a2-8c86-612593ce4c76	16	11257354	12002520	425	0.7127
570200ec-cb6e-48a2-8c86-612593ce4c76	16	12009811	12393919	295	0.0208
570200ec-cb6e-48a2-8c86-612593ce4c76	16	12394186	13390466	794	0.2817
570200ec-cb6e-48a2-8c86-612593ce4c76	16	13390608	19363975	1212	0.6374
570200ec-cb6e-48a2-8c86-612593ce4c76	16	19364598	30560051	4968	0.2545
570200ec-cb6e-48a2-8c86-612593ce4c76	16	30561114	30845196	103	0.6493
570200ec-cb6e-48a2-8c86-612593ce4c76	16	30856507	31841585	409	0.2824
570200ec-cb6e-48a2-8c86-612593ce4c76	16	46470502	50079862	2014	0.5805
570200ec-cb6e-48a2-8c86-612593ce4c76	16	50080187	50151398	42	0.8996
570200ec-cb6e-48a2-8c86-612593ce4c76	16	50151652	57446162	5199	0.5753
570200ec-cb6e-48a2-8c86-612593ce4c76	16	57449220	57956331	330	0.2336
570200ec-cb6e-48a2-8c86-612593ce4c76	16	57958833	58627720	388	-0.1877
570200ec-cb6e-48a2-8c86-612593ce4c76	16	58627833	66662551	5301	-0.2471
570200ec-cb6e-48a2-8c86-612593ce4c76	16	66669375	69790548	1378	-0.1623
570200ec-cb6e-48a2-8c86-612593ce4c76	16	69795972	70212517	100	0.4233
570200ec-cb6e-48a2-8c86-612593ce4c76	16	70219918	70277235	24	-0.2413
570200ec-cb6e-48a2-8c86-612593ce4c76	16	70280811	70623160	130	0.3933
570200ec-cb6e-48a2-8c86-612593ce4c76	16	70623282	70674807	26	0.9068
570200ec-cb6e-48a2-8c86-612593ce4c76	16	70677068	71171291	78	0.4206
570200ec-cb6e-48a2-8c86-612593ce4c76	16	71172005	74574034	1983	-0.2247
570200ec-cb6e-48a2-8c86-612593ce4c76	16	74575279	80831500	5010	0.2419
570200ec-cb6e-48a2-8c86-612593ce4c76	16	80832565	88449763	5130	0.6244
570200ec-cb6e-48a2-8c86-612593ce4c76	16	88449971	89317317	49	0.1977
570200ec-cb6e-48a2-8c86-612593ce4c76	17	1074619	7425274	3087	-0.3426
570200ec-cb6e-48a2-8c86-612593ce4c76	17	7432755	7476331	19	0.3627
570200ec-cb6e-48a2-8c86-612593ce4c76	17	7477362	7533864	38	-0.2654
570200ec-cb6e-48a2-8c86-612593ce4c76	17	7536310	7565912	18	-1.1999
570200ec-cb6e-48a2-8c86-612593ce4c76	17	7569566	13111860	3611	-0.4017
570200ec-cb6e-48a2-8c86-612593ce4c76	17	13123818	19480594	2264	-1.3174
570200ec-cb6e-48a2-8c86-612593ce4c76	17	19481886	32807772	3282	-0.3644
570200ec-cb6e-48a2-8c86-612593ce4c76	17	32809825	35038508	1023	-0.449
570200ec-cb6e-48a2-8c86-612593ce4c76	17	35038816	37763542	1325	-0.3783
570200ec-cb6e-48a2-8c86-612593ce4c76	17	37763774	38629789	175	0.5176
570200ec-cb6e-48a2-8c86-612593ce4c76	17	38638315	39165352	253	-0.3804
570200ec-cb6e-48a2-8c86-612593ce4c76	17	39165419	39253612	29	0.1248
570200ec-cb6e-48a2-8c86-612593ce4c76	17	39256855	44227276	2362	-0.3469
570200ec-cb6e-48a2-8c86-612593ce4c76	17	44227526	44227964	2	-2.6918
570200ec-cb6e-48a2-8c86-612593ce4c76	17	44231196	44255435	10	-0.7644
570200ec-cb6e-48a2-8c86-612593ce4c76	17	44255446	45080771	354	-0.3429
570200ec-cb6e-48a2-8c86-612593ce4c76	17	45082075	45098554	17	0.2542
570200ec-cb6e-48a2-8c86-612593ce4c76	17	45105660	46760134	159	-0.345
570200ec-cb6e-48a2-8c86-612593ce4c76	17	46761820	46761848	2	-1.9356
570200ec-cb6e-48a2-8c86-612593ce4c76	17	46764265	48505954	889	-0.3505
570200ec-cb6e-48a2-8c86-612593ce4c76	17	48508365	48589942	32	1.0135
570200ec-cb6e-48a2-8c86-612593ce4c76	17	48590640	48648250	20	0.1977
570200ec-cb6e-48a2-8c86-612593ce4c76	17	48648579	50091021	724	-0.3661
570200ec-cb6e-48a2-8c86-612593ce4c76	17	50093280	50123247	21	0.153
570200ec-cb6e-48a2-8c86-612593ce4c76	17	50124424	50230336	47	-0.4077
570200ec-cb6e-48a2-8c86-612593ce4c76	17	50242754	51242201	490	0.1532
570200ec-cb6e-48a2-8c86-612593ce4c76	17	51479558	55577243	2563	-0.4262
570200ec-cb6e-48a2-8c86-612593ce4c76	17	55578549	59838007	2679	-0.371
570200ec-cb6e-48a2-8c86-612593ce4c76	17	59840502	59870053	19	0.1827
570200ec-cb6e-48a2-8c86-612593ce4c76	17	59878393	60056275	65	-0.3486
570200ec-cb6e-48a2-8c86-612593ce4c76	17	60060464	60084138	18	0.2999
570200ec-cb6e-48a2-8c86-612593ce4c76	17	60085377	64329647	2053	-0.3626
570200ec-cb6e-48a2-8c86-612593ce4c76	17	64329739	64329779	2	-2.0756
570200ec-cb6e-48a2-8c86-612593ce4c76	17	64329884	69427087	2869	-0.3708
570200ec-cb6e-48a2-8c86-612593ce4c76	17	69427133	71043190	1162	-0.4203
570200ec-cb6e-48a2-8c86-612593ce4c76	17	71043942	71044734	3	-1.6903
570200ec-cb6e-48a2-8c86-612593ce4c76	17	71046796	72594572	1207	-0.4251
570200ec-cb6e-48a2-8c86-612593ce4c76	17	72599054	72617470	19	0.241
570200ec-cb6e-48a2-8c86-612593ce4c76	17	72619308	73685288	776	-0.4708
570200ec-cb6e-48a2-8c86-612593ce4c76	17	73691604	73692206	3	-2.3424
570200ec-cb6e-48a2-8c86-612593ce4c76	17	73693241	75022195	274	-0.4346
570200ec-cb6e-48a2-8c86-612593ce4c76	17	75022528	75169821	68	0.5603
570200ec-cb6e-48a2-8c86-612593ce4c76	17	75173737	75618774	181	0.2083
570200ec-cb6e-48a2-8c86-612593ce4c76	17	75626909	75718883	43	1.0916
570200ec-cb6e-48a2-8c86-612593ce4c76	17	75734402	75976560	83	0.1682
570200ec-cb6e-48a2-8c86-612593ce4c76	17	75982472	76096987	47	0.5328
570200ec-cb6e-48a2-8c86-612593ce4c76	17	76097136	78115122	993	0.1536
570200ec-cb6e-48a2-8c86-612593ce4c76	17	78123212	78379014	94	0.5953
570200ec-cb6e-48a2-8c86-612593ce4c76	17	78383137	78793909	135	0.1469
570200ec-cb6e-48a2-8c86-612593ce4c76	17	78797743	79260172	220	0.435
570200ec-cb6e-48a2-8c86-612593ce4c76	17	79260800	79261247	6	1.2994
570200ec-cb6e-48a2-8c86-612593ce4c76	17	79261263	82959812	1412	0.4693
570200ec-cb6e-48a2-8c86-612593ce4c76	18	326691	3646519	1400	0.2909
570200ec-cb6e-48a2-8c86-612593ce4c76	18	3647440	3665851	22	1.0002
570200ec-cb6e-48a2-8c86-612593ce4c76	18	3667903	8324957	2868	0.1073
570200ec-cb6e-48a2-8c86-612593ce4c76	18	8325432	8643867	299	0.3173
570200ec-cb6e-48a2-8c86-612593ce4c76	18	8652251	9537899	609	0.137
570200ec-cb6e-48a2-8c86-612593ce4c76	18	9538427	14653029	3072	0.3807
570200ec-cb6e-48a2-8c86-612593ce4c76	18	14656199	23922982	1454	0.5012
570200ec-cb6e-48a2-8c86-612593ce4c76	18	23932633	23978250	22	0.9433
570200ec-cb6e-48a2-8c86-612593ce4c76	18	23984009	26330217	1572	0.5158
570200ec-cb6e-48a2-8c86-612593ce4c76	18	26330691	26437960	59	0.8312
570200ec-cb6e-48a2-8c86-612593ce4c76	18	26439183	26511459	60	1.1804
570200ec-cb6e-48a2-8c86-612593ce4c76	18	26513444	32360487	3615	0.8223
570200ec-cb6e-48a2-8c86-612593ce4c76	18	32363850	32444738	55	1.1193
570200ec-cb6e-48a2-8c86-612593ce4c76	18	32446666	48791822	10162	0.8331
570200ec-cb6e-48a2-8c86-612593ce4c76	18	48793581	49076594	181	1.0878
570200ec-cb6e-48a2-8c86-612593ce4c76	18	49077966	52809677	2583	0.8316
570200ec-cb6e-48a2-8c86-612593ce4c76	18	52815649	53286917	315	0.3109
570200ec-cb6e-48a2-8c86-612593ce4c76	18	53288564	53288666	3	-1.4141
570200ec-cb6e-48a2-8c86-612593ce4c76	18	53293210	53938838	374	0.2968
570200ec-cb6e-48a2-8c86-612593ce4c76	18	53939025	66898277	7955	-0.1294
570200ec-cb6e-48a2-8c86-612593ce4c76	18	66936166	79349796	6301	0.2863
570200ec-cb6e-48a2-8c86-612593ce4c76	19	283868	5965377	1512	-0.3732
570200ec-cb6e-48a2-8c86-612593ce4c76	19	5967481	6017302	29	-1.3618
570200ec-cb6e-48a2-8c86-612593ce4c76	19	6017900	8153343	872	-0.3697
570200ec-cb6e-48a2-8c86-612593ce4c76	19	8161145	8246720	31	0.0991
570200ec-cb6e-48a2-8c86-612593ce4c76	19	8248128	8930309	332	0.5892
570200ec-cb6e-48a2-8c86-612593ce4c76	19	8941560	9161017	132	1.0758
570200ec-cb6e-48a2-8c86-612593ce4c76	19	9162624	11241539	939	0.1838
570200ec-cb6e-48a2-8c86-612593ce4c76	19	11248755	11269208	14	0.6532
570200ec-cb6e-48a2-8c86-612593ce4c76	19	11271299	12488607	547	0.1905
570200ec-cb6e-48a2-8c86-612593ce4c76	19	12490877	12688669	69	0.4867
570200ec-cb6e-48a2-8c86-612593ce4c76	19	12691603	13297317	213	0.8162
570200ec-cb6e-48a2-8c86-612593ce4c76	19	13300156	15286349	1017	0.5697
570200ec-cb6e-48a2-8c86-612593ce4c76	19	15289631	15335766	27	0.0877
570200ec-cb6e-48a2-8c86-612593ce4c76	19	15338072	18297412	1386	0.5673
570200ec-cb6e-48a2-8c86-612593ce4c76	19	18306162	18374237	35	1.0132
570200ec-cb6e-48a2-8c86-612593ce4c76	19	18374799	19383249	384	0.5795
570200ec-cb6e-48a2-8c86-612593ce4c76	19	19390191	33964952	5943	0.5061
570200ec-cb6e-48a2-8c86-612593ce4c76	19	33968502	37894100	2074	0.562
570200ec-cb6e-48a2-8c86-612593ce4c76	19	37896597	44684463	2977	0.1625
570200ec-cb6e-48a2-8c86-612593ce4c76	19	44685199	44919330	99	0.7582
570200ec-cb6e-48a2-8c86-612593ce4c76	19	44920388	46637901	683	0.1518
570200ec-cb6e-48a2-8c86-612593ce4c76	19	46640522	51054496	1671	-0.3524
570200ec-cb6e-48a2-8c86-612593ce4c76	19	51058639	51082358	26	0.217
570200ec-cb6e-48a2-8c86-612593ce4c76	19	51089903	53225122	840	-0.3616
570200ec-cb6e-48a2-8c86-612593ce4c76	19	53247232	53399440	116	0.14
570200ec-cb6e-48a2-8c86-612593ce4c76	19	53404859	57291691	1647	-0.3817
570200ec-cb6e-48a2-8c86-612593ce4c76	19	57292994	57393780	74	0.1446
570200ec-cb6e-48a2-8c86-612593ce4c76	19	57397842	57858544	187	-0.4091
570200ec-cb6e-48a2-8c86-612593ce4c76	19	57861139	57899184	10	0.1446
570200ec-cb6e-48a2-8c86-612593ce4c76	19	57905097	58197920	169	-0.385
570200ec-cb6e-48a2-8c86-612593ce4c76	19	58199057	58246928	31	-0.6549
570200ec-cb6e-48a2-8c86-612593ce4c76	19	58247818	58370362	68	-0.3036
570200ec-cb6e-48a2-8c86-612593ce4c76	20	472817	2742207	1565	-0.3415
570200ec-cb6e-48a2-8c86-612593ce4c76	20	2743229	2784542	32	0.1023
570200ec-cb6e-48a2-8c86-612593ce4c76	20	2786736	3460050	367	-0.3226
570200ec-cb6e-48a2-8c86-612593ce4c76	20	3463831	3486233	19	0.2627
570200ec-cb6e-48a2-8c86-612593ce4c76	20	3488685	6310650	1542	-0.357
570200ec-cb6e-48a2-8c86-612593ce4c76	20	6310668	14338995	5368	0.1258
570200ec-cb6e-48a2-8c86-612593ce4c76	20	14343888	14436551	48	-0.4414
570200ec-cb6e-48a2-8c86-612593ce4c76	20	14436713	21065617	5034	0.1266
570200ec-cb6e-48a2-8c86-612593ce4c76	20	21066897	32082293	3385	0.4523
570200ec-cb6e-48a2-8c86-612593ce4c76	20	32084806	32204109	52	0.1087
570200ec-cb6e-48a2-8c86-612593ce4c76	20	32204503	32212220	8	0.4119
570200ec-cb6e-48a2-8c86-612593ce4c76	20	32216315	35203800	1462	0.5323
570200ec-cb6e-48a2-8c86-612593ce4c76	20	35205356	35725079	241	0.8529
570200ec-cb6e-48a2-8c86-612593ce4c76	20	35725375	37376436	810	0.45
570200ec-cb6e-48a2-8c86-612593ce4c76	20	37376872	37381235	2	-0.9308
570200ec-cb6e-48a2-8c86-612593ce4c76	20	37381804	38681360	823	0.4594
570200ec-cb6e-48a2-8c86-612593ce4c76	20	38687088	38794083	74	0.053
570200ec-cb6e-48a2-8c86-612593ce4c76	20	38798659	43546060	3290	0.4286
570200ec-cb6e-48a2-8c86-612593ce4c76	20	43548651	46051200	1506	0.4885
570200ec-cb6e-48a2-8c86-612593ce4c76	20	46053376	46611117	382	0.4495
570200ec-cb6e-48a2-8c86-612593ce4c76	20	46612438	46801859	152	0.8314
570200ec-cb6e-48a2-8c86-612593ce4c76	20	46802013	46900787	70	0.5094
570200ec-cb6e-48a2-8c86-612593ce4c76	20	46904844	46921232	20	0.0578
570200ec-cb6e-48a2-8c86-612593ce4c76	20	46925325	46930192	11	0.5467
570200ec-cb6e-48a2-8c86-612593ce4c76	20	46930450	46938867	12	0.1143
570200ec-cb6e-48a2-8c86-612593ce4c76	20	46938868	47197804	284	0.5117
570200ec-cb6e-48a2-8c86-612593ce4c76	20	47201255	47588814	182	0.9732
570200ec-cb6e-48a2-8c86-612593ce4c76	20	47590479	50726462	1958	0.4747
570200ec-cb6e-48a2-8c86-612593ce4c76	20	50726775	62836633	8656	0.7708
570200ec-cb6e-48a2-8c86-612593ce4c76	20	62839373	62909048	43	0.4
570200ec-cb6e-48a2-8c86-612593ce4c76	20	62909676	62949530	15	-0.4873
570200ec-cb6e-48a2-8c86-612593ce4c76	20	62964284	63588502	163	0.5252
570200ec-cb6e-48a2-8c86-612593ce4c76	21	13974127	14964483	622	0.0796
570200ec-cb6e-48a2-8c86-612593ce4c76	21	14970220	15244117	223	0.778
570200ec-cb6e-48a2-8c86-612593ce4c76	21	15245667	15284221	25	1.0942
570200ec-cb6e-48a2-8c86-612593ce4c76	21	15284332	15293016	13	0.8283
570200ec-cb6e-48a2-8c86-612593ce4c76	21	15293174	15576344	225	1.2644
570200ec-cb6e-48a2-8c86-612593ce4c76	21	15581792	21417177	3673	0.0824
570200ec-cb6e-48a2-8c86-612593ce4c76	21	21418599	21418616	2	-1.7556
570200ec-cb6e-48a2-8c86-612593ce4c76	21	21418807	28261479	4395	0.0944
570200ec-cb6e-48a2-8c86-612593ce4c76	21	28391797	37353833	5792	-0.4201
570200ec-cb6e-48a2-8c86-612593ce4c76	21	37355398	37381094	12	-1.3751
570200ec-cb6e-48a2-8c86-612593ce4c76	21	37383455	43667194	4560	-0.4305
570200ec-cb6e-48a2-8c86-612593ce4c76	21	43669996	43938679	152	0.4947
570200ec-cb6e-48a2-8c86-612593ce4c76	21	43939127	46262057	896	-0.4388
570200ec-cb6e-48a2-8c86-612593ce4c76	22	16934932	17856246	555	-0.6227
570200ec-cb6e-48a2-8c86-612593ce4c76	22	17860245	18131162	210	-0.1799
570200ec-cb6e-48a2-8c86-612593ce4c76	22	21741482	27070880	2366	-0.3954
570200ec-cb6e-48a2-8c86-612593ce4c76	22	27071107	27077207	10	-1.3099
570200ec-cb6e-48a2-8c86-612593ce4c76	22	27077776	28697998	1170	-0.3927
570200ec-cb6e-48a2-8c86-612593ce4c76	22	28703697	28789517	41	0.5781
570200ec-cb6e-48a2-8c86-612593ce4c76	22	28790317	28937684	88	0.2003
570200ec-cb6e-48a2-8c86-612593ce4c76	22	28938612	29309892	239	0.6643
570200ec-cb6e-48a2-8c86-612593ce4c76	22	29310705	29759124	253	-0.3334
570200ec-cb6e-48a2-8c86-612593ce4c76	22	29762491	29788610	15	0.2929
570200ec-cb6e-48a2-8c86-612593ce4c76	22	29789624	31130857	718	-0.3244
570200ec-cb6e-48a2-8c86-612593ce4c76	22	31131074	31164889	20	0.2656
570200ec-cb6e-48a2-8c86-612593ce4c76	22	31167569	32262433	584	-0.3168
570200ec-cb6e-48a2-8c86-612593ce4c76	22	32263370	35564674	2871	-0.4002
570200ec-cb6e-48a2-8c86-612593ce4c76	22	35566539	36356773	259	-0.3111
570200ec-cb6e-48a2-8c86-612593ce4c76	22	36362488	36408237	24	-1.2922
570200ec-cb6e-48a2-8c86-612593ce4c76	22	36411918	46591190	5749	-0.352
570200ec-cb6e-48a2-8c86-612593ce4c76	22	46599267	48940621	1886	-0.4561
570200ec-cb6e-48a2-8c86-612593ce4c76	X	3236359	3476702	179	0.1656
570200ec-cb6e-48a2-8c86-612593ce4c76	X	3486051	3562319	52	-0.7939
570200ec-cb6e-48a2-8c86-612593ce4c76	X	4549828	18157305	5919	0.099
570200ec-cb6e-48a2-8c86-612593ce4c76	X	18158721	29034030	5409	0.1639
570200ec-cb6e-48a2-8c86-612593ce4c76	X	29036891	29616274	320	0.1162
570200ec-cb6e-48a2-8c86-612593ce4c76	X	29617056	29902958	167	0.6782
570200ec-cb6e-48a2-8c86-612593ce4c76	X	29903929	41595186	5376	0.1723
570200ec-cb6e-48a2-8c86-612593ce4c76	X	41596433	41672311	33	-0.6332
570200ec-cb6e-48a2-8c86-612593ce4c76	X	41675458	52649145	4536	0.1694
570200ec-cb6e-48a2-8c86-612593ce4c76	X	52652188	62956696	2003	0.4857
570200ec-cb6e-48a2-8c86-612593ce4c76	X	62958590	86484350	9113	-0.1594
570200ec-cb6e-48a2-8c86-612593ce4c76	X	86485005	93935664	2715	-0.671
570200ec-cb6e-48a2-8c86-612593ce4c76	X	93937312	94019775	42	-1.3149
570200ec-cb6e-48a2-8c86-612593ce4c76	X	94025979	94969541	492	-0.7359
570200ec-cb6e-48a2-8c86-612593ce4c76	X	94969875	94993221	18	-4.1873
570200ec-cb6e-48a2-8c86-612593ce4c76	X	94994376	104713140	4084	-0.7147
570200ec-cb6e-48a2-8c86-612593ce4c76	X	104713352	104716368	2	-5.5368
570200ec-cb6e-48a2-8c86-612593ce4c76	X	104717027	112364354	3603	-0.7262
570200ec-cb6e-48a2-8c86-612593ce4c76	X	112364382	112364509	2	-6.1001
570200ec-cb6e-48a2-8c86-612593ce4c76	X	112365498	118513782	2824	-0.6958
570200ec-cb6e-48a2-8c86-612593ce4c76	X	118514653	123741531	2652	0.5138
570200ec-cb6e-48a2-8c86-612593ce4c76	X	123742503	123832142	38	1.4779
570200ec-cb6e-48a2-8c86-612593ce4c76	X	123837554	126991023	1623	0.4915
570200ec-cb6e-48a2-8c86-612593ce4c76	X	126993476	126994315	2	-1.0484
570200ec-cb6e-48a2-8c86-612593ce4c76	X	127002453	129997195	1337	0.5148
570200ec-cb6e-48a2-8c86-612593ce4c76	X	129997951	130484493	254	-0.7355
570200ec-cb6e-48a2-8c86-612593ce4c76	X	130485072	130489042	4	0.5084
570200ec-cb6e-48a2-8c86-612593ce4c76	X	130493797	130510177	7	1.6606
570200ec-cb6e-48a2-8c86-612593ce4c76	X	130511844	136267785	2157	0.5014
570200ec-cb6e-48a2-8c86-612593ce4c76	X	136270399	136275078	5	1.5938
570200ec-cb6e-48a2-8c86-612593ce4c76	X	136277477	149476409	6828	0.4906
570200ec-cb6e-48a2-8c86-612593ce4c76	X	149476821	149541910	49	1.576
570200ec-cb6e-48a2-8c86-612593ce4c76	X	149547035	155677414	1960	0.5004
