GDC_Aliquot	Chromosome	Start	End	Num_Probes	Segment_Mean
098abc3c-1001-415f-847a-53bfee74ab79	1	3301765	19479765	9079	-0.2586
098abc3c-1001-415f-847a-53bfee74ab79	1	19480165	19480356	3	-2.0008
098abc3c-1001-415f-847a-53bfee74ab79	1	19482144	33711051	7119	-0.2525
098abc3c-1001-415f-847a-53bfee74ab79	1	33713036	36401633	1484	0.1749
098abc3c-1001-415f-847a-53bfee74ab79	1	36407064	36407717	4	-1.6856
098abc3c-1001-415f-847a-53bfee74ab79	1	36408641	39755134	1872	0.1806
098abc3c-1001-415f-847a-53bfee74ab79	1	39756183	39772491	10	-0.4259
098abc3c-1001-415f-847a-53bfee74ab79	1	39776773	46405056	3502	0.1605
098abc3c-1001-415f-847a-53bfee74ab79	1	46408231	46878103	279	0.4684
098abc3c-1001-415f-847a-53bfee74ab79	1	46899439	47754547	494	0.1442
098abc3c-1001-415f-847a-53bfee74ab79	1	47754782	53625203	3039	0.1027
098abc3c-1001-415f-847a-53bfee74ab79	1	53627134	56545662	2006	0.1495
098abc3c-1001-415f-847a-53bfee74ab79	1	56545989	69144003	9042	0.0903
098abc3c-1001-415f-847a-53bfee74ab79	1	69144038	69263640	62	0.4414
098abc3c-1001-415f-847a-53bfee74ab79	1	69266310	70078115	472	0.0715
098abc3c-1001-415f-847a-53bfee74ab79	1	70078230	74680409	2397	0.0117
098abc3c-1001-415f-847a-53bfee74ab79	1	74682946	79895741	2995	0.0589
098abc3c-1001-415f-847a-53bfee74ab79	1	79896270	96238144	10298	0.0824
098abc3c-1001-415f-847a-53bfee74ab79	1	96238537	103017701	4057	0.0411
098abc3c-1001-415f-847a-53bfee74ab79	1	103017958	103018081	3	-1.7686
098abc3c-1001-415f-847a-53bfee74ab79	1	103022949	114041111	6150	0.0836
098abc3c-1001-415f-847a-53bfee74ab79	1	114043965	151614208	4408	0.8138
098abc3c-1001-415f-847a-53bfee74ab79	1	151616339	152087104	272	0.1506
098abc3c-1001-415f-847a-53bfee74ab79	1	152090291	152640996	268	-0.2274
098abc3c-1001-415f-847a-53bfee74ab79	1	152641155	156678139	2011	0.217
098abc3c-1001-415f-847a-53bfee74ab79	1	156682525	157432331	429	-0.2343
098abc3c-1001-415f-847a-53bfee74ab79	1	157435616	161425765	2564	0.1692
098abc3c-1001-415f-847a-53bfee74ab79	1	161426316	161426352	2	1.357
098abc3c-1001-415f-847a-53bfee74ab79	1	161426746	165415941	2963	0.1698
098abc3c-1001-415f-847a-53bfee74ab79	1	165419724	167949425	1920	0.1304
098abc3c-1001-415f-847a-53bfee74ab79	1	167949754	168032942	42	-0.268
098abc3c-1001-415f-847a-53bfee74ab79	1	168033734	177542331	5878	0.1222
098abc3c-1001-415f-847a-53bfee74ab79	1	177563045	177979443	307	0.4693
098abc3c-1001-415f-847a-53bfee74ab79	1	177979513	186144216	5329	0.1464
098abc3c-1001-415f-847a-53bfee74ab79	1	186144493	200473990	8437	0.0769
098abc3c-1001-415f-847a-53bfee74ab79	1	200474872	202005314	1019	0.1772
098abc3c-1001-415f-847a-53bfee74ab79	1	202005686	202255392	140	0.5331
098abc3c-1001-415f-847a-53bfee74ab79	1	202256072	206441091	2531	0.1951
098abc3c-1001-415f-847a-53bfee74ab79	1	206444336	224827313	12447	0.1343
098abc3c-1001-415f-847a-53bfee74ab79	1	224830399	226970636	1141	0.1734
098abc3c-1001-415f-847a-53bfee74ab79	1	226971721	227120715	111	0.4525
098abc3c-1001-415f-847a-53bfee74ab79	1	227128513	227251027	77	0.1795
098abc3c-1001-415f-847a-53bfee74ab79	1	227257028	227485526	147	0.5059
098abc3c-1001-415f-847a-53bfee74ab79	1	227489613	233446359	3828	0.169
098abc3c-1001-415f-847a-53bfee74ab79	1	233447825	234325437	753	-0.274
098abc3c-1001-415f-847a-53bfee74ab79	1	234325737	234969181	464	0.164
098abc3c-1001-415f-847a-53bfee74ab79	1	234969214	235571463	253	-0.2272
098abc3c-1001-415f-847a-53bfee74ab79	1	235575215	237220797	1195	0.1234
098abc3c-1001-415f-847a-53bfee74ab79	1	237220826	237363880	103	-0.062
098abc3c-1001-415f-847a-53bfee74ab79	1	237363893	238426854	868	0.1161
098abc3c-1001-415f-847a-53bfee74ab79	1	238434149	239522971	782	0.4934
098abc3c-1001-415f-847a-53bfee74ab79	1	239523387	244691519	3426	0.4208
098abc3c-1001-415f-847a-53bfee74ab79	1	244691749	247270619	1076	0.4758
098abc3c-1001-415f-847a-53bfee74ab79	1	247275134	247650984	241	0.1351
098abc3c-1001-415f-847a-53bfee74ab79	2	480597	8299347	4763	0.1178
098abc3c-1001-415f-847a-53bfee74ab79	2	8300442	11067175	1947	0.1985
098abc3c-1001-415f-847a-53bfee74ab79	2	11067198	11775095	413	0.154
098abc3c-1001-415f-847a-53bfee74ab79	2	11777779	11809012	22	-1.1203
098abc3c-1001-415f-847a-53bfee74ab79	2	11810216	17087759	3600	0.1434
098abc3c-1001-415f-847a-53bfee74ab79	2	17089866	17090728	5	-0.9229
098abc3c-1001-415f-847a-53bfee74ab79	2	17095740	18923642	1303	0.1095
098abc3c-1001-415f-847a-53bfee74ab79	2	18923835	18924151	2	-2.219
098abc3c-1001-415f-847a-53bfee74ab79	2	18924152	23532338	3043	0.1438
098abc3c-1001-415f-847a-53bfee74ab79	2	23537152	28688083	2466	0.2052
098abc3c-1001-415f-847a-53bfee74ab79	2	28688791	28757668	23	0.6644
098abc3c-1001-415f-847a-53bfee74ab79	2	28759903	31208859	1719	0.1903
098abc3c-1001-415f-847a-53bfee74ab79	2	31208937	36631084	2637	0.1248
098abc3c-1001-415f-847a-53bfee74ab79	2	36632605	48540037	7187	0.1801
098abc3c-1001-415f-847a-53bfee74ab79	2	48540119	51947865	1936	0.1131
098abc3c-1001-415f-847a-53bfee74ab79	2	51948319	57271074	2702	0.1526
098abc3c-1001-415f-847a-53bfee74ab79	2	57288913	60178356	1838	0.1029
098abc3c-1001-415f-847a-53bfee74ab79	2	60181063	67322863	4024	0.1703
098abc3c-1001-415f-847a-53bfee74ab79	2	67325311	74700509	4224	0.141
098abc3c-1001-415f-847a-53bfee74ab79	2	74701223	80072982	2869	0.0933
098abc3c-1001-415f-847a-53bfee74ab79	2	80074443	83838881	2073	0.1417
098abc3c-1001-415f-847a-53bfee74ab79	2	83838965	86051882	1289	0.2385
098abc3c-1001-415f-847a-53bfee74ab79	2	86054844	86323718	34	-0.0532
098abc3c-1001-415f-847a-53bfee74ab79	2	86326306	88831554	675	0.1853
098abc3c-1001-415f-847a-53bfee74ab79	2	94675825	97824895	756	0.0516
098abc3c-1001-415f-847a-53bfee74ab79	2	97826189	98566670	422	-0.0399
098abc3c-1001-415f-847a-53bfee74ab79	2	98568579	99119385	272	-0.2381
098abc3c-1001-415f-847a-53bfee74ab79	2	99122039	99310483	46	0.1882
098abc3c-1001-415f-847a-53bfee74ab79	2	99311872	102656766	2160	-0.1976
098abc3c-1001-415f-847a-53bfee74ab79	2	102660816	108244438	3464	-0.2497
098abc3c-1001-415f-847a-53bfee74ab79	2	108247194	110820580	891	-0.2032
098abc3c-1001-415f-847a-53bfee74ab79	2	110821004	113669825	1338	-0.103
098abc3c-1001-415f-847a-53bfee74ab79	2	113671128	113696303	3	-1.0802
098abc3c-1001-415f-847a-53bfee74ab79	2	113696452	114375688	424	-0.1273
098abc3c-1001-415f-847a-53bfee74ab79	2	114376746	126326834	5945	-0.2309
098abc3c-1001-415f-847a-53bfee74ab79	2	126326893	132875746	2920	-0.1743
098abc3c-1001-415f-847a-53bfee74ab79	2	132876245	135644786	1672	-0.2306
098abc3c-1001-415f-847a-53bfee74ab79	2	135645218	136531553	571	-0.0663
098abc3c-1001-415f-847a-53bfee74ab79	2	136540772	140990520	2299	-0.2543
098abc3c-1001-415f-847a-53bfee74ab79	2	140990948	146397978	3203	-0.4683
098abc3c-1001-415f-847a-53bfee74ab79	2	146405624	154328265	4685	-0.3991
098abc3c-1001-415f-847a-53bfee74ab79	2	154328683	154916481	362	-0.4768
098abc3c-1001-415f-847a-53bfee74ab79	2	154920211	170420462	9050	0.4606
098abc3c-1001-415f-847a-53bfee74ab79	2	170421106	170421284	3	-1.4585
098abc3c-1001-415f-847a-53bfee74ab79	2	170425330	171983211	883	0.4733
098abc3c-1001-415f-847a-53bfee74ab79	2	171984018	171987215	3	-1.0073
098abc3c-1001-415f-847a-53bfee74ab79	2	171987807	173449027	1043	0.4723
098abc3c-1001-415f-847a-53bfee74ab79	2	173449414	173449433	2	-1.7527
098abc3c-1001-415f-847a-53bfee74ab79	2	173451050	177097483	2323	0.4876
098abc3c-1001-415f-847a-53bfee74ab79	2	177097773	198026343	10435	0.4277
098abc3c-1001-415f-847a-53bfee74ab79	2	198029788	198030369	2	-2.1447
098abc3c-1001-415f-847a-53bfee74ab79	2	198033415	200310521	1386	0.4154
098abc3c-1001-415f-847a-53bfee74ab79	2	200312178	200327064	16	-1.5583
098abc3c-1001-415f-847a-53bfee74ab79	2	200330238	216238927	9389	0.4661
098abc3c-1001-415f-847a-53bfee74ab79	2	216240216	221956418	3665	0.507
098abc3c-1001-415f-847a-53bfee74ab79	2	221957076	230451687	5295	0.4205
098abc3c-1001-415f-847a-53bfee74ab79	2	230452780	241537572	6512	0.5057
098abc3c-1001-415f-847a-53bfee74ab79	3	2170634	7483333	2751	-0.3882
098abc3c-1001-415f-847a-53bfee74ab79	3	7485685	15755173	5555	-0.314
098abc3c-1001-415f-847a-53bfee74ab79	3	15755599	38557249	13553	-0.369
098abc3c-1001-415f-847a-53bfee74ab79	3	38557546	46579601	4744	-0.3276
098abc3c-1001-415f-847a-53bfee74ab79	3	46580303	51335541	1885	-0.2624
098abc3c-1001-415f-847a-53bfee74ab79	3	51337739	67640074	10137	-0.3256
098abc3c-1001-415f-847a-53bfee74ab79	3	67641080	68540555	556	-0.3952
098abc3c-1001-415f-847a-53bfee74ab79	3	68540860	71175436	1885	-0.3667
098abc3c-1001-415f-847a-53bfee74ab79	3	71175479	71178577	2	1.0324
098abc3c-1001-415f-847a-53bfee74ab79	3	71180992	76642819	3252	-0.3656
098abc3c-1001-415f-847a-53bfee74ab79	3	76644037	76644598	4	-1.3835
098abc3c-1001-415f-847a-53bfee74ab79	3	76644737	79799775	1758	-0.3479
098abc3c-1001-415f-847a-53bfee74ab79	3	79800077	90436812	5194	-0.4066
098abc3c-1001-415f-847a-53bfee74ab79	3	90453712	95764901	901	0.5868
098abc3c-1001-415f-847a-53bfee74ab79	3	95770372	96092538	145	0.2214
098abc3c-1001-415f-847a-53bfee74ab79	3	96097299	96184907	45	-0.1395
098abc3c-1001-415f-847a-53bfee74ab79	3	96185574	98147333	1006	0.1002
098abc3c-1001-415f-847a-53bfee74ab79	3	98151845	107748579	5343	-0.3733
098abc3c-1001-415f-847a-53bfee74ab79	3	107753780	113186130	3051	0.2592
098abc3c-1001-415f-847a-53bfee74ab79	3	113186431	115924430	1551	0.2083
098abc3c-1001-415f-847a-53bfee74ab79	3	115925520	115969097	32	0.1163
098abc3c-1001-415f-847a-53bfee74ab79	3	115971587	116163907	116	-0.1551
098abc3c-1001-415f-847a-53bfee74ab79	3	116166139	116492362	260	0.1884
098abc3c-1001-415f-847a-53bfee74ab79	3	116493396	116569567	62	-0.2183
098abc3c-1001-415f-847a-53bfee74ab79	3	116569952	116622080	38	-0.5335
098abc3c-1001-415f-847a-53bfee74ab79	3	116629013	116949081	271	-0.1276
098abc3c-1001-415f-847a-53bfee74ab79	3	116951235	117712401	580	0.1827
098abc3c-1001-415f-847a-53bfee74ab79	3	117714296	117961411	175	-0.4274
098abc3c-1001-415f-847a-53bfee74ab79	3	117963766	117967847	4	0.0868
098abc3c-1001-415f-847a-53bfee74ab79	3	117972131	119694251	994	0.2011
098abc3c-1001-415f-847a-53bfee74ab79	3	119694504	119695679	3	-1.0437
098abc3c-1001-415f-847a-53bfee74ab79	3	119696984	122705766	1499	0.2404
098abc3c-1001-415f-847a-53bfee74ab79	3	122706371	129997335	4229	0.2934
098abc3c-1001-415f-847a-53bfee74ab79	3	130011876	133363707	2046	0.2463
098abc3c-1001-415f-847a-53bfee74ab79	3	133364090	133368468	4	-0.9266
098abc3c-1001-415f-847a-53bfee74ab79	3	133368524	148556718	7820	0.2529
098abc3c-1001-415f-847a-53bfee74ab79	3	148568219	148568406	2	-1.8276
098abc3c-1001-415f-847a-53bfee74ab79	3	148568566	162114435	7667	0.2401
098abc3c-1001-415f-847a-53bfee74ab79	3	162117641	162525390	157	1.1749
098abc3c-1001-415f-847a-53bfee74ab79	3	162527506	165795786	1381	0.2261
098abc3c-1001-415f-847a-53bfee74ab79	3	166162696	166226448	48	1.014
098abc3c-1001-415f-847a-53bfee74ab79	3	166226838	167170701	421	0.2175
098abc3c-1001-415f-847a-53bfee74ab79	3	167171482	179682158	6601	1.0161
098abc3c-1001-415f-847a-53bfee74ab79	3	179682307	180055514	251	0.6339
098abc3c-1001-415f-847a-53bfee74ab79	3	180055705	180058413	2	-0.7606
098abc3c-1001-415f-847a-53bfee74ab79	3	180058994	183170246	1607	0.6604
098abc3c-1001-415f-847a-53bfee74ab79	3	183172232	186634237	1572	0.7239
098abc3c-1001-415f-847a-53bfee74ab79	3	186635071	186642620	6	0.9929
098abc3c-1001-415f-847a-53bfee74ab79	3	186643231	186645242	3	0.3355
098abc3c-1001-415f-847a-53bfee74ab79	3	186645310	187632485	714	-0.3372
098abc3c-1001-415f-847a-53bfee74ab79	3	187635606	187855751	157	0.0772
098abc3c-1001-415f-847a-53bfee74ab79	3	187859308	188168612	215	0.3714
098abc3c-1001-415f-847a-53bfee74ab79	3	188168950	188217061	37	0.0689
098abc3c-1001-415f-847a-53bfee74ab79	3	188217846	196405284	4624	-0.3083
098abc3c-1001-415f-847a-53bfee74ab79	3	196410893	196446061	19	0.1969
098abc3c-1001-415f-847a-53bfee74ab79	3	196463755	197710284	220	-0.2528
098abc3c-1001-415f-847a-53bfee74ab79	3	197712842	197771456	15	-0.5886
098abc3c-1001-415f-847a-53bfee74ab79	3	197772173	197812401	17	-0.1724
098abc3c-1001-415f-847a-53bfee74ab79	4	1059384	8588784	4280	-0.1934
098abc3c-1001-415f-847a-53bfee74ab79	4	8591136	18193320	6364	-0.2578
098abc3c-1001-415f-847a-53bfee74ab79	4	18194238	18194251	2	-2.0367
098abc3c-1001-415f-847a-53bfee74ab79	4	18194524	18991863	525	-0.2438
098abc3c-1001-415f-847a-53bfee74ab79	4	18995777	19905875	536	-0.1934
098abc3c-1001-415f-847a-53bfee74ab79	4	19905945	20052733	76	-0.9586
098abc3c-1001-415f-847a-53bfee74ab79	4	20057083	32461834	7982	-0.2469
098abc3c-1001-415f-847a-53bfee74ab79	4	32464507	32622100	46	0.2493
098abc3c-1001-415f-847a-53bfee74ab79	4	32624053	37754191	3022	-0.2629
098abc3c-1001-415f-847a-53bfee74ab79	4	37757961	40996874	1857	-0.2104
098abc3c-1001-415f-847a-53bfee74ab79	4	40997986	45109251	2161	-0.2711
098abc3c-1001-415f-847a-53bfee74ab79	4	45111923	48067890	1508	-0.4043
098abc3c-1001-415f-847a-53bfee74ab79	4	51832470	54689460	1894	0.372
098abc3c-1001-415f-847a-53bfee74ab79	4	54689485	90927916	20489	0.0409
098abc3c-1001-415f-847a-53bfee74ab79	4	90931589	90931644	2	-1.5961
098abc3c-1001-415f-847a-53bfee74ab79	4	90935503	110550531	10867	0.0509
098abc3c-1001-415f-847a-53bfee74ab79	4	110551526	122966040	7090	0.302
098abc3c-1001-415f-847a-53bfee74ab79	4	122966190	122966357	4	1.7839
098abc3c-1001-415f-847a-53bfee74ab79	4	122966477	124299271	724	0.3536
098abc3c-1001-415f-847a-53bfee74ab79	4	124299427	124300617	4	-0.752
098abc3c-1001-415f-847a-53bfee74ab79	4	124303444	125553154	763	0.3471
098abc3c-1001-415f-847a-53bfee74ab79	4	125553298	130680428	2644	0.3018
098abc3c-1001-415f-847a-53bfee74ab79	4	130681791	130681895	2	-0.981
098abc3c-1001-415f-847a-53bfee74ab79	4	130682081	138737846	3926	0.3111
098abc3c-1001-415f-847a-53bfee74ab79	4	138741906	147608250	5099	0.3406
098abc3c-1001-415f-847a-53bfee74ab79	4	147609684	155145407	4174	0.4136
098abc3c-1001-415f-847a-53bfee74ab79	4	155147382	155148727	4	-0.7302
098abc3c-1001-415f-847a-53bfee74ab79	4	155149734	161016700	3514	0.419
098abc3c-1001-415f-847a-53bfee74ab79	4	161017676	164377551	1938	0.3658
098abc3c-1001-415f-847a-53bfee74ab79	4	164379534	170923635	3445	0.4301
098abc3c-1001-415f-847a-53bfee74ab79	4	170931864	181889781	5945	0.3908
098abc3c-1001-415f-847a-53bfee74ab79	4	181893044	187842528	2644	0.4328
098abc3c-1001-415f-847a-53bfee74ab79	5	913983	3128499	1147	0.5087
098abc3c-1001-415f-847a-53bfee74ab79	5	3128740	28016857	15085	0.4687
098abc3c-1001-415f-847a-53bfee74ab79	5	28017986	32645525	2903	0.5327
098abc3c-1001-415f-847a-53bfee74ab79	5	32647351	33726903	718	0.2607
098abc3c-1001-415f-847a-53bfee74ab79	5	33729756	39096026	2893	0.5012
098abc3c-1001-415f-847a-53bfee74ab79	5	39098148	39632941	392	0.1294
098abc3c-1001-415f-847a-53bfee74ab79	5	39633085	39633657	2	0.6932
098abc3c-1001-415f-847a-53bfee74ab79	5	39634165	42631162	1770	-0.0113
098abc3c-1001-415f-847a-53bfee74ab79	5	42631368	42632711	3	-1.3027
098abc3c-1001-415f-847a-53bfee74ab79	5	42635052	50828231	1228	-0.005
098abc3c-1001-415f-847a-53bfee74ab79	5	50829022	52904124	1231	-0.4225
098abc3c-1001-415f-847a-53bfee74ab79	5	52907268	52981019	59	0.3813
098abc3c-1001-415f-847a-53bfee74ab79	5	52983630	53199425	133	0.8916
098abc3c-1001-415f-847a-53bfee74ab79	5	53199852	54161838	577	0.1571
098abc3c-1001-415f-847a-53bfee74ab79	5	54162792	54828847	505	-0.1021
098abc3c-1001-415f-847a-53bfee74ab79	5	54831156	64976280	5770	-0.5784
098abc3c-1001-415f-847a-53bfee74ab79	5	64977191	64977567	2	-2.2218
098abc3c-1001-415f-847a-53bfee74ab79	5	64977621	67720940	1839	-0.5681
098abc3c-1001-415f-847a-53bfee74ab79	5	67724686	68028384	232	0.0287
098abc3c-1001-415f-847a-53bfee74ab79	5	68029113	68030430	3	-0.6303
098abc3c-1001-415f-847a-53bfee74ab79	5	68032664	68058282	16	-0.0335
098abc3c-1001-415f-847a-53bfee74ab79	5	68059398	77251387	4489	-0.5468
098abc3c-1001-415f-847a-53bfee74ab79	5	77251607	77251988	2	-3.0924
098abc3c-1001-415f-847a-53bfee74ab79	5	77255308	99152826	11833	-0.5878
098abc3c-1001-415f-847a-53bfee74ab79	5	99167137	124276235	13691	-0.164
098abc3c-1001-415f-847a-53bfee74ab79	5	124277542	126196276	1205	-0.0974
098abc3c-1001-415f-847a-53bfee74ab79	5	126196478	131753574	3073	-0.164
098abc3c-1001-415f-847a-53bfee74ab79	5	131754115	142864973	6388	-0.1101
098abc3c-1001-415f-847a-53bfee74ab79	5	142867168	162176091	12646	-0.142
098abc3c-1001-415f-847a-53bfee74ab79	5	162176952	162178107	2	-1.8834
098abc3c-1001-415f-847a-53bfee74ab79	5	162178884	169448284	4848	-0.1552
098abc3c-1001-415f-847a-53bfee74ab79	5	169448298	169459933	4	-1.1543
098abc3c-1001-415f-847a-53bfee74ab79	5	169460410	170588200	868	-0.1363
098abc3c-1001-415f-847a-53bfee74ab79	5	170590660	173996689	2084	-0.0876
098abc3c-1001-415f-847a-53bfee74ab79	5	173997447	173997461	2	1.6064
098abc3c-1001-415f-847a-53bfee74ab79	5	174000112	180934240	3482	-0.0803
098abc3c-1001-415f-847a-53bfee74ab79	6	1011760	18226885	12126	0.85
098abc3c-1001-415f-847a-53bfee74ab79	6	18234274	18238671	6	-0.0541
098abc3c-1001-415f-847a-53bfee74ab79	6	18238736	22070998	2744	0.859
098abc3c-1001-415f-847a-53bfee74ab79	6	22071075	24946443	2092	0.815
098abc3c-1001-415f-847a-53bfee74ab79	6	24947544	24947577	2	2.0437
098abc3c-1001-415f-847a-53bfee74ab79	6	24950971	33250403	2604	0.8017
098abc3c-1001-415f-847a-53bfee74ab79	6	33254386	38685989	3079	0.3849
098abc3c-1001-415f-847a-53bfee74ab79	6	38690363	38690440	2	-1.1466
098abc3c-1001-415f-847a-53bfee74ab79	6	38691107	42808847	2885	0.3791
098abc3c-1001-415f-847a-53bfee74ab79	6	42818126	43056041	97	0.7733
098abc3c-1001-415f-847a-53bfee74ab79	6	43057830	47313571	2517	0.3728
098abc3c-1001-415f-847a-53bfee74ab79	6	47313893	50176687	1549	0.295
098abc3c-1001-415f-847a-53bfee74ab79	6	50177456	53579988	2141	0.3917
098abc3c-1001-415f-847a-53bfee74ab79	6	53582821	57341687	2303	0.4671
098abc3c-1001-415f-847a-53bfee74ab79	6	57347009	73177752	6480	-0.3038
098abc3c-1001-415f-847a-53bfee74ab79	6	73177883	81089037	4302	-0.2638
098abc3c-1001-415f-847a-53bfee74ab79	6	81089263	102161474	11598	-0.294
098abc3c-1001-415f-847a-53bfee74ab79	6	102169001	108054377	3491	-0.2556
098abc3c-1001-415f-847a-53bfee74ab79	6	108054671	108153576	48	-0.3535
098abc3c-1001-415f-847a-53bfee74ab79	6	108153731	109028454	480	-0.4582
098abc3c-1001-415f-847a-53bfee74ab79	6	109030154	112642072	2192	-0.2614
098abc3c-1001-415f-847a-53bfee74ab79	6	112642325	125150316	6871	-0.306
098abc3c-1001-415f-847a-53bfee74ab79	6	125150804	125477018	244	-0.2599
098abc3c-1001-415f-847a-53bfee74ab79	6	125480218	125718848	152	-0.9064
098abc3c-1001-415f-847a-53bfee74ab79	6	125719495	132140908	3940	-0.3112
098abc3c-1001-415f-847a-53bfee74ab79	6	132145593	132145642	2	-1.9847
098abc3c-1001-415f-847a-53bfee74ab79	6	132145895	135661977	2431	-0.2664
098abc3c-1001-415f-847a-53bfee74ab79	6	135661985	144195820	5004	-0.1666
098abc3c-1001-415f-847a-53bfee74ab79	6	144196906	147246069	1833	-0.2194
098abc3c-1001-415f-847a-53bfee74ab79	6	147249587	170596889	13971	-0.159
098abc3c-1001-415f-847a-53bfee74ab79	7	664936	755590	23	-0.1888
098abc3c-1001-415f-847a-53bfee74ab79	7	756025	7176544	2335	-0.0011
098abc3c-1001-415f-847a-53bfee74ab79	7	7178165	12296533	2798	-0.075
098abc3c-1001-415f-847a-53bfee74ab79	7	12297923	12303837	10	-0.9942
098abc3c-1001-415f-847a-53bfee74ab79	7	12304797	13639878	864	-0.1014
098abc3c-1001-415f-847a-53bfee74ab79	7	13640036	13662456	27	-0.5334
098abc3c-1001-415f-847a-53bfee74ab79	7	13662544	14503211	741	-0.0829
098abc3c-1001-415f-847a-53bfee74ab79	7	14503264	30126280	9609	0.1445
098abc3c-1001-415f-847a-53bfee74ab79	7	30129930	31363594	771	0.4577
098abc3c-1001-415f-847a-53bfee74ab79	7	31365159	34595726	2156	0.2718
098abc3c-1001-415f-847a-53bfee74ab79	7	34599726	35541475	560	0.1862
098abc3c-1001-415f-847a-53bfee74ab79	7	35542803	36931861	1054	0.402
098abc3c-1001-415f-847a-53bfee74ab79	7	36934450	37476532	388	0.5774
098abc3c-1001-415f-847a-53bfee74ab79	7	37480221	37842112	261	0.8377
098abc3c-1001-415f-847a-53bfee74ab79	7	37845519	38417544	342	0.5498
098abc3c-1001-415f-847a-53bfee74ab79	7	38419009	38501539	68	0.2352
098abc3c-1001-415f-847a-53bfee74ab79	7	38501540	38503608	2	-0.9741
098abc3c-1001-415f-847a-53bfee74ab79	7	38504357	40397070	1185	0.2696
098abc3c-1001-415f-847a-53bfee74ab79	7	40398891	40586154	72	0.2328
098abc3c-1001-415f-847a-53bfee74ab79	7	40588545	47286094	4027	-0.0367
098abc3c-1001-415f-847a-53bfee74ab79	7	47286597	49309404	1357	0.3602
098abc3c-1001-415f-847a-53bfee74ab79	7	49313402	53558560	3010	0.108
098abc3c-1001-415f-847a-53bfee74ab79	7	53559913	63868433	1956	0.4393
098abc3c-1001-415f-847a-53bfee74ab79	7	63872529	64696620	289	0.1737
098abc3c-1001-415f-847a-53bfee74ab79	7	64698195	69560024	2055	0.2285
098abc3c-1001-415f-847a-53bfee74ab79	7	69563115	70447833	468	0.15
098abc3c-1001-415f-847a-53bfee74ab79	7	70448114	77319874	2315	0.2482
098abc3c-1001-415f-847a-53bfee74ab79	7	77320190	78800910	1032	0.1399
098abc3c-1001-415f-847a-53bfee74ab79	7	78801143	78808038	4	-0.9809
098abc3c-1001-415f-847a-53bfee74ab79	7	78811455	86112368	4361	0.1344
098abc3c-1001-415f-847a-53bfee74ab79	7	86113231	93218896	3112	0.0888
098abc3c-1001-415f-847a-53bfee74ab79	7	93226741	94729315	913	0.1218
098abc3c-1001-415f-847a-53bfee74ab79	7	94729346	109928648	7838	0.1588
098abc3c-1001-415f-847a-53bfee74ab79	7	109928713	110106144	99	0.1137
098abc3c-1001-415f-847a-53bfee74ab79	7	110106926	110688686	367	0.0268
098abc3c-1001-415f-847a-53bfee74ab79	7	110689132	112783237	729	0.1337
098abc3c-1001-415f-847a-53bfee74ab79	7	112788330	117177378	2503	0.4121
098abc3c-1001-415f-847a-53bfee74ab79	7	117179402	119131025	1020	0.4733
098abc3c-1001-415f-847a-53bfee74ab79	7	119143269	122695298	1942	0.4214
098abc3c-1001-415f-847a-53bfee74ab79	7	122696635	123435476	440	0.1033
098abc3c-1001-415f-847a-53bfee74ab79	7	123437697	126099791	1425	0.6589
098abc3c-1001-415f-847a-53bfee74ab79	7	126132387	129014786	1497	0.9296
098abc3c-1001-415f-847a-53bfee74ab79	7	129015620	129294732	140	1.2671
098abc3c-1001-415f-847a-53bfee74ab79	7	129296975	129311159	7	0.8691
098abc3c-1001-415f-847a-53bfee74ab79	7	129315868	129366836	19	0.09
098abc3c-1001-415f-847a-53bfee74ab79	7	129367979	129395867	18	1.4106
098abc3c-1001-415f-847a-53bfee74ab79	7	129400177	141246799	7035	0.9489
098abc3c-1001-415f-847a-53bfee74ab79	7	141247986	141419343	154	0.845
098abc3c-1001-415f-847a-53bfee74ab79	7	141420087	143491026	776	0.9142
098abc3c-1001-415f-847a-53bfee74ab79	7	143491090	145023688	601	0.8338
098abc3c-1001-415f-847a-53bfee74ab79	7	145025132	145182878	92	0.9748
098abc3c-1001-415f-847a-53bfee74ab79	7	145185702	146774348	773	0.6686
098abc3c-1001-415f-847a-53bfee74ab79	7	146777462	149834127	1906	0.4443
098abc3c-1001-415f-847a-53bfee74ab79	7	150164351	152810979	1337	0.0071
098abc3c-1001-415f-847a-53bfee74ab79	7	152811500	152842423	9	0.8959
098abc3c-1001-415f-847a-53bfee74ab79	7	152859405	154498132	602	0.4678
098abc3c-1001-415f-847a-53bfee74ab79	7	154499300	158592540	2491	-0.0329
098abc3c-1001-415f-847a-53bfee74ab79	8	667625	903734	137	-0.9679
098abc3c-1001-415f-847a-53bfee74ab79	8	903837	904082	2	-2.7382
098abc3c-1001-415f-847a-53bfee74ab79	8	904198	3874891	1508	-0.9662
098abc3c-1001-415f-847a-53bfee74ab79	8	3877116	3877127	2	-3.5252
098abc3c-1001-415f-847a-53bfee74ab79	8	3877205	9862474	2508	-0.973
098abc3c-1001-415f-847a-53bfee74ab79	8	9863593	9876245	9	-2.0232
098abc3c-1001-415f-847a-53bfee74ab79	8	9876554	11302380	774	-0.9663
098abc3c-1001-415f-847a-53bfee74ab79	8	11306619	11309724	3	-3.5804
098abc3c-1001-415f-847a-53bfee74ab79	8	11310191	20387903	6164	-0.957
098abc3c-1001-415f-847a-53bfee74ab79	8	20388446	20388478	2	-4.311
098abc3c-1001-415f-847a-53bfee74ab79	8	20390973	43080575	13882	-0.9545
098abc3c-1001-415f-847a-53bfee74ab79	8	46547532	54181110	3955	0.3553
098abc3c-1001-415f-847a-53bfee74ab79	8	54183413	54501764	239	0.6235
098abc3c-1001-415f-847a-53bfee74ab79	8	54501868	60103825	3458	0.3335
098abc3c-1001-415f-847a-53bfee74ab79	8	60104015	61749398	1095	0.3867
098abc3c-1001-415f-847a-53bfee74ab79	8	61749727	66574693	2685	0.3255
098abc3c-1001-415f-847a-53bfee74ab79	8	66580106	70968311	2474	0.3824
098abc3c-1001-415f-847a-53bfee74ab79	8	70970760	72172203	861	0.3373
098abc3c-1001-415f-847a-53bfee74ab79	8	72176558	72592798	271	0.6991
098abc3c-1001-415f-847a-53bfee74ab79	8	72595077	73305424	494	0.3582
098abc3c-1001-415f-847a-53bfee74ab79	8	73306860	73307382	2	-1.0966
098abc3c-1001-415f-847a-53bfee74ab79	8	73307886	84772085	6342	0.3542
098abc3c-1001-415f-847a-53bfee74ab79	8	84775429	85828731	412	0.6121
098abc3c-1001-415f-847a-53bfee74ab79	8	85828939	86149896	240	0.3541
098abc3c-1001-415f-847a-53bfee74ab79	8	86150286	87503681	623	0.4793
098abc3c-1001-415f-847a-53bfee74ab79	8	87503893	88220568	387	0.3167
098abc3c-1001-415f-847a-53bfee74ab79	8	88230695	88231512	2	-2.0313
098abc3c-1001-415f-847a-53bfee74ab79	8	88234599	88543124	183	0.3146
098abc3c-1001-415f-847a-53bfee74ab79	8	88543430	89350410	557	0.6192
098abc3c-1001-415f-847a-53bfee74ab79	8	89356930	89386731	17	0.2914
098abc3c-1001-415f-847a-53bfee74ab79	8	89392363	89409221	5	-0.2202
098abc3c-1001-415f-847a-53bfee74ab79	8	89411845	89871261	228	0.3224
098abc3c-1001-415f-847a-53bfee74ab79	8	89871575	90064788	119	-0.0525
098abc3c-1001-415f-847a-53bfee74ab79	8	90067693	92561009	1382	0.3348
098abc3c-1001-415f-847a-53bfee74ab79	8	92563065	109094580	9499	0.7603
098abc3c-1001-415f-847a-53bfee74ab79	8	109095596	109097026	2	-0.7824
098abc3c-1001-415f-847a-53bfee74ab79	8	109097186	110423406	707	0.727
098abc3c-1001-415f-847a-53bfee74ab79	8	110423458	111388107	476	0.9563
098abc3c-1001-415f-847a-53bfee74ab79	8	111389663	112066175	358	0.7606
098abc3c-1001-415f-847a-53bfee74ab79	8	112090808	133107141	13820	0.9571
098abc3c-1001-415f-847a-53bfee74ab79	8	133108454	133689806	506	1.163
098abc3c-1001-415f-847a-53bfee74ab79	8	133690185	139812082	4679	0.9527
098abc3c-1001-415f-847a-53bfee74ab79	8	139812378	139812433	2	-0.8538
098abc3c-1001-415f-847a-53bfee74ab79	8	139817207	140170374	261	0.9846
098abc3c-1001-415f-847a-53bfee74ab79	8	140172026	144182542	815	1.0678
098abc3c-1001-415f-847a-53bfee74ab79	9	789794	3614469	1952	-0.3622
098abc3c-1001-415f-847a-53bfee74ab79	9	3618770	3889403	177	0.4921
098abc3c-1001-415f-847a-53bfee74ab79	9	3889622	5003603	959	0.2632
098abc3c-1001-415f-847a-53bfee74ab79	9	5006715	8812364	1985	0.207
098abc3c-1001-415f-847a-53bfee74ab79	9	8812385	8812996	7	-0.4728
098abc3c-1001-415f-847a-53bfee74ab79	9	8814324	11262339	1269	0.2137
098abc3c-1001-415f-847a-53bfee74ab79	9	11262638	13954437	1015	0.2643
098abc3c-1001-415f-847a-53bfee74ab79	9	13954735	14178782	174	0.5356
098abc3c-1001-415f-847a-53bfee74ab79	9	14185137	32924733	12548	-0.3555
098abc3c-1001-415f-847a-53bfee74ab79	9	32925507	32930632	8	0.1501
098abc3c-1001-415f-847a-53bfee74ab79	9	32932196	33173655	189	0.4602
098abc3c-1001-415f-847a-53bfee74ab79	9	33176248	33202550	27	0.2034
098abc3c-1001-415f-847a-53bfee74ab79	9	33203604	38357068	2943	-0.3057
098abc3c-1001-415f-847a-53bfee74ab79	9	38360494	76811726	6276	-0.359
098abc3c-1001-415f-847a-53bfee74ab79	9	76812135	91606244	10288	-0.317
098abc3c-1001-415f-847a-53bfee74ab79	9	91606610	91606838	2	-2.1602
098abc3c-1001-415f-847a-53bfee74ab79	9	91608755	98572663	4155	-0.2958
098abc3c-1001-415f-847a-53bfee74ab79	9	98573759	104191702	3235	-0.3559
098abc3c-1001-415f-847a-53bfee74ab79	9	104192096	116185146	8445	-0.321
098abc3c-1001-415f-847a-53bfee74ab79	9	116185515	120708967	3551	-0.357
098abc3c-1001-415f-847a-53bfee74ab79	9	120709055	126236982	3334	-0.2976
098abc3c-1001-415f-847a-53bfee74ab79	9	126238724	138044505	5931	-0.2491
098abc3c-1001-415f-847a-53bfee74ab79	10	366509	16499772	11787	0.4329
098abc3c-1001-415f-847a-53bfee74ab79	10	16516291	17968241	977	0.372
098abc3c-1001-415f-847a-53bfee74ab79	10	17969231	17969364	2	-1.0299
098abc3c-1001-415f-847a-53bfee74ab79	10	17975696	20493656	1966	0.3671
098abc3c-1001-415f-847a-53bfee74ab79	10	20494467	42461021	11542	0.4314
098abc3c-1001-415f-847a-53bfee74ab79	10	42462363	43786791	815	0.1249
098abc3c-1001-415f-847a-53bfee74ab79	10	43787424	55586019	5699	-0.3033
098abc3c-1001-415f-847a-53bfee74ab79	10	55587271	58570281	1648	0.0176
098abc3c-1001-415f-847a-53bfee74ab79	10	58571985	59167378	435	0.0775
098abc3c-1001-415f-847a-53bfee74ab79	10	59169417	59169705	2	-1.0855
098abc3c-1001-415f-847a-53bfee74ab79	10	59170158	60276842	852	0.0934
098abc3c-1001-415f-847a-53bfee74ab79	10	60279427	60279615	2	-1.3759
098abc3c-1001-415f-847a-53bfee74ab79	10	60279896	61417162	747	0.08
098abc3c-1001-415f-847a-53bfee74ab79	10	61417800	67773079	3594	0.0335
098abc3c-1001-415f-847a-53bfee74ab79	10	67774016	74201378	3679	0.1099
098abc3c-1001-415f-847a-53bfee74ab79	10	74208661	76375955	1281	0.1761
098abc3c-1001-415f-847a-53bfee74ab79	10	76381076	78359656	1548	0.1166
098abc3c-1001-415f-847a-53bfee74ab79	10	78361298	80765047	1303	0.4246
098abc3c-1001-415f-847a-53bfee74ab79	10	80768575	84992025	2999	0.3544
098abc3c-1001-415f-847a-53bfee74ab79	10	84992589	87034341	1330	0.4155
098abc3c-1001-415f-847a-53bfee74ab79	10	87038358	91812630	3046	0.3668
098abc3c-1001-415f-847a-53bfee74ab79	10	91814770	92694399	219	0.4281
098abc3c-1001-415f-847a-53bfee74ab79	10	92697907	96864822	2590	0.0817
098abc3c-1001-415f-847a-53bfee74ab79	10	96865236	97170448	222	0.3662
098abc3c-1001-415f-847a-53bfee74ab79	10	97170667	97534922	202	0.1754
098abc3c-1001-415f-847a-53bfee74ab79	10	97535851	104381949	3685	0.3842
098abc3c-1001-415f-847a-53bfee74ab79	10	104383383	112354058	5397	0.3252
098abc3c-1001-415f-847a-53bfee74ab79	10	112357080	118519432	4248	0.3805
098abc3c-1001-415f-847a-53bfee74ab79	10	118527499	118527906	2	-1.307
098abc3c-1001-415f-847a-53bfee74ab79	10	118528644	133411599	9503	0.3907
098abc3c-1001-415f-847a-53bfee74ab79	11	456012	2739511	658	-0.2153
098abc3c-1001-415f-847a-53bfee74ab79	11	2739561	4602944	978	-0.3025
098abc3c-1001-415f-847a-53bfee74ab79	11	4603302	7709441	2126	-0.3769
098abc3c-1001-415f-847a-53bfee74ab79	11	7711635	12923702	3791	-0.3058
098abc3c-1001-415f-847a-53bfee74ab79	11	12924618	12924656	3	-1.6522
098abc3c-1001-415f-847a-53bfee74ab79	11	12925155	15159377	1442	-0.3222
098abc3c-1001-415f-847a-53bfee74ab79	11	15159585	15160068	3	-2.2025
098abc3c-1001-415f-847a-53bfee74ab79	11	15160245	20085482	3500	-0.3215
098abc3c-1001-415f-847a-53bfee74ab79	11	20085633	22104188	1531	-0.3659
098abc3c-1001-415f-847a-53bfee74ab79	11	22108108	22109479	2	-2.0324
098abc3c-1001-415f-847a-53bfee74ab79	11	22113529	25021652	1918	-0.4156
098abc3c-1001-415f-847a-53bfee74ab79	11	25026033	31947078	4196	-0.3609
098abc3c-1001-415f-847a-53bfee74ab79	11	31950936	31956791	7	-2.3515
098abc3c-1001-415f-847a-53bfee74ab79	11	31957765	39671006	4671	-0.3274
098abc3c-1001-415f-847a-53bfee74ab79	11	39677236	39678040	2	-2.974
098abc3c-1001-415f-847a-53bfee74ab79	11	39679265	40536147	611	-0.3376
098abc3c-1001-415f-847a-53bfee74ab79	11	40537264	40537295	2	-1.6021
098abc3c-1001-415f-847a-53bfee74ab79	11	40538165	40656590	94	-0.3197
098abc3c-1001-415f-847a-53bfee74ab79	11	40656875	40729843	36	-0.7032
098abc3c-1001-415f-847a-53bfee74ab79	11	40731804	48352939	4653	-0.3232
098abc3c-1001-415f-847a-53bfee74ab79	11	48953076	49938371	413	0.1475
098abc3c-1001-415f-847a-53bfee74ab79	11	49944962	61122570	2832	0.0636
098abc3c-1001-415f-847a-53bfee74ab79	11	61129817	64828200	1678	0.1407
098abc3c-1001-415f-847a-53bfee74ab79	11	65902628	69867503	1626	0.4399
098abc3c-1001-415f-847a-53bfee74ab79	11	69867743	76980220	3666	0.6975
098abc3c-1001-415f-847a-53bfee74ab79	11	76986087	77083706	59	0.8461
098abc3c-1001-415f-847a-53bfee74ab79	11	77087919	77103425	7	1.3393
098abc3c-1001-415f-847a-53bfee74ab79	11	77107967	77312465	113	0.8776
098abc3c-1001-415f-847a-53bfee74ab79	11	77315079	80147819	1911	0.4268
098abc3c-1001-415f-847a-53bfee74ab79	11	80152549	100462120	12500	0.366
098abc3c-1001-415f-847a-53bfee74ab79	11	100464820	100468677	2	-1.178
098abc3c-1001-415f-847a-53bfee74ab79	11	100469587	109717483	5537	0.375
098abc3c-1001-415f-847a-53bfee74ab79	11	109719486	110148627	283	0.4149
098abc3c-1001-415f-847a-53bfee74ab79	11	110149066	116404900	4393	-0.3392
098abc3c-1001-415f-847a-53bfee74ab79	11	116406948	120683332	2916	-0.2893
098abc3c-1001-415f-847a-53bfee74ab79	11	120683569	134272740	9434	-0.3365
098abc3c-1001-415f-847a-53bfee74ab79	12	780472	14734835	7940	0.377
098abc3c-1001-415f-847a-53bfee74ab79	12	14735831	14736917	2	-1.3705
098abc3c-1001-415f-847a-53bfee74ab79	12	14737942	18665356	2361	0.3292
098abc3c-1001-415f-847a-53bfee74ab79	12	18667582	20944252	1346	0.8816
098abc3c-1001-415f-847a-53bfee74ab79	12	20945992	28086222	4705	0.81
098abc3c-1001-415f-847a-53bfee74ab79	12	28087893	28190100	62	0.4529
098abc3c-1001-415f-847a-53bfee74ab79	12	28190305	29181474	614	0.5682
098abc3c-1001-415f-847a-53bfee74ab79	12	29181491	33368216	2698	0.4287
098abc3c-1001-415f-847a-53bfee74ab79	12	38827290	40421851	860	-0.4025
098abc3c-1001-415f-847a-53bfee74ab79	12	40421876	40422245	7	-2.0867
098abc3c-1001-415f-847a-53bfee74ab79	12	40422323	46714356	3477	-0.364
098abc3c-1001-415f-847a-53bfee74ab79	12	46714734	52219158	2871	-0.3014
098abc3c-1001-415f-847a-53bfee74ab79	12	52221759	52221851	2	-1.7453
098abc3c-1001-415f-847a-53bfee74ab79	12	52223498	54593761	1248	-0.2891
098abc3c-1001-415f-847a-53bfee74ab79	12	54596679	54602088	7	-1.7383
098abc3c-1001-415f-847a-53bfee74ab79	12	54603588	59313677	2726	-0.3127
098abc3c-1001-415f-847a-53bfee74ab79	12	59314272	103673238	27256	-0.3605
098abc3c-1001-415f-847a-53bfee74ab79	12	103673270	120948690	10741	-0.3211
098abc3c-1001-415f-847a-53bfee74ab79	12	120951159	123565138	1080	-0.2586
098abc3c-1001-415f-847a-53bfee74ab79	12	123571569	132605822	4353	-0.3312
098abc3c-1001-415f-847a-53bfee74ab79	13	18874255	24736361	2868	-0.3191
098abc3c-1001-415f-847a-53bfee74ab79	13	24741022	40276961	10817	-0.3655
098abc3c-1001-415f-847a-53bfee74ab79	13	40277243	61046828	11080	-0.3398
098abc3c-1001-415f-847a-53bfee74ab79	13	61055442	61229387	108	0.0721
098abc3c-1001-415f-847a-53bfee74ab79	13	61229551	73553241	6344	-0.3558
098abc3c-1001-415f-847a-53bfee74ab79	13	73555523	74059397	378	0.0791
098abc3c-1001-415f-847a-53bfee74ab79	13	74060835	90769242	10004	-0.3545
098abc3c-1001-415f-847a-53bfee74ab79	13	90776583	95208988	3074	-0.3949
098abc3c-1001-415f-847a-53bfee74ab79	13	95212536	102110189	4447	-0.3542
098abc3c-1001-415f-847a-53bfee74ab79	13	102110460	103191097	826	-0.4357
098abc3c-1001-415f-847a-53bfee74ab79	13	103191372	114226675	7039	-0.3507
098abc3c-1001-415f-847a-53bfee74ab79	14	20033191	20590906	363	0.1073
098abc3c-1001-415f-847a-53bfee74ab79	14	20592128	20593008	6	-0.7383
098abc3c-1001-415f-847a-53bfee74ab79	14	20596858	26294421	2619	0.0864
098abc3c-1001-415f-847a-53bfee74ab79	14	26300516	26300517	2	2.0673
098abc3c-1001-415f-847a-53bfee74ab79	14	26300519	30825202	2426	0.0464
098abc3c-1001-415f-847a-53bfee74ab79	14	30826768	33152518	1433	0.0988
098abc3c-1001-415f-847a-53bfee74ab79	14	33154312	33154546	2	-1.1347
098abc3c-1001-415f-847a-53bfee74ab79	14	33154991	36531576	2131	0.1005
098abc3c-1001-415f-847a-53bfee74ab79	14	36532704	36533939	2	-1.2195
098abc3c-1001-415f-847a-53bfee74ab79	14	36534633	37780773	808	0.0837
098abc3c-1001-415f-847a-53bfee74ab79	14	37785459	42838683	2636	0.0488
098abc3c-1001-415f-847a-53bfee74ab79	14	42842064	42872105	29	-0.3271
098abc3c-1001-415f-847a-53bfee74ab79	14	42873231	43782552	242	0.0324
098abc3c-1001-415f-847a-53bfee74ab79	14	43786557	45295230	459	0.1592
098abc3c-1001-415f-847a-53bfee74ab79	14	45295693	47226862	808	0.2583
098abc3c-1001-415f-847a-53bfee74ab79	14	47227057	56474756	5804	0.1224
098abc3c-1001-415f-847a-53bfee74ab79	14	56476757	62170872	3566	0.0139
098abc3c-1001-415f-847a-53bfee74ab79	14	62172280	62176826	2	-1.5665
098abc3c-1001-415f-847a-53bfee74ab79	14	62178314	69078489	4014	0.0291
098abc3c-1001-415f-847a-53bfee74ab79	14	69085205	76790314	4709	0.3907
098abc3c-1001-415f-847a-53bfee74ab79	14	76794760	77210498	282	0.5073
098abc3c-1001-415f-847a-53bfee74ab79	14	77210947	78418112	918	0.3881
098abc3c-1001-415f-847a-53bfee74ab79	14	78418943	83575497	3379	0.3555
098abc3c-1001-415f-847a-53bfee74ab79	14	83579863	83580216	2	-1.5365
098abc3c-1001-415f-847a-53bfee74ab79	14	83583871	85202951	1024	0.3703
098abc3c-1001-415f-847a-53bfee74ab79	14	85203932	89090236	2232	0.3111
098abc3c-1001-415f-847a-53bfee74ab79	14	89090768	89943009	607	0.3508
098abc3c-1001-415f-847a-53bfee74ab79	14	89945759	96896320	4650	0.3937
098abc3c-1001-415f-847a-53bfee74ab79	14	96897578	98586919	1348	0.3342
098abc3c-1001-415f-847a-53bfee74ab79	14	98588955	103130867	2477	0.4077
098abc3c-1001-415f-847a-53bfee74ab79	14	103132950	103442456	183	0.6785
098abc3c-1001-415f-847a-53bfee74ab79	14	103447445	105290275	580	0.436
098abc3c-1001-415f-847a-53bfee74ab79	14	105290560	105291055	2	-1.4537
098abc3c-1001-415f-847a-53bfee74ab79	14	105291411	105533894	62	0.4171
098abc3c-1001-415f-847a-53bfee74ab79	15	23437561	23841418	288	-0.2078
098abc3c-1001-415f-847a-53bfee74ab79	15	23843575	35847205	5170	-0.3416
098abc3c-1001-415f-847a-53bfee74ab79	15	35847556	35847585	2	-2.006
098abc3c-1001-415f-847a-53bfee74ab79	15	35849778	40008242	2924	-0.32
098abc3c-1001-415f-847a-53bfee74ab79	15	40008490	44561792	2034	-0.2734
098abc3c-1001-415f-847a-53bfee74ab79	15	44566737	48861007	2592	-0.3476
098abc3c-1001-415f-847a-53bfee74ab79	15	48865409	48865766	2	-2.3357
098abc3c-1001-415f-847a-53bfee74ab79	15	48867949	62846734	9327	-0.3359
098abc3c-1001-415f-847a-53bfee74ab79	15	62847167	72915914	6010	-0.2804
098abc3c-1001-415f-847a-53bfee74ab79	15	72916141	72917775	2	-1.897
098abc3c-1001-415f-847a-53bfee74ab79	15	72917982	78268598	2560	-0.2894
098abc3c-1001-415f-847a-53bfee74ab79	15	78269085	97637675	11776	-0.3208
098abc3c-1001-415f-847a-53bfee74ab79	15	97646267	98959298	962	0.1239
098abc3c-1001-415f-847a-53bfee74ab79	15	98960516	99119313	115	0.4349
098abc3c-1001-415f-847a-53bfee74ab79	15	99119746	101344124	1015	0.1074
098abc3c-1001-415f-847a-53bfee74ab79	16	603333	23699342	10179	-0.0701
098abc3c-1001-415f-847a-53bfee74ab79	16	23701582	26529500	1980	0.0036
098abc3c-1001-415f-847a-53bfee74ab79	16	26530055	26530300	2	-1.2798
098abc3c-1001-415f-847a-53bfee74ab79	16	26530774	26997705	409	-0.0172
098abc3c-1001-415f-847a-53bfee74ab79	16	26997746	49710531	3246	0.05
098abc3c-1001-415f-847a-53bfee74ab79	16	49715036	51131598	906	-0.058
098abc3c-1001-415f-847a-53bfee74ab79	16	51135952	51136435	2	-1.3447
098abc3c-1001-415f-847a-53bfee74ab79	16	51137242	56322918	3937	-0.0548
098abc3c-1001-415f-847a-53bfee74ab79	16	56324999	57225725	517	-0.1809
098abc3c-1001-415f-847a-53bfee74ab79	16	57226259	57285567	33	0.0433
098abc3c-1001-415f-847a-53bfee74ab79	16	57290158	57704464	246	0.4487
098abc3c-1001-415f-847a-53bfee74ab79	16	57707813	59531660	1149	-0.1844
098abc3c-1001-415f-847a-53bfee74ab79	16	59532188	65096366	3521	-0.2534
098abc3c-1001-415f-847a-53bfee74ab79	16	65096826	74691640	4956	-0.1856
098abc3c-1001-415f-847a-53bfee74ab79	16	74693283	75029112	199	0.0017
098abc3c-1001-415f-847a-53bfee74ab79	16	75030707	75659066	300	0.1946
098abc3c-1001-415f-847a-53bfee74ab79	16	75659605	75697149	25	-0.0496
098abc3c-1001-415f-847a-53bfee74ab79	16	75706351	78562710	2402	-0.2372
098abc3c-1001-415f-847a-53bfee74ab79	16	78575675	78715444	136	-0.6706
098abc3c-1001-415f-847a-53bfee74ab79	16	78715786	85490251	4953	-0.224
098abc3c-1001-415f-847a-53bfee74ab79	16	85492958	89317317	2111	-0.0327
098abc3c-1001-415f-847a-53bfee74ab79	17	1074619	5935410	2228	-0.5292
098abc3c-1001-415f-847a-53bfee74ab79	17	5935991	21262470	7454	-0.5919
098abc3c-1001-415f-847a-53bfee74ab79	17	21262942	27005190	65	-0.4525
098abc3c-1001-415f-847a-53bfee74ab79	17	27006860	35718373	3947	-0.1686
098abc3c-1001-415f-847a-53bfee74ab79	17	35718430	35718879	4	0.8102
098abc3c-1001-415f-847a-53bfee74ab79	17	35718967	36033708	185	-0.2
098abc3c-1001-415f-847a-53bfee74ab79	17	36036421	36700860	130	-0.0436
098abc3c-1001-415f-847a-53bfee74ab79	17	36700930	36968917	209	0.1089
098abc3c-1001-415f-847a-53bfee74ab79	17	36971810	43168187	2841	-0.0833
098abc3c-1001-415f-847a-53bfee74ab79	17	43184131	43890861	289	0.3738
098abc3c-1001-415f-847a-53bfee74ab79	17	43892097	49130338	1846	-0.065
098abc3c-1001-415f-847a-53bfee74ab79	17	49130714	49431921	196	0.5619
098abc3c-1001-415f-847a-53bfee74ab79	17	49432124	49693055	117	0.2978
098abc3c-1001-415f-847a-53bfee74ab79	17	49697499	55476543	3233	0.1982
098abc3c-1001-415f-847a-53bfee74ab79	17	55477380	68474001	7177	0.2358
098abc3c-1001-415f-847a-53bfee74ab79	17	68479481	72120377	2627	0.2074
098abc3c-1001-415f-847a-53bfee74ab79	17	72126454	82959812	4729	0.2786
098abc3c-1001-415f-847a-53bfee74ab79	18	326691	6603955	3024	-0.2559
098abc3c-1001-415f-847a-53bfee74ab79	18	6604606	8278325	1216	-0.1638
098abc3c-1001-415f-847a-53bfee74ab79	18	8278763	8278782	2	-1.6084
098abc3c-1001-415f-847a-53bfee74ab79	18	8280441	9478295	916	-0.1591
098abc3c-1001-415f-847a-53bfee74ab79	18	9479991	14661644	3111	-0.0925
098abc3c-1001-415f-847a-53bfee74ab79	18	21109102	22702397	793	0.6376
098abc3c-1001-415f-847a-53bfee74ab79	18	22704455	23103129	184	0.5122
098abc3c-1001-415f-847a-53bfee74ab79	18	23103435	26670247	2317	0.7729
098abc3c-1001-415f-847a-53bfee74ab79	18	26674994	27071710	309	1.1422
098abc3c-1001-415f-847a-53bfee74ab79	18	27075271	28213081	718	1.2154
098abc3c-1001-415f-847a-53bfee74ab79	18	28219843	30471898	1242	1.1143
098abc3c-1001-415f-847a-53bfee74ab79	18	30472387	30527583	42	0.7778
098abc3c-1001-415f-847a-53bfee74ab79	18	30530607	39319241	5536	0.3634
098abc3c-1001-415f-847a-53bfee74ab79	18	39321025	45375844	3500	0.3183
098abc3c-1001-415f-847a-53bfee74ab79	18	45376034	46944171	997	0.3862
098abc3c-1001-415f-847a-53bfee74ab79	18	46944663	47068888	23	0.074
098abc3c-1001-415f-847a-53bfee74ab79	18	47069438	47088963	9	0.2978
098abc3c-1001-415f-847a-53bfee74ab79	18	47092708	49934941	1998	0.0647
098abc3c-1001-415f-847a-53bfee74ab79	18	49935375	53448972	2499	0.0027
098abc3c-1001-415f-847a-53bfee74ab79	18	53454861	63316704	6399	-0.4418
098abc3c-1001-415f-847a-53bfee74ab79	18	63325598	71167098	4254	-0.4813
098abc3c-1001-415f-847a-53bfee74ab79	18	71167455	74993087	936	-0.4079
098abc3c-1001-415f-847a-53bfee74ab79	18	74997310	79349796	2947	-0.5238
098abc3c-1001-415f-847a-53bfee74ab79	19	283868	2003982	329	-0.7909
098abc3c-1001-415f-847a-53bfee74ab79	19	2004270	2266822	69	0.1963
098abc3c-1001-415f-847a-53bfee74ab79	19	2268056	6035610	1145	-0.7703
098abc3c-1001-415f-847a-53bfee74ab79	19	6047952	6080471	17	-0.0411
098abc3c-1001-415f-847a-53bfee74ab79	19	6084981	10852346	2114	0.168
098abc3c-1001-415f-847a-53bfee74ab79	19	10856225	10859238	3	-0.8609
098abc3c-1001-415f-847a-53bfee74ab79	19	10863015	13042221	920	0.1678
098abc3c-1001-415f-847a-53bfee74ab79	19	13043331	13282483	85	0.475
098abc3c-1001-415f-847a-53bfee74ab79	19	13283373	19695589	2996	0.17
098abc3c-1001-415f-847a-53bfee74ab79	19	19696452	29373674	2656	0.4739
098abc3c-1001-415f-847a-53bfee74ab79	19	29373793	29374174	2	-1.01
098abc3c-1001-415f-847a-53bfee74ab79	19	29374438	29668784	223	0.484
098abc3c-1001-415f-847a-53bfee74ab79	19	29681377	30397126	505	1.3145
098abc3c-1001-415f-847a-53bfee74ab79	19	30398505	33101246	1819	0.1765
098abc3c-1001-415f-847a-53bfee74ab79	19	33101642	35099138	1277	-0.1949
098abc3c-1001-415f-847a-53bfee74ab79	19	35099565	35099958	2	-1.714
098abc3c-1001-415f-847a-53bfee74ab79	19	35101668	45307198	4616	-0.1673
098abc3c-1001-415f-847a-53bfee74ab79	19	45307437	46616146	514	-0.0368
098abc3c-1001-415f-847a-53bfee74ab79	19	46616653	46616776	2	-2.7418
098abc3c-1001-415f-847a-53bfee74ab79	19	46620466	50343555	1405	-0.0311
098abc3c-1001-415f-847a-53bfee74ab79	19	50344042	51759834	759	0.2296
098abc3c-1001-415f-847a-53bfee74ab79	19	51766834	52134621	15	-0.1107
098abc3c-1001-415f-847a-53bfee74ab79	19	52135546	52135658	3	-1.9714
098abc3c-1001-415f-847a-53bfee74ab79	19	52144059	58370362	2668	-0.045
098abc3c-1001-415f-847a-53bfee74ab79	20	472817	2145450	1050	0.403
098abc3c-1001-415f-847a-53bfee74ab79	20	2149231	4672606	1555	0.4474
098abc3c-1001-415f-847a-53bfee74ab79	20	4673730	14547161	6401	0.3979
098abc3c-1001-415f-847a-53bfee74ab79	20	14552183	14585075	23	-0.0112
098abc3c-1001-415f-847a-53bfee74ab79	20	14625754	15184878	52	0.4393
098abc3c-1001-415f-847a-53bfee74ab79	20	15185350	25030633	7398	0.0943
098abc3c-1001-415f-847a-53bfee74ab79	20	25030787	25567027	269	0.1556
098abc3c-1001-415f-847a-53bfee74ab79	20	25569355	31256170	223	0.3202
098abc3c-1001-415f-847a-53bfee74ab79	20	31258478	38846182	3888	0.1655
098abc3c-1001-415f-847a-53bfee74ab79	20	38849003	45408702	4410	0.1105
098abc3c-1001-415f-847a-53bfee74ab79	20	45411746	45412428	2	-1.6188
098abc3c-1001-415f-847a-53bfee74ab79	20	45417240	46610230	740	0.1424
098abc3c-1001-415f-847a-53bfee74ab79	20	46611117	46867859	203	0.4998
098abc3c-1001-415f-847a-53bfee74ab79	20	46867865	51184681	2803	0.149
098abc3c-1001-415f-847a-53bfee74ab79	20	51185250	61106688	7337	0.1092
098abc3c-1001-415f-847a-53bfee74ab79	20	61106742	63588502	1223	0.1609
098abc3c-1001-415f-847a-53bfee74ab79	21	13974127	19268261	3324	-0.3199
098abc3c-1001-415f-847a-53bfee74ab79	21	19268278	26026234	4144	-0.3697
098abc3c-1001-415f-847a-53bfee74ab79	21	26026683	30311484	3107	-0.33
098abc3c-1001-415f-847a-53bfee74ab79	21	30318003	30318225	2	-3.2401
098abc3c-1001-415f-847a-53bfee74ab79	21	30319253	46262057	10011	-0.3063
098abc3c-1001-415f-847a-53bfee74ab79	22	16934932	23539400	920	-0.2922
098abc3c-1001-415f-847a-53bfee74ab79	22	23545562	24617475	384	-0.1733
098abc3c-1001-415f-847a-53bfee74ab79	22	24624093	29296119	3379	-0.2911
098abc3c-1001-415f-847a-53bfee74ab79	22	29297873	29524830	134	0.1117
098abc3c-1001-415f-847a-53bfee74ab79	22	29524966	36346909	4593	-0.2824
098abc3c-1001-415f-847a-53bfee74ab79	22	36350034	36611423	158	0.1344
098abc3c-1001-415f-847a-53bfee74ab79	22	36611937	40378057	1839	-0.2501
098abc3c-1001-415f-847a-53bfee74ab79	22	40381068	40383829	4	-1.2253
098abc3c-1001-415f-847a-53bfee74ab79	22	40389982	41817422	801	-0.2541
098abc3c-1001-415f-847a-53bfee74ab79	22	41818488	42049762	108	0.1159
098abc3c-1001-415f-847a-53bfee74ab79	22	42053414	45209004	2058	-0.749
098abc3c-1001-415f-847a-53bfee74ab79	22	45209953	45209967	2	-3.7518
098abc3c-1001-415f-847a-53bfee74ab79	22	45210556	48438387	2330	-0.7914
098abc3c-1001-415f-847a-53bfee74ab79	22	48439062	48440279	4	-3.8144
098abc3c-1001-415f-847a-53bfee74ab79	22	48440472	48940621	352	-0.8471
098abc3c-1001-415f-847a-53bfee74ab79	X	3236359	45135849	18832	-0.0787
098abc3c-1001-415f-847a-53bfee74ab79	X	45140329	54582189	3647	0.5427
098abc3c-1001-415f-847a-53bfee74ab79	X	54585746	67042379	2868	0.4799
098abc3c-1001-415f-847a-53bfee74ab79	X	67042831	78387136	3963	0.5525
098abc3c-1001-415f-847a-53bfee74ab79	X	78395469	145836489	30304	-0.0856
098abc3c-1001-415f-847a-53bfee74ab79	X	145839102	145839502	2	-2.7132
098abc3c-1001-415f-847a-53bfee74ab79	X	145842004	150344651	2454	-0.0764
098abc3c-1001-415f-847a-53bfee74ab79	X	150348203	150348491	2	-4.2483
098abc3c-1001-415f-847a-53bfee74ab79	X	150349143	155677414	1724	-0.0551
