GDC_Aliquot	Chromosome	Start	End	Num_Probes	Segment_Mean
6ad4295b-4a02-41f1-b63b-16ba2fec563e	1	62920	949392	62	-0.0611
6ad4295b-4a02-41f1-b63b-16ba2fec563e	1	950044	2340625	357	-0.2763
6ad4295b-4a02-41f1-b63b-16ba2fec563e	1	2342007	13362275	6109	0.0078
6ad4295b-4a02-41f1-b63b-16ba2fec563e	1	13383455	13466924	21	-0.5342
6ad4295b-4a02-41f1-b63b-16ba2fec563e	1	13468357	15685529	1704	0.0258
6ad4295b-4a02-41f1-b63b-16ba2fec563e	1	15686162	15748633	26	-0.3942
6ad4295b-4a02-41f1-b63b-16ba2fec563e	1	15748705	15820897	45	-0.0731
6ad4295b-4a02-41f1-b63b-16ba2fec563e	1	15822042	15844541	22	-0.5917
6ad4295b-4a02-41f1-b63b-16ba2fec563e	1	15850269	22015896	3753	0.0136
6ad4295b-4a02-41f1-b63b-16ba2fec563e	1	22017709	22078355	37	-0.5631
6ad4295b-4a02-41f1-b63b-16ba2fec563e	1	22081972	25193827	1851	0.006
6ad4295b-4a02-41f1-b63b-16ba2fec563e	1	25194599	25256850	24	-0.4074
6ad4295b-4a02-41f1-b63b-16ba2fec563e	1	25266637	25292549	17	0.7413
6ad4295b-4a02-41f1-b63b-16ba2fec563e	1	25301974	25376293	27	-0.0254
6ad4295b-4a02-41f1-b63b-16ba2fec563e	1	25380533	25407761	8	-0.6501
6ad4295b-4a02-41f1-b63b-16ba2fec563e	1	25419576	26289286	403	0.0244
6ad4295b-4a02-41f1-b63b-16ba2fec563e	1	26290022	26477986	108	-0.0554
6ad4295b-4a02-41f1-b63b-16ba2fec563e	1	26479092	26522133	19	-0.6491
6ad4295b-4a02-41f1-b63b-16ba2fec563e	1	26523804	27020298	160	-0.0211
6ad4295b-4a02-41f1-b63b-16ba2fec563e	1	27022452	27072223	22	-0.4747
6ad4295b-4a02-41f1-b63b-16ba2fec563e	1	27072293	28898023	739	-0.0532
6ad4295b-4a02-41f1-b63b-16ba2fec563e	1	28912086	37413993	4968	0.0348
6ad4295b-4a02-41f1-b63b-16ba2fec563e	1	37415108	37455082	25	-0.467
6ad4295b-4a02-41f1-b63b-16ba2fec563e	1	37455442	46067714	4836	0.0216
6ad4295b-4a02-41f1-b63b-16ba2fec563e	1	46068585	46137728	28	-0.3983
6ad4295b-4a02-41f1-b63b-16ba2fec563e	1	46139697	70259461	16143	0.0256
6ad4295b-4a02-41f1-b63b-16ba2fec563e	1	70259486	70332913	29	-0.3821
6ad4295b-4a02-41f1-b63b-16ba2fec563e	1	70333053	71537891	749	0.0351
6ad4295b-4a02-41f1-b63b-16ba2fec563e	1	71538412	71559565	21	0.4603
6ad4295b-4a02-41f1-b63b-16ba2fec563e	1	71565883	72290430	444	0.0126
6ad4295b-4a02-41f1-b63b-16ba2fec563e	1	72290459	72295173	6	0.9092
6ad4295b-4a02-41f1-b63b-16ba2fec563e	1	72296993	72303233	5	-0.4702
6ad4295b-4a02-41f1-b63b-16ba2fec563e	1	72303253	72345465	45	-1.8485
6ad4295b-4a02-41f1-b63b-16ba2fec563e	1	72346221	103620877	20033	0.0311
6ad4295b-4a02-41f1-b63b-16ba2fec563e	1	103621165	103760781	6	1.2651
6ad4295b-4a02-41f1-b63b-16ba2fec563e	1	103760879	105476583	917	0.0127
6ad4295b-4a02-41f1-b63b-16ba2fec563e	1	105476614	105479753	16	1.0812
6ad4295b-4a02-41f1-b63b-16ba2fec563e	1	105481433	108187137	1939	0.0354
6ad4295b-4a02-41f1-b63b-16ba2fec563e	1	108191613	108194874	3	-1.1206
6ad4295b-4a02-41f1-b63b-16ba2fec563e	1	108196482	108941145	344	0.0575
6ad4295b-4a02-41f1-b63b-16ba2fec563e	1	108941228	108962041	20	-0.4533
6ad4295b-4a02-41f1-b63b-16ba2fec563e	1	108962290	109022110	37	-0.0166
6ad4295b-4a02-41f1-b63b-16ba2fec563e	1	109025865	109168205	35	-0.4155
6ad4295b-4a02-41f1-b63b-16ba2fec563e	1	109168870	109690352	260	0.0119
6ad4295b-4a02-41f1-b63b-16ba2fec563e	1	109690415	109697556	12	2.934
6ad4295b-4a02-41f1-b63b-16ba2fec563e	1	109702376	109707968	8	0.2646
6ad4295b-4a02-41f1-b63b-16ba2fec563e	1	109708520	110823480	818	0.0344
6ad4295b-4a02-41f1-b63b-16ba2fec563e	1	110827750	110834746	11	-0.3313
6ad4295b-4a02-41f1-b63b-16ba2fec563e	1	110834943	110845604	38	-3.2525
6ad4295b-4a02-41f1-b63b-16ba2fec563e	1	110849445	112147704	1074	0.0237
6ad4295b-4a02-41f1-b63b-16ba2fec563e	1	112153343	112154754	24	0.5341
6ad4295b-4a02-41f1-b63b-16ba2fec563e	1	112154768	143714665	5258	0.0263
6ad4295b-4a02-41f1-b63b-16ba2fec563e	1	143714703	144442092	36	0.5198
6ad4295b-4a02-41f1-b63b-16ba2fec563e	1	144442098	144932423	13	0.1248
6ad4295b-4a02-41f1-b63b-16ba2fec563e	1	145642976	146043237	159	-0.2787
6ad4295b-4a02-41f1-b63b-16ba2fec563e	1	146044828	147297056	212	0.1058
6ad4295b-4a02-41f1-b63b-16ba2fec563e	1	147297166	147419234	70	-0.2859
6ad4295b-4a02-41f1-b63b-16ba2fec563e	1	147421827	150284852	614	0.0525
6ad4295b-4a02-41f1-b63b-16ba2fec563e	1	150288580	150313998	17	-0.4512
6ad4295b-4a02-41f1-b63b-16ba2fec563e	1	150314364	150393540	32	-0.0481
6ad4295b-4a02-41f1-b63b-16ba2fec563e	1	150393993	150494291	50	-0.4631
6ad4295b-4a02-41f1-b63b-16ba2fec563e	1	150494449	151019581	253	-0.079
6ad4295b-4a02-41f1-b63b-16ba2fec563e	1	151020217	151027261	6	-0.8011
6ad4295b-4a02-41f1-b63b-16ba2fec563e	1	151031124	151359541	125	-0.0181
6ad4295b-4a02-41f1-b63b-16ba2fec563e	1	151364223	151418303	55	-0.4168
6ad4295b-4a02-41f1-b63b-16ba2fec563e	1	151418617	151507898	46	-0.0693
6ad4295b-4a02-41f1-b63b-16ba2fec563e	1	151507975	152583668	661	0.0195
6ad4295b-4a02-41f1-b63b-16ba2fec563e	1	152583938	152614064	27	0.553
6ad4295b-4a02-41f1-b63b-16ba2fec563e	1	152614100	152789570	174	0.029
6ad4295b-4a02-41f1-b63b-16ba2fec563e	1	152789781	152804279	34	-0.2141
6ad4295b-4a02-41f1-b63b-16ba2fec563e	1	152805967	153543882	556	0.0535
6ad4295b-4a02-41f1-b63b-16ba2fec563e	1	153545532	153558806	4	-0.7696
6ad4295b-4a02-41f1-b63b-16ba2fec563e	1	153559644	153699771	62	-0.0475
6ad4295b-4a02-41f1-b63b-16ba2fec563e	1	153701198	153752734	21	-0.476
6ad4295b-4a02-41f1-b63b-16ba2fec563e	1	153754520	196762956	28830	0.026
6ad4295b-4a02-41f1-b63b-16ba2fec563e	1	196769493	196846661	57	-0.4985
6ad4295b-4a02-41f1-b63b-16ba2fec563e	1	196847600	199885049	1873	0.0322
6ad4295b-4a02-41f1-b63b-16ba2fec563e	1	199889263	199956296	39	-0.3849
6ad4295b-4a02-41f1-b63b-16ba2fec563e	1	199958109	215204642	10524	0.0272
6ad4295b-4a02-41f1-b63b-16ba2fec563e	1	215207009	215207418	2	1.6971
6ad4295b-4a02-41f1-b63b-16ba2fec563e	1	215207922	222193326	4952	0.0356
6ad4295b-4a02-41f1-b63b-16ba2fec563e	1	222201492	222203662	2	1.4503
6ad4295b-4a02-41f1-b63b-16ba2fec563e	1	222208792	225812606	2172	0.0071
6ad4295b-4a02-41f1-b63b-16ba2fec563e	1	225813265	225827940	18	-0.4689
6ad4295b-4a02-41f1-b63b-16ba2fec563e	1	225837474	228502147	1513	0.0112
6ad4295b-4a02-41f1-b63b-16ba2fec563e	1	228505354	228528004	13	-0.6822
6ad4295b-4a02-41f1-b63b-16ba2fec563e	1	228528222	231556634	2087	0.0335
6ad4295b-4a02-41f1-b63b-16ba2fec563e	1	231556933	231652755	47	-0.2305
6ad4295b-4a02-41f1-b63b-16ba2fec563e	1	231653082	235000085	2795	0.0394
6ad4295b-4a02-41f1-b63b-16ba2fec563e	1	235002601	235092598	18	-0.446
6ad4295b-4a02-41f1-b63b-16ba2fec563e	1	235099070	236068178	511	-0.0126
6ad4295b-4a02-41f1-b63b-16ba2fec563e	1	236068554	236112616	26	-0.4732
6ad4295b-4a02-41f1-b63b-16ba2fec563e	1	236112831	241900226	4685	0.0245
6ad4295b-4a02-41f1-b63b-16ba2fec563e	1	241900849	242027428	61	-0.5178
6ad4295b-4a02-41f1-b63b-16ba2fec563e	1	242034266	242880979	663	0.0221
6ad4295b-4a02-41f1-b63b-16ba2fec563e	1	242881005	242892517	12	-0.4146
6ad4295b-4a02-41f1-b63b-16ba2fec563e	1	242892595	243163650	81	-0.0012
6ad4295b-4a02-41f1-b63b-16ba2fec563e	1	243164636	243173458	2	1.707
6ad4295b-4a02-41f1-b63b-16ba2fec563e	1	243174914	246352273	2194	0.0277
6ad4295b-4a02-41f1-b63b-16ba2fec563e	1	246352654	246846583	325	-0.1526
6ad4295b-4a02-41f1-b63b-16ba2fec563e	1	246847432	248447206	988	0.0221
6ad4295b-4a02-41f1-b63b-16ba2fec563e	1	248457862	248681611	71	0.3213
6ad4295b-4a02-41f1-b63b-16ba2fec563e	1	248681796	248930189	128	-0.0057
6ad4295b-4a02-41f1-b63b-16ba2fec563e	2	12784	4158097	2987	0.0127
6ad4295b-4a02-41f1-b63b-16ba2fec563e	2	4166274	4175577	36	-0.7362
6ad4295b-4a02-41f1-b63b-16ba2fec563e	2	4175922	7939571	3214	0.0329
6ad4295b-4a02-41f1-b63b-16ba2fec563e	2	7939694	7992057	67	0.2851
6ad4295b-4a02-41f1-b63b-16ba2fec563e	2	7992809	24370531	11617	0.0279
6ad4295b-4a02-41f1-b63b-16ba2fec563e	2	24372459	24478292	89	-0.2674
6ad4295b-4a02-41f1-b63b-16ba2fec563e	2	24480318	25003484	252	0.0266
6ad4295b-4a02-41f1-b63b-16ba2fec563e	2	25003991	25017100	15	-0.5087
6ad4295b-4a02-41f1-b63b-16ba2fec563e	2	25021111	25992760	457	-0.0089
6ad4295b-4a02-41f1-b63b-16ba2fec563e	2	26000678	26016711	13	-0.6452
6ad4295b-4a02-41f1-b63b-16ba2fec563e	2	26018105	28757668	1389	0.0155
6ad4295b-4a02-41f1-b63b-16ba2fec563e	2	28759903	28899604	57	-0.3186
6ad4295b-4a02-41f1-b63b-16ba2fec563e	2	28905363	28988573	62	-0.1028
6ad4295b-4a02-41f1-b63b-16ba2fec563e	2	28990000	32256464	2268	0.0218
6ad4295b-4a02-41f1-b63b-16ba2fec563e	2	32264089	32551917	131	-0.121
6ad4295b-4a02-41f1-b63b-16ba2fec563e	2	32552623	32684857	53	-0.4044
6ad4295b-4a02-41f1-b63b-16ba2fec563e	2	32685471	34466002	1378	0.0041
6ad4295b-4a02-41f1-b63b-16ba2fec563e	2	34474248	34511990	46	-0.624
6ad4295b-4a02-41f1-b63b-16ba2fec563e	2	34512096	35742970	870	0.0311
6ad4295b-4a02-41f1-b63b-16ba2fec563e	2	35750907	35762881	8	1.1664
6ad4295b-4a02-41f1-b63b-16ba2fec563e	2	35772407	38666808	2269	0.0431
6ad4295b-4a02-41f1-b63b-16ba2fec563e	2	38667159	38863047	104	-0.2217
6ad4295b-4a02-41f1-b63b-16ba2fec563e	2	38864880	40760547	1367	0.0616
6ad4295b-4a02-41f1-b63b-16ba2fec563e	2	40760627	40770742	14	0.5957
6ad4295b-4a02-41f1-b63b-16ba2fec563e	2	40777619	41011095	172	0.05
6ad4295b-4a02-41f1-b63b-16ba2fec563e	2	41011303	41018747	22	-2.587
6ad4295b-4a02-41f1-b63b-16ba2fec563e	2	41024093	44032934	2175	0.0354
6ad4295b-4a02-41f1-b63b-16ba2fec563e	2	44034753	44145770	84	-0.1946
6ad4295b-4a02-41f1-b63b-16ba2fec563e	2	44150623	49305903	3643	0.0307
6ad4295b-4a02-41f1-b63b-16ba2fec563e	2	49308629	49314051	5	-1.517
6ad4295b-4a02-41f1-b63b-16ba2fec563e	2	49317902	50643235	982	0.0305
6ad4295b-4a02-41f1-b63b-16ba2fec563e	2	50643474	51108549	324	0.2267
6ad4295b-4a02-41f1-b63b-16ba2fec563e	2	51108577	52527330	966	0.0459
6ad4295b-4a02-41f1-b63b-16ba2fec563e	2	52527342	52554359	36	-0.884
6ad4295b-4a02-41f1-b63b-16ba2fec563e	2	52554366	53989212	1117	0.018
6ad4295b-4a02-41f1-b63b-16ba2fec563e	2	53989842	54253232	161	-0.2409
6ad4295b-4a02-41f1-b63b-16ba2fec563e	2	54254455	59235123	3383	0.0309
6ad4295b-4a02-41f1-b63b-16ba2fec563e	2	59239881	59240264	3	-1.3301
6ad4295b-4a02-41f1-b63b-16ba2fec563e	2	59244147	77997557	11822	0.0185
6ad4295b-4a02-41f1-b63b-16ba2fec563e	2	77998076	78337202	211	-1.1993
6ad4295b-4a02-41f1-b63b-16ba2fec563e	2	78342616	78755575	205	-0.0416
6ad4295b-4a02-41f1-b63b-16ba2fec563e	2	78756907	79472285	580	0.1337
6ad4295b-4a02-41f1-b63b-16ba2fec563e	2	79472456	81967239	1717	0.0215
6ad4295b-4a02-41f1-b63b-16ba2fec563e	2	81969821	82087496	70	0.8744
6ad4295b-4a02-41f1-b63b-16ba2fec563e	2	82090732	86078000	2274	0.0233
6ad4295b-4a02-41f1-b63b-16ba2fec563e	2	86078379	86330221	178	-0.1771
6ad4295b-4a02-41f1-b63b-16ba2fec563e	2	86331852	88846446	884	0.0066
6ad4295b-4a02-41f1-b63b-16ba2fec563e	2	88846526	90223541	292	0.2685
6ad4295b-4a02-41f1-b63b-16ba2fec563e	2	90224032	137642019	25140	0.0241
6ad4295b-4a02-41f1-b63b-16ba2fec563e	2	137642524	137985596	231	0.2338
6ad4295b-4a02-41f1-b63b-16ba2fec563e	2	137991194	176393328	23426	0.0263
6ad4295b-4a02-41f1-b63b-16ba2fec563e	2	176393476	176412556	7	0.9078
6ad4295b-4a02-41f1-b63b-16ba2fec563e	2	176412608	177421083	775	0.0247
6ad4295b-4a02-41f1-b63b-16ba2fec563e	2	177421762	177421978	3	-1.0924
6ad4295b-4a02-41f1-b63b-16ba2fec563e	2	177424294	179553661	1289	0.0139
6ad4295b-4a02-41f1-b63b-16ba2fec563e	2	179553763	179564437	30	0.3984
6ad4295b-4a02-41f1-b63b-16ba2fec563e	2	179565342	194021676	8408	0.037
6ad4295b-4a02-41f1-b63b-16ba2fec563e	2	194022645	194084708	59	0.2835
6ad4295b-4a02-41f1-b63b-16ba2fec563e	2	194084959	194951075	462	0.0711
6ad4295b-4a02-41f1-b63b-16ba2fec563e	2	194952168	194952195	2	-1.1228
6ad4295b-4a02-41f1-b63b-16ba2fec563e	2	194957950	194992659	21	0.0331
6ad4295b-4a02-41f1-b63b-16ba2fec563e	2	194992904	195188514	153	0.2076
6ad4295b-4a02-41f1-b63b-16ba2fec563e	2	195192395	197321389	1257	0.0216
6ad4295b-4a02-41f1-b63b-16ba2fec563e	2	197322317	197371954	26	-0.3764
6ad4295b-4a02-41f1-b63b-16ba2fec563e	2	197379025	202225583	2788	0.011
6ad4295b-4a02-41f1-b63b-16ba2fec563e	2	202225870	202231186	2	-2.6214
6ad4295b-4a02-41f1-b63b-16ba2fec563e	2	202232268	202431284	94	-0.0564
6ad4295b-4a02-41f1-b63b-16ba2fec563e	2	202433164	202448915	39	-0.3692
6ad4295b-4a02-41f1-b63b-16ba2fec563e	2	202450169	203709272	549	-0.0647
6ad4295b-4a02-41f1-b63b-16ba2fec563e	2	203709525	207444220	2545	0.0256
6ad4295b-4a02-41f1-b63b-16ba2fec563e	2	207444785	207490231	32	-0.2328
6ad4295b-4a02-41f1-b63b-16ba2fec563e	2	207490454	207494612	16	-4.2439
6ad4295b-4a02-41f1-b63b-16ba2fec563e	2	207494752	209203010	1072	0.0073
6ad4295b-4a02-41f1-b63b-16ba2fec563e	2	209203649	212162569	1841	0.0729
6ad4295b-4a02-41f1-b63b-16ba2fec563e	2	212162659	212299318	102	0.0033
6ad4295b-4a02-41f1-b63b-16ba2fec563e	2	212299741	212341751	73	0.4228
6ad4295b-4a02-41f1-b63b-16ba2fec563e	2	212341764	227756966	10063	0.0219
6ad4295b-4a02-41f1-b63b-16ba2fec563e	2	227760141	227784520	10	-0.6705
6ad4295b-4a02-41f1-b63b-16ba2fec563e	2	227784741	229849309	1400	0.0091
6ad4295b-4a02-41f1-b63b-16ba2fec563e	2	229849324	230048437	78	-0.3091
6ad4295b-4a02-41f1-b63b-16ba2fec563e	2	230049487	231510519	808	0.0156
6ad4295b-4a02-41f1-b63b-16ba2fec563e	2	231511021	231597793	57	-0.4214
6ad4295b-4a02-41f1-b63b-16ba2fec563e	2	231599105	241666547	6425	0.0187
6ad4295b-4a02-41f1-b63b-16ba2fec563e	2	241666621	241723354	6	-1.0911
6ad4295b-4a02-41f1-b63b-16ba2fec563e	2	241739483	242075032	107	-0.1197
6ad4295b-4a02-41f1-b63b-16ba2fec563e	2	242075928	242147305	38	0.2498
6ad4295b-4a02-41f1-b63b-16ba2fec563e	3	20930	160351	130	0.3486
6ad4295b-4a02-41f1-b63b-16ba2fec563e	3	163782	1929932	1600	0.1575
6ad4295b-4a02-41f1-b63b-16ba2fec563e	3	1934182	1950811	13	-0.4217
6ad4295b-4a02-41f1-b63b-16ba2fec563e	3	1950840	2559464	448	0.1121
6ad4295b-4a02-41f1-b63b-16ba2fec563e	3	2561544	5012495	2283	0.0402
6ad4295b-4a02-41f1-b63b-16ba2fec563e	3	5013455	5125933	86	-0.3773
6ad4295b-4a02-41f1-b63b-16ba2fec563e	3	5126257	6604856	1256	0.0688
6ad4295b-4a02-41f1-b63b-16ba2fec563e	3	6609441	6613743	28	0.5941
6ad4295b-4a02-41f1-b63b-16ba2fec563e	3	6616577	10119983	2731	0.0207
6ad4295b-4a02-41f1-b63b-16ba2fec563e	3	10125805	10262839	127	-0.348
6ad4295b-4a02-41f1-b63b-16ba2fec563e	3	10263745	12649165	1796	0.0127
6ad4295b-4a02-41f1-b63b-16ba2fec563e	3	12649175	12711856	60	-0.4181
6ad4295b-4a02-41f1-b63b-16ba2fec563e	3	12715395	18754026	3873	0.0215
6ad4295b-4a02-41f1-b63b-16ba2fec563e	3	18754845	18825314	51	0.2795
6ad4295b-4a02-41f1-b63b-16ba2fec563e	3	18828679	21135482	1334	0.0092
6ad4295b-4a02-41f1-b63b-16ba2fec563e	3	21135671	21179877	35	0.3575
6ad4295b-4a02-41f1-b63b-16ba2fec563e	3	21179911	21721170	423	0.0485
6ad4295b-4a02-41f1-b63b-16ba2fec563e	3	21726754	21966569	269	0.1855
6ad4295b-4a02-41f1-b63b-16ba2fec563e	3	21966605	21991579	24	-0.213
6ad4295b-4a02-41f1-b63b-16ba2fec563e	3	21991649	22264276	242	0.1544
6ad4295b-4a02-41f1-b63b-16ba2fec563e	3	22264297	26570536	3208	0.0339
6ad4295b-4a02-41f1-b63b-16ba2fec563e	3	26570619	26573486	8	0.7961
6ad4295b-4a02-41f1-b63b-16ba2fec563e	3	26574458	35768972	6083	0.027
6ad4295b-4a02-41f1-b63b-16ba2fec563e	3	35775509	35892091	70	0.3039
6ad4295b-4a02-41f1-b63b-16ba2fec563e	3	35898810	41920005	4090	0.0259
6ad4295b-4a02-41f1-b63b-16ba2fec563e	3	41934355	42142200	105	-0.2762
6ad4295b-4a02-41f1-b63b-16ba2fec563e	3	42142284	46738600	2806	0.0262
6ad4295b-4a02-41f1-b63b-16ba2fec563e	3	46741757	46802711	35	-0.4094
6ad4295b-4a02-41f1-b63b-16ba2fec563e	3	46802803	52997720	2505	-0.0088
6ad4295b-4a02-41f1-b63b-16ba2fec563e	3	52997734	53003238	25	-0.3666
6ad4295b-4a02-41f1-b63b-16ba2fec563e	3	53004572	59569787	4398	0.0127
6ad4295b-4a02-41f1-b63b-16ba2fec563e	3	59572124	61040294	1626	0.1343
6ad4295b-4a02-41f1-b63b-16ba2fec563e	3	61040679	99225788	21955	0.0299
6ad4295b-4a02-41f1-b63b-16ba2fec563e	3	99225919	99230470	30	0.5371
6ad4295b-4a02-41f1-b63b-16ba2fec563e	3	99230577	100607461	747	0.0383
6ad4295b-4a02-41f1-b63b-16ba2fec563e	3	100621224	100729339	61	0.6224
6ad4295b-4a02-41f1-b63b-16ba2fec563e	3	100731528	109190061	5232	0.0157
6ad4295b-4a02-41f1-b63b-16ba2fec563e	3	109191230	109244862	30	-0.2344
6ad4295b-4a02-41f1-b63b-16ba2fec563e	3	109248351	109281614	18	-0.6057
6ad4295b-4a02-41f1-b63b-16ba2fec563e	3	109283185	109369744	44	-0.2201
6ad4295b-4a02-41f1-b63b-16ba2fec563e	3	109371272	125713562	10105	0.02
6ad4295b-4a02-41f1-b63b-16ba2fec563e	3	125716420	125734394	12	0.9243
6ad4295b-4a02-41f1-b63b-16ba2fec563e	3	125739919	125949473	72	-0.0335
6ad4295b-4a02-41f1-b63b-16ba2fec563e	3	125950205	125957120	4	-0.9039
6ad4295b-4a02-41f1-b63b-16ba2fec563e	3	125961657	125993496	29	0.0141
6ad4295b-4a02-41f1-b63b-16ba2fec563e	3	125993720	125993913	6	0.9982
6ad4295b-4a02-41f1-b63b-16ba2fec563e	3	125994097	128553687	1658	0.0213
6ad4295b-4a02-41f1-b63b-16ba2fec563e	3	128556653	128702456	74	-0.356
6ad4295b-4a02-41f1-b63b-16ba2fec563e	3	128702752	130044016	618	0.0082
6ad4295b-4a02-41f1-b63b-16ba2fec563e	3	130044855	130087393	38	0.533
6ad4295b-4a02-41f1-b63b-16ba2fec563e	3	130088081	142098901	7436	0.0209
6ad4295b-4a02-41f1-b63b-16ba2fec563e	3	142100008	142360147	117	-0.2585
6ad4295b-4a02-41f1-b63b-16ba2fec563e	3	142366687	144621076	1506	0.0443
6ad4295b-4a02-41f1-b63b-16ba2fec563e	3	144621138	144667772	35	0.3404
6ad4295b-4a02-41f1-b63b-16ba2fec563e	3	144668119	146655651	1291	0.0114
6ad4295b-4a02-41f1-b63b-16ba2fec563e	3	146657279	147676860	538	0.1425
6ad4295b-4a02-41f1-b63b-16ba2fec563e	3	147677085	153023935	3450	0.0284
6ad4295b-4a02-41f1-b63b-16ba2fec563e	3	153024048	153025152	2	-2.9919
6ad4295b-4a02-41f1-b63b-16ba2fec563e	3	153025335	155757661	1587	0.0185
6ad4295b-4a02-41f1-b63b-16ba2fec563e	3	155757674	155795620	31	-0.5018
6ad4295b-4a02-41f1-b63b-16ba2fec563e	3	155797707	173467502	10657	0.0315
6ad4295b-4a02-41f1-b63b-16ba2fec563e	3	173467586	173915101	310	0.2175
6ad4295b-4a02-41f1-b63b-16ba2fec563e	3	173919601	175386092	1064	0.0211
6ad4295b-4a02-41f1-b63b-16ba2fec563e	3	175386419	176244362	542	0.1701
6ad4295b-4a02-41f1-b63b-16ba2fec563e	3	176245258	176977076	459	-0.0033
6ad4295b-4a02-41f1-b63b-16ba2fec563e	3	176977100	177019838	55	-0.3239
6ad4295b-4a02-41f1-b63b-16ba2fec563e	3	177021010	183426682	3710	0.0216
6ad4295b-4a02-41f1-b63b-16ba2fec563e	3	183427055	184179380	409	-0.2668
6ad4295b-4a02-41f1-b63b-16ba2fec563e	3	184180057	184396125	89	0.0048
6ad4295b-4a02-41f1-b63b-16ba2fec563e	3	184401510	184461455	37	-0.468
6ad4295b-4a02-41f1-b63b-16ba2fec563e	3	184461585	190538297	4341	0.0332
6ad4295b-4a02-41f1-b63b-16ba2fec563e	3	190542248	190543126	4	-1.2352
6ad4295b-4a02-41f1-b63b-16ba2fec563e	3	190543492	193161217	1837	0.0264
6ad4295b-4a02-41f1-b63b-16ba2fec563e	3	193162684	193165080	11	0.7699
6ad4295b-4a02-41f1-b63b-16ba2fec563e	3	193165099	194511546	888	0.032
6ad4295b-4a02-41f1-b63b-16ba2fec563e	3	194512024	194645278	77	-0.2029
6ad4295b-4a02-41f1-b63b-16ba2fec563e	3	194646186	195428692	485	0.0258
6ad4295b-4a02-41f1-b63b-16ba2fec563e	3	195431412	195751823	78	-0.1003
6ad4295b-4a02-41f1-b63b-16ba2fec563e	3	195751990	196059428	123	-0.3112
6ad4295b-4a02-41f1-b63b-16ba2fec563e	3	196063986	196570430	240	-0.0253
6ad4295b-4a02-41f1-b63b-16ba2fec563e	3	196570556	196579465	4	-0.8538
6ad4295b-4a02-41f1-b63b-16ba2fec563e	3	196579817	196638894	38	-0.023
6ad4295b-4a02-41f1-b63b-16ba2fec563e	3	196639048	196950538	146	-0.3576
6ad4295b-4a02-41f1-b63b-16ba2fec563e	3	196951464	198067034	551	-0.0968
6ad4295b-4a02-41f1-b63b-16ba2fec563e	3	198067137	198108859	41	0.0241
6ad4295b-4a02-41f1-b63b-16ba2fec563e	3	198109014	198169247	21	0.2919
6ad4295b-4a02-41f1-b63b-16ba2fec563e	4	68929	273074	98	0.1152
6ad4295b-4a02-41f1-b63b-16ba2fec563e	4	274639	953186	241	-0.2684
6ad4295b-4a02-41f1-b63b-16ba2fec563e	4	962259	3348521	1000	0.0008
6ad4295b-4a02-41f1-b63b-16ba2fec563e	4	3354125	3361850	3	-1.4996
6ad4295b-4a02-41f1-b63b-16ba2fec563e	4	3367918	3597723	97	0.026
6ad4295b-4a02-41f1-b63b-16ba2fec563e	4	3598142	3600457	2	-1.9929
6ad4295b-4a02-41f1-b63b-16ba2fec563e	4	3607663	9455251	3714	0.0216
6ad4295b-4a02-41f1-b63b-16ba2fec563e	4	9459504	9477699	6	1.7707
6ad4295b-4a02-41f1-b63b-16ba2fec563e	4	9484440	10221792	541	0.0249
6ad4295b-4a02-41f1-b63b-16ba2fec563e	4	10222004	10229874	27	-2.495
6ad4295b-4a02-41f1-b63b-16ba2fec563e	4	10232590	25555935	11211	0.0237
6ad4295b-4a02-41f1-b63b-16ba2fec563e	4	25556469	25584584	18	-0.6185
6ad4295b-4a02-41f1-b63b-16ba2fec563e	4	25588497	26287196	509	-0.0029
6ad4295b-4a02-41f1-b63b-16ba2fec563e	4	26290363	26293154	3	-1.6908
6ad4295b-4a02-41f1-b63b-16ba2fec563e	4	26293552	29775227	2273	0.0298
6ad4295b-4a02-41f1-b63b-16ba2fec563e	4	29776975	29777026	2	-1.3371
6ad4295b-4a02-41f1-b63b-16ba2fec563e	4	29780270	32469117	1676	0.0302
6ad4295b-4a02-41f1-b63b-16ba2fec563e	4	32469966	32535441	39	0.3276
6ad4295b-4a02-41f1-b63b-16ba2fec563e	4	32537555	34777382	1248	0.0369
6ad4295b-4a02-41f1-b63b-16ba2fec563e	4	34777403	34823103	41	0.858
6ad4295b-4a02-41f1-b63b-16ba2fec563e	4	34828250	39707502	3324	0.008
6ad4295b-4a02-41f1-b63b-16ba2fec563e	4	39708327	39711713	3	-0.9666
6ad4295b-4a02-41f1-b63b-16ba2fec563e	4	39711868	40051090	151	-0.0565
6ad4295b-4a02-41f1-b63b-16ba2fec563e	4	40051457	40161351	65	-0.3645
6ad4295b-4a02-41f1-b63b-16ba2fec563e	4	40162041	40687818	332	-0.0506
6ad4295b-4a02-41f1-b63b-16ba2fec563e	4	40688088	40719506	16	-0.7135
6ad4295b-4a02-41f1-b63b-16ba2fec563e	4	40719525	40784469	34	-0.2253
6ad4295b-4a02-41f1-b63b-16ba2fec563e	4	40784816	42760100	1308	0.0146
6ad4295b-4a02-41f1-b63b-16ba2fec563e	4	42762932	42765846	2	-2.094
6ad4295b-4a02-41f1-b63b-16ba2fec563e	4	42769229	42893698	115	-0.0103
6ad4295b-4a02-41f1-b63b-16ba2fec563e	4	42900637	43062875	130	0.2364
6ad4295b-4a02-41f1-b63b-16ba2fec563e	4	43064720	43265040	136	0.0521
6ad4295b-4a02-41f1-b63b-16ba2fec563e	4	43267292	43268810	2	-1.3764
6ad4295b-4a02-41f1-b63b-16ba2fec563e	4	43271201	44168648	504	0.0213
6ad4295b-4a02-41f1-b63b-16ba2fec563e	4	44171456	44184810	9	0.6371
6ad4295b-4a02-41f1-b63b-16ba2fec563e	4	44187478	44348695	76	-0.047
6ad4295b-4a02-41f1-b63b-16ba2fec563e	4	44348849	44456988	57	0.224
6ad4295b-4a02-41f1-b63b-16ba2fec563e	4	44460450	44920051	291	0.0133
6ad4295b-4a02-41f1-b63b-16ba2fec563e	4	44920195	45019697	96	0.214
6ad4295b-4a02-41f1-b63b-16ba2fec563e	4	45019737	48198567	1871	0.0205
6ad4295b-4a02-41f1-b63b-16ba2fec563e	4	48199284	48199953	6	0.8658
6ad4295b-4a02-41f1-b63b-16ba2fec563e	4	48199965	48207864	30	0.1149
6ad4295b-4a02-41f1-b63b-16ba2fec563e	4	48207984	48250245	30	-0.2562
6ad4295b-4a02-41f1-b63b-16ba2fec563e	4	48253039	48699520	222	0.0675
6ad4295b-4a02-41f1-b63b-16ba2fec563e	4	48701959	48918142	78	-0.2648
6ad4295b-4a02-41f1-b63b-16ba2fec563e	4	48931593	49083136	70	-0.0193
6ad4295b-4a02-41f1-b63b-16ba2fec563e	4	49086623	49159741	12	-0.8419
6ad4295b-4a02-41f1-b63b-16ba2fec563e	4	49203901	49582092	11	0.5938
6ad4295b-4a02-41f1-b63b-16ba2fec563e	4	49587131	62217814	6685	0.0184
6ad4295b-4a02-41f1-b63b-16ba2fec563e	4	62221603	62235459	19	0.4465
6ad4295b-4a02-41f1-b63b-16ba2fec563e	4	62238465	63826341	872	0.0398
6ad4295b-4a02-41f1-b63b-16ba2fec563e	4	63827261	63850713	31	0.6834
6ad4295b-4a02-41f1-b63b-16ba2fec563e	4	63851308	64529905	354	0.0182
6ad4295b-4a02-41f1-b63b-16ba2fec563e	4	64530600	64628151	58	0.2359
6ad4295b-4a02-41f1-b63b-16ba2fec563e	4	64637366	64948411	230	0.0151
6ad4295b-4a02-41f1-b63b-16ba2fec563e	4	64952006	64958440	26	0.3971
6ad4295b-4a02-41f1-b63b-16ba2fec563e	4	64958534	68354665	2180	0.0127
6ad4295b-4a02-41f1-b63b-16ba2fec563e	4	68361130	69197268	376	0.2881
6ad4295b-4a02-41f1-b63b-16ba2fec563e	4	69199815	69278088	42	0.0027
6ad4295b-4a02-41f1-b63b-16ba2fec563e	4	69283159	69363716	39	-0.6594
6ad4295b-4a02-41f1-b63b-16ba2fec563e	4	69366081	72550188	1863	0.0152
6ad4295b-4a02-41f1-b63b-16ba2fec563e	4	72550201	72563880	17	0.4451
6ad4295b-4a02-41f1-b63b-16ba2fec563e	4	72563921	76872059	2740	0.0061
6ad4295b-4a02-41f1-b63b-16ba2fec563e	4	76872087	76872625	6	-1.0288
6ad4295b-4a02-41f1-b63b-16ba2fec563e	4	76872676	114254238	22712	0.0203
6ad4295b-4a02-41f1-b63b-16ba2fec563e	4	114254256	114263096	20	0.6516
6ad4295b-4a02-41f1-b63b-16ba2fec563e	4	114263110	114519456	183	0
6ad4295b-4a02-41f1-b63b-16ba2fec563e	4	114520397	114522539	2	1.0589
6ad4295b-4a02-41f1-b63b-16ba2fec563e	4	114527534	115254680	442	0.032
6ad4295b-4a02-41f1-b63b-16ba2fec563e	4	115254708	115259026	6	0.7062
6ad4295b-4a02-41f1-b63b-16ba2fec563e	4	115259080	116924857	986	0.0252
6ad4295b-4a02-41f1-b63b-16ba2fec563e	4	116926722	116966550	43	0.3217
6ad4295b-4a02-41f1-b63b-16ba2fec563e	4	116969374	131192755	8362	0.0229
6ad4295b-4a02-41f1-b63b-16ba2fec563e	4	131195112	131358440	77	0.2821
6ad4295b-4a02-41f1-b63b-16ba2fec563e	4	131359873	137171266	3141	0.0384
6ad4295b-4a02-41f1-b63b-16ba2fec563e	4	137171362	137171784	10	-0.7368
6ad4295b-4a02-41f1-b63b-16ba2fec563e	4	137171910	143841450	4416	0.0277
6ad4295b-4a02-41f1-b63b-16ba2fec563e	4	143842696	144110688	118	0.1991
6ad4295b-4a02-41f1-b63b-16ba2fec563e	4	144111743	150994944	3867	0.022
6ad4295b-4a02-41f1-b63b-16ba2fec563e	4	150997179	151088155	35	-0.6536
6ad4295b-4a02-41f1-b63b-16ba2fec563e	4	151090914	153400293	1366	0.0238
6ad4295b-4a02-41f1-b63b-16ba2fec563e	4	153402649	153442158	22	-0.4842
6ad4295b-4a02-41f1-b63b-16ba2fec563e	4	153444980	154881396	972	0.0078
6ad4295b-4a02-41f1-b63b-16ba2fec563e	4	154881853	154881905	2	-3.3733
6ad4295b-4a02-41f1-b63b-16ba2fec563e	4	154881926	164740325	6420	0.0271
6ad4295b-4a02-41f1-b63b-16ba2fec563e	4	164741000	164932971	136	-0.2187
6ad4295b-4a02-41f1-b63b-16ba2fec563e	4	164935953	172067997	4461	0.0127
6ad4295b-4a02-41f1-b63b-16ba2fec563e	4	172068015	172068382	11	-1.6488
6ad4295b-4a02-41f1-b63b-16ba2fec563e	4	172074828	175340484	1846	0.0155
6ad4295b-4a02-41f1-b63b-16ba2fec563e	4	175342528	178365512	1968	0.0365
6ad4295b-4a02-41f1-b63b-16ba2fec563e	4	178365567	178777205	314	0.1655
6ad4295b-4a02-41f1-b63b-16ba2fec563e	4	178780099	180675690	1402	0.0366
6ad4295b-4a02-41f1-b63b-16ba2fec563e	4	180682466	180991243	225	0.1966
6ad4295b-4a02-41f1-b63b-16ba2fec563e	4	180993626	182772582	1475	0.0429
6ad4295b-4a02-41f1-b63b-16ba2fec563e	4	182773348	187957311	3491	-0.0128
6ad4295b-4a02-41f1-b63b-16ba2fec563e	4	187959277	188309758	237	-0.3379
6ad4295b-4a02-41f1-b63b-16ba2fec563e	4	188309963	188590745	274	-0.086
6ad4295b-4a02-41f1-b63b-16ba2fec563e	4	188590854	189267889	497	0.1172
6ad4295b-4a02-41f1-b63b-16ba2fec563e	4	189273964	189278110	4	1.1701
6ad4295b-4a02-41f1-b63b-16ba2fec563e	4	189278617	190106768	350	0.0679
6ad4295b-4a02-41f1-b63b-16ba2fec563e	5	15532	132055	55	0.1669
6ad4295b-4a02-41f1-b63b-16ba2fec563e	5	136349	698357	253	-0.1024
6ad4295b-4a02-41f1-b63b-16ba2fec563e	5	698390	773453	25	0.3121
6ad4295b-4a02-41f1-b63b-16ba2fec563e	5	779766	1765163	503	-0.0906
6ad4295b-4a02-41f1-b63b-16ba2fec563e	5	1765262	17024958	12224	0.0301
6ad4295b-4a02-41f1-b63b-16ba2fec563e	5	17030531	17058557	22	-0.5626
6ad4295b-4a02-41f1-b63b-16ba2fec563e	5	17061160	21376735	2582	0.0369
6ad4295b-4a02-41f1-b63b-16ba2fec563e	5	21377730	21377744	2	1.4212
6ad4295b-4a02-41f1-b63b-16ba2fec563e	5	21385957	24572299	1811	0.0194
6ad4295b-4a02-41f1-b63b-16ba2fec563e	5	24572338	24577260	5	1.0192
6ad4295b-4a02-41f1-b63b-16ba2fec563e	5	24577342	25142982	363	0.0265
6ad4295b-4a02-41f1-b63b-16ba2fec563e	5	25156146	25358239	110	0.2386
6ad4295b-4a02-41f1-b63b-16ba2fec563e	5	25368540	28643119	1918	0.0364
6ad4295b-4a02-41f1-b63b-16ba2fec563e	5	28643637	28700789	43	0.3151
6ad4295b-4a02-41f1-b63b-16ba2fec563e	5	28700814	32127924	2373	0.011
6ad4295b-4a02-41f1-b63b-16ba2fec563e	5	32128022	32179180	28	-0.3535
6ad4295b-4a02-41f1-b63b-16ba2fec563e	5	32179782	34550715	1478	0.0193
6ad4295b-4a02-41f1-b63b-16ba2fec563e	5	34550985	34783697	190	-0.1136
6ad4295b-4a02-41f1-b63b-16ba2fec563e	5	34787293	45922221	6621	0.0278
6ad4295b-4a02-41f1-b63b-16ba2fec563e	5	45930948	50268794	111	-0.492
6ad4295b-4a02-41f1-b63b-16ba2fec563e	5	50268964	50640835	160	-0.0018
6ad4295b-4a02-41f1-b63b-16ba2fec563e	5	50644478	50843301	96	0.2461
6ad4295b-4a02-41f1-b63b-16ba2fec563e	5	50843452	58030336	4780	0.022
6ad4295b-4a02-41f1-b63b-16ba2fec563e	5	58030453	58037688	29	-0.4436
6ad4295b-4a02-41f1-b63b-16ba2fec563e	5	58037706	59002533	731	0.032
6ad4295b-4a02-41f1-b63b-16ba2fec563e	5	59005784	59005957	2	-2.0832
6ad4295b-4a02-41f1-b63b-16ba2fec563e	5	59006663	62277545	2102	0.0206
6ad4295b-4a02-41f1-b63b-16ba2fec563e	5	62279164	62280446	3	-1.352
6ad4295b-4a02-41f1-b63b-16ba2fec563e	5	62286365	63301236	620	0.0124
6ad4295b-4a02-41f1-b63b-16ba2fec563e	5	63302626	63893755	341	0.1568
6ad4295b-4a02-41f1-b63b-16ba2fec563e	5	63894609	69440690	3461	0.0201
6ad4295b-4a02-41f1-b63b-16ba2fec563e	5	69444194	71095426	59	-0.3588
6ad4295b-4a02-41f1-b63b-16ba2fec563e	5	71358245	76776438	3678	0.0143
6ad4295b-4a02-41f1-b63b-16ba2fec563e	5	76783907	76839985	33	-0.5821
6ad4295b-4a02-41f1-b63b-16ba2fec563e	5	76841210	138469431	37967	0.023
6ad4295b-4a02-41f1-b63b-16ba2fec563e	5	138472272	138481268	20	-1.0497
6ad4295b-4a02-41f1-b63b-16ba2fec563e	5	138482888	152135825	8596	0.0163
6ad4295b-4a02-41f1-b63b-16ba2fec563e	5	152135909	152138502	9	0.7975
6ad4295b-4a02-41f1-b63b-16ba2fec563e	5	152138527	171915200	13738	0.0169
6ad4295b-4a02-41f1-b63b-16ba2fec563e	5	171925393	172208264	196	-0.2764
6ad4295b-4a02-41f1-b63b-16ba2fec563e	5	172209766	176033084	2821	0.0158
6ad4295b-4a02-41f1-b63b-16ba2fec563e	5	176038686	176042504	2	-3.1859
6ad4295b-4a02-41f1-b63b-16ba2fec563e	5	176043321	177771448	724	-0.028
6ad4295b-4a02-41f1-b63b-16ba2fec563e	5	177800550	177805604	3	3.3674
6ad4295b-4a02-41f1-b63b-16ba2fec563e	5	177827964	177952489	16	0.0636
6ad4295b-4a02-41f1-b63b-16ba2fec563e	5	177956397	177967035	11	-0.7934
6ad4295b-4a02-41f1-b63b-16ba2fec563e	5	177973247	179625587	1012	0.008
6ad4295b-4a02-41f1-b63b-16ba2fec563e	5	179627500	179678151	37	-0.4221
6ad4295b-4a02-41f1-b63b-16ba2fec563e	5	179678266	180389733	423	0.0026
6ad4295b-4a02-41f1-b63b-16ba2fec563e	5	180391033	180400383	11	-0.7829
6ad4295b-4a02-41f1-b63b-16ba2fec563e	5	180401607	180748501	173	0.0104
6ad4295b-4a02-41f1-b63b-16ba2fec563e	5	180750342	180766184	7	0.7667
6ad4295b-4a02-41f1-b63b-16ba2fec563e	5	180766199	181363319	294	-0.115
6ad4295b-4a02-41f1-b63b-16ba2fec563e	6	149661	229559	69	0.0643
6ad4295b-4a02-41f1-b63b-16ba2fec563e	6	229752	278146	44	-0.2632
6ad4295b-4a02-41f1-b63b-16ba2fec563e	6	279695	10433592	8152	0.0297
6ad4295b-4a02-41f1-b63b-16ba2fec563e	6	10434987	10744833	243	-0.2357
6ad4295b-4a02-41f1-b63b-16ba2fec563e	6	10744849	15136202	3340	0.0265
6ad4295b-4a02-41f1-b63b-16ba2fec563e	6	15136577	15136743	2	-1.3005
6ad4295b-4a02-41f1-b63b-16ba2fec563e	6	15137171	17737080	1899	0.0262
6ad4295b-4a02-41f1-b63b-16ba2fec563e	6	17738271	17802286	37	-0.2203
6ad4295b-4a02-41f1-b63b-16ba2fec563e	6	17804886	17808027	4	-1.113
6ad4295b-4a02-41f1-b63b-16ba2fec563e	6	17808090	17818389	13	-0.2757
6ad4295b-4a02-41f1-b63b-16ba2fec563e	6	17818980	18292792	340	0.004
6ad4295b-4a02-41f1-b63b-16ba2fec563e	6	18293160	18335200	31	-0.377
6ad4295b-4a02-41f1-b63b-16ba2fec563e	6	18335984	27203932	6208	0.0251
6ad4295b-4a02-41f1-b63b-16ba2fec563e	6	27209564	27209582	2	-1.5984
6ad4295b-4a02-41f1-b63b-16ba2fec563e	6	27212050	27530220	153	0.0269
6ad4295b-4a02-41f1-b63b-16ba2fec563e	6	27534838	27712710	105	-0.324
6ad4295b-4a02-41f1-b63b-16ba2fec563e	6	27712791	29869411	1004	0.032
6ad4295b-4a02-41f1-b63b-16ba2fec563e	6	29869537	29933799	34	0.9832
6ad4295b-4a02-41f1-b63b-16ba2fec563e	6	29940692	30760583	323	0.0585
6ad4295b-4a02-41f1-b63b-16ba2fec563e	6	30763183	31279344	283	-0.0734
6ad4295b-4a02-41f1-b63b-16ba2fec563e	6	31280094	31482001	194	0.1264
6ad4295b-4a02-41f1-b63b-16ba2fec563e	6	31482053	32358058	260	-0.1873
6ad4295b-4a02-41f1-b63b-16ba2fec563e	6	32358268	32463515	91	0.0494
6ad4295b-4a02-41f1-b63b-16ba2fec563e	6	32463775	32606604	39	1.0108
6ad4295b-4a02-41f1-b63b-16ba2fec563e	6	32610305	32722250	71	0.262
6ad4295b-4a02-41f1-b63b-16ba2fec563e	6	32723020	32723053	3	2.1374
6ad4295b-4a02-41f1-b63b-16ba2fec563e	6	32732907	34749511	1176	0.01
6ad4295b-4a02-41f1-b63b-16ba2fec563e	6	34752016	34912692	83	-0.2378
6ad4295b-4a02-41f1-b63b-16ba2fec563e	6	34913273	35789073	450	-0.0161
6ad4295b-4a02-41f1-b63b-16ba2fec563e	6	35789126	35789522	3	-1.2015
6ad4295b-4a02-41f1-b63b-16ba2fec563e	6	35801944	41651023	4143	0.0197
6ad4295b-4a02-41f1-b63b-16ba2fec563e	6	41651312	41651509	2	-1.522
6ad4295b-4a02-41f1-b63b-16ba2fec563e	6	41651951	58379746	9996	0.0281
6ad4295b-4a02-41f1-b63b-16ba2fec563e	6	58381302	58383095	3	-1.4648
6ad4295b-4a02-41f1-b63b-16ba2fec563e	6	58383472	73279440	7847	0.0259
6ad4295b-4a02-41f1-b63b-16ba2fec563e	6	73280545	73723561	210	-0.118
6ad4295b-4a02-41f1-b63b-16ba2fec563e	6	73724010	73882142	135	0.0659
6ad4295b-4a02-41f1-b63b-16ba2fec563e	6	73882509	73891694	10	0.894
6ad4295b-4a02-41f1-b63b-16ba2fec563e	6	73893839	76726815	1771	0.009
6ad4295b-4a02-41f1-b63b-16ba2fec563e	6	76730151	76743040	21	-0.8195
6ad4295b-4a02-41f1-b63b-16ba2fec563e	6	76751356	78261995	980	0.0264
6ad4295b-4a02-41f1-b63b-16ba2fec563e	6	78262064	78331916	111	0.6033
6ad4295b-4a02-41f1-b63b-16ba2fec563e	6	78332002	78809952	309	0.0146
6ad4295b-4a02-41f1-b63b-16ba2fec563e	6	78810972	78818857	3	-0.6725
6ad4295b-4a02-41f1-b63b-16ba2fec563e	6	78821538	78929815	58	-0.0274
6ad4295b-4a02-41f1-b63b-16ba2fec563e	6	78931061	79268252	166	0.0881
6ad4295b-4a02-41f1-b63b-16ba2fec563e	6	79268545	79400579	90	-0.0524
6ad4295b-4a02-41f1-b63b-16ba2fec563e	6	79400604	79499196	86	0.2218
6ad4295b-4a02-41f1-b63b-16ba2fec563e	6	79499460	91601192	7676	0.0167
6ad4295b-4a02-41f1-b63b-16ba2fec563e	6	91601461	91630809	23	0.4518
6ad4295b-4a02-41f1-b63b-16ba2fec563e	6	91631683	92051044	287	0.0096
6ad4295b-4a02-41f1-b63b-16ba2fec563e	6	92051076	92062728	19	0.4782
6ad4295b-4a02-41f1-b63b-16ba2fec563e	6	92063510	93725102	1149	0.0216
6ad4295b-4a02-41f1-b63b-16ba2fec563e	6	93727665	94732771	670	0.1851
6ad4295b-4a02-41f1-b63b-16ba2fec563e	6	94733043	154553352	37925	0.0192
6ad4295b-4a02-41f1-b63b-16ba2fec563e	6	154556401	154557246	2	-4.7519
6ad4295b-4a02-41f1-b63b-16ba2fec563e	6	154557264	154639748	49	0.0623
6ad4295b-4a02-41f1-b63b-16ba2fec563e	6	154642532	154644703	3	-1.3238
6ad4295b-4a02-41f1-b63b-16ba2fec563e	6	154645133	165980290	8118	0.0256
6ad4295b-4a02-41f1-b63b-16ba2fec563e	6	165981429	165981879	2	-2.2716
6ad4295b-4a02-41f1-b63b-16ba2fec563e	6	165983119	167374390	1059	0.0514
6ad4295b-4a02-41f1-b63b-16ba2fec563e	6	167376046	167378046	2	-1.6161
6ad4295b-4a02-41f1-b63b-16ba2fec563e	6	167382336	170741917	1992	0.0317
6ad4295b-4a02-41f1-b63b-16ba2fec563e	7	43355	692024	143	0.0713
6ad4295b-4a02-41f1-b63b-16ba2fec563e	7	701855	800903	33	-1.5351
6ad4295b-4a02-41f1-b63b-16ba2fec563e	7	818639	1112077	126	-0.0694
6ad4295b-4a02-41f1-b63b-16ba2fec563e	7	1112832	1204113	55	-0.3554
6ad4295b-4a02-41f1-b63b-16ba2fec563e	7	1207269	2213538	361	0.0047
6ad4295b-4a02-41f1-b63b-16ba2fec563e	7	2213571	2412989	79	-0.3858
6ad4295b-4a02-41f1-b63b-16ba2fec563e	7	2413092	4307846	1437	0.0221
6ad4295b-4a02-41f1-b63b-16ba2fec563e	7	4310055	4459898	137	-0.1337
6ad4295b-4a02-41f1-b63b-16ba2fec563e	7	4460207	4526963	49	-0.5306
6ad4295b-4a02-41f1-b63b-16ba2fec563e	7	4526977	5709363	552	-0.0334
6ad4295b-4a02-41f1-b63b-16ba2fec563e	7	5709591	5900408	92	-0.4796
6ad4295b-4a02-41f1-b63b-16ba2fec563e	7	5909197	7048333	456	-0.0903
6ad4295b-4a02-41f1-b63b-16ba2fec563e	7	7048658	8773366	1530	0.0596
6ad4295b-4a02-41f1-b63b-16ba2fec563e	7	8776528	9036289	274	0.2047
6ad4295b-4a02-41f1-b63b-16ba2fec563e	7	9036430	9135141	77	0.0567
6ad4295b-4a02-41f1-b63b-16ba2fec563e	7	9138746	9138993	4	-1.6158
6ad4295b-4a02-41f1-b63b-16ba2fec563e	7	9139659	10346334	936	0.0846
6ad4295b-4a02-41f1-b63b-16ba2fec563e	7	10347006	11693811	1057	0.0445
6ad4295b-4a02-41f1-b63b-16ba2fec563e	7	11694191	11740675	52	0.3566
6ad4295b-4a02-41f1-b63b-16ba2fec563e	7	11740906	16983359	4230	0.0418
6ad4295b-4a02-41f1-b63b-16ba2fec563e	7	16992354	19749760	2357	0.1143
6ad4295b-4a02-41f1-b63b-16ba2fec563e	7	19750657	38248326	13331	0.0273
6ad4295b-4a02-41f1-b63b-16ba2fec563e	7	38251092	38342370	118	0.2274
6ad4295b-4a02-41f1-b63b-16ba2fec563e	7	38345240	52145678	9386	0.0259
6ad4295b-4a02-41f1-b63b-16ba2fec563e	7	52145895	53398482	965	0.0577
6ad4295b-4a02-41f1-b63b-16ba2fec563e	7	53401260	53527922	75	0.2633
6ad4295b-4a02-41f1-b63b-16ba2fec563e	7	53533905	54318812	574	0.0461
6ad4295b-4a02-41f1-b63b-16ba2fec563e	7	54318816	54318824	5	-1.5277
6ad4295b-4a02-41f1-b63b-16ba2fec563e	7	54325795	55535058	1035	0.0734
6ad4295b-4a02-41f1-b63b-16ba2fec563e	7	55535721	55920227	184	-0.0467
6ad4295b-4a02-41f1-b63b-16ba2fec563e	7	55920645	56025154	38	-0.5361
6ad4295b-4a02-41f1-b63b-16ba2fec563e	7	56026859	62526916	813	-0.07
6ad4295b-4a02-41f1-b63b-16ba2fec563e	7	62526945	62865135	82	-0.462
6ad4295b-4a02-41f1-b63b-16ba2fec563e	7	62904814	64266267	436	-0.1213
6ad4295b-4a02-41f1-b63b-16ba2fec563e	7	64266300	65013539	406	0.0385
6ad4295b-4a02-41f1-b63b-16ba2fec563e	7	65017873	67161024	731	-0.0794
6ad4295b-4a02-41f1-b63b-16ba2fec563e	7	67161256	67203241	15	-0.7393
6ad4295b-4a02-41f1-b63b-16ba2fec563e	7	67203443	72523231	3448	-0.0409
6ad4295b-4a02-41f1-b63b-16ba2fec563e	7	72523346	72854426	98	-0.314
6ad4295b-4a02-41f1-b63b-16ba2fec563e	7	72859231	76550397	987	-0.0859
6ad4295b-4a02-41f1-b63b-16ba2fec563e	7	76568113	84553052	5363	0.0276
6ad4295b-4a02-41f1-b63b-16ba2fec563e	7	84553838	84597740	34	0.3547
6ad4295b-4a02-41f1-b63b-16ba2fec563e	7	84598158	85443718	472	0.0249
6ad4295b-4a02-41f1-b63b-16ba2fec563e	7	85444314	85509349	36	0.3466
6ad4295b-4a02-41f1-b63b-16ba2fec563e	7	85510359	88480078	1667	0.0031
6ad4295b-4a02-41f1-b63b-16ba2fec563e	7	88480355	90294705	1206	0.1585
6ad4295b-4a02-41f1-b63b-16ba2fec563e	7	90294789	97766150	4775	0.0173
6ad4295b-4a02-41f1-b63b-16ba2fec563e	7	97766153	97772620	7	-0.6988
6ad4295b-4a02-41f1-b63b-16ba2fec563e	7	97772647	97773163	7	-3.4192
6ad4295b-4a02-41f1-b63b-16ba2fec563e	7	97774928	97775611	9	-0.5046
6ad4295b-4a02-41f1-b63b-16ba2fec563e	7	97775811	97982736	101	0.0676
6ad4295b-4a02-41f1-b63b-16ba2fec563e	7	97984459	97991379	5	-0.8427
6ad4295b-4a02-41f1-b63b-16ba2fec563e	7	97992624	98814077	392	-0.0296
6ad4295b-4a02-41f1-b63b-16ba2fec563e	7	98814357	98939750	49	-0.3386
6ad4295b-4a02-41f1-b63b-16ba2fec563e	7	98942500	101304291	946	-0.0322
6ad4295b-4a02-41f1-b63b-16ba2fec563e	7	101311575	101484174	80	-0.6093
6ad4295b-4a02-41f1-b63b-16ba2fec563e	7	101485155	105369165	2127	0.002
6ad4295b-4a02-41f1-b63b-16ba2fec563e	7	105369508	105570351	94	-0.4117
6ad4295b-4a02-41f1-b63b-16ba2fec563e	7	105573027	105946471	293	0.0009
6ad4295b-4a02-41f1-b63b-16ba2fec563e	7	105946500	105946995	4	-1.1728
6ad4295b-4a02-41f1-b63b-16ba2fec563e	7	105947907	109797700	2511	0.0396
6ad4295b-4a02-41f1-b63b-16ba2fec563e	7	109797715	109813925	22	0.4538
6ad4295b-4a02-41f1-b63b-16ba2fec563e	7	109814172	111303176	1000	0.0143
6ad4295b-4a02-41f1-b63b-16ba2fec563e	7	111304433	111406770	70	0.2469
6ad4295b-4a02-41f1-b63b-16ba2fec563e	7	111408523	123184197	6978	0.0255
6ad4295b-4a02-41f1-b63b-16ba2fec563e	7	123184411	123249281	52	0.2957
6ad4295b-4a02-41f1-b63b-16ba2fec563e	7	123249350	126406489	1941	0.0233
6ad4295b-4a02-41f1-b63b-16ba2fec563e	7	126406546	126429888	27	0.4001
6ad4295b-4a02-41f1-b63b-16ba2fec563e	7	126430157	128446458	1348	0.017
6ad4295b-4a02-41f1-b63b-16ba2fec563e	7	128446778	128735318	108	-0.3376
6ad4295b-4a02-41f1-b63b-16ba2fec563e	7	128736608	134100424	3219	0.0094
6ad4295b-4a02-41f1-b63b-16ba2fec563e	7	134100442	134114444	36	0.5795
6ad4295b-4a02-41f1-b63b-16ba2fec563e	7	134121491	138370025	2904	0.0141
6ad4295b-4a02-41f1-b63b-16ba2fec563e	7	138371384	138385325	10	-0.8091
6ad4295b-4a02-41f1-b63b-16ba2fec563e	7	138390447	140304375	1090	-0.0281
6ad4295b-4a02-41f1-b63b-16ba2fec563e	7	140307027	140419019	55	-0.4439
6ad4295b-4a02-41f1-b63b-16ba2fec563e	7	140419445	140485597	36	-0.0586
6ad4295b-4a02-41f1-b63b-16ba2fec563e	7	140487695	140506802	23	-0.6016
6ad4295b-4a02-41f1-b63b-16ba2fec563e	7	140506819	142053353	1063	-0.0068
6ad4295b-4a02-41f1-b63b-16ba2fec563e	7	142053700	142069880	13	0.2148
6ad4295b-4a02-41f1-b63b-16ba2fec563e	7	142069891	142087562	20	0.8029
6ad4295b-4a02-41f1-b63b-16ba2fec563e	7	142087732	142778750	448	0.1733
6ad4295b-4a02-41f1-b63b-16ba2fec563e	7	142780878	144264193	772	0.0395
6ad4295b-4a02-41f1-b63b-16ba2fec563e	7	144295437	144306653	2	2.0996
6ad4295b-4a02-41f1-b63b-16ba2fec563e	7	144312471	149012415	3062	0.0235
6ad4295b-4a02-41f1-b63b-16ba2fec563e	7	149012718	149120873	34	-0.5229
6ad4295b-4a02-41f1-b63b-16ba2fec563e	7	149122427	153563433	2571	0.0006
6ad4295b-4a02-41f1-b63b-16ba2fec563e	7	153563512	153881331	202	0.163
6ad4295b-4a02-41f1-b63b-16ba2fec563e	7	153881771	154598185	543	0.0249
6ad4295b-4a02-41f1-b63b-16ba2fec563e	7	154601461	154607903	4	-2.4598
6ad4295b-4a02-41f1-b63b-16ba2fec563e	7	154609120	155413823	737	0.0238
6ad4295b-4a02-41f1-b63b-16ba2fec563e	7	155414053	155414572	3	-1.3432
6ad4295b-4a02-41f1-b63b-16ba2fec563e	7	155415881	157522471	1368	0.0138
6ad4295b-4a02-41f1-b63b-16ba2fec563e	7	157527997	158924191	846	-0.0813
6ad4295b-4a02-41f1-b63b-16ba2fec563e	7	158924281	159254165	204	0.0206
6ad4295b-4a02-41f1-b63b-16ba2fec563e	7	159254194	159334314	74	0.2722
6ad4295b-4a02-41f1-b63b-16ba2fec563e	8	81254	535370	262	0.0901
6ad4295b-4a02-41f1-b63b-16ba2fec563e	8	539010	2497352	1441	-0.0167
6ad4295b-4a02-41f1-b63b-16ba2fec563e	8	2499690	2818629	281	0.1131
6ad4295b-4a02-41f1-b63b-16ba2fec563e	8	2820252	2828000	11	-0.5916
6ad4295b-4a02-41f1-b63b-16ba2fec563e	8	2830487	2844412	44	0.1284
6ad4295b-4a02-41f1-b63b-16ba2fec563e	8	2846011	2846377	7	0.8509
6ad4295b-4a02-41f1-b63b-16ba2fec563e	8	2849649	3685439	939	0.0158
6ad4295b-4a02-41f1-b63b-16ba2fec563e	8	3686232	5922965	3238	0.0941
6ad4295b-4a02-41f1-b63b-16ba2fec563e	8	5923134	6225688	489	-0.0222
6ad4295b-4a02-41f1-b63b-16ba2fec563e	8	6225788	6356459	177	-0.3944
6ad4295b-4a02-41f1-b63b-16ba2fec563e	8	6356599	6366571	25	0.0421
6ad4295b-4a02-41f1-b63b-16ba2fec563e	8	6372287	6389247	17	-0.4809
6ad4295b-4a02-41f1-b63b-16ba2fec563e	8	6389259	7397588	821	0.0323
6ad4295b-4a02-41f1-b63b-16ba2fec563e	8	7414835	7941868	28	-0.5354
6ad4295b-4a02-41f1-b63b-16ba2fec563e	8	7974123	11794044	3072	0.0115
6ad4295b-4a02-41f1-b63b-16ba2fec563e	8	11799524	12616049	219	-0.2168
6ad4295b-4a02-41f1-b63b-16ba2fec563e	8	12616143	12979946	272	0.0443
6ad4295b-4a02-41f1-b63b-16ba2fec563e	8	12980014	12982219	6	-0.8739
6ad4295b-4a02-41f1-b63b-16ba2fec563e	8	12982283	13566410	552	0.0138
6ad4295b-4a02-41f1-b63b-16ba2fec563e	8	13569284	13808615	299	0.1782
6ad4295b-4a02-41f1-b63b-16ba2fec563e	8	13809241	16339682	2333	0.0255
6ad4295b-4a02-41f1-b63b-16ba2fec563e	8	16349445	16349614	8	-0.9515
6ad4295b-4a02-41f1-b63b-16ba2fec563e	8	16354575	16402103	47	0.1896
6ad4295b-4a02-41f1-b63b-16ba2fec563e	8	16404726	16417152	28	-0.874
6ad4295b-4a02-41f1-b63b-16ba2fec563e	8	16421186	22345921	5007	0.0145
6ad4295b-4a02-41f1-b63b-16ba2fec563e	8	22346699	22516392	92	-0.3067
6ad4295b-4a02-41f1-b63b-16ba2fec563e	8	22516561	25116928	1759	0.0347
6ad4295b-4a02-41f1-b63b-16ba2fec563e	8	25116961	25126818	26	0.923
6ad4295b-4a02-41f1-b63b-16ba2fec563e	8	25133589	38455399	8525	0.0122
6ad4295b-4a02-41f1-b63b-16ba2fec563e	8	38455633	38484236	59	-0.2987
6ad4295b-4a02-41f1-b63b-16ba2fec563e	8	38486033	39372806	428	0.0059
6ad4295b-4a02-41f1-b63b-16ba2fec563e	8	39373140	39529446	60	0.9718
6ad4295b-4a02-41f1-b63b-16ba2fec563e	8	39530780	40914477	1073	0.0025
6ad4295b-4a02-41f1-b63b-16ba2fec563e	8	40920333	40920952	2	-2.4722
6ad4295b-4a02-41f1-b63b-16ba2fec563e	8	40926161	43566387	1449	0.016
6ad4295b-4a02-41f1-b63b-16ba2fec563e	8	43583771	46537472	201	-0.2353
6ad4295b-4a02-41f1-b63b-16ba2fec563e	8	46542441	48051855	668	0.0004
6ad4295b-4a02-41f1-b63b-16ba2fec563e	8	48053376	48077022	11	-0.5736
6ad4295b-4a02-41f1-b63b-16ba2fec563e	8	48079533	49831720	985	0.0194
6ad4295b-4a02-41f1-b63b-16ba2fec563e	8	49835951	50064751	159	0.1954
6ad4295b-4a02-41f1-b63b-16ba2fec563e	8	50064823	50118212	33	-0.0393
6ad4295b-4a02-41f1-b63b-16ba2fec563e	8	50119451	50119757	7	-1.9611
6ad4295b-4a02-41f1-b63b-16ba2fec563e	8	50119827	111282417	37418	0.0179
6ad4295b-4a02-41f1-b63b-16ba2fec563e	8	111282441	111283031	6	2.462
6ad4295b-4a02-41f1-b63b-16ba2fec563e	8	111288052	136738958	17796	0.0249
6ad4295b-4a02-41f1-b63b-16ba2fec563e	8	136742358	136744785	4	-1.1439
6ad4295b-4a02-41f1-b63b-16ba2fec563e	8	136755501	136858434	123	0.1874
6ad4295b-4a02-41f1-b63b-16ba2fec563e	8	136862016	140562461	2973	0.0166
6ad4295b-4a02-41f1-b63b-16ba2fec563e	8	140563539	144168288	1654	-0.0512
6ad4295b-4a02-41f1-b63b-16ba2fec563e	8	144170750	144984198	315	-0.2671
6ad4295b-4a02-41f1-b63b-16ba2fec563e	8	144986209	145072769	45	0.1954
6ad4295b-4a02-41f1-b63b-16ba2fec563e	9	46587	394523	261	-0.0151
6ad4295b-4a02-41f1-b63b-16ba2fec563e	9	395235	396293	4	-1.1512
6ad4295b-4a02-41f1-b63b-16ba2fec563e	9	396380	1291196	996	-0.0297
6ad4295b-4a02-41f1-b63b-16ba2fec563e	9	1291483	1537883	382	0.1994
6ad4295b-4a02-41f1-b63b-16ba2fec563e	9	1537942	5079156	3598	0.0356
6ad4295b-4a02-41f1-b63b-16ba2fec563e	9	5081416	5083017	13	0.8085
6ad4295b-4a02-41f1-b63b-16ba2fec563e	9	5084226	6284264	813	0.0172
6ad4295b-4a02-41f1-b63b-16ba2fec563e	9	6284588	6652744	253	-0.2214
6ad4295b-4a02-41f1-b63b-16ba2fec563e	9	6652829	6784726	103	-0.6296
6ad4295b-4a02-41f1-b63b-16ba2fec563e	9	6784867	6864377	65	-0.283
6ad4295b-4a02-41f1-b63b-16ba2fec563e	9	6865386	11291467	4218	0.0647
6ad4295b-4a02-41f1-b63b-16ba2fec563e	9	11294703	11600875	248	0.2002
6ad4295b-4a02-41f1-b63b-16ba2fec563e	9	11601778	11952280	259	0.0254
6ad4295b-4a02-41f1-b63b-16ba2fec563e	9	11952643	12617803	532	0.1788
6ad4295b-4a02-41f1-b63b-16ba2fec563e	9	12619065	24503818	9480	0.0292
6ad4295b-4a02-41f1-b63b-16ba2fec563e	9	24504127	24517684	19	-0.9929
6ad4295b-4a02-41f1-b63b-16ba2fec563e	9	24519686	26278771	1268	0.0598
6ad4295b-4a02-41f1-b63b-16ba2fec563e	9	26278881	26396462	95	0.2979
6ad4295b-4a02-41f1-b63b-16ba2fec563e	9	26396759	28048934	1366	0.0229
6ad4295b-4a02-41f1-b63b-16ba2fec563e	9	28049520	28959097	715	0.1498
6ad4295b-4a02-41f1-b63b-16ba2fec563e	9	28964949	30636367	1149	0.0564
6ad4295b-4a02-41f1-b63b-16ba2fec563e	9	30636430	30677485	17	0.4863
6ad4295b-4a02-41f1-b63b-16ba2fec563e	9	30677500	31870067	830	0.0234
6ad4295b-4a02-41f1-b63b-16ba2fec563e	9	31871223	31871337	3	-1.2484
6ad4295b-4a02-41f1-b63b-16ba2fec563e	9	31872723	33843010	1433	0.0086
6ad4295b-4a02-41f1-b63b-16ba2fec563e	9	33847677	33855140	8	-0.8191
6ad4295b-4a02-41f1-b63b-16ba2fec563e	9	33855467	40949640	3069	0.0108
6ad4295b-4a02-41f1-b63b-16ba2fec563e	9	40949727	41569588	57	0.7259
6ad4295b-4a02-41f1-b63b-16ba2fec563e	9	41569590	41646527	16	1.3559
6ad4295b-4a02-41f1-b63b-16ba2fec563e	9	41646850	42574420	46	0.689
6ad4295b-4a02-41f1-b63b-16ba2fec563e	9	42585140	61405110	55	0.1745
6ad4295b-4a02-41f1-b63b-16ba2fec563e	9	61520021	61629689	28	-1.4366
6ad4295b-4a02-41f1-b63b-16ba2fec563e	9	61633080	61952740	15	-0.0556
6ad4295b-4a02-41f1-b63b-16ba2fec563e	9	61977370	67832331	151	0.2634
6ad4295b-4a02-41f1-b63b-16ba2fec563e	9	67832599	68328914	5	-0.3372
6ad4295b-4a02-41f1-b63b-16ba2fec563e	9	68335112	126848140	41819	0.0266
6ad4295b-4a02-41f1-b63b-16ba2fec563e	9	126849813	126867847	13	-0.3031
6ad4295b-4a02-41f1-b63b-16ba2fec563e	9	126868709	126888361	8	-0.8558
6ad4295b-4a02-41f1-b63b-16ba2fec563e	9	126890006	126907071	11	-0.3071
6ad4295b-4a02-41f1-b63b-16ba2fec563e	9	126907277	135288775	4938	0.0164
6ad4295b-4a02-41f1-b63b-16ba2fec563e	9	135289382	135464298	119	-0.2284
6ad4295b-4a02-41f1-b63b-16ba2fec563e	9	135465539	137118319	556	0.0253
6ad4295b-4a02-41f1-b63b-16ba2fec563e	9	137124458	137396369	52	-0.2566
6ad4295b-4a02-41f1-b63b-16ba2fec563e	9	137396394	137496163	33	0.0334
6ad4295b-4a02-41f1-b63b-16ba2fec563e	9	137506709	137563956	19	-0.4116
6ad4295b-4a02-41f1-b63b-16ba2fec563e	9	137572364	137866209	151	-0.0515
6ad4295b-4a02-41f1-b63b-16ba2fec563e	9	137866334	137871211	3	-0.9387
6ad4295b-4a02-41f1-b63b-16ba2fec563e	9	137872516	138081149	116	-0.0041
6ad4295b-4a02-41f1-b63b-16ba2fec563e	9	138090015	138200944	77	-0.2404
6ad4295b-4a02-41f1-b63b-16ba2fec563e	10	45792	1661348	1091	-0.0465
6ad4295b-4a02-41f1-b63b-16ba2fec563e	10	1662546	6369109	4304	0.0528
6ad4295b-4a02-41f1-b63b-16ba2fec563e	10	6369253	6369519	6	1.2802
6ad4295b-4a02-41f1-b63b-16ba2fec563e	10	6376792	11699324	4557	0.0442
6ad4295b-4a02-41f1-b63b-16ba2fec563e	10	11700645	12054422	206	-0.0375
6ad4295b-4a02-41f1-b63b-16ba2fec563e	10	12057024	12127513	31	-0.5527
6ad4295b-4a02-41f1-b63b-16ba2fec563e	10	12134998	24086334	8996	0.0215
6ad4295b-4a02-41f1-b63b-16ba2fec563e	10	24088745	24089125	11	-2.0253
6ad4295b-4a02-41f1-b63b-16ba2fec563e	10	24089979	27288639	2188	0.0087
6ad4295b-4a02-41f1-b63b-16ba2fec563e	10	27290867	27308509	5	-0.9995
6ad4295b-4a02-41f1-b63b-16ba2fec563e	10	27318256	34802936	5429	0.0395
6ad4295b-4a02-41f1-b63b-16ba2fec563e	10	34806904	34838143	24	-0.6205
6ad4295b-4a02-41f1-b63b-16ba2fec563e	10	34838720	34884771	25	0.0026
6ad4295b-4a02-41f1-b63b-16ba2fec563e	10	34884802	34959440	49	-0.8359
6ad4295b-4a02-41f1-b63b-16ba2fec563e	10	34960886	35006503	25	-0.2847
6ad4295b-4a02-41f1-b63b-16ba2fec563e	10	35007269	35226089	95	0.0637
6ad4295b-4a02-41f1-b63b-16ba2fec563e	10	35228151	35248609	11	-0.3339
6ad4295b-4a02-41f1-b63b-16ba2fec563e	10	35260329	35267733	6	-1.3216
6ad4295b-4a02-41f1-b63b-16ba2fec563e	10	35267771	38781507	1997	0.0188
6ad4295b-4a02-41f1-b63b-16ba2fec563e	10	38781690	41806394	23	-0.5175
6ad4295b-4a02-41f1-b63b-16ba2fec563e	10	41806457	55145471	8106	0.0245
6ad4295b-4a02-41f1-b63b-16ba2fec563e	10	55147491	55874655	521	0.1724
6ad4295b-4a02-41f1-b63b-16ba2fec563e	10	55874750	66441911	7436	0.0304
6ad4295b-4a02-41f1-b63b-16ba2fec563e	10	66448268	66731268	222	0.1377
6ad4295b-4a02-41f1-b63b-16ba2fec563e	10	66731455	66731716	4	-0.7766
6ad4295b-4a02-41f1-b63b-16ba2fec563e	10	66733260	67158616	310	0.1057
6ad4295b-4a02-41f1-b63b-16ba2fec563e	10	67161806	73610607	3954	0.0063
6ad4295b-4a02-41f1-b63b-16ba2fec563e	10	73613115	79112897	3741	0.0797
6ad4295b-4a02-41f1-b63b-16ba2fec563e	10	79115456	79117333	2	-1.673
6ad4295b-4a02-41f1-b63b-16ba2fec563e	10	79117529	79318008	174	0.0909
6ad4295b-4a02-41f1-b63b-16ba2fec563e	10	79318055	79946568	199	0.0293
6ad4295b-4a02-41f1-b63b-16ba2fec563e	10	79947195	80159254	124	-0.2771
6ad4295b-4a02-41f1-b63b-16ba2fec563e	10	80160044	87117044	4988	0.019
6ad4295b-4a02-41f1-b63b-16ba2fec563e	10	87118074	87136681	2	-1.8787
6ad4295b-4a02-41f1-b63b-16ba2fec563e	10	87139608	92338263	3472	0.028
6ad4295b-4a02-41f1-b63b-16ba2fec563e	10	92338357	92635804	127	-0.4247
6ad4295b-4a02-41f1-b63b-16ba2fec563e	10	92640087	100270416	4820	0.0094
6ad4295b-4a02-41f1-b63b-16ba2fec563e	10	100273190	100343657	48	-0.2952
6ad4295b-4a02-41f1-b63b-16ba2fec563e	10	100344764	103388931	1442	0.0047
6ad4295b-4a02-41f1-b63b-16ba2fec563e	10	103390158	103432875	23	-0.472
6ad4295b-4a02-41f1-b63b-16ba2fec563e	10	103434329	110247953	4884	0.0122
6ad4295b-4a02-41f1-b63b-16ba2fec563e	10	110251072	110251726	3	-1.2746
6ad4295b-4a02-41f1-b63b-16ba2fec563e	10	110252494	119709117	6615	0.0195
6ad4295b-4a02-41f1-b63b-16ba2fec563e	10	119711355	119718633	3	-1.5396
6ad4295b-4a02-41f1-b63b-16ba2fec563e	10	119732337	120120646	258	-0.0093
6ad4295b-4a02-41f1-b63b-16ba2fec563e	10	120120755	131495355	9031	0.038
6ad4295b-4a02-41f1-b63b-16ba2fec563e	10	131497728	133654968	1087	-0.0269
6ad4295b-4a02-41f1-b63b-16ba2fec563e	11	198510	1865838	589	-0.0909
6ad4295b-4a02-41f1-b63b-16ba2fec563e	11	1870675	4946420	1830	0.0239
6ad4295b-4a02-41f1-b63b-16ba2fec563e	11	4947280	4952799	25	0.8839
6ad4295b-4a02-41f1-b63b-16ba2fec563e	11	4953934	5598961	661	0.0461
6ad4295b-4a02-41f1-b63b-16ba2fec563e	11	5599199	5607989	5	-0.8661
6ad4295b-4a02-41f1-b63b-16ba2fec563e	11	5608095	5762693	123	0.0357
6ad4295b-4a02-41f1-b63b-16ba2fec563e	11	5766175	5787818	32	-0.6624
6ad4295b-4a02-41f1-b63b-16ba2fec563e	11	5787909	9228367	2489	0.0246
6ad4295b-4a02-41f1-b63b-16ba2fec563e	11	9229271	9244978	11	-0.6966
6ad4295b-4a02-41f1-b63b-16ba2fec563e	11	9247352	9258915	9	0.1221
6ad4295b-4a02-41f1-b63b-16ba2fec563e	11	9274337	9376807	32	-0.5646
6ad4295b-4a02-41f1-b63b-16ba2fec563e	11	9377700	18595525	6638	0.0273
6ad4295b-4a02-41f1-b63b-16ba2fec563e	11	18595637	18596879	3	-1.4508
6ad4295b-4a02-41f1-b63b-16ba2fec563e	11	18598500	18919323	230	0.0096
6ad4295b-4a02-41f1-b63b-16ba2fec563e	11	18927525	18939631	35	0.5741
6ad4295b-4a02-41f1-b63b-16ba2fec563e	11	18939734	21374672	2249	0.0318
6ad4295b-4a02-41f1-b63b-16ba2fec563e	11	21374814	21494921	103	0.2064
6ad4295b-4a02-41f1-b63b-16ba2fec563e	11	21497985	21567596	57	0.0284
6ad4295b-4a02-41f1-b63b-16ba2fec563e	11	21568181	21593243	25	0.3221
6ad4295b-4a02-41f1-b63b-16ba2fec563e	11	21594147	24260982	1852	0.03
6ad4295b-4a02-41f1-b63b-16ba2fec563e	11	24264675	24264966	3	-1.9091
6ad4295b-4a02-41f1-b63b-16ba2fec563e	11	24265953	25508441	910	0.0136
6ad4295b-4a02-41f1-b63b-16ba2fec563e	11	25509173	25549539	38	0.3661
6ad4295b-4a02-41f1-b63b-16ba2fec563e	11	25549764	36942730	8084	0.0211
6ad4295b-4a02-41f1-b63b-16ba2fec563e	11	36945710	37419117	355	0.15
6ad4295b-4a02-41f1-b63b-16ba2fec563e	11	37421613	37427845	4	-0.8513
6ad4295b-4a02-41f1-b63b-16ba2fec563e	11	37438111	37803952	219	0.1375
6ad4295b-4a02-41f1-b63b-16ba2fec563e	11	37804192	38249347	243	-0.0254
6ad4295b-4a02-41f1-b63b-16ba2fec563e	11	38251301	46190860	5440	0.0238
6ad4295b-4a02-41f1-b63b-16ba2fec563e	11	46199305	47998184	713	-0.0367
6ad4295b-4a02-41f1-b63b-16ba2fec563e	11	47998955	48000940	3	-1.203
6ad4295b-4a02-41f1-b63b-16ba2fec563e	11	48006791	48462631	243	-0.0203
6ad4295b-4a02-41f1-b63b-16ba2fec563e	11	48467822	48505847	20	0.3291
6ad4295b-4a02-41f1-b63b-16ba2fec563e	11	48507123	48576870	35	-0.0238
6ad4295b-4a02-41f1-b63b-16ba2fec563e	11	48579882	48581124	2	-1.9917
6ad4295b-4a02-41f1-b63b-16ba2fec563e	11	48584766	48681009	37	0.0567
6ad4295b-4a02-41f1-b63b-16ba2fec563e	11	48681137	48769964	40	-0.368
6ad4295b-4a02-41f1-b63b-16ba2fec563e	11	48770451	48822872	8	-1.1652
6ad4295b-4a02-41f1-b63b-16ba2fec563e	11	48822906	48871667	9	-0.4233
6ad4295b-4a02-41f1-b63b-16ba2fec563e	11	48892092	50229292	570	0.0301
6ad4295b-4a02-41f1-b63b-16ba2fec563e	11	50231313	54617741	161	-0.2356
6ad4295b-4a02-41f1-b63b-16ba2fec563e	11	54619253	54742305	63	0.1689
6ad4295b-4a02-41f1-b63b-16ba2fec563e	11	54743970	55243668	90	-0.4848
6ad4295b-4a02-41f1-b63b-16ba2fec563e	11	55262739	55609022	208	0.0948
6ad4295b-4a02-41f1-b63b-16ba2fec563e	11	55609035	55667651	35	-0.3894
6ad4295b-4a02-41f1-b63b-16ba2fec563e	11	55670243	56205060	388	0.1032
6ad4295b-4a02-41f1-b63b-16ba2fec563e	11	56205385	63942544	4393	0.0031
6ad4295b-4a02-41f1-b63b-16ba2fec563e	11	63949244	63977653	20	-0.5831
6ad4295b-4a02-41f1-b63b-16ba2fec563e	11	63982933	64921884	364	-0.0248
6ad4295b-4a02-41f1-b63b-16ba2fec563e	11	64924109	65400290	167	-0.4024
6ad4295b-4a02-41f1-b63b-16ba2fec563e	11	65401777	65922735	225	-0.152
6ad4295b-4a02-41f1-b63b-16ba2fec563e	11	65925289	65925596	3	-1.6699
6ad4295b-4a02-41f1-b63b-16ba2fec563e	11	65927337	81165079	8434	0.0104
6ad4295b-4a02-41f1-b63b-16ba2fec563e	11	81166282	81602715	428	0.1086
6ad4295b-4a02-41f1-b63b-16ba2fec563e	11	81602930	81786865	161	0.0081
6ad4295b-4a02-41f1-b63b-16ba2fec563e	11	81787763	81806116	12	-0.672
6ad4295b-4a02-41f1-b63b-16ba2fec563e	11	81811590	92097323	6720	0.0258
6ad4295b-4a02-41f1-b63b-16ba2fec563e	11	92097492	92097877	2	1.9353
6ad4295b-4a02-41f1-b63b-16ba2fec563e	11	92099538	102008028	7458	0.0306
6ad4295b-4a02-41f1-b63b-16ba2fec563e	11	102008839	102382998	185	-0.1339
6ad4295b-4a02-41f1-b63b-16ba2fec563e	11	102384023	103521614	774	-0.0002
6ad4295b-4a02-41f1-b63b-16ba2fec563e	11	103522362	103593639	64	0.241
6ad4295b-4a02-41f1-b63b-16ba2fec563e	11	103593797	103638183	30	-0.0811
6ad4295b-4a02-41f1-b63b-16ba2fec563e	11	103638749	103703635	59	0.2014
6ad4295b-4a02-41f1-b63b-16ba2fec563e	11	103709112	104629450	673	0.0191
6ad4295b-4a02-41f1-b63b-16ba2fec563e	11	104632576	104915976	232	0.1631
6ad4295b-4a02-41f1-b63b-16ba2fec563e	11	104918378	107730193	1868	0.0321
6ad4295b-4a02-41f1-b63b-16ba2fec563e	11	107731544	107910653	109	-0.2055
6ad4295b-4a02-41f1-b63b-16ba2fec563e	11	107913781	107914372	2	-4.6662
6ad4295b-4a02-41f1-b63b-16ba2fec563e	11	107916987	108079857	91	-0.3188
6ad4295b-4a02-41f1-b63b-16ba2fec563e	11	108081855	128463161	14326	0.0238
6ad4295b-4a02-41f1-b63b-16ba2fec563e	11	128463259	128463624	4	-1.7594
6ad4295b-4a02-41f1-b63b-16ba2fec563e	11	128464871	130615969	1577	0.0409
6ad4295b-4a02-41f1-b63b-16ba2fec563e	11	130618447	130621928	5	0.9005
6ad4295b-4a02-41f1-b63b-16ba2fec563e	11	130628261	132162281	1334	0.0169
6ad4295b-4a02-41f1-b63b-16ba2fec563e	11	132164576	132167124	2	-1.5728
6ad4295b-4a02-41f1-b63b-16ba2fec563e	11	132168313	135074876	2202	0.0516
6ad4295b-4a02-41f1-b63b-16ba2fec563e	12	51460	338417	172	0.0764
6ad4295b-4a02-41f1-b63b-16ba2fec563e	12	338585	464268	56	-0.444
6ad4295b-4a02-41f1-b63b-16ba2fec563e	12	464704	647735	131	-0.1265
6ad4295b-4a02-41f1-b63b-16ba2fec563e	12	648040	760112	62	-0.4564
6ad4295b-4a02-41f1-b63b-16ba2fec563e	12	760150	764863	14	-1.3228
6ad4295b-4a02-41f1-b63b-16ba2fec563e	12	766188	780472	30	-0.3517
6ad4295b-4a02-41f1-b63b-16ba2fec563e	12	780736	1457646	362	-0.0133
6ad4295b-4a02-41f1-b63b-16ba2fec563e	12	1458121	1745382	172	-0.2449
6ad4295b-4a02-41f1-b63b-16ba2fec563e	12	1746658	2941022	852	0.0248
6ad4295b-4a02-41f1-b63b-16ba2fec563e	12	2941578	2986834	23	-0.4066
6ad4295b-4a02-41f1-b63b-16ba2fec563e	12	2986968	6087247	2633	0.0415
6ad4295b-4a02-41f1-b63b-16ba2fec563e	12	6088143	6167367	54	-0.3067
6ad4295b-4a02-41f1-b63b-16ba2fec563e	12	6168145	7818828	798	-0.0019
6ad4295b-4a02-41f1-b63b-16ba2fec563e	12	7821407	7982496	64	-0.5271
6ad4295b-4a02-41f1-b63b-16ba2fec563e	12	7985126	8289689	137	0.024
6ad4295b-4a02-41f1-b63b-16ba2fec563e	12	8296516	8296621	2	1.4446
6ad4295b-4a02-41f1-b63b-16ba2fec563e	12	8300870	9481274	613	0.0241
6ad4295b-4a02-41f1-b63b-16ba2fec563e	12	9485313	9562969	22	1.2776
6ad4295b-4a02-41f1-b63b-16ba2fec563e	12	9575696	10162106	443	0.0178
6ad4295b-4a02-41f1-b63b-16ba2fec563e	12	10163198	10202197	30	-0.4564
6ad4295b-4a02-41f1-b63b-16ba2fec563e	12	10204175	11061546	562	0.0055
6ad4295b-4a02-41f1-b63b-16ba2fec563e	12	11062773	11088933	13	0.7943
6ad4295b-4a02-41f1-b63b-16ba2fec563e	12	11099275	11358644	133	-0.005
6ad4295b-4a02-41f1-b63b-16ba2fec563e	12	11359558	11390472	29	-1.1162
6ad4295b-4a02-41f1-b63b-16ba2fec563e	12	11399258	12289091	782	0.053
6ad4295b-4a02-41f1-b63b-16ba2fec563e	12	12289339	12390663	61	-0.1636
6ad4295b-4a02-41f1-b63b-16ba2fec563e	12	12391063	12896515	352	0.0377
6ad4295b-4a02-41f1-b63b-16ba2fec563e	12	12897432	12969792	54	-0.2999
6ad4295b-4a02-41f1-b63b-16ba2fec563e	12	12969942	19322658	4162	0.021
6ad4295b-4a02-41f1-b63b-16ba2fec563e	12	19326269	19428370	51	-0.5191
6ad4295b-4a02-41f1-b63b-16ba2fec563e	12	19428607	30082648	7630	0.0301
6ad4295b-4a02-41f1-b63b-16ba2fec563e	12	30086334	30090756	24	-0.8011
6ad4295b-4a02-41f1-b63b-16ba2fec563e	12	30090789	31367556	1023	0.0195
6ad4295b-4a02-41f1-b63b-16ba2fec563e	12	31373576	31378350	2	-1.8414
6ad4295b-4a02-41f1-b63b-16ba2fec563e	12	31384082	31732769	197	-0.0342
6ad4295b-4a02-41f1-b63b-16ba2fec563e	12	31737550	31764869	21	-0.586
6ad4295b-4a02-41f1-b63b-16ba2fec563e	12	31769063	31846713	60	-0.0115
6ad4295b-4a02-41f1-b63b-16ba2fec563e	12	31846771	31928477	79	-0.3373
6ad4295b-4a02-41f1-b63b-16ba2fec563e	12	31928635	33148627	874	-0.0064
6ad4295b-4a02-41f1-b63b-16ba2fec563e	12	33148706	33150557	10	0.6997
6ad4295b-4a02-41f1-b63b-16ba2fec563e	12	33150623	33233822	57	-0.0539
6ad4295b-4a02-41f1-b63b-16ba2fec563e	12	33235894	33237809	2	-2.2563
6ad4295b-4a02-41f1-b63b-16ba2fec563e	12	33239086	34235112	611	0.0798
6ad4295b-4a02-41f1-b63b-16ba2fec563e	12	34235742	37593924	169	-0.2353
6ad4295b-4a02-41f1-b63b-16ba2fec563e	12	37618765	37999507	66	-0.6097
6ad4295b-4a02-41f1-b63b-16ba2fec563e	12	37999858	38123566	44	-0.2541
6ad4295b-4a02-41f1-b63b-16ba2fec563e	12	38123711	83769408	28257	0.0179
6ad4295b-4a02-41f1-b63b-16ba2fec563e	12	83769511	83771462	3	-2.4489
6ad4295b-4a02-41f1-b63b-16ba2fec563e	12	83771500	90089570	3623	0.0134
6ad4295b-4a02-41f1-b63b-16ba2fec563e	12	90089573	90098297	8	-1.2912
6ad4295b-4a02-41f1-b63b-16ba2fec563e	12	90099780	109108878	13053	0.0101
6ad4295b-4a02-41f1-b63b-16ba2fec563e	12	109111774	109232663	91	-0.3102
6ad4295b-4a02-41f1-b63b-16ba2fec563e	12	109235204	111625490	1192	-0.0178
6ad4295b-4a02-41f1-b63b-16ba2fec563e	12	111629869	111871777	97	-0.3202
6ad4295b-4a02-41f1-b63b-16ba2fec563e	12	111872274	113861373	1290	-0.0089
6ad4295b-4a02-41f1-b63b-16ba2fec563e	12	113863602	113868240	3	-0.9235
6ad4295b-4a02-41f1-b63b-16ba2fec563e	12	113869237	113948834	81	-0.0088
6ad4295b-4a02-41f1-b63b-16ba2fec563e	12	113948918	114019991	75	-0.2331
6ad4295b-4a02-41f1-b63b-16ba2fec563e	12	114020168	114529936	474	0.0595
6ad4295b-4a02-41f1-b63b-16ba2fec563e	12	114530003	114622198	64	-0.0899
6ad4295b-4a02-41f1-b63b-16ba2fec563e	12	114622275	114639972	8	-0.6545
6ad4295b-4a02-41f1-b63b-16ba2fec563e	12	114642928	114895762	163	-0.0976
6ad4295b-4a02-41f1-b63b-16ba2fec563e	12	114896949	115788034	853	0.0349
6ad4295b-4a02-41f1-b63b-16ba2fec563e	12	115788081	115807575	47	-0.303
6ad4295b-4a02-41f1-b63b-16ba2fec563e	12	115807591	115944841	164	0
6ad4295b-4a02-41f1-b63b-16ba2fec563e	12	115946504	115949405	2	-1.2841
6ad4295b-4a02-41f1-b63b-16ba2fec563e	12	115949467	116935953	590	0.0099
6ad4295b-4a02-41f1-b63b-16ba2fec563e	12	116936703	116985044	30	0.3419
6ad4295b-4a02-41f1-b63b-16ba2fec563e	12	116985459	119888295	2085	-0.0156
6ad4295b-4a02-41f1-b63b-16ba2fec563e	12	119891160	119939588	26	-0.6769
6ad4295b-4a02-41f1-b63b-16ba2fec563e	12	119942498	121684207	855	-0.0268
6ad4295b-4a02-41f1-b63b-16ba2fec563e	12	121686711	121692849	3	-1.2058
6ad4295b-4a02-41f1-b63b-16ba2fec563e	12	121694583	123633221	766	-0.0435
6ad4295b-4a02-41f1-b63b-16ba2fec563e	12	123634608	123708294	51	-0.5468
6ad4295b-4a02-41f1-b63b-16ba2fec563e	12	123708320	132584760	6857	-0.0007
6ad4295b-4a02-41f1-b63b-16ba2fec563e	12	132605822	133201603	273	-0.2665
6ad4295b-4a02-41f1-b63b-16ba2fec563e	13	18452809	18662048	32	0.0648
6ad4295b-4a02-41f1-b63b-16ba2fec563e	13	18664215	18728723	27	0.4001
6ad4295b-4a02-41f1-b63b-16ba2fec563e	13	18729329	19547319	473	-0.0132
6ad4295b-4a02-41f1-b63b-16ba2fec563e	13	19549755	19549770	2	2.6754
6ad4295b-4a02-41f1-b63b-16ba2fec563e	13	19550361	19723896	85	-0.105
6ad4295b-4a02-41f1-b63b-16ba2fec563e	13	19725777	19951054	103	-0.4185
6ad4295b-4a02-41f1-b63b-16ba2fec563e	13	19952621	27600497	5557	0.0077
6ad4295b-4a02-41f1-b63b-16ba2fec563e	13	27602290	27602488	2	-3.0358
6ad4295b-4a02-41f1-b63b-16ba2fec563e	13	27603729	28087694	405	0.0277
6ad4295b-4a02-41f1-b63b-16ba2fec563e	13	28087754	28087824	4	-0.8299
6ad4295b-4a02-41f1-b63b-16ba2fec563e	13	28087844	31958485	2875	0.0278
6ad4295b-4a02-41f1-b63b-16ba2fec563e	13	31958590	31964286	17	-1.1629
6ad4295b-4a02-41f1-b63b-16ba2fec563e	13	31965910	48957415	11940	0.0249
6ad4295b-4a02-41f1-b63b-16ba2fec563e	13	48959579	48962368	2	1.5264
6ad4295b-4a02-41f1-b63b-16ba2fec563e	13	48963569	49917827	435	0.0191
6ad4295b-4a02-41f1-b63b-16ba2fec563e	13	49920448	50095204	69	-0.2465
6ad4295b-4a02-41f1-b63b-16ba2fec563e	13	50097244	50242413	77	0.0061
6ad4295b-4a02-41f1-b63b-16ba2fec563e	13	50244627	50988236	511	0.1559
6ad4295b-4a02-41f1-b63b-16ba2fec563e	13	50988296	52520664	779	0.0188
6ad4295b-4a02-41f1-b63b-16ba2fec563e	13	52523849	52531650	3	-2.0097
6ad4295b-4a02-41f1-b63b-16ba2fec563e	13	52543744	53863635	839	0.0403
6ad4295b-4a02-41f1-b63b-16ba2fec563e	13	53868642	53903494	34	0.401
6ad4295b-4a02-41f1-b63b-16ba2fec563e	13	53903758	57176962	1747	0.0599
6ad4295b-4a02-41f1-b63b-16ba2fec563e	13	57184136	57204246	34	-0.8723
6ad4295b-4a02-41f1-b63b-16ba2fec563e	13	57215580	62387834	3115	0.0377
6ad4295b-4a02-41f1-b63b-16ba2fec563e	13	62388777	62389467	3	-1.1841
6ad4295b-4a02-41f1-b63b-16ba2fec563e	13	62393055	62404880	8	0.681
6ad4295b-4a02-41f1-b63b-16ba2fec563e	13	62406460	63534155	606	0.0439
6ad4295b-4a02-41f1-b63b-16ba2fec563e	13	63535303	64419720	512	0.1837
6ad4295b-4a02-41f1-b63b-16ba2fec563e	13	64420173	66383117	1201	0.0321
6ad4295b-4a02-41f1-b63b-16ba2fec563e	13	66386291	66591941	160	0.2074
6ad4295b-4a02-41f1-b63b-16ba2fec563e	13	66596862	66603651	4	-0.8182
6ad4295b-4a02-41f1-b63b-16ba2fec563e	13	66604212	66743867	111	0.136
6ad4295b-4a02-41f1-b63b-16ba2fec563e	13	66744093	66749396	9	-0.3961
6ad4295b-4a02-41f1-b63b-16ba2fec563e	13	66750485	66797573	50	0.2346
6ad4295b-4a02-41f1-b63b-16ba2fec563e	13	66801117	67188015	281	0.0222
6ad4295b-4a02-41f1-b63b-16ba2fec563e	13	67188156	67352438	101	0.2045
6ad4295b-4a02-41f1-b63b-16ba2fec563e	13	67352455	68685185	749	0.0439
6ad4295b-4a02-41f1-b63b-16ba2fec563e	13	68685198	68695002	20	0.53
6ad4295b-4a02-41f1-b63b-16ba2fec563e	13	68695164	71902850	2061	0.0353
6ad4295b-4a02-41f1-b63b-16ba2fec563e	13	71903417	71906418	4	-2.7701
6ad4295b-4a02-41f1-b63b-16ba2fec563e	13	71906467	83213172	7686	0.0236
6ad4295b-4a02-41f1-b63b-16ba2fec563e	13	83213187	83219823	30	0.4119
6ad4295b-4a02-41f1-b63b-16ba2fec563e	13	83221089	83514132	182	0.0036
6ad4295b-4a02-41f1-b63b-16ba2fec563e	13	83515052	83607075	71	0.2923
6ad4295b-4a02-41f1-b63b-16ba2fec563e	13	83608464	95281406	7466	0.029
6ad4295b-4a02-41f1-b63b-16ba2fec563e	13	95281416	95376330	74	-0.5333
6ad4295b-4a02-41f1-b63b-16ba2fec563e	13	95377112	95497790	85	-0.0498
6ad4295b-4a02-41f1-b63b-16ba2fec563e	13	95500055	95500374	2	-1.3271
6ad4295b-4a02-41f1-b63b-16ba2fec563e	13	95502342	100033332	2856	0.0105
6ad4295b-4a02-41f1-b63b-16ba2fec563e	13	100038867	100088583	18	-0.5421
6ad4295b-4a02-41f1-b63b-16ba2fec563e	13	100093289	105169695	4086	0.0261
6ad4295b-4a02-41f1-b63b-16ba2fec563e	13	105170603	105207777	24	1.0357
6ad4295b-4a02-41f1-b63b-16ba2fec563e	13	105208638	105288397	56	0.0702
6ad4295b-4a02-41f1-b63b-16ba2fec563e	13	105288707	105772454	385	0.1996
6ad4295b-4a02-41f1-b63b-16ba2fec563e	13	105778335	113442576	5701	0.0358
6ad4295b-4a02-41f1-b63b-16ba2fec563e	13	113443119	113443185	2	-1.7355
6ad4295b-4a02-41f1-b63b-16ba2fec563e	13	113449942	114342922	366	-0.0038
6ad4295b-4a02-41f1-b63b-16ba2fec563e	14	18239283	19110634	33	-0.3108
6ad4295b-4a02-41f1-b63b-16ba2fec563e	14	19134873	19256296	10	0.5426
6ad4295b-4a02-41f1-b63b-16ba2fec563e	14	19280948	19294475	4	1.9326
6ad4295b-4a02-41f1-b63b-16ba2fec563e	14	19298389	19957350	122	0.4873
6ad4295b-4a02-41f1-b63b-16ba2fec563e	14	19957701	21807150	1223	-0.0159
6ad4295b-4a02-41f1-b63b-16ba2fec563e	14	21807333	22530666	656	0.1992
6ad4295b-4a02-41f1-b63b-16ba2fec563e	14	22530968	22610824	73	0.035
6ad4295b-4a02-41f1-b63b-16ba2fec563e	14	22613020	22802062	123	-0.2523
6ad4295b-4a02-41f1-b63b-16ba2fec563e	14	22803712	33115967	6280	0.02
6ad4295b-4a02-41f1-b63b-16ba2fec563e	14	33116990	33118971	4	-1.3991
6ad4295b-4a02-41f1-b63b-16ba2fec563e	14	33119305	34527119	1200	0.034
6ad4295b-4a02-41f1-b63b-16ba2fec563e	14	34527406	35318904	378	-0.1658
6ad4295b-4a02-41f1-b63b-16ba2fec563e	14	35318995	43858346	5269	0.0311
6ad4295b-4a02-41f1-b63b-16ba2fec563e	14	43858621	44005460	114	0.2215
6ad4295b-4a02-41f1-b63b-16ba2fec563e	14	44005714	48315569	2534	0.0475
6ad4295b-4a02-41f1-b63b-16ba2fec563e	14	48315598	48361258	21	0.4651
6ad4295b-4a02-41f1-b63b-16ba2fec563e	14	48361375	63231438	9693	0.0288
6ad4295b-4a02-41f1-b63b-16ba2fec563e	14	63231552	66016600	1811	-0.0077
6ad4295b-4a02-41f1-b63b-16ba2fec563e	14	66020448	66027030	9	-0.6065
6ad4295b-4a02-41f1-b63b-16ba2fec563e	14	66030519	67491762	691	-0.0122
6ad4295b-4a02-41f1-b63b-16ba2fec563e	14	67497381	69547262	1361	0.0409
6ad4295b-4a02-41f1-b63b-16ba2fec563e	14	69551330	69555750	9	-0.9041
6ad4295b-4a02-41f1-b63b-16ba2fec563e	14	69555996	72806224	2229	0.0212
6ad4295b-4a02-41f1-b63b-16ba2fec563e	14	72808737	74132365	708	-0.0632
6ad4295b-4a02-41f1-b63b-16ba2fec563e	14	74133243	76598987	1533	0.0118
6ad4295b-4a02-41f1-b63b-16ba2fec563e	14	76600936	76628810	20	-0.4505
6ad4295b-4a02-41f1-b63b-16ba2fec563e	14	76630138	93134726	10978	0.0223
6ad4295b-4a02-41f1-b63b-16ba2fec563e	14	93135437	93163509	25	-0.4562
6ad4295b-4a02-41f1-b63b-16ba2fec563e	14	93163614	103770230	7198	0.0284
6ad4295b-4a02-41f1-b63b-16ba2fec563e	14	103770701	106016256	705	-0.0654
6ad4295b-4a02-41f1-b63b-16ba2fec563e	14	106030809	106294689	96	0.2591
6ad4295b-4a02-41f1-b63b-16ba2fec563e	14	106297265	106297273	3	1.7968
6ad4295b-4a02-41f1-b63b-16ba2fec563e	14	106297409	106423925	53	0.0252
6ad4295b-4a02-41f1-b63b-16ba2fec563e	14	106425447	106462183	47	-2.7348
6ad4295b-4a02-41f1-b63b-16ba2fec563e	14	106462724	106877229	195	0.1773
6ad4295b-4a02-41f1-b63b-16ba2fec563e	15	19811075	19866390	6	-0.5969
6ad4295b-4a02-41f1-b63b-16ba2fec563e	15	19866420	20011702	40	0.1709
6ad4295b-4a02-41f1-b63b-16ba2fec563e	15	20026653	20235285	17	-0.3546
6ad4295b-4a02-41f1-b63b-16ba2fec563e	15	20240885	22385639	144	-0.8585
6ad4295b-4a02-41f1-b63b-16ba2fec563e	15	22395047	22764966	47	0.0697
6ad4295b-4a02-41f1-b63b-16ba2fec563e	15	22766001	23073058	222	-0.3554
6ad4295b-4a02-41f1-b63b-16ba2fec563e	15	23073160	24839699	988	0.0443
6ad4295b-4a02-41f1-b63b-16ba2fec563e	15	24840471	24868362	26	-0.3832
6ad4295b-4a02-41f1-b63b-16ba2fec563e	15	24868379	27899670	2263	0.0574
6ad4295b-4a02-41f1-b63b-16ba2fec563e	15	27899830	30231102	1087	-0.0597
6ad4295b-4a02-41f1-b63b-16ba2fec563e	15	30252720	30291233	9	-1.0271
6ad4295b-4a02-41f1-b63b-16ba2fec563e	15	30297594	70169671	25603	0.0311
6ad4295b-4a02-41f1-b63b-16ba2fec563e	15	70170326	70170613	2	-2.1061
6ad4295b-4a02-41f1-b63b-16ba2fec563e	15	70178924	70227738	41	0.1113
6ad4295b-4a02-41f1-b63b-16ba2fec563e	15	70232168	70232841	2	-1.6014
6ad4295b-4a02-41f1-b63b-16ba2fec563e	15	70233040	85295475	8455	0.0295
6ad4295b-4a02-41f1-b63b-16ba2fec563e	15	85295671	85367747	37	-0.387
6ad4295b-4a02-41f1-b63b-16ba2fec563e	15	85369071	85804143	332	0.0259
6ad4295b-4a02-41f1-b63b-16ba2fec563e	15	85805158	85823426	37	-0.3344
6ad4295b-4a02-41f1-b63b-16ba2fec563e	15	85824027	89643931	2911	0.0478
6ad4295b-4a02-41f1-b63b-16ba2fec563e	15	89649674	91000676	803	-0.0425
6ad4295b-4a02-41f1-b63b-16ba2fec563e	15	91000955	91030274	25	-0.4144
6ad4295b-4a02-41f1-b63b-16ba2fec563e	15	91032136	91101360	55	-0.143
6ad4295b-4a02-41f1-b63b-16ba2fec563e	15	91104210	93108090	1716	0.0395
6ad4295b-4a02-41f1-b63b-16ba2fec563e	15	93121559	93415037	318	-0.1371
6ad4295b-4a02-41f1-b63b-16ba2fec563e	15	93416461	94402095	800	0.0528
6ad4295b-4a02-41f1-b63b-16ba2fec563e	15	94403058	94444946	33	0.4319
6ad4295b-4a02-41f1-b63b-16ba2fec563e	15	94445552	101928837	5536	0.0419
6ad4295b-4a02-41f1-b63b-16ba2fec563e	16	10777	108342	59	0.0362
6ad4295b-4a02-41f1-b63b-16ba2fec563e	16	108513	603333	224	-0.4011
6ad4295b-4a02-41f1-b63b-16ba2fec563e	16	603459	1479704	189	-0.1386
6ad4295b-4a02-41f1-b63b-16ba2fec563e	16	1487838	1511767	11	-0.7339
6ad4295b-4a02-41f1-b63b-16ba2fec563e	16	1514822	4170302	1210	-0.0382
6ad4295b-4a02-41f1-b63b-16ba2fec563e	16	4170341	4204915	45	-0.3796
6ad4295b-4a02-41f1-b63b-16ba2fec563e	16	4208090	6900042	2522	-0.0189
6ad4295b-4a02-41f1-b63b-16ba2fec563e	16	6900106	7031750	153	-0.2119
6ad4295b-4a02-41f1-b63b-16ba2fec563e	16	7031767	7754146	958	0.0015
6ad4295b-4a02-41f1-b63b-16ba2fec563e	16	7755079	7755128	2	2.0832
6ad4295b-4a02-41f1-b63b-16ba2fec563e	16	7755332	8970404	1126	-0.0132
6ad4295b-4a02-41f1-b63b-16ba2fec563e	16	8979974	9068357	40	-0.7809
6ad4295b-4a02-41f1-b63b-16ba2fec563e	16	9068539	9123057	35	-0.0656
6ad4295b-4a02-41f1-b63b-16ba2fec563e	16	9123368	9187229	44	-0.4221
6ad4295b-4a02-41f1-b63b-16ba2fec563e	16	9189766	10292894	1184	0.0307
6ad4295b-4a02-41f1-b63b-16ba2fec563e	16	10292972	10373519	36	-0.3946
6ad4295b-4a02-41f1-b63b-16ba2fec563e	16	10373899	11475567	808	-0.0063
6ad4295b-4a02-41f1-b63b-16ba2fec563e	16	11475598	11547324	44	-0.3343
6ad4295b-4a02-41f1-b63b-16ba2fec563e	16	11547583	14339756	2238	0.001
6ad4295b-4a02-41f1-b63b-16ba2fec563e	16	14343585	14427246	42	-0.4098
6ad4295b-4a02-41f1-b63b-16ba2fec563e	16	14429485	14653245	102	-0.0007
6ad4295b-4a02-41f1-b63b-16ba2fec563e	16	14657199	14794738	12	-0.4753
6ad4295b-4a02-41f1-b63b-16ba2fec563e	16	14802340	14958292	29	0.0237
6ad4295b-4a02-41f1-b63b-16ba2fec563e	16	14959868	16196638	615	-0.3749
6ad4295b-4a02-41f1-b63b-16ba2fec563e	16	16199461	16558842	26	0.1752
6ad4295b-4a02-41f1-b63b-16ba2fec563e	16	16563118	16693237	20	-0.2194
6ad4295b-4a02-41f1-b63b-16ba2fec563e	16	16737225	16743769	2	-2.0696
6ad4295b-4a02-41f1-b63b-16ba2fec563e	16	16761504	16833090	37	-0.0951
6ad4295b-4a02-41f1-b63b-16ba2fec563e	16	16834548	16851254	18	0.2895
6ad4295b-4a02-41f1-b63b-16ba2fec563e	16	16851271	17083597	166	-0.1569
6ad4295b-4a02-41f1-b63b-16ba2fec563e	16	17084333	17176776	88	0.1296
6ad4295b-4a02-41f1-b63b-16ba2fec563e	16	17176988	18335528	674	-0.0936
6ad4295b-4a02-41f1-b63b-16ba2fec563e	16	18540265	18545889	3	1.7025
6ad4295b-4a02-41f1-b63b-16ba2fec563e	16	18583078	18797068	31	-0.3266
6ad4295b-4a02-41f1-b63b-16ba2fec563e	16	18797081	18957125	65	0.0267
6ad4295b-4a02-41f1-b63b-16ba2fec563e	16	18958833	19073976	61	-0.2764
6ad4295b-4a02-41f1-b63b-16ba2fec563e	16	19074671	21352084	1451	0.0252
6ad4295b-4a02-41f1-b63b-16ba2fec563e	16	21352501	22576696	396	-0.3265
6ad4295b-4a02-41f1-b63b-16ba2fec563e	16	22576729	28228614	3996	-0.0039
6ad4295b-4a02-41f1-b63b-16ba2fec563e	16	28229008	28234511	8	-0.827
6ad4295b-4a02-41f1-b63b-16ba2fec563e	16	28234925	28620264	109	-0.0396
6ad4295b-4a02-41f1-b63b-16ba2fec563e	16	28620700	29084019	82	-0.5293
6ad4295b-4a02-41f1-b63b-16ba2fec563e	16	29086168	29427018	114	-0.0027
6ad4295b-4a02-41f1-b63b-16ba2fec563e	16	29506390	30178721	208	-0.4491
6ad4295b-4a02-41f1-b63b-16ba2fec563e	16	30180586	30477606	49	-0.0204
6ad4295b-4a02-41f1-b63b-16ba2fec563e	16	30479533	30535185	17	-0.6925
6ad4295b-4a02-41f1-b63b-16ba2fec563e	16	30536574	32198778	606	-0.008
6ad4295b-4a02-41f1-b63b-16ba2fec563e	16	32295899	33043337	36	0.9476
6ad4295b-4a02-41f1-b63b-16ba2fec563e	16	33045427	35225156	155	0.0086
6ad4295b-4a02-41f1-b63b-16ba2fec563e	16	35225230	35526596	171	0.773
6ad4295b-4a02-41f1-b63b-16ba2fec563e	16	35530722	35949422	129	0.0313
6ad4295b-4a02-41f1-b63b-16ba2fec563e	16	35981677	36048855	3	-1.1997
6ad4295b-4a02-41f1-b63b-16ba2fec563e	16	46441986	47058872	245	-0.0206
6ad4295b-4a02-41f1-b63b-16ba2fec563e	16	47060939	56759434	6841	0.0367
6ad4295b-4a02-41f1-b63b-16ba2fec563e	16	56759484	57890496	662	-0.0387
6ad4295b-4a02-41f1-b63b-16ba2fec563e	16	57892267	66206387	5684	0.0387
6ad4295b-4a02-41f1-b63b-16ba2fec563e	16	66206532	70041806	1787	-0.026
6ad4295b-4a02-41f1-b63b-16ba2fec563e	16	70049470	70179141	37	-0.4939
6ad4295b-4a02-41f1-b63b-16ba2fec563e	16	70200633	70511161	116	-0.0401
6ad4295b-4a02-41f1-b63b-16ba2fec563e	16	70511371	70532005	7	-0.7995
6ad4295b-4a02-41f1-b63b-16ba2fec563e	16	70536137	71988166	609	0.0122
6ad4295b-4a02-41f1-b63b-16ba2fec563e	16	71988224	72010290	21	-0.3469
6ad4295b-4a02-41f1-b63b-16ba2fec563e	16	72011210	74301306	1521	0.0248
6ad4295b-4a02-41f1-b63b-16ba2fec563e	16	74303138	74433795	40	-0.6291
6ad4295b-4a02-41f1-b63b-16ba2fec563e	16	74437522	75208831	462	-0.0454
6ad4295b-4a02-41f1-b63b-16ba2fec563e	16	75212144	75218408	4	-1.7037
6ad4295b-4a02-41f1-b63b-16ba2fec563e	16	75220595	75505510	146	-0.0227
6ad4295b-4a02-41f1-b63b-16ba2fec563e	16	75505749	75546235	21	-0.4596
6ad4295b-4a02-41f1-b63b-16ba2fec563e	16	75549122	79013404	3463	0.0294
6ad4295b-4a02-41f1-b63b-16ba2fec563e	16	79013571	79013733	2	-1.3957
6ad4295b-4a02-41f1-b63b-16ba2fec563e	16	79014079	81106921	2290	0.0416
6ad4295b-4a02-41f1-b63b-16ba2fec563e	16	81107000	81243937	150	-0.4802
6ad4295b-4a02-41f1-b63b-16ba2fec563e	16	81244179	83855218	2902	0.0404
6ad4295b-4a02-41f1-b63b-16ba2fec563e	16	83856075	83858313	5	-1.0608
6ad4295b-4a02-41f1-b63b-16ba2fec563e	16	83858402	84147625	213	-0.0426
6ad4295b-4a02-41f1-b63b-16ba2fec563e	16	84148194	84875354	681	-0.2238
6ad4295b-4a02-41f1-b63b-16ba2fec563e	16	84876056	88579409	2826	0.0106
6ad4295b-4a02-41f1-b63b-16ba2fec563e	16	88579725	90096867	658	-0.2843
6ad4295b-4a02-41f1-b63b-16ba2fec563e	17	150733	761080	336	-0.3216
6ad4295b-4a02-41f1-b63b-16ba2fec563e	17	761804	764137	3	1.0659
6ad4295b-4a02-41f1-b63b-16ba2fec563e	17	775251	1250730	218	-0.4638
6ad4295b-4a02-41f1-b63b-16ba2fec563e	17	1262192	1804724	247	0.0206
6ad4295b-4a02-41f1-b63b-16ba2fec563e	17	1810639	1869696	25	-0.5794
6ad4295b-4a02-41f1-b63b-16ba2fec563e	17	1870203	2513557	391	0.0055
6ad4295b-4a02-41f1-b63b-16ba2fec563e	17	2513742	2574777	28	-0.4288
6ad4295b-4a02-41f1-b63b-16ba2fec563e	17	2586370	2676032	49	-0.0979
6ad4295b-4a02-41f1-b63b-16ba2fec563e	17	2679222	2881730	101	0.6886
6ad4295b-4a02-41f1-b63b-16ba2fec563e	17	2894785	3567084	432	0.0027
6ad4295b-4a02-41f1-b63b-16ba2fec563e	17	3569577	3650765	56	-0.5513
6ad4295b-4a02-41f1-b63b-16ba2fec563e	17	3652130	4395645	433	-0.0592
6ad4295b-4a02-41f1-b63b-16ba2fec563e	17	4396337	4476552	48	-0.5885
6ad4295b-4a02-41f1-b63b-16ba2fec563e	17	4478453	10066176	3399	-0.0123
6ad4295b-4a02-41f1-b63b-16ba2fec563e	17	10069392	10137490	49	-0.3496
6ad4295b-4a02-41f1-b63b-16ba2fec563e	17	10138272	10384506	221	-0.023
6ad4295b-4a02-41f1-b63b-16ba2fec563e	17	10387080	14140709	2809	0.0404
6ad4295b-4a02-41f1-b63b-16ba2fec563e	17	14140900	15623842	1160	-0.0273
6ad4295b-4a02-41f1-b63b-16ba2fec563e	17	15639847	15643476	3	-1.4812
6ad4295b-4a02-41f1-b63b-16ba2fec563e	17	15650964	16669462	442	-0.0011
6ad4295b-4a02-41f1-b63b-16ba2fec563e	17	16672146	16678487	7	-1.2896
6ad4295b-4a02-41f1-b63b-16ba2fec563e	17	16678690	16819487	24	0.2574
6ad4295b-4a02-41f1-b63b-16ba2fec563e	17	16834846	18375514	887	-0.0048
6ad4295b-4a02-41f1-b63b-16ba2fec563e	17	18379235	18379895	6	-0.6998
6ad4295b-4a02-41f1-b63b-16ba2fec563e	17	18379983	18455632	16	-0.1381
6ad4295b-4a02-41f1-b63b-16ba2fec563e	17	18455635	18561907	25	-1.6754
6ad4295b-4a02-41f1-b63b-16ba2fec563e	17	18565883	46351954	12044	-0.006
6ad4295b-4a02-41f1-b63b-16ba2fec563e	17	46446345	46446360	2	3.4922
6ad4295b-4a02-41f1-b63b-16ba2fec563e	17	46569894	48118026	738	0.0226
6ad4295b-4a02-41f1-b63b-16ba2fec563e	17	48118104	48590640	245	0.1164
6ad4295b-4a02-41f1-b63b-16ba2fec563e	17	48594430	48648250	19	0.4368
6ad4295b-4a02-41f1-b63b-16ba2fec563e	17	48648579	49152136	271	-0.0155
6ad4295b-4a02-41f1-b63b-16ba2fec563e	17	49154862	49370810	132	0.1993
6ad4295b-4a02-41f1-b63b-16ba2fec563e	17	49370881	50904223	797	-0.0092
6ad4295b-4a02-41f1-b63b-16ba2fec563e	17	50906414	51150245	100	0.2064
6ad4295b-4a02-41f1-b63b-16ba2fec563e	17	51150921	51233881	34	0.0344
6ad4295b-4a02-41f1-b63b-16ba2fec563e	17	51242201	51358085	64	-0.2277
6ad4295b-4a02-41f1-b63b-16ba2fec563e	17	51358184	58134739	4952	0.0293
6ad4295b-4a02-41f1-b63b-16ba2fec563e	17	58135153	58140037	5	-0.8396
6ad4295b-4a02-41f1-b63b-16ba2fec563e	17	58143674	58995707	412	0.0007
6ad4295b-4a02-41f1-b63b-16ba2fec563e	17	58996121	59093350	36	-0.4443
6ad4295b-4a02-41f1-b63b-16ba2fec563e	17	59093786	59114197	14	-0.0475
6ad4295b-4a02-41f1-b63b-16ba2fec563e	17	59115460	59124923	7	-0.6409
6ad4295b-4a02-41f1-b63b-16ba2fec563e	17	59132708	62169945	1485	0.0103
6ad4295b-4a02-41f1-b63b-16ba2fec563e	17	62170366	62188842	14	-0.5648
6ad4295b-4a02-41f1-b63b-16ba2fec563e	17	62190081	68066200	3215	0.0035
6ad4295b-4a02-41f1-b63b-16ba2fec563e	17	68094956	68162760	29	-0.3514
6ad4295b-4a02-41f1-b63b-16ba2fec563e	17	68164877	74140763	4465	0.0297
6ad4295b-4a02-41f1-b63b-16ba2fec563e	17	74143200	74695492	334	-0.2352
6ad4295b-4a02-41f1-b63b-16ba2fec563e	17	74695789	76175824	630	-0.0154
6ad4295b-4a02-41f1-b63b-16ba2fec563e	17	76178006	76373723	96	-0.2294
6ad4295b-4a02-41f1-b63b-16ba2fec563e	17	76374349	76768464	243	0.0442
6ad4295b-4a02-41f1-b63b-16ba2fec563e	17	76773402	76833305	31	-0.6989
6ad4295b-4a02-41f1-b63b-16ba2fec563e	17	76835725	77342421	313	0.0126
6ad4295b-4a02-41f1-b63b-16ba2fec563e	17	77345098	77371402	29	-0.3895
6ad4295b-4a02-41f1-b63b-16ba2fec563e	17	77371564	78398459	581	-0.0069
6ad4295b-4a02-41f1-b63b-16ba2fec563e	17	78399475	78399553	2	-2.3969
6ad4295b-4a02-41f1-b63b-16ba2fec563e	17	78399775	78596002	125	-0.0365
6ad4295b-4a02-41f1-b63b-16ba2fec563e	17	78596565	78658928	69	-0.3529
6ad4295b-4a02-41f1-b63b-16ba2fec563e	17	78665187	80245008	882	0.0097
6ad4295b-4a02-41f1-b63b-16ba2fec563e	17	80250018	80343642	52	-0.3861
6ad4295b-4a02-41f1-b63b-16ba2fec563e	17	80352467	80655063	187	-0.0026
6ad4295b-4a02-41f1-b63b-16ba2fec563e	17	80655993	80660379	2	2.5438
6ad4295b-4a02-41f1-b63b-16ba2fec563e	17	80660500	82125680	480	-0.0206
6ad4295b-4a02-41f1-b63b-16ba2fec563e	17	82128370	82201342	38	-0.464
6ad4295b-4a02-41f1-b63b-16ba2fec563e	17	82204267	82959812	369	-0.0408
6ad4295b-4a02-41f1-b63b-16ba2fec563e	17	82962720	83091923	61	-0.2723
6ad4295b-4a02-41f1-b63b-16ba2fec563e	18	48133	100949	11	0.1929
6ad4295b-4a02-41f1-b63b-16ba2fec563e	18	117231	322183	140	-0.1803
6ad4295b-4a02-41f1-b63b-16ba2fec563e	18	325673	492832	173	0.0554
6ad4295b-4a02-41f1-b63b-16ba2fec563e	18	492874	891296	306	-0.252
6ad4295b-4a02-41f1-b63b-16ba2fec563e	18	891647	1636725	488	0.0097
6ad4295b-4a02-41f1-b63b-16ba2fec563e	18	1638207	2108164	373	0.1578
6ad4295b-4a02-41f1-b63b-16ba2fec563e	18	2108766	2275439	132	-0.0104
6ad4295b-4a02-41f1-b63b-16ba2fec563e	18	2276469	2276758	2	-2.3292
6ad4295b-4a02-41f1-b63b-16ba2fec563e	18	2276913	6561799	3029	0.0168
6ad4295b-4a02-41f1-b63b-16ba2fec563e	18	6562229	6562238	2	-1.6277
6ad4295b-4a02-41f1-b63b-16ba2fec563e	18	6564220	15375163	5743	0.0308
6ad4295b-4a02-41f1-b63b-16ba2fec563e	18	15396946	21023903	28	-0.3328
6ad4295b-4a02-41f1-b63b-16ba2fec563e	18	21024755	40678763	12353	0.0163
6ad4295b-4a02-41f1-b63b-16ba2fec563e	18	40680456	40685425	19	-0.6985
6ad4295b-4a02-41f1-b63b-16ba2fec563e	18	40688060	41069204	241	0.0483
6ad4295b-4a02-41f1-b63b-16ba2fec563e	18	41071053	41155988	80	0.257
6ad4295b-4a02-41f1-b63b-16ba2fec563e	18	41156105	57911951	11320	0.0185
6ad4295b-4a02-41f1-b63b-16ba2fec563e	18	57914475	57919116	5	-0.9597
6ad4295b-4a02-41f1-b63b-16ba2fec563e	18	57919591	59994883	1586	0.0039
6ad4295b-4a02-41f1-b63b-16ba2fec563e	18	59995464	59995947	10	-0.523
6ad4295b-4a02-41f1-b63b-16ba2fec563e	18	59996331	62631833	1811	0.0118
6ad4295b-4a02-41f1-b63b-16ba2fec563e	18	62632309	62635477	3	-1.2955
6ad4295b-4a02-41f1-b63b-16ba2fec563e	18	62637801	65540175	2081	0.0167
6ad4295b-4a02-41f1-b63b-16ba2fec563e	18	65540196	66124226	430	0.1842
6ad4295b-4a02-41f1-b63b-16ba2fec563e	18	66124833	66239412	83	0.0061
6ad4295b-4a02-41f1-b63b-16ba2fec563e	18	66239612	66245696	19	0.3587
6ad4295b-4a02-41f1-b63b-16ba2fec563e	18	66245772	67300028	676	0.0163
6ad4295b-4a02-41f1-b63b-16ba2fec563e	18	67300481	67300717	2	1.3409
6ad4295b-4a02-41f1-b63b-16ba2fec563e	18	67300797	68449556	910	0.0717
6ad4295b-4a02-41f1-b63b-16ba2fec563e	18	68449590	68449624	3	-0.9969
6ad4295b-4a02-41f1-b63b-16ba2fec563e	18	68456279	70370294	1418	0.0421
6ad4295b-4a02-41f1-b63b-16ba2fec563e	18	70376230	70450203	56	-0.348
6ad4295b-4a02-41f1-b63b-16ba2fec563e	18	70450394	71382253	601	0.001
6ad4295b-4a02-41f1-b63b-16ba2fec563e	18	71387796	73940973	2062	0.1063
6ad4295b-4a02-41f1-b63b-16ba2fec563e	18	73941247	79342707	4098	0.0284
6ad4295b-4a02-41f1-b63b-16ba2fec563e	18	79347934	80043750	311	-0.1115
6ad4295b-4a02-41f1-b63b-16ba2fec563e	18	80043819	80257174	126	0.0682
6ad4295b-4a02-41f1-b63b-16ba2fec563e	19	90910	348129	53	-0.1486
6ad4295b-4a02-41f1-b63b-16ba2fec563e	19	348143	389805	23	-0.623
6ad4295b-4a02-41f1-b63b-16ba2fec563e	19	390341	4416414	1086	-0.0724
6ad4295b-4a02-41f1-b63b-16ba2fec563e	19	4417843	4666744	63	-0.5662
6ad4295b-4a02-41f1-b63b-16ba2fec563e	19	4673369	4731938	19	0.0345
6ad4295b-4a02-41f1-b63b-16ba2fec563e	19	4735651	4805732	32	-0.5408
6ad4295b-4a02-41f1-b63b-16ba2fec563e	19	4806497	6630907	815	-0.0427
6ad4295b-4a02-41f1-b63b-16ba2fec563e	19	6639604	6654948	14	-0.6793
6ad4295b-4a02-41f1-b63b-16ba2fec563e	19	6657559	6882182	129	-0.0744
6ad4295b-4a02-41f1-b63b-16ba2fec563e	19	6882398	7112112	125	-0.3742
6ad4295b-4a02-41f1-b63b-16ba2fec563e	19	7112165	8175529	497	-0.0774
6ad4295b-4a02-41f1-b63b-16ba2fec563e	19	8176842	8183646	5	-1.2366
6ad4295b-4a02-41f1-b63b-16ba2fec563e	19	8191829	15612717	3644	-0.0368
6ad4295b-4a02-41f1-b63b-16ba2fec563e	19	15613287	15613392	2	-1.8382
6ad4295b-4a02-41f1-b63b-16ba2fec563e	19	15613483	19560312	1905	-0.0405
6ad4295b-4a02-41f1-b63b-16ba2fec563e	19	19560392	21065501	856	-0.1432
6ad4295b-4a02-41f1-b63b-16ba2fec563e	19	21066527	21632117	326	0.0037
6ad4295b-4a02-41f1-b63b-16ba2fec563e	19	21632838	21637309	3	-1.8544
6ad4295b-4a02-41f1-b63b-16ba2fec563e	19	21638735	24192647	1497	-0.0243
6ad4295b-4a02-41f1-b63b-16ba2fec563e	19	24196300	24202622	9	-1.3484
6ad4295b-4a02-41f1-b63b-16ba2fec563e	19	24219440	24278016	17	-0.0472
6ad4295b-4a02-41f1-b63b-16ba2fec563e	19	24278618	24281335	6	-1.5905
6ad4295b-4a02-41f1-b63b-16ba2fec563e	19	24282042	27550604	54	-0.5259
6ad4295b-4a02-41f1-b63b-16ba2fec563e	19	27550922	27890758	131	-0.018
6ad4295b-4a02-41f1-b63b-16ba2fec563e	19	27890854	29951923	1654	0.046
6ad4295b-4a02-41f1-b63b-16ba2fec563e	19	29953024	32081782	1595	0.1258
6ad4295b-4a02-41f1-b63b-16ba2fec563e	19	32082919	32191569	86	0.0341
6ad4295b-4a02-41f1-b63b-16ba2fec563e	19	32192716	35358407	2045	-0.0155
6ad4295b-4a02-41f1-b63b-16ba2fec563e	19	35358420	35370767	20	-0.5147
6ad4295b-4a02-41f1-b63b-16ba2fec563e	19	35370877	36267995	434	-0.0369
6ad4295b-4a02-41f1-b63b-16ba2fec563e	19	36314803	36315613	2	-3.4463
6ad4295b-4a02-41f1-b63b-16ba2fec563e	19	36316398	37846942	774	0.0051
6ad4295b-4a02-41f1-b63b-16ba2fec563e	19	37849175	37860643	7	-1.0123
6ad4295b-4a02-41f1-b63b-16ba2fec563e	19	37861470	39039372	607	-0.0483
6ad4295b-4a02-41f1-b63b-16ba2fec563e	19	39039932	39081314	28	-1.0378
6ad4295b-4a02-41f1-b63b-16ba2fec563e	19	39081410	39220195	68	-0.0697
6ad4295b-4a02-41f1-b63b-16ba2fec563e	19	39220263	39250240	13	-0.8212
6ad4295b-4a02-41f1-b63b-16ba2fec563e	19	39251987	40584476	710	-0.0177
6ad4295b-4a02-41f1-b63b-16ba2fec563e	19	40585586	40646985	20	-0.5024
6ad4295b-4a02-41f1-b63b-16ba2fec563e	19	40653288	42850300	1048	-0.0152
6ad4295b-4a02-41f1-b63b-16ba2fec563e	19	42858500	43313722	204	0.1779
6ad4295b-4a02-41f1-b63b-16ba2fec563e	19	43313843	47843205	2229	-0.027
6ad4295b-4a02-41f1-b63b-16ba2fec563e	19	47851766	47870456	10	-0.9248
6ad4295b-4a02-41f1-b63b-16ba2fec563e	19	47871532	50938236	1402	-0.0837
6ad4295b-4a02-41f1-b63b-16ba2fec563e	19	50940941	51821507	617	0.0403
6ad4295b-4a02-41f1-b63b-16ba2fec563e	19	51827056	52368649	366	-0.0401
6ad4295b-4a02-41f1-b63b-16ba2fec563e	19	52369752	53055261	467	-0.2178
6ad4295b-4a02-41f1-b63b-16ba2fec563e	19	53061334	53096269	31	-0.0098
6ad4295b-4a02-41f1-b63b-16ba2fec563e	19	53098161	53123916	20	0.4935
6ad4295b-4a02-41f1-b63b-16ba2fec563e	19	53128041	53247275	88	-0.166
6ad4295b-4a02-41f1-b63b-16ba2fec563e	19	53247609	53399440	113	0.0679
6ad4295b-4a02-41f1-b63b-16ba2fec563e	19	53400279	53541471	128	-0.1418
6ad4295b-4a02-41f1-b63b-16ba2fec563e	19	53541711	53864916	207	-0.5255
6ad4295b-4a02-41f1-b63b-16ba2fec563e	19	53871273	58586487	2777	-0.0615
6ad4295b-4a02-41f1-b63b-16ba2fec563e	20	80664	276351	160	-0.0486
6ad4295b-4a02-41f1-b63b-16ba2fec563e	20	276391	470182	121	-0.3219
6ad4295b-4a02-41f1-b63b-16ba2fec563e	20	472817	726179	202	0.0191
6ad4295b-4a02-41f1-b63b-16ba2fec563e	20	726954	735491	10	-0.5257
6ad4295b-4a02-41f1-b63b-16ba2fec563e	20	735555	1556162	671	0.0304
6ad4295b-4a02-41f1-b63b-16ba2fec563e	20	1559043	1579412	31	0.3956
6ad4295b-4a02-41f1-b63b-16ba2fec563e	20	1579606	1580353	9	0.0129
6ad4295b-4a02-41f1-b63b-16ba2fec563e	20	1580934	1613247	41	1.6788
6ad4295b-4a02-41f1-b63b-16ba2fec563e	20	1617300	3823017	1565	0.0299
6ad4295b-4a02-41f1-b63b-16ba2fec563e	20	3827707	4121153	188	-0.3375
6ad4295b-4a02-41f1-b63b-16ba2fec563e	20	4123429	5532409	1107	0.0133
6ad4295b-4a02-41f1-b63b-16ba2fec563e	20	5532983	5735174	127	-0.4983
6ad4295b-4a02-41f1-b63b-16ba2fec563e	20	5737017	8235937	1942	0.0386
6ad4295b-4a02-41f1-b63b-16ba2fec563e	20	8237158	8370822	108	0.2421
6ad4295b-4a02-41f1-b63b-16ba2fec563e	20	8375429	18348172	8084	0.0508
6ad4295b-4a02-41f1-b63b-16ba2fec563e	20	18354408	18359213	5	-1.1485
6ad4295b-4a02-41f1-b63b-16ba2fec563e	20	18360952	35746871	7881	0.0486
6ad4295b-4a02-41f1-b63b-16ba2fec563e	20	35750468	35799564	16	-0.5709
6ad4295b-4a02-41f1-b63b-16ba2fec563e	20	35802968	36007454	107	-0.0133
6ad4295b-4a02-41f1-b63b-16ba2fec563e	20	36007514	36008449	2	-1.3133
6ad4295b-4a02-41f1-b63b-16ba2fec563e	20	36010053	36418517	165	0.0062
6ad4295b-4a02-41f1-b63b-16ba2fec563e	20	36418546	36429730	12	-0.517
6ad4295b-4a02-41f1-b63b-16ba2fec563e	20	36430994	36945676	210	-0.0469
6ad4295b-4a02-41f1-b63b-16ba2fec563e	20	36950131	36955185	3	-1.1127
6ad4295b-4a02-41f1-b63b-16ba2fec563e	20	36956110	37199423	222	-0.0578
6ad4295b-4a02-41f1-b63b-16ba2fec563e	20	37202862	38176144	600	0.0451
6ad4295b-4a02-41f1-b63b-16ba2fec563e	20	38177238	38376710	146	-1.4688
6ad4295b-4a02-41f1-b63b-16ba2fec563e	20	38382143	49698840	8026	0.0417
6ad4295b-4a02-41f1-b63b-16ba2fec563e	20	49700341	49811665	69	-0.4147
6ad4295b-4a02-41f1-b63b-16ba2fec563e	20	49813757	54065342	3124	0.0163
6ad4295b-4a02-41f1-b63b-16ba2fec563e	20	54065374	54065389	2	-2.9547
6ad4295b-4a02-41f1-b63b-16ba2fec563e	20	54065719	63588484	7099	0.0506
6ad4295b-4a02-41f1-b63b-16ba2fec563e	20	63588502	64183169	229	-0.2742
6ad4295b-4a02-41f1-b63b-16ba2fec563e	20	64185158	64324800	81	0.1319
6ad4295b-4a02-41f1-b63b-16ba2fec563e	21	10354168	10558331	52	-0.3312
6ad4295b-4a02-41f1-b63b-16ba2fec563e	21	10559033	12996886	39	-1.0363
6ad4295b-4a02-41f1-b63b-16ba2fec563e	21	13004391	13850551	201	0.1488
6ad4295b-4a02-41f1-b63b-16ba2fec563e	21	13883107	13883478	2	-2.643
6ad4295b-4a02-41f1-b63b-16ba2fec563e	21	13913132	17433787	2338	0.022
6ad4295b-4a02-41f1-b63b-16ba2fec563e	21	17436660	17476297	31	-0.5101
6ad4295b-4a02-41f1-b63b-16ba2fec563e	21	17480287	23216083	4345	0.0321
6ad4295b-4a02-41f1-b63b-16ba2fec563e	21	23217439	23241264	27	0.4563
6ad4295b-4a02-41f1-b63b-16ba2fec563e	21	23241612	27079051	2982	0.0218
6ad4295b-4a02-41f1-b63b-16ba2fec563e	21	27079090	27085616	9	-1.3546
6ad4295b-4a02-41f1-b63b-16ba2fec563e	21	27087592	36109657	6421	0.0306
6ad4295b-4a02-41f1-b63b-16ba2fec563e	21	36112582	36247984	99	-0.4641
6ad4295b-4a02-41f1-b63b-16ba2fec563e	21	36248238	43201650	5562	0.0308
6ad4295b-4a02-41f1-b63b-16ba2fec563e	21	43202361	43287936	16	-0.5945
6ad4295b-4a02-41f1-b63b-16ba2fec563e	21	43289023	44357867	396	0.026
6ad4295b-4a02-41f1-b63b-16ba2fec563e	21	44358312	44420537	24	-0.5315
6ad4295b-4a02-41f1-b63b-16ba2fec563e	21	44447091	45229407	480	0.0296
6ad4295b-4a02-41f1-b63b-16ba2fec563e	21	45231935	45665804	235	-0.1177
6ad4295b-4a02-41f1-b63b-16ba2fec563e	21	45670561	46274443	330	-0.018
6ad4295b-4a02-41f1-b63b-16ba2fec563e	21	46275219	46532737	128	-0.3196
6ad4295b-4a02-41f1-b63b-16ba2fec563e	21	46533984	46677045	143	0.0977
6ad4295b-4a02-41f1-b63b-16ba2fec563e	22	15294547	17130221	389	0.0315
6ad4295b-4a02-41f1-b63b-16ba2fec563e	22	17133121	17586019	320	-0.1169
6ad4295b-4a02-41f1-b63b-16ba2fec563e	22	17589882	18130790	391	0.0134
6ad4295b-4a02-41f1-b63b-16ba2fec563e	22	18130970	21741482	1695	-0.214
6ad4295b-4a02-41f1-b63b-16ba2fec563e	22	21742513	22113053	314	-0.0194
6ad4295b-4a02-41f1-b63b-16ba2fec563e	22	22113116	22130385	11	-0.813
6ad4295b-4a02-41f1-b63b-16ba2fec563e	22	22130470	25268018	2088	-0.0219
6ad4295b-4a02-41f1-b63b-16ba2fec563e	22	25268834	25526380	286	-0.1632
6ad4295b-4a02-41f1-b63b-16ba2fec563e	22	25526581	31632735	4430	0.0278
6ad4295b-4a02-41f1-b63b-16ba2fec563e	22	31638489	31681068	20	-0.6514
6ad4295b-4a02-41f1-b63b-16ba2fec563e	22	31681261	35356842	3150	0.0256
6ad4295b-4a02-41f1-b63b-16ba2fec563e	22	35358119	35567386	147	-0.0193
6ad4295b-4a02-41f1-b63b-16ba2fec563e	22	35568111	35657188	69	-0.294
6ad4295b-4a02-41f1-b63b-16ba2fec563e	22	35657234	36049468	197	0.0416
6ad4295b-4a02-41f1-b63b-16ba2fec563e	22	36049485	36087893	20	-0.6423
6ad4295b-4a02-41f1-b63b-16ba2fec563e	22	36088390	37346951	892	-0.0022
6ad4295b-4a02-41f1-b63b-16ba2fec563e	22	37352689	37353906	4	-1.5301
6ad4295b-4a02-41f1-b63b-16ba2fec563e	22	37354627	42397867	2664	-0.0191
6ad4295b-4a02-41f1-b63b-16ba2fec563e	22	42405493	42536412	74	-0.5316
6ad4295b-4a02-41f1-b63b-16ba2fec563e	22	42538456	49706663	5633	0.0138
6ad4295b-4a02-41f1-b63b-16ba2fec563e	22	49706695	50292457	241	-0.2192
6ad4295b-4a02-41f1-b63b-16ba2fec563e	22	50353189	50419858	31	-0.6895
6ad4295b-4a02-41f1-b63b-16ba2fec563e	22	50420384	50698536	148	-0.258
6ad4295b-4a02-41f1-b63b-16ba2fec563e	22	50701888	50796027	43	0.0641
6ad4295b-4a02-41f1-b63b-16ba2fec563e	X	251810	3133553	348	-0.3256
6ad4295b-4a02-41f1-b63b-16ba2fec563e	X	3136722	3546065	342	-0.0165
6ad4295b-4a02-41f1-b63b-16ba2fec563e	X	3547060	4026361	123	-0.2894
6ad4295b-4a02-41f1-b63b-16ba2fec563e	X	4028299	7660069	2958	0.0252
6ad4295b-4a02-41f1-b63b-16ba2fec563e	X	7663946	7902148	195	0.1964
6ad4295b-4a02-41f1-b63b-16ba2fec563e	X	7902581	9964098	1595	0.0418
6ad4295b-4a02-41f1-b63b-16ba2fec563e	X	9964118	10040963	44	-0.3429
6ad4295b-4a02-41f1-b63b-16ba2fec563e	X	10041158	12743060	1983	0.029
6ad4295b-4a02-41f1-b63b-16ba2fec563e	X	12743949	12931864	171	-0.1218
6ad4295b-4a02-41f1-b63b-16ba2fec563e	X	12934461	15453760	1697	0.0391
6ad4295b-4a02-41f1-b63b-16ba2fec563e	X	15454787	15606391	103	0.2356
6ad4295b-4a02-41f1-b63b-16ba2fec563e	X	15610863	16514812	567	0.0186
6ad4295b-4a02-41f1-b63b-16ba2fec563e	X	16515335	16536445	13	0.3933
6ad4295b-4a02-41f1-b63b-16ba2fec563e	X	16539466	16755530	136	0.004
6ad4295b-4a02-41f1-b63b-16ba2fec563e	X	16756192	16775186	9	-0.6363
6ad4295b-4a02-41f1-b63b-16ba2fec563e	X	16779064	18346307	852	0.0326
6ad4295b-4a02-41f1-b63b-16ba2fec563e	X	18348645	18410205	22	-0.6325
6ad4295b-4a02-41f1-b63b-16ba2fec563e	X	18410538	18818670	199	0.0182
6ad4295b-4a02-41f1-b63b-16ba2fec563e	X	18818717	18886376	29	-0.3259
6ad4295b-4a02-41f1-b63b-16ba2fec563e	X	18889776	19429119	319	-0.0236
6ad4295b-4a02-41f1-b63b-16ba2fec563e	X	19430510	19524720	65	-0.295
6ad4295b-4a02-41f1-b63b-16ba2fec563e	X	19526246	24577297	3179	0.0327
6ad4295b-4a02-41f1-b63b-16ba2fec563e	X	24577524	24577630	3	-2.3937
6ad4295b-4a02-41f1-b63b-16ba2fec563e	X	24579832	28851145	2647	0.0419
6ad4295b-4a02-41f1-b63b-16ba2fec563e	X	28852827	28858540	9	-1.0816
6ad4295b-4a02-41f1-b63b-16ba2fec563e	X	28859077	33168980	3028	0.0446
6ad4295b-4a02-41f1-b63b-16ba2fec563e	X	33173198	34641513	1013	0.1114
6ad4295b-4a02-41f1-b63b-16ba2fec563e	X	34641799	37914069	1707	0.0384
6ad4295b-4a02-41f1-b63b-16ba2fec563e	X	37915055	38138580	158	0.19
6ad4295b-4a02-41f1-b63b-16ba2fec563e	X	38138678	42197794	2392	0.0199
6ad4295b-4a02-41f1-b63b-16ba2fec563e	X	42198226	43562221	724	0.0962
6ad4295b-4a02-41f1-b63b-16ba2fec563e	X	43562408	44654661	648	0.0224
6ad4295b-4a02-41f1-b63b-16ba2fec563e	X	44655158	44810415	78	-0.1446
6ad4295b-4a02-41f1-b63b-16ba2fec563e	X	44813764	45923705	561	0.0463
6ad4295b-4a02-41f1-b63b-16ba2fec563e	X	45926783	45929042	3	-1.1163
6ad4295b-4a02-41f1-b63b-16ba2fec563e	X	45935054	46493547	287	0.0332
6ad4295b-4a02-41f1-b63b-16ba2fec563e	X	46495278	46556166	29	-0.4349
6ad4295b-4a02-41f1-b63b-16ba2fec563e	X	46557596	47986902	738	0.0222
6ad4295b-4a02-41f1-b63b-16ba2fec563e	X	47990894	48491485	215	-0.1703
6ad4295b-4a02-41f1-b63b-16ba2fec563e	X	48491925	53698029	2073	0.0046
6ad4295b-4a02-41f1-b63b-16ba2fec563e	X	53702106	53940551	102	-0.2712
6ad4295b-4a02-41f1-b63b-16ba2fec563e	X	53946988	55674826	733	0.0135
6ad4295b-4a02-41f1-b63b-16ba2fec563e	X	55676226	55681123	3	-2.0773
6ad4295b-4a02-41f1-b63b-16ba2fec563e	X	55681253	58299948	1261	-0.0324
6ad4295b-4a02-41f1-b63b-16ba2fec563e	X	58307685	62802319	73	-0.4486
6ad4295b-4a02-41f1-b63b-16ba2fec563e	X	62831001	63250976	119	0.0025
6ad4295b-4a02-41f1-b63b-16ba2fec563e	X	63251141	63285991	19	0.6811
6ad4295b-4a02-41f1-b63b-16ba2fec563e	X	63297125	74945868	5142	0.0131
6ad4295b-4a02-41f1-b63b-16ba2fec563e	X	74945962	77179265	1098	-0.0722
6ad4295b-4a02-41f1-b63b-16ba2fec563e	X	77179707	77326049	12	-0.7341
6ad4295b-4a02-41f1-b63b-16ba2fec563e	X	77327016	78520114	304	-0.045
6ad4295b-4a02-41f1-b63b-16ba2fec563e	X	78520564	81715277	1778	0.0228
6ad4295b-4a02-41f1-b63b-16ba2fec563e	X	81715382	81715418	2	1.3155
6ad4295b-4a02-41f1-b63b-16ba2fec563e	X	81717349	83630945	959	0.0207
6ad4295b-4a02-41f1-b63b-16ba2fec563e	X	83633376	83724456	47	-0.2656
6ad4295b-4a02-41f1-b63b-16ba2fec563e	X	83728493	90067301	3741	0.0233
6ad4295b-4a02-41f1-b63b-16ba2fec563e	X	90067568	96211835	2961	0.0776
6ad4295b-4a02-41f1-b63b-16ba2fec563e	X	96211896	100912753	2637	0.0155
6ad4295b-4a02-41f1-b63b-16ba2fec563e	X	100918926	101095596	87	-0.3436
6ad4295b-4a02-41f1-b63b-16ba2fec563e	X	101097652	106979488	2918	0.031
6ad4295b-4a02-41f1-b63b-16ba2fec563e	X	106979768	106979955	4	-0.9035
6ad4295b-4a02-41f1-b63b-16ba2fec563e	X	106985310	108675248	851	0.0089
6ad4295b-4a02-41f1-b63b-16ba2fec563e	X	108677858	108792883	48	0.2837
6ad4295b-4a02-41f1-b63b-16ba2fec563e	X	108795162	114988869	3510	0.0252
6ad4295b-4a02-41f1-b63b-16ba2fec563e	X	114988899	115005464	23	0.4109
6ad4295b-4a02-41f1-b63b-16ba2fec563e	X	115006026	115655583	341	0.0323
6ad4295b-4a02-41f1-b63b-16ba2fec563e	X	115655735	115720261	23	-0.4992
6ad4295b-4a02-41f1-b63b-16ba2fec563e	X	115720419	119275023	2139	0.0147
6ad4295b-4a02-41f1-b63b-16ba2fec563e	X	119276991	119903118	352	-0.1235
6ad4295b-4a02-41f1-b63b-16ba2fec563e	X	119905733	119915269	6	-0.943
6ad4295b-4a02-41f1-b63b-16ba2fec563e	X	119918204	119972131	24	-0.237
6ad4295b-4a02-41f1-b63b-16ba2fec563e	X	119972643	139859186	11287	0.0268
6ad4295b-4a02-41f1-b63b-16ba2fec563e	X	139861682	140020404	73	-0.2622
6ad4295b-4a02-41f1-b63b-16ba2fec563e	X	140025934	155156881	9465	0.0234
6ad4295b-4a02-41f1-b63b-16ba2fec563e	X	155164107	155172909	4	-1.6461
6ad4295b-4a02-41f1-b63b-16ba2fec563e	X	155173469	155807893	227	-0.0825
6ad4295b-4a02-41f1-b63b-16ba2fec563e	X	155826340	155952689	3	-0.5098
6ad4295b-4a02-41f1-b63b-16ba2fec563e	Y	2782397	3460727	213	-3.4523
6ad4295b-4a02-41f1-b63b-16ba2fec563e	Y	3462427	6233384	571	-2.8092
6ad4295b-4a02-41f1-b63b-16ba2fec563e	Y	6249869	6270476	8	-5.3533
6ad4295b-4a02-41f1-b63b-16ba2fec563e	Y	6274726	7124607	248	-3.3375
6ad4295b-4a02-41f1-b63b-16ba2fec563e	Y	7126364	7127482	2	-7.9658
6ad4295b-4a02-41f1-b63b-16ba2fec563e	Y	7128090	7755367	290	-3.4497
6ad4295b-4a02-41f1-b63b-16ba2fec563e	Y	7756409	9327138	894	-3.8015
6ad4295b-4a02-41f1-b63b-16ba2fec563e	Y	9329696	9554275	27	-5.6941
6ad4295b-4a02-41f1-b63b-16ba2fec563e	Y	9554586	9921955	69	-3.7403
6ad4295b-4a02-41f1-b63b-16ba2fec563e	Y	9937005	56872112	4315	-3.4509
