GDC_Aliquot	Chromosome	Start	End	Num_Probes	Segment_Mean
d2295a27-e1a4-4059-b409-57af25972d8a	1	62920	668210	21	0.6497
d2295a27-e1a4-4059-b409-57af25972d8a	1	771719	3301765	714	-0.1293
d2295a27-e1a4-4059-b409-57af25972d8a	1	3302046	109690949	65637	0.0175
d2295a27-e1a4-4059-b409-57af25972d8a	1	109691609	109692006	4	2.6808
d2295a27-e1a4-4059-b409-57af25972d8a	1	109696900	112147704	1947	-0.0025
d2295a27-e1a4-4059-b409-57af25972d8a	1	112153343	112163460	29	0.6511
d2295a27-e1a4-4059-b409-57af25972d8a	1	112163496	143494500	5152	0.0272
d2295a27-e1a4-4059-b409-57af25972d8a	1	143541857	144442092	129	-0.9463
d2295a27-e1a4-4059-b409-57af25972d8a	1	144442098	196745743	31995	0.0177
d2295a27-e1a4-4059-b409-57af25972d8a	1	196758720	196832312	56	0.4263
d2295a27-e1a4-4059-b409-57af25972d8a	1	196832525	209897717	8782	0.0146
d2295a27-e1a4-4059-b409-57af25972d8a	1	209908268	209910639	3	-2.2631
d2295a27-e1a4-4059-b409-57af25972d8a	1	209913207	240228440	21123	0.0225
d2295a27-e1a4-4059-b409-57af25972d8a	1	240230715	240230824	5	-2.0038
d2295a27-e1a4-4059-b409-57af25972d8a	1	240230839	248546369	5674	0.0292
d2295a27-e1a4-4059-b409-57af25972d8a	1	248550567	248633912	35	-0.9888
d2295a27-e1a4-4059-b409-57af25972d8a	1	248645563	248930189	139	-0.0826
d2295a27-e1a4-4059-b409-57af25972d8a	2	12784	3144361	2179	-0.0115
d2295a27-e1a4-4059-b409-57af25972d8a	2	3147886	3205391	76	-0.3239
d2295a27-e1a4-4059-b409-57af25972d8a	2	3205827	34460213	21810	0.0124
d2295a27-e1a4-4059-b409-57af25972d8a	2	34466002	34511990	47	-0.5514
d2295a27-e1a4-4059-b409-57af25972d8a	2	34512096	52527330	12988	0.0215
d2295a27-e1a4-4059-b409-57af25972d8a	2	52527342	52554404	39	-3.0124
d2295a27-e1a4-4059-b409-57af25972d8a	2	52560811	59315014	4707	0.0208
d2295a27-e1a4-4059-b409-57af25972d8a	2	59316992	59323844	9	-1.3488
d2295a27-e1a4-4059-b409-57af25972d8a	2	59325523	85590091	16481	0.023
d2295a27-e1a4-4059-b409-57af25972d8a	2	85591150	85594081	4	-1.8386
d2295a27-e1a4-4059-b409-57af25972d8a	2	85595695	130031201	22434	0.0138
d2295a27-e1a4-4059-b409-57af25972d8a	2	130036283	130116915	14	-0.8668
d2295a27-e1a4-4059-b409-57af25972d8a	2	130117303	242147305	68544	0.0203
d2295a27-e1a4-4059-b409-57af25972d8a	3	20930	182919	153	0.0458
d2295a27-e1a4-4059-b409-57af25972d8a	3	188339	190956	3	-3.705
d2295a27-e1a4-4059-b409-57af25972d8a	3	191117	2782989	2256	0.0905
d2295a27-e1a4-4059-b409-57af25972d8a	3	2784156	52998022	33281	0.0203
d2295a27-e1a4-4059-b409-57af25972d8a	3	52999132	53004886	21	-0.7742
d2295a27-e1a4-4059-b409-57af25972d8a	3	53004928	60794907	5778	0.0335
d2295a27-e1a4-4059-b409-57af25972d8a	3	60795013	60795294	3	-3.0785
d2295a27-e1a4-4059-b409-57af25972d8a	3	60798502	64104244	2679	0.0192
d2295a27-e1a4-4059-b409-57af25972d8a	3	64104687	64107187	5	-1.1608
d2295a27-e1a4-4059-b409-57af25972d8a	3	64107465	65213542	1106	0.0309
d2295a27-e1a4-4059-b409-57af25972d8a	3	65213557	65224777	27	-0.4599
d2295a27-e1a4-4059-b409-57af25972d8a	3	65230674	68697013	2422	0.0223
d2295a27-e1a4-4059-b409-57af25972d8a	3	68697108	68698262	14	-2.1802
d2295a27-e1a4-4059-b409-57af25972d8a	3	68699607	85385719	10349	0.0261
d2295a27-e1a4-4059-b409-57af25972d8a	3	85385858	85555773	93	0.2949
d2295a27-e1a4-4059-b409-57af25972d8a	3	85555921	130044855	24186	0.0198
d2295a27-e1a4-4059-b409-57af25972d8a	3	130047743	130075163	29	-0.4769
d2295a27-e1a4-4059-b409-57af25972d8a	3	130075961	136300257	4029	0.0246
d2295a27-e1a4-4059-b409-57af25972d8a	3	136304109	136306584	2	-3.626
d2295a27-e1a4-4059-b409-57af25972d8a	3	136319699	146756356	6399	0.0292
d2295a27-e1a4-4059-b409-57af25972d8a	3	146756536	146758696	3	-2.6932
d2295a27-e1a4-4059-b409-57af25972d8a	3	146759265	162815162	9827	0.0241
d2295a27-e1a4-4059-b409-57af25972d8a	3	162816942	162822685	5	-2.0988
d2295a27-e1a4-4059-b409-57af25972d8a	3	162822702	180753918	11050	0.036
d2295a27-e1a4-4059-b409-57af25972d8a	3	180755037	180759507	3	-1.8753
d2295a27-e1a4-4059-b409-57af25972d8a	3	180759715	193161217	8157	0.0159
d2295a27-e1a4-4059-b409-57af25972d8a	3	193162684	193165099	12	0.7811
d2295a27-e1a4-4059-b409-57af25972d8a	3	193165114	195720051	1508	0.0184
d2295a27-e1a4-4059-b409-57af25972d8a	3	195728637	195751823	20	0.621
d2295a27-e1a4-4059-b409-57af25972d8a	3	195751990	198169247	1163	0.0395
d2295a27-e1a4-4059-b409-57af25972d8a	4	68929	34777432	22682	0.0217
d2295a27-e1a4-4059-b409-57af25972d8a	4	34784878	34823103	38	0.9978
d2295a27-e1a4-4059-b409-57af25972d8a	4	34828250	49289175	8966	0.0295
d2295a27-e1a4-4059-b409-57af25972d8a	4	49289338	49656206	19	-0.7183
d2295a27-e1a4-4059-b409-57af25972d8a	4	49656595	63828222	7563	0.0425
d2295a27-e1a4-4059-b409-57af25972d8a	4	63831751	63838575	7	-1.7937
d2295a27-e1a4-4059-b409-57af25972d8a	4	63839438	63839936	12	-0.7761
d2295a27-e1a4-4059-b409-57af25972d8a	4	63840033	63842099	5	-1.7017
d2295a27-e1a4-4059-b409-57af25972d8a	4	63842411	63842540	4	-3.7871
d2295a27-e1a4-4059-b409-57af25972d8a	4	63850713	68352434	2847	0.0459
d2295a27-e1a4-4059-b409-57af25972d8a	4	68354665	68640616	93	0.4795
d2295a27-e1a4-4059-b409-57af25972d8a	4	68655691	69254604	307	0.0434
d2295a27-e1a4-4059-b409-57af25972d8a	4	69254981	69366304	60	-0.7651
d2295a27-e1a4-4059-b409-57af25972d8a	4	69366406	121360818	31684	0.0301
d2295a27-e1a4-4059-b409-57af25972d8a	4	121361313	121369976	29	-1.0946
d2295a27-e1a4-4059-b409-57af25972d8a	4	121370367	171448195	30267	0.0342
d2295a27-e1a4-4059-b409-57af25972d8a	4	171453733	171456559	10	1.577
d2295a27-e1a4-4059-b409-57af25972d8a	4	171456573	172066706	398	0.0199
d2295a27-e1a4-4059-b409-57af25972d8a	4	172066777	172068382	13	0.8651
d2295a27-e1a4-4059-b409-57af25972d8a	4	172074828	179172552	4365	0.0401
d2295a27-e1a4-4059-b409-57af25972d8a	4	179176834	179177184	2	-2.4837
d2295a27-e1a4-4059-b409-57af25972d8a	4	179180768	188300104	6553	0.0311
d2295a27-e1a4-4059-b409-57af25972d8a	4	188300206	188300270	3	2.5904
d2295a27-e1a4-4059-b409-57af25972d8a	4	188300285	190106768	1140	0.0402
d2295a27-e1a4-4059-b409-57af25972d8a	5	15532	667394	298	-0.0088
d2295a27-e1a4-4059-b409-57af25972d8a	5	670630	818426	42	-0.6049
d2295a27-e1a4-4059-b409-57af25972d8a	5	818640	3050777	1631	-0.014
d2295a27-e1a4-4059-b409-57af25972d8a	5	3054113	3100773	75	0.6296
d2295a27-e1a4-4059-b409-57af25972d8a	5	3107747	6027986	2694	0.0147
d2295a27-e1a4-4059-b409-57af25972d8a	5	6028077	6028137	2	-2.4278
d2295a27-e1a4-4059-b409-57af25972d8a	5	6029469	12800777	5432	0.0154
d2295a27-e1a4-4059-b409-57af25972d8a	5	12815668	12819964	9	-2.2212
d2295a27-e1a4-4059-b409-57af25972d8a	5	12824299	35828834	14458	0.0299
d2295a27-e1a4-4059-b409-57af25972d8a	5	35829589	35847620	17	-1.3454
d2295a27-e1a4-4059-b409-57af25972d8a	5	35848535	46196012	5962	0.024
d2295a27-e1a4-4059-b409-57af25972d8a	5	46199332	46199333	2	-2.6944
d2295a27-e1a4-4059-b409-57af25972d8a	5	46209197	46270906	14	0.0757
d2295a27-e1a4-4059-b409-57af25972d8a	5	46271006	46313400	10	1.1888
d2295a27-e1a4-4059-b409-57af25972d8a	5	46313418	69550476	12389	0.0241
d2295a27-e1a4-4059-b409-57af25972d8a	5	69571467	69779164	3	-2.4712
d2295a27-e1a4-4059-b409-57af25972d8a	5	69822096	69822308	2	-0.9434
d2295a27-e1a4-4059-b409-57af25972d8a	5	69937600	99351120	16526	0.0178
d2295a27-e1a4-4059-b409-57af25972d8a	5	99351207	99361443	7	-0.8587
d2295a27-e1a4-4059-b409-57af25972d8a	5	99361683	100547667	664	0.1346
d2295a27-e1a4-4059-b409-57af25972d8a	5	100549274	111082177	6478	0.0221
d2295a27-e1a4-4059-b409-57af25972d8a	5	111083998	111107582	28	1.1723
d2295a27-e1a4-4059-b409-57af25972d8a	5	111119258	181363319	46002	0.0197
d2295a27-e1a4-4059-b409-57af25972d8a	6	149661	253861	99	-0.0411
d2295a27-e1a4-4059-b409-57af25972d8a	6	254267	294443	21	-0.774
d2295a27-e1a4-4059-b409-57af25972d8a	6	294474	381149	78	-1.6827
d2295a27-e1a4-4059-b409-57af25972d8a	6	382559	5324909	4056	0.0068
d2295a27-e1a4-4059-b409-57af25972d8a	6	5325640	5391053	50	-1.2314
d2295a27-e1a4-4059-b409-57af25972d8a	6	5392145	29869295	17316	0.0156
d2295a27-e1a4-4059-b409-57af25972d8a	6	29869410	29933799	36	0.9816
d2295a27-e1a4-4059-b409-57af25972d8a	6	29940692	31313046	641	-0.0154
d2295a27-e1a4-4059-b409-57af25972d8a	6	31318499	31328674	11	1.1461
d2295a27-e1a4-4059-b409-57af25972d8a	6	31342147	32463515	495	-0.0097
d2295a27-e1a4-4059-b409-57af25972d8a	6	32463775	32605994	35	2.0062
d2295a27-e1a4-4059-b409-57af25972d8a	6	32606237	32744005	88	0.3768
d2295a27-e1a4-4059-b409-57af25972d8a	6	32744080	52744866	12625	0.0205
d2295a27-e1a4-4059-b409-57af25972d8a	6	52745832	52797896	50	-0.3437
d2295a27-e1a4-4059-b409-57af25972d8a	6	52799684	76726815	13115	0.0267
d2295a27-e1a4-4059-b409-57af25972d8a	6	76730151	76743040	21	-0.6528
d2295a27-e1a4-4059-b409-57af25972d8a	6	76751356	78253172	976	0.0189
d2295a27-e1a4-4059-b409-57af25972d8a	6	78259348	78322600	107	-0.5499
d2295a27-e1a4-4059-b409-57af25972d8a	6	78322875	93776860	9907	0.0301
d2295a27-e1a4-4059-b409-57af25972d8a	6	93777377	94970302	777	0.128
d2295a27-e1a4-4059-b409-57af25972d8a	6	95386776	98711725	1974	0.0229
d2295a27-e1a4-4059-b409-57af25972d8a	6	98713088	98713538	2	-2.0574
d2295a27-e1a4-4059-b409-57af25972d8a	6	98713627	103286954	2807	0.0287
d2295a27-e1a4-4059-b409-57af25972d8a	6	103290101	103314186	46	-1.4871
d2295a27-e1a4-4059-b409-57af25972d8a	6	103317795	170741917	44136	0.0187
d2295a27-e1a4-4059-b409-57af25972d8a	7	43355	56667435	39988	0.0182
d2295a27-e1a4-4059-b409-57af25972d8a	7	56667740	56668773	3	-2.1126
d2295a27-e1a4-4059-b409-57af25972d8a	7	56668987	70955452	4576	0.0294
d2295a27-e1a4-4059-b409-57af25972d8a	7	70958264	70961155	2	-2.0779
d2295a27-e1a4-4059-b409-57af25972d8a	7	70963257	75809445	1866	0.0444
d2295a27-e1a4-4059-b409-57af25972d8a	7	75809462	75810378	2	-2.3066
d2295a27-e1a4-4059-b409-57af25972d8a	7	75812444	126405502	30487	0.029
d2295a27-e1a4-4059-b409-57af25972d8a	7	126405597	126406823	12	1.1658
d2295a27-e1a4-4059-b409-57af25972d8a	7	126406824	131919817	3223	0.0013
d2295a27-e1a4-4059-b409-57af25972d8a	7	131923146	131929330	3	-3.4436
d2295a27-e1a4-4059-b409-57af25972d8a	7	131931016	134085854	1453	0.0209
d2295a27-e1a4-4059-b409-57af25972d8a	7	134086361	134110881	39	0.5195
d2295a27-e1a4-4059-b409-57af25972d8a	7	134110912	134570250	359	0.0378
d2295a27-e1a4-4059-b409-57af25972d8a	7	134570698	134571331	2	-1.8036
d2295a27-e1a4-4059-b409-57af25972d8a	7	134572446	142069843	4842	0.0244
d2295a27-e1a4-4059-b409-57af25972d8a	7	142069880	142090403	31	-1.0785
d2295a27-e1a4-4059-b409-57af25972d8a	7	142092108	144264193	1210	0.0004
d2295a27-e1a4-4059-b409-57af25972d8a	7	144295437	144312471	3	1.7973
d2295a27-e1a4-4059-b409-57af25972d8a	7	144326306	153960395	5947	0.0202
d2295a27-e1a4-4059-b409-57af25972d8a	7	153960469	154099927	53	-0.4458
d2295a27-e1a4-4059-b409-57af25972d8a	7	154104301	156592980	2014	0.0181
d2295a27-e1a4-4059-b409-57af25972d8a	7	156599096	156601365	3	-3.7137
d2295a27-e1a4-4059-b409-57af25972d8a	7	156601485	159334314	1624	-0.0026
d2295a27-e1a4-4059-b409-57af25972d8a	8	81254	212672	5	1.2357
d2295a27-e1a4-4059-b409-57af25972d8a	8	212832	1418902	891	-0.014
d2295a27-e1a4-4059-b409-57af25972d8a	8	1419196	1419436	2	-3.0693
d2295a27-e1a4-4059-b409-57af25972d8a	8	1419522	5741204	5101	0.0433
d2295a27-e1a4-4059-b409-57af25972d8a	8	5741213	5746973	26	-0.9959
d2295a27-e1a4-4059-b409-57af25972d8a	8	5749566	7357288	1704	0.0254
d2295a27-e1a4-4059-b409-57af25972d8a	8	7357323	8234503	66	-0.9764
d2295a27-e1a4-4059-b409-57af25972d8a	8	8235660	11967598	3173	-0.0003
d2295a27-e1a4-4059-b409-57af25972d8a	8	11970766	12701420	120	-0.3116
d2295a27-e1a4-4059-b409-57af25972d8a	8	12702326	14652059	1921	0.0404
d2295a27-e1a4-4059-b409-57af25972d8a	8	14652523	14652565	3	-1.9199
d2295a27-e1a4-4059-b409-57af25972d8a	8	14652887	25122472	8466	0.0333
d2295a27-e1a4-4059-b409-57af25972d8a	8	25126554	25126818	6	-1.1706
d2295a27-e1a4-4059-b409-57af25972d8a	8	25133589	39373140	9005	0.0209
d2295a27-e1a4-4059-b409-57af25972d8a	8	39378084	39529446	59	1.0912
d2295a27-e1a4-4059-b409-57af25972d8a	8	39530780	71300130	17878	0.0261
d2295a27-e1a4-4059-b409-57af25972d8a	8	71303076	71304364	8	-2.5585
d2295a27-e1a4-4059-b409-57af25972d8a	8	71307628	78266379	4442	0.0261
d2295a27-e1a4-4059-b409-57af25972d8a	8	78268410	78273089	4	-1.2797
d2295a27-e1a4-4059-b409-57af25972d8a	8	78276379	85127671	3925	0.0287
d2295a27-e1a4-4059-b409-57af25972d8a	8	85128081	85128353	2	1.8907
d2295a27-e1a4-4059-b409-57af25972d8a	8	85133155	107859361	13787	0.0168
d2295a27-e1a4-4059-b409-57af25972d8a	8	107866993	107867363	2	-2.1455
d2295a27-e1a4-4059-b409-57af25972d8a	8	107867745	111282417	1915	0.0231
d2295a27-e1a4-4059-b409-57af25972d8a	8	111282441	111283016	5	-1.6763
d2295a27-e1a4-4059-b409-57af25972d8a	8	111283031	114626166	1836	0.0295
d2295a27-e1a4-4059-b409-57af25972d8a	8	114626238	114628588	7	-0.9517
d2295a27-e1a4-4059-b409-57af25972d8a	8	114628679	136881227	16078	0.0185
d2295a27-e1a4-4059-b409-57af25972d8a	8	136882257	136882271	2	-3.4387
d2295a27-e1a4-4059-b409-57af25972d8a	8	136888490	140994205	3169	0.024
d2295a27-e1a4-4059-b409-57af25972d8a	8	140994220	142445166	864	-0.1219
d2295a27-e1a4-4059-b409-57af25972d8a	8	142447039	142770337	109	0.0076
d2295a27-e1a4-4059-b409-57af25972d8a	8	142775847	142793177	3	-2.4113
d2295a27-e1a4-4059-b409-57af25972d8a	8	142798511	145072769	821	-0.0192
d2295a27-e1a4-4059-b409-57af25972d8a	9	46587	11274798	10693	0.0307
d2295a27-e1a4-4059-b409-57af25972d8a	9	11275208	12517596	960	0.1262
d2295a27-e1a4-4059-b409-57af25972d8a	9	12520329	23361807	8752	0.0225
d2295a27-e1a4-4059-b409-57af25972d8a	9	23363117	23373486	8	-2.0335
d2295a27-e1a4-4059-b409-57af25972d8a	9	23378490	39807498	10736	0.029
d2295a27-e1a4-4059-b409-57af25972d8a	9	39827488	40099921	6	1.6679
d2295a27-e1a4-4059-b409-57af25972d8a	9	40189830	61405110	190	0.1336
d2295a27-e1a4-4059-b409-57af25972d8a	9	61520021	61665362	31	0.6965
d2295a27-e1a4-4059-b409-57af25972d8a	9	61668104	68388042	178	-0.2028
d2295a27-e1a4-4059-b409-57af25972d8a	9	68390662	77153394	6492	0.0214
d2295a27-e1a4-4059-b409-57af25972d8a	9	77153789	77162205	30	0.5678
d2295a27-e1a4-4059-b409-57af25972d8a	9	77162488	90840685	9687	0.022
d2295a27-e1a4-4059-b409-57af25972d8a	9	90840877	90847386	9	-0.3607
d2295a27-e1a4-4059-b409-57af25972d8a	9	90847491	90847850	2	-3.4105
d2295a27-e1a4-4059-b409-57af25972d8a	9	90850677	138200944	31632	0.0134
d2295a27-e1a4-4059-b409-57af25972d8a	10	45792	4197915	3521	-0.0055
d2295a27-e1a4-4059-b409-57af25972d8a	10	4198530	4199380	4	-1.8547
d2295a27-e1a4-4059-b409-57af25972d8a	10	4201806	6362738	1856	0.004
d2295a27-e1a4-4059-b409-57af25972d8a	10	6365775	6369519	16	-0.6594
d2295a27-e1a4-4059-b409-57af25972d8a	10	6376792	10808295	3793	0.0376
d2295a27-e1a4-4059-b409-57af25972d8a	10	10808903	10808997	2	-1.8769
d2295a27-e1a4-4059-b409-57af25972d8a	10	10811024	26398822	11621	0.0311
d2295a27-e1a4-4059-b409-57af25972d8a	10	26398860	26400075	2	-2.0232
d2295a27-e1a4-4059-b409-57af25972d8a	10	26400319	46088693	10634	0.0158
d2295a27-e1a4-4059-b409-57af25972d8a	10	46092447	46553922	216	-0.247
d2295a27-e1a4-4059-b409-57af25972d8a	10	46554143	59604357	8673	0.0299
d2295a27-e1a4-4059-b409-57af25972d8a	10	59604372	59605506	7	-1.1444
d2295a27-e1a4-4059-b409-57af25972d8a	10	59605724	65546518	4021	0.0171
d2295a27-e1a4-4059-b409-57af25972d8a	10	65548165	65554688	28	0.6449
d2295a27-e1a4-4059-b409-57af25972d8a	10	65563037	79593012	9207	0.0106
d2295a27-e1a4-4059-b409-57af25972d8a	10	79595316	79737848	15	-1.1359
d2295a27-e1a4-4059-b409-57af25972d8a	10	79747269	122574497	29032	0.0186
d2295a27-e1a4-4059-b409-57af25972d8a	10	122584593	122591497	6	-1.418
d2295a27-e1a4-4059-b409-57af25972d8a	10	122597296	130601384	6003	0.0145
d2295a27-e1a4-4059-b409-57af25972d8a	10	130604675	130793527	177	-0.191
d2295a27-e1a4-4059-b409-57af25972d8a	10	130797707	133654968	1708	-0.0142
d2295a27-e1a4-4059-b409-57af25972d8a	11	198510	4946166	2413	-0.0035
d2295a27-e1a4-4059-b409-57af25972d8a	11	4946420	4952799	26	0.9553
d2295a27-e1a4-4059-b409-57af25972d8a	11	4953934	5766175	789	0.032
d2295a27-e1a4-4059-b409-57af25972d8a	11	5766850	5788231	34	-0.7214
d2295a27-e1a4-4059-b409-57af25972d8a	11	5791130	6096746	244	-0.0185
d2295a27-e1a4-4059-b409-57af25972d8a	11	6099417	6100864	2	-2.8401
d2295a27-e1a4-4059-b409-57af25972d8a	11	6101273	18919323	9146	0.0034
d2295a27-e1a4-4059-b409-57af25972d8a	11	18927525	18940271	43	0.8468
d2295a27-e1a4-4059-b409-57af25972d8a	11	18940375	55593955	21737	0.0293
d2295a27-e1a4-4059-b409-57af25972d8a	11	55595864	55679856	56	-0.3453
d2295a27-e1a4-4059-b409-57af25972d8a	11	55679989	64806234	5118	0.025
d2295a27-e1a4-4059-b409-57af25972d8a	11	64806290	65906682	414	-0.105
d2295a27-e1a4-4059-b409-57af25972d8a	11	65906792	80256460	7712	0.0126
d2295a27-e1a4-4059-b409-57af25972d8a	11	80256469	80256520	3	-4.0344
d2295a27-e1a4-4059-b409-57af25972d8a	11	80256642	89735715	6581	0.0243
d2295a27-e1a4-4059-b409-57af25972d8a	11	89736714	89802498	10	-0.8377
d2295a27-e1a4-4059-b409-57af25972d8a	11	89810584	107359993	12493	0.0253
d2295a27-e1a4-4059-b409-57af25972d8a	11	107367930	107368402	7	-2.4112
d2295a27-e1a4-4059-b409-57af25972d8a	11	107381636	134356384	19314	0.0162
d2295a27-e1a4-4059-b409-57af25972d8a	11	134358099	134756405	345	-0.1534
d2295a27-e1a4-4059-b409-57af25972d8a	11	134756993	135074876	238	-0.0296
d2295a27-e1a4-4059-b409-57af25972d8a	12	51460	224079	96	-0.2573
d2295a27-e1a4-4059-b409-57af25972d8a	12	225299	9343297	6011	0.0047
d2295a27-e1a4-4059-b409-57af25972d8a	12	9343806	9481274	60	-0.2858
d2295a27-e1a4-4059-b409-57af25972d8a	12	9485313	9575696	23	-2.3622
d2295a27-e1a4-4059-b409-57af25972d8a	12	9582373	58074981	29174	0.019
d2295a27-e1a4-4059-b409-57af25972d8a	12	58074983	58075565	2	2.0833
d2295a27-e1a4-4059-b409-57af25972d8a	12	58075799	63711417	3680	0.0185
d2295a27-e1a4-4059-b409-57af25972d8a	12	63716253	63742874	11	-1.1545
d2295a27-e1a4-4059-b409-57af25972d8a	12	63749408	70478895	4462	0.0177
d2295a27-e1a4-4059-b409-57af25972d8a	12	70482534	70484247	8	-3.048
d2295a27-e1a4-4059-b409-57af25972d8a	12	70485605	131634088	40645	0.0167
d2295a27-e1a4-4059-b409-57af25972d8a	12	131635702	131670109	23	-0.691
d2295a27-e1a4-4059-b409-57af25972d8a	12	131670329	133201603	551	-0.0006
d2295a27-e1a4-4059-b409-57af25972d8a	13	18452809	48335065	20943	0.0194
d2295a27-e1a4-4059-b409-57af25972d8a	13	48337128	48337254	6	-1.1713
d2295a27-e1a4-4059-b409-57af25972d8a	13	48343303	50344529	1184	0.0283
d2295a27-e1a4-4059-b409-57af25972d8a	13	50344909	50345520	2	-2.6125
d2295a27-e1a4-4059-b409-57af25972d8a	13	50347810	63617097	7651	0.0362
d2295a27-e1a4-4059-b409-57af25972d8a	13	63619780	64360470	436	0.1671
d2295a27-e1a4-4059-b409-57af25972d8a	13	64363350	68668047	2676	0.0608
d2295a27-e1a4-4059-b409-57af25972d8a	13	68668123	68694110	39	-0.8478
d2295a27-e1a4-4059-b409-57af25972d8a	13	68694987	71902850	2061	0.0284
d2295a27-e1a4-4059-b409-57af25972d8a	13	71903417	71906418	4	1.9343
d2295a27-e1a4-4059-b409-57af25972d8a	13	71906467	114342922	29047	0.0231
d2295a27-e1a4-4059-b409-57af25972d8a	14	18239283	18605732	11	-0.4186
d2295a27-e1a4-4059-b409-57af25972d8a	14	18605867	19197351	29	0.1904
d2295a27-e1a4-4059-b409-57af25972d8a	14	19203845	19957701	130	-0.3807
d2295a27-e1a4-4059-b409-57af25972d8a	14	19957752	42509872	14439	0.02
d2295a27-e1a4-4059-b409-57af25972d8a	14	42516965	44394287	1105	0.1069
d2295a27-e1a4-4059-b409-57af25972d8a	14	44394963	106321086	39344	0.0165
d2295a27-e1a4-4059-b409-57af25972d8a	14	106340102	106360014	8	-1.3732
d2295a27-e1a4-4059-b409-57af25972d8a	14	106362628	106403147	23	-0.1027
d2295a27-e1a4-4059-b409-57af25972d8a	14	106407604	106487827	59	0.6206
d2295a27-e1a4-4059-b409-57af25972d8a	14	106492557	106877229	191	0.0346
d2295a27-e1a4-4059-b409-57af25972d8a	15	19811075	20235285	63	0.1416
d2295a27-e1a4-4059-b409-57af25972d8a	15	20240885	22299009	142	-1.0001
d2295a27-e1a4-4059-b409-57af25972d8a	15	22299523	24469643	1022	0.0299
d2295a27-e1a4-4059-b409-57af25972d8a	15	24469692	24469711	2	-2.3732
d2295a27-e1a4-4059-b409-57af25972d8a	15	24472373	101928837	50273	0.0122
d2295a27-e1a4-4059-b409-57af25972d8a	16	10777	457904	203	-0.0496
d2295a27-e1a4-4059-b409-57af25972d8a	16	458081	486680	17	-0.8206
d2295a27-e1a4-4059-b409-57af25972d8a	16	486686	55762682	26661	0.0108
d2295a27-e1a4-4059-b409-57af25972d8a	16	55764310	55764867	3	4.6853
d2295a27-e1a4-4059-b409-57af25972d8a	16	55770436	55775312	6	0.7432
d2295a27-e1a4-4059-b409-57af25972d8a	16	55775554	70105639	8746	0.0159
d2295a27-e1a4-4059-b409-57af25972d8a	16	70117657	70164493	15	-1.0377
d2295a27-e1a4-4059-b409-57af25972d8a	16	70177541	74335633	2291	0.0265
d2295a27-e1a4-4059-b409-57af25972d8a	16	74346075	74422703	11	-1.2764
d2295a27-e1a4-4059-b409-57af25972d8a	16	74431498	78335549	3198	0.0177
d2295a27-e1a4-4059-b409-57af25972d8a	16	78335563	78351104	20	0.6931
d2295a27-e1a4-4059-b409-57af25972d8a	16	78351540	90096867	10593	0.0038
d2295a27-e1a4-4059-b409-57af25972d8a	17	150733	41266851	20798	0.009
d2295a27-e1a4-4059-b409-57af25972d8a	17	41266901	41267234	7	1.5131
d2295a27-e1a4-4059-b409-57af25972d8a	17	41271598	41273697	6	0.0816
d2295a27-e1a4-4059-b409-57af25972d8a	17	41273905	41274198	4	2.8708
d2295a27-e1a4-4059-b409-57af25972d8a	17	41274279	45423584	2134	0.0043
d2295a27-e1a4-4059-b409-57af25972d8a	17	45434172	46085732	363	-0.1202
d2295a27-e1a4-4059-b409-57af25972d8a	17	46088437	46284643	122	0.5832
d2295a27-e1a4-4059-b409-57af25972d8a	17	46284997	83091923	21545	0.0099
d2295a27-e1a4-4059-b409-57af25972d8a	18	48133	40678652	22768	0.0182
d2295a27-e1a4-4059-b409-57af25972d8a	18	40678741	40690108	25	0.5006
d2295a27-e1a4-4059-b409-57af25972d8a	18	40690234	42476636	1213	0.0238
d2295a27-e1a4-4059-b409-57af25972d8a	18	42476672	42477802	23	-1.0236
d2295a27-e1a4-4059-b409-57af25972d8a	18	42478430	65999785	16205	0.0172
d2295a27-e1a4-4059-b409-57af25972d8a	18	66000597	66001840	3	-2.9301
d2295a27-e1a4-4059-b409-57af25972d8a	18	66007711	66030735	25	0.164
d2295a27-e1a4-4059-b409-57af25972d8a	18	66033038	66060531	16	0.6109
d2295a27-e1a4-4059-b409-57af25972d8a	18	66060553	67292086	830	0.0252
d2295a27-e1a4-4059-b409-57af25972d8a	18	67292135	67300028	18	-1.1426
d2295a27-e1a4-4059-b409-57af25972d8a	18	67300481	71370602	2972	0.0335
d2295a27-e1a4-4059-b409-57af25972d8a	18	71371355	73809118	1965	0.112
d2295a27-e1a4-4059-b409-57af25972d8a	18	73815255	80257174	4636	0.0009
d2295a27-e1a4-4059-b409-57af25972d8a	19	90910	12422445	4948	0.0103
d2295a27-e1a4-4059-b409-57af25972d8a	19	12427951	12428068	2	-3.4837
d2295a27-e1a4-4059-b409-57af25972d8a	19	12428785	21632117	4636	0.0105
d2295a27-e1a4-4059-b409-57af25972d8a	19	21632838	21649919	8	-1.4494
d2295a27-e1a4-4059-b409-57af25972d8a	19	21652931	58586487	19468	0.0123
d2295a27-e1a4-4059-b409-57af25972d8a	20	80664	1580353	1204	-0.028
d2295a27-e1a4-4059-b409-57af25972d8a	20	1580934	1618415	46	-0.5221
d2295a27-e1a4-4059-b409-57af25972d8a	20	1618432	64324800	41062	0.0091
d2295a27-e1a4-4059-b409-57af25972d8a	21	10354168	19932773	4518	0.0162
d2295a27-e1a4-4059-b409-57af25972d8a	21	19933022	23799739	2973	0.0622
d2295a27-e1a4-4059-b409-57af25972d8a	21	23800383	46677045	16344	0.0097
d2295a27-e1a4-4059-b409-57af25972d8a	22	15294547	19118607	1255	0.0324
d2295a27-e1a4-4059-b409-57af25972d8a	22	19119924	23670579	2943	-0.0995
d2295a27-e1a4-4059-b409-57af25972d8a	22	23672042	23832116	84	0.0485
d2295a27-e1a4-4059-b409-57af25972d8a	22	23832148	23832323	3	-2.1711
d2295a27-e1a4-4059-b409-57af25972d8a	22	23832914	48872888	17712	0.0115
d2295a27-e1a4-4059-b409-57af25972d8a	22	48874111	48874730	2	-3.3618
d2295a27-e1a4-4059-b409-57af25972d8a	22	48877479	50796027	1228	-0.0584
d2295a27-e1a4-4059-b409-57af25972d8a	X	251810	32965828	20466	0.0209
d2295a27-e1a4-4059-b409-57af25972d8a	X	32969337	32969498	2	-2.1437
d2295a27-e1a4-4059-b409-57af25972d8a	X	32970141	91712745	26774	0.032
d2295a27-e1a4-4059-b409-57af25972d8a	X	91715507	91716703	5	-1.5735
d2295a27-e1a4-4059-b409-57af25972d8a	X	91716741	92130284	133	-0.0885
d2295a27-e1a4-4059-b409-57af25972d8a	X	92133666	147055640	31193	0.0229
d2295a27-e1a4-4059-b409-57af25972d8a	X	147055715	149564565	1763	-0.0175
d2295a27-e1a4-4059-b409-57af25972d8a	X	149564769	149716451	65	-0.3602
d2295a27-e1a4-4059-b409-57af25972d8a	X	149717115	155952689	3211	-0.0177
d2295a27-e1a4-4059-b409-57af25972d8a	Y	2782397	3314408	191	-3.2946
d2295a27-e1a4-4059-b409-57af25972d8a	Y	3326047	6233384	593	-2.8847
d2295a27-e1a4-4059-b409-57af25972d8a	Y	6249869	7575908	466	-3.404
d2295a27-e1a4-4059-b409-57af25972d8a	Y	7581341	9326090	974	-3.6619
d2295a27-e1a4-4059-b409-57af25972d8a	Y	9326723	9554275	29	-5.3268
d2295a27-e1a4-4059-b409-57af25972d8a	Y	9554586	9921955	69	-3.6217
d2295a27-e1a4-4059-b409-57af25972d8a	Y	9937005	56872112	4317	-3.3331
