GDC_Aliquot	Chromosome	Start	End	Num_Probes	Segment_Mean
5528ed94-763e-4543-acda-16194c6172cd	1	3301765	3605560	129	0.1294
5528ed94-763e-4543-acda-16194c6172cd	1	3619080	3775287	99	0.4256
5528ed94-763e-4543-acda-16194c6172cd	1	3778083	5420547	1242	0.0782
5528ed94-763e-4543-acda-16194c6172cd	1	5421771	7949703	1540	-0.5205
5528ed94-763e-4543-acda-16194c6172cd	1	7955376	7977589	15	-1.3053
5528ed94-763e-4543-acda-16194c6172cd	1	7979139	14623980	3258	-0.4991
5528ed94-763e-4543-acda-16194c6172cd	1	14624523	14642994	21	-2.5268
5528ed94-763e-4543-acda-16194c6172cd	1	14644316	17592712	1398	-0.4982
5528ed94-763e-4543-acda-16194c6172cd	1	17593322	19125931	1140	-0.6048
5528ed94-763e-4543-acda-16194c6172cd	1	19126871	35763393	8551	-0.5031
5528ed94-763e-4543-acda-16194c6172cd	1	35766441	36189036	167	0.278
5528ed94-763e-4543-acda-16194c6172cd	1	36192910	36273510	39	0.822
5528ed94-763e-4543-acda-16194c6172cd	1	36274397	36741501	273	1.1502
5528ed94-763e-4543-acda-16194c6172cd	1	36741532	36813435	43	0.7987
5528ed94-763e-4543-acda-16194c6172cd	1	36813776	37704470	536	0.3382
5528ed94-763e-4543-acda-16194c6172cd	1	37708513	38106504	172	0.6283
5528ed94-763e-4543-acda-16194c6172cd	1	38106651	38628986	364	0.3389
5528ed94-763e-4543-acda-16194c6172cd	1	38633346	38635858	2	1.7014
5528ed94-763e-4543-acda-16194c6172cd	1	38638289	38910281	179	0.3028
5528ed94-763e-4543-acda-16194c6172cd	1	38914548	39325437	192	0.8442
5528ed94-763e-4543-acda-16194c6172cd	1	39328434	54809957	8140	0.322
5528ed94-763e-4543-acda-16194c6172cd	1	54811139	55124792	252	0.5021
5528ed94-763e-4543-acda-16194c6172cd	1	55124907	55660063	457	0.3308
5528ed94-763e-4543-acda-16194c6172cd	1	55663431	55663693	2	-1.4776
5528ed94-763e-4543-acda-16194c6172cd	1	55667795	56460770	589	0.3274
5528ed94-763e-4543-acda-16194c6172cd	1	56464693	119981332	39305	0.2375
5528ed94-763e-4543-acda-16194c6172cd	1	119984738	152740527	1227	0.7154
5528ed94-763e-4543-acda-16194c6172cd	1	152740619	152740947	3	-0.8017
5528ed94-763e-4543-acda-16194c6172cd	1	152743348	155817414	1551	0.7218
5528ed94-763e-4543-acda-16194c6172cd	1	155820708	157553053	906	1.0353
5528ed94-763e-4543-acda-16194c6172cd	1	157558173	157580276	35	0.7216
5528ed94-763e-4543-acda-16194c6172cd	1	157583054	166746413	6467	0.1985
5528ed94-763e-4543-acda-16194c6172cd	1	166747477	166758127	19	0.7124
5528ed94-763e-4543-acda-16194c6172cd	1	166758552	179990175	8365	0.1997
5528ed94-763e-4543-acda-16194c6172cd	1	179994389	180047080	34	0.654
5528ed94-763e-4543-acda-16194c6172cd	1	180047451	187260111	4692	0.1912
5528ed94-763e-4543-acda-16194c6172cd	1	187261000	195562041	4915	0.1565
5528ed94-763e-4543-acda-16194c6172cd	1	195562222	196104928	346	0.2351
5528ed94-763e-4543-acda-16194c6172cd	1	196105645	201298055	3017	0.1792
5528ed94-763e-4543-acda-16194c6172cd	1	201298603	202154898	571	0.2937
5528ed94-763e-4543-acda-16194c6172cd	1	202155381	203196253	612	0.1752
5528ed94-763e-4543-acda-16194c6172cd	1	203196983	203849615	425	0.2972
5528ed94-763e-4543-acda-16194c6172cd	1	203856548	203860610	5	0.7956
5528ed94-763e-4543-acda-16194c6172cd	1	203862133	204423910	375	1.249
5528ed94-763e-4543-acda-16194c6172cd	1	204424454	204509302	63	0.7382
5528ed94-763e-4543-acda-16194c6172cd	1	204519463	204519774	4	-0.3443
5528ed94-763e-4543-acda-16194c6172cd	1	204520429	205095883	508	0.7058
5528ed94-763e-4543-acda-16194c6172cd	1	205097825	205122522	16	0.2649
5528ed94-763e-4543-acda-16194c6172cd	1	205122602	205349855	140	0.5022
5528ed94-763e-4543-acda-16194c6172cd	1	205351273	209246753	2497	0.1776
5528ed94-763e-4543-acda-16194c6172cd	1	209248964	210738048	1161	0.6253
5528ed94-763e-4543-acda-16194c6172cd	1	210739125	210756551	21	-0.0198
5528ed94-763e-4543-acda-16194c6172cd	1	210757467	222926425	8067	0.6258
5528ed94-763e-4543-acda-16194c6172cd	1	222926909	223006472	60	0.8885
5528ed94-763e-4543-acda-16194c6172cd	1	223006702	226303955	1778	0.6302
5528ed94-763e-4543-acda-16194c6172cd	1	226303961	233554604	4716	0.5612
5528ed94-763e-4543-acda-16194c6172cd	1	233554905	234508902	790	0.9046
5528ed94-763e-4543-acda-16194c6172cd	1	234512552	236015742	808	1.0753
5528ed94-763e-4543-acda-16194c6172cd	1	236016661	236315530	185	0.9501
5528ed94-763e-4543-acda-16194c6172cd	1	236319078	239375708	2453	0.6941
5528ed94-763e-4543-acda-16194c6172cd	1	239378947	240161945	594	1.0124
5528ed94-763e-4543-acda-16194c6172cd	1	240163389	247650984	4225	0.688
5528ed94-763e-4543-acda-16194c6172cd	2	480597	2496407	584	0.5383
5528ed94-763e-4543-acda-16194c6172cd	2	2497896	2639689	138	0.8974
5528ed94-763e-4543-acda-16194c6172cd	2	2640571	8610523	4321	0.5392
5528ed94-763e-4543-acda-16194c6172cd	2	8610543	10252182	1030	0.6098
5528ed94-763e-4543-acda-16194c6172cd	2	10252299	23282433	8809	0.5441
5528ed94-763e-4543-acda-16194c6172cd	2	23283911	24350447	628	0.8653
5528ed94-763e-4543-acda-16194c6172cd	2	24357007	24959724	268	1.1843
5528ed94-763e-4543-acda-16194c6172cd	2	24960093	25214270	109	0.9115
5528ed94-763e-4543-acda-16194c6172cd	2	25216494	27169074	915	0.6184
5528ed94-763e-4543-acda-16194c6172cd	2	27172128	28559397	674	0.9626
5528ed94-763e-4543-acda-16194c6172cd	2	28561843	28647806	66	1.2789
5528ed94-763e-4543-acda-16194c6172cd	2	28650346	28757668	43	0.9806
5528ed94-763e-4543-acda-16194c6172cd	2	28759903	39190698	5565	0.6207
5528ed94-763e-4543-acda-16194c6172cd	2	39190816	39239084	24	1.1059
5528ed94-763e-4543-acda-16194c6172cd	2	39239233	43712048	2770	0.648
5528ed94-763e-4543-acda-16194c6172cd	2	43713127	43713177	2	-0.9533
5528ed94-763e-4543-acda-16194c6172cd	2	43714437	64303800	11574	0.6288
5528ed94-763e-4543-acda-16194c6172cd	2	64308147	66296665	1436	0.161
5528ed94-763e-4543-acda-16194c6172cd	2	66299910	66336988	36	0.6403
5528ed94-763e-4543-acda-16194c6172cd	2	66337544	74135863	4579	0.1667
5528ed94-763e-4543-acda-16194c6172cd	2	74137721	74368356	139	0.6708
5528ed94-763e-4543-acda-16194c6172cd	2	74369183	88528443	6930	0.1854
5528ed94-763e-4543-acda-16194c6172cd	2	88531099	88547885	15	-0.5531
5528ed94-763e-4543-acda-16194c6172cd	2	88551557	96631417	636	0.1768
5528ed94-763e-4543-acda-16194c6172cd	2	96635570	96900411	92	0.4787
5528ed94-763e-4543-acda-16194c6172cd	2	96904327	100489186	1667	0.1649
5528ed94-763e-4543-acda-16194c6172cd	2	100490686	100511088	24	0.6439
5528ed94-763e-4543-acda-16194c6172cd	2	100522096	107264303	4347	0.1789
5528ed94-763e-4543-acda-16194c6172cd	2	107264402	107320301	30	-0.2332
5528ed94-763e-4543-acda-16194c6172cd	2	107416458	111954868	1795	0.1872
5528ed94-763e-4543-acda-16194c6172cd	2	111955340	112075544	86	0.5067
5528ed94-763e-4543-acda-16194c6172cd	2	112082399	135945067	11941	0.1875
5528ed94-763e-4543-acda-16194c6172cd	2	135954736	136083562	73	0.6472
5528ed94-763e-4543-acda-16194c6172cd	2	136091849	136987369	714	0.2261
5528ed94-763e-4543-acda-16194c6172cd	2	136990157	136999251	7	-0.8297
5528ed94-763e-4543-acda-16194c6172cd	2	137009978	164941303	15763	0.2059
5528ed94-763e-4543-acda-16194c6172cd	2	164945995	167983543	1790	-0.5542
5528ed94-763e-4543-acda-16194c6172cd	2	167983805	176280756	5266	0.1959
5528ed94-763e-4543-acda-16194c6172cd	2	176281519	176292655	9	0.5712
5528ed94-763e-4543-acda-16194c6172cd	2	176294754	176319311	14	1.074
5528ed94-763e-4543-acda-16194c6172cd	2	176321948	176610245	232	0.5306
5528ed94-763e-4543-acda-16194c6172cd	2	176613242	184286588	4564	0.2038
5528ed94-763e-4543-acda-16194c6172cd	2	184290169	184306330	2	1.642
5528ed94-763e-4543-acda-16194c6172cd	2	184306640	187945659	1458	0.1961
5528ed94-763e-4543-acda-16194c6172cd	2	187946738	187948929	3	-1.1804
5528ed94-763e-4543-acda-16194c6172cd	2	187956355	216389412	15699	0.189
5528ed94-763e-4543-acda-16194c6172cd	2	216391932	216424084	21	0.7113
5528ed94-763e-4543-acda-16194c6172cd	2	216424232	218504334	1376	0.2057
5528ed94-763e-4543-acda-16194c6172cd	2	218516482	232695785	8486	0.2671
5528ed94-763e-4543-acda-16194c6172cd	2	232705225	241537572	5459	-0.5332
5528ed94-763e-4543-acda-16194c6172cd	3	2170634	2234819	48	-0.6182
5528ed94-763e-4543-acda-16194c6172cd	3	2234886	2236267	2	-2.3681
5528ed94-763e-4543-acda-16194c6172cd	3	2236385	9647877	4327	-0.5346
5528ed94-763e-4543-acda-16194c6172cd	3	9650465	10044996	164	0.0026
5528ed94-763e-4543-acda-16194c6172cd	3	10045954	14181615	2729	-0.5639
5528ed94-763e-4543-acda-16194c6172cd	3	14183085	14749174	411	-0.3056
5528ed94-763e-4543-acda-16194c6172cd	3	14749864	14813634	49	-0.5786
5528ed94-763e-4543-acda-16194c6172cd	3	14815184	14815586	4	-1.8044
5528ed94-763e-4543-acda-16194c6172cd	3	14816266	23741222	4806	-0.5206
5528ed94-763e-4543-acda-16194c6172cd	3	23747411	24683142	606	0.7222
5528ed94-763e-4543-acda-16194c6172cd	3	24683392	24723951	22	0.3151
5528ed94-763e-4543-acda-16194c6172cd	3	24724765	24748548	40	0.1189
5528ed94-763e-4543-acda-16194c6172cd	3	24748562	24763941	26	0.3484
5528ed94-763e-4543-acda-16194c6172cd	3	24766137	40824581	10051	0.704
5528ed94-763e-4543-acda-16194c6172cd	3	40828504	41731715	639	0.2269
5528ed94-763e-4543-acda-16194c6172cd	3	41754349	45501733	1936	-0.5775
5528ed94-763e-4543-acda-16194c6172cd	3	45513873	45593386	66	0.1789
5528ed94-763e-4543-acda-16194c6172cd	3	45599022	50060921	1971	-0.5563
5528ed94-763e-4543-acda-16194c6172cd	3	50063709	50412526	136	0.7173
5528ed94-763e-4543-acda-16194c6172cd	3	50414701	50446006	16	0.1478
5528ed94-763e-4543-acda-16194c6172cd	3	50446879	53085518	1147	-0.5578
5528ed94-763e-4543-acda-16194c6172cd	3	53087260	55208049	1558	0.2306
5528ed94-763e-4543-acda-16194c6172cd	3	55215838	57643461	1579	0.7079
5528ed94-763e-4543-acda-16194c6172cd	3	57645141	70435980	8250	0.2367
5528ed94-763e-4543-acda-16194c6172cd	3	70441336	71614097	735	0.6865
5528ed94-763e-4543-acda-16194c6172cd	3	71614588	76806673	3083	0.2313
5528ed94-763e-4543-acda-16194c6172cd	3	76807428	76816604	2	1.7206
5528ed94-763e-4543-acda-16194c6172cd	3	76820310	84795786	4205	0.2196
5528ed94-763e-4543-acda-16194c6172cd	3	84798833	84823831	2	1.8132
5528ed94-763e-4543-acda-16194c6172cd	3	84830880	95856581	3606	0.2276
5528ed94-763e-4543-acda-16194c6172cd	3	95858371	112471993	9099	0.1618
5528ed94-763e-4543-acda-16194c6172cd	3	112477228	126027031	8065	-0.5453
5528ed94-763e-4543-acda-16194c6172cd	3	126032055	128478333	1533	-0.6333
5528ed94-763e-4543-acda-16194c6172cd	3	128478439	133592652	2832	-0.5439
5528ed94-763e-4543-acda-16194c6172cd	3	133593444	134315359	468	0.2051
5528ed94-763e-4543-acda-16194c6172cd	3	134317451	139392804	2574	0.6443
5528ed94-763e-4543-acda-16194c6172cd	3	139394307	139609385	137	1.0811
5528ed94-763e-4543-acda-16194c6172cd	3	139609520	154401052	8089	0.6447
5528ed94-763e-4543-acda-16194c6172cd	3	154401970	154424146	10	1.2792
5528ed94-763e-4543-acda-16194c6172cd	3	154424502	197812401	22146	0.6403
5528ed94-763e-4543-acda-16194c6172cd	4	1059384	1280780	120	0.4756
5528ed94-763e-4543-acda-16194c6172cd	4	1284038	1646725	36	0.8631
5528ed94-763e-4543-acda-16194c6172cd	4	1646769	1737005	63	1.1387
5528ed94-763e-4543-acda-16194c6172cd	4	1750693	3838039	886	0.8785
5528ed94-763e-4543-acda-16194c6172cd	4	3838557	5789479	1284	1.1733
5528ed94-763e-4543-acda-16194c6172cd	4	5789541	6851005	743	1.4113
5528ed94-763e-4543-acda-16194c6172cd	4	6852333	8704195	1210	0.6609
5528ed94-763e-4543-acda-16194c6172cd	4	8704538	20341222	7610	0.2292
5528ed94-763e-4543-acda-16194c6172cd	4	20343145	20378881	19	-0.422
5528ed94-763e-4543-acda-16194c6172cd	4	20382157	69453762	26039	0.2332
5528ed94-763e-4543-acda-16194c6172cd	4	69456094	96108153	15567	-0.5203
5528ed94-763e-4543-acda-16194c6172cd	4	96115991	96116117	2	-3.1517
5528ed94-763e-4543-acda-16194c6172cd	4	96117489	169309637	40453	-0.5218
5528ed94-763e-4543-acda-16194c6172cd	4	169314287	169359194	26	0.2639
5528ed94-763e-4543-acda-16194c6172cd	4	169360586	182022987	6865	-0.5298
5528ed94-763e-4543-acda-16194c6172cd	4	182023828	182023843	2	-2.5557
5528ed94-763e-4543-acda-16194c6172cd	4	182025416	187842528	2542	-0.5701
5528ed94-763e-4543-acda-16194c6172cd	5	913983	4208982	2110	0.1593
5528ed94-763e-4543-acda-16194c6172cd	5	4209379	13217905	6299	0.212
5528ed94-763e-4543-acda-16194c6172cd	5	13226590	19028209	3200	0.3652
5528ed94-763e-4543-acda-16194c6172cd	5	19029411	57480984	18682	0.2269
5528ed94-763e-4543-acda-16194c6172cd	5	57488201	80196042	12474	-0.5387
5528ed94-763e-4543-acda-16194c6172cd	5	80197364	80350567	81	-0.2729
5528ed94-763e-4543-acda-16194c6172cd	5	80355812	99048081	9921	-0.5436
5528ed94-763e-4543-acda-16194c6172cd	5	99051624	101378891	555	0.2273
5528ed94-763e-4543-acda-16194c6172cd	5	101383089	101423699	2	2.1186
5528ed94-763e-4543-acda-16194c6172cd	5	101423715	102718717	544	0.219
5528ed94-763e-4543-acda-16194c6172cd	5	102729477	102774969	39	0.6953
5528ed94-763e-4543-acda-16194c6172cd	5	102790043	118931194	9636	0.2082
5528ed94-763e-4543-acda-16194c6172cd	5	118935374	119844786	530	0.6939
5528ed94-763e-4543-acda-16194c6172cd	5	119853728	122317516	1273	0.23
5528ed94-763e-4543-acda-16194c6172cd	5	122318079	122503762	133	0.6808
5528ed94-763e-4543-acda-16194c6172cd	5	122505400	139744841	10057	0.2087
5528ed94-763e-4543-acda-16194c6172cd	5	139748740	143097531	1843	-0.0654
5528ed94-763e-4543-acda-16194c6172cd	5	143101884	143124684	26	0.4505
5528ed94-763e-4543-acda-16194c6172cd	5	143131693	149421914	4086	-0.0629
5528ed94-763e-4543-acda-16194c6172cd	5	149422208	149457065	21	0.8382
5528ed94-763e-4543-acda-16194c6172cd	5	149457473	149695307	150	-0.0041
5528ed94-763e-4543-acda-16194c6172cd	5	149697061	162957918	8653	0.2082
5528ed94-763e-4543-acda-16194c6172cd	5	162959843	169232171	4230	0.1655
5528ed94-763e-4543-acda-16194c6172cd	5	169233748	178222985	5162	0.2037
5528ed94-763e-4543-acda-16194c6172cd	5	178223992	178225391	2	-1.315
5528ed94-763e-4543-acda-16194c6172cd	5	178275580	178650474	238	0.2358
5528ed94-763e-4543-acda-16194c6172cd	5	178650655	178652961	2	2.2143
5528ed94-763e-4543-acda-16194c6172cd	5	178653370	178840998	124	0.1967
5528ed94-763e-4543-acda-16194c6172cd	5	178841178	180831857	1016	0.6991
5528ed94-763e-4543-acda-16194c6172cd	5	180840129	180879768	23	1.1741
5528ed94-763e-4543-acda-16194c6172cd	5	180895735	180934240	23	0.812
5528ed94-763e-4543-acda-16194c6172cd	6	1011760	6415439	3946	0.0872
5528ed94-763e-4543-acda-16194c6172cd	6	6415701	6584846	143	0.2329
5528ed94-763e-4543-acda-16194c6172cd	6	6586825	6870918	238	0.3575
5528ed94-763e-4543-acda-16194c6172cd	6	6871080	16476989	6693	0.2238
5528ed94-763e-4543-acda-16194c6172cd	6	16485144	16509581	26	0.7107
5528ed94-763e-4543-acda-16194c6172cd	6	16513643	17746282	821	0.2153
5528ed94-763e-4543-acda-16194c6172cd	6	17816767	18225070	255	0.671
5528ed94-763e-4543-acda-16194c6172cd	6	18226470	18239225	16	0.2218
5528ed94-763e-4543-acda-16194c6172cd	6	18239261	18430356	158	0.688
5528ed94-763e-4543-acda-16194c6172cd	6	18439664	19471953	814	0.2364
5528ed94-763e-4543-acda-16194c6172cd	6	19487630	19494515	8	-0.947
5528ed94-763e-4543-acda-16194c6172cd	6	19500945	23828677	3119	0.2139
5528ed94-763e-4543-acda-16194c6172cd	6	23833201	29228360	2410	-0.5648
5528ed94-763e-4543-acda-16194c6172cd	6	29237690	34182481	1472	0.2574
5528ed94-763e-4543-acda-16194c6172cd	6	34185534	34415431	90	0.7869
5528ed94-763e-4543-acda-16194c6172cd	6	34416011	34707604	170	0.4567
5528ed94-763e-4543-acda-16194c6172cd	6	34709326	34745926	17	0.7575
5528ed94-763e-4543-acda-16194c6172cd	6	34746301	44330492	5912	0.2446
5528ed94-763e-4543-acda-16194c6172cd	6	44333370	45352139	529	0.7173
5528ed94-763e-4543-acda-16194c6172cd	6	45358011	68479713	10981	0.2328
5528ed94-763e-4543-acda-16194c6172cd	6	68482636	68536807	32	0.7316
5528ed94-763e-4543-acda-16194c6172cd	6	68544411	69120980	372	0.2332
5528ed94-763e-4543-acda-16194c6172cd	6	69131385	89048639	11252	-0.5208
5528ed94-763e-4543-acda-16194c6172cd	6	89048882	89258993	124	0.2331
5528ed94-763e-4543-acda-16194c6172cd	6	89261071	104880272	8360	-0.5111
5528ed94-763e-4543-acda-16194c6172cd	6	104884357	114282483	5846	-0.5499
5528ed94-763e-4543-acda-16194c6172cd	6	114285163	114905963	325	-0.4838
5528ed94-763e-4543-acda-16194c6172cd	6	114923004	114930564	2	-3.4138
5528ed94-763e-4543-acda-16194c6172cd	6	114936470	151262305	21826	-0.5346
5528ed94-763e-4543-acda-16194c6172cd	6	151262859	152246592	744	-0.3805
5528ed94-763e-4543-acda-16194c6172cd	6	152247935	153583575	967	-0.5146
5528ed94-763e-4543-acda-16194c6172cd	6	153583693	153584696	2	-2.3486
5528ed94-763e-4543-acda-16194c6172cd	6	153585374	154481531	672	-0.5322
5528ed94-763e-4543-acda-16194c6172cd	6	154482550	170596889	8771	-0.5813
5528ed94-763e-4543-acda-16194c6172cd	7	664936	4372563	1405	-0.5618
5528ed94-763e-4543-acda-16194c6172cd	7	4372661	25505173	12139	-0.5157
5528ed94-763e-4543-acda-16194c6172cd	7	25505501	56641562	19977	-0.5592
5528ed94-763e-4543-acda-16194c6172cd	7	57130116	68180799	1478	0.2208
5528ed94-763e-4543-acda-16194c6172cd	7	68182287	68182920	3	-1.2588
5528ed94-763e-4543-acda-16194c6172cd	7	68183656	71932112	2307	0.2218
5528ed94-763e-4543-acda-16194c6172cd	7	71932926	75115775	857	0.7211
5528ed94-763e-4543-acda-16194c6172cd	7	75415352	77179907	411	0.2615
5528ed94-763e-4543-acda-16194c6172cd	7	77180017	93487658	8775	0.2126
5528ed94-763e-4543-acda-16194c6172cd	7	93492110	93518571	22	-0.3799
5528ed94-763e-4543-acda-16194c6172cd	7	93520901	121546239	14586	0.2223
5528ed94-763e-4543-acda-16194c6172cd	7	121547647	121587943	28	0.6241
5528ed94-763e-4543-acda-16194c6172cd	7	121588520	132543807	5942	0.2087
5528ed94-763e-4543-acda-16194c6172cd	7	132550902	132787119	170	0.4917
5528ed94-763e-4543-acda-16194c6172cd	7	132789134	135152482	1420	0.2123
5528ed94-763e-4543-acda-16194c6172cd	7	135154542	138583481	2147	0.1262
5528ed94-763e-4543-acda-16194c6172cd	7	138595769	139639221	549	0.208
5528ed94-763e-4543-acda-16194c6172cd	7	139639518	140066864	268	0.5043
5528ed94-763e-4543-acda-16194c6172cd	7	140069911	140774932	322	0.231
5528ed94-763e-4543-acda-16194c6172cd	7	140774948	144789209	1785	0.1785
5528ed94-763e-4543-acda-16194c6172cd	7	144789272	145495224	389	0.2639
5528ed94-763e-4543-acda-16194c6172cd	7	145495625	145495800	2	-0.9938
5528ed94-763e-4543-acda-16194c6172cd	7	145495852	146911945	685	0.25
5528ed94-763e-4543-acda-16194c6172cd	7	146916886	146934428	12	-0.5334
5528ed94-763e-4543-acda-16194c6172cd	7	146943075	146984502	32	0.2392
5528ed94-763e-4543-acda-16194c6172cd	7	146984516	155625848	4589	0.2914
5528ed94-763e-4543-acda-16194c6172cd	7	155626877	158592540	1624	0.7249
5528ed94-763e-4543-acda-16194c6172cd	8	667625	4359942	1925	-0.6239
5528ed94-763e-4543-acda-16194c6172cd	8	4359975	22345921	10694	-0.5461
5528ed94-763e-4543-acda-16194c6172cd	8	22346699	23492993	554	-0.6069
5528ed94-763e-4543-acda-16194c6172cd	8	23495902	23502448	4	-2.6044
5528ed94-763e-4543-acda-16194c6172cd	8	23505888	37351782	8744	-0.5423
5528ed94-763e-4543-acda-16194c6172cd	8	37352004	37368206	19	0.2087
5528ed94-763e-4543-acda-16194c6172cd	8	37370213	46547532	3134	-0.5479
5528ed94-763e-4543-acda-16194c6172cd	8	46549323	52464093	3072	0.178
5528ed94-763e-4543-acda-16194c6172cd	8	52464676	79150748	15708	0.2193
5528ed94-763e-4543-acda-16194c6172cd	8	79158462	79360161	151	0.4399
5528ed94-763e-4543-acda-16194c6172cd	8	79363231	86473939	3653	0.2301
5528ed94-763e-4543-acda-16194c6172cd	8	86478792	86490125	7	1.0517
5528ed94-763e-4543-acda-16194c6172cd	8	86494776	94992100	4879	0.6691
5528ed94-763e-4543-acda-16194c6172cd	8	94994883	95077967	47	0.9758
5528ed94-763e-4543-acda-16194c6172cd	8	95084799	95085385	3	0.235
5528ed94-763e-4543-acda-16194c6172cd	8	95085479	95362334	211	0.9818
5528ed94-763e-4543-acda-16194c6172cd	8	95368021	96168916	583	0.6787
5528ed94-763e-4543-acda-16194c6172cd	8	96170041	96436644	166	0.9612
5528ed94-763e-4543-acda-16194c6172cd	8	96440287	97184052	420	0.6756
5528ed94-763e-4543-acda-16194c6172cd	8	97186619	98393845	809	1.0056
5528ed94-763e-4543-acda-16194c6172cd	8	98398538	101638842	1767	0.692
5528ed94-763e-4543-acda-16194c6172cd	8	101638873	103308700	989	0.6432
5528ed94-763e-4543-acda-16194c6172cd	8	103308751	113393259	5282	0.7162
5528ed94-763e-4543-acda-16194c6172cd	8	113394088	113394107	2	-0.8596
5528ed94-763e-4543-acda-16194c6172cd	8	113394713	127219700	8952	0.7133
5528ed94-763e-4543-acda-16194c6172cd	8	127222897	127430224	154	1.0397
5528ed94-763e-4543-acda-16194c6172cd	8	127435304	127440521	2	-0.9323
5528ed94-763e-4543-acda-16194c6172cd	8	127441520	138846842	8389	1.0062
5528ed94-763e-4543-acda-16194c6172cd	8	138846921	142849006	1546	1.1976
5528ed94-763e-4543-acda-16194c6172cd	8	142851754	144182542	356	1.3395
5528ed94-763e-4543-acda-16194c6172cd	9	789794	80541698	32118	-0.5155
5528ed94-763e-4543-acda-16194c6172cd	9	80541833	80542451	3	-2.5523
5528ed94-763e-4543-acda-16194c6172cd	9	80542725	92316840	8104	-0.5334
5528ed94-763e-4543-acda-16194c6172cd	9	92598089	101994948	5926	0.2237
5528ed94-763e-4543-acda-16194c6172cd	9	101995103	111752406	6649	-0.5141
5528ed94-763e-4543-acda-16194c6172cd	9	111752506	115789821	2611	0.169
5528ed94-763e-4543-acda-16194c6172cd	9	115791976	116356521	333	0.5817
5528ed94-763e-4543-acda-16194c6172cd	9	116357907	117007926	556	0.1331
5528ed94-763e-4543-acda-16194c6172cd	9	117009614	117048838	33	-0.7276
5528ed94-763e-4543-acda-16194c6172cd	9	117049324	122217851	3761	0.1319
5528ed94-763e-4543-acda-16194c6172cd	9	122220221	129289455	3940	-0.501
5528ed94-763e-4543-acda-16194c6172cd	9	129292763	129841616	265	-0.3019
5528ed94-763e-4543-acda-16194c6172cd	9	129841635	133735744	2510	-0.5118
5528ed94-763e-4543-acda-16194c6172cd	9	133736936	135634729	935	-0.6148
5528ed94-763e-4543-acda-16194c6172cd	9	135636029	138044505	677	-0.5125
5528ed94-763e-4543-acda-16194c6172cd	10	366509	4160326	2254	0.4118
5528ed94-763e-4543-acda-16194c6172cd	10	4161388	6631295	1976	-0.1543
5528ed94-763e-4543-acda-16194c6172cd	10	6803275	12236411	4126	-0.3373
5528ed94-763e-4543-acda-16194c6172cd	10	12240185	12670171	336	0.3432
5528ed94-763e-4543-acda-16194c6172cd	10	12673189	13924777	1106	0.7671
5528ed94-763e-4543-acda-16194c6172cd	10	13925167	14111012	190	0.3175
5528ed94-763e-4543-acda-16194c6172cd	10	14115262	18210747	2983	-0.339
5528ed94-763e-4543-acda-16194c6172cd	10	18213820	18214263	2	2.0739
5528ed94-763e-4543-acda-16194c6172cd	10	18215758	22095114	2696	-0.3182
5528ed94-763e-4543-acda-16194c6172cd	10	22095510	22104120	8	0.5232
5528ed94-763e-4543-acda-16194c6172cd	10	22106937	22978704	503	-0.3383
5528ed94-763e-4543-acda-16194c6172cd	10	22982456	23119349	94	0.338
5528ed94-763e-4543-acda-16194c6172cd	10	23119421	23293808	106	0.526
5528ed94-763e-4543-acda-16194c6172cd	10	23294077	23455644	85	0.3871
5528ed94-763e-4543-acda-16194c6172cd	10	23455711	25576848	1443	-0.149
5528ed94-763e-4543-acda-16194c6172cd	10	25576932	30871242	3705	-0.3335
5528ed94-763e-4543-acda-16194c6172cd	10	30873766	31587229	450	-0.2212
5528ed94-763e-4543-acda-16194c6172cd	10	31588626	31694501	76	0.3227
5528ed94-763e-4543-acda-16194c6172cd	10	31697515	32400684	445	-0.3202
5528ed94-763e-4543-acda-16194c6172cd	10	32403560	36492461	2552	0.1093
5528ed94-763e-4543-acda-16194c6172cd	10	36495975	36595025	53	-0.8444
5528ed94-763e-4543-acda-16194c6172cd	10	36595943	37425393	474	0.0983
5528ed94-763e-4543-acda-16194c6172cd	10	37426059	49385649	3785	0.1918
5528ed94-763e-4543-acda-16194c6172cd	10	49385948	60230447	6227	0.2304
5528ed94-763e-4543-acda-16194c6172cd	10	60234024	60263213	28	0.7836
5528ed94-763e-4543-acda-16194c6172cd	10	60263276	81964302	12933	0.2363
5528ed94-763e-4543-acda-16194c6172cd	10	81969752	82296042	296	-0.4703
5528ed94-763e-4543-acda-16194c6172cd	10	82296062	87692330	3436	-0.5505
5528ed94-763e-4543-acda-16194c6172cd	10	87693697	96177369	5146	-0.4987
5528ed94-763e-4543-acda-16194c6172cd	10	96179604	96190730	21	0.2046
5528ed94-763e-4543-acda-16194c6172cd	10	96196136	97685980	1010	-0.5466
5528ed94-763e-4543-acda-16194c6172cd	10	97688247	100697983	1786	0.2481
5528ed94-763e-4543-acda-16194c6172cd	10	100701157	101119029	244	0.7196
5528ed94-763e-4543-acda-16194c6172cd	10	101119054	102397290	534	0.2427
5528ed94-763e-4543-acda-16194c6172cd	10	102399939	102443154	13	0.7617
5528ed94-763e-4543-acda-16194c6172cd	10	102453847	109394807	4476	0.2303
5528ed94-763e-4543-acda-16194c6172cd	10	109403819	109427145	12	0.8941
5528ed94-763e-4543-acda-16194c6172cd	10	109429234	112568007	2057	0.2338
5528ed94-763e-4543-acda-16194c6172cd	10	112569549	112570802	2	-1.3156
5528ed94-763e-4543-acda-16194c6172cd	10	112571175	119439257	4710	0.2319
5528ed94-763e-4543-acda-16194c6172cd	10	119447760	119490687	34	0.7059
5528ed94-763e-4543-acda-16194c6172cd	10	119494099	124456396	3760	0.2144
5528ed94-763e-4543-acda-16194c6172cd	10	124460367	125073549	370	0.3334
5528ed94-763e-4543-acda-16194c6172cd	10	125079474	125097258	18	0.8059
5528ed94-763e-4543-acda-16194c6172cd	10	125097477	125325909	150	0.3001
5528ed94-763e-4543-acda-16194c6172cd	10	125326068	126990806	1223	0.2096
5528ed94-763e-4543-acda-16194c6172cd	10	126991190	131336720	2860	0.1628
5528ed94-763e-4543-acda-16194c6172cd	10	131337332	133411599	503	-0.4284
5528ed94-763e-4543-acda-16194c6172cd	11	456012	1347541	250	-0.5001
5528ed94-763e-4543-acda-16194c6172cd	11	1348178	1348325	2	-2.7786
5528ed94-763e-4543-acda-16194c6172cd	11	1348621	5287666	1856	-0.469
5528ed94-763e-4543-acda-16194c6172cd	11	5287702	8777306	2359	-0.545
5528ed94-763e-4543-acda-16194c6172cd	11	8778202	9621780	422	-0.4956
5528ed94-763e-4543-acda-16194c6172cd	11	9626290	9818609	137	0.2295
5528ed94-763e-4543-acda-16194c6172cd	11	9820944	10414204	383	-0.4938
5528ed94-763e-4543-acda-16194c6172cd	11	10414438	10415792	3	-2.7004
5528ed94-763e-4543-acda-16194c6172cd	11	10415954	10805232	256	-0.5689
5528ed94-763e-4543-acda-16194c6172cd	11	10805373	12923702	1879	0.0551
5528ed94-763e-4543-acda-16194c6172cd	11	12924618	12924656	3	-1.2246
5528ed94-763e-4543-acda-16194c6172cd	11	12925155	15949499	2043	0.0624
5528ed94-763e-4543-acda-16194c6172cd	11	15955791	16017644	50	0.8497
5528ed94-763e-4543-acda-16194c6172cd	11	16018629	26702364	7389	0.0618
5528ed94-763e-4543-acda-16194c6172cd	11	26702665	27620866	603	0.1284
5528ed94-763e-4543-acda-16194c6172cd	11	27623821	27824485	134	-0.016
5528ed94-763e-4543-acda-16194c6172cd	11	27827769	30828292	1760	0.1299
5528ed94-763e-4543-acda-16194c6172cd	11	30828316	31241881	263	0.0359
5528ed94-763e-4543-acda-16194c6172cd	11	31241959	33770435	1481	0.2266
5528ed94-763e-4543-acda-16194c6172cd	11	33770613	33965604	152	0.6501
5528ed94-763e-4543-acda-16194c6172cd	11	33967313	35208828	961	1.2098
5528ed94-763e-4543-acda-16194c6172cd	11	35209596	36036572	682	0.2154
5528ed94-763e-4543-acda-16194c6172cd	11	36041419	39113768	1462	-0.5278
5528ed94-763e-4543-acda-16194c6172cd	11	39114617	39115693	2	-3.2016
5528ed94-763e-4543-acda-16194c6172cd	11	39115706	43847101	3152	-0.5379
5528ed94-763e-4543-acda-16194c6172cd	11	43847139	45706905	1365	-0.6043
5528ed94-763e-4543-acda-16194c6172cd	11	45707193	47740100	851	-0.5251
5528ed94-763e-4543-acda-16194c6172cd	11	47745509	57567363	1531	0.2218
5528ed94-763e-4543-acda-16194c6172cd	11	57571888	57610852	29	0.7051
5528ed94-763e-4543-acda-16194c6172cd	11	57611359	63133449	2958	0.203
5528ed94-763e-4543-acda-16194c6172cd	11	63139778	64050327	408	0.7137
5528ed94-763e-4543-acda-16194c6172cd	11	64062033	64825436	308	0.2269
5528ed94-763e-4543-acda-16194c6172cd	11	64828200	65985114	40	0.7191
5528ed94-763e-4543-acda-16194c6172cd	11	65988237	67251953	476	0.192
5528ed94-763e-4543-acda-16194c6172cd	11	67253191	67512417	95	0.4967
5528ed94-763e-4543-acda-16194c6172cd	11	67513089	111350665	25964	0.1758
5528ed94-763e-4543-acda-16194c6172cd	11	111350847	115540761	2832	0.0986
5528ed94-763e-4543-acda-16194c6172cd	11	115541636	115601606	58	0.3817
5528ed94-763e-4543-acda-16194c6172cd	11	115601977	117643086	1472	0.0909
5528ed94-763e-4543-acda-16194c6172cd	11	117650888	117790732	110	-0.8769
5528ed94-763e-4543-acda-16194c6172cd	11	117791092	119890268	1376	0.107
5528ed94-763e-4543-acda-16194c6172cd	11	119893326	120052026	148	0.5905
5528ed94-763e-4543-acda-16194c6172cd	11	120052550	120857094	568	0.0949
5528ed94-763e-4543-acda-16194c6172cd	11	120857803	120871112	13	0.4709
5528ed94-763e-4543-acda-16194c6172cd	11	120871733	120879109	5	0.9339
5528ed94-763e-4543-acda-16194c6172cd	11	120880373	120889223	7	0.4434
5528ed94-763e-4543-acda-16194c6172cd	11	120891493	122529840	1165	0.0847
5528ed94-763e-4543-acda-16194c6172cd	11	122532755	125168558	1908	0.0292
5528ed94-763e-4543-acda-16194c6172cd	11	125169487	126190771	710	0.1442
5528ed94-763e-4543-acda-16194c6172cd	11	126190827	127064641	693	0.0951
5528ed94-763e-4543-acda-16194c6172cd	11	127065382	127066661	4	0.9721
5528ed94-763e-4543-acda-16194c6172cd	11	127068441	129056380	1606	0.0845
5528ed94-763e-4543-acda-16194c6172cd	11	129056981	130467961	821	0.1498
5528ed94-763e-4543-acda-16194c6172cd	11	130468231	130468268	2	-1.3182
5528ed94-763e-4543-acda-16194c6172cd	11	130469101	134272740	2378	0.1052
5528ed94-763e-4543-acda-16194c6172cd	12	780472	11000226	5594	-0.5527
5528ed94-763e-4543-acda-16194c6172cd	12	11200674	31534110	12985	0.2399
5528ed94-763e-4543-acda-16194c6172cd	12	31545106	31915248	180	0.7097
5528ed94-763e-4543-acda-16194c6172cd	12	31919612	32965221	752	0.2435
5528ed94-763e-4543-acda-16194c6172cd	12	32969127	32969881	5	-0.5712
5528ed94-763e-4543-acda-16194c6172cd	12	32970116	33255284	127	0.2593
5528ed94-763e-4543-acda-16194c6172cd	12	33255393	33294568	34	0.671
5528ed94-763e-4543-acda-16194c6172cd	12	33297169	43942601	2818	0.2228
5528ed94-763e-4543-acda-16194c6172cd	12	43943632	43967816	18	0.7037
5528ed94-763e-4543-acda-16194c6172cd	12	43968152	47132947	1826	0.2433
5528ed94-763e-4543-acda-16194c6172cd	12	47133816	47134025	2	1.8682
5528ed94-763e-4543-acda-16194c6172cd	12	47134590	47550395	277	0.2538
5528ed94-763e-4543-acda-16194c6172cd	12	47664492	48006148	228	0.7047
5528ed94-763e-4543-acda-16194c6172cd	12	48009261	56492041	4420	0.2363
5528ed94-763e-4543-acda-16194c6172cd	12	56492611	56800015	113	0.4605
5528ed94-763e-4543-acda-16194c6172cd	12	56800188	79167184	13819	0.2229
5528ed94-763e-4543-acda-16194c6172cd	12	79169548	79211310	26	0.7403
5528ed94-763e-4543-acda-16194c6172cd	12	79211856	86437958	4240	0.2101
5528ed94-763e-4543-acda-16194c6172cd	12	86441747	86443538	2	-2.4231
5528ed94-763e-4543-acda-16194c6172cd	12	86447088	96723455	6340	0.2122
5528ed94-763e-4543-acda-16194c6172cd	12	96734447	96750326	15	0.396
5528ed94-763e-4543-acda-16194c6172cd	12	96752027	96878618	77	0.6727
5528ed94-763e-4543-acda-16194c6172cd	12	96880522	96917731	29	0.4907
5528ed94-763e-4543-acda-16194c6172cd	12	96923145	97240819	234	0.1971
5528ed94-763e-4543-acda-16194c6172cd	12	97242039	97830696	534	0.4215
5528ed94-763e-4543-acda-16194c6172cd	12	97831188	97840203	8	0.0842
5528ed94-763e-4543-acda-16194c6172cd	12	97840509	126887121	17396	-0.5403
5528ed94-763e-4543-acda-16194c6172cd	12	126889117	126889193	2	-3.5802
5528ed94-763e-4543-acda-16194c6172cd	12	126890667	132605822	2233	-0.5766
5528ed94-763e-4543-acda-16194c6172cd	13	18874255	19952621	366	-0.7177
5528ed94-763e-4543-acda-16194c6172cd	13	19953271	21393095	637	0.1678
5528ed94-763e-4543-acda-16194c6172cd	13	21398108	21439590	17	0.7479
5528ed94-763e-4543-acda-16194c6172cd	13	21444326	27306274	3624	0.1455
5528ed94-763e-4543-acda-16194c6172cd	13	27309999	28110403	617	0.5728
5528ed94-763e-4543-acda-16194c6172cd	13	28110925	29697391	1145	0.151
5528ed94-763e-4543-acda-16194c6172cd	13	29700970	29702234	2	-1.5985
5528ed94-763e-4543-acda-16194c6172cd	13	29702682	42616040	8766	0.15
5528ed94-763e-4543-acda-16194c6172cd	13	42616145	42660774	35	0.6381
5528ed94-763e-4543-acda-16194c6172cd	13	42668697	43634428	483	0.1635
5528ed94-763e-4543-acda-16194c6172cd	13	43635429	43695871	77	0.5961
5528ed94-763e-4543-acda-16194c6172cd	13	43700105	44094005	234	0.865
5528ed94-763e-4543-acda-16194c6172cd	13	44095032	44166258	48	0.6493
5528ed94-763e-4543-acda-16194c6172cd	13	44168290	51284570	3823	0.1626
5528ed94-763e-4543-acda-16194c6172cd	13	51284823	58798586	3469	-0.5224
5528ed94-763e-4543-acda-16194c6172cd	13	58799887	58799936	2	-3.3017
5528ed94-763e-4543-acda-16194c6172cd	13	58806646	62721181	2265	-0.5261
5528ed94-763e-4543-acda-16194c6172cd	13	62721284	62730610	2	1.4476
5528ed94-763e-4543-acda-16194c6172cd	13	62730689	70975720	3926	-0.5244
5528ed94-763e-4543-acda-16194c6172cd	13	70976925	70978200	2	-2.7471
5528ed94-763e-4543-acda-16194c6172cd	13	70986104	76530171	3834	-0.5241
5528ed94-763e-4543-acda-16194c6172cd	13	76536576	93072499	9732	0.1992
5528ed94-763e-4543-acda-16194c6172cd	13	93074935	93223050	119	-0.5201
5528ed94-763e-4543-acda-16194c6172cd	13	93231480	100558698	4672	0.2004
5528ed94-763e-4543-acda-16194c6172cd	13	100559798	100628761	30	0.6506
5528ed94-763e-4543-acda-16194c6172cd	13	100631243	111406389	7856	0.2165
5528ed94-763e-4543-acda-16194c6172cd	13	111406666	114226675	1225	0.7926
5528ed94-763e-4543-acda-16194c6172cd	14	20033191	23081678	1028	0.2442
5528ed94-763e-4543-acda-16194c6172cd	14	23082045	24835787	938	0.0743
5528ed94-763e-4543-acda-16194c6172cd	14	24839181	24839886	2	-1.6172
5528ed94-763e-4543-acda-16194c6172cd	14	24840372	26741742	1294	0.0439
5528ed94-763e-4543-acda-16194c6172cd	14	26744986	33002474	3445	0.3064
5528ed94-763e-4543-acda-16194c6172cd	14	33003139	36389114	2169	-0.4034
5528ed94-763e-4543-acda-16194c6172cd	14	36389840	36842343	390	-0.4831
5528ed94-763e-4543-acda-16194c6172cd	14	36842518	47836154	5041	-0.4227
5528ed94-763e-4543-acda-16194c6172cd	14	47839028	47853939	10	0.305
5528ed94-763e-4543-acda-16194c6172cd	14	47854158	48665931	409	-0.4277
5528ed94-763e-4543-acda-16194c6172cd	14	48665954	48671491	5	-1.6611
5528ed94-763e-4543-acda-16194c6172cd	14	48671680	49576562	522	-0.4058
5528ed94-763e-4543-acda-16194c6172cd	14	49578285	53725027	2654	-0.4946
5528ed94-763e-4543-acda-16194c6172cd	14	53729308	53762073	29	0.3246
5528ed94-763e-4543-acda-16194c6172cd	14	53765279	71751387	10941	-0.4588
5528ed94-763e-4543-acda-16194c6172cd	14	71756016	77549928	3665	-0.3686
5528ed94-763e-4543-acda-16194c6172cd	14	77550131	78062469	382	-0.1651
5528ed94-763e-4543-acda-16194c6172cd	14	78063343	80891637	1930	-0.3652
5528ed94-763e-4543-acda-16194c6172cd	14	80895349	81067902	130	-0.1659
5528ed94-763e-4543-acda-16194c6172cd	14	81071140	94330956	8113	-0.3761
5528ed94-763e-4543-acda-16194c6172cd	14	94332834	105533894	6672	-0.2157
5528ed94-763e-4543-acda-16194c6172cd	15	23437561	33326618	3880	-0.5785
5528ed94-763e-4543-acda-16194c6172cd	15	33326741	33967909	597	-0.5369
5528ed94-763e-4543-acda-16194c6172cd	15	33967969	34692790	239	-0.2998
5528ed94-763e-4543-acda-16194c6172cd	15	34693213	54518628	11890	-0.5091
5528ed94-763e-4543-acda-16194c6172cd	15	54521799	54521815	2	-2.9078
5528ed94-763e-4543-acda-16194c6172cd	15	54522666	55474589	610	-0.4941
5528ed94-763e-4543-acda-16194c6172cd	15	55475127	55479731	5	-1.2955
5528ed94-763e-4543-acda-16194c6172cd	15	55480574	56069130	342	-0.4972
5528ed94-763e-4543-acda-16194c6172cd	15	56072274	56101385	19	0.2972
5528ed94-763e-4543-acda-16194c6172cd	15	56117521	69537669	8678	-0.5376
5528ed94-763e-4543-acda-16194c6172cd	15	69541386	73492460	2359	-0.5601
5528ed94-763e-4543-acda-16194c6172cd	15	73500491	73501146	2	-2.8643
5528ed94-763e-4543-acda-16194c6172cd	15	73502683	75921087	1143	-0.5803
5528ed94-763e-4543-acda-16194c6172cd	15	75924114	75929595	12	0.2164
5528ed94-763e-4543-acda-16194c6172cd	15	75932604	76894385	468	-0.5786
5528ed94-763e-4543-acda-16194c6172cd	15	76902062	76902090	2	-3.3076
5528ed94-763e-4543-acda-16194c6172cd	15	76903145	86314830	5053	-0.6036
5528ed94-763e-4543-acda-16194c6172cd	15	86320534	86338037	19	-2.4184
5528ed94-763e-4543-acda-16194c6172cd	15	86340618	101344124	9421	-0.5737
5528ed94-763e-4543-acda-16194c6172cd	16	603333	1299928	112	-0.0901
5528ed94-763e-4543-acda-16194c6172cd	16	1300197	9923378	4638	-0.5057
5528ed94-763e-4543-acda-16194c6172cd	16	9923704	13893862	3095	0.1389
5528ed94-763e-4543-acda-16194c6172cd	16	13895264	13899229	3	0.5974
5528ed94-763e-4543-acda-16194c6172cd	16	13901090	13926525	15	0.2656
5528ed94-763e-4543-acda-16194c6172cd	16	13927635	13940844	14	0.7302
5528ed94-763e-4543-acda-16194c6172cd	16	13944317	13993319	32	0.1513
5528ed94-763e-4543-acda-16194c6172cd	16	13994695	14050037	33	0.5702
5528ed94-763e-4543-acda-16194c6172cd	16	14051910	46470502	6089	0.1459
5528ed94-763e-4543-acda-16194c6172cd	16	46473753	47216294	282	-0.2784
5528ed94-763e-4543-acda-16194c6172cd	16	47224495	47469992	107	-0.6385
5528ed94-763e-4543-acda-16194c6172cd	16	47475024	49539937	1256	-0.0755
5528ed94-763e-4543-acda-16194c6172cd	16	49541755	51131598	1042	0.2241
5528ed94-763e-4543-acda-16194c6172cd	16	51135952	51137242	3	-0.8089
5528ed94-763e-4543-acda-16194c6172cd	16	51138766	54015241	2173	0.2447
5528ed94-763e-4543-acda-16194c6172cd	16	54015293	54255617	186	-0.6054
5528ed94-763e-4543-acda-16194c6172cd	16	54256568	56205312	1495	-0.5428
5528ed94-763e-4543-acda-16194c6172cd	16	56207586	56218759	11	0.2027
5528ed94-763e-4543-acda-16194c6172cd	16	56222044	70233657	8191	-0.5089
5528ed94-763e-4543-acda-16194c6172cd	16	70238471	70317526	27	-0.0192
5528ed94-763e-4543-acda-16194c6172cd	16	70317579	70514394	78	-0.4256
5528ed94-763e-4543-acda-16194c6172cd	16	70536137	70540076	2	1.3859
5528ed94-763e-4543-acda-16194c6172cd	16	70543793	82596727	8481	-0.5244
5528ed94-763e-4543-acda-16194c6172cd	16	82597773	82598067	2	-2.7992
5528ed94-763e-4543-acda-16194c6172cd	16	82599210	85968577	1965	-0.534
5528ed94-763e-4543-acda-16194c6172cd	16	85969199	87083257	1115	-0.6303
5528ed94-763e-4543-acda-16194c6172cd	16	87086203	89317317	735	0.229
5528ed94-763e-4543-acda-16194c6172cd	17	1074619	2626530	654	0.5095
5528ed94-763e-4543-acda-16194c6172cd	17	2631416	7188331	2360	0.2825
5528ed94-763e-4543-acda-16194c6172cd	17	7190765	7338611	43	0.6952
5528ed94-763e-4543-acda-16194c6172cd	17	7344520	7476331	54	0.2542
5528ed94-763e-4543-acda-16194c6172cd	17	7477362	8642527	547	-0.5163
5528ed94-763e-4543-acda-16194c6172cd	17	8644590	8667900	24	0.3158
5528ed94-763e-4543-acda-16194c6172cd	17	8680142	18647546	5147	-0.493
5528ed94-763e-4543-acda-16194c6172cd	17	18659407	18935950	89	0.3343
5528ed94-763e-4543-acda-16194c6172cd	17	18936521	20585723	518	0.808
5528ed94-763e-4543-acda-16194c6172cd	17	20591787	20623873	10	0.2258
5528ed94-763e-4543-acda-16194c6172cd	17	20630883	20699136	19	0.6974
5528ed94-763e-4543-acda-16194c6172cd	17	20701796	21399126	272	0.2846
5528ed94-763e-4543-acda-16194c6172cd	17	21399695	27931325	486	-0.502
5528ed94-763e-4543-acda-16194c6172cd	17	27932722	28168562	124	0.2348
5528ed94-763e-4543-acda-16194c6172cd	17	28173585	28699905	202	0.648
5528ed94-763e-4543-acda-16194c6172cd	17	28700426	29057130	160	0.8756
5528ed94-763e-4543-acda-16194c6172cd	17	29058500	29672412	265	0.7024
5528ed94-763e-4543-acda-16194c6172cd	17	29675849	29794148	57	0.2002
5528ed94-763e-4543-acda-16194c6172cd	17	29803539	32993208	1428	-0.5254
5528ed94-763e-4543-acda-16194c6172cd	17	32998518	32999239	2	-4.2745
5528ed94-763e-4543-acda-16194c6172cd	17	32999549	36067159	1458	-0.5449
5528ed94-763e-4543-acda-16194c6172cd	17	36567187	36626278	39	0.1754
5528ed94-763e-4543-acda-16194c6172cd	17	36626819	36640249	14	-0.506
5528ed94-763e-4543-acda-16194c6172cd	17	36640368	36653901	13	-0.9309
5528ed94-763e-4543-acda-16194c6172cd	17	36654500	36699270	34	-0.4988
5528ed94-763e-4543-acda-16194c6172cd	17	36699330	36900828	166	-0.1172
5528ed94-763e-4543-acda-16194c6172cd	17	36901078	41643878	2148	-0.4955
5528ed94-763e-4543-acda-16194c6172cd	17	41650598	41714121	27	0.2412
5528ed94-763e-4543-acda-16194c6172cd	17	41717823	47226142	1916	-0.4794
5528ed94-763e-4543-acda-16194c6172cd	17	47230327	47866541	301	-0.1288
5528ed94-763e-4543-acda-16194c6172cd	17	47868310	49122706	620	-0.4988
5528ed94-763e-4543-acda-16194c6172cd	17	49130338	50443871	706	0.2572
5528ed94-763e-4543-acda-16194c6172cd	17	50443923	50718618	141	0.4905
5528ed94-763e-4543-acda-16194c6172cd	17	50719326	50793141	33	0.3216
5528ed94-763e-4543-acda-16194c6172cd	17	50794365	57317306	4124	0.2322
5528ed94-763e-4543-acda-16194c6172cd	17	57319492	57341372	14	0.9682
5528ed94-763e-4543-acda-16194c6172cd	17	57344724	57706126	273	0.2223
5528ed94-763e-4543-acda-16194c6172cd	17	57706214	57730026	29	0.6526
5528ed94-763e-4543-acda-16194c6172cd	17	57730029	71576978	7629	0.2438
5528ed94-763e-4543-acda-16194c6172cd	17	71577792	75185692	1919	0.3066
5528ed94-763e-4543-acda-16194c6172cd	17	75189562	75597346	169	0.5217
5528ed94-763e-4543-acda-16194c6172cd	17	75597493	82121559	2692	0.3178
5528ed94-763e-4543-acda-16194c6172cd	17	82121899	82628438	177	0.578
5528ed94-763e-4543-acda-16194c6172cd	17	82643549	82959812	175	0.2319
5528ed94-763e-4543-acda-16194c6172cd	18	326691	5475955	2690	0.6804
5528ed94-763e-4543-acda-16194c6172cd	18	5477882	5484994	8	-0.0019
5528ed94-763e-4543-acda-16194c6172cd	18	5490176	10669324	3402	0.6751
5528ed94-763e-4543-acda-16194c6172cd	18	10672043	35913624	11006	0.2233
5528ed94-763e-4543-acda-16194c6172cd	18	35916031	36925489	803	0.6876
5528ed94-763e-4543-acda-16194c6172cd	18	36929029	60285004	14966	0.2263
5528ed94-763e-4543-acda-16194c6172cd	18	60291217	60338976	27	0.7035
5528ed94-763e-4543-acda-16194c6172cd	18	60341366	61724307	859	0.2378
5528ed94-763e-4543-acda-16194c6172cd	18	61726757	61727861	2	-1.1068
5528ed94-763e-4543-acda-16194c6172cd	18	61730056	68792740	3868	0.2139
5528ed94-763e-4543-acda-16194c6172cd	18	68793316	68848841	37	0.7119
5528ed94-763e-4543-acda-16194c6172cd	18	68852518	77621503	4284	0.2016
5528ed94-763e-4543-acda-16194c6172cd	18	77624729	79349796	1026	-0.6399
5528ed94-763e-4543-acda-16194c6172cd	19	283868	2389786	422	0.2742
5528ed94-763e-4543-acda-16194c6172cd	19	2403566	2715630	94	-0.5007
5528ed94-763e-4543-acda-16194c6172cd	19	2728579	17165636	6147	0.2524
5528ed94-763e-4543-acda-16194c6172cd	19	17166874	17898084	301	0.3774
5528ed94-763e-4543-acda-16194c6172cd	19	17900099	19281134	549	0.248
5528ed94-763e-4543-acda-16194c6172cd	19	19287274	31851449	4583	0.2097
5528ed94-763e-4543-acda-16194c6172cd	19	31851618	34474355	1704	0.2612
5528ed94-763e-4543-acda-16194c6172cd	19	34474802	39874001	2744	0.402
5528ed94-763e-4543-acda-16194c6172cd	19	39907346	50835951	4359	-0.4979
5528ed94-763e-4543-acda-16194c6172cd	19	50910072	51216216	181	0.2583
5528ed94-763e-4543-acda-16194c6172cd	19	51217228	54362196	1079	0.6778
5528ed94-763e-4543-acda-16194c6172cd	19	54362228	55121675	330	0.9592
5528ed94-763e-4543-acda-16194c6172cd	19	55130599	56389117	544	-0.5324
5528ed94-763e-4543-acda-16194c6172cd	19	56389924	56390064	2	-2.7007
5528ed94-763e-4543-acda-16194c6172cd	19	56390321	58370362	1119	-0.5443
5528ed94-763e-4543-acda-16194c6172cd	20	472817	6634344	3798	0.6277
5528ed94-763e-4543-acda-16194c6172cd	20	6638529	9727018	1855	0.2037
5528ed94-763e-4543-acda-16194c6172cd	20	9727931	9765697	38	0.674
5528ed94-763e-4543-acda-16194c6172cd	20	9771760	13332535	2670	0.2142
5528ed94-763e-4543-acda-16194c6172cd	20	13333299	25638892	8427	0.1855
5528ed94-763e-4543-acda-16194c6172cd	20	25643955	33682424	1418	0.2362
5528ed94-763e-4543-acda-16194c6172cd	20	33683135	33726061	7	0.4721
5528ed94-763e-4543-acda-16194c6172cd	20	33726250	33757149	17	0.7533
5528ed94-763e-4543-acda-16194c6172cd	20	33758468	34396491	279	0.2152
5528ed94-763e-4543-acda-16194c6172cd	20	34400372	34827021	180	0.6968
5528ed94-763e-4543-acda-16194c6172cd	20	34832157	35994544	558	0.4843
5528ed94-763e-4543-acda-16194c6172cd	20	35997143	37056247	454	0.8882
5528ed94-763e-4543-acda-16194c6172cd	20	37068156	37094427	92	0.5696
5528ed94-763e-4543-acda-16194c6172cd	20	37097999	38699225	975	0.7944
5528ed94-763e-4543-acda-16194c6172cd	20	38699962	41580237	1891	-0.3771
5528ed94-763e-4543-acda-16194c6172cd	20	41586242	46162247	3041	0.3238
5528ed94-763e-4543-acda-16194c6172cd	20	46163333	46163994	2	-1.7384
5528ed94-763e-4543-acda-16194c6172cd	20	46164476	47377405	929	0.3427
5528ed94-763e-4543-acda-16194c6172cd	20	47378190	47385120	2	1.5796
5528ed94-763e-4543-acda-16194c6172cd	20	47387675	47448412	28	0.3043
5528ed94-763e-4543-acda-16194c6172cd	20	47450806	55585507	5480	0.2498
5528ed94-763e-4543-acda-16194c6172cd	20	55589786	56274600	539	-0.4459
5528ed94-763e-4543-acda-16194c6172cd	20	56276690	56308532	30	0.2785
5528ed94-763e-4543-acda-16194c6172cd	20	56308756	56312539	2	1.5405
5528ed94-763e-4543-acda-16194c6172cd	20	56313111	57619830	941	0.2582
5528ed94-763e-4543-acda-16194c6172cd	20	57621387	58251612	503	0.5978
5528ed94-763e-4543-acda-16194c6172cd	20	58251827	58876878	461	0.722
5528ed94-763e-4543-acda-16194c6172cd	20	58877455	62971638	2796	0.6137
5528ed94-763e-4543-acda-16194c6172cd	20	62974417	63588502	159	1.0279
5528ed94-763e-4543-acda-16194c6172cd	21	13974127	19309605	3368	0.2359
5528ed94-763e-4543-acda-16194c6172cd	21	19310895	20505058	766	0.175
5528ed94-763e-4543-acda-16194c6172cd	21	20506842	20511133	4	-0.8167
5528ed94-763e-4543-acda-16194c6172cd	21	20512990	27982454	4844	0.1675
5528ed94-763e-4543-acda-16194c6172cd	21	27984853	28480336	283	0.3409
5528ed94-763e-4543-acda-16194c6172cd	21	28482320	30120648	1180	0.1775
5528ed94-763e-4543-acda-16194c6172cd	21	30125460	33529235	2131	-0.5327
5528ed94-763e-4543-acda-16194c6172cd	21	33535099	33798171	92	0.246
5528ed94-763e-4543-acda-16194c6172cd	21	33798992	33832266	24	0.6418
5528ed94-763e-4543-acda-16194c6172cd	21	33833221	37013458	2099	0.2284
5528ed94-763e-4543-acda-16194c6172cd	21	37016217	38111551	778	0.4419
5528ed94-763e-4543-acda-16194c6172cd	21	38113748	45056420	4595	0.2283
5528ed94-763e-4543-acda-16194c6172cd	21	45067916	45067987	2	-1.5073
5528ed94-763e-4543-acda-16194c6172cd	21	45069194	46262057	432	0.1955
5528ed94-763e-4543-acda-16194c6172cd	22	16934932	28275354	4129	0.2433
5528ed94-763e-4543-acda-16194c6172cd	22	28276418	46777722	11155	-0.5226
5528ed94-763e-4543-acda-16194c6172cd	22	46777825	48740162	1637	-0.617
5528ed94-763e-4543-acda-16194c6172cd	22	48740175	48940621	134	-0.4901
5528ed94-763e-4543-acda-16194c6172cd	X	3236359	10652592	1895	0.7649
5528ed94-763e-4543-acda-16194c6172cd	X	10654636	10663903	6	-0.1718
5528ed94-763e-4543-acda-16194c6172cd	X	10664740	13619670	1957	0.7464
5528ed94-763e-4543-acda-16194c6172cd	X	13620181	13763655	93	1.2646
5528ed94-763e-4543-acda-16194c6172cd	X	13765469	24334044	5060	0.7897
5528ed94-763e-4543-acda-16194c6172cd	X	24339746	32207590	4359	0.7339
5528ed94-763e-4543-acda-16194c6172cd	X	32208206	36131963	1386	0.7812
5528ed94-763e-4543-acda-16194c6172cd	X	36133474	37351109	494	1.0681
5528ed94-763e-4543-acda-16194c6172cd	X	37353338	49606298	5488	0.6491
5528ed94-763e-4543-acda-16194c6172cd	X	49606320	49662280	32	1.2635
5528ed94-763e-4543-acda-16194c6172cd	X	49662971	63960926	3488	0.6639
5528ed94-763e-4543-acda-16194c6172cd	X	63962468	64453734	186	1.4804
5528ed94-763e-4543-acda-16194c6172cd	X	64457039	65293274	366	1.1615
5528ed94-763e-4543-acda-16194c6172cd	X	65299598	65401807	41	0.6293
5528ed94-763e-4543-acda-16194c6172cd	X	65415917	130636067	28176	-0.1003
5528ed94-763e-4543-acda-16194c6172cd	X	130640865	130672366	18	0.6856
5528ed94-763e-4543-acda-16194c6172cd	X	130680823	137447227	2729	-0.1145
5528ed94-763e-4543-acda-16194c6172cd	X	137448765	138905841	811	-2.223
5528ed94-763e-4543-acda-16194c6172cd	X	138906500	138925762	26	-4.2834
5528ed94-763e-4543-acda-16194c6172cd	X	138926233	139179989	160	-2.3308
5528ed94-763e-4543-acda-16194c6172cd	X	139180959	139186232	4	-6.768
5528ed94-763e-4543-acda-16194c6172cd	X	139187674	139520617	218	-2.3347
5528ed94-763e-4543-acda-16194c6172cd	X	139531271	139566088	41	-3.9801
5528ed94-763e-4543-acda-16194c6172cd	X	139566167	149367308	4850	-2.3931
5528ed94-763e-4543-acda-16194c6172cd	X	149367454	152672005	1660	-0.1199
5528ed94-763e-4543-acda-16194c6172cd	X	152672755	153870068	189	0.6414
5528ed94-763e-4543-acda-16194c6172cd	X	153874320	155677414	207	-0.172
