GDC_Aliquot	Chromosome	Start	End	Num_Probes	Segment_Mean
dd321a77-54af-490d-b77b-5043102ba2a2	1	62920	822543	32	-0.2012
dd321a77-54af-490d-b77b-5043102ba2a2	1	825988	3296382	683	0.4871
dd321a77-54af-490d-b77b-5043102ba2a2	1	3298168	9247978	3861	0.0542
dd321a77-54af-490d-b77b-5043102ba2a2	1	9255788	9344634	58	1.2045
dd321a77-54af-490d-b77b-5043102ba2a2	1	9344921	15679297	3475	0.0419
dd321a77-54af-490d-b77b-5043102ba2a2	1	15680805	15841360	92	0.289
dd321a77-54af-490d-b77b-5043102ba2a2	1	15843965	16605031	295	0.0694
dd321a77-54af-490d-b77b-5043102ba2a2	1	16609512	16988207	115	0.5854
dd321a77-54af-490d-b77b-5043102ba2a2	1	16993283	21295043	2857	0.0432
dd321a77-54af-490d-b77b-5043102ba2a2	1	21295676	21298294	2	1.8403
dd321a77-54af-490d-b77b-5043102ba2a2	1	21304987	21361264	45	0.0635
dd321a77-54af-490d-b77b-5043102ba2a2	1	21361361	21477964	56	0.4979
dd321a77-54af-490d-b77b-5043102ba2a2	1	21478555	25256850	2186	0.0536
dd321a77-54af-490d-b77b-5043102ba2a2	1	25266637	25319167	19	1.2452
dd321a77-54af-490d-b77b-5043102ba2a2	1	25319693	30672915	2698	0.0655
dd321a77-54af-490d-b77b-5043102ba2a2	1	30673002	30789158	78	0.3472
dd321a77-54af-490d-b77b-5043102ba2a2	1	30789990	34626073	2104	0.0391
dd321a77-54af-490d-b77b-5043102ba2a2	1	34637053	34638890	19	-1.0374
dd321a77-54af-490d-b77b-5043102ba2a2	1	34648667	72297687	23477	0.0232
dd321a77-54af-490d-b77b-5043102ba2a2	1	72302735	72345465	47	-1.5523
dd321a77-54af-490d-b77b-5043102ba2a2	1	72346221	102215861	19117	0.011
dd321a77-54af-490d-b77b-5043102ba2a2	1	102218136	102383702	140	-0.191
dd321a77-54af-490d-b77b-5043102ba2a2	1	102384232	103524832	571	-0.0025
dd321a77-54af-490d-b77b-5043102ba2a2	1	103556030	103773129	54	-0.3293
dd321a77-54af-490d-b77b-5043102ba2a2	1	103774275	109684893	3529	0.002
dd321a77-54af-490d-b77b-5043102ba2a2	1	109690352	109697556	13	-2.0972
dd321a77-54af-490d-b77b-5043102ba2a2	1	109702376	110833459	827	0.0489
dd321a77-54af-490d-b77b-5043102ba2a2	1	110833598	110845604	39	-1.0119
dd321a77-54af-490d-b77b-5043102ba2a2	1	110849445	112147704	1065	0.0176
dd321a77-54af-490d-b77b-5043102ba2a2	1	112153343	112154591	22	0.5976
dd321a77-54af-490d-b77b-5043102ba2a2	1	112154619	115213386	1879	0.0175
dd321a77-54af-490d-b77b-5043102ba2a2	1	115215593	115216378	2	-1.8575
dd321a77-54af-490d-b77b-5043102ba2a2	1	115216716	143547578	3237	0.0224
dd321a77-54af-490d-b77b-5043102ba2a2	1	143550417	147111792	360	0.1732
dd321a77-54af-490d-b77b-5043102ba2a2	1	147114243	148981563	604	0.0208
dd321a77-54af-490d-b77b-5043102ba2a2	1	148982239	148996719	15	0.9685
dd321a77-54af-490d-b77b-5043102ba2a2	1	148997013	152583051	1420	0.0635
dd321a77-54af-490d-b77b-5043102ba2a2	1	152583230	152618018	36	-0.6409
dd321a77-54af-490d-b77b-5043102ba2a2	1	152618089	152787202	165	0.0562
dd321a77-54af-490d-b77b-5043102ba2a2	1	152789447	152796224	37	0.6264
dd321a77-54af-490d-b77b-5043102ba2a2	1	152801429	199142235	30624	0.0135
dd321a77-54af-490d-b77b-5043102ba2a2	1	199142298	199145262	10	-1.0973
dd321a77-54af-490d-b77b-5043102ba2a2	1	199145619	228323999	19417	0.0161
dd321a77-54af-490d-b77b-5043102ba2a2	1	228325014	228392087	23	0.5395
dd321a77-54af-490d-b77b-5043102ba2a2	1	228397861	240228440	8805	0.0189
dd321a77-54af-490d-b77b-5043102ba2a2	1	240230715	240230839	6	-1.8647
dd321a77-54af-490d-b77b-5043102ba2a2	1	240232805	246651762	4476	0.0149
dd321a77-54af-490d-b77b-5043102ba2a2	1	246655756	246722279	41	0.3204
dd321a77-54af-490d-b77b-5043102ba2a2	1	246722899	246776989	31	-0.0737
dd321a77-54af-490d-b77b-5043102ba2a2	1	246777005	246854352	76	0.2916
dd321a77-54af-490d-b77b-5043102ba2a2	1	246856597	247642766	459	0.0057
dd321a77-54af-490d-b77b-5043102ba2a2	1	247643628	248574146	532	-0.1209
dd321a77-54af-490d-b77b-5043102ba2a2	1	248585893	248633912	32	-1.1936
dd321a77-54af-490d-b77b-5043102ba2a2	1	248645563	248930189	139	0.1021
dd321a77-54af-490d-b77b-5043102ba2a2	2	12784	1484344	987	0.0107
dd321a77-54af-490d-b77b-5043102ba2a2	2	1484437	1891030	215	0.2774
dd321a77-54af-490d-b77b-5043102ba2a2	2	1891564	3144090	944	0.0045
dd321a77-54af-490d-b77b-5043102ba2a2	2	3144167	3192955	44	0.4802
dd321a77-54af-490d-b77b-5043102ba2a2	2	3193106	4155597	746	0.0119
dd321a77-54af-490d-b77b-5043102ba2a2	2	4155990	4175922	37	-0.6127
dd321a77-54af-490d-b77b-5043102ba2a2	2	4175977	34492416	20843	0.0027
dd321a77-54af-490d-b77b-5043102ba2a2	2	34492601	34502800	19	0.9746
dd321a77-54af-490d-b77b-5043102ba2a2	2	34511446	34614998	65	-0.0202
dd321a77-54af-490d-b77b-5043102ba2a2	2	34615655	34615787	3	-2.2477
dd321a77-54af-490d-b77b-5043102ba2a2	2	34620885	42218668	5710	-0.0144
dd321a77-54af-490d-b77b-5043102ba2a2	2	42220217	42225473	6	-1.3107
dd321a77-54af-490d-b77b-5043102ba2a2	2	42227045	50538737	5715	0.0153
dd321a77-54af-490d-b77b-5043102ba2a2	2	50538869	52916424	1729	-0.062
dd321a77-54af-490d-b77b-5043102ba2a2	2	52918389	52918687	2	-1.8511
dd321a77-54af-490d-b77b-5043102ba2a2	2	52919078	53275604	280	-0.069
dd321a77-54af-490d-b77b-5043102ba2a2	2	53275637	106263639	28468	-0.0019
dd321a77-54af-490d-b77b-5043102ba2a2	2	106264257	106268901	11	1.1312
dd321a77-54af-490d-b77b-5043102ba2a2	2	106270799	124264575	10446	-0.0024
dd321a77-54af-490d-b77b-5043102ba2a2	2	124265167	124265289	2	-2.0045
dd321a77-54af-490d-b77b-5043102ba2a2	2	124270393	124429634	109	0.0065
dd321a77-54af-490d-b77b-5043102ba2a2	2	124430184	125700355	750	-0.121
dd321a77-54af-490d-b77b-5043102ba2a2	2	125700372	128880504	1896	0.0163
dd321a77-54af-490d-b77b-5043102ba2a2	2	128880904	128882755	16	-0.9619
dd321a77-54af-490d-b77b-5043102ba2a2	2	128888874	130149773	880	0.0011
dd321a77-54af-490d-b77b-5043102ba2a2	2	130151369	130224975	19	0.8496
dd321a77-54af-490d-b77b-5043102ba2a2	2	130241291	130539652	76	0.1075
dd321a77-54af-490d-b77b-5043102ba2a2	2	130560276	130720444	4	1.1803
dd321a77-54af-490d-b77b-5043102ba2a2	2	130724059	132415455	606	0.0087
dd321a77-54af-490d-b77b-5043102ba2a2	2	132415492	132544794	140	-0.1877
dd321a77-54af-490d-b77b-5043102ba2a2	2	132545002	137646962	3427	0.0073
dd321a77-54af-490d-b77b-5043102ba2a2	2	137647181	138266377	381	-0.1409
dd321a77-54af-490d-b77b-5043102ba2a2	2	138267041	158804973	12379	-0.0018
dd321a77-54af-490d-b77b-5043102ba2a2	2	158806010	158806286	2	-2.3565
dd321a77-54af-490d-b77b-5043102ba2a2	2	158808191	182355589	14596	0.0029
dd321a77-54af-490d-b77b-5043102ba2a2	2	182355747	186024241	2165	-0.0588
dd321a77-54af-490d-b77b-5043102ba2a2	2	186024533	190973478	2718	-0.0072
dd321a77-54af-490d-b77b-5043102ba2a2	2	190973616	190973622	2	-2.0499
dd321a77-54af-490d-b77b-5043102ba2a2	2	190975234	192813460	1144	-0.0002
dd321a77-54af-490d-b77b-5043102ba2a2	2	192815173	193063488	119	-0.1974
dd321a77-54af-490d-b77b-5043102ba2a2	2	193064261	194904235	903	-0.0526
dd321a77-54af-490d-b77b-5043102ba2a2	2	194909869	195324811	272	-0.1813
dd321a77-54af-490d-b77b-5043102ba2a2	2	195325148	207490231	7190	0.0056
dd321a77-54af-490d-b77b-5043102ba2a2	2	207490454	207491392	9	-1.5514
dd321a77-54af-490d-b77b-5043102ba2a2	2	207493563	231674468	15371	-0.0021
dd321a77-54af-490d-b77b-5043102ba2a2	2	231675395	231685849	7	1.1174
dd321a77-54af-490d-b77b-5043102ba2a2	2	231686864	232315640	296	0.0039
dd321a77-54af-490d-b77b-5043102ba2a2	2	232315703	232477992	99	0.3618
dd321a77-54af-490d-b77b-5043102ba2a2	2	232483937	236894723	3020	0.011
dd321a77-54af-490d-b77b-5043102ba2a2	2	236894890	236895479	7	0.963
dd321a77-54af-490d-b77b-5043102ba2a2	2	236895493	238911628	1272	0.0197
dd321a77-54af-490d-b77b-5043102ba2a2	2	238913954	239108788	118	0.3172
dd321a77-54af-490d-b77b-5043102ba2a2	2	239116991	240593613	988	0.022
dd321a77-54af-490d-b77b-5043102ba2a2	2	240604588	240788528	63	0.4143
dd321a77-54af-490d-b77b-5043102ba2a2	2	240794245	241841244	436	0.0224
dd321a77-54af-490d-b77b-5043102ba2a2	2	241973315	242101248	101	-1.0851
dd321a77-54af-490d-b77b-5043102ba2a2	2	242101352	242147305	20	0.0077
dd321a77-54af-490d-b77b-5043102ba2a2	3	20930	66768	43	0.1095
dd321a77-54af-490d-b77b-5043102ba2a2	3	74111	1870759	1620	-0.0851
dd321a77-54af-490d-b77b-5043102ba2a2	3	1871414	10167916	6921	0.0147
dd321a77-54af-490d-b77b-5043102ba2a2	3	10170574	10262839	87	0.3712
dd321a77-54af-490d-b77b-5043102ba2a2	3	10263745	12641257	1785	0.0402
dd321a77-54af-490d-b77b-5043102ba2a2	3	12641264	13335245	509	0.1422
dd321a77-54af-490d-b77b-5043102ba2a2	3	13339113	21767774	5303	0.02
dd321a77-54af-490d-b77b-5043102ba2a2	3	21771868	22264297	479	-0.0913
dd321a77-54af-490d-b77b-5043102ba2a2	3	22268164	65200174	28339	0.0202
dd321a77-54af-490d-b77b-5043102ba2a2	3	65202778	65211204	15	-1.3537
dd321a77-54af-490d-b77b-5043102ba2a2	3	65211319	65221229	28	-0.5661
dd321a77-54af-490d-b77b-5043102ba2a2	3	65221269	65224777	10	-1.2559
dd321a77-54af-490d-b77b-5043102ba2a2	3	65230674	75348062	7272	0.0209
dd321a77-54af-490d-b77b-5043102ba2a2	3	75357247	75650897	87	0.4062
dd321a77-54af-490d-b77b-5043102ba2a2	3	75660150	84649532	4932	-0.0002
dd321a77-54af-490d-b77b-5043102ba2a2	3	84649683	84652985	18	-0.772
dd321a77-54af-490d-b77b-5043102ba2a2	3	84653010	85299939	387	-0.0186
dd321a77-54af-490d-b77b-5043102ba2a2	3	85300793	85592372	161	-0.1604
dd321a77-54af-490d-b77b-5043102ba2a2	3	85593069	99218940	5420	0.0087
dd321a77-54af-490d-b77b-5043102ba2a2	3	99225614	99232990	41	-0.7657
dd321a77-54af-490d-b77b-5043102ba2a2	3	99233548	117254561	11064	0.0156
dd321a77-54af-490d-b77b-5043102ba2a2	3	117254580	117255002	2	-3.7345
dd321a77-54af-490d-b77b-5043102ba2a2	3	117257205	128548375	6863	0.0243
dd321a77-54af-490d-b77b-5043102ba2a2	3	128551050	128623817	41	0.4021
dd321a77-54af-490d-b77b-5043102ba2a2	3	128625943	162795304	20857	0.0118
dd321a77-54af-490d-b77b-5043102ba2a2	3	162795361	162807070	9	1.1075
dd321a77-54af-490d-b77b-5043102ba2a2	3	162810842	162815162	4	-0.4365
dd321a77-54af-490d-b77b-5043102ba2a2	3	162816942	162822702	6	-1.7933
dd321a77-54af-490d-b77b-5043102ba2a2	3	162827928	162834293	5	1.4789
dd321a77-54af-490d-b77b-5043102ba2a2	3	162845543	162908192	42	0.4654
dd321a77-54af-490d-b77b-5043102ba2a2	3	162908207	163944933	587	-0.0328
dd321a77-54af-490d-b77b-5043102ba2a2	3	163945063	163945083	2	-1.3392
dd321a77-54af-490d-b77b-5043102ba2a2	3	163945129	164993886	569	0.0226
dd321a77-54af-490d-b77b-5043102ba2a2	3	164993897	165124255	52	-0.3404
dd321a77-54af-490d-b77b-5043102ba2a2	3	165124706	169012392	2224	-0.0038
dd321a77-54af-490d-b77b-5043102ba2a2	3	169015614	169020840	2	-1.7295
dd321a77-54af-490d-b77b-5043102ba2a2	3	169022039	173436069	2829	0.0148
dd321a77-54af-490d-b77b-5043102ba2a2	3	173436248	173979918	391	-0.1007
dd321a77-54af-490d-b77b-5043102ba2a2	3	173983296	175362822	976	0.0117
dd321a77-54af-490d-b77b-5043102ba2a2	3	175362958	175363536	5	-1.3159
dd321a77-54af-490d-b77b-5043102ba2a2	3	175368999	176218085	551	-0.1061
dd321a77-54af-490d-b77b-5043102ba2a2	3	176218801	183396987	4210	0.0189
dd321a77-54af-490d-b77b-5043102ba2a2	3	183398993	184704124	668	0.1455
dd321a77-54af-490d-b77b-5043102ba2a2	3	184704890	186855916	1435	0.0245
dd321a77-54af-490d-b77b-5043102ba2a2	3	186858015	186858185	2	1.506
dd321a77-54af-490d-b77b-5043102ba2a2	3	186859338	193160173	4590	0.0068
dd321a77-54af-490d-b77b-5043102ba2a2	3	193160256	193161217	5	1.3427
dd321a77-54af-490d-b77b-5043102ba2a2	3	193162684	194809712	1077	0.0079
dd321a77-54af-490d-b77b-5043102ba2a2	3	194811713	195526402	386	0.0961
dd321a77-54af-490d-b77b-5043102ba2a2	3	195529851	196012418	145	0.3436
dd321a77-54af-490d-b77b-5043102ba2a2	3	196012539	196641630	317	0.015
dd321a77-54af-490d-b77b-5043102ba2a2	3	196645551	197041214	185	0.2478
dd321a77-54af-490d-b77b-5043102ba2a2	3	197041377	198169247	567	0.0469
dd321a77-54af-490d-b77b-5043102ba2a2	4	68929	646782	226	0.1002
dd321a77-54af-490d-b77b-5043102ba2a2	4	646820	1059384	126	0.4887
dd321a77-54af-490d-b77b-5043102ba2a2	4	1060146	1299514	129	0.0173
dd321a77-54af-490d-b77b-5043102ba2a2	4	1301173	1387060	35	0.5697
dd321a77-54af-490d-b77b-5043102ba2a2	4	1391361	3470595	868	0.044
dd321a77-54af-490d-b77b-5043102ba2a2	4	3470639	3528143	18	0.9131
dd321a77-54af-490d-b77b-5043102ba2a2	4	3529016	10208766	4261	0.0563
dd321a77-54af-490d-b77b-5043102ba2a2	4	10212536	10227493	10	-1.9133
dd321a77-54af-490d-b77b-5043102ba2a2	4	10227562	10228326	8	-2.9299
dd321a77-54af-490d-b77b-5043102ba2a2	4	10228533	10229874	11	-4.9039
dd321a77-54af-490d-b77b-5043102ba2a2	4	10232590	10233644	7	-2.0044
dd321a77-54af-490d-b77b-5043102ba2a2	4	10234518	10390730	172	0.0676
dd321a77-54af-490d-b77b-5043102ba2a2	4	10391530	10398532	13	0.8923
dd321a77-54af-490d-b77b-5043102ba2a2	4	10398887	25504113	10926	0.0149
dd321a77-54af-490d-b77b-5043102ba2a2	4	25504310	25506182	12	0.68
dd321a77-54af-490d-b77b-5043102ba2a2	4	25506388	40698556	9679	0.015
dd321a77-54af-490d-b77b-5043102ba2a2	4	40701994	40702175	3	2.1118
dd321a77-54af-490d-b77b-5043102ba2a2	4	40702670	43422913	1822	-0.0101
dd321a77-54af-490d-b77b-5043102ba2a2	4	43422963	43423145	2	-1.9512
dd321a77-54af-490d-b77b-5043102ba2a2	4	43426409	44997602	917	-0.0143
dd321a77-54af-490d-b77b-5043102ba2a2	4	45001503	45004318	6	-1.1122
dd321a77-54af-490d-b77b-5043102ba2a2	4	45008952	53830579	3548	0.013
dd321a77-54af-490d-b77b-5043102ba2a2	4	53831261	53835382	3	-1.8871
dd321a77-54af-490d-b77b-5043102ba2a2	4	53840153	68354665	9194	0.0079
dd321a77-54af-490d-b77b-5043102ba2a2	4	68361130	68395346	7	1.2075
dd321a77-54af-490d-b77b-5043102ba2a2	4	68416487	69047322	277	-0.2225
dd321a77-54af-490d-b77b-5043102ba2a2	4	69048506	69523998	280	-0.0195
dd321a77-54af-490d-b77b-5043102ba2a2	4	69524143	69525061	2	-2.862
dd321a77-54af-490d-b77b-5043102ba2a2	4	69526170	87849142	11396	0.0185
dd321a77-54af-490d-b77b-5043102ba2a2	4	87849186	87849248	3	2.5524
dd321a77-54af-490d-b77b-5043102ba2a2	4	87849407	171448195	50278	0.0084
dd321a77-54af-490d-b77b-5043102ba2a2	4	171453733	171456559	10	1.6316
dd321a77-54af-490d-b77b-5043102ba2a2	4	171456573	172066777	398	-0.0055
dd321a77-54af-490d-b77b-5043102ba2a2	4	172067997	172068382	12	0.7886
dd321a77-54af-490d-b77b-5043102ba2a2	4	172074828	172501371	231	-0.0204
dd321a77-54af-490d-b77b-5043102ba2a2	4	172503796	172507492	7	1.0465
dd321a77-54af-490d-b77b-5043102ba2a2	4	172519981	181119951	5572	-0.0109
dd321a77-54af-490d-b77b-5043102ba2a2	4	181120356	188300076	5078	0.0479
dd321a77-54af-490d-b77b-5043102ba2a2	4	188300206	188300270	3	1.7664
dd321a77-54af-490d-b77b-5043102ba2a2	4	188300285	188344014	56	0.1044
dd321a77-54af-490d-b77b-5043102ba2a2	4	188344120	189273964	731	-0.0508
dd321a77-54af-490d-b77b-5043102ba2a2	4	189274468	189278110	3	-3.9584
dd321a77-54af-490d-b77b-5043102ba2a2	4	189278617	189583152	176	0.0023
dd321a77-54af-490d-b77b-5043102ba2a2	4	189583962	189589510	5	1.0222
dd321a77-54af-490d-b77b-5043102ba2a2	4	189589802	190098995	164	0.0956
dd321a77-54af-490d-b77b-5043102ba2a2	5	15532	717446	309	0.3441
dd321a77-54af-490d-b77b-5043102ba2a2	5	717794	722281	3	-1.2866
dd321a77-54af-490d-b77b-5043102ba2a2	5	724612	1286401	252	0.39
dd321a77-54af-490d-b77b-5043102ba2a2	5	1287276	1428399	73	0.0432
dd321a77-54af-490d-b77b-5043102ba2a2	5	1428688	1934883	300	0.3547
dd321a77-54af-490d-b77b-5043102ba2a2	5	1935894	12800777	9185	0.0186
dd321a77-54af-490d-b77b-5043102ba2a2	5	12815668	12838421	14	-1.4827
dd321a77-54af-490d-b77b-5043102ba2a2	5	12849089	15719113	1965	0.0043
dd321a77-54af-490d-b77b-5043102ba2a2	5	15719241	15720488	10	-1.3483
dd321a77-54af-490d-b77b-5043102ba2a2	5	15723237	25812099	6035	-0.0043
dd321a77-54af-490d-b77b-5043102ba2a2	5	25812152	25841214	18	-0.6736
dd321a77-54af-490d-b77b-5043102ba2a2	5	25844187	45305513	12069	0.0177
dd321a77-54af-490d-b77b-5043102ba2a2	5	45306120	50828231	602	-0.0864
dd321a77-54af-490d-b77b-5043102ba2a2	5	50829022	62277545	7619	0.0167
dd321a77-54af-490d-b77b-5043102ba2a2	5	62279164	62280446	3	-1.9078
dd321a77-54af-490d-b77b-5043102ba2a2	5	62286365	63290602	612	0.0226
dd321a77-54af-490d-b77b-5043102ba2a2	5	63291023	63871614	340	-0.1118
dd321a77-54af-490d-b77b-5043102ba2a2	5	63884019	76776438	7186	0.019
dd321a77-54af-490d-b77b-5043102ba2a2	5	76783907	76831310	27	0.4201
dd321a77-54af-490d-b77b-5043102ba2a2	5	76831357	98753881	12458	0.0163
dd321a77-54af-490d-b77b-5043102ba2a2	5	98755278	100494866	972	-0.1057
dd321a77-54af-490d-b77b-5043102ba2a2	5	100499267	176616332	49917	0.0171
dd321a77-54af-490d-b77b-5043102ba2a2	5	176617903	176882853	136	0.4684
dd321a77-54af-490d-b77b-5043102ba2a2	5	176883197	181035245	2161	0.0565
dd321a77-54af-490d-b77b-5043102ba2a2	5	181035594	181363319	146	0.2699
dd321a77-54af-490d-b77b-5043102ba2a2	6	149661	271773	109	0.1625
dd321a77-54af-490d-b77b-5043102ba2a2	6	271856	398189	105	0.7035
dd321a77-54af-490d-b77b-5043102ba2a2	6	398242	971216	499	0.0996
dd321a77-54af-490d-b77b-5043102ba2a2	6	975025	15233292	11112	0.0232
dd321a77-54af-490d-b77b-5043102ba2a2	6	15233397	15525766	202	0.1896
dd321a77-54af-490d-b77b-5043102ba2a2	6	15525859	29869295	9509	0.0192
dd321a77-54af-490d-b77b-5043102ba2a2	6	29869410	29881490	16	-1.3264
dd321a77-54af-490d-b77b-5043102ba2a2	6	29882419	31313046	662	0.0579
dd321a77-54af-490d-b77b-5043102ba2a2	6	31318499	31328176	8	-1.9155
dd321a77-54af-490d-b77b-5043102ba2a2	6	31328210	31349920	6	-0.2457
dd321a77-54af-490d-b77b-5043102ba2a2	6	31350387	31380245	42	0.3216
dd321a77-54af-490d-b77b-5043102ba2a2	6	31380300	31481492	99	0.107
dd321a77-54af-490d-b77b-5043102ba2a2	6	31482001	32252964	223	0.3643
dd321a77-54af-490d-b77b-5043102ba2a2	6	32257070	32636595	184	-0.0277
dd321a77-54af-490d-b77b-5043102ba2a2	6	32637799	32658841	9	-1.0551
dd321a77-54af-490d-b77b-5043102ba2a2	6	32682835	46524424	8720	0.029
dd321a77-54af-490d-b77b-5043102ba2a2	6	46527310	78261995	18025	-0.0031
dd321a77-54af-490d-b77b-5043102ba2a2	6	78262064	78263059	9	1.2733
dd321a77-54af-490d-b77b-5043102ba2a2	6	78263079	78325457	98	0.4044
dd321a77-54af-490d-b77b-5043102ba2a2	6	78325468	93855522	9924	0.0191
dd321a77-54af-490d-b77b-5043102ba2a2	6	93856139	94915605	710	-0.1181
dd321a77-54af-490d-b77b-5043102ba2a2	6	94919986	133945130	23860	0.0165
dd321a77-54af-490d-b77b-5043102ba2a2	6	133947933	133948494	2	-1.9227
dd321a77-54af-490d-b77b-5043102ba2a2	6	133950934	140644477	4418	0.0229
dd321a77-54af-490d-b77b-5043102ba2a2	6	140647155	140866118	108	-0.1956
dd321a77-54af-490d-b77b-5043102ba2a2	6	140871643	166874762	18145	0.017
dd321a77-54af-490d-b77b-5043102ba2a2	6	166874845	168940053	1199	0.1692
dd321a77-54af-490d-b77b-5043102ba2a2	6	168940260	169717517	665	0.0263
dd321a77-54af-490d-b77b-5043102ba2a2	6	169719764	170035282	116	0.1931
dd321a77-54af-490d-b77b-5043102ba2a2	6	170035388	170226124	82	0.4266
dd321a77-54af-490d-b77b-5043102ba2a2	6	170228179	170741917	244	0.0505
dd321a77-54af-490d-b77b-5043102ba2a2	7	43355	664936	135	0.376
dd321a77-54af-490d-b77b-5043102ba2a2	7	665647	902112	84	0.048
dd321a77-54af-490d-b77b-5043102ba2a2	7	927563	1113505	78	0.7084
dd321a77-54af-490d-b77b-5043102ba2a2	7	1118508	1212639	56	0.2757
dd321a77-54af-490d-b77b-5043102ba2a2	7	1212703	2197687	349	0.0505
dd321a77-54af-490d-b77b-5043102ba2a2	7	2199173	2412738	84	0.314
dd321a77-54af-490d-b77b-5043102ba2a2	7	2412989	3683523	929	0.0033
dd321a77-54af-490d-b77b-5043102ba2a2	7	3683635	3687967	3	-1.8389
dd321a77-54af-490d-b77b-5043102ba2a2	7	3688126	8149765	2776	0.053
dd321a77-54af-490d-b77b-5043102ba2a2	7	8149964	10053187	1603	-0.0658
dd321a77-54af-490d-b77b-5043102ba2a2	7	10053670	14962681	3897	0.0166
dd321a77-54af-490d-b77b-5043102ba2a2	7	14969904	17672804	2181	-0.0373
dd321a77-54af-490d-b77b-5043102ba2a2	7	17672907	18785082	817	0.0235
dd321a77-54af-490d-b77b-5043102ba2a2	7	18785119	20077673	1208	-0.0855
dd321a77-54af-490d-b77b-5043102ba2a2	7	20077868	22742994	2041	0.0273
dd321a77-54af-490d-b77b-5043102ba2a2	7	22743081	22743631	2	-1.7665
dd321a77-54af-490d-b77b-5043102ba2a2	7	22746999	32792513	7279	0.0149
dd321a77-54af-490d-b77b-5043102ba2a2	7	32796488	32796745	2	2.16
dd321a77-54af-490d-b77b-5043102ba2a2	7	32808061	56762895	16359	0.0192
dd321a77-54af-490d-b77b-5043102ba2a2	7	56763373	57421595	234	0.2314
dd321a77-54af-490d-b77b-5043102ba2a2	7	57424339	57819147	192	0.0508
dd321a77-54af-490d-b77b-5043102ba2a2	7	57819287	57847011	4	1.3544
dd321a77-54af-490d-b77b-5043102ba2a2	7	57854679	62904814	130	-0.0173
dd321a77-54af-490d-b77b-5043102ba2a2	7	62904820	62905066	6	-1.3534
dd321a77-54af-490d-b77b-5043102ba2a2	7	62905320	70954832	3924	0.0325
dd321a77-54af-490d-b77b-5043102ba2a2	7	70955452	70961155	3	-1.8005
dd321a77-54af-490d-b77b-5043102ba2a2	7	70963257	76524031	2121	0.0414
dd321a77-54af-490d-b77b-5043102ba2a2	7	76524046	76531980	3	1.6648
dd321a77-54af-490d-b77b-5043102ba2a2	7	76531991	88547970	7592	-0.0019
dd321a77-54af-490d-b77b-5043102ba2a2	7	88548580	90279725	1157	-0.1063
dd321a77-54af-490d-b77b-5043102ba2a2	7	90280080	97777749	4798	0.0104
dd321a77-54af-490d-b77b-5043102ba2a2	7	97788295	97791778	6	-1.1709
dd321a77-54af-490d-b77b-5043102ba2a2	7	97791793	101150861	1406	0.0392
dd321a77-54af-490d-b77b-5043102ba2a2	7	101152860	101484174	133	0.2855
dd321a77-54af-490d-b77b-5043102ba2a2	7	101485155	109800866	5018	0.0281
dd321a77-54af-490d-b77b-5043102ba2a2	7	109801155	109813853	12	0.627
dd321a77-54af-490d-b77b-5043102ba2a2	7	109813925	111131505	879	0.0068
dd321a77-54af-490d-b77b-5043102ba2a2	7	111131776	111515049	255	-0.125
dd321a77-54af-490d-b77b-5043102ba2a2	7	111519044	128414146	10226	0.0081
dd321a77-54af-490d-b77b-5043102ba2a2	7	128414844	128726431	116	0.2594
dd321a77-54af-490d-b77b-5043102ba2a2	7	128726464	131991710	1792	0.007
dd321a77-54af-490d-b77b-5043102ba2a2	7	131991723	132170749	130	0.2076
dd321a77-54af-490d-b77b-5043102ba2a2	7	132171451	134100458	1288	0.0308
dd321a77-54af-490d-b77b-5043102ba2a2	7	134100556	134114401	33	0.8276
dd321a77-54af-490d-b77b-5043102ba2a2	7	134121491	140487695	4082	0.027
dd321a77-54af-490d-b77b-5043102ba2a2	7	140487962	140492365	6	0.9093
dd321a77-54af-490d-b77b-5043102ba2a2	7	140492542	142063324	1084	0.0354
dd321a77-54af-490d-b77b-5043102ba2a2	7	142069843	142090279	27	-1.2064
dd321a77-54af-490d-b77b-5043102ba2a2	7	142090383	144264193	1204	0.0246
dd321a77-54af-490d-b77b-5043102ba2a2	7	144295437	144312471	3	1.4113
dd321a77-54af-490d-b77b-5043102ba2a2	7	144326306	153450553	5534	0.021
dd321a77-54af-490d-b77b-5043102ba2a2	7	153450560	153450627	2	-2.626
dd321a77-54af-490d-b77b-5043102ba2a2	7	153450630	157680530	3053	0.0287
dd321a77-54af-490d-b77b-5043102ba2a2	7	157681391	159334314	1006	0.1191
dd321a77-54af-490d-b77b-5043102ba2a2	8	81254	2844412	2023	0.0752
dd321a77-54af-490d-b77b-5043102ba2a2	8	2846011	2846295	6	1.3734
dd321a77-54af-490d-b77b-5043102ba2a2	8	2849649	3008869	160	0.0169
dd321a77-54af-490d-b77b-5043102ba2a2	8	3012438	4145694	1497	-0.0137
dd321a77-54af-490d-b77b-5043102ba2a2	8	4145783	4145956	3	1.5175
dd321a77-54af-490d-b77b-5043102ba2a2	8	4146039	4218559	159	-0.0183
dd321a77-54af-490d-b77b-5043102ba2a2	8	4218866	4219153	2	-1.793
dd321a77-54af-490d-b77b-5043102ba2a2	8	4219236	5936527	2363	-0.04
dd321a77-54af-490d-b77b-5043102ba2a2	8	5939391	5939398	2	-1.7604
dd321a77-54af-490d-b77b-5043102ba2a2	8	5940448	6017973	134	-0.0347
dd321a77-54af-490d-b77b-5043102ba2a2	8	6018002	7886542	1386	0.0726
dd321a77-54af-490d-b77b-5043102ba2a2	8	7888457	7890177	4	1.823
dd321a77-54af-490d-b77b-5043102ba2a2	8	7919608	7941868	4	-1.3285
dd321a77-54af-490d-b77b-5043102ba2a2	8	7974123	11535371	2883	0.0462
dd321a77-54af-490d-b77b-5043102ba2a2	8	11536724	11971895	304	0.1952
dd321a77-54af-490d-b77b-5043102ba2a2	8	11972641	14651520	2024	0.0035
dd321a77-54af-490d-b77b-5043102ba2a2	8	14651537	14655367	29	-0.4453
dd321a77-54af-490d-b77b-5043102ba2a2	8	14657058	15975718	1187	-0.0019
dd321a77-54af-490d-b77b-5043102ba2a2	8	15977731	15977784	2	-2.2593
dd321a77-54af-490d-b77b-5043102ba2a2	8	15978575	25116928	7207	0.0316
dd321a77-54af-490d-b77b-5043102ba2a2	8	25116961	25126818	25	-0.5328
dd321a77-54af-490d-b77b-5043102ba2a2	8	25133589	38455274	8486	0.0176
dd321a77-54af-490d-b77b-5043102ba2a2	8	38455399	38479714	58	0.3681
dd321a77-54af-490d-b77b-5043102ba2a2	8	38484098	39389592	430	0.0137
dd321a77-54af-490d-b77b-5043102ba2a2	8	39391223	39511389	47	0.7457
dd321a77-54af-490d-b77b-5043102ba2a2	8	39512955	40914477	1077	0.0062
dd321a77-54af-490d-b77b-5043102ba2a2	8	40920333	40920952	2	-2.5211
dd321a77-54af-490d-b77b-5043102ba2a2	8	40926161	42292474	835	0.0151
dd321a77-54af-490d-b77b-5043102ba2a2	8	42292787	42293308	7	0.9475
dd321a77-54af-490d-b77b-5043102ba2a2	8	42295973	46019151	663	0.0209
dd321a77-54af-490d-b77b-5043102ba2a2	8	46020945	46284404	76	0.5165
dd321a77-54af-490d-b77b-5043102ba2a2	8	46285634	46620127	95	0.031
dd321a77-54af-490d-b77b-5043102ba2a2	8	46620800	46623011	3	1.7764
dd321a77-54af-490d-b77b-5043102ba2a2	8	46623644	67635434	12701	0.0148
dd321a77-54af-490d-b77b-5043102ba2a2	8	67635897	67636036	3	1.5196
dd321a77-54af-490d-b77b-5043102ba2a2	8	67636051	71303129	2353	0.0107
dd321a77-54af-490d-b77b-5043102ba2a2	8	71303791	71304364	6	1.2088
dd321a77-54af-490d-b77b-5043102ba2a2	8	71307628	111279265	23997	0.0018
dd321a77-54af-490d-b77b-5043102ba2a2	8	111282050	111283031	10	1.4032
dd321a77-54af-490d-b77b-5043102ba2a2	8	111288052	122017780	6822	0.0048
dd321a77-54af-490d-b77b-5043102ba2a2	8	122027711	122034277	7	-1.0222
dd321a77-54af-490d-b77b-5043102ba2a2	8	122038380	140966662	14160	0.0204
dd321a77-54af-490d-b77b-5043102ba2a2	8	140973828	142409225	872	0.3466
dd321a77-54af-490d-b77b-5043102ba2a2	8	142409456	143610108	424	0.1149
dd321a77-54af-490d-b77b-5043102ba2a2	8	143610163	143643786	19	0.7661
dd321a77-54af-490d-b77b-5043102ba2a2	8	143645483	144177593	143	0.1467
dd321a77-54af-490d-b77b-5043102ba2a2	8	144182542	144968405	295	0.3917
dd321a77-54af-490d-b77b-5043102ba2a2	8	144969769	144997478	19	-0.0794
dd321a77-54af-490d-b77b-5043102ba2a2	8	144997768	145064887	33	0.2711
dd321a77-54af-490d-b77b-5043102ba2a2	8	145067303	145072769	6	-0.1537
dd321a77-54af-490d-b77b-5043102ba2a2	9	46587	4395501	4495	0.0096
dd321a77-54af-490d-b77b-5043102ba2a2	9	4398662	4420455	24	0.8332
dd321a77-54af-490d-b77b-5043102ba2a2	9	4420767	6163823	1409	-0.0082
dd321a77-54af-490d-b77b-5043102ba2a2	9	6164198	6164643	3	-1.2837
dd321a77-54af-490d-b77b-5043102ba2a2	9	6166653	6569771	263	0.0265
dd321a77-54af-490d-b77b-5043102ba2a2	9	6575976	6803163	174	0.2575
dd321a77-54af-490d-b77b-5043102ba2a2	9	6809084	9239154	2375	-0.002
dd321a77-54af-490d-b77b-5043102ba2a2	9	9246647	9420816	175	-0.1653
dd321a77-54af-490d-b77b-5043102ba2a2	9	9422159	11299834	1699	-0.0318
dd321a77-54af-490d-b77b-5043102ba2a2	9	11302804	12627054	1043	-0.1117
dd321a77-54af-490d-b77b-5043102ba2a2	9	12627540	22492890	8015	0.0087
dd321a77-54af-490d-b77b-5043102ba2a2	9	22501914	22502700	2	-4.0735
dd321a77-54af-490d-b77b-5043102ba2a2	9	22509341	23361807	577	0.019
dd321a77-54af-490d-b77b-5043102ba2a2	9	23363117	23373486	8	-2.369
dd321a77-54af-490d-b77b-5043102ba2a2	9	23378490	25251665	1369	0.0063
dd321a77-54af-490d-b77b-5043102ba2a2	9	25251863	25343493	62	-0.2758
dd321a77-54af-490d-b77b-5043102ba2a2	9	25345854	28020207	2065	0.0001
dd321a77-54af-490d-b77b-5043102ba2a2	9	28020338	30708218	1918	-0.0465
dd321a77-54af-490d-b77b-5043102ba2a2	9	30708693	41571298	5328	0.0159
dd321a77-54af-490d-b77b-5043102ba2a2	9	41571374	41703463	10	-0.7286
dd321a77-54af-490d-b77b-5043102ba2a2	9	41703482	61952716	136	0.3565
dd321a77-54af-490d-b77b-5043102ba2a2	9	61952740	69476351	1073	0.0088
dd321a77-54af-490d-b77b-5043102ba2a2	9	69482739	69505361	68	-1.0948
dd321a77-54af-490d-b77b-5043102ba2a2	9	69512262	133859892	44390	0.0148
dd321a77-54af-490d-b77b-5043102ba2a2	9	133861504	135261156	809	0.0958
dd321a77-54af-490d-b77b-5043102ba2a2	9	135262424	135472543	144	0.3735
dd321a77-54af-490d-b77b-5043102ba2a2	9	135473649	138200944	989	0.1258
dd321a77-54af-490d-b77b-5043102ba2a2	10	45792	84368	10	0.2906
dd321a77-54af-490d-b77b-5043102ba2a2	10	87611	97315	9	-0.9244
dd321a77-54af-490d-b77b-5043102ba2a2	10	97603	439735	198	0.0393
dd321a77-54af-490d-b77b-5043102ba2a2	10	441337	543109	74	0.3595
dd321a77-54af-490d-b77b-5043102ba2a2	10	543256	1170981	358	0.0891
dd321a77-54af-490d-b77b-5043102ba2a2	10	1172074	1201499	29	0.5246
dd321a77-54af-490d-b77b-5043102ba2a2	10	1204046	1452063	191	0.1005
dd321a77-54af-490d-b77b-5043102ba2a2	10	1452278	65546518	43100	0.0114
dd321a77-54af-490d-b77b-5043102ba2a2	10	65548165	65566308	32	-0.7264
dd321a77-54af-490d-b77b-5043102ba2a2	10	65566389	66294267	598	0.0283
dd321a77-54af-490d-b77b-5043102ba2a2	10	66295769	66792576	357	-0.1309
dd321a77-54af-490d-b77b-5043102ba2a2	10	66792631	70653677	2472	0.016
dd321a77-54af-490d-b77b-5043102ba2a2	10	70656141	70777093	112	0.3411
dd321a77-54af-490d-b77b-5043102ba2a2	10	70778117	76493093	3167	0.0253
dd321a77-54af-490d-b77b-5043102ba2a2	10	76497303	76497852	2	1.5538
dd321a77-54af-490d-b77b-5043102ba2a2	10	76501509	78897792	1939	0.0231
dd321a77-54af-490d-b77b-5043102ba2a2	10	78897825	78972656	49	0.3786
dd321a77-54af-490d-b77b-5043102ba2a2	10	78980515	79440676	388	0.037
dd321a77-54af-490d-b77b-5043102ba2a2	10	79447919	80248392	285	0.1988
dd321a77-54af-490d-b77b-5043102ba2a2	10	80248789	83187666	2175	0.0147
dd321a77-54af-490d-b77b-5043102ba2a2	10	83187858	83187966	2	-2.0881
dd321a77-54af-490d-b77b-5043102ba2a2	10	83188127	87278584	2725	0.0147
dd321a77-54af-490d-b77b-5043102ba2a2	10	87286741	87353136	13	-0.873
dd321a77-54af-490d-b77b-5043102ba2a2	10	87371433	130365480	29301	0.0183
dd321a77-54af-490d-b77b-5043102ba2a2	10	130365577	132741422	1675	0.1386
dd321a77-54af-490d-b77b-5043102ba2a2	10	132744709	133038543	129	0.4233
dd321a77-54af-490d-b77b-5043102ba2a2	10	133054949	133654968	252	0.1246
dd321a77-54af-490d-b77b-5043102ba2a2	11	198510	466188	110	0.4354
dd321a77-54af-490d-b77b-5043102ba2a2	11	467339	1734591	426	0.0853
dd321a77-54af-490d-b77b-5043102ba2a2	11	1735558	1878795	39	0.5616
dd321a77-54af-490d-b77b-5043102ba2a2	11	1883471	2440975	173	0.0397
dd321a77-54af-490d-b77b-5043102ba2a2	11	2447037	2574057	61	0.3852
dd321a77-54af-490d-b77b-5043102ba2a2	11	2578133	3634275	518	0.0913
dd321a77-54af-490d-b77b-5043102ba2a2	11	3635736	3658428	14	0.42
dd321a77-54af-490d-b77b-5043102ba2a2	11	3659078	4940683	1012	0.0137
dd321a77-54af-490d-b77b-5043102ba2a2	11	4940884	4954445	46	-0.3136
dd321a77-54af-490d-b77b-5043102ba2a2	11	4954475	5762165	782	0.0134
dd321a77-54af-490d-b77b-5043102ba2a2	11	5762452	5788108	36	0.522
dd321a77-54af-490d-b77b-5043102ba2a2	11	5788231	18919323	9308	0.0202
dd321a77-54af-490d-b77b-5043102ba2a2	11	18927525	18939734	32	0.5681
dd321a77-54af-490d-b77b-5043102ba2a2	11	18939749	36947454	13201	0.0106
dd321a77-54af-490d-b77b-5043102ba2a2	11	36947611	37821027	577	-0.1048
dd321a77-54af-490d-b77b-5043102ba2a2	11	37821229	55595864	7787	0.0145
dd321a77-54af-490d-b77b-5043102ba2a2	11	55606556	55685533	58	-2.1521
dd321a77-54af-490d-b77b-5043102ba2a2	11	55686100	56250069	401	-0.1136
dd321a77-54af-490d-b77b-5043102ba2a2	11	56253349	58107335	1094	0.0122
dd321a77-54af-490d-b77b-5043102ba2a2	11	58111972	58112920	3	-1.347
dd321a77-54af-490d-b77b-5043102ba2a2	11	58113253	63939731	3208	0.0252
dd321a77-54af-490d-b77b-5043102ba2a2	11	63941102	63987039	24	0.5677
dd321a77-54af-490d-b77b-5043102ba2a2	11	63987743	64817515	327	0.0566
dd321a77-54af-490d-b77b-5043102ba2a2	11	64817543	65925596	416	0.4287
dd321a77-54af-490d-b77b-5043102ba2a2	11	65927337	67355846	535	0.0574
dd321a77-54af-490d-b77b-5043102ba2a2	11	67357752	68032459	218	0.2583
dd321a77-54af-490d-b77b-5043102ba2a2	11	68037340	80096999	6710	0.0283
dd321a77-54af-490d-b77b-5043102ba2a2	11	80097377	85860674	4052	-0.0196
dd321a77-54af-490d-b77b-5043102ba2a2	11	85861394	88414155	1824	0.0147
dd321a77-54af-490d-b77b-5043102ba2a2	11	88414270	88422004	13	-1.3459
dd321a77-54af-490d-b77b-5043102ba2a2	11	88425255	90479507	1050	0.0071
dd321a77-54af-490d-b77b-5043102ba2a2	11	90479758	90480145	2	-2.8274
dd321a77-54af-490d-b77b-5043102ba2a2	11	90480304	133926643	30965	0.016
dd321a77-54af-490d-b77b-5043102ba2a2	11	133926781	134078420	108	0.2976
dd321a77-54af-490d-b77b-5043102ba2a2	11	134083080	134325337	142	-0.0527
dd321a77-54af-490d-b77b-5043102ba2a2	11	134326238	134699048	281	0.2538
dd321a77-54af-490d-b77b-5043102ba2a2	11	134699174	134739499	31	-0.2149
dd321a77-54af-490d-b77b-5043102ba2a2	11	134739663	134739672	2	-4.131
dd321a77-54af-490d-b77b-5043102ba2a2	11	134740048	135074876	273	0.1471
dd321a77-54af-490d-b77b-5043102ba2a2	12	51460	178770	67	0.3049
dd321a77-54af-490d-b77b-5043102ba2a2	12	181540	191334	8	0.9657
dd321a77-54af-490d-b77b-5043102ba2a2	12	192262	242157	30	0.3576
dd321a77-54af-490d-b77b-5043102ba2a2	12	242301	440489	103	0.0004
dd321a77-54af-490d-b77b-5043102ba2a2	12	444925	756804	202	0.2118
dd321a77-54af-490d-b77b-5043102ba2a2	12	759943	764863	18	-1.1264
dd321a77-54af-490d-b77b-5043102ba2a2	12	766188	9481274	5635	0.0295
dd321a77-54af-490d-b77b-5043102ba2a2	12	9485313	9562969	22	0.9941
dd321a77-54af-490d-b77b-5043102ba2a2	12	9575696	11014369	994	0.0183
dd321a77-54af-490d-b77b-5043102ba2a2	12	11014627	11066824	34	-0.3951
dd321a77-54af-490d-b77b-5043102ba2a2	12	11068125	12377763	977	0.0096
dd321a77-54af-490d-b77b-5043102ba2a2	12	12383285	12388935	17	-0.9034
dd321a77-54af-490d-b77b-5043102ba2a2	12	12389946	33141726	14416	0.0064
dd321a77-54af-490d-b77b-5043102ba2a2	12	33148472	33149267	9	-2.2009
dd321a77-54af-490d-b77b-5043102ba2a2	12	33149504	33150359	3	-7.0927
dd321a77-54af-490d-b77b-5043102ba2a2	12	33150444	33154440	15	-2.3725
dd321a77-54af-490d-b77b-5043102ba2a2	12	33155426	34282074	672	-0.0593
dd321a77-54af-490d-b77b-5043102ba2a2	12	34286943	34423775	55	0.5592
dd321a77-54af-490d-b77b-5043102ba2a2	12	34424876	45512057	4816	-0.0088
dd321a77-54af-490d-b77b-5043102ba2a2	12	45514957	45515754	2	-2.9398
dd321a77-54af-490d-b77b-5043102ba2a2	12	45519509	50064247	2487	0.023
dd321a77-54af-490d-b77b-5043102ba2a2	12	50064313	50064655	2	-1.7881
dd321a77-54af-490d-b77b-5043102ba2a2	12	50064680	51833714	893	0.0056
dd321a77-54af-490d-b77b-5043102ba2a2	12	51833911	51899716	33	0.43
dd321a77-54af-490d-b77b-5043102ba2a2	12	51908659	52300825	281	0.0291
dd321a77-54af-490d-b77b-5043102ba2a2	12	52301015	52448317	151	0.2275
dd321a77-54af-490d-b77b-5043102ba2a2	12	52448347	66895091	8616	0.0097
dd321a77-54af-490d-b77b-5043102ba2a2	12	66897536	66897705	3	-1.483
dd321a77-54af-490d-b77b-5043102ba2a2	12	66898076	83769408	10907	0.0048
dd321a77-54af-490d-b77b-5043102ba2a2	12	83769511	83771462	3	-2.3104
dd321a77-54af-490d-b77b-5043102ba2a2	12	83771500	129807401	30422	0.0179
dd321a77-54af-490d-b77b-5043102ba2a2	12	129814163	130423477	510	0.1478
dd321a77-54af-490d-b77b-5043102ba2a2	12	130423892	130480173	45	0.4874
dd321a77-54af-490d-b77b-5043102ba2a2	12	130483301	131197627	517	0.0263
dd321a77-54af-490d-b77b-5043102ba2a2	12	131197763	131340700	98	0.3318
dd321a77-54af-490d-b77b-5043102ba2a2	12	131340814	132125415	497	0.0587
dd321a77-54af-490d-b77b-5043102ba2a2	12	132126981	132927035	225	0.3328
dd321a77-54af-490d-b77b-5043102ba2a2	12	132927249	133201603	125	0.0722
dd321a77-54af-490d-b77b-5043102ba2a2	13	18452809	19571419	542	-0.0284
dd321a77-54af-490d-b77b-5043102ba2a2	13	19571521	20606108	603	0.1044
dd321a77-54af-490d-b77b-5043102ba2a2	13	20607312	23058865	1703	0.0057
dd321a77-54af-490d-b77b-5043102ba2a2	13	23058992	23059376	6	1.0879
dd321a77-54af-490d-b77b-5043102ba2a2	13	23064056	48957415	18501	0.0133
dd321a77-54af-490d-b77b-5043102ba2a2	13	48959579	48962368	2	-4.328
dd321a77-54af-490d-b77b-5043102ba2a2	13	48963569	57192577	4476	0.0064
dd321a77-54af-490d-b77b-5043102ba2a2	13	57192665	57612299	237	-0.1565
dd321a77-54af-490d-b77b-5043102ba2a2	13	57612645	63434008	3428	0.0083
dd321a77-54af-490d-b77b-5043102ba2a2	13	63434256	64359700	540	-0.1369
dd321a77-54af-490d-b77b-5043102ba2a2	13	64360027	66370189	1217	0.0046
dd321a77-54af-490d-b77b-5043102ba2a2	13	66370453	68697705	1495	-0.0677
dd321a77-54af-490d-b77b-5043102ba2a2	13	68697786	74496008	3983	0.0054
dd321a77-54af-490d-b77b-5043102ba2a2	13	74499165	74504862	4	-1.3537
dd321a77-54af-490d-b77b-5043102ba2a2	13	74506371	105161340	20452	0.0082
dd321a77-54af-490d-b77b-5043102ba2a2	13	105163201	105756209	454	-0.1059
dd321a77-54af-490d-b77b-5043102ba2a2	13	105758919	112628400	5233	0.016
dd321a77-54af-490d-b77b-5043102ba2a2	13	112629889	112858992	120	0.0911
dd321a77-54af-490d-b77b-5043102ba2a2	13	112859190	113062977	120	0.3038
dd321a77-54af-490d-b77b-5043102ba2a2	13	113070745	113433847	166	-0.032
dd321a77-54af-490d-b77b-5043102ba2a2	13	113442576	114342922	363	0.1695
dd321a77-54af-490d-b77b-5043102ba2a2	14	18239283	18686006	22	-0.0939
dd321a77-54af-490d-b77b-5043102ba2a2	14	18687716	19784886	59	0.7544
dd321a77-54af-490d-b77b-5043102ba2a2	14	19785633	19926968	66	1.3798
dd321a77-54af-490d-b77b-5043102ba2a2	14	19932561	19955213	15	0.9005
dd321a77-54af-490d-b77b-5043102ba2a2	14	19956767	20707115	564	0.0258
dd321a77-54af-490d-b77b-5043102ba2a2	14	20707930	20707933	2	2.493
dd321a77-54af-490d-b77b-5043102ba2a2	14	20710239	27596992	4501	0.0211
dd321a77-54af-490d-b77b-5043102ba2a2	14	27597143	27784005	98	-0.2415
dd321a77-54af-490d-b77b-5043102ba2a2	14	27784225	39172247	7073	0.0147
dd321a77-54af-490d-b77b-5043102ba2a2	14	39174570	46409307	4256	-0.0322
dd321a77-54af-490d-b77b-5043102ba2a2	14	46411481	47757834	849	0.0186
dd321a77-54af-490d-b77b-5043102ba2a2	14	47762764	47787918	16	-1.0215
dd321a77-54af-490d-b77b-5043102ba2a2	14	47792835	47793220	4	-2.0886
dd321a77-54af-490d-b77b-5043102ba2a2	14	47801084	47808248	10	-1.0299
dd321a77-54af-490d-b77b-5043102ba2a2	14	47817385	73564027	16389	0.0129
dd321a77-54af-490d-b77b-5043102ba2a2	14	73571010	73578493	5	-1.7554
dd321a77-54af-490d-b77b-5043102ba2a2	14	73578688	85098551	7516	0.0175
dd321a77-54af-490d-b77b-5043102ba2a2	14	85098682	85100404	12	-0.6235
dd321a77-54af-490d-b77b-5043102ba2a2	14	85100512	98810381	9501	0.0242
dd321a77-54af-490d-b77b-5043102ba2a2	14	98812049	98955388	144	0.2376
dd321a77-54af-490d-b77b-5043102ba2a2	14	98956671	104313496	2839	0.0403
dd321a77-54af-490d-b77b-5043102ba2a2	14	104314150	106030809	491	0.1721
dd321a77-54af-490d-b77b-5043102ba2a2	14	106031960	106407604	139	-0.0699
dd321a77-54af-490d-b77b-5043102ba2a2	14	106407609	106496841	63	-0.6649
dd321a77-54af-490d-b77b-5043102ba2a2	14	106502306	106834164	162	-0.065
dd321a77-54af-490d-b77b-5043102ba2a2	14	106838630	106861237	9	1.3446
dd321a77-54af-490d-b77b-5043102ba2a2	14	106865837	106877229	11	0.0669
dd321a77-54af-490d-b77b-5043102ba2a2	15	19811075	20249006	64	-0.0463
dd321a77-54af-490d-b77b-5043102ba2a2	15	20263311	20345433	9	0.8389
dd321a77-54af-490d-b77b-5043102ba2a2	15	20364698	20373168	12	-0.1903
dd321a77-54af-490d-b77b-5043102ba2a2	15	20376309	22227530	85	-0.6725
dd321a77-54af-490d-b77b-5043102ba2a2	15	22228782	22736858	62	-0.0631
dd321a77-54af-490d-b77b-5043102ba2a2	15	22736939	22992342	178	0.1888
dd321a77-54af-490d-b77b-5043102ba2a2	15	22992542	27966775	3328	-0.0013
dd321a77-54af-490d-b77b-5043102ba2a2	15	27969613	31235556	1397	0.0951
dd321a77-54af-490d-b77b-5043102ba2a2	15	31235959	57342213	16169	0.0168
dd321a77-54af-490d-b77b-5043102ba2a2	15	57349879	57410369	71	0.2916
dd321a77-54af-490d-b77b-5043102ba2a2	15	57410487	76997928	12307	0.0146
dd321a77-54af-490d-b77b-5043102ba2a2	15	77002264	77046930	20	0.5441
dd321a77-54af-490d-b77b-5043102ba2a2	15	77052451	93079449	10584	0.0191
dd321a77-54af-490d-b77b-5043102ba2a2	15	93083165	93430658	364	0.143
dd321a77-54af-490d-b77b-5043102ba2a2	15	93431668	99973892	4779	0.005
dd321a77-54af-490d-b77b-5043102ba2a2	15	99974086	100020380	45	0.4029
dd321a77-54af-490d-b77b-5043102ba2a2	15	100021634	101319357	1020	0.0474
dd321a77-54af-490d-b77b-5043102ba2a2	15	101319437	101562600	231	0.243
dd321a77-54af-490d-b77b-5043102ba2a2	15	101563037	101928837	205	0.0002
dd321a77-54af-490d-b77b-5043102ba2a2	16	10777	836376	310	0.4722
dd321a77-54af-490d-b77b-5043102ba2a2	16	848328	1136465	77	0.0711
dd321a77-54af-490d-b77b-5043102ba2a2	16	1137781	1299928	27	0.6006
dd321a77-54af-490d-b77b-5043102ba2a2	16	1300197	3635781	894	0.0864
dd321a77-54af-490d-b77b-5043102ba2a2	16	3639677	3695409	24	0.6169
dd321a77-54af-490d-b77b-5043102ba2a2	16	3696240	6770897	2730	0.0354
dd321a77-54af-490d-b77b-5043102ba2a2	16	6770959	6779250	14	-0.7939
dd321a77-54af-490d-b77b-5043102ba2a2	16	6783885	8845763	2237	0.0102
dd321a77-54af-490d-b77b-5043102ba2a2	16	8846320	9187229	210	0.2908
dd321a77-54af-490d-b77b-5043102ba2a2	16	9189766	9713720	522	-0.0083
dd321a77-54af-490d-b77b-5043102ba2a2	16	9713744	9713759	2	-1.9129
dd321a77-54af-490d-b77b-5043102ba2a2	16	9713930	10031760	330	-0.0296
dd321a77-54af-490d-b77b-5043102ba2a2	16	10032903	10033376	2	-1.9096
dd321a77-54af-490d-b77b-5043102ba2a2	16	10034098	11477437	1148	0.0215
dd321a77-54af-490d-b77b-5043102ba2a2	16	11483511	11547324	42	0.4311
dd321a77-54af-490d-b77b-5043102ba2a2	16	11547583	14954911	2382	0.0415
dd321a77-54af-490d-b77b-5043102ba2a2	16	14954987	14959930	13	0.9128
dd321a77-54af-490d-b77b-5043102ba2a2	16	14959953	16259309	606	0.2733
dd321a77-54af-490d-b77b-5043102ba2a2	16	16268505	16541191	15	0.854
dd321a77-54af-490d-b77b-5043102ba2a2	16	16541758	16989085	184	-0.0146
dd321a77-54af-490d-b77b-5043102ba2a2	16	16989254	17680075	505	0.1557
dd321a77-54af-490d-b77b-5043102ba2a2	16	17680199	18583078	312	0.0359
dd321a77-54af-490d-b77b-5043102ba2a2	16	18595356	18666789	8	0.9655
dd321a77-54af-490d-b77b-5043102ba2a2	16	18688534	21361279	1575	0.0258
dd321a77-54af-490d-b77b-5043102ba2a2	16	21368130	21561840	14	0.7622
dd321a77-54af-490d-b77b-5043102ba2a2	16	21565495	22097357	199	0.0972
dd321a77-54af-490d-b77b-5043102ba2a2	16	22097910	22330782	116	0.3293
dd321a77-54af-490d-b77b-5043102ba2a2	16	22333146	28637882	4108	0.0213
dd321a77-54af-490d-b77b-5043102ba2a2	16	28696878	28996086	61	0.4934
dd321a77-54af-490d-b77b-5043102ba2a2	16	29005207	29604641	142	0.0862
dd321a77-54af-490d-b77b-5043102ba2a2	16	29604959	30166486	186	0.4415
dd321a77-54af-490d-b77b-5043102ba2a2	16	30178660	35253853	867	0.0101
dd321a77-54af-490d-b77b-5043102ba2a2	16	35254418	35562371	173	-0.253
dd321a77-54af-490d-b77b-5043102ba2a2	16	35562929	55748291	6464	0.0239
dd321a77-54af-490d-b77b-5043102ba2a2	16	55748327	55782734	28	0.4799
dd321a77-54af-490d-b77b-5043102ba2a2	16	55782793	70105639	8657	0.0233
dd321a77-54af-490d-b77b-5043102ba2a2	16	70145440	70153291	8	1.2805
dd321a77-54af-490d-b77b-5043102ba2a2	16	70163864	74346075	2265	0.0096
dd321a77-54af-490d-b77b-5043102ba2a2	16	74350360	74418138	8	1.4286
dd321a77-54af-490d-b77b-5043102ba2a2	16	74422703	75245940	486	0.0594
dd321a77-54af-490d-b77b-5043102ba2a2	16	75246019	75246275	2	2.203
dd321a77-54af-490d-b77b-5043102ba2a2	16	75246629	81106921	5839	0.0151
dd321a77-54af-490d-b77b-5043102ba2a2	16	81107000	81153284	46	0.1056
dd321a77-54af-490d-b77b-5043102ba2a2	16	81154247	81203368	59	0.4331
dd321a77-54af-490d-b77b-5043102ba2a2	16	81203609	81453473	211	0.0602
dd321a77-54af-490d-b77b-5043102ba2a2	16	81453721	81483514	46	0.4372
dd321a77-54af-490d-b77b-5043102ba2a2	16	81483820	81718124	176	0.1304
dd321a77-54af-490d-b77b-5043102ba2a2	16	81718893	83750486	2347	0.0151
dd321a77-54af-490d-b77b-5043102ba2a2	16	83750495	83751158	5	-1.1372
dd321a77-54af-490d-b77b-5043102ba2a2	16	83751172	83995248	234	0.0105
dd321a77-54af-490d-b77b-5043102ba2a2	16	83995534	84885696	807	0.2861
dd321a77-54af-490d-b77b-5043102ba2a2	16	84886473	88066715	2591	0.0574
dd321a77-54af-490d-b77b-5043102ba2a2	16	88070485	88116551	21	0.6616
dd321a77-54af-490d-b77b-5043102ba2a2	16	88123626	88394706	98	0.1282
dd321a77-54af-490d-b77b-5043102ba2a2	16	88394774	90096867	692	0.4271
dd321a77-54af-490d-b77b-5043102ba2a2	17	150733	354968	113	0.4761
dd321a77-54af-490d-b77b-5043102ba2a2	17	355168	931103	302	0.2299
dd321a77-54af-490d-b77b-5043102ba2a2	17	933911	1262192	131	0.4187
dd321a77-54af-490d-b77b-5043102ba2a2	17	1276729	2908108	818	0.0754
dd321a77-54af-490d-b77b-5043102ba2a2	17	2908769	3019393	61	0.368
dd321a77-54af-490d-b77b-5043102ba2a2	17	3027743	3283161	156	-0.0398
dd321a77-54af-490d-b77b-5043102ba2a2	17	3286092	3292309	2	-1.4634
dd321a77-54af-490d-b77b-5043102ba2a2	17	3293651	3566559	189	-0.0028
dd321a77-54af-490d-b77b-5043102ba2a2	17	3567084	3652130	57	0.435
dd321a77-54af-490d-b77b-5043102ba2a2	17	3654159	34468347	15021	0.0379
dd321a77-54af-490d-b77b-5043102ba2a2	17	34469061	34608420	148	0.2656
dd321a77-54af-490d-b77b-5043102ba2a2	17	34608937	34616624	5	1.1859
dd321a77-54af-490d-b77b-5043102ba2a2	17	34617146	45577724	5532	0.045
dd321a77-54af-490d-b77b-5043102ba2a2	17	45579014	45581105	5	-1.3437
dd321a77-54af-490d-b77b-5043102ba2a2	17	45582060	45632798	9	0.0055
dd321a77-54af-490d-b77b-5043102ba2a2	17	45632942	46051136	295	0.283
dd321a77-54af-490d-b77b-5043102ba2a2	17	46051705	46136800	63	-0.09
dd321a77-54af-490d-b77b-5043102ba2a2	17	46137998	46215389	69	-0.5707
dd321a77-54af-490d-b77b-5043102ba2a2	17	46218468	46286804	16	-0.1174
dd321a77-54af-490d-b77b-5043102ba2a2	17	46323701	46446360	4	2.0494
dd321a77-54af-490d-b77b-5043102ba2a2	17	46569894	60733967	8453	0.0185
dd321a77-54af-490d-b77b-5043102ba2a2	17	60737536	60741693	4	-1.1923
dd321a77-54af-490d-b77b-5043102ba2a2	17	60747243	64867438	1937	0.0223
dd321a77-54af-490d-b77b-5043102ba2a2	17	64929599	64929920	2	-1.7063
dd321a77-54af-490d-b77b-5043102ba2a2	17	64930571	73742096	6135	0.0132
dd321a77-54af-490d-b77b-5043102ba2a2	17	73742947	73756434	24	0.5112
dd321a77-54af-490d-b77b-5043102ba2a2	17	73763717	74201525	307	0.221
dd321a77-54af-490d-b77b-5043102ba2a2	17	74202289	74490840	146	0.4438
dd321a77-54af-490d-b77b-5043102ba2a2	17	74491696	76918076	1172	0.0688
dd321a77-54af-490d-b77b-5043102ba2a2	17	76918859	76933916	15	0.8115
dd321a77-54af-490d-b77b-5043102ba2a2	17	76934144	77336374	239	0.0512
dd321a77-54af-490d-b77b-5043102ba2a2	17	77336750	77569078	151	0.3195
dd321a77-54af-490d-b77b-5043102ba2a2	17	77569622	78290662	404	0.0114
dd321a77-54af-490d-b77b-5043102ba2a2	17	78291927	78456702	85	0.407
dd321a77-54af-490d-b77b-5043102ba2a2	17	78459996	78573730	74	-0.0337
dd321a77-54af-490d-b77b-5043102ba2a2	17	78574315	78706448	112	0.4001
dd321a77-54af-490d-b77b-5043102ba2a2	17	78706722	79146309	232	0.0355
dd321a77-54af-490d-b77b-5043102ba2a2	17	79146397	79251190	76	0.4368
dd321a77-54af-490d-b77b-5043102ba2a2	17	79254965	81249709	1022	0.1013
dd321a77-54af-490d-b77b-5043102ba2a2	17	81249859	81266985	6	1.2548
dd321a77-54af-490d-b77b-5043102ba2a2	17	81267189	81418592	49	0.0856
dd321a77-54af-490d-b77b-5043102ba2a2	17	81418623	81485136	22	0.6149
dd321a77-54af-490d-b77b-5043102ba2a2	17	81485310	82129223	133	0.0803
dd321a77-54af-490d-b77b-5043102ba2a2	17	82134008	82256888	50	0.4295
dd321a77-54af-490d-b77b-5043102ba2a2	17	82257710	82959140	336	0.0571
dd321a77-54af-490d-b77b-5043102ba2a2	17	82959812	83071333	54	0.3535
dd321a77-54af-490d-b77b-5043102ba2a2	17	83071714	83091923	6	1.1679
dd321a77-54af-490d-b77b-5043102ba2a2	18	58202	1624683	1105	0.0473
dd321a77-54af-490d-b77b-5043102ba2a2	18	1635082	2153988	404	-0.0995
dd321a77-54af-490d-b77b-5043102ba2a2	18	2154364	26785880	12210	0.0161
dd321a77-54af-490d-b77b-5043102ba2a2	18	26785951	26786598	4	-2.2513
dd321a77-54af-490d-b77b-5043102ba2a2	18	26786922	27850255	720	0.0378
dd321a77-54af-490d-b77b-5043102ba2a2	18	27851208	27919051	48	0.7656
dd321a77-54af-490d-b77b-5043102ba2a2	18	27922919	49548938	13886	0.0148
dd321a77-54af-490d-b77b-5043102ba2a2	18	49550702	49581457	23	0.3034
dd321a77-54af-490d-b77b-5043102ba2a2	18	49581471	49589303	6	0.9368
dd321a77-54af-490d-b77b-5043102ba2a2	18	49590001	49603581	13	0.2274
dd321a77-54af-490d-b77b-5043102ba2a2	18	49603652	65533230	11131	0.0081
dd321a77-54af-490d-b77b-5043102ba2a2	18	65533243	66024257	352	-0.1188
dd321a77-54af-490d-b77b-5043102ba2a2	18	66024532	67291970	849	-0.0192
dd321a77-54af-490d-b77b-5043102ba2a2	18	67291986	67300028	20	-1.2338
dd321a77-54af-490d-b77b-5043102ba2a2	18	67300481	69353506	1603	-0.0212
dd321a77-54af-490d-b77b-5043102ba2a2	18	69354234	69354427	3	1.2998
dd321a77-54af-490d-b77b-5043102ba2a2	18	69354476	71439493	1417	0.0112
dd321a77-54af-490d-b77b-5043102ba2a2	18	71439713	73645143	1742	-0.0957
dd321a77-54af-490d-b77b-5043102ba2a2	18	73647572	79362597	4335	0.0314
dd321a77-54af-490d-b77b-5043102ba2a2	18	79362830	79917315	230	0.4089
dd321a77-54af-490d-b77b-5043102ba2a2	18	79930431	80257174	190	0.1067
dd321a77-54af-490d-b77b-5043102ba2a2	19	90910	4414597	1142	0.1078
dd321a77-54af-490d-b77b-5043102ba2a2	19	4416414	4666744	62	0.5706
dd321a77-54af-490d-b77b-5043102ba2a2	19	4673369	4795330	46	0.0352
dd321a77-54af-490d-b77b-5043102ba2a2	19	4800786	4806497	3	1.9361
dd321a77-54af-490d-b77b-5043102ba2a2	19	4807263	9865998	2435	0.0565
dd321a77-54af-490d-b77b-5043102ba2a2	19	9866472	9867790	2	-2.6048
dd321a77-54af-490d-b77b-5043102ba2a2	19	9870718	21569247	5700	0.0591
dd321a77-54af-490d-b77b-5043102ba2a2	19	21571042	21571911	2	-2.3263
dd321a77-54af-490d-b77b-5043102ba2a2	19	21572522	21632117	39	0.0771
dd321a77-54af-490d-b77b-5043102ba2a2	19	21632838	21637067	2	-2.4157
dd321a77-54af-490d-b77b-5043102ba2a2	19	21637309	43142696	10722	0.0277
dd321a77-54af-490d-b77b-5043102ba2a2	19	43143826	43236813	42	-1.0968
dd321a77-54af-490d-b77b-5043102ba2a2	19	43249149	49647272	3023	0.043
dd321a77-54af-490d-b77b-5043102ba2a2	19	49648050	49685266	13	0.8198
dd321a77-54af-490d-b77b-5043102ba2a2	19	49694149	49871239	75	-0.0056
dd321a77-54af-490d-b77b-5043102ba2a2	19	49874886	50070319	121	0.2979
dd321a77-54af-490d-b77b-5043102ba2a2	19	50076162	52702132	1537	0.0491
dd321a77-54af-490d-b77b-5043102ba2a2	19	52702676	53864916	831	0.1691
dd321a77-54af-490d-b77b-5043102ba2a2	19	53871273	58370362	2622	0.0382
dd321a77-54af-490d-b77b-5043102ba2a2	19	58372530	58586487	97	0.3402
dd321a77-54af-490d-b77b-5043102ba2a2	20	80664	1590679	1203	0.0673
dd321a77-54af-490d-b77b-5043102ba2a2	20	1590717	1613247	25	-0.8947
dd321a77-54af-490d-b77b-5043102ba2a2	20	1617300	3819870	1533	0.0134
dd321a77-54af-490d-b77b-5043102ba2a2	20	3819905	4123473	196	0.2712
dd321a77-54af-490d-b77b-5043102ba2a2	20	4123863	5435816	1036	0.0257
dd321a77-54af-490d-b77b-5043102ba2a2	20	5437644	5763809	199	0.2228
dd321a77-54af-490d-b77b-5043102ba2a2	20	5767597	49529734	27038	0.0171
dd321a77-54af-490d-b77b-5043102ba2a2	20	49532971	49820922	170	0.2358
dd321a77-54af-490d-b77b-5043102ba2a2	20	49821295	49984387	84	0.0091
dd321a77-54af-490d-b77b-5043102ba2a2	20	49985637	49999680	10	0.7782
dd321a77-54af-490d-b77b-5043102ba2a2	20	50001086	63084768	9799	0.0298
dd321a77-54af-490d-b77b-5043102ba2a2	20	63084968	63138899	32	0.548
dd321a77-54af-490d-b77b-5043102ba2a2	20	63141749	63338824	61	0.0189
dd321a77-54af-490d-b77b-5043102ba2a2	20	63344026	64324292	368	0.3999
dd321a77-54af-490d-b77b-5043102ba2a2	21	10354468	13092058	91	0.0803
dd321a77-54af-490d-b77b-5043102ba2a2	21	13095038	13634568	168	-0.1359
dd321a77-54af-490d-b77b-5043102ba2a2	21	13647365	13677975	2	-1.8673
dd321a77-54af-490d-b77b-5043102ba2a2	21	13803967	18902595	3429	0.0079
dd321a77-54af-490d-b77b-5043102ba2a2	21	18906245	18906502	2	-2.2483
dd321a77-54af-490d-b77b-5043102ba2a2	21	18906853	22158061	2485	-0.0005
dd321a77-54af-490d-b77b-5043102ba2a2	21	22158434	23334248	890	-0.0932
dd321a77-54af-490d-b77b-5043102ba2a2	21	23336644	33380549	7323	0.0027
dd321a77-54af-490d-b77b-5043102ba2a2	21	33384244	36112777	1915	0.0417
dd321a77-54af-490d-b77b-5043102ba2a2	21	36114153	36248238	94	0.3277
dd321a77-54af-490d-b77b-5043102ba2a2	21	36249804	42584719	5159	0.0281
dd321a77-54af-490d-b77b-5043102ba2a2	21	42584746	42602683	16	0.5977
dd321a77-54af-490d-b77b-5043102ba2a2	21	42605776	43188895	283	0.0668
dd321a77-54af-490d-b77b-5043102ba2a2	21	43189751	43374861	87	0.3725
dd321a77-54af-490d-b77b-5043102ba2a2	21	43572694	44342833	311	0.0498
dd321a77-54af-490d-b77b-5043102ba2a2	21	44343759	44447091	38	0.4842
dd321a77-54af-490d-b77b-5043102ba2a2	21	44447263	45233089	473	0.0731
dd321a77-54af-490d-b77b-5043102ba2a2	21	45234802	45621783	205	0.5021
dd321a77-54af-490d-b77b-5043102ba2a2	21	45621894	46258860	332	0.0123
dd321a77-54af-490d-b77b-5043102ba2a2	21	46262057	46447405	80	0.42
dd321a77-54af-490d-b77b-5043102ba2a2	21	46448408	46640913	170	0.0987
dd321a77-54af-490d-b77b-5043102ba2a2	21	46641152	46657316	12	0.721
dd321a77-54af-490d-b77b-5043102ba2a2	21	46657444	46677045	18	0.1012
dd321a77-54af-490d-b77b-5043102ba2a2	22	15294547	16392123	38	0.2927
dd321a77-54af-490d-b77b-5043102ba2a2	22	16394084	18818348	1094	0.0466
dd321a77-54af-490d-b77b-5043102ba2a2	22	18822581	19703133	475	0.2953
dd321a77-54af-490d-b77b-5043102ba2a2	22	19708302	20308510	387	0.5243
dd321a77-54af-490d-b77b-5043102ba2a2	22	20309017	21741482	778	0.2852
dd321a77-54af-490d-b77b-5043102ba2a2	22	21742513	21967766	113	0.0488
dd321a77-54af-490d-b77b-5043102ba2a2	22	21977100	21980811	12	0.6856
dd321a77-54af-490d-b77b-5043102ba2a2	22	21980834	22119549	191	0.026
dd321a77-54af-490d-b77b-5043102ba2a2	22	22119654	22120255	5	-1.032
dd321a77-54af-490d-b77b-5043102ba2a2	22	22127104	22398127	332	0.0684
dd321a77-54af-490d-b77b-5043102ba2a2	22	22398345	22398545	4	-1.5694
dd321a77-54af-490d-b77b-5043102ba2a2	22	22402989	22538659	61	0.0301
dd321a77-54af-490d-b77b-5043102ba2a2	22	22538801	22720751	89	0.3109
dd321a77-54af-490d-b77b-5043102ba2a2	22	22722096	22880111	93	0.0129
dd321a77-54af-490d-b77b-5043102ba2a2	22	22881053	23432438	367	0.3181
dd321a77-54af-490d-b77b-5043102ba2a2	22	23432731	23987520	316	0.0922
dd321a77-54af-490d-b77b-5043102ba2a2	22	23988078	23989773	2	-3.8966
dd321a77-54af-490d-b77b-5043102ba2a2	22	23990431	25358360	881	0.0582
dd321a77-54af-490d-b77b-5043102ba2a2	22	25358376	25509266	155	0.3335
dd321a77-54af-490d-b77b-5043102ba2a2	22	25509454	35326133	7594	0.0288
dd321a77-54af-490d-b77b-5043102ba2a2	22	35328271	35656866	224	0.1975
dd321a77-54af-490d-b77b-5043102ba2a2	22	35657023	36137737	259	0.0112
dd321a77-54af-490d-b77b-5043102ba2a2	22	36137894	36281354	102	0.1789
dd321a77-54af-490d-b77b-5043102ba2a2	22	36282982	36319792	35	0.4761
dd321a77-54af-490d-b77b-5043102ba2a2	22	36320269	38148291	1076	0.0848
dd321a77-54af-490d-b77b-5043102ba2a2	22	38150693	38945487	419	0.0099
dd321a77-54af-490d-b77b-5043102ba2a2	22	38946594	38975897	31	0.6196
dd321a77-54af-490d-b77b-5043102ba2a2	22	38978372	41903281	1556	0.0598
dd321a77-54af-490d-b77b-5043102ba2a2	22	41903531	41979300	36	0.6203
dd321a77-54af-490d-b77b-5043102ba2a2	22	41982569	42094329	68	0.0802
dd321a77-54af-490d-b77b-5043102ba2a2	22	42095582	42107316	5	-0.6993
dd321a77-54af-490d-b77b-5043102ba2a2	22	42108675	42308676	101	0.0213
dd321a77-54af-490d-b77b-5043102ba2a2	22	42309365	42586566	142	0.3154
dd321a77-54af-490d-b77b-5043102ba2a2	22	42586792	48934328	4847	0.0505
dd321a77-54af-490d-b77b-5043102ba2a2	22	48934911	49614610	671	0.2734
dd321a77-54af-490d-b77b-5043102ba2a2	22	49617791	50588904	414	0.4541
dd321a77-54af-490d-b77b-5043102ba2a2	22	50589164	50796027	105	0.2973
dd321a77-54af-490d-b77b-5043102ba2a2	X	251810	3223543	416	0.1758
dd321a77-54af-490d-b77b-5043102ba2a2	X	3223963	9604496	4753	-0.0005
dd321a77-54af-490d-b77b-5043102ba2a2	X	9605751	9610158	3	-2.0285
dd321a77-54af-490d-b77b-5043102ba2a2	X	9610705	152851624	76087	0.0128
dd321a77-54af-490d-b77b-5043102ba2a2	X	152856204	154334428	697	0.1237
dd321a77-54af-490d-b77b-5043102ba2a2	X	154347478	154382366	46	0.7047
dd321a77-54af-490d-b77b-5043102ba2a2	X	154382547	155952689	522	0.0652
dd321a77-54af-490d-b77b-5043102ba2a2	Y	2782397	6233384	780	-3.0352
dd321a77-54af-490d-b77b-5043102ba2a2	Y	6249869	9326090	1430	-3.6423
dd321a77-54af-490d-b77b-5043102ba2a2	Y	9326723	9554275	28	-5.5864
dd321a77-54af-490d-b77b-5043102ba2a2	Y	9554586	22804854	4156	-3.4767
dd321a77-54af-490d-b77b-5043102ba2a2	Y	22913244	56872112	199	-3.1043
