GDC_Aliquot	Chromosome	Start	End	Num_Probes	Segment_Mean
bf851a3d-c671-4b6d-9651-c9e04af7e094	1	3301765	247650984	128389	0.0216
bf851a3d-c671-4b6d-9651-c9e04af7e094	2	480597	4759619	2131	0.0297
bf851a3d-c671-4b6d-9651-c9e04af7e094	2	4760147	4763837	11	-1.1826
bf851a3d-c671-4b6d-9651-c9e04af7e094	2	4764036	241537572	128693	0.0059
bf851a3d-c671-4b6d-9651-c9e04af7e094	3	2170634	197812401	106708	0.017
bf851a3d-c671-4b6d-9651-c9e04af7e094	4	1059384	98890189	54824	0.0169
bf851a3d-c671-4b6d-9651-c9e04af7e094	4	98893003	98895560	3	1.5473
bf851a3d-c671-4b6d-9651-c9e04af7e094	4	98897682	187842528	48314	0.0167
bf851a3d-c671-4b6d-9651-c9e04af7e094	5	913983	180934240	100748	0.0182
bf851a3d-c671-4b6d-9651-c9e04af7e094	6	1011760	170596889	96794	0.0202
bf851a3d-c671-4b6d-9651-c9e04af7e094	7	664936	158592540	81595	0.0143
bf851a3d-c671-4b6d-9651-c9e04af7e094	8	667625	32810321	19545	0.0188
bf851a3d-c671-4b6d-9651-c9e04af7e094	8	32811317	32811333	2	1.7299
bf851a3d-c671-4b6d-9651-c9e04af7e094	8	32811754	63427523	15185	0.0146
bf851a3d-c671-4b6d-9651-c9e04af7e094	8	63427704	63428039	2	-2.7176
bf851a3d-c671-4b6d-9651-c9e04af7e094	8	63435735	90604907	15123	0.0096
bf851a3d-c671-4b6d-9651-c9e04af7e094	8	90604929	90632058	20	-1.7461
bf851a3d-c671-4b6d-9651-c9e04af7e094	8	90635662	144182542	31996	0.0198
bf851a3d-c671-4b6d-9651-c9e04af7e094	9	789794	102856237	46133	0.0244
bf851a3d-c671-4b6d-9651-c9e04af7e094	9	102856764	102859508	6	1.1495
bf851a3d-c671-4b6d-9651-c9e04af7e094	9	102864851	116585378	9293	0.0157
bf851a3d-c671-4b6d-9651-c9e04af7e094	9	116587017	116803277	187	-1.2179
bf851a3d-c671-4b6d-9651-c9e04af7e094	9	116805429	129855609	8093	0.0204
bf851a3d-c671-4b6d-9651-c9e04af7e094	9	129855637	129873665	28	-0.4953
bf851a3d-c671-4b6d-9651-c9e04af7e094	9	129873871	138044505	4020	0.0212
bf851a3d-c671-4b6d-9651-c9e04af7e094	10	366509	133411599	80427	0.0205
bf851a3d-c671-4b6d-9651-c9e04af7e094	11	456012	134272740	76725	0.0238
bf851a3d-c671-4b6d-9651-c9e04af7e094	12	780472	132605822	73564	0.0194
bf851a3d-c671-4b6d-9651-c9e04af7e094	13	18874255	114226675	56569	0.0188
bf851a3d-c671-4b6d-9651-c9e04af7e094	14	20033191	26294421	2962	0.03
bf851a3d-c671-4b6d-9651-c9e04af7e094	14	26300516	26300519	3	-1.4869
bf851a3d-c671-4b6d-9651-c9e04af7e094	14	26300708	105533894	46319	0.0223
bf851a3d-c671-4b6d-9651-c9e04af7e094	15	23437561	37870876	6836	0.0167
bf851a3d-c671-4b6d-9651-c9e04af7e094	15	37871120	37872163	2	1.7132
bf851a3d-c671-4b6d-9651-c9e04af7e094	15	37876078	59549400	12673	0.0212
bf851a3d-c671-4b6d-9651-c9e04af7e094	15	59551541	59556139	6	-1.1975
bf851a3d-c671-4b6d-9651-c9e04af7e094	15	59556272	101344124	24765	0.0235
bf851a3d-c671-4b6d-9651-c9e04af7e094	16	603333	89317317	40672	0.022
bf851a3d-c671-4b6d-9651-c9e04af7e094	17	1074619	80909040	36021	0.0261
bf851a3d-c671-4b6d-9651-c9e04af7e094	17	80911890	80912140	3	-1.7098
bf851a3d-c671-4b6d-9651-c9e04af7e094	17	80912744	82959812	612	0.0539
bf851a3d-c671-4b6d-9651-c9e04af7e094	18	326691	79349796	42599	0.0223
bf851a3d-c671-4b6d-9651-c9e04af7e094	19	283868	58370362	23674	0.0183
bf851a3d-c671-4b6d-9651-c9e04af7e094	20	472817	63588484	37011	0.0173
bf851a3d-c671-4b6d-9651-c9e04af7e094	21	13974127	46262057	20360	0.027
bf851a3d-c671-4b6d-9651-c9e04af7e094	22	16934932	48940621	16959	0.0188
bf851a3d-c671-4b6d-9651-c9e04af7e094	X	3236359	143762646	57840	0.0195
bf851a3d-c671-4b6d-9651-c9e04af7e094	X	143768059	143769053	2	-1.9884
bf851a3d-c671-4b6d-9651-c9e04af7e094	X	143772478	155677414	5312	0.0131
