GDC_Aliquot	Chromosome	Start	End	Num_Probes	Segment_Mean
8b67b3b5-9388-4424-9ab9-3b9bb249afbc	1	62920	3198388	669	-0.1236
8b67b3b5-9388-4424-9ab9-3b9bb249afbc	1	3202925	25088630	12973	0.0162
8b67b3b5-9388-4424-9ab9-3b9bb249afbc	1	25089191	25266637	121	-0.1317
8b67b3b5-9388-4424-9ab9-3b9bb249afbc	1	25269390	25292440	14	-1.398
8b67b3b5-9388-4424-9ab9-3b9bb249afbc	1	25292549	29921243	2075	0.0066
8b67b3b5-9388-4424-9ab9-3b9bb249afbc	1	29922712	29925830	2	-2.2112
8b67b3b5-9388-4424-9ab9-3b9bb249afbc	1	29926262	72303233	26304	0.011
8b67b3b5-9388-4424-9ab9-3b9bb249afbc	1	72303253	72345465	44	-1.4989
8b67b3b5-9388-4424-9ab9-3b9bb249afbc	1	72346221	75584212	1915	0.0243
8b67b3b5-9388-4424-9ab9-3b9bb249afbc	1	75584489	75589169	5	-1.6382
8b67b3b5-9388-4424-9ab9-3b9bb249afbc	1	75593824	102194292	17191	0.0235
8b67b3b5-9388-4424-9ab9-3b9bb249afbc	1	102197851	102397230	155	0.2984
8b67b3b5-9388-4424-9ab9-3b9bb249afbc	1	102397235	105476583	1516	0.0658
8b67b3b5-9388-4424-9ab9-3b9bb249afbc	1	105476614	105479753	16	-2.7382
8b67b3b5-9388-4424-9ab9-3b9bb249afbc	1	105481433	109684893	2616	0.035
8b67b3b5-9388-4424-9ab9-3b9bb249afbc	1	109690352	109697556	13	-2.0979
8b67b3b5-9388-4424-9ab9-3b9bb249afbc	1	109702376	112147704	1931	0.026
8b67b3b5-9388-4424-9ab9-3b9bb249afbc	1	112153343	112154619	23	0.684
8b67b3b5-9388-4424-9ab9-3b9bb249afbc	1	112154754	112354983	189	-0.0675
8b67b3b5-9388-4424-9ab9-3b9bb249afbc	1	112356018	121580531	4910	0.0133
8b67b3b5-9388-4424-9ab9-3b9bb249afbc	1	121581632	151373304	1684	-0.0632
8b67b3b5-9388-4424-9ab9-3b9bb249afbc	1	151373422	151373490	3	-1.9397
8b67b3b5-9388-4424-9ab9-3b9bb249afbc	1	151373784	152583319	734	-0.0125
8b67b3b5-9388-4424-9ab9-3b9bb249afbc	1	152583408	152618486	37	-0.5398
8b67b3b5-9388-4424-9ab9-3b9bb249afbc	1	152618548	152778761	153	0.0636
8b67b3b5-9388-4424-9ab9-3b9bb249afbc	1	152782154	152789447	9	0.6294
8b67b3b5-9388-4424-9ab9-3b9bb249afbc	1	152789463	152796224	36	-1.6088
8b67b3b5-9388-4424-9ab9-3b9bb249afbc	1	152801429	153349007	438	0.054
8b67b3b5-9388-4424-9ab9-3b9bb249afbc	1	153349334	153371898	23	-0.6197
8b67b3b5-9388-4424-9ab9-3b9bb249afbc	1	153373787	155249061	876	-0.0229
8b67b3b5-9388-4424-9ab9-3b9bb249afbc	1	155249218	155269670	15	-0.7309
8b67b3b5-9388-4424-9ab9-3b9bb249afbc	1	155269700	169247699	9821	-0.0013
8b67b3b5-9388-4424-9ab9-3b9bb249afbc	1	169264736	169272528	7	-2.0527
8b67b3b5-9388-4424-9ab9-3b9bb249afbc	1	169273163	174827267	3489	0.026
8b67b3b5-9388-4424-9ab9-3b9bb249afbc	1	174827418	174832902	19	-2.8682
8b67b3b5-9388-4424-9ab9-3b9bb249afbc	1	174832996	186984732	8041	0.0017
8b67b3b5-9388-4424-9ab9-3b9bb249afbc	1	186985063	189289778	1502	0.0576
8b67b3b5-9388-4424-9ab9-3b9bb249afbc	1	189290080	189584937	185	0.3323
8b67b3b5-9388-4424-9ab9-3b9bb249afbc	1	189585024	196843377	4842	0.0675
8b67b3b5-9388-4424-9ab9-3b9bb249afbc	1	196843400	196846661	2	-2.2249
8b67b3b5-9388-4424-9ab9-3b9bb249afbc	1	196847600	206563948	6126	0.0402
8b67b3b5-9388-4424-9ab9-3b9bb249afbc	1	206566273	209897717	2563	0.0043
8b67b3b5-9388-4424-9ab9-3b9bb249afbc	1	209908268	209910639	3	-1.9426
8b67b3b5-9388-4424-9ab9-3b9bb249afbc	1	209913207	223455061	9215	0.0139
8b67b3b5-9388-4424-9ab9-3b9bb249afbc	1	223455078	223455488	4	-1.783
8b67b3b5-9388-4424-9ab9-3b9bb249afbc	1	223456112	246536745	16134	0.008
8b67b3b5-9388-4424-9ab9-3b9bb249afbc	1	246538398	246847451	207	-0.2631
8b67b3b5-9388-4424-9ab9-3b9bb249afbc	1	246849422	247669894	478	0.026
8b67b3b5-9388-4424-9ab9-3b9bb249afbc	1	247672734	248694707	575	0.1399
8b67b3b5-9388-4424-9ab9-3b9bb249afbc	1	248697340	248930189	114	-0.14
8b67b3b5-9388-4424-9ab9-3b9bb249afbc	2	12784	1373572	887	0.0135
8b67b3b5-9388-4424-9ab9-3b9bb249afbc	2	1373971	1872020	301	-0.1933
8b67b3b5-9388-4424-9ab9-3b9bb249afbc	2	1872064	3144090	958	-0.0031
8b67b3b5-9388-4424-9ab9-3b9bb249afbc	2	3144167	3204763	71	-0.3163
8b67b3b5-9388-4424-9ab9-3b9bb249afbc	2	3205050	17035808	10449	0.004
8b67b3b5-9388-4424-9ab9-3b9bb249afbc	2	17036583	17056694	49	-0.8478
8b67b3b5-9388-4424-9ab9-3b9bb249afbc	2	17061270	34466002	11070	0.0043
8b67b3b5-9388-4424-9ab9-3b9bb249afbc	2	34474248	34511990	46	0.787
8b67b3b5-9388-4424-9ab9-3b9bb249afbc	2	34512096	36276675	1292	0.0757
8b67b3b5-9388-4424-9ab9-3b9bb249afbc	2	36276740	50602665	10260	-0.0019
8b67b3b5-9388-4424-9ab9-3b9bb249afbc	2	50602680	52527330	1319	0.0877
8b67b3b5-9388-4424-9ab9-3b9bb249afbc	2	52527342	52554404	39	-2.2415
8b67b3b5-9388-4424-9ab9-3b9bb249afbc	2	52560811	57094766	3265	0.0113
8b67b3b5-9388-4424-9ab9-3b9bb249afbc	2	57096842	57692189	416	0.1774
8b67b3b5-9388-4424-9ab9-3b9bb249afbc	2	57693148	76901537	11910	0.0081
8b67b3b5-9388-4424-9ab9-3b9bb249afbc	2	76911465	79483812	1743	0.0815
8b67b3b5-9388-4424-9ab9-3b9bb249afbc	2	79486863	86070156	4000	0.0158
8b67b3b5-9388-4424-9ab9-3b9bb249afbc	2	86070238	86279021	148	-0.1817
8b67b3b5-9388-4424-9ab9-3b9bb249afbc	2	86285979	87218834	330	0.0409
8b67b3b5-9388-4424-9ab9-3b9bb249afbc	2	87221597	87638743	73	-0.3972
8b67b3b5-9388-4424-9ab9-3b9bb249afbc	2	87644835	155704078	36561	0.0139
8b67b3b5-9388-4424-9ab9-3b9bb249afbc	2	155708533	155715990	8	-1.4616
8b67b3b5-9388-4424-9ab9-3b9bb249afbc	2	155724196	158864195	1784	-0.013
8b67b3b5-9388-4424-9ab9-3b9bb249afbc	2	158869757	158869978	2	-2.0582
8b67b3b5-9388-4424-9ab9-3b9bb249afbc	2	158873581	183924733	15501	0.008
8b67b3b5-9388-4424-9ab9-3b9bb249afbc	2	183925748	188784034	2698	0.0974
8b67b3b5-9388-4424-9ab9-3b9bb249afbc	2	188784241	192345990	2155	0
8b67b3b5-9388-4424-9ab9-3b9bb249afbc	2	192348183	196061670	1931	0.1053
8b67b3b5-9388-4424-9ab9-3b9bb249afbc	2	196063369	212299318	9796	-0.003
8b67b3b5-9388-4424-9ab9-3b9bb249afbc	2	212299741	212328238	59	0.4826
8b67b3b5-9388-4424-9ab9-3b9bb249afbc	2	212328300	232315640	12618	0.0054
8b67b3b5-9388-4424-9ab9-3b9bb249afbc	2	232315703	232477908	98	-0.3002
8b67b3b5-9388-4424-9ab9-3b9bb249afbc	2	232477992	236894941	3023	0.0102
8b67b3b5-9388-4424-9ab9-3b9bb249afbc	2	236895235	236895291	2	2.8575
8b67b3b5-9388-4424-9ab9-3b9bb249afbc	2	236895339	238942331	1297	0.0213
8b67b3b5-9388-4424-9ab9-3b9bb249afbc	2	238943359	239324756	225	-0.161
8b67b3b5-9388-4424-9ab9-3b9bb249afbc	2	239326226	242147305	1477	0.0541
8b67b3b5-9388-4424-9ab9-3b9bb249afbc	3	20930	163782	131	-0.0132
8b67b3b5-9388-4424-9ab9-3b9bb249afbc	3	164380	2727708	2229	0.1331
8b67b3b5-9388-4424-9ab9-3b9bb249afbc	3	2728639	5891008	2794	-0.02
8b67b3b5-9388-4424-9ab9-3b9bb249afbc	3	5892757	6761791	792	0.094
8b67b3b5-9388-4424-9ab9-3b9bb249afbc	3	6762097	10145397	2623	0.0152
8b67b3b5-9388-4424-9ab9-3b9bb249afbc	3	10149361	10263745	103	-0.5464
8b67b3b5-9388-4424-9ab9-3b9bb249afbc	3	10266508	12641250	1783	-0.0005
8b67b3b5-9388-4424-9ab9-3b9bb249afbc	3	12641257	12715395	66	-0.3143
8b67b3b5-9388-4424-9ab9-3b9bb249afbc	3	12715447	12945641	129	-0.0147
8b67b3b5-9388-4424-9ab9-3b9bb249afbc	3	12945746	16197556	2189	0.0354
8b67b3b5-9388-4424-9ab9-3b9bb249afbc	3	16199049	16199877	8	1.1179
8b67b3b5-9388-4424-9ab9-3b9bb249afbc	3	16202089	21780439	3439	0.0298
8b67b3b5-9388-4424-9ab9-3b9bb249afbc	3	21785030	22276782	466	0.1578
8b67b3b5-9388-4424-9ab9-3b9bb249afbc	3	22277308	42069157	13461	0.0233
8b67b3b5-9388-4424-9ab9-3b9bb249afbc	3	42072382	42124918	34	-0.5594
8b67b3b5-9388-4424-9ab9-3b9bb249afbc	3	42127097	52880127	5218	0.0374
8b67b3b5-9388-4424-9ab9-3b9bb249afbc	3	52880893	65202778	9629	-0.0075
8b67b3b5-9388-4424-9ab9-3b9bb249afbc	3	65203560	65214027	31	-0.9789
8b67b3b5-9388-4424-9ab9-3b9bb249afbc	3	65214192	65214196	3	0.6681
8b67b3b5-9388-4424-9ab9-3b9bb249afbc	3	65217853	65224479	15	-0.8166
8b67b3b5-9388-4424-9ab9-3b9bb249afbc	3	65224624	67037024	1305	-0.0335
8b67b3b5-9388-4424-9ab9-3b9bb249afbc	3	67037089	67054204	10	0.6982
8b67b3b5-9388-4424-9ab9-3b9bb249afbc	3	67056207	68676600	1104	-0.0177
8b67b3b5-9388-4424-9ab9-3b9bb249afbc	3	68682877	68698262	16	0.623
8b67b3b5-9388-4424-9ab9-3b9bb249afbc	3	68699607	75372019	4842	-0.0049
8b67b3b5-9388-4424-9ab9-3b9bb249afbc	3	75377956	75590356	72	-1.2009
8b67b3b5-9388-4424-9ab9-3b9bb249afbc	3	75596233	75702172	21	0.0183
8b67b3b5-9388-4424-9ab9-3b9bb249afbc	3	75705264	75738966	7	-1.0788
8b67b3b5-9388-4424-9ab9-3b9bb249afbc	3	75747505	99225775	10907	0.0512
8b67b3b5-9388-4424-9ab9-3b9bb249afbc	3	99225788	99234917	38	0.5209
8b67b3b5-9388-4424-9ab9-3b9bb249afbc	3	99246033	112492966	7997	0.0287
8b67b3b5-9388-4424-9ab9-3b9bb249afbc	3	112494938	144082217	19308	0.0013
8b67b3b5-9388-4424-9ab9-3b9bb249afbc	3	144082800	146676270	1698	0.0612
8b67b3b5-9388-4424-9ab9-3b9bb249afbc	3	146676880	146886511	118	0.1661
8b67b3b5-9388-4424-9ab9-3b9bb249afbc	3	146886778	146890469	2	1.9066
8b67b3b5-9388-4424-9ab9-3b9bb249afbc	3	146899287	147676860	403	0.1469
8b67b3b5-9388-4424-9ab9-3b9bb249afbc	3	147677085	149253404	1008	0.0273
8b67b3b5-9388-4424-9ab9-3b9bb249afbc	3	149253517	149253920	2	-1.4767
8b67b3b5-9388-4424-9ab9-3b9bb249afbc	3	149254130	151792254	1633	0.0006
8b67b3b5-9388-4424-9ab9-3b9bb249afbc	3	151793297	151828091	29	-1.2298
8b67b3b5-9388-4424-9ab9-3b9bb249afbc	3	151830703	162148435	6203	0.032
8b67b3b5-9388-4424-9ab9-3b9bb249afbc	3	162148453	162239158	71	0.3127
8b67b3b5-9388-4424-9ab9-3b9bb249afbc	3	162243614	162773360	335	0.1013
8b67b3b5-9388-4424-9ab9-3b9bb249afbc	3	162774085	162908815	88	1.0568
8b67b3b5-9388-4424-9ab9-3b9bb249afbc	3	162910826	163008827	76	0.4344
8b67b3b5-9388-4424-9ab9-3b9bb249afbc	3	163008889	167199872	2322	0.0941
8b67b3b5-9388-4424-9ab9-3b9bb249afbc	3	167200252	173470981	3901	0.0168
8b67b3b5-9388-4424-9ab9-3b9bb249afbc	3	173475415	173935237	318	0.1936
8b67b3b5-9388-4424-9ab9-3b9bb249afbc	3	173936145	175363536	1019	0.0269
8b67b3b5-9388-4424-9ab9-3b9bb249afbc	3	175368999	176545911	752	0.1491
8b67b3b5-9388-4424-9ab9-3b9bb249afbc	3	176546785	177136268	382	-0.007
8b67b3b5-9388-4424-9ab9-3b9bb249afbc	3	177139962	177176493	20	-0.5584
8b67b3b5-9388-4424-9ab9-3b9bb249afbc	3	177177049	178402695	706	0.023
8b67b3b5-9388-4424-9ab9-3b9bb249afbc	3	178403079	178435816	19	0.5253
8b67b3b5-9388-4424-9ab9-3b9bb249afbc	3	178435900	183423995	2892	0.0086
8b67b3b5-9388-4424-9ab9-3b9bb249afbc	3	183426682	184129491	394	-0.1817
8b67b3b5-9388-4424-9ab9-3b9bb249afbc	3	184140637	193160113	6290	0.0001
8b67b3b5-9388-4424-9ab9-3b9bb249afbc	3	193160173	193165114	19	-0.9305
8b67b3b5-9388-4424-9ab9-3b9bb249afbc	3	193168646	194941224	1170	-0.0152
8b67b3b5-9388-4424-9ab9-3b9bb249afbc	3	194948867	194952897	2	-2.2506
8b67b3b5-9388-4424-9ab9-3b9bb249afbc	3	194953385	198107259	1458	-0.0792
8b67b3b5-9388-4424-9ab9-3b9bb249afbc	3	198107277	198107931	8	0.9555
8b67b3b5-9388-4424-9ab9-3b9bb249afbc	3	198108134	198169247	25	-0.3094
8b67b3b5-9388-4424-9ab9-3b9bb249afbc	4	68929	9455251	5126	0.013
8b67b3b5-9388-4424-9ab9-3b9bb249afbc	4	9459504	9477560	5	1.8352
8b67b3b5-9388-4424-9ab9-3b9bb249afbc	4	9477699	10391530	744	-0.0228
8b67b3b5-9388-4424-9ab9-3b9bb249afbc	4	10396694	10397113	4	1.9757
8b67b3b5-9388-4424-9ab9-3b9bb249afbc	4	10397210	25712604	11073	0.0104
8b67b3b5-9388-4424-9ab9-3b9bb249afbc	4	25712631	25713093	6	-1.0229
8b67b3b5-9388-4424-9ab9-3b9bb249afbc	4	25716479	26961967	777	-0.0221
8b67b3b5-9388-4424-9ab9-3b9bb249afbc	4	26962292	26965361	7	-1.1319
8b67b3b5-9388-4424-9ab9-3b9bb249afbc	4	26966632	34777432	4868	0.0525
8b67b3b5-9388-4424-9ab9-3b9bb249afbc	4	34784878	34822561	37	-0.5594
8b67b3b5-9388-4424-9ab9-3b9bb249afbc	4	34823103	40740808	3883	0.03
8b67b3b5-9388-4424-9ab9-3b9bb249afbc	4	40740873	40768493	17	-0.5722
8b67b3b5-9388-4424-9ab9-3b9bb249afbc	4	40777951	49203901	5030	0.0309
8b67b3b5-9388-4424-9ab9-3b9bb249afbc	4	49204422	49289175	3	-1.6738
8b67b3b5-9388-4424-9ab9-3b9bb249afbc	4	49295203	49656595	19	0.4557
8b67b3b5-9388-4424-9ab9-3b9bb249afbc	4	51819533	57831861	4063	0.0062
8b67b3b5-9388-4424-9ab9-3b9bb249afbc	4	57834077	63807836	3457	0.061
8b67b3b5-9388-4424-9ab9-3b9bb249afbc	4	63810048	63861672	50	0.4995
8b67b3b5-9388-4424-9ab9-3b9bb249afbc	4	63865087	68378716	2837	0.0504
8b67b3b5-9388-4424-9ab9-3b9bb249afbc	4	68389352	68422424	10	-0.9592
8b67b3b5-9388-4424-9ab9-3b9bb249afbc	4	68429081	68478894	9	0.29
8b67b3b5-9388-4424-9ab9-3b9bb249afbc	4	68494770	68620261	68	0.8432
8b67b3b5-9388-4424-9ab9-3b9bb249afbc	4	68623617	68807003	62	0.031
8b67b3b5-9388-4424-9ab9-3b9bb249afbc	4	68813177	69447253	352	0.2274
8b67b3b5-9388-4424-9ab9-3b9bb249afbc	4	69450639	103294549	20529	0.0238
8b67b3b5-9388-4424-9ab9-3b9bb249afbc	4	103296943	103296945	3	2.269
8b67b3b5-9388-4424-9ab9-3b9bb249afbc	4	103298947	131045515	16600	0.0348
8b67b3b5-9388-4424-9ab9-3b9bb249afbc	4	131051691	131059922	6	-1.2052
8b67b3b5-9388-4424-9ab9-3b9bb249afbc	4	131064206	131449415	190	0.2046
8b67b3b5-9388-4424-9ab9-3b9bb249afbc	4	131449738	132890273	747	0.029
8b67b3b5-9388-4424-9ab9-3b9bb249afbc	4	132890450	134290051	725	0.1498
8b67b3b5-9388-4424-9ab9-3b9bb249afbc	4	134290872	137168393	1609	0.0511
8b67b3b5-9388-4424-9ab9-3b9bb249afbc	4	137170949	137171603	10	-0.9434
8b67b3b5-9388-4424-9ab9-3b9bb249afbc	4	137171651	151091949	8405	0.025
8b67b3b5-9388-4424-9ab9-3b9bb249afbc	4	151092830	151099962	3	-1.5137
8b67b3b5-9388-4424-9ab9-3b9bb249afbc	4	151103174	151868634	387	-0.0034
8b67b3b5-9388-4424-9ab9-3b9bb249afbc	4	151870381	151871415	11	-1.5372
8b67b3b5-9388-4424-9ab9-3b9bb249afbc	4	151871739	160149115	5257	0.0323
8b67b3b5-9388-4424-9ab9-3b9bb249afbc	4	160149352	160149572	3	-1.4421
8b67b3b5-9388-4424-9ab9-3b9bb249afbc	4	160149615	160943196	574	0.0296
8b67b3b5-9388-4424-9ab9-3b9bb249afbc	4	160943404	161167982	199	0.2308
8b67b3b5-9388-4424-9ab9-3b9bb249afbc	4	161174181	164877834	2421	0.0365
8b67b3b5-9388-4424-9ab9-3b9bb249afbc	4	164879919	165096890	117	-0.2081
8b67b3b5-9388-4424-9ab9-3b9bb249afbc	4	165100039	168506951	2097	0.0542
8b67b3b5-9388-4424-9ab9-3b9bb249afbc	4	168507197	170644295	1340	-0.0228
8b67b3b5-9388-4424-9ab9-3b9bb249afbc	4	170649175	175623085	2905	0.0599
8b67b3b5-9388-4424-9ab9-3b9bb249afbc	4	175627073	175674047	36	0.4444
8b67b3b5-9388-4424-9ab9-3b9bb249afbc	4	175677825	178317274	1759	0.0386
8b67b3b5-9388-4424-9ab9-3b9bb249afbc	4	178317564	178817389	376	0.2435
8b67b3b5-9388-4424-9ab9-3b9bb249afbc	4	178820448	180688455	1379	0.073
8b67b3b5-9388-4424-9ab9-3b9bb249afbc	4	180688548	181176301	342	0.2312
8b67b3b5-9388-4424-9ab9-3b9bb249afbc	4	181176499	181859920	621	0.0205
8b67b3b5-9388-4424-9ab9-3b9bb249afbc	4	181861392	188313162	4439	-0.0353
8b67b3b5-9388-4424-9ab9-3b9bb249afbc	4	188313271	190098995	1103	0.08
8b67b3b5-9388-4424-9ab9-3b9bb249afbc	5	15532	717410	309	-0.0961
8b67b3b5-9388-4424-9ab9-3b9bb249afbc	5	717446	833513	42	1.5504
8b67b3b5-9388-4424-9ab9-3b9bb249afbc	5	852451	1274397	200	-0.1483
8b67b3b5-9388-4424-9ab9-3b9bb249afbc	5	1282390	1285936	9	-1.9027
8b67b3b5-9388-4424-9ab9-3b9bb249afbc	5	1285952	10748676	8080	0.0319
8b67b3b5-9388-4424-9ab9-3b9bb249afbc	5	10748798	10763544	7	-1.0704
8b67b3b5-9388-4424-9ab9-3b9bb249afbc	5	10763951	10905347	146	-0.071
8b67b3b5-9388-4424-9ab9-3b9bb249afbc	5	10907563	13885622	1981	0.0639
8b67b3b5-9388-4424-9ab9-3b9bb249afbc	5	13887711	17797531	2648	-0.0118
8b67b3b5-9388-4424-9ab9-3b9bb249afbc	5	17797636	21376735	2161	0.0809
8b67b3b5-9388-4424-9ab9-3b9bb249afbc	5	21377730	21377744	2	-2.3774
8b67b3b5-9388-4424-9ab9-3b9bb249afbc	5	21385957	25097807	2150	0.0624
8b67b3b5-9388-4424-9ab9-3b9bb249afbc	5	25098567	25331812	125	0.3122
8b67b3b5-9388-4424-9ab9-3b9bb249afbc	5	25333904	26789387	901	0.0731
8b67b3b5-9388-4424-9ab9-3b9bb249afbc	5	26797651	26797735	2	-1.5297
8b67b3b5-9388-4424-9ab9-3b9bb249afbc	5	26803775	30746525	2286	0.0782
8b67b3b5-9388-4424-9ab9-3b9bb249afbc	5	30746702	45478209	9247	0.01
8b67b3b5-9388-4424-9ab9-3b9bb249afbc	5	45482545	45772555	121	0.2871
8b67b3b5-9388-4424-9ab9-3b9bb249afbc	5	45773480	46191782	110	0.0001
8b67b3b5-9388-4424-9ab9-3b9bb249afbc	5	46195781	46210544	10	-1.0332
8b67b3b5-9388-4424-9ab9-3b9bb249afbc	5	46223922	84955306	20963	0.017
8b67b3b5-9388-4424-9ab9-3b9bb249afbc	5	84960369	84965850	4	1.5937
8b67b3b5-9388-4424-9ab9-3b9bb249afbc	5	84966072	85870919	497	0.0694
8b67b3b5-9388-4424-9ab9-3b9bb249afbc	5	85871730	85958347	51	0.4245
8b67b3b5-9388-4424-9ab9-3b9bb249afbc	5	85958994	98669355	6991	0.0309
8b67b3b5-9388-4424-9ab9-3b9bb249afbc	5	98669984	106965189	4829	0.0788
8b67b3b5-9388-4424-9ab9-3b9bb249afbc	5	106967805	117494472	7515	0.008
8b67b3b5-9388-4424-9ab9-3b9bb249afbc	5	117494995	117505743	11	-1.3201
8b67b3b5-9388-4424-9ab9-3b9bb249afbc	5	117518802	118535378	675	0.0301
8b67b3b5-9388-4424-9ab9-3b9bb249afbc	5	118546925	118550330	10	0.762
8b67b3b5-9388-4424-9ab9-3b9bb249afbc	5	118550488	119282845	483	0.027
8b67b3b5-9388-4424-9ab9-3b9bb249afbc	5	119282928	119393887	90	-0.294
8b67b3b5-9388-4424-9ab9-3b9bb249afbc	5	119394179	120033876	373	0.0004
8b67b3b5-9388-4424-9ab9-3b9bb249afbc	5	120040248	121793804	1185	0.1043
8b67b3b5-9388-4424-9ab9-3b9bb249afbc	5	121797242	121799781	3	-1.569
8b67b3b5-9388-4424-9ab9-3b9bb249afbc	5	121800431	122089426	163	0.104
8b67b3b5-9388-4424-9ab9-3b9bb249afbc	5	122089961	167085759	28682	0.0117
8b67b3b5-9388-4424-9ab9-3b9bb249afbc	5	167085995	170320589	2625	-0.0453
8b67b3b5-9388-4424-9ab9-3b9bb249afbc	5	170323154	171956106	1074	0.0053
8b67b3b5-9388-4424-9ab9-3b9bb249afbc	5	171956527	172222284	187	-0.2731
8b67b3b5-9388-4424-9ab9-3b9bb249afbc	5	172222343	172681855	345	-0.0095
8b67b3b5-9388-4424-9ab9-3b9bb249afbc	5	172682938	172735933	43	-0.3729
8b67b3b5-9388-4424-9ab9-3b9bb249afbc	5	172739256	176617903	2641	0.0103
8b67b3b5-9388-4424-9ab9-3b9bb249afbc	5	176618014	176749382	84	-0.278
8b67b3b5-9388-4424-9ab9-3b9bb249afbc	5	176750521	177770954	395	0.0744
8b67b3b5-9388-4424-9ab9-3b9bb249afbc	5	177771448	177805604	4	2.4094
8b67b3b5-9388-4424-9ab9-3b9bb249afbc	5	177827964	179668592	1045	-0.0097
8b67b3b5-9388-4424-9ab9-3b9bb249afbc	5	179668757	179669242	4	-1.7937
8b67b3b5-9388-4424-9ab9-3b9bb249afbc	5	179669317	181363319	909	-0.0218
8b67b3b5-9388-4424-9ab9-3b9bb249afbc	6	149661	990242	727	-0.0851
8b67b3b5-9388-4424-9ab9-3b9bb249afbc	6	993502	1004220	9	0.7907
8b67b3b5-9388-4424-9ab9-3b9bb249afbc	6	1007052	1007156	4	-0.0498
8b67b3b5-9388-4424-9ab9-3b9bb249afbc	6	1007188	1017664	13	0.8637
8b67b3b5-9388-4424-9ab9-3b9bb249afbc	6	1018096	15298802	11102	0.0028
8b67b3b5-9388-4424-9ab9-3b9bb249afbc	6	15299150	15455176	104	-0.3838
8b67b3b5-9388-4424-9ab9-3b9bb249afbc	6	15455953	17531590	1596	-0.0159
8b67b3b5-9388-4424-9ab9-3b9bb249afbc	6	17531772	17557843	25	0.7586
8b67b3b5-9388-4424-9ab9-3b9bb249afbc	6	17561063	24992934	5423	0.0029
8b67b3b5-9388-4424-9ab9-3b9bb249afbc	6	24996906	24997017	2	-1.9134
8b67b3b5-9388-4424-9ab9-3b9bb249afbc	6	24997234	27648522	1468	-0.0131
8b67b3b5-9388-4424-9ab9-3b9bb249afbc	6	27654575	27836382	122	-0.239
8b67b3b5-9388-4424-9ab9-3b9bb249afbc	6	27840381	29882497	955	0.0196
8b67b3b5-9388-4424-9ab9-3b9bb249afbc	6	29882589	29933799	18	-0.9622
8b67b3b5-9388-4424-9ab9-3b9bb249afbc	6	29940692	32656527	1209	0.032
8b67b3b5-9388-4424-9ab9-3b9bb249afbc	6	32656814	32658841	4	-1.7851
8b67b3b5-9388-4424-9ab9-3b9bb249afbc	6	32682835	33440890	392	0.0804
8b67b3b5-9388-4424-9ab9-3b9bb249afbc	6	33441169	60523800	15458	0.0155
8b67b3b5-9388-4424-9ab9-3b9bb249afbc	6	60552961	65000836	2212	0.0756
8b67b3b5-9388-4424-9ab9-3b9bb249afbc	6	65001506	65003899	3	-1.3753
8b67b3b5-9388-4424-9ab9-3b9bb249afbc	6	65007491	65084539	55	0.1353
8b67b3b5-9388-4424-9ab9-3b9bb249afbc	6	65086110	65088960	2	1.745
8b67b3b5-9388-4424-9ab9-3b9bb249afbc	6	65093904	65141573	42	0.1484
8b67b3b5-9388-4424-9ab9-3b9bb249afbc	6	65142000	65150646	6	0.8772
8b67b3b5-9388-4424-9ab9-3b9bb249afbc	6	65150994	66298393	755	0.0749
8b67b3b5-9388-4424-9ab9-3b9bb249afbc	6	66299130	66338736	55	-0.8225
8b67b3b5-9388-4424-9ab9-3b9bb249afbc	6	66339513	67675596	1029	0.0616
8b67b3b5-9388-4424-9ab9-3b9bb249afbc	6	67676737	67867299	117	0.2654
8b67b3b5-9388-4424-9ab9-3b9bb249afbc	6	67870166	71181992	2098	0.033
8b67b3b5-9388-4424-9ab9-3b9bb249afbc	6	71186742	71186786	2	1.7133
8b67b3b5-9388-4424-9ab9-3b9bb249afbc	6	71187611	73553188	1508	0.0231
8b67b3b5-9388-4424-9ab9-3b9bb249afbc	6	73557114	73557621	2	-1.9317
8b67b3b5-9388-4424-9ab9-3b9bb249afbc	6	73560409	78261980	3010	0.0475
8b67b3b5-9388-4424-9ab9-3b9bb249afbc	6	78261995	78325457	108	-0.2969
8b67b3b5-9388-4424-9ab9-3b9bb249afbc	6	78325468	80574921	1430	0.0344
8b67b3b5-9388-4424-9ab9-3b9bb249afbc	6	80574999	80579817	29	-1.2149
8b67b3b5-9388-4424-9ab9-3b9bb249afbc	6	80584624	93878226	8487	0.027
8b67b3b5-9388-4424-9ab9-3b9bb249afbc	6	93878371	95390273	721	0.2649
8b67b3b5-9388-4424-9ab9-3b9bb249afbc	6	95393148	103286954	4765	0.0443
8b67b3b5-9388-4424-9ab9-3b9bb249afbc	6	103290101	103314186	46	0.938
8b67b3b5-9388-4424-9ab9-3b9bb249afbc	6	103317795	124110629	12649	0.0272
8b67b3b5-9388-4424-9ab9-3b9bb249afbc	6	124114796	124150388	22	0.9835
8b67b3b5-9388-4424-9ab9-3b9bb249afbc	6	124152854	140406336	10663	0.0181
8b67b3b5-9388-4424-9ab9-3b9bb249afbc	6	140409647	141535781	572	0.155
8b67b3b5-9388-4424-9ab9-3b9bb249afbc	6	141535964	150471495	5880	0.0198
8b67b3b5-9388-4424-9ab9-3b9bb249afbc	6	150472804	150484102	12	0.7909
8b67b3b5-9388-4424-9ab9-3b9bb249afbc	6	150486695	167361474	12224	0.0208
8b67b3b5-9388-4424-9ab9-3b9bb249afbc	6	167368471	167370254	2	-1.899
8b67b3b5-9388-4424-9ab9-3b9bb249afbc	6	167370566	167931821	137	-0.0779
8b67b3b5-9388-4424-9ab9-3b9bb249afbc	6	167934598	168196562	176	0.7978
8b67b3b5-9388-4424-9ab9-3b9bb249afbc	6	168196667	169113224	760	-0.0177
8b67b3b5-9388-4424-9ab9-3b9bb249afbc	6	169116395	169116446	4	-1.3256
8b67b3b5-9388-4424-9ab9-3b9bb249afbc	6	169116450	170741917	903	0.0319
8b67b3b5-9388-4424-9ab9-3b9bb249afbc	7	43355	1083937	272	-0.0683
8b67b3b5-9388-4424-9ab9-3b9bb249afbc	7	1084064	1101609	9	-1.3576
8b67b3b5-9388-4424-9ab9-3b9bb249afbc	7	1102071	8523253	4550	-0.0104
8b67b3b5-9388-4424-9ab9-3b9bb249afbc	7	8523774	9789396	1051	0.142
8b67b3b5-9388-4424-9ab9-3b9bb249afbc	7	9790534	9852957	57	0.4571
8b67b3b5-9388-4424-9ab9-3b9bb249afbc	7	9853143	10584563	522	0.1284
8b67b3b5-9388-4424-9ab9-3b9bb249afbc	7	10584914	19160701	7024	0.0422
8b67b3b5-9388-4424-9ab9-3b9bb249afbc	7	19160940	19810200	550	0.1671
8b67b3b5-9388-4424-9ab9-3b9bb249afbc	7	19810545	37026630	12291	0.0018
8b67b3b5-9388-4424-9ab9-3b9bb249afbc	7	37026687	37026939	4	-1.4149
8b67b3b5-9388-4424-9ab9-3b9bb249afbc	7	37028637	38312544	997	0.003
8b67b3b5-9388-4424-9ab9-3b9bb249afbc	7	38312559	38312638	2	-2.3144
8b67b3b5-9388-4424-9ab9-3b9bb249afbc	7	38317006	42382263	2742	0.0037
8b67b3b5-9388-4424-9ab9-3b9bb249afbc	7	42382621	42889556	335	0.0749
8b67b3b5-9388-4424-9ab9-3b9bb249afbc	7	42890388	42893243	2	-2.0984
8b67b3b5-9388-4424-9ab9-3b9bb249afbc	7	42898059	54318812	7897	0.0456
8b67b3b5-9388-4424-9ab9-3b9bb249afbc	7	54318816	54318824	5	-1.9668
8b67b3b5-9388-4424-9ab9-3b9bb249afbc	7	54325795	67172252	3690	0.0192
8b67b3b5-9388-4424-9ab9-3b9bb249afbc	7	67176387	67180245	5	-3.0713
8b67b3b5-9388-4424-9ab9-3b9bb249afbc	7	67182652	67204078	7	-1.051
8b67b3b5-9388-4424-9ab9-3b9bb249afbc	7	67207129	67233947	8	-0.759
8b67b3b5-9388-4424-9ab9-3b9bb249afbc	7	67234797	79027225	6030	-0.0154
8b67b3b5-9388-4424-9ab9-3b9bb249afbc	7	79027603	87303449	5369	0.0535
8b67b3b5-9388-4424-9ab9-3b9bb249afbc	7	87311487	87317572	3	-2.3853
8b67b3b5-9388-4424-9ab9-3b9bb249afbc	7	87318911	88547970	667	0.043
8b67b3b5-9388-4424-9ab9-3b9bb249afbc	7	88548580	90016788	981	0.1939
8b67b3b5-9388-4424-9ab9-3b9bb249afbc	7	90017129	98883462	5478	0.0174
8b67b3b5-9388-4424-9ab9-3b9bb249afbc	7	98883813	99036047	93	-0.2724
8b67b3b5-9388-4424-9ab9-3b9bb249afbc	7	99037978	101317674	870	0.0058
8b67b3b5-9388-4424-9ab9-3b9bb249afbc	7	101318147	101473053	69	-0.4119
8b67b3b5-9388-4424-9ab9-3b9bb249afbc	7	101473876	105457859	2161	0.0055
8b67b3b5-9388-4424-9ab9-3b9bb249afbc	7	105458908	105475995	6	-1.5814
8b67b3b5-9388-4424-9ab9-3b9bb249afbc	7	105480299	105557943	41	-0.3021
8b67b3b5-9388-4424-9ab9-3b9bb249afbc	7	105563634	108023764	1595	0.0058
8b67b3b5-9388-4424-9ab9-3b9bb249afbc	7	108024342	108076945	40	-0.1839
8b67b3b5-9388-4424-9ab9-3b9bb249afbc	7	108078850	108080127	4	-1.2493
8b67b3b5-9388-4424-9ab9-3b9bb249afbc	7	108080676	109800862	1174	0.0249
8b67b3b5-9388-4424-9ab9-3b9bb249afbc	7	109800863	109813925	17	1.0036
8b67b3b5-9388-4424-9ab9-3b9bb249afbc	7	109814172	111297038	997	0.0151
8b67b3b5-9388-4424-9ab9-3b9bb249afbc	7	111300257	111439754	112	0.2538
8b67b3b5-9388-4424-9ab9-3b9bb249afbc	7	111442785	120882429	5461	0.0228
8b67b3b5-9388-4424-9ab9-3b9bb249afbc	7	120884520	120886317	3	-1.825
8b67b3b5-9388-4424-9ab9-3b9bb249afbc	7	120894295	126405632	3429	0.0352
8b67b3b5-9388-4424-9ab9-3b9bb249afbc	7	126405690	126406561	8	-1.86
8b67b3b5-9388-4424-9ab9-3b9bb249afbc	7	126406822	134093896	4676	-0.0079
8b67b3b5-9388-4424-9ab9-3b9bb249afbc	7	134093899	134105690	25	1.0784
8b67b3b5-9388-4424-9ab9-3b9bb249afbc	7	134110881	159334314	16015	0.0041
8b67b3b5-9388-4424-9ab9-3b9bb249afbc	8	81254	2499690	1690	-0.0245
8b67b3b5-9388-4424-9ab9-3b9bb249afbc	8	2499808	4850809	3169	0.0802
8b67b3b5-9388-4424-9ab9-3b9bb249afbc	8	4850832	4851208	2	-2.1885
8b67b3b5-9388-4424-9ab9-3b9bb249afbc	8	4851991	6183287	1691	0.1041
8b67b3b5-9388-4424-9ab9-3b9bb249afbc	8	6184554	6225880	130	-0.1904
8b67b3b5-9388-4424-9ab9-3b9bb249afbc	8	6227986	6960876	891	0.0182
8b67b3b5-9388-4424-9ab9-3b9bb249afbc	8	6960925	7312952	117	-0.1438
8b67b3b5-9388-4424-9ab9-3b9bb249afbc	8	7329110	7329124	2	2.0971
8b67b3b5-9388-4424-9ab9-3b9bb249afbc	8	7336299	7414835	23	-0.1028
8b67b3b5-9388-4424-9ab9-3b9bb249afbc	8	7422376	7433619	3	-2.7276
8b67b3b5-9388-4424-9ab9-3b9bb249afbc	8	7440674	7890177	20	-0.2416
8b67b3b5-9388-4424-9ab9-3b9bb249afbc	8	7919608	7974123	5	-1.5757
8b67b3b5-9388-4424-9ab9-3b9bb249afbc	8	7981252	12143614	3226	-0.0141
8b67b3b5-9388-4424-9ab9-3b9bb249afbc	8	12176798	12323772	3	-2.4041
8b67b3b5-9388-4424-9ab9-3b9bb249afbc	8	12358500	16404738	3549	0.0198
8b67b3b5-9388-4424-9ab9-3b9bb249afbc	8	16404755	16421186	27	-0.9148
8b67b3b5-9388-4424-9ab9-3b9bb249afbc	8	16425078	23550260	5689	0.0138
8b67b3b5-9388-4424-9ab9-3b9bb249afbc	8	23550275	23550392	4	-2.3521
8b67b3b5-9388-4424-9ab9-3b9bb249afbc	8	23552812	25116961	1135	0.0344
8b67b3b5-9388-4424-9ab9-3b9bb249afbc	8	25117007	25126818	24	0.6956
8b67b3b5-9388-4424-9ab9-3b9bb249afbc	8	25133589	36387452	7386	0.02
8b67b3b5-9388-4424-9ab9-3b9bb249afbc	8	36397626	36434002	15	0.6328
8b67b3b5-9388-4424-9ab9-3b9bb249afbc	8	36436212	38459672	1101	0.0229
8b67b3b5-9388-4424-9ab9-3b9bb249afbc	8	38459695	38472684	37	-0.551
8b67b3b5-9388-4424-9ab9-3b9bb249afbc	8	38474800	39373140	432	0.0224
8b67b3b5-9388-4424-9ab9-3b9bb249afbc	8	39378084	39529446	59	-2.498
8b67b3b5-9388-4424-9ab9-3b9bb249afbc	8	39530780	40914477	1069	0.0278
8b67b3b5-9388-4424-9ab9-3b9bb249afbc	8	40920333	40920952	2	-2.6694
8b67b3b5-9388-4424-9ab9-3b9bb249afbc	8	40926161	43555353	1427	-0.0118
8b67b3b5-9388-4424-9ab9-3b9bb249afbc	8	43558812	43677083	24	-0.6728
8b67b3b5-9388-4424-9ab9-3b9bb249afbc	8	43677707	46236265	118	-0.1484
8b67b3b5-9388-4424-9ab9-3b9bb249afbc	8	46249062	46261056	5	-1.6373
8b67b3b5-9388-4424-9ab9-3b9bb249afbc	8	46261373	50119451	1895	0.0088
8b67b3b5-9388-4424-9ab9-3b9bb249afbc	8	50119464	50119703	5	-2.1087
8b67b3b5-9388-4424-9ab9-3b9bb249afbc	8	50119757	55774330	3713	0.0258
8b67b3b5-9388-4424-9ab9-3b9bb249afbc	8	55774708	56322297	305	-0.1487
8b67b3b5-9388-4424-9ab9-3b9bb249afbc	8	56325123	71303129	9241	0.0126
8b67b3b5-9388-4424-9ab9-3b9bb249afbc	8	71303791	71304199	4	1.6879
8b67b3b5-9388-4424-9ab9-3b9bb249afbc	8	71304266	84345754	7941	0.0296
8b67b3b5-9388-4424-9ab9-3b9bb249afbc	8	84350648	84356431	18	-1.2548
8b67b3b5-9388-4424-9ab9-3b9bb249afbc	8	84358447	145072769	38853	0.0076
8b67b3b5-9388-4424-9ab9-3b9bb249afbc	9	46587	926779	888	-0.1034
8b67b3b5-9388-4424-9ab9-3b9bb249afbc	9	928948	1089866	148	0.0236
8b67b3b5-9388-4424-9ab9-3b9bb249afbc	9	1090529	1362387	317	0.1659
8b67b3b5-9388-4424-9ab9-3b9bb249afbc	9	1362503	6358385	4699	0.0062
8b67b3b5-9388-4424-9ab9-3b9bb249afbc	9	6358818	6641802	191	-0.1032
8b67b3b5-9388-4424-9ab9-3b9bb249afbc	9	6641895	6695986	61	-0.2855
8b67b3b5-9388-4424-9ab9-3b9bb249afbc	9	6701145	6708357	7	-1.53
8b67b3b5-9388-4424-9ab9-3b9bb249afbc	9	6712314	6828538	71	-0.3134
8b67b3b5-9388-4424-9ab9-3b9bb249afbc	9	6829055	9778715	2825	0.0301
8b67b3b5-9388-4424-9ab9-3b9bb249afbc	9	9779358	10480966	730	0.1706
8b67b3b5-9388-4424-9ab9-3b9bb249afbc	9	10481205	11114571	564	0.0531
8b67b3b5-9388-4424-9ab9-3b9bb249afbc	9	11114678	12617397	1147	0.2221
8b67b3b5-9388-4424-9ab9-3b9bb249afbc	9	12617803	24463945	9347	0.0184
8b67b3b5-9388-4424-9ab9-3b9bb249afbc	9	24464464	24512807	65	0.3438
8b67b3b5-9388-4424-9ab9-3b9bb249afbc	9	24514392	28543420	3102	0.0365
8b67b3b5-9388-4424-9ab9-3b9bb249afbc	9	28543777	28970239	336	0.2239
8b67b3b5-9388-4424-9ab9-3b9bb249afbc	9	28970502	29780388	554	0.0245
8b67b3b5-9388-4424-9ab9-3b9bb249afbc	9	29782961	29963162	147	0.323
8b67b3b5-9388-4424-9ab9-3b9bb249afbc	9	29965086	30467207	339	0.0872
8b67b3b5-9388-4424-9ab9-3b9bb249afbc	9	30469146	30708693	139	0.2756
8b67b3b5-9388-4424-9ab9-3b9bb249afbc	9	30710016	38771790	5174	0.0379
8b67b3b5-9388-4424-9ab9-3b9bb249afbc	9	38771834	61520021	259	-0.0923
8b67b3b5-9388-4424-9ab9-3b9bb249afbc	9	61521913	61647899	29	-1.4449
8b67b3b5-9388-4424-9ab9-3b9bb249afbc	9	61665362	101994099	23391	0.0202
8b67b3b5-9388-4424-9ab9-3b9bb249afbc	9	101994316	104074421	1502	0.1198
8b67b3b5-9388-4424-9ab9-3b9bb249afbc	9	104074450	115815714	8904	0.0111
8b67b3b5-9388-4424-9ab9-3b9bb249afbc	9	115820872	115835477	6	1.6427
8b67b3b5-9388-4424-9ab9-3b9bb249afbc	9	115835950	127701745	8208	-0.0034
8b67b3b5-9388-4424-9ab9-3b9bb249afbc	9	127704624	130519248	1304	0.0687
8b67b3b5-9388-4424-9ab9-3b9bb249afbc	9	130519284	130554754	16	-0.0728
8b67b3b5-9388-4424-9ab9-3b9bb249afbc	9	130555012	130555641	3	-1.0439
8b67b3b5-9388-4424-9ab9-3b9bb249afbc	9	130555705	130752652	125	-0.0275
8b67b3b5-9388-4424-9ab9-3b9bb249afbc	9	130753286	130753302	2	-2.4647
8b67b3b5-9388-4424-9ab9-3b9bb249afbc	9	130753312	130861992	154	0.0394
8b67b3b5-9388-4424-9ab9-3b9bb249afbc	9	130862036	130862064	2	-1.8196
8b67b3b5-9388-4424-9ab9-3b9bb249afbc	9	130862182	133792329	1875	0.0335
8b67b3b5-9388-4424-9ab9-3b9bb249afbc	9	133792484	133792488	2	-3.1984
8b67b3b5-9388-4424-9ab9-3b9bb249afbc	9	133800186	138200944	1987	0.0306
8b67b3b5-9388-4424-9ab9-3b9bb249afbc	10	45792	390607	185	-0.0644
8b67b3b5-9388-4424-9ab9-3b9bb249afbc	10	391161	391973	2	-2.3979
8b67b3b5-9388-4424-9ab9-3b9bb249afbc	10	392000	1881341	1122	-0.0371
8b67b3b5-9388-4424-9ab9-3b9bb249afbc	10	1881363	3003423	1087	0.1116
8b67b3b5-9388-4424-9ab9-3b9bb249afbc	10	3004660	5586608	2280	0.0273
8b67b3b5-9388-4424-9ab9-3b9bb249afbc	10	5591408	7567305	1803	-0.0319
8b67b3b5-9388-4424-9ab9-3b9bb249afbc	10	7568106	11011860	2766	0.0407
8b67b3b5-9388-4424-9ab9-3b9bb249afbc	10	11012634	13016496	1581	-0.0655
8b67b3b5-9388-4424-9ab9-3b9bb249afbc	10	13016556	19228873	4900	0.0165
8b67b3b5-9388-4424-9ab9-3b9bb249afbc	10	19229023	19232778	8	0.8918
8b67b3b5-9388-4424-9ab9-3b9bb249afbc	10	19235113	19312895	63	0.1727
8b67b3b5-9388-4424-9ab9-3b9bb249afbc	10	19313102	19319014	6	0.9216
8b67b3b5-9388-4424-9ab9-3b9bb249afbc	10	19319242	19466914	122	0.0191
8b67b3b5-9388-4424-9ab9-3b9bb249afbc	10	19467620	19485768	20	-1.0428
8b67b3b5-9388-4424-9ab9-3b9bb249afbc	10	19485808	30957581	8030	0.0222
8b67b3b5-9388-4424-9ab9-3b9bb249afbc	10	30962405	30962850	11	-0.8862
8b67b3b5-9388-4424-9ab9-3b9bb249afbc	10	30962893	46522571	7347	0.0202
8b67b3b5-9388-4424-9ab9-3b9bb249afbc	10	46525652	46526280	14	1.4764
8b67b3b5-9388-4424-9ab9-3b9bb249afbc	10	46526920	47724261	330	0.0427
8b67b3b5-9388-4424-9ab9-3b9bb249afbc	10	47729691	48125747	10	1.1293
8b67b3b5-9388-4424-9ab9-3b9bb249afbc	10	48154966	54590398	4739	0.0387
8b67b3b5-9388-4424-9ab9-3b9bb249afbc	10	54591355	54685856	68	0.1249
8b67b3b5-9388-4424-9ab9-3b9bb249afbc	10	54693189	54708677	13	1.1665
8b67b3b5-9388-4424-9ab9-3b9bb249afbc	10	54712504	55150202	288	0.083
8b67b3b5-9388-4424-9ab9-3b9bb249afbc	10	55156449	55960516	555	0.2431
8b67b3b5-9388-4424-9ab9-3b9bb249afbc	10	55961022	56750971	501	0.0674
8b67b3b5-9388-4424-9ab9-3b9bb249afbc	10	56751684	56773229	53	0.5026
8b67b3b5-9388-4424-9ab9-3b9bb249afbc	10	56776292	57176793	320	0.0965
8b67b3b5-9388-4424-9ab9-3b9bb249afbc	10	57176806	59598509	1753	0.016
8b67b3b5-9388-4424-9ab9-3b9bb249afbc	10	59604357	59605506	8	-1.143
8b67b3b5-9388-4424-9ab9-3b9bb249afbc	10	59605724	65529055	3967	0.0269
8b67b3b5-9388-4424-9ab9-3b9bb249afbc	10	65529532	65538843	14	0.6477
8b67b3b5-9388-4424-9ab9-3b9bb249afbc	10	65539931	65546518	9	0.073
8b67b3b5-9388-4424-9ab9-3b9bb249afbc	10	65548165	65548951	7	-1.0606
8b67b3b5-9388-4424-9ab9-3b9bb249afbc	10	65548979	65554688	21	-2.6636
8b67b3b5-9388-4424-9ab9-3b9bb249afbc	10	65563037	68700606	2013	0.0897
8b67b3b5-9388-4424-9ab9-3b9bb249afbc	10	68700729	76493093	4695	0.0166
8b67b3b5-9388-4424-9ab9-3b9bb249afbc	10	76497303	76497852	2	2.0997
8b67b3b5-9388-4424-9ab9-3b9bb249afbc	10	76501509	78702708	1756	0.0003
8b67b3b5-9388-4424-9ab9-3b9bb249afbc	10	78703010	79832375	677	0.1029
8b67b3b5-9388-4424-9ab9-3b9bb249afbc	10	79833215	80535642	409	-0.1581
8b67b3b5-9388-4424-9ab9-3b9bb249afbc	10	80537777	92200938	8079	0.0256
8b67b3b5-9388-4424-9ab9-3b9bb249afbc	10	92201760	92582033	163	-0.1796
8b67b3b5-9388-4424-9ab9-3b9bb249afbc	10	92582919	92591596	3	-1.6836
8b67b3b5-9388-4424-9ab9-3b9bb249afbc	10	92600398	92688488	33	-0.172
8b67b3b5-9388-4424-9ab9-3b9bb249afbc	10	92694399	133654968	27821	0.0168
8b67b3b5-9388-4424-9ab9-3b9bb249afbc	11	198510	1626349	472	0.0233
8b67b3b5-9388-4424-9ab9-3b9bb249afbc	11	1627184	1628817	4	-1.6477
8b67b3b5-9388-4424-9ab9-3b9bb249afbc	11	1629309	3613856	832	0.0689
8b67b3b5-9388-4424-9ab9-3b9bb249afbc	11	3614380	4659237	759	-0.0506
8b67b3b5-9388-4424-9ab9-3b9bb249afbc	11	4659251	5199607	539	0.04
8b67b3b5-9388-4424-9ab9-3b9bb249afbc	11	5200003	5205088	8	0.7267
8b67b3b5-9388-4424-9ab9-3b9bb249afbc	11	5206913	5762693	569	0.0344
8b67b3b5-9388-4424-9ab9-3b9bb249afbc	11	5766175	5788231	35	0.8424
8b67b3b5-9388-4424-9ab9-3b9bb249afbc	11	5791130	21375455	11575	0.0027
8b67b3b5-9388-4424-9ab9-3b9bb249afbc	11	21381610	21515675	124	0.207
8b67b3b5-9388-4424-9ab9-3b9bb249afbc	11	21515981	25154988	2537	0.0399
8b67b3b5-9388-4424-9ab9-3b9bb249afbc	11	25155707	25251377	76	0.3299
8b67b3b5-9388-4424-9ab9-3b9bb249afbc	11	25253076	25510037	193	0.0145
8b67b3b5-9388-4424-9ab9-3b9bb249afbc	11	25510293	25700531	168	0.1847
8b67b3b5-9388-4424-9ab9-3b9bb249afbc	11	25700603	34674348	5968	-0.0007
8b67b3b5-9388-4424-9ab9-3b9bb249afbc	11	34674980	34697771	23	0.6243
8b67b3b5-9388-4424-9ab9-3b9bb249afbc	11	34698212	36953177	1886	-0.0042
8b67b3b5-9388-4424-9ab9-3b9bb249afbc	11	36953879	37813411	572	0.1848
8b67b3b5-9388-4424-9ab9-3b9bb249afbc	11	37821027	47941827	6300	0.0267
8b67b3b5-9388-4424-9ab9-3b9bb249afbc	11	47942266	47946362	2	-1.8257
8b67b3b5-9388-4424-9ab9-3b9bb249afbc	11	47947600	48010131	30	-0.139
8b67b3b5-9388-4424-9ab9-3b9bb249afbc	11	48014518	48020351	5	-1.5257
8b67b3b5-9388-4424-9ab9-3b9bb249afbc	11	48020866	48040139	12	-0.3062
8b67b3b5-9388-4424-9ab9-3b9bb249afbc	11	48040925	49737435	722	0.0543
8b67b3b5-9388-4424-9ab9-3b9bb249afbc	11	49738003	49739136	6	-1.3365
8b67b3b5-9388-4424-9ab9-3b9bb249afbc	11	49744609	50172254	179	0.1015
8b67b3b5-9388-4424-9ab9-3b9bb249afbc	11	50174223	50186789	8	1.1692
8b67b3b5-9388-4424-9ab9-3b9bb249afbc	11	50187265	55214735	326	0.0117
8b67b3b5-9388-4424-9ab9-3b9bb249afbc	11	55241999	56232995	645	0.2701
8b67b3b5-9388-4424-9ab9-3b9bb249afbc	11	56235401	61248334	2980	0.0255
8b67b3b5-9388-4424-9ab9-3b9bb249afbc	11	61248776	61252993	2	-2.0835
8b67b3b5-9388-4424-9ab9-3b9bb249afbc	11	61254683	64817543	1688	0.0281
8b67b3b5-9388-4424-9ab9-3b9bb249afbc	11	64825254	65894607	397	-0.1156
8b67b3b5-9388-4424-9ab9-3b9bb249afbc	11	65902628	81786865	8911	0.0234
8b67b3b5-9388-4424-9ab9-3b9bb249afbc	11	81787763	81792426	2	2.3274
8b67b3b5-9388-4424-9ab9-3b9bb249afbc	11	81792950	82155706	263	0.0784
8b67b3b5-9388-4424-9ab9-3b9bb249afbc	11	82167381	82169547	7	1.4818
8b67b3b5-9388-4424-9ab9-3b9bb249afbc	11	82173275	89765194	4977	0.0199
8b67b3b5-9388-4424-9ab9-3b9bb249afbc	11	89768798	89802498	3	2.3455
8b67b3b5-9388-4424-9ab9-3b9bb249afbc	11	89813759	89966336	11	-0.0768
8b67b3b5-9388-4424-9ab9-3b9bb249afbc	11	90043678	90077170	4	-2.0926
8b67b3b5-9388-4424-9ab9-3b9bb249afbc	11	90085142	135074876	32050	0.0083
8b67b3b5-9388-4424-9ab9-3b9bb249afbc	12	51460	11011503	7066	-0.029
8b67b3b5-9388-4424-9ab9-3b9bb249afbc	12	11011643	11117951	60	0.4143
8b67b3b5-9388-4424-9ab9-3b9bb249afbc	12	11119926	11650738	329	0.0476
8b67b3b5-9388-4424-9ab9-3b9bb249afbc	12	11650886	11657624	9	-1.7135
8b67b3b5-9388-4424-9ab9-3b9bb249afbc	12	11657912	11820857	231	-0.1759
8b67b3b5-9388-4424-9ab9-3b9bb249afbc	12	11822311	33141726	14827	0.0085
8b67b3b5-9388-4424-9ab9-3b9bb249afbc	12	33148472	33154440	27	0.5885
8b67b3b5-9388-4424-9ab9-3b9bb249afbc	12	33155426	33233822	45	0.0781
8b67b3b5-9388-4424-9ab9-3b9bb249afbc	12	33235894	33242483	5	-1.1778
8b67b3b5-9388-4424-9ab9-3b9bb249afbc	12	33246118	33363499	84	-0.0311
8b67b3b5-9388-4424-9ab9-3b9bb249afbc	12	33365705	34123120	457	0.1789
8b67b3b5-9388-4424-9ab9-3b9bb249afbc	12	34123324	38266662	405	-0.0736
8b67b3b5-9388-4424-9ab9-3b9bb249afbc	12	38267113	38563338	147	0.2465
8b67b3b5-9388-4424-9ab9-3b9bb249afbc	12	38563487	48331037	6108	0.0335
8b67b3b5-9388-4424-9ab9-3b9bb249afbc	12	48331236	48336531	8	-1.2381
8b67b3b5-9388-4424-9ab9-3b9bb249afbc	12	48337092	53088385	2651	0.0072
8b67b3b5-9388-4424-9ab9-3b9bb249afbc	12	53090582	53096186	5	-1.7414
8b67b3b5-9388-4424-9ab9-3b9bb249afbc	12	53097237	58322678	2723	0.0087
8b67b3b5-9388-4424-9ab9-3b9bb249afbc	12	58322805	58337065	12	-0.8699
8b67b3b5-9388-4424-9ab9-3b9bb249afbc	12	58337114	62619993	2721	0.0257
8b67b3b5-9388-4424-9ab9-3b9bb249afbc	12	62621682	63052321	356	-0.1028
8b67b3b5-9388-4424-9ab9-3b9bb249afbc	12	63052637	73594001	6758	0.023
8b67b3b5-9388-4424-9ab9-3b9bb249afbc	12	73597646	73603601	7	-1.0717
8b67b3b5-9388-4424-9ab9-3b9bb249afbc	12	73604806	74196609	308	0.0427
8b67b3b5-9388-4424-9ab9-3b9bb249afbc	12	74197832	74198424	2	1.8011
8b67b3b5-9388-4424-9ab9-3b9bb249afbc	12	74203021	81679299	4843	0.0214
8b67b3b5-9388-4424-9ab9-3b9bb249afbc	12	81682310	87921793	3614	0.0654
8b67b3b5-9388-4424-9ab9-3b9bb249afbc	12	87923581	110784071	15053	0.0085
8b67b3b5-9388-4424-9ab9-3b9bb249afbc	12	110785139	110796985	4	-1.6323
8b67b3b5-9388-4424-9ab9-3b9bb249afbc	12	110797917	132639662	14787	0.004
8b67b3b5-9388-4424-9ab9-3b9bb249afbc	12	132640031	133012887	158	-0.2611
8b67b3b5-9388-4424-9ab9-3b9bb249afbc	12	133012923	133201603	95	0.0726
8b67b3b5-9388-4424-9ab9-3b9bb249afbc	13	18452809	20246642	870	-0.0153
8b67b3b5-9388-4424-9ab9-3b9bb249afbc	13	20253112	20253801	2	-3.7466
8b67b3b5-9388-4424-9ab9-3b9bb249afbc	13	20258408	37496998	12503	0.0147
8b67b3b5-9388-4424-9ab9-3b9bb249afbc	13	37497899	37523106	36	0.5024
8b67b3b5-9388-4424-9ab9-3b9bb249afbc	13	37524041	42436347	3398	0.0301
8b67b3b5-9388-4424-9ab9-3b9bb249afbc	13	42439964	42440328	2	-2.1838
8b67b3b5-9388-4424-9ab9-3b9bb249afbc	13	42440659	42895021	375	-0.0338
8b67b3b5-9388-4424-9ab9-3b9bb249afbc	13	42900092	42950380	49	0.8867
8b67b3b5-9388-4424-9ab9-3b9bb249afbc	13	42953504	53869435	6811	0.0048
8b67b3b5-9388-4424-9ab9-3b9bb249afbc	13	53870721	53903758	32	0.3883
8b67b3b5-9388-4424-9ab9-3b9bb249afbc	13	53907800	54583653	425	0.065
8b67b3b5-9388-4424-9ab9-3b9bb249afbc	13	54587906	54896255	182	0.2605
8b67b3b5-9388-4424-9ab9-3b9bb249afbc	13	54896302	57083416	1077	0.0539
8b67b3b5-9388-4424-9ab9-3b9bb249afbc	13	57084413	57694113	343	0.2383
8b67b3b5-9388-4424-9ab9-3b9bb249afbc	13	57694831	63534155	3455	0.0344
8b67b3b5-9388-4424-9ab9-3b9bb249afbc	13	63535303	64406265	503	0.2924
8b67b3b5-9388-4424-9ab9-3b9bb249afbc	13	64406673	71360664	4425	0.0793
8b67b3b5-9388-4424-9ab9-3b9bb249afbc	13	71362523	71362740	2	-2.2505
8b67b3b5-9388-4424-9ab9-3b9bb249afbc	13	71366409	71804670	237	0.0998
8b67b3b5-9388-4424-9ab9-3b9bb249afbc	13	71812247	82380464	7184	0.0168
8b67b3b5-9388-4424-9ab9-3b9bb249afbc	13	82385343	89722594	4378	0.0744
8b67b3b5-9388-4424-9ab9-3b9bb249afbc	13	89723031	95265809	3833	0.0243
8b67b3b5-9388-4424-9ab9-3b9bb249afbc	13	95265993	95333912	51	-0.3705
8b67b3b5-9388-4424-9ab9-3b9bb249afbc	13	95334764	97674394	1325	0.0164
8b67b3b5-9388-4424-9ab9-3b9bb249afbc	13	97674422	97679286	5	1.0082
8b67b3b5-9388-4424-9ab9-3b9bb249afbc	13	97681669	97875020	133	0.0624
8b67b3b5-9388-4424-9ab9-3b9bb249afbc	13	97877870	97879211	6	-1.1073
8b67b3b5-9388-4424-9ab9-3b9bb249afbc	13	97881576	104622413	5098	0.0123
8b67b3b5-9388-4424-9ab9-3b9bb249afbc	13	104622617	105212605	484	0.0946
8b67b3b5-9388-4424-9ab9-3b9bb249afbc	13	105212912	105759475	423	0.2335
8b67b3b5-9388-4424-9ab9-3b9bb249afbc	13	105763968	112856936	5347	0.0129
8b67b3b5-9388-4424-9ab9-3b9bb249afbc	13	112857183	113055459	119	-0.2261
8b67b3b5-9388-4424-9ab9-3b9bb249afbc	13	113055517	114342922	533	-0.0015
8b67b3b5-9388-4424-9ab9-3b9bb249afbc	14	18239283	18639714	14	0.1924
8b67b3b5-9388-4424-9ab9-3b9bb249afbc	14	18640726	19924455	128	-0.3951
8b67b3b5-9388-4424-9ab9-3b9bb249afbc	14	19924627	21858683	1266	0.0139
8b67b3b5-9388-4424-9ab9-3b9bb249afbc	14	21859138	21859825	2	-2.3668
8b67b3b5-9388-4424-9ab9-3b9bb249afbc	14	21859885	22613020	687	0.0505
8b67b3b5-9388-4424-9ab9-3b9bb249afbc	14	22613071	22630304	13	-0.712
8b67b3b5-9388-4424-9ab9-3b9bb249afbc	14	22630485	35022137	7780	0.0174
8b67b3b5-9388-4424-9ab9-3b9bb249afbc	14	35023871	35040533	9	-1.197
8b67b3b5-9388-4424-9ab9-3b9bb249afbc	14	35041591	39964230	2926	0.0144
8b67b3b5-9388-4424-9ab9-3b9bb249afbc	14	39967346	46093723	3666	0.0961
8b67b3b5-9388-4424-9ab9-3b9bb249afbc	14	46096049	60589222	9329	0.02
8b67b3b5-9388-4424-9ab9-3b9bb249afbc	14	60591424	60592418	2	-3.6156
8b67b3b5-9388-4424-9ab9-3b9bb249afbc	14	60599500	61097134	202	0.0879
8b67b3b5-9388-4424-9ab9-3b9bb249afbc	14	61101109	64234466	2062	0.0004
8b67b3b5-9388-4424-9ab9-3b9bb249afbc	14	64234738	64235899	18	-0.5783
8b67b3b5-9388-4424-9ab9-3b9bb249afbc	14	64236084	100470456	23983	0.0158
8b67b3b5-9388-4424-9ab9-3b9bb249afbc	14	100472565	105813060	2296	0.0672
8b67b3b5-9388-4424-9ab9-3b9bb249afbc	14	105813116	105824008	5	-1.247
8b67b3b5-9388-4424-9ab9-3b9bb249afbc	14	105824429	106258891	127	0.0466
8b67b3b5-9388-4424-9ab9-3b9bb249afbc	14	106260759	106266923	7	-1.0885
8b67b3b5-9388-4424-9ab9-3b9bb249afbc	14	106271566	106340102	28	0.1731
8b67b3b5-9388-4424-9ab9-3b9bb249afbc	14	106340305	106360014	5	-2.7275
8b67b3b5-9388-4424-9ab9-3b9bb249afbc	14	106362628	106418444	30	-0.0614
8b67b3b5-9388-4424-9ab9-3b9bb249afbc	14	106423925	106496501	55	-0.6298
8b67b3b5-9388-4424-9ab9-3b9bb249afbc	14	106496822	106877229	184	0.064
8b67b3b5-9388-4424-9ab9-3b9bb249afbc	15	19811075	20060725	51	0.0986
8b67b3b5-9388-4424-9ab9-3b9bb249afbc	15	20062609	21266108	107	0.4347
8b67b3b5-9388-4424-9ab9-3b9bb249afbc	15	21266481	24435538	1015	-0.0745
8b67b3b5-9388-4424-9ab9-3b9bb249afbc	15	24435590	24469643	24	-1.027
8b67b3b5-9388-4424-9ab9-3b9bb249afbc	15	24469692	28763908	2742	0.0413
8b67b3b5-9388-4424-9ab9-3b9bb249afbc	15	28767052	29196104	213	-0.1869
8b67b3b5-9388-4424-9ab9-3b9bb249afbc	15	29198968	30077828	592	0
8b67b3b5-9388-4424-9ab9-3b9bb249afbc	15	30094208	30158166	6	-1.7191
8b67b3b5-9388-4424-9ab9-3b9bb249afbc	15	30199184	30442554	23	-0.0981
8b67b3b5-9388-4424-9ab9-3b9bb249afbc	15	30483791	30644082	13	-1.0483
8b67b3b5-9388-4424-9ab9-3b9bb249afbc	15	30654103	32285940	1032	0.007
8b67b3b5-9388-4424-9ab9-3b9bb249afbc	15	32307601	32356531	5	-1.7461
8b67b3b5-9388-4424-9ab9-3b9bb249afbc	15	32363170	45445707	7967	0.0183
8b67b3b5-9388-4424-9ab9-3b9bb249afbc	15	45445956	45464885	4	-1.558
8b67b3b5-9388-4424-9ab9-3b9bb249afbc	15	45465316	66588398	13898	0.0109
8b67b3b5-9388-4424-9ab9-3b9bb249afbc	15	66589670	66590070	2	-2.2414
8b67b3b5-9388-4424-9ab9-3b9bb249afbc	15	66591464	76598900	5796	0.02
8b67b3b5-9388-4424-9ab9-3b9bb249afbc	15	76599170	76603003	14	1.4424
8b67b3b5-9388-4424-9ab9-3b9bb249afbc	15	76603426	93236707	10915	0.0205
8b67b3b5-9388-4424-9ab9-3b9bb249afbc	15	93236780	93276038	75	-0.412
8b67b3b5-9388-4424-9ab9-3b9bb249afbc	15	93276120	100125032	5084	0.0101
8b67b3b5-9388-4424-9ab9-3b9bb249afbc	15	100125262	100126069	2	-2.1544
8b67b3b5-9388-4424-9ab9-3b9bb249afbc	15	100127111	101319357	916	-0.0045
8b67b3b5-9388-4424-9ab9-3b9bb249afbc	15	101319437	101326156	3	-1.8203
8b67b3b5-9388-4424-9ab9-3b9bb249afbc	15	101326888	101928837	433	-0.0376
8b67b3b5-9388-4424-9ab9-3b9bb249afbc	16	10777	603167	267	-0.3191
8b67b3b5-9388-4424-9ab9-3b9bb249afbc	16	603284	5556090	2277	-0.0192
8b67b3b5-9388-4424-9ab9-3b9bb249afbc	16	5556116	5556183	3	-2.6101
8b67b3b5-9388-4424-9ab9-3b9bb249afbc	16	5556196	8864180	3775	-0.0045
8b67b3b5-9388-4424-9ab9-3b9bb249afbc	16	8864560	9218262	225	-0.2718
8b67b3b5-9388-4424-9ab9-3b9bb249afbc	16	9218925	11535608	2001	-0.0199
8b67b3b5-9388-4424-9ab9-3b9bb249afbc	16	11535928	11545054	12	-1.0143
8b67b3b5-9388-4424-9ab9-3b9bb249afbc	16	11545144	14359193	2224	-0.0274
8b67b3b5-9388-4424-9ab9-3b9bb249afbc	16	14359638	18756796	1812	-0.1186
8b67b3b5-9388-4424-9ab9-3b9bb249afbc	16	18759524	18781388	6	-2.4517
8b67b3b5-9388-4424-9ab9-3b9bb249afbc	16	18785267	21352501	1557	0.0021
8b67b3b5-9388-4424-9ab9-3b9bb249afbc	16	21356685	21584992	25	-0.9355
8b67b3b5-9388-4424-9ab9-3b9bb249afbc	16	21586954	21731617	91	-0.1677
8b67b3b5-9388-4424-9ab9-3b9bb249afbc	16	21731811	21750145	4	1.667
8b67b3b5-9388-4424-9ab9-3b9bb249afbc	16	21763785	22401034	243	-0.1507
8b67b3b5-9388-4424-9ab9-3b9bb249afbc	16	22406996	22693199	79	-0.8086
8b67b3b5-9388-4424-9ab9-3b9bb249afbc	16	22699421	28620700	3994	0.0108
8b67b3b5-9388-4424-9ab9-3b9bb249afbc	16	28637882	30779110	551	-0.153
8b67b3b5-9388-4424-9ab9-3b9bb249afbc	16	30779142	35237149	695	0.0476
8b67b3b5-9388-4424-9ab9-3b9bb249afbc	16	35237450	35526596	161	0.8596
8b67b3b5-9388-4424-9ab9-3b9bb249afbc	16	35530722	55771496	6508	0.0192
8b67b3b5-9388-4424-9ab9-3b9bb249afbc	16	55771643	55782331	7	-1.2499
8b67b3b5-9388-4424-9ab9-3b9bb249afbc	16	55782734	81106550	17267	0.0154
8b67b3b5-9388-4424-9ab9-3b9bb249afbc	16	81106560	81244355	153	-0.2682
8b67b3b5-9388-4424-9ab9-3b9bb249afbc	16	81244433	84030905	3013	0.0018
8b67b3b5-9388-4424-9ab9-3b9bb249afbc	16	84031602	84885696	768	-0.1922
8b67b3b5-9388-4424-9ab9-3b9bb249afbc	16	84886473	88601643	2778	0.0124
8b67b3b5-9388-4424-9ab9-3b9bb249afbc	16	88601668	88602149	2	-2.1479
8b67b3b5-9388-4424-9ab9-3b9bb249afbc	16	88602421	88859581	77	0.0481
8b67b3b5-9388-4424-9ab9-3b9bb249afbc	16	88861568	90096867	542	-0.2425
8b67b3b5-9388-4424-9ab9-3b9bb249afbc	17	150733	431665	140	0.0054
8b67b3b5-9388-4424-9ab9-3b9bb249afbc	17	434122	573353	66	-0.515
8b67b3b5-9388-4424-9ab9-3b9bb249afbc	17	573523	803934	139	-0.0768
8b67b3b5-9388-4424-9ab9-3b9bb249afbc	17	810446	1236097	195	-0.3384
8b67b3b5-9388-4424-9ab9-3b9bb249afbc	17	1236662	2359835	539	-0.0398
8b67b3b5-9388-4424-9ab9-3b9bb249afbc	17	2359906	2403401	37	0.4868
8b67b3b5-9388-4424-9ab9-3b9bb249afbc	17	2406836	16910680	9188	-0.0045
8b67b3b5-9388-4424-9ab9-3b9bb249afbc	17	16913342	18255442	760	0.1026
8b67b3b5-9388-4424-9ab9-3b9bb249afbc	17	18271121	18455635	92	-0.0248
8b67b3b5-9388-4424-9ab9-3b9bb249afbc	17	18458372	18561272	23	0.9253
8b67b3b5-9388-4424-9ab9-3b9bb249afbc	17	18561907	45421004	11331	0.0055
8b67b3b5-9388-4424-9ab9-3b9bb249afbc	17	45421059	46194634	446	-0.2063
8b67b3b5-9388-4424-9ab9-3b9bb249afbc	17	46199017	52832990	3532	0.0175
8b67b3b5-9388-4424-9ab9-3b9bb249afbc	17	52836976	53239515	248	0.2134
8b67b3b5-9388-4424-9ab9-3b9bb249afbc	17	53240500	74087757	13046	0.0144
8b67b3b5-9388-4424-9ab9-3b9bb249afbc	17	74088126	74661358	345	-0.2129
8b67b3b5-9388-4424-9ab9-3b9bb249afbc	17	74664643	78576847	2011	-0.009
8b67b3b5-9388-4424-9ab9-3b9bb249afbc	17	78578193	78599049	12	0.8757
8b67b3b5-9388-4424-9ab9-3b9bb249afbc	17	78601218	83091923	2081	0.0026
8b67b3b5-9388-4424-9ab9-3b9bb249afbc	18	58202	884725	617	-0.0897
8b67b3b5-9388-4424-9ab9-3b9bb249afbc	18	885054	1663364	515	0.044
8b67b3b5-9388-4424-9ab9-3b9bb249afbc	18	1664211	2034525	294	0.1774
8b67b3b5-9388-4424-9ab9-3b9bb249afbc	18	2040408	58156742	32860	0.0271
8b67b3b5-9388-4424-9ab9-3b9bb249afbc	18	58157626	58262733	76	-0.0582
8b67b3b5-9388-4424-9ab9-3b9bb249afbc	18	58263318	58263947	6	-0.6381
8b67b3b5-9388-4424-9ab9-3b9bb249afbc	18	58264230	58268730	18	-1.7977
8b67b3b5-9388-4424-9ab9-3b9bb249afbc	18	58271707	64353675	4390	0.0196
8b67b3b5-9388-4424-9ab9-3b9bb249afbc	18	64353832	65542057	796	0.0954
8b67b3b5-9388-4424-9ab9-3b9bb249afbc	18	65545088	66060309	351	0.259
8b67b3b5-9388-4424-9ab9-3b9bb249afbc	18	66060363	66240197	159	0.0598
8b67b3b5-9388-4424-9ab9-3b9bb249afbc	18	66240359	66244352	9	-0.9686
8b67b3b5-9388-4424-9ab9-3b9bb249afbc	18	66244639	67929386	1143	0.0855
8b67b3b5-9388-4424-9ab9-3b9bb249afbc	18	67929690	68083737	138	0.2773
8b67b3b5-9388-4424-9ab9-3b9bb249afbc	18	68084291	68177881	51	-0.0271
8b67b3b5-9388-4424-9ab9-3b9bb249afbc	18	68178265	68207865	35	0.3389
8b67b3b5-9388-4424-9ab9-3b9bb249afbc	18	68215767	68359800	123	-0.0049
8b67b3b5-9388-4424-9ab9-3b9bb249afbc	18	68360646	68368187	8	0.8924
8b67b3b5-9388-4424-9ab9-3b9bb249afbc	18	68368776	68476898	111	0.231
8b67b3b5-9388-4424-9ab9-3b9bb249afbc	18	68477713	68479485	5	1.0861
8b67b3b5-9388-4424-9ab9-3b9bb249afbc	18	68479566	69083847	450	0.0692
8b67b3b5-9388-4424-9ab9-3b9bb249afbc	18	69083888	69110837	57	0.372
8b67b3b5-9388-4424-9ab9-3b9bb249afbc	18	69110851	71425059	1568	0.0522
8b67b3b5-9388-4424-9ab9-3b9bb249afbc	18	71425397	73592026	1708	0.2165
8b67b3b5-9388-4424-9ab9-3b9bb249afbc	18	73592615	73940973	314	0.0891
8b67b3b5-9388-4424-9ab9-3b9bb249afbc	18	73941247	79329335	4048	0.0245
8b67b3b5-9388-4424-9ab9-3b9bb249afbc	18	79337360	80257174	438	-0.1428
8b67b3b5-9388-4424-9ab9-3b9bb249afbc	19	90910	14004906	5531	-0.0131
8b67b3b5-9388-4424-9ab9-3b9bb249afbc	19	14012303	14036451	12	0.9883
8b67b3b5-9388-4424-9ab9-3b9bb249afbc	19	14036781	20292732	3116	-0.0061
8b67b3b5-9388-4424-9ab9-3b9bb249afbc	19	20293192	20295378	3	-2.5226
8b67b3b5-9388-4424-9ab9-3b9bb249afbc	19	20299429	53551321	16932	0.0194
8b67b3b5-9388-4424-9ab9-3b9bb249afbc	19	53551532	53818748	180	-0.3496
8b67b3b5-9388-4424-9ab9-3b9bb249afbc	19	53831125	58586487	2736	-0.0107
8b67b3b5-9388-4424-9ab9-3b9bb249afbc	20	80664	354977	201	-0.0025
8b67b3b5-9388-4424-9ab9-3b9bb249afbc	20	356742	442026	56	-0.4515
8b67b3b5-9388-4424-9ab9-3b9bb249afbc	20	444178	1571811	909	-0.0192
8b67b3b5-9388-4424-9ab9-3b9bb249afbc	20	1576544	1580934	21	-0.9698
8b67b3b5-9388-4424-9ab9-3b9bb249afbc	20	1581021	7776504	4582	0.0048
8b67b3b5-9388-4424-9ab9-3b9bb249afbc	20	7780291	7864191	70	-1.3805
8b67b3b5-9388-4424-9ab9-3b9bb249afbc	20	7864516	14686769	5130	0.0309
8b67b3b5-9388-4424-9ab9-3b9bb249afbc	20	14687597	15181024	458	0.1713
8b67b3b5-9388-4424-9ab9-3b9bb249afbc	20	15181285	26324855	8346	0.0223
8b67b3b5-9388-4424-9ab9-3b9bb249afbc	20	26324943	30224631	8	1.59
8b67b3b5-9388-4424-9ab9-3b9bb249afbc	20	30230416	42550476	6582	0.0061
8b67b3b5-9388-4424-9ab9-3b9bb249afbc	20	42552439	42607459	59	-1.3659
8b67b3b5-9388-4424-9ab9-3b9bb249afbc	20	42608180	49560638	4824	-0.008
8b67b3b5-9388-4424-9ab9-3b9bb249afbc	20	49563559	49999680	250	-0.2256
8b67b3b5-9388-4424-9ab9-3b9bb249afbc	20	50001086	61629849	9104	0.001
8b67b3b5-9388-4424-9ab9-3b9bb249afbc	20	61631279	63586236	859	0.0984
8b67b3b5-9388-4424-9ab9-3b9bb249afbc	20	63587563	63777706	92	-0.1063
8b67b3b5-9388-4424-9ab9-3b9bb249afbc	20	63778124	63932435	35	-0.5146
8b67b3b5-9388-4424-9ab9-3b9bb249afbc	20	63933088	64324292	177	-0.1014
8b67b3b5-9388-4424-9ab9-3b9bb249afbc	21	10354468	13084095	90	-0.4197
8b67b3b5-9388-4424-9ab9-3b9bb249afbc	21	13092058	15710874	1450	0.0452
8b67b3b5-9388-4424-9ab9-3b9bb249afbc	21	15712642	15751783	35	0.5712
8b67b3b5-9388-4424-9ab9-3b9bb249afbc	21	15754501	22169683	4608	0.0501
8b67b3b5-9388-4424-9ab9-3b9bb249afbc	21	22170124	23336644	886	0.2112
8b67b3b5-9388-4424-9ab9-3b9bb249afbc	21	23337129	24487963	929	0.0817
8b67b3b5-9388-4424-9ab9-3b9bb249afbc	21	24489243	24489602	2	1.8548
8b67b3b5-9388-4424-9ab9-3b9bb249afbc	21	24493028	30706741	4558	0.0476
8b67b3b5-9388-4424-9ab9-3b9bb249afbc	21	30707396	30754970	26	0.4957
8b67b3b5-9388-4424-9ab9-3b9bb249afbc	21	30755132	36104061	3718	0.0199
8b67b3b5-9388-4424-9ab9-3b9bb249afbc	21	36109657	36247984	98	-0.3375
8b67b3b5-9388-4424-9ab9-3b9bb249afbc	21	36248238	45312507	6424	0.0166
8b67b3b5-9388-4424-9ab9-3b9bb249afbc	21	45313083	45624835	150	-0.2633
8b67b3b5-9388-4424-9ab9-3b9bb249afbc	21	45626706	46253333	324	0.1003
8b67b3b5-9388-4424-9ab9-3b9bb249afbc	21	46254546	46677045	286	-0.1087
8b67b3b5-9388-4424-9ab9-3b9bb249afbc	22	15294547	23135783	3841	-0.079
8b67b3b5-9388-4424-9ab9-3b9bb249afbc	22	23140531	23254640	71	-0.4996
8b67b3b5-9388-4424-9ab9-3b9bb249afbc	22	23255095	24009046	455	-0.0264
8b67b3b5-9388-4424-9ab9-3b9bb249afbc	22	24009061	24009940	2	-2.5295
8b67b3b5-9388-4424-9ab9-3b9bb249afbc	22	24010332	25590132	1120	-0.0783
8b67b3b5-9388-4424-9ab9-3b9bb249afbc	22	25590471	38121480	9167	-0.0042
8b67b3b5-9388-4424-9ab9-3b9bb249afbc	22	38124880	38147125	20	-0.7102
8b67b3b5-9388-4424-9ab9-3b9bb249afbc	22	38147347	38969616	445	0.0135
8b67b3b5-9388-4424-9ab9-3b9bb249afbc	22	38973796	38978372	11	-0.9451
8b67b3b5-9388-4424-9ab9-3b9bb249afbc	22	38978710	39898642	428	0.0715
8b67b3b5-9388-4424-9ab9-3b9bb249afbc	22	39905426	43133308	1812	-0.0402
8b67b3b5-9388-4424-9ab9-3b9bb249afbc	22	43133477	44855543	1349	0.0431
8b67b3b5-9388-4424-9ab9-3b9bb249afbc	22	44857541	44859580	8	-1.5952
8b67b3b5-9388-4424-9ab9-3b9bb249afbc	22	44862577	45588021	532	0.0115
8b67b3b5-9388-4424-9ab9-3b9bb249afbc	22	45588671	45592108	2	-2.2821
8b67b3b5-9388-4424-9ab9-3b9bb249afbc	22	45593028	46729509	643	0.0337
8b67b3b5-9388-4424-9ab9-3b9bb249afbc	22	46731541	47226617	408	-0.058
8b67b3b5-9388-4424-9ab9-3b9bb249afbc	22	47226849	49019806	1652	0.0851
8b67b3b5-9388-4424-9ab9-3b9bb249afbc	22	49020251	49136494	144	-0.2152
8b67b3b5-9388-4424-9ab9-3b9bb249afbc	22	49137492	49433883	295	0.0571
8b67b3b5-9388-4424-9ab9-3b9bb249afbc	22	49434011	50796027	669	-0.1852
8b67b3b5-9388-4424-9ab9-3b9bb249afbc	X	251810	3013907	239	-0.2362
8b67b3b5-9388-4424-9ab9-3b9bb249afbc	X	3019707	6825561	2882	0.0616
8b67b3b5-9388-4424-9ab9-3b9bb249afbc	X	6825729	6912086	64	-1.1779
8b67b3b5-9388-4424-9ab9-3b9bb249afbc	X	6913249	9940537	2268	0.0241
8b67b3b5-9388-4424-9ab9-3b9bb249afbc	X	9941471	10246484	232	-0.2113
8b67b3b5-9388-4424-9ab9-3b9bb249afbc	X	10249067	18847290	5514	0.0116
8b67b3b5-9388-4424-9ab9-3b9bb249afbc	X	18848435	19526246	395	-0.2138
8b67b3b5-9388-4424-9ab9-3b9bb249afbc	X	19527147	33121618	8731	0.0205
8b67b3b5-9388-4424-9ab9-3b9bb249afbc	X	33122739	34596498	1010	0.1225
8b67b3b5-9388-4424-9ab9-3b9bb249afbc	X	34600390	48086358	7303	0.0249
8b67b3b5-9388-4424-9ab9-3b9bb249afbc	X	48086522	48128795	18	-0.6322
8b67b3b5-9388-4424-9ab9-3b9bb249afbc	X	48141867	49302804	441	-0.0255
8b67b3b5-9388-4424-9ab9-3b9bb249afbc	X	49305138	49316608	10	-0.8123
8b67b3b5-9388-4424-9ab9-3b9bb249afbc	X	49316820	70019866	7084	0.0088
8b67b3b5-9388-4424-9ab9-3b9bb249afbc	X	70020763	70112580	49	-0.355
8b67b3b5-9388-4424-9ab9-3b9bb249afbc	X	70112805	88181655	8866	0.0272
8b67b3b5-9388-4424-9ab9-3b9bb249afbc	X	88184881	96565514	4048	0.0913
8b67b3b5-9388-4424-9ab9-3b9bb249afbc	X	96566801	119886770	12550	0.0099
8b67b3b5-9388-4424-9ab9-3b9bb249afbc	X	119894225	119919052	14	-0.6578
8b67b3b5-9388-4424-9ab9-3b9bb249afbc	X	119923328	125432832	3265	0.0096
8b67b3b5-9388-4424-9ab9-3b9bb249afbc	X	125433022	128316615	1595	0.0971
8b67b3b5-9388-4424-9ab9-3b9bb249afbc	X	128317297	155952689	15949	0.006
8b67b3b5-9388-4424-9ab9-3b9bb249afbc	Y	2782397	6233384	779	-2.8268
8b67b3b5-9388-4424-9ab9-3b9bb249afbc	Y	6249869	8690117	1192	-3.4731
8b67b3b5-9388-4424-9ab9-3b9bb249afbc	Y	8691080	8696238	3	-8.3105
8b67b3b5-9388-4424-9ab9-3b9bb249afbc	Y	8698595	9327138	237	-3.5302
8b67b3b5-9388-4424-9ab9-3b9bb249afbc	Y	9329696	9554275	26	-5.6072
8b67b3b5-9388-4424-9ab9-3b9bb249afbc	Y	9554586	11971814	282	-3.1271
8b67b3b5-9388-4424-9ab9-3b9bb249afbc	Y	11972964	11983945	3	-8.4685
8b67b3b5-9388-4424-9ab9-3b9bb249afbc	Y	11984048	12912709	463	-3.1854
8b67b3b5-9388-4424-9ab9-3b9bb249afbc	Y	12914512	12926033	9	-6.2726
8b67b3b5-9388-4424-9ab9-3b9bb249afbc	Y	12926610	23586854	3408	-3.3396
8b67b3b5-9388-4424-9ab9-3b9bb249afbc	Y	23784615	56872112	189	-2.9064
