GDC_Aliquot	Chromosome	Start	End	Num_Probes	Segment_Mean
5e52d425-00fa-4cd2-a278-8e298d333ce1	1	62920	259407	14	0.7036
5e52d425-00fa-4cd2-a278-8e298d333ce1	1	259422	2083915	337	0.0473
5e52d425-00fa-4cd2-a278-8e298d333ce1	1	2084385	3248703	365	-0.0543
5e52d425-00fa-4cd2-a278-8e298d333ce1	1	3249525	16542868	7919	0.1122
5e52d425-00fa-4cd2-a278-8e298d333ce1	1	16544783	16935752	111	0.3611
5e52d425-00fa-4cd2-a278-8e298d333ce1	1	16949746	64371598	28622	0.106
5e52d425-00fa-4cd2-a278-8e298d333ce1	1	64377044	64385862	4	-1.4211
5e52d425-00fa-4cd2-a278-8e298d333ce1	1	64388922	67103141	2098	0.1063
5e52d425-00fa-4cd2-a278-8e298d333ce1	1	67103901	68399524	952	0.0496
5e52d425-00fa-4cd2-a278-8e298d333ce1	1	68399762	72297687	2313	0.1261
5e52d425-00fa-4cd2-a278-8e298d333ce1	1	72302735	72345465	48	-0.4036
5e52d425-00fa-4cd2-a278-8e298d333ce1	1	72346221	72655663	220	0.1692
5e52d425-00fa-4cd2-a278-8e298d333ce1	1	72655817	72757695	73	0.3782
5e52d425-00fa-4cd2-a278-8e298d333ce1	1	72757889	76367326	2252	0.1247
5e52d425-00fa-4cd2-a278-8e298d333ce1	1	76367423	76367516	2	-2.0039
5e52d425-00fa-4cd2-a278-8e298d333ce1	1	76367942	78853948	1535	0.0963
5e52d425-00fa-4cd2-a278-8e298d333ce1	1	78854115	79070710	124	0.3084
5e52d425-00fa-4cd2-a278-8e298d333ce1	1	79075272	81102168	1319	0.1526
5e52d425-00fa-4cd2-a278-8e298d333ce1	1	81102294	81280553	126	0.3146
5e52d425-00fa-4cd2-a278-8e298d333ce1	1	81280935	83425723	1467	0.1198
5e52d425-00fa-4cd2-a278-8e298d333ce1	1	83428388	95099352	7668	0.0879
5e52d425-00fa-4cd2-a278-8e298d333ce1	1	95102376	98577490	2057	0.1342
5e52d425-00fa-4cd2-a278-8e298d333ce1	1	98577629	99178407	383	0.0878
5e52d425-00fa-4cd2-a278-8e298d333ce1	1	99178654	99178667	2	-1.6286
5e52d425-00fa-4cd2-a278-8e298d333ce1	1	99179397	102136016	2001	0.0924
5e52d425-00fa-4cd2-a278-8e298d333ce1	1	102136754	102190128	32	0.131
5e52d425-00fa-4cd2-a278-8e298d333ce1	1	102190637	102363313	116	0.3701
5e52d425-00fa-4cd2-a278-8e298d333ce1	1	102363335	105470754	1567	0.1468
5e52d425-00fa-4cd2-a278-8e298d333ce1	1	105476583	105479753	17	1.2736
5e52d425-00fa-4cd2-a278-8e298d333ce1	1	105481433	109679105	2634	0.1267
5e52d425-00fa-4cd2-a278-8e298d333ce1	1	109684695	109702376	16	1.11
5e52d425-00fa-4cd2-a278-8e298d333ce1	1	109703504	110753052	755	0.0853
5e52d425-00fa-4cd2-a278-8e298d333ce1	1	110753066	110837198	100	0.2842
5e52d425-00fa-4cd2-a278-8e298d333ce1	1	110837398	110841350	17	-0.9905
5e52d425-00fa-4cd2-a278-8e298d333ce1	1	110845562	120025984	6138	0.0941
5e52d425-00fa-4cd2-a278-8e298d333ce1	1	120064540	150474277	1408	0.1804
5e52d425-00fa-4cd2-a278-8e298d333ce1	1	150474793	152580550	1145	0.1125
5e52d425-00fa-4cd2-a278-8e298d333ce1	1	152582700	152613762	33	0.7996
5e52d425-00fa-4cd2-a278-8e298d333ce1	1	152613802	152787202	171	0.1358
5e52d425-00fa-4cd2-a278-8e298d333ce1	1	152789447	152795783	32	0.7822
5e52d425-00fa-4cd2-a278-8e298d333ce1	1	152795805	155687178	1558	0.1121
5e52d425-00fa-4cd2-a278-8e298d333ce1	1	155691436	155693566	3	-1.71
5e52d425-00fa-4cd2-a278-8e298d333ce1	1	155697170	157656129	1072	0.1028
5e52d425-00fa-4cd2-a278-8e298d333ce1	1	157656355	157656363	2	-1.5927
5e52d425-00fa-4cd2-a278-8e298d333ce1	1	157658565	158380337	494	0.1013
5e52d425-00fa-4cd2-a278-8e298d333ce1	1	158382692	158543659	146	0.2459
5e52d425-00fa-4cd2-a278-8e298d333ce1	1	158543724	158545295	17	-0.0054
5e52d425-00fa-4cd2-a278-8e298d333ce1	1	158547206	158550505	16	-1.4662
5e52d425-00fa-4cd2-a278-8e298d333ce1	1	158553881	158989785	368	0.1821
5e52d425-00fa-4cd2-a278-8e298d333ce1	1	158992249	158993006	2	-3.9357
5e52d425-00fa-4cd2-a278-8e298d333ce1	1	158997074	187202995	19423	0.0929
5e52d425-00fa-4cd2-a278-8e298d333ce1	1	187203479	192091532	3179	0.1631
5e52d425-00fa-4cd2-a278-8e298d333ce1	1	192091615	194465137	1707	0.0997
5e52d425-00fa-4cd2-a278-8e298d333ce1	1	194465707	196099363	1077	0.1802
5e52d425-00fa-4cd2-a278-8e298d333ce1	1	196099923	196745743	388	0.1004
5e52d425-00fa-4cd2-a278-8e298d333ce1	1	196758720	196832525	57	-0.9553
5e52d425-00fa-4cd2-a278-8e298d333ce1	1	196832720	248572774	35619	0.0951
5e52d425-00fa-4cd2-a278-8e298d333ce1	1	248574146	248633821	32	-1.2265
5e52d425-00fa-4cd2-a278-8e298d333ce1	1	248633912	248930189	142	0.1165
5e52d425-00fa-4cd2-a278-8e298d333ce1	2	12784	7420474	5853	0.5119
5e52d425-00fa-4cd2-a278-8e298d333ce1	2	7421063	7596586	133	0.6811
5e52d425-00fa-4cd2-a278-8e298d333ce1	2	7599076	13559362	4332	0.4838
5e52d425-00fa-4cd2-a278-8e298d333ce1	2	13566954	14239371	465	0.5949
5e52d425-00fa-4cd2-a278-8e298d333ce1	2	14240153	22095376	5712	0.486
5e52d425-00fa-4cd2-a278-8e298d333ce1	2	22097261	22276972	83	0.7047
5e52d425-00fa-4cd2-a278-8e298d333ce1	2	22277926	26670063	2523	0.492
5e52d425-00fa-4cd2-a278-8e298d333ce1	2	26671505	26671721	3	-0.9112
5e52d425-00fa-4cd2-a278-8e298d333ce1	2	26674879	28759961	1037	0.4928
5e52d425-00fa-4cd2-a278-8e298d333ce1	2	28763484	28988365	116	0.6306
5e52d425-00fa-4cd2-a278-8e298d333ce1	2	28988573	32399746	2322	0.472
5e52d425-00fa-4cd2-a278-8e298d333ce1	2	32401205	33108804	445	0.6562
5e52d425-00fa-4cd2-a278-8e298d333ce1	2	33108895	33871292	582	0.4518
5e52d425-00fa-4cd2-a278-8e298d333ce1	2	33873157	34423631	470	0.5345
5e52d425-00fa-4cd2-a278-8e298d333ce1	2	34424117	34512965	65	0.7771
5e52d425-00fa-4cd2-a278-8e298d333ce1	2	34515572	35356085	534	0.5597
5e52d425-00fa-4cd2-a278-8e298d333ce1	2	35356441	35385967	50	-0.3867
5e52d425-00fa-4cd2-a278-8e298d333ce1	2	35389159	35397922	13	0.317
5e52d425-00fa-4cd2-a278-8e298d333ce1	2	35411117	35869827	374	0.6548
5e52d425-00fa-4cd2-a278-8e298d333ce1	2	35870413	36144907	208	0.5152
5e52d425-00fa-4cd2-a278-8e298d333ce1	2	36148012	36195479	47	0.7346
5e52d425-00fa-4cd2-a278-8e298d333ce1	2	36195703	36245889	35	0.4607
5e52d425-00fa-4cd2-a278-8e298d333ce1	2	36247836	36283651	49	0.7051
5e52d425-00fa-4cd2-a278-8e298d333ce1	2	36284353	37352828	830	0.4819
5e52d425-00fa-4cd2-a278-8e298d333ce1	2	37352968	37490941	94	0.7038
5e52d425-00fa-4cd2-a278-8e298d333ce1	2	37491038	37493598	2	-0.7732
5e52d425-00fa-4cd2-a278-8e298d333ce1	2	37498569	38045385	442	0.6582
5e52d425-00fa-4cd2-a278-8e298d333ce1	2	38045670	39884539	1167	0.4794
5e52d425-00fa-4cd2-a278-8e298d333ce1	2	39884633	40007581	106	0.6728
5e52d425-00fa-4cd2-a278-8e298d333ce1	2	40008705	40184793	164	0.4997
5e52d425-00fa-4cd2-a278-8e298d333ce1	2	40184964	40208185	29	0.8085
5e52d425-00fa-4cd2-a278-8e298d333ce1	2	40208330	40351297	121	0.451
5e52d425-00fa-4cd2-a278-8e298d333ce1	2	40351563	40393920	39	0.7162
5e52d425-00fa-4cd2-a278-8e298d333ce1	2	40393970	40698951	236	0.5003
5e52d425-00fa-4cd2-a278-8e298d333ce1	2	40699589	40724797	39	0.7393
5e52d425-00fa-4cd2-a278-8e298d333ce1	2	40724828	40750737	29	0.4445
5e52d425-00fa-4cd2-a278-8e298d333ce1	2	40753953	40770742	19	0.7596
5e52d425-00fa-4cd2-a278-8e298d333ce1	2	40777619	40872771	58	0.5019
5e52d425-00fa-4cd2-a278-8e298d333ce1	2	40873402	40899272	18	0.7324
5e52d425-00fa-4cd2-a278-8e298d333ce1	2	40900537	41011095	96	0.4235
5e52d425-00fa-4cd2-a278-8e298d333ce1	2	41011303	41011533	6	1.1635
5e52d425-00fa-4cd2-a278-8e298d333ce1	2	41011670	41153307	110	0.5045
5e52d425-00fa-4cd2-a278-8e298d333ce1	2	41153465	41366598	167	0.7274
5e52d425-00fa-4cd2-a278-8e298d333ce1	2	41371402	41638978	214	0.5122
5e52d425-00fa-4cd2-a278-8e298d333ce1	2	41639259	41639274	2	2.0667
5e52d425-00fa-4cd2-a278-8e298d333ce1	2	41648378	46910902	3973	0.4796
5e52d425-00fa-4cd2-a278-8e298d333ce1	2	46918907	46919593	3	-0.6675
5e52d425-00fa-4cd2-a278-8e298d333ce1	2	46919634	48897563	1135	0.4652
5e52d425-00fa-4cd2-a278-8e298d333ce1	2	48897666	49041665	126	0.6363
5e52d425-00fa-4cd2-a278-8e298d333ce1	2	49042117	50018691	653	0.5185
5e52d425-00fa-4cd2-a278-8e298d333ce1	2	50019212	50023620	5	-0.2859
5e52d425-00fa-4cd2-a278-8e298d333ce1	2	50023962	50633145	504	0.5008
5e52d425-00fa-4cd2-a278-8e298d333ce1	2	50633473	51127370	352	0.7481
5e52d425-00fa-4cd2-a278-8e298d333ce1	2	51128296	52151161	694	0.5512
5e52d425-00fa-4cd2-a278-8e298d333ce1	2	52154834	52345491	118	0.7724
5e52d425-00fa-4cd2-a278-8e298d333ce1	2	52345979	52527423	139	0.5879
5e52d425-00fa-4cd2-a278-8e298d333ce1	2	52527590	52554384	35	1.0642
5e52d425-00fa-4cd2-a278-8e298d333ce1	2	52554404	52691536	107	0.6493
5e52d425-00fa-4cd2-a278-8e298d333ce1	2	52691791	52747321	57	0.447
5e52d425-00fa-4cd2-a278-8e298d333ce1	2	52747820	52773627	23	0.7609
5e52d425-00fa-4cd2-a278-8e298d333ce1	2	52777120	53021138	211	0.4829
5e52d425-00fa-4cd2-a278-8e298d333ce1	2	53021167	53236967	170	0.6505
5e52d425-00fa-4cd2-a278-8e298d333ce1	2	53237004	54045855	570	0.4909
5e52d425-00fa-4cd2-a278-8e298d333ce1	2	54046440	54476070	327	0.6554
5e52d425-00fa-4cd2-a278-8e298d333ce1	2	54476128	57703598	2259	0.5159
5e52d425-00fa-4cd2-a278-8e298d333ce1	2	57703836	64114391	3631	0.4731
5e52d425-00fa-4cd2-a278-8e298d333ce1	2	64114589	64281849	120	0.6462
5e52d425-00fa-4cd2-a278-8e298d333ce1	2	64284464	68444918	3027	0.4793
5e52d425-00fa-4cd2-a278-8e298d333ce1	2	68445121	68723186	143	0.6509
5e52d425-00fa-4cd2-a278-8e298d333ce1	2	68723252	71115321	1615	0.479
5e52d425-00fa-4cd2-a278-8e298d333ce1	2	71119433	71120262	7	-0.596
5e52d425-00fa-4cd2-a278-8e298d333ce1	2	71122913	75216464	2248	0.4587
5e52d425-00fa-4cd2-a278-8e298d333ce1	2	75220297	76324220	802	0.518
5e52d425-00fa-4cd2-a278-8e298d333ce1	2	76324723	76359206	34	0.8689
5e52d425-00fa-4cd2-a278-8e298d333ce1	2	76359585	78173124	1250	0.5359
5e52d425-00fa-4cd2-a278-8e298d333ce1	2	78177235	78256561	39	0.808
5e52d425-00fa-4cd2-a278-8e298d333ce1	2	78256680	78766614	266	0.5317
5e52d425-00fa-4cd2-a278-8e298d333ce1	2	78767552	79461940	568	0.672
5e52d425-00fa-4cd2-a278-8e298d333ce1	2	79462794	81583448	1470	0.4807
5e52d425-00fa-4cd2-a278-8e298d333ce1	2	81585057	81589170	10	-0.3415
5e52d425-00fa-4cd2-a278-8e298d333ce1	2	81590015	86878753	3020	0.507
5e52d425-00fa-4cd2-a278-8e298d333ce1	2	86881088	87228594	56	0.763
5e52d425-00fa-4cd2-a278-8e298d333ce1	2	87229739	97353176	1810	0.4724
5e52d425-00fa-4cd2-a278-8e298d333ce1	2	97353860	97587406	28	0.8428
5e52d425-00fa-4cd2-a278-8e298d333ce1	2	97592964	106265177	5561	0.4715
5e52d425-00fa-4cd2-a278-8e298d333ce1	2	106266773	106268901	8	1.2504
5e52d425-00fa-4cd2-a278-8e298d333ce1	2	106270799	107558613	820	0.4715
5e52d425-00fa-4cd2-a278-8e298d333ce1	2	107559305	107664056	56	0.7501
5e52d425-00fa-4cd2-a278-8e298d333ce1	2	107664448	109743935	1234	0.4529
5e52d425-00fa-4cd2-a278-8e298d333ce1	2	109746769	109984252	2	-1.3279
5e52d425-00fa-4cd2-a278-8e298d333ce1	2	110044146	114629270	2290	0.4758
5e52d425-00fa-4cd2-a278-8e298d333ce1	2	114638844	114643422	18	-0.1306
5e52d425-00fa-4cd2-a278-8e298d333ce1	2	114645637	115771711	696	0.4868
5e52d425-00fa-4cd2-a278-8e298d333ce1	2	115772852	116405634	354	0.5991
5e52d425-00fa-4cd2-a278-8e298d333ce1	2	116407909	116630253	156	0.4362
5e52d425-00fa-4cd2-a278-8e298d333ce1	2	116630465	117690910	671	0.6095
5e52d425-00fa-4cd2-a278-8e298d333ce1	2	117690929	123123640	3509	0.4536
5e52d425-00fa-4cd2-a278-8e298d333ce1	2	123126362	123133033	4	-1.75
5e52d425-00fa-4cd2-a278-8e298d333ce1	2	123133225	123296838	106	0.485
5e52d425-00fa-4cd2-a278-8e298d333ce1	2	123297301	123415052	92	0.7068
5e52d425-00fa-4cd2-a278-8e298d333ce1	2	123415093	123501914	59	0.4616
5e52d425-00fa-4cd2-a278-8e298d333ce1	2	123502843	123602690	80	0.7504
5e52d425-00fa-4cd2-a278-8e298d333ce1	2	123602943	124271068	446	0.4864
5e52d425-00fa-4cd2-a278-8e298d333ce1	2	124271238	125696268	861	0.6635
5e52d425-00fa-4cd2-a278-8e298d333ce1	2	125696367	129791707	2673	0.4557
5e52d425-00fa-4cd2-a278-8e298d333ce1	2	129792678	129800804	5	-5.5944
5e52d425-00fa-4cd2-a278-8e298d333ce1	2	129801456	131451620	573	0.4667
5e52d425-00fa-4cd2-a278-8e298d333ce1	2	131453536	131468795	9	-0.4589
5e52d425-00fa-4cd2-a278-8e298d333ce1	2	131472229	131946511	182	0.4492
5e52d425-00fa-4cd2-a278-8e298d333ce1	2	131951621	131962142	3	-0.8905
5e52d425-00fa-4cd2-a278-8e298d333ce1	2	131964554	132015614	21	0.3527
5e52d425-00fa-4cd2-a278-8e298d333ce1	2	132016735	132406674	86	0.7074
5e52d425-00fa-4cd2-a278-8e298d333ce1	2	132407987	137628964	3588	0.4618
5e52d425-00fa-4cd2-a278-8e298d333ce1	2	137629577	137746032	73	0.6758
5e52d425-00fa-4cd2-a278-8e298d333ce1	2	137747577	137764312	15	0.2659
5e52d425-00fa-4cd2-a278-8e298d333ce1	2	137767902	138312265	336	0.7029
5e52d425-00fa-4cd2-a278-8e298d333ce1	2	138314552	138950888	364	0.4438
5e52d425-00fa-4cd2-a278-8e298d333ce1	2	138955080	142236759	2218	0.5394
5e52d425-00fa-4cd2-a278-8e298d333ce1	2	142236813	146107015	2219	0.4787
5e52d425-00fa-4cd2-a278-8e298d333ce1	2	146107511	146122686	31	1.0243
5e52d425-00fa-4cd2-a278-8e298d333ce1	2	146122856	147820876	889	0.4739
5e52d425-00fa-4cd2-a278-8e298d333ce1	2	147822077	148481923	304	0.3373
5e52d425-00fa-4cd2-a278-8e298d333ce1	2	148485691	152859481	2939	0.4595
5e52d425-00fa-4cd2-a278-8e298d333ce1	2	152859829	155829567	1771	0.528
5e52d425-00fa-4cd2-a278-8e298d333ce1	2	155830704	179553661	14583	0.4747
5e52d425-00fa-4cd2-a278-8e298d333ce1	2	179553763	179565342	31	0.8372
5e52d425-00fa-4cd2-a278-8e298d333ce1	2	179565604	183396845	2425	0.4844
5e52d425-00fa-4cd2-a278-8e298d333ce1	2	183397287	184147463	466	0.5457
5e52d425-00fa-4cd2-a278-8e298d333ce1	2	184148682	184272044	114	0.7518
5e52d425-00fa-4cd2-a278-8e298d333ce1	2	184272091	184379316	94	0.5762
5e52d425-00fa-4cd2-a278-8e298d333ce1	2	184379336	184400102	16	-0.11
5e52d425-00fa-4cd2-a278-8e298d333ce1	2	184400238	185175384	450	0.5227
5e52d425-00fa-4cd2-a278-8e298d333ce1	2	185177882	186056718	438	0.6994
5e52d425-00fa-4cd2-a278-8e298d333ce1	2	186056890	187179532	586	0.4737
5e52d425-00fa-4cd2-a278-8e298d333ce1	2	187187636	187204811	8	0.9988
5e52d425-00fa-4cd2-a278-8e298d333ce1	2	187206551	187779279	304	0.4909
5e52d425-00fa-4cd2-a278-8e298d333ce1	2	187779915	187917447	83	0.712
5e52d425-00fa-4cd2-a278-8e298d333ce1	2	187917489	188036618	76	0.4613
5e52d425-00fa-4cd2-a278-8e298d333ce1	2	188037618	188089999	32	0.6229
5e52d425-00fa-4cd2-a278-8e298d333ce1	2	188090596	188167460	39	0.8405
5e52d425-00fa-4cd2-a278-8e298d333ce1	2	188167517	188760101	310	0.5786
5e52d425-00fa-4cd2-a278-8e298d333ce1	2	188760497	191407227	1581	0.4876
5e52d425-00fa-4cd2-a278-8e298d333ce1	2	191411466	191454483	41	0.2131
5e52d425-00fa-4cd2-a278-8e298d333ce1	2	191455960	192454444	636	0.4663
5e52d425-00fa-4cd2-a278-8e298d333ce1	2	192454581	192557140	51	0.6879
5e52d425-00fa-4cd2-a278-8e298d333ce1	2	192557946	192841594	134	0.5164
5e52d425-00fa-4cd2-a278-8e298d333ce1	2	192841741	193052413	99	0.7592
5e52d425-00fa-4cd2-a278-8e298d333ce1	2	193052560	194022645	418	0.5228
5e52d425-00fa-4cd2-a278-8e298d333ce1	2	194023328	194129304	82	0.7502
5e52d425-00fa-4cd2-a278-8e298d333ce1	2	194130363	194755786	339	0.5644
5e52d425-00fa-4cd2-a278-8e298d333ce1	2	194758953	195351205	356	0.6945
5e52d425-00fa-4cd2-a278-8e298d333ce1	2	195352602	202428368	4082	0.4683
5e52d425-00fa-4cd2-a278-8e298d333ce1	2	202431052	202448759	42	-0.3294
5e52d425-00fa-4cd2-a278-8e298d333ce1	2	202448774	202591597	51	0.563
5e52d425-00fa-4cd2-a278-8e298d333ce1	2	202597200	202601111	3	-0.2647
5e52d425-00fa-4cd2-a278-8e298d333ce1	2	202603936	202760279	72	0.5504
5e52d425-00fa-4cd2-a278-8e298d333ce1	2	202760804	202787119	15	0.9278
5e52d425-00fa-4cd2-a278-8e298d333ce1	2	202791748	202813490	9	0.5611
5e52d425-00fa-4cd2-a278-8e298d333ce1	2	202814777	209213217	4077	0.46
5e52d425-00fa-4cd2-a278-8e298d333ce1	2	209213609	209251625	17	0.9991
5e52d425-00fa-4cd2-a278-8e298d333ce1	2	209253289	210477414	667	0.4751
5e52d425-00fa-4cd2-a278-8e298d333ce1	2	210478657	212294228	1245	0.5363
5e52d425-00fa-4cd2-a278-8e298d333ce1	2	212297443	212334262	72	0.8704
5e52d425-00fa-4cd2-a278-8e298d333ce1	2	212338687	229708785	11415	0.4671
5e52d425-00fa-4cd2-a278-8e298d333ce1	2	229710191	230022926	131	0.6663
5e52d425-00fa-4cd2-a278-8e298d333ce1	2	230031484	242147305	7451	0.4771
5e52d425-00fa-4cd2-a278-8e298d333ce1	3	20930	2780268	2409	0.4727
5e52d425-00fa-4cd2-a278-8e298d333ce1	3	2780466	3543535	762	0.322
5e52d425-00fa-4cd2-a278-8e298d333ce1	3	3551330	3551606	3	-1.252
5e52d425-00fa-4cd2-a278-8e298d333ce1	3	3552885	3870739	305	0.2804
5e52d425-00fa-4cd2-a278-8e298d333ce1	3	3874053	4357533	414	0.4446
5e52d425-00fa-4cd2-a278-8e298d333ce1	3	4358347	5550268	982	0.3037
5e52d425-00fa-4cd2-a278-8e298d333ce1	3	5550369	6761791	1086	0.4426
5e52d425-00fa-4cd2-a278-8e298d333ce1	3	6762097	11066468	3417	0.3077
5e52d425-00fa-4cd2-a278-8e298d333ce1	3	11069122	11069885	2	-1.3729
5e52d425-00fa-4cd2-a278-8e298d333ce1	3	11074235	16197556	3512	0.3094
5e52d425-00fa-4cd2-a278-8e298d333ce1	3	16199049	16199672	6	-3.5264
5e52d425-00fa-4cd2-a278-8e298d333ce1	3	16199818	21018259	2830	0.308
5e52d425-00fa-4cd2-a278-8e298d333ce1	3	21018309	21310145	209	0.5158
5e52d425-00fa-4cd2-a278-8e298d333ce1	3	21310880	21704980	311	0.3468
5e52d425-00fa-4cd2-a278-8e298d333ce1	3	21705556	22047455	378	0.5213
5e52d425-00fa-4cd2-a278-8e298d333ce1	3	22047692	22071413	13	0.7126
5e52d425-00fa-4cd2-a278-8e298d333ce1	3	22077258	22586632	448	1.404
5e52d425-00fa-4cd2-a278-8e298d333ce1	3	22590102	22936160	193	1.0367
5e52d425-00fa-4cd2-a278-8e298d333ce1	3	22938153	23826590	524	0.9073
5e52d425-00fa-4cd2-a278-8e298d333ce1	3	23827757	25939090	1792	0.6549
5e52d425-00fa-4cd2-a278-8e298d333ce1	3	25945663	26423730	307	0.8413
5e52d425-00fa-4cd2-a278-8e298d333ce1	3	26424646	41446649	10113	0.6791
5e52d425-00fa-4cd2-a278-8e298d333ce1	3	41448113	41539633	53	0.9671
5e52d425-00fa-4cd2-a278-8e298d333ce1	3	41543016	46751887	3111	0.6802
5e52d425-00fa-4cd2-a278-8e298d333ce1	3	46760327	46808099	40	0.1312
5e52d425-00fa-4cd2-a278-8e298d333ce1	3	46817989	54533721	3561	0.6684
5e52d425-00fa-4cd2-a278-8e298d333ce1	3	54534534	54534549	2	-0.9115
5e52d425-00fa-4cd2-a278-8e298d333ce1	3	54535048	59736995	3519	0.6578
5e52d425-00fa-4cd2-a278-8e298d333ce1	3	59737454	61031750	1456	0.818
5e52d425-00fa-4cd2-a278-8e298d333ce1	3	61031824	75519398	10968	0.677
5e52d425-00fa-4cd2-a278-8e298d333ce1	3	75523398	75537654	6	-1.2517
5e52d425-00fa-4cd2-a278-8e298d333ce1	3	75546030	80865258	3005	0.7186
5e52d425-00fa-4cd2-a278-8e298d333ce1	3	80871461	83896003	1599	0.5532
5e52d425-00fa-4cd2-a278-8e298d333ce1	3	83896812	84442460	257	0.6626
5e52d425-00fa-4cd2-a278-8e298d333ce1	3	84442515	85556663	656	0.8532
5e52d425-00fa-4cd2-a278-8e298d333ce1	3	85561337	85715759	101	0.5402
5e52d425-00fa-4cd2-a278-8e298d333ce1	3	85716875	85879740	94	0.713
5e52d425-00fa-4cd2-a278-8e298d333ce1	3	85887181	85906299	9	0.4647
5e52d425-00fa-4cd2-a278-8e298d333ce1	3	85908633	86075506	92	0.7575
5e52d425-00fa-4cd2-a278-8e298d333ce1	3	86078405	99576907	5420	0.547
5e52d425-00fa-4cd2-a278-8e298d333ce1	3	99577593	100621224	523	0.4478
5e52d425-00fa-4cd2-a278-8e298d333ce1	3	100621703	108875338	5067	0.5244
5e52d425-00fa-4cd2-a278-8e298d333ce1	3	108877655	109284992	274	0.6615
5e52d425-00fa-4cd2-a278-8e298d333ce1	3	109292295	115814712	3891	0.5088
5e52d425-00fa-4cd2-a278-8e298d333ce1	3	115817653	116115263	190	0.3288
5e52d425-00fa-4cd2-a278-8e298d333ce1	3	116119004	116520419	314	0.5006
5e52d425-00fa-4cd2-a278-8e298d333ce1	3	116524291	116529727	9	1.0398
5e52d425-00fa-4cd2-a278-8e298d333ce1	3	116529902	116657625	91	0.4793
5e52d425-00fa-4cd2-a278-8e298d333ce1	3	116659939	116685651	16	0.8398
5e52d425-00fa-4cd2-a278-8e298d333ce1	3	116687352	117180786	453	0.4388
5e52d425-00fa-4cd2-a278-8e298d333ce1	3	117180939	117705893	372	0.0836
5e52d425-00fa-4cd2-a278-8e298d333ce1	3	117708367	119235626	955	0.5239
5e52d425-00fa-4cd2-a278-8e298d333ce1	3	119239356	141440562	13440	0.4849
5e52d425-00fa-4cd2-a278-8e298d333ce1	3	141441529	146615024	3264	0.539
5e52d425-00fa-4cd2-a278-8e298d333ce1	3	146615984	147751312	626	0.7
5e52d425-00fa-4cd2-a278-8e298d333ce1	3	147753346	149245189	935	0.5266
5e52d425-00fa-4cd2-a278-8e298d333ce1	3	149245608	149250334	25	-0.1486
5e52d425-00fa-4cd2-a278-8e298d333ce1	3	149253293	154503667	3329	0.5037
5e52d425-00fa-4cd2-a278-8e298d333ce1	3	154509098	154723980	114	0.7111
5e52d425-00fa-4cd2-a278-8e298d333ce1	3	154724031	161711909	4158	0.4967
5e52d425-00fa-4cd2-a278-8e298d333ce1	3	161713973	166367999	2810	0.6035
5e52d425-00fa-4cd2-a278-8e298d333ce1	3	166372813	166376401	4	1.6494
5e52d425-00fa-4cd2-a278-8e298d333ce1	3	166380227	167331928	457	0.5782
5e52d425-00fa-4cd2-a278-8e298d333ce1	3	167333026	171620002	2653	0.5011
5e52d425-00fa-4cd2-a278-8e298d333ce1	3	171620447	171994343	225	0.6708
5e52d425-00fa-4cd2-a278-8e298d333ce1	3	171994865	173239475	817	0.4914
5e52d425-00fa-4cd2-a278-8e298d333ce1	3	173243345	173244637	5	0.9066
5e52d425-00fa-4cd2-a278-8e298d333ce1	3	173247025	173454317	130	0.5643
5e52d425-00fa-4cd2-a278-8e298d333ce1	3	173457376	173915101	327	0.7342
5e52d425-00fa-4cd2-a278-8e298d333ce1	3	173919601	175358731	1024	0.5452
5e52d425-00fa-4cd2-a278-8e298d333ce1	3	175358750	176421562	685	0.6735
5e52d425-00fa-4cd2-a278-8e298d333ce1	3	176421905	192167493	10109	0.5092
5e52d425-00fa-4cd2-a278-8e298d333ce1	3	192168574	192304812	118	0.7327
5e52d425-00fa-4cd2-a278-8e298d333ce1	3	192309231	193160113	606	0.5235
5e52d425-00fa-4cd2-a278-8e298d333ce1	3	193160173	193165114	19	-1.4433
5e52d425-00fa-4cd2-a278-8e298d333ce1	3	193168646	195559056	1484	0.5092
5e52d425-00fa-4cd2-a278-8e298d333ce1	3	195656271	195728637	26	1.0855
5e52d425-00fa-4cd2-a278-8e298d333ce1	3	195728990	198111566	1165	0.5553
5e52d425-00fa-4cd2-a278-8e298d333ce1	3	198118345	198122834	9	-1.6142
5e52d425-00fa-4cd2-a278-8e298d333ce1	3	198124354	198169247	8	0.2693
5e52d425-00fa-4cd2-a278-8e298d333ce1	4	68929	490142	180	-0.438
5e52d425-00fa-4cd2-a278-8e298d333ce1	4	501906	3278365	1093	-0.6315
5e52d425-00fa-4cd2-a278-8e298d333ce1	4	3278755	3717335	212	-0.8385
5e52d425-00fa-4cd2-a278-8e298d333ce1	4	3717653	5408465	1092	-0.6514
5e52d425-00fa-4cd2-a278-8e298d333ce1	4	5408596	5410364	6	-6.6947
5e52d425-00fa-4cd2-a278-8e298d333ce1	4	5411798	10208766	3048	-0.7016
5e52d425-00fa-4cd2-a278-8e298d333ce1	4	10212536	10232590	30	0.6129
5e52d425-00fa-4cd2-a278-8e298d333ce1	4	10232642	15761661	4368	-0.6142
5e52d425-00fa-4cd2-a278-8e298d333ce1	4	15765310	15766129	3	-7.3842
5e52d425-00fa-4cd2-a278-8e298d333ce1	4	15766844	17879511	1601	-0.6414
5e52d425-00fa-4cd2-a278-8e298d333ce1	4	17880210	23700935	3837	-0.5645
5e52d425-00fa-4cd2-a278-8e298d333ce1	4	23701477	25851476	1557	-0.6524
5e52d425-00fa-4cd2-a278-8e298d333ce1	4	25852414	25878730	26	-1.5084
5e52d425-00fa-4cd2-a278-8e298d333ce1	4	25879222	28943019	1946	-0.5831
5e52d425-00fa-4cd2-a278-8e298d333ce1	4	28944556	28958726	36	-0.1871
5e52d425-00fa-4cd2-a278-8e298d333ce1	4	28959314	30129639	782	-0.5571
5e52d425-00fa-4cd2-a278-8e298d333ce1	4	30133604	30134041	3	-2.2142
5e52d425-00fa-4cd2-a278-8e298d333ce1	4	30138090	34777418	2746	-0.5382
5e52d425-00fa-4cd2-a278-8e298d333ce1	4	34777432	34837370	48	-0.1914
5e52d425-00fa-4cd2-a278-8e298d333ce1	4	34839673	36015912	769	-0.5241
5e52d425-00fa-4cd2-a278-8e298d333ce1	4	36016647	37649700	1161	-0.6155
5e52d425-00fa-4cd2-a278-8e298d333ce1	4	37650024	37650192	2	-2.8536
5e52d425-00fa-4cd2-a278-8e298d333ce1	4	37650387	42855556	3349	-0.6163
5e52d425-00fa-4cd2-a278-8e298d333ce1	4	42855811	46419859	2092	-0.5289
5e52d425-00fa-4cd2-a278-8e298d333ce1	4	46420385	48078519	905	-0.6252
5e52d425-00fa-4cd2-a278-8e298d333ce1	4	48078556	49289338	653	-0.4289
5e52d425-00fa-4cd2-a278-8e298d333ce1	4	49295203	49654578	17	0.0869
5e52d425-00fa-4cd2-a278-8e298d333ce1	4	49656206	51823373	9	-0.354
5e52d425-00fa-4cd2-a278-8e298d333ce1	4	51830626	57462222	3758	-0.6196
5e52d425-00fa-4cd2-a278-8e298d333ce1	4	57462718	62804218	3214	-0.5406
5e52d425-00fa-4cd2-a278-8e298d333ce1	4	62804351	62805869	6	-2.0744
5e52d425-00fa-4cd2-a278-8e298d333ce1	4	62805944	63832110	563	-0.4907
5e52d425-00fa-4cd2-a278-8e298d333ce1	4	63838575	63842411	19	0.1583
5e52d425-00fa-4cd2-a278-8e298d333ce1	4	63842490	66865697	1931	-0.5408
5e52d425-00fa-4cd2-a278-8e298d333ce1	4	66865986	68478894	935	-0.6043
5e52d425-00fa-4cd2-a278-8e298d333ce1	4	68494770	68530748	15	-0.0751
5e52d425-00fa-4cd2-a278-8e298d333ce1	4	68544506	68548135	6	0.6982
5e52d425-00fa-4cd2-a278-8e298d333ce1	4	68548222	68640616	50	-0.0015
5e52d425-00fa-4cd2-a278-8e298d333ce1	4	68655691	69257792	310	-0.3991
5e52d425-00fa-4cd2-a278-8e298d333ce1	4	69261926	69283439	16	-1.488
5e52d425-00fa-4cd2-a278-8e298d333ce1	4	69283932	69309540	14	-3.0812
5e52d425-00fa-4cd2-a278-8e298d333ce1	4	69310258	69366081	24	-1.8859
5e52d425-00fa-4cd2-a278-8e298d333ce1	4	69366304	111375831	25372	-0.5835
5e52d425-00fa-4cd2-a278-8e298d333ce1	4	111376259	111388439	23	-3.7389
5e52d425-00fa-4cd2-a278-8e298d333ce1	4	111388458	113994615	1667	-0.5922
5e52d425-00fa-4cd2-a278-8e298d333ce1	4	113998816	113999063	2	-2.6674
5e52d425-00fa-4cd2-a278-8e298d333ce1	4	114003216	114091657	60	-0.651
5e52d425-00fa-4cd2-a278-8e298d333ce1	4	114091887	114091976	2	-3.685
5e52d425-00fa-4cd2-a278-8e298d333ce1	4	114092247	114252544	102	-0.5195
5e52d425-00fa-4cd2-a278-8e298d333ce1	4	114254167	114260754	22	-1.5935
5e52d425-00fa-4cd2-a278-8e298d333ce1	4	114261019	115244712	609	-0.5421
5e52d425-00fa-4cd2-a278-8e298d333ce1	4	115244948	115254708	19	0.032
5e52d425-00fa-4cd2-a278-8e298d333ce1	4	115254776	121360818	3698	-0.555
5e52d425-00fa-4cd2-a278-8e298d333ce1	4	121361313	121363980	28	-2.9147
5e52d425-00fa-4cd2-a278-8e298d333ce1	4	121369976	121404911	28	-0.7197
5e52d425-00fa-4cd2-a278-8e298d333ce1	4	121404928	121406335	2	-2.9925
5e52d425-00fa-4cd2-a278-8e298d333ce1	4	121409652	123928850	1341	-0.6152
5e52d425-00fa-4cd2-a278-8e298d333ce1	4	123930355	128134646	2448	-0.5395
5e52d425-00fa-4cd2-a278-8e298d333ce1	4	128137337	130022258	1132	-0.5935
5e52d425-00fa-4cd2-a278-8e298d333ce1	4	130023662	131053544	616	-0.5006
5e52d425-00fa-4cd2-a278-8e298d333ce1	4	131057478	131385984	164	-0.3436
5e52d425-00fa-4cd2-a278-8e298d333ce1	4	131389455	137168393	3112	-0.5133
5e52d425-00fa-4cd2-a278-8e298d333ce1	4	137170949	137212336	42	-0.2145
5e52d425-00fa-4cd2-a278-8e298d333ce1	4	137213249	137258291	56	-0.4718
5e52d425-00fa-4cd2-a278-8e298d333ce1	4	137261279	137271108	54	-0.2666
5e52d425-00fa-4cd2-a278-8e298d333ce1	4	137271129	137453237	129	-0.5177
5e52d425-00fa-4cd2-a278-8e298d333ce1	4	137455183	143720225	4024	-0.6038
5e52d425-00fa-4cd2-a278-8e298d333ce1	4	143720238	144272522	289	-0.4438
5e52d425-00fa-4cd2-a278-8e298d333ce1	4	144273138	151678861	4078	-0.6131
5e52d425-00fa-4cd2-a278-8e298d333ce1	4	151682012	151682205	3	-6.0759
5e52d425-00fa-4cd2-a278-8e298d333ce1	4	151682323	155673078	2588	-0.6342
5e52d425-00fa-4cd2-a278-8e298d333ce1	4	155673116	160943196	3384	-0.5609
5e52d425-00fa-4cd2-a278-8e298d333ce1	4	160943404	161075808	132	-0.2958
5e52d425-00fa-4cd2-a278-8e298d333ce1	4	161075956	168433862	4636	-0.5418
5e52d425-00fa-4cd2-a278-8e298d333ce1	4	168436749	170346793	1229	-0.615
5e52d425-00fa-4cd2-a278-8e298d333ce1	4	170346931	170347043	5	-2.4395
5e52d425-00fa-4cd2-a278-8e298d333ce1	4	170347051	171448195	681	-0.5358
5e52d425-00fa-4cd2-a278-8e298d333ce1	4	171453733	171456625	12	0.5693
5e52d425-00fa-4cd2-a278-8e298d333ce1	4	171459220	172068149	400	-0.5728
5e52d425-00fa-4cd2-a278-8e298d333ce1	4	172068222	172068354	6	-2.3914
5e52d425-00fa-4cd2-a278-8e298d333ce1	4	172068368	177105867	2929	-0.5757
5e52d425-00fa-4cd2-a278-8e298d333ce1	4	177105945	177806221	506	-1.1628
5e52d425-00fa-4cd2-a278-8e298d333ce1	4	177806975	181126623	2381	-0.505
5e52d425-00fa-4cd2-a278-8e298d333ce1	4	181129582	186980063	4266	-0.5987
5e52d425-00fa-4cd2-a278-8e298d333ce1	4	186980078	186980091	2	-3.4118
5e52d425-00fa-4cd2-a278-8e298d333ce1	4	186980103	188270767	791	-0.5838
5e52d425-00fa-4cd2-a278-8e298d333ce1	4	188277642	190106768	1167	-0.4858
5e52d425-00fa-4cd2-a278-8e298d333ce1	5	15532	717410	309	-0.249
5e52d425-00fa-4cd2-a278-8e298d333ce1	5	717446	779766	23	0.2551
5e52d425-00fa-4cd2-a278-8e298d333ce1	5	800724	1880474	584	-0.2926
5e52d425-00fa-4cd2-a278-8e298d333ce1	5	1890119	11105543	8101	-0.2071
5e52d425-00fa-4cd2-a278-8e298d333ce1	5	11105684	11161513	61	-0.3112
5e52d425-00fa-4cd2-a278-8e298d333ce1	5	11162524	11162659	3	-2.7607
5e52d425-00fa-4cd2-a278-8e298d333ce1	5	11167165	11950742	633	-0.2283
5e52d425-00fa-4cd2-a278-8e298d333ce1	5	11951405	13169467	560	-0.0896
5e52d425-00fa-4cd2-a278-8e298d333ce1	5	13173552	15333229	1655	-0.2202
5e52d425-00fa-4cd2-a278-8e298d333ce1	5	15333744	21359380	3705	-0.1457
5e52d425-00fa-4cd2-a278-8e298d333ce1	5	21361673	21574732	79	0.1163
5e52d425-00fa-4cd2-a278-8e298d333ce1	5	21575175	21853890	195	-0.1862
5e52d425-00fa-4cd2-a278-8e298d333ce1	5	21853943	21853956	2	-2.0171
5e52d425-00fa-4cd2-a278-8e298d333ce1	5	21857027	27173166	3120	-0.1374
5e52d425-00fa-4cd2-a278-8e298d333ce1	5	27176113	27177174	2	-2.3081
5e52d425-00fa-4cd2-a278-8e298d333ce1	5	27178515	30891816	2186	-0.1296
5e52d425-00fa-4cd2-a278-8e298d333ce1	5	30892041	33945653	2257	-0.2121
5e52d425-00fa-4cd2-a278-8e298d333ce1	5	33946038	34567262	305	-0.0538
5e52d425-00fa-4cd2-a278-8e298d333ce1	5	34567277	45308261	6537	-0.1908
5e52d425-00fa-4cd2-a278-8e298d333ce1	5	45310953	46251204	307	-0.0087
5e52d425-00fa-4cd2-a278-8e298d333ce1	5	46270906	46273400	8	0.5381
5e52d425-00fa-4cd2-a278-8e298d333ce1	5	46278110	46377225	14	0.0264
5e52d425-00fa-4cd2-a278-8e298d333ce1	5	46381680	50185350	14	-0.4575
5e52d425-00fa-4cd2-a278-8e298d333ce1	5	50201141	50829022	262	-0.8978
5e52d425-00fa-4cd2-a278-8e298d333ce1	5	50837510	57994203	4691	-1.181
5e52d425-00fa-4cd2-a278-8e298d333ce1	5	57995253	58025819	26	-0.9179
5e52d425-00fa-4cd2-a278-8e298d333ce1	5	58030200	58037706	32	1.1917
5e52d425-00fa-4cd2-a278-8e298d333ce1	5	58042530	71939479	7572	-1.1649
5e52d425-00fa-4cd2-a278-8e298d333ce1	5	71939532	71944921	4	-6.0078
5e52d425-00fa-4cd2-a278-8e298d333ce1	5	71945161	81391754	6023	-1.2014
5e52d425-00fa-4cd2-a278-8e298d333ce1	5	81396138	95668779	7733	-1.13
5e52d425-00fa-4cd2-a278-8e298d333ce1	5	95673255	95833045	109	-1.2885
5e52d425-00fa-4cd2-a278-8e298d333ce1	5	95833119	95833134	2	-6.4141
5e52d425-00fa-4cd2-a278-8e298d333ce1	5	95833707	99124208	1948	-1.1442
5e52d425-00fa-4cd2-a278-8e298d333ce1	5	99124627	100223876	639	-0.9782
5e52d425-00fa-4cd2-a278-8e298d333ce1	5	100226861	100268806	34	-2.2944
5e52d425-00fa-4cd2-a278-8e298d333ce1	5	100269367	101663769	772	-1.0802
5e52d425-00fa-4cd2-a278-8e298d333ce1	5	101663818	101859690	155	-0.8696
5e52d425-00fa-4cd2-a278-8e298d333ce1	5	101865630	101866299	6	-0.0311
5e52d425-00fa-4cd2-a278-8e298d333ce1	5	101866322	107513539	3355	-1.0973
5e52d425-00fa-4cd2-a278-8e298d333ce1	5	107513605	107514593	5	-4.2634
5e52d425-00fa-4cd2-a278-8e298d333ce1	5	107515341	110040064	1607	-1.1731
5e52d425-00fa-4cd2-a278-8e298d333ce1	5	110040148	110643102	383	-1.0094
5e52d425-00fa-4cd2-a278-8e298d333ce1	5	110646882	112726977	1420	-1.1909
5e52d425-00fa-4cd2-a278-8e298d333ce1	5	112727467	112938582	259	-0.9204
5e52d425-00fa-4cd2-a278-8e298d333ce1	5	112940950	113056695	83	-1.146
5e52d425-00fa-4cd2-a278-8e298d333ce1	5	113057603	113060147	5	-5.8339
5e52d425-00fa-4cd2-a278-8e298d333ce1	5	113061997	131634859	12028	-1.1599
5e52d425-00fa-4cd2-a278-8e298d333ce1	5	131636088	150822643	11915	-0.2126
5e52d425-00fa-4cd2-a278-8e298d333ce1	5	150825938	150839042	8	-1.3088
5e52d425-00fa-4cd2-a278-8e298d333ce1	5	150844533	161180281	7194	-0.2166
5e52d425-00fa-4cd2-a278-8e298d333ce1	5	161181489	167059166	3791	-0.1643
5e52d425-00fa-4cd2-a278-8e298d333ce1	5	167060873	177770954	7438	-0.2251
5e52d425-00fa-4cd2-a278-8e298d333ce1	5	177771448	177805604	4	2.4375
5e52d425-00fa-4cd2-a278-8e298d333ce1	5	177827964	181363319	1977	-0.1901
5e52d425-00fa-4cd2-a278-8e298d333ce1	6	149661	460187	271	0.6594
5e52d425-00fa-4cd2-a278-8e298d333ce1	6	460302	759452	244	0.8455
5e52d425-00fa-4cd2-a278-8e298d333ce1	6	760004	1008068	233	0.7271
5e52d425-00fa-4cd2-a278-8e298d333ce1	6	1008114	25469306	18709	0.6767
5e52d425-00fa-4cd2-a278-8e298d333ce1	6	25475623	25605953	90	0.906
5e52d425-00fa-4cd2-a278-8e298d333ce1	6	25607343	29869295	2107	0.7201
5e52d425-00fa-4cd2-a278-8e298d333ce1	6	29869410	29906865	22	1.274
5e52d425-00fa-4cd2-a278-8e298d333ce1	6	29906932	30096785	110	0.6969
5e52d425-00fa-4cd2-a278-8e298d333ce1	6	30097080	30097542	2	-1.1641
5e52d425-00fa-4cd2-a278-8e298d333ce1	6	30097639	32481273	1053	0.7436
5e52d425-00fa-4cd2-a278-8e298d333ce1	6	32485024	32533522	17	0.1196
5e52d425-00fa-4cd2-a278-8e298d333ce1	6	32540699	32550992	5	-1.386
5e52d425-00fa-4cd2-a278-8e298d333ce1	6	32559507	32722250	86	0.6559
5e52d425-00fa-4cd2-a278-8e298d333ce1	6	32723020	32723053	3	-1.1088
5e52d425-00fa-4cd2-a278-8e298d333ce1	6	32732907	33056722	219	0.8198
5e52d425-00fa-4cd2-a278-8e298d333ce1	6	33056829	44890652	7477	0.6843
5e52d425-00fa-4cd2-a278-8e298d333ce1	6	44892930	45076787	122	0.8576
5e52d425-00fa-4cd2-a278-8e298d333ce1	6	45076805	48318858	2148	0.6781
5e52d425-00fa-4cd2-a278-8e298d333ce1	6	48318875	48558237	131	0.7573
5e52d425-00fa-4cd2-a278-8e298d333ce1	6	48560731	48680912	75	0.9207
5e52d425-00fa-4cd2-a278-8e298d333ce1	6	48685839	52298232	2184	0.6845
5e52d425-00fa-4cd2-a278-8e298d333ce1	6	52300736	53312595	719	0.4806
5e52d425-00fa-4cd2-a278-8e298d333ce1	6	53312880	55960697	1793	0.6927
5e52d425-00fa-4cd2-a278-8e298d333ce1	6	55961357	55978862	10	-0.377
5e52d425-00fa-4cd2-a278-8e298d333ce1	6	55986080	57887150	790	0.6928
5e52d425-00fa-4cd2-a278-8e298d333ce1	6	57896616	58049858	42	0.8119
5e52d425-00fa-4cd2-a278-8e298d333ce1	6	58050122	58060085	5	1.421
5e52d425-00fa-4cd2-a278-8e298d333ce1	6	58060463	58198918	62	0.8466
5e52d425-00fa-4cd2-a278-8e298d333ce1	6	58200229	60393244	114	0.7043
5e52d425-00fa-4cd2-a278-8e298d333ce1	6	60395828	61823563	523	0.2261
5e52d425-00fa-4cd2-a278-8e298d333ce1	6	61823745	64627049	1466	0.1002
5e52d425-00fa-4cd2-a278-8e298d333ce1	6	64637651	64639099	2	-2.3835
5e52d425-00fa-4cd2-a278-8e298d333ce1	6	64640883	68977806	3006	0.1464
5e52d425-00fa-4cd2-a278-8e298d333ce1	6	68977891	68981476	3	-3.501
5e52d425-00fa-4cd2-a278-8e298d333ce1	6	68987514	76732919	4927	0.0917
5e52d425-00fa-4cd2-a278-8e298d333ce1	6	76733502	76733530	2	-3.5358
5e52d425-00fa-4cd2-a278-8e298d333ce1	6	76736482	77152700	280	0.1381
5e52d425-00fa-4cd2-a278-8e298d333ce1	6	77161211	77163297	2	-3.6425
5e52d425-00fa-4cd2-a278-8e298d333ce1	6	77167730	78093893	587	0.112
5e52d425-00fa-4cd2-a278-8e298d333ce1	6	78101930	78291773	158	0.321
5e52d425-00fa-4cd2-a278-8e298d333ce1	6	78292338	78292957	3	1.1309
5e52d425-00fa-4cd2-a278-8e298d333ce1	6	78292985	78322875	64	0.3707
5e52d425-00fa-4cd2-a278-8e298d333ce1	6	78325223	84023699	3579	0.0997
5e52d425-00fa-4cd2-a278-8e298d333ce1	6	84026015	84026149	2	-2.2134
5e52d425-00fa-4cd2-a278-8e298d333ce1	6	84026468	84029078	7	-5.2414
5e52d425-00fa-4cd2-a278-8e298d333ce1	6	84033023	91271487	4593	0.0713
5e52d425-00fa-4cd2-a278-8e298d333ce1	6	91276024	91687617	276	0.2243
5e52d425-00fa-4cd2-a278-8e298d333ce1	6	91688042	92360450	429	0.0991
5e52d425-00fa-4cd2-a278-8e298d333ce1	6	92361277	92362438	7	-0.614
5e52d425-00fa-4cd2-a278-8e298d333ce1	6	92362612	93765426	1008	0.1163
5e52d425-00fa-4cd2-a278-8e298d333ce1	6	93768888	95390273	789	0.2834
5e52d425-00fa-4cd2-a278-8e298d333ce1	6	95393148	97019052	984	0.1133
5e52d425-00fa-4cd2-a278-8e298d333ce1	6	97021018	97021323	2	-3.4557
5e52d425-00fa-4cd2-a278-8e298d333ce1	6	97023263	103286954	3789	0.095
5e52d425-00fa-4cd2-a278-8e298d333ce1	6	103290101	103314186	46	0.9139
5e52d425-00fa-4cd2-a278-8e298d333ce1	6	103317795	170741917	44098	0.0782
5e52d425-00fa-4cd2-a278-8e298d333ce1	7	43355	1287994	375	-0.0052
5e52d425-00fa-4cd2-a278-8e298d333ce1	7	1292195	8138095	4130	0.118
5e52d425-00fa-4cd2-a278-8e298d333ce1	7	8139207	10125860	1672	0.2376
5e52d425-00fa-4cd2-a278-8e298d333ce1	7	10133000	16130033	4806	0.15
5e52d425-00fa-4cd2-a278-8e298d333ce1	7	16131935	16132634	2	-1.562
5e52d425-00fa-4cd2-a278-8e298d333ce1	7	16137216	16977686	674	0.138
5e52d425-00fa-4cd2-a278-8e298d333ce1	7	16977859	17763890	649	0.2722
5e52d425-00fa-4cd2-a278-8e298d333ce1	7	17769025	18871731	810	0.0991
5e52d425-00fa-4cd2-a278-8e298d333ce1	7	18871792	18975937	118	0.3018
5e52d425-00fa-4cd2-a278-8e298d333ce1	7	18980230	19644396	734	-0.0098
5e52d425-00fa-4cd2-a278-8e298d333ce1	7	19648909	38239007	13364	0.0954
5e52d425-00fa-4cd2-a278-8e298d333ce1	7	38239282	38293400	69	0.5533
5e52d425-00fa-4cd2-a278-8e298d333ce1	7	38293417	38347190	57	0.3281
5e52d425-00fa-4cd2-a278-8e298d333ce1	7	38347211	62326419	13058	0.1046
5e52d425-00fa-4cd2-a278-8e298d333ce1	7	62326769	63007584	137	0.6461
5e52d425-00fa-4cd2-a278-8e298d333ce1	7	63007599	65266090	852	0.5417
5e52d425-00fa-4cd2-a278-8e298d333ce1	7	65267493	65493709	136	0.6976
5e52d425-00fa-4cd2-a278-8e298d333ce1	7	65495544	70955452	2934	0.4988
5e52d425-00fa-4cd2-a278-8e298d333ce1	7	70958264	70961155	2	1.9625
5e52d425-00fa-4cd2-a278-8e298d333ce1	7	70963257	75526072	1732	0.5183
5e52d425-00fa-4cd2-a278-8e298d333ce1	7	75526495	82333485	4211	0.5559
5e52d425-00fa-4cd2-a278-8e298d333ce1	7	82334127	82565711	181	0.7207
5e52d425-00fa-4cd2-a278-8e298d333ce1	7	82567515	85135078	1733	0.5657
5e52d425-00fa-4cd2-a278-8e298d333ce1	7	85135887	86250187	609	0.6452
5e52d425-00fa-4cd2-a278-8e298d333ce1	7	86256098	88569943	1301	0.5305
5e52d425-00fa-4cd2-a278-8e298d333ce1	7	88570013	90147556	1065	0.7406
5e52d425-00fa-4cd2-a278-8e298d333ce1	7	90147717	91006881	559	0.5806
5e52d425-00fa-4cd2-a278-8e298d333ce1	7	91007025	109091090	10474	0.5234
5e52d425-00fa-4cd2-a278-8e298d333ce1	7	109092701	109797042	448	0.5843
5e52d425-00fa-4cd2-a278-8e298d333ce1	7	109797043	109813705	25	0.2697
5e52d425-00fa-4cd2-a278-8e298d333ce1	7	109813746	111109280	867	0.5779
5e52d425-00fa-4cd2-a278-8e298d333ce1	7	111109707	111700642	371	0.6881
5e52d425-00fa-4cd2-a278-8e298d333ce1	7	111700704	112299506	421	0.521
5e52d425-00fa-4cd2-a278-8e298d333ce1	7	112300407	112692536	227	0.6693
5e52d425-00fa-4cd2-a278-8e298d333ce1	7	112693248	124634370	7038	0.5322
5e52d425-00fa-4cd2-a278-8e298d333ce1	7	124637389	125823663	706	0.5995
5e52d425-00fa-4cd2-a278-8e298d333ce1	7	125832645	125835989	4	-0.5401
5e52d425-00fa-4cd2-a278-8e298d333ce1	7	125839524	125924880	55	0.8086
5e52d425-00fa-4cd2-a278-8e298d333ce1	7	125926172	126405690	347	0.5933
5e52d425-00fa-4cd2-a278-8e298d333ce1	7	126405970	126406561	7	-0.8653
5e52d425-00fa-4cd2-a278-8e298d333ce1	7	126406822	131373178	2838	0.5223
5e52d425-00fa-4cd2-a278-8e298d333ce1	7	131374739	131747031	233	0.94
5e52d425-00fa-4cd2-a278-8e298d333ce1	7	131749468	134072507	1605	0.5124
5e52d425-00fa-4cd2-a278-8e298d333ce1	7	134074049	134075798	2	-1.739
5e52d425-00fa-4cd2-a278-8e298d333ce1	7	134075932	142070260	5248	0.5297
5e52d425-00fa-4cd2-a278-8e298d333ce1	7	142070569	142070732	3	-1.0092
5e52d425-00fa-4cd2-a278-8e298d333ce1	7	142070827	142378620	254	0.6072
5e52d425-00fa-4cd2-a278-8e298d333ce1	7	142379139	142780878	212	0.7516
5e52d425-00fa-4cd2-a278-8e298d333ce1	7	142783090	144264193	770	0.5494
5e52d425-00fa-4cd2-a278-8e298d333ce1	7	144295437	144336758	5	-0.9213
5e52d425-00fa-4cd2-a278-8e298d333ce1	7	144343967	145337650	619	0.5129
5e52d425-00fa-4cd2-a278-8e298d333ce1	7	145337855	148077483	1838	0.5773
5e52d425-00fa-4cd2-a278-8e298d333ce1	7	148080685	153253409	2929	0.5211
5e52d425-00fa-4cd2-a278-8e298d333ce1	7	153253527	153934453	527	0.6335
5e52d425-00fa-4cd2-a278-8e298d333ce1	7	153934563	154598185	494	0.5359
5e52d425-00fa-4cd2-a278-8e298d333ce1	7	154601461	154605369	3	1.6272
5e52d425-00fa-4cd2-a278-8e298d333ce1	7	154607903	155671335	915	0.5032
5e52d425-00fa-4cd2-a278-8e298d333ce1	7	155673169	155676942	3	1.736
5e52d425-00fa-4cd2-a278-8e298d333ce1	7	155683042	159334314	2314	0.5216
5e52d425-00fa-4cd2-a278-8e298d333ce1	8	81254	644973	324	0.373
5e52d425-00fa-4cd2-a278-8e298d333ce1	8	645220	645908	8	-1.0303
5e52d425-00fa-4cd2-a278-8e298d333ce1	8	656117	2185178	1234	0.3025
5e52d425-00fa-4cd2-a278-8e298d333ce1	8	2193931	2210732	20	-0.6012
5e52d425-00fa-4cd2-a278-8e298d333ce1	8	2210914	2232299	17	0.2005
5e52d425-00fa-4cd2-a278-8e298d333ce1	8	2237203	2918507	522	0.4336
5e52d425-00fa-4cd2-a278-8e298d333ce1	8	2918830	3597137	722	0.3051
5e52d425-00fa-4cd2-a278-8e298d333ce1	8	3597214	4308904	1218	0.4026
5e52d425-00fa-4cd2-a278-8e298d333ce1	8	4308968	4309665	5	-0.4769
5e52d425-00fa-4cd2-a278-8e298d333ce1	8	4309863	4940046	898	0.4094
5e52d425-00fa-4cd2-a278-8e298d333ce1	8	4940284	5175666	296	0.2761
5e52d425-00fa-4cd2-a278-8e298d333ce1	8	5175902	5393827	276	0.3677
5e52d425-00fa-4cd2-a278-8e298d333ce1	8	5394112	6332381	1312	0.49
5e52d425-00fa-4cd2-a278-8e298d333ce1	8	6334985	7888846	912	0.2997
5e52d425-00fa-4cd2-a278-8e298d333ce1	8	7889612	7890177	2	-1.2911
5e52d425-00fa-4cd2-a278-8e298d333ce1	8	7919608	8434235	210	0.4083
5e52d425-00fa-4cd2-a278-8e298d333ce1	8	8436746	8996888	554	0.2655
5e52d425-00fa-4cd2-a278-8e298d333ce1	8	9002237	9333608	321	0.4059
5e52d425-00fa-4cd2-a278-8e298d333ce1	8	9334436	10110165	588	0.2955
5e52d425-00fa-4cd2-a278-8e298d333ce1	8	10115076	10510652	403	0.414
5e52d425-00fa-4cd2-a278-8e298d333ce1	8	10511527	11962007	1124	0.28
5e52d425-00fa-4cd2-a278-8e298d333ce1	8	11965823	12585546	96	0.485
5e52d425-00fa-4cd2-a278-8e298d333ce1	8	12616034	13597672	865	0.2689
5e52d425-00fa-4cd2-a278-8e298d333ce1	8	13597700	13823808	296	0.4728
5e52d425-00fa-4cd2-a278-8e298d333ce1	8	13823896	14652059	788	0.342
5e52d425-00fa-4cd2-a278-8e298d333ce1	8	14652523	14652565	3	-1.1
5e52d425-00fa-4cd2-a278-8e298d333ce1	8	14652887	16017656	1251	0.3239
5e52d425-00fa-4cd2-a278-8e298d333ce1	8	16020726	16166714	134	0.4846
5e52d425-00fa-4cd2-a278-8e298d333ce1	8	16166875	16371071	144	0.3453
5e52d425-00fa-4cd2-a278-8e298d333ce1	8	16375114	16402075	35	0.5758
5e52d425-00fa-4cd2-a278-8e298d333ce1	8	16402103	16404738	3	1.3084
5e52d425-00fa-4cd2-a278-8e298d333ce1	8	16404755	16430555	30	0.6282
5e52d425-00fa-4cd2-a278-8e298d333ce1	8	16431302	17489501	891	0.35
5e52d425-00fa-4cd2-a278-8e298d333ce1	8	17499476	36384511	13401	0.268
5e52d425-00fa-4cd2-a278-8e298d333ce1	8	36387452	36582891	93	0.5271
5e52d425-00fa-4cd2-a278-8e298d333ce1	8	36584631	39368369	1502	0.2511
5e52d425-00fa-4cd2-a278-8e298d333ce1	8	39368422	39530780	66	1.1021
5e52d425-00fa-4cd2-a278-8e298d333ce1	8	39531260	40324598	588	0.2701
5e52d425-00fa-4cd2-a278-8e298d333ce1	8	40326278	40331992	34	-0.3406
5e52d425-00fa-4cd2-a278-8e298d333ce1	8	40335391	40914477	450	0.2594
5e52d425-00fa-4cd2-a278-8e298d333ce1	8	40920333	40920952	2	1.4181
5e52d425-00fa-4cd2-a278-8e298d333ce1	8	40926161	43110100	1278	0.225
5e52d425-00fa-4cd2-a278-8e298d333ce1	8	43115796	46019151	243	0.4608
5e52d425-00fa-4cd2-a278-8e298d333ce1	8	46020945	49346286	1517	0.2409
5e52d425-00fa-4cd2-a278-8e298d333ce1	8	49346437	50740028	869	0.3573
5e52d425-00fa-4cd2-a278-8e298d333ce1	8	50740832	52631082	1220	0.2616
5e52d425-00fa-4cd2-a278-8e298d333ce1	8	52636024	52792060	84	0.5146
5e52d425-00fa-4cd2-a278-8e298d333ce1	8	52793185	53047084	190	0.2661
5e52d425-00fa-4cd2-a278-8e298d333ce1	8	53047187	53163454	87	0.481
5e52d425-00fa-4cd2-a278-8e298d333ce1	8	53164623	53600268	323	0.2748
5e52d425-00fa-4cd2-a278-8e298d333ce1	8	53601603	55815420	1446	0.218
5e52d425-00fa-4cd2-a278-8e298d333ce1	8	55816364	56386989	299	0.3297
5e52d425-00fa-4cd2-a278-8e298d333ce1	8	56387027	56444199	40	0.0644
5e52d425-00fa-4cd2-a278-8e298d333ce1	8	56448562	57203991	507	0.2851
5e52d425-00fa-4cd2-a278-8e298d333ce1	8	57204927	57217466	4	-1.6264
5e52d425-00fa-4cd2-a278-8e298d333ce1	8	57220239	60076892	1944	0.2551
5e52d425-00fa-4cd2-a278-8e298d333ce1	8	60086539	60095060	28	0.6546
5e52d425-00fa-4cd2-a278-8e298d333ce1	8	60095079	75029931	9306	0.2509
5e52d425-00fa-4cd2-a278-8e298d333ce1	8	75034460	75138083	63	0.4666
5e52d425-00fa-4cd2-a278-8e298d333ce1	8	75138650	77493515	1377	0.2916
5e52d425-00fa-4cd2-a278-8e298d333ce1	8	77495060	77542755	30	0.6809
5e52d425-00fa-4cd2-a278-8e298d333ce1	8	77542835	77806339	140	0.3122
5e52d425-00fa-4cd2-a278-8e298d333ce1	8	77806485	77861696	35	0.5819
5e52d425-00fa-4cd2-a278-8e298d333ce1	8	77868140	78863662	538	0.2976
5e52d425-00fa-4cd2-a278-8e298d333ce1	8	78864199	78975943	127	0.4899
5e52d425-00fa-4cd2-a278-8e298d333ce1	8	78976061	82093014	1816	0.229
5e52d425-00fa-4cd2-a278-8e298d333ce1	8	82097018	84345754	1289	0.305
5e52d425-00fa-4cd2-a278-8e298d333ce1	8	84350648	84356431	19	-0.3638
5e52d425-00fa-4cd2-a278-8e298d333ce1	8	84358447	86168801	929	0.2629
5e52d425-00fa-4cd2-a278-8e298d333ce1	8	86169468	86286892	76	0.4998
5e52d425-00fa-4cd2-a278-8e298d333ce1	8	86295841	94545324	4831	0.2585
5e52d425-00fa-4cd2-a278-8e298d333ce1	8	94545374	94545701	5	1.3787
5e52d425-00fa-4cd2-a278-8e298d333ce1	8	94545764	105931948	7028	0.2446
5e52d425-00fa-4cd2-a278-8e298d333ce1	8	105932301	106432253	324	0.526
5e52d425-00fa-4cd2-a278-8e298d333ce1	8	106432486	108801038	1565	0.2768
5e52d425-00fa-4cd2-a278-8e298d333ce1	8	108801874	108944839	68	0.5322
5e52d425-00fa-4cd2-a278-8e298d333ce1	8	108945544	111276327	1279	0.2785
5e52d425-00fa-4cd2-a278-8e298d333ce1	8	111279123	111283031	12	1.0992
5e52d425-00fa-4cd2-a278-8e298d333ce1	8	111288052	114208322	1584	0.306
5e52d425-00fa-4cd2-a278-8e298d333ce1	8	114212594	114909926	455	0.4507
5e52d425-00fa-4cd2-a278-8e298d333ce1	8	114912939	114933632	17	0.2684
5e52d425-00fa-4cd2-a278-8e298d333ce1	8	114933668	114933682	2	-1.3854
5e52d425-00fa-4cd2-a278-8e298d333ce1	8	114938060	135608540	14871	0.2549
5e52d425-00fa-4cd2-a278-8e298d333ce1	8	135611149	135612722	6	-0.7074
5e52d425-00fa-4cd2-a278-8e298d333ce1	8	135618027	136649622	794	0.2425
5e52d425-00fa-4cd2-a278-8e298d333ce1	8	136649763	136898857	223	0.4293
5e52d425-00fa-4cd2-a278-8e298d333ce1	8	136904937	136936371	16	0.0528
5e52d425-00fa-4cd2-a278-8e298d333ce1	8	136940161	140619100	2958	0.2493
5e52d425-00fa-4cd2-a278-8e298d333ce1	8	140620316	140991025	175	0.431
5e52d425-00fa-4cd2-a278-8e298d333ce1	8	140991041	144607689	1589	0.2537
5e52d425-00fa-4cd2-a278-8e298d333ce1	8	144608234	145072769	221	0.0922
5e52d425-00fa-4cd2-a278-8e298d333ce1	9	46587	592306	477	0.4334
5e52d425-00fa-4cd2-a278-8e298d333ce1	9	592552	592567	2	-1.1696
5e52d425-00fa-4cd2-a278-8e298d333ce1	9	592718	602903	28	0.4188
5e52d425-00fa-4cd2-a278-8e298d333ce1	9	606699	606961	4	-1.2981
5e52d425-00fa-4cd2-a278-8e298d333ce1	9	607307	1042166	489	0.315
5e52d425-00fa-4cd2-a278-8e298d333ce1	9	1042284	1598094	699	0.4314
5e52d425-00fa-4cd2-a278-8e298d333ce1	9	1600830	6133074	4278	0.3502
5e52d425-00fa-4cd2-a278-8e298d333ce1	9	6133672	7125060	784	0.4297
5e52d425-00fa-4cd2-a278-8e298d333ce1	9	7126151	8914947	1784	0.3377
5e52d425-00fa-4cd2-a278-8e298d333ce1	9	8915142	9009365	80	0.545
5e52d425-00fa-4cd2-a278-8e298d333ce1	9	9010032	10403105	1335	0.4504
5e52d425-00fa-4cd2-a278-8e298d333ce1	9	10404138	10404986	2	1.9808
5e52d425-00fa-4cd2-a278-8e298d333ce1	9	10407943	11084015	590	0.4241
5e52d425-00fa-4cd2-a278-8e298d333ce1	9	11085099	12287761	935	0.5311
5e52d425-00fa-4cd2-a278-8e298d333ce1	9	12287871	12288602	5	-0.4097
5e52d425-00fa-4cd2-a278-8e298d333ce1	9	12296052	12619065	246	0.5386
5e52d425-00fa-4cd2-a278-8e298d333ce1	9	12619365	15156134	2052	0.3417
5e52d425-00fa-4cd2-a278-8e298d333ce1	9	15158905	15159423	4	-0.8292
5e52d425-00fa-4cd2-a278-8e298d333ce1	9	15159851	15888121	523	0.3092
5e52d425-00fa-4cd2-a278-8e298d333ce1	9	15891316	15891451	2	-1.2387
5e52d425-00fa-4cd2-a278-8e298d333ce1	9	15892063	17605640	1517	0.3125
5e52d425-00fa-4cd2-a278-8e298d333ce1	9	17606539	17720886	135	0.5401
5e52d425-00fa-4cd2-a278-8e298d333ce1	9	17721990	22939247	4164	0.3273
5e52d425-00fa-4cd2-a278-8e298d333ce1	9	22942771	25261124	1667	0.3912
5e52d425-00fa-4cd2-a278-8e298d333ce1	9	25261909	25353378	69	0.6312
5e52d425-00fa-4cd2-a278-8e298d333ce1	9	25353698	26257240	615	0.401
5e52d425-00fa-4cd2-a278-8e298d333ce1	9	26263020	26474394	152	0.5691
5e52d425-00fa-4cd2-a278-8e298d333ce1	9	26474478	26634030	135	0.4359
5e52d425-00fa-4cd2-a278-8e298d333ce1	9	26634763	28020172	1163	0.3262
5e52d425-00fa-4cd2-a278-8e298d333ce1	9	28020207	29091099	816	0.4561
5e52d425-00fa-4cd2-a278-8e298d333ce1	9	29094551	29097682	3	-0.969
5e52d425-00fa-4cd2-a278-8e298d333ce1	9	29101434	29827492	514	0.3893
5e52d425-00fa-4cd2-a278-8e298d333ce1	9	29827800	29999195	150	0.5695
5e52d425-00fa-4cd2-a278-8e298d333ce1	9	30001058	31568381	1033	0.3962
5e52d425-00fa-4cd2-a278-8e298d333ce1	9	31568884	42574420	4856	0.329
5e52d425-00fa-4cd2-a278-8e298d333ce1	9	42585140	42726239	13	-0.3142
5e52d425-00fa-4cd2-a278-8e298d333ce1	9	42727685	61573452	61	0.3137
5e52d425-00fa-4cd2-a278-8e298d333ce1	9	61574022	64467459	102	-0.1952
5e52d425-00fa-4cd2-a278-8e298d333ce1	9	64480563	66084268	43	0.3441
5e52d425-00fa-4cd2-a278-8e298d333ce1	9	66103744	68435779	66	-0.2411
5e52d425-00fa-4cd2-a278-8e298d333ce1	9	68437540	101705602	23149	-0.5854
5e52d425-00fa-4cd2-a278-8e298d333ce1	9	101711470	104598641	2138	-0.4943
5e52d425-00fa-4cd2-a278-8e298d333ce1	9	104599429	104607598	28	0.28
5e52d425-00fa-4cd2-a278-8e298d333ce1	9	104607733	112962210	6381	-0.5792
5e52d425-00fa-4cd2-a278-8e298d333ce1	9	112962269	112973631	3	-3.3599
5e52d425-00fa-4cd2-a278-8e298d333ce1	9	112978743	113978355	672	-0.5829
5e52d425-00fa-4cd2-a278-8e298d333ce1	9	113978906	113980055	3	-2.3322
5e52d425-00fa-4cd2-a278-8e298d333ce1	9	113980248	115088283	870	-0.6701
5e52d425-00fa-4cd2-a278-8e298d333ce1	9	115088792	119801582	3944	-0.5772
5e52d425-00fa-4cd2-a278-8e298d333ce1	9	119804613	120399656	458	-0.2165
5e52d425-00fa-4cd2-a278-8e298d333ce1	9	120399818	120560918	120	-0.5764
5e52d425-00fa-4cd2-a278-8e298d333ce1	9	120562486	133307114	7662	-0.1712
5e52d425-00fa-4cd2-a278-8e298d333ce1	9	133307129	133307252	4	1.1137
5e52d425-00fa-4cd2-a278-8e298d333ce1	9	133316268	135288131	1149	-0.1809
5e52d425-00fa-4cd2-a278-8e298d333ce1	9	135288751	135288775	2	-2.0798
5e52d425-00fa-4cd2-a278-8e298d333ce1	9	135289382	135319522	16	-0.2375
5e52d425-00fa-4cd2-a278-8e298d333ce1	9	135322259	135324566	3	-2.3958
5e52d425-00fa-4cd2-a278-8e298d333ce1	9	135325951	138200944	1106	-0.2111
5e52d425-00fa-4cd2-a278-8e298d333ce1	10	45792	46116171	31475	0.3388
5e52d425-00fa-4cd2-a278-8e298d333ce1	10	46130381	46281263	108	0.968
5e52d425-00fa-4cd2-a278-8e298d333ce1	10	46286440	46442116	66	0.27
5e52d425-00fa-4cd2-a278-8e298d333ce1	10	46446814	46967412	63	-0.2123
5e52d425-00fa-4cd2-a278-8e298d333ce1	10	47002596	47142376	50	0.2706
5e52d425-00fa-4cd2-a278-8e298d333ce1	10	47145348	47146317	4	-1.2753
5e52d425-00fa-4cd2-a278-8e298d333ce1	10	47147154	47460004	230	0.3123
5e52d425-00fa-4cd2-a278-8e298d333ce1	10	47559592	47627616	4	-0.9858
5e52d425-00fa-4cd2-a278-8e298d333ce1	10	47680298	48079548	9	-0.2384
5e52d425-00fa-4cd2-a278-8e298d333ce1	10	48079560	49781730	1299	0.2777
5e52d425-00fa-4cd2-a278-8e298d333ce1	10	49782059	50567649	365	0.4212
5e52d425-00fa-4cd2-a278-8e298d333ce1	10	50567727	53166023	2039	0.3593
5e52d425-00fa-4cd2-a278-8e298d333ce1	10	53167767	54238282	820	0.4305
5e52d425-00fa-4cd2-a278-8e298d333ce1	10	54244697	54559465	248	-0.1404
5e52d425-00fa-4cd2-a278-8e298d333ce1	10	54565416	54759298	148	0.3876
5e52d425-00fa-4cd2-a278-8e298d333ce1	10	54762002	54773323	12	-0.6372
5e52d425-00fa-4cd2-a278-8e298d333ce1	10	54773441	55269363	288	0.434
5e52d425-00fa-4cd2-a278-8e298d333ce1	10	55270991	55276362	4	-3.2977
5e52d425-00fa-4cd2-a278-8e298d333ce1	10	55279302	56032367	537	0.5304
5e52d425-00fa-4cd2-a278-8e298d333ce1	10	56032680	57539190	1123	0.4187
5e52d425-00fa-4cd2-a278-8e298d333ce1	10	57539623	64214376	4585	0.3337
5e52d425-00fa-4cd2-a278-8e298d333ce1	10	64217520	65528467	885	0.3797
5e52d425-00fa-4cd2-a278-8e298d333ce1	10	65528488	65575682	68	0.6322
5e52d425-00fa-4cd2-a278-8e298d333ce1	10	65576624	66296777	591	0.3649
5e52d425-00fa-4cd2-a278-8e298d333ce1	10	66297263	66791811	357	0.5285
5e52d425-00fa-4cd2-a278-8e298d333ce1	10	66792576	66967071	138	0.353
5e52d425-00fa-4cd2-a278-8e298d333ce1	10	66967086	67224278	171	0.5182
5e52d425-00fa-4cd2-a278-8e298d333ce1	10	67227575	79754434	7975	0.3147
5e52d425-00fa-4cd2-a278-8e298d333ce1	10	79763550	82581943	1925	0.3617
5e52d425-00fa-4cd2-a278-8e298d333ce1	10	82582603	82656047	62	0.6382
5e52d425-00fa-4cd2-a278-8e298d333ce1	10	82656277	83965524	1070	0.3691
5e52d425-00fa-4cd2-a278-8e298d333ce1	10	83967816	95105544	7178	0.3257
5e52d425-00fa-4cd2-a278-8e298d333ce1	10	95109306	95109949	6	-0.6886
5e52d425-00fa-4cd2-a278-8e298d333ce1	10	95115957	107686908	8008	0.3232
5e52d425-00fa-4cd2-a278-8e298d333ce1	10	107690878	108436888	585	0.4166
5e52d425-00fa-4cd2-a278-8e298d333ce1	10	108437062	121004162	8813	0.3195
5e52d425-00fa-4cd2-a278-8e298d333ce1	10	121011150	121017985	18	-0.5099
5e52d425-00fa-4cd2-a278-8e298d333ce1	10	121030029	132673708	8890	0.3247
5e52d425-00fa-4cd2-a278-8e298d333ce1	10	132674642	133654968	417	0.1435
5e52d425-00fa-4cd2-a278-8e298d333ce1	11	198510	4217824	1730	-0.2151
5e52d425-00fa-4cd2-a278-8e298d333ce1	11	4228783	4314837	25	-0.7619
5e52d425-00fa-4cd2-a278-8e298d333ce1	11	4325579	4692820	372	-0.2196
5e52d425-00fa-4cd2-a278-8e298d333ce1	11	4693381	7406590	2309	-0.1551
5e52d425-00fa-4cd2-a278-8e298d333ce1	11	7406629	21123379	10251	-0.2161
5e52d425-00fa-4cd2-a278-8e298d333ce1	11	21123602	26940320	4341	-0.1446
5e52d425-00fa-4cd2-a278-8e298d333ce1	11	26941194	31151513	2657	-0.1862
5e52d425-00fa-4cd2-a278-8e298d333ce1	11	31151542	31154393	4	0.9145
5e52d425-00fa-4cd2-a278-8e298d333ce1	11	31156364	34201831	1936	-0.1988
5e52d425-00fa-4cd2-a278-8e298d333ce1	11	34205780	34206759	2	-1.5881
5e52d425-00fa-4cd2-a278-8e298d333ce1	11	34207297	36946148	2375	-0.204
5e52d425-00fa-4cd2-a278-8e298d333ce1	11	36947454	37650804	475	-0.0303
5e52d425-00fa-4cd2-a278-8e298d333ce1	11	37650941	38432871	463	-0.1248
5e52d425-00fa-4cd2-a278-8e298d333ce1	11	38436398	38441469	14	0.0919
5e52d425-00fa-4cd2-a278-8e298d333ce1	11	38441574	38455736	18	-0.1871
5e52d425-00fa-4cd2-a278-8e298d333ce1	11	38455991	38462018	16	0.1316
5e52d425-00fa-4cd2-a278-8e298d333ce1	11	38465020	42867739	2943	-0.159
5e52d425-00fa-4cd2-a278-8e298d333ce1	11	42867757	48143410	3126	-0.2179
5e52d425-00fa-4cd2-a278-8e298d333ce1	11	48145088	48576870	208	-0.0916
5e52d425-00fa-4cd2-a278-8e298d333ce1	11	48579882	48581124	2	-1.6949
5e52d425-00fa-4cd2-a278-8e298d333ce1	11	48584766	48621071	21	-0.1956
5e52d425-00fa-4cd2-a278-8e298d333ce1	11	48621328	48908166	76	0.0491
5e52d425-00fa-4cd2-a278-8e298d333ce1	11	48908330	49984115	493	-0.1592
5e52d425-00fa-4cd2-a278-8e298d333ce1	11	49990649	56240067	1040	-0.0121
5e52d425-00fa-4cd2-a278-8e298d333ce1	11	56242723	68529733	6119	-0.1886
5e52d425-00fa-4cd2-a278-8e298d333ce1	11	68529965	69060158	265	-0.6525
5e52d425-00fa-4cd2-a278-8e298d333ce1	11	69060249	69065262	2	-4.3472
5e52d425-00fa-4cd2-a278-8e298d333ce1	11	69075023	70818676	1031	-0.6895
5e52d425-00fa-4cd2-a278-8e298d333ce1	11	70819416	70820148	3	-3.4044
5e52d425-00fa-4cd2-a278-8e298d333ce1	11	70825755	76108474	2701	-0.5999
5e52d425-00fa-4cd2-a278-8e298d333ce1	11	76112073	79647446	2253	-0.212
5e52d425-00fa-4cd2-a278-8e298d333ce1	11	79647569	80208246	414	-0.151
5e52d425-00fa-4cd2-a278-8e298d333ce1	11	80208566	80237958	10	-0.5895
5e52d425-00fa-4cd2-a278-8e298d333ce1	11	80238026	80256469	20	-0.1842
5e52d425-00fa-4cd2-a278-8e298d333ce1	11	80256504	80256520	2	-2.6021
5e52d425-00fa-4cd2-a278-8e298d333ce1	11	80256642	82648805	1928	-0.1458
5e52d425-00fa-4cd2-a278-8e298d333ce1	11	82648912	83924304	778	-0.2224
5e52d425-00fa-4cd2-a278-8e298d333ce1	11	83930465	84391737	317	-0.1425
5e52d425-00fa-4cd2-a278-8e298d333ce1	11	84391777	84392167	2	1.0848
5e52d425-00fa-4cd2-a278-8e298d333ce1	11	84393404	84409040	15	-0.1312
5e52d425-00fa-4cd2-a278-8e298d333ce1	11	84409625	84472392	47	0.0889
5e52d425-00fa-4cd2-a278-8e298d333ce1	11	84472844	84661469	105	-0.2027
5e52d425-00fa-4cd2-a278-8e298d333ce1	11	84661856	84719546	37	0.0661
5e52d425-00fa-4cd2-a278-8e298d333ce1	11	84720119	85165165	357	-0.1479
5e52d425-00fa-4cd2-a278-8e298d333ce1	11	85165608	87119374	1261	-0.2236
5e52d425-00fa-4cd2-a278-8e298d333ce1	11	87119610	93058934	3912	-0.1629
5e52d425-00fa-4cd2-a278-8e298d333ce1	11	93058949	93467734	271	0.0094
5e52d425-00fa-4cd2-a278-8e298d333ce1	11	93471475	97390585	2855	-0.2009
5e52d425-00fa-4cd2-a278-8e298d333ce1	11	97394879	99806996	1802	-0.1233
5e52d425-00fa-4cd2-a278-8e298d333ce1	11	99807947	104620148	3569	-0.1791
5e52d425-00fa-4cd2-a278-8e298d333ce1	11	104621788	104800008	118	0.0156
5e52d425-00fa-4cd2-a278-8e298d333ce1	11	104806583	104864543	61	-0.175
5e52d425-00fa-4cd2-a278-8e298d333ce1	11	104870988	104937841	74	0.0301
5e52d425-00fa-4cd2-a278-8e298d333ce1	11	104938816	108518250	2253	-0.175
5e52d425-00fa-4cd2-a278-8e298d333ce1	11	108518558	135074876	19205	-0.223
5e52d425-00fa-4cd2-a278-8e298d333ce1	12	51460	71531	5	0.3092
5e52d425-00fa-4cd2-a278-8e298d333ce1	12	81888	225299	93	0.599
5e52d425-00fa-4cd2-a278-8e298d333ce1	12	225844	1747113	904	0.7613
5e52d425-00fa-4cd2-a278-8e298d333ce1	12	1752621	8404097	4593	0.6858
5e52d425-00fa-4cd2-a278-8e298d333ce1	12	8405892	8406040	2	2.9823
5e52d425-00fa-4cd2-a278-8e298d333ce1	12	8406196	9477960	575	0.708
5e52d425-00fa-4cd2-a278-8e298d333ce1	12	9481274	9575696	24	-1.1455
5e52d425-00fa-4cd2-a278-8e298d333ce1	12	9582373	11351157	1178	0.742
5e52d425-00fa-4cd2-a278-8e298d333ce1	12	11358643	11390472	31	1.1854
5e52d425-00fa-4cd2-a278-8e298d333ce1	12	11399258	12377763	822	0.6696
5e52d425-00fa-4cd2-a278-8e298d333ce1	12	12383285	12389980	19	0.0798
5e52d425-00fa-4cd2-a278-8e298d333ce1	12	12390004	14146211	1409	0.6977
5e52d425-00fa-4cd2-a278-8e298d333ce1	12	14146638	14876509	395	0.5267
5e52d425-00fa-4cd2-a278-8e298d333ce1	12	14877770	22095435	4630	0.7093
5e52d425-00fa-4cd2-a278-8e298d333ce1	12	22095740	22096280	11	-0.0606
5e52d425-00fa-4cd2-a278-8e298d333ce1	12	22099998	33148472	8086	0.6886
5e52d425-00fa-4cd2-a278-8e298d333ce1	12	33148492	33232895	70	0.8463
5e52d425-00fa-4cd2-a278-8e298d333ce1	12	33233822	33242483	6	1.77
5e52d425-00fa-4cd2-a278-8e298d333ce1	12	33246118	34047467	505	0.8219
5e52d425-00fa-4cd2-a278-8e298d333ce1	12	34047514	34063370	9	0.2758
5e52d425-00fa-4cd2-a278-8e298d333ce1	12	34064565	34163361	60	0.8256
5e52d425-00fa-4cd2-a278-8e298d333ce1	12	34164909	34701563	164	0.5855
5e52d425-00fa-4cd2-a278-8e298d333ce1	12	37463949	38827290	551	0.2608
5e52d425-00fa-4cd2-a278-8e298d333ce1	12	38829764	42767023	2582	0.1042
5e52d425-00fa-4cd2-a278-8e298d333ce1	12	42767047	42906551	108	0.2368
5e52d425-00fa-4cd2-a278-8e298d333ce1	12	42906658	42908246	2	-0.8991
5e52d425-00fa-4cd2-a278-8e298d333ce1	12	42908808	43627186	454	0.2321
5e52d425-00fa-4cd2-a278-8e298d333ce1	12	43627818	70556964	16322	0.0953
5e52d425-00fa-4cd2-a278-8e298d333ce1	12	70559051	72881299	1477	0.1276
5e52d425-00fa-4cd2-a278-8e298d333ce1	12	72881620	72977309	68	0.3642
5e52d425-00fa-4cd2-a278-8e298d333ce1	12	72978336	80446147	4747	0.1222
5e52d425-00fa-4cd2-a278-8e298d333ce1	12	80446276	80456533	2	-1.4874
5e52d425-00fa-4cd2-a278-8e298d333ce1	12	80458189	89179400	5182	0.1394
5e52d425-00fa-4cd2-a278-8e298d333ce1	12	89180048	127710980	25715	0.0906
5e52d425-00fa-4cd2-a278-8e298d333ce1	12	127711389	128379487	609	0.192
5e52d425-00fa-4cd2-a278-8e298d333ce1	12	128379767	129395486	913	0.0962
5e52d425-00fa-4cd2-a278-8e298d333ce1	12	129396207	129396383	3	-0.6163
5e52d425-00fa-4cd2-a278-8e298d333ce1	12	129396925	129975484	504	0.1867
5e52d425-00fa-4cd2-a278-8e298d333ce1	12	129976098	133007969	1858	0.0658
5e52d425-00fa-4cd2-a278-8e298d333ce1	12	133008012	133201603	102	0.2444
5e52d425-00fa-4cd2-a278-8e298d333ce1	13	18452809	18835078	91	-0.269
5e52d425-00fa-4cd2-a278-8e298d333ce1	13	18835707	19430792	375	-0.5926
5e52d425-00fa-4cd2-a278-8e298d333ce1	13	19433923	19901471	230	-0.3796
5e52d425-00fa-4cd2-a278-8e298d333ce1	13	19908744	21874079	1225	-0.5775
5e52d425-00fa-4cd2-a278-8e298d333ce1	13	21874389	21878948	2	-2.5968
5e52d425-00fa-4cd2-a278-8e298d333ce1	13	21879042	23146224	1004	-0.5944
5e52d425-00fa-4cd2-a278-8e298d333ce1	13	23147201	23147633	2	-2.7362
5e52d425-00fa-4cd2-a278-8e298d333ce1	13	23148653	30935928	5811	-0.6001
5e52d425-00fa-4cd2-a278-8e298d333ce1	13	30937518	30938267	2	-3.0606
5e52d425-00fa-4cd2-a278-8e298d333ce1	13	30938349	37491132	4656	-0.5899
5e52d425-00fa-4cd2-a278-8e298d333ce1	13	37491283	37552400	84	-0.281
5e52d425-00fa-4cd2-a278-8e298d333ce1	13	37554506	49949534	8393	-0.5806
5e52d425-00fa-4cd2-a278-8e298d333ce1	13	49955286	51044024	672	-0.4456
5e52d425-00fa-4cd2-a278-8e298d333ce1	13	51047647	53608474	1398	-0.5995
5e52d425-00fa-4cd2-a278-8e298d333ce1	13	53608849	57176962	1965	-0.4932
5e52d425-00fa-4cd2-a278-8e298d333ce1	13	57184136	57204246	34	-2.054
5e52d425-00fa-4cd2-a278-8e298d333ce1	13	57215580	57652808	242	-0.3585
5e52d425-00fa-4cd2-a278-8e298d333ce1	13	57654254	58052037	208	-0.5166
5e52d425-00fa-4cd2-a278-8e298d333ce1	13	58053107	58091211	23	-0.33
5e52d425-00fa-4cd2-a278-8e298d333ce1	13	58093769	62178799	2519	-0.5583
5e52d425-00fa-4cd2-a278-8e298d333ce1	13	62179925	63877059	926	-0.4713
5e52d425-00fa-4cd2-a278-8e298d333ce1	13	63877419	63877488	2	-2.8115
5e52d425-00fa-4cd2-a278-8e298d333ce1	13	63878837	64406137	308	-0.3613
5e52d425-00fa-4cd2-a278-8e298d333ce1	13	64406265	66374965	1202	-0.524
5e52d425-00fa-4cd2-a278-8e298d333ce1	13	66375023	66747876	284	-0.3969
5e52d425-00fa-4cd2-a278-8e298d333ce1	13	66748627	66946135	166	-0.9048
5e52d425-00fa-4cd2-a278-8e298d333ce1	13	66949071	68664023	995	-0.4863
5e52d425-00fa-4cd2-a278-8e298d333ce1	13	68667947	68675349	11	-0.2297
5e52d425-00fa-4cd2-a278-8e298d333ce1	13	68676647	68677517	7	0.4597
5e52d425-00fa-4cd2-a278-8e298d333ce1	13	68677848	68696494	31	-0.2086
5e52d425-00fa-4cd2-a278-8e298d333ce1	13	68696560	71906467	2059	-0.5015
5e52d425-00fa-4cd2-a278-8e298d333ce1	13	71912345	72230762	279	-0.5738
5e52d425-00fa-4cd2-a278-8e298d333ce1	13	72234344	72235290	2	-2.7166
5e52d425-00fa-4cd2-a278-8e298d333ce1	13	72238924	80609755	5811	-0.5852
5e52d425-00fa-4cd2-a278-8e298d333ce1	13	80612608	90880514	6158	-0.5147
5e52d425-00fa-4cd2-a278-8e298d333ce1	13	90880614	95367202	3207	-0.5887
5e52d425-00fa-4cd2-a278-8e298d333ce1	13	95367535	95371532	3	-2.498
5e52d425-00fa-4cd2-a278-8e298d333ce1	13	95374731	105087556	6937	-0.5888
5e52d425-00fa-4cd2-a278-8e298d333ce1	13	105089430	105750067	523	-0.396
5e52d425-00fa-4cd2-a278-8e298d333ce1	13	105750471	114212985	5995	-0.623
5e52d425-00fa-4cd2-a278-8e298d333ce1	13	114212998	114342922	55	-0.4698
5e52d425-00fa-4cd2-a278-8e298d333ce1	14	18239283	20052901	233	0.1566
5e52d425-00fa-4cd2-a278-8e298d333ce1	14	20052945	20071203	18	1.1603
5e52d425-00fa-4cd2-a278-8e298d333ce1	14	20074294	20585242	395	0.3376
5e52d425-00fa-4cd2-a278-8e298d333ce1	14	20585832	20590178	4	-0.9534
5e52d425-00fa-4cd2-a278-8e298d333ce1	14	20590266	20629266	32	0.2579
5e52d425-00fa-4cd2-a278-8e298d333ce1	14	20636276	21345196	439	-1.2098
5e52d425-00fa-4cd2-a278-8e298d333ce1	14	21346633	21925817	383	-0.4794
5e52d425-00fa-4cd2-a278-8e298d333ce1	14	21925968	22497433	482	-0.2163
5e52d425-00fa-4cd2-a278-8e298d333ce1	14	22497565	22541919	56	-0.4301
5e52d425-00fa-4cd2-a278-8e298d333ce1	14	22542522	22560442	17	-0.8114
5e52d425-00fa-4cd2-a278-8e298d333ce1	14	22560612	22560975	6	-1.9712
5e52d425-00fa-4cd2-a278-8e298d333ce1	14	22563170	22626099	48	-0.5915
5e52d425-00fa-4cd2-a278-8e298d333ce1	14	22626643	22630225	4	-6.166
5e52d425-00fa-4cd2-a278-8e298d333ce1	14	22630304	26403239	2407	-0.5877
5e52d425-00fa-4cd2-a278-8e298d333ce1	14	26404115	29324177	1665	-0.5139
5e52d425-00fa-4cd2-a278-8e298d333ce1	14	29324550	39964230	6685	-0.5977
5e52d425-00fa-4cd2-a278-8e298d333ce1	14	39967346	43290044	2146	-0.5125
5e52d425-00fa-4cd2-a278-8e298d333ce1	14	43290647	44053782	411	-0.3616
5e52d425-00fa-4cd2-a278-8e298d333ce1	14	44054264	48040647	2346	-0.4981
5e52d425-00fa-4cd2-a278-8e298d333ce1	14	48041374	48041387	2	-3.1322
5e52d425-00fa-4cd2-a278-8e298d333ce1	14	48043734	49206389	626	-0.512
5e52d425-00fa-4cd2-a278-8e298d333ce1	14	49207573	51854840	1680	-0.6118
5e52d425-00fa-4cd2-a278-8e298d333ce1	14	51855283	51871355	16	-1.1947
5e52d425-00fa-4cd2-a278-8e298d333ce1	14	51871725	60589222	5808	-0.6126
5e52d425-00fa-4cd2-a278-8e298d333ce1	14	60591424	60592418	2	-3.3846
5e52d425-00fa-4cd2-a278-8e298d333ce1	14	60599500	69551330	5554	-0.5962
5e52d425-00fa-4cd2-a278-8e298d333ce1	14	69551651	69555750	8	-2.8252
5e52d425-00fa-4cd2-a278-8e298d333ce1	14	69555996	70832180	826	-0.6505
5e52d425-00fa-4cd2-a278-8e298d333ce1	14	70832297	71606483	404	-0.5732
5e52d425-00fa-4cd2-a278-8e298d333ce1	14	71606705	71607704	2	-3.1714
5e52d425-00fa-4cd2-a278-8e298d333ce1	14	71610355	87137536	10372	-0.5932
5e52d425-00fa-4cd2-a278-8e298d333ce1	14	87140302	87142202	3	-2.7375
5e52d425-00fa-4cd2-a278-8e298d333ce1	14	87143401	93670351	4042	-0.5931
5e52d425-00fa-4cd2-a278-8e298d333ce1	14	93672179	96093454	1978	-0.6777
5e52d425-00fa-4cd2-a278-8e298d333ce1	14	96095744	96097487	3	-3.9825
5e52d425-00fa-4cd2-a278-8e298d333ce1	14	96097516	100627816	3302	-0.6446
5e52d425-00fa-4cd2-a278-8e298d333ce1	14	100627840	100627968	2	-3.085
5e52d425-00fa-4cd2-a278-8e298d333ce1	14	100632805	104196918	1781	-0.6324
5e52d425-00fa-4cd2-a278-8e298d333ce1	14	104200315	104206884	2	-3.7232
5e52d425-00fa-4cd2-a278-8e298d333ce1	14	104213059	106340774	661	-0.5931
5e52d425-00fa-4cd2-a278-8e298d333ce1	14	106345431	106346129	4	-3.4789
5e52d425-00fa-4cd2-a278-8e298d333ce1	14	106360014	106877229	273	-0.488
5e52d425-00fa-4cd2-a278-8e298d333ce1	15	19811075	20367363	77	-0.4308
5e52d425-00fa-4cd2-a278-8e298d333ce1	15	20368091	20372259	5	0.2021
5e52d425-00fa-4cd2-a278-8e298d333ce1	15	20372432	20376198	6	-0.2058
5e52d425-00fa-4cd2-a278-8e298d333ce1	15	20376199	20381704	16	0.3874
5e52d425-00fa-4cd2-a278-8e298d333ce1	15	20384774	20988347	51	0.0334
5e52d425-00fa-4cd2-a278-8e298d333ce1	15	21005443	21078947	9	-0.6911
5e52d425-00fa-4cd2-a278-8e298d333ce1	15	21085447	24339849	1006	0.3615
5e52d425-00fa-4cd2-a278-8e298d333ce1	15	24344508	24485848	65	-0.7306
5e52d425-00fa-4cd2-a278-8e298d333ce1	15	24486725	25185096	456	-1.0884
5e52d425-00fa-4cd2-a278-8e298d333ce1	15	25188158	25198626	11	-2.5456
5e52d425-00fa-4cd2-a278-8e298d333ce1	15	25198827	25612710	280	-1.1096
5e52d425-00fa-4cd2-a278-8e298d333ce1	15	25613915	25736043	115	-1.4464
5e52d425-00fa-4cd2-a278-8e298d333ce1	15	25739519	28250353	1798	-1.129
5e52d425-00fa-4cd2-a278-8e298d333ce1	15	28251049	28315870	27	-0.6993
5e52d425-00fa-4cd2-a278-8e298d333ce1	15	28315964	28713646	14	-0.0869
5e52d425-00fa-4cd2-a278-8e298d333ce1	15	28716985	28845550	28	-0.7305
5e52d425-00fa-4cd2-a278-8e298d333ce1	15	28851606	29119788	141	-1.2799
5e52d425-00fa-4cd2-a278-8e298d333ce1	15	29119844	29133037	7	-4.9787
5e52d425-00fa-4cd2-a278-8e298d333ce1	15	29133893	29281176	104	-1.1997
5e52d425-00fa-4cd2-a278-8e298d333ce1	15	29281413	29281653	3	-3.1792
5e52d425-00fa-4cd2-a278-8e298d333ce1	15	29281690	29605454	241	-1.0641
5e52d425-00fa-4cd2-a278-8e298d333ce1	15	29607900	29614015	7	-2.2795
5e52d425-00fa-4cd2-a278-8e298d333ce1	15	29616292	29726828	75	-1.1512
5e52d425-00fa-4cd2-a278-8e298d333ce1	15	29728433	30885273	340	-0.973
5e52d425-00fa-4cd2-a278-8e298d333ce1	15	30886294	31339611	324	-1.2018
5e52d425-00fa-4cd2-a278-8e298d333ce1	15	31342540	31345793	2	-7.0306
5e52d425-00fa-4cd2-a278-8e298d333ce1	15	31348985	54304115	14266	-1.1324
5e52d425-00fa-4cd2-a278-8e298d333ce1	15	54304284	71375388	11386	-0.5783
5e52d425-00fa-4cd2-a278-8e298d333ce1	15	71375801	71376173	3	-3.5162
5e52d425-00fa-4cd2-a278-8e298d333ce1	15	71376776	86938956	9098	-0.5688
5e52d425-00fa-4cd2-a278-8e298d333ce1	15	86939761	87564501	493	-0.4554
5e52d425-00fa-4cd2-a278-8e298d333ce1	15	87564629	91331053	2483	-0.5841
5e52d425-00fa-4cd2-a278-8e298d333ce1	15	91332997	91339144	10	-1.3636
5e52d425-00fa-4cd2-a278-8e298d333ce1	15	91339566	92222525	772	-0.5941
5e52d425-00fa-4cd2-a278-8e298d333ce1	15	92222644	92223064	3	1.7084
5e52d425-00fa-4cd2-a278-8e298d333ce1	15	92223528	101928837	7393	-0.5818
5e52d425-00fa-4cd2-a278-8e298d333ce1	16	10777	603152	281	0.4125
5e52d425-00fa-4cd2-a278-8e298d333ce1	16	603167	1691093	305	0.5787
5e52d425-00fa-4cd2-a278-8e298d333ce1	16	1693017	26904141	17248	0.3528
5e52d425-00fa-4cd2-a278-8e298d333ce1	16	26906833	26907090	2	-3.2839
5e52d425-00fa-4cd2-a278-8e298d333ce1	16	26910566	32169655	2131	0.343
5e52d425-00fa-4cd2-a278-8e298d333ce1	16	32197425	33045427	40	-0.6041
5e52d425-00fa-4cd2-a278-8e298d333ce1	16	33340712	34024595	28	0.1998
5e52d425-00fa-4cd2-a278-8e298d333ce1	16	34025587	46581419	475	0.4076
5e52d425-00fa-4cd2-a278-8e298d333ce1	16	46581450	55764310	6422	0.317
5e52d425-00fa-4cd2-a278-8e298d333ce1	16	55764850	55764867	2	3.0606
5e52d425-00fa-4cd2-a278-8e298d333ce1	16	55770436	55775554	7	0.9773
5e52d425-00fa-4cd2-a278-8e298d333ce1	16	55776109	55834527	22	0.137
5e52d425-00fa-4cd2-a278-8e298d333ce1	16	55836505	59008724	1943	0.3203
5e52d425-00fa-4cd2-a278-8e298d333ce1	16	59009310	65595336	4410	0.369
5e52d425-00fa-4cd2-a278-8e298d333ce1	16	65595990	70018481	2358	0.3253
5e52d425-00fa-4cd2-a278-8e298d333ce1	16	70018522	70163864	39	0.7387
5e52d425-00fa-4cd2-a278-8e298d333ce1	16	70164427	88142474	15328	0.345
5e52d425-00fa-4cd2-a278-8e298d333ce1	16	88147751	90096867	812	0.2563
5e52d425-00fa-4cd2-a278-8e298d333ce1	17	150733	10858883	6238	-0.5858
5e52d425-00fa-4cd2-a278-8e298d333ce1	17	10859535	10860688	5	-5.9144
5e52d425-00fa-4cd2-a278-8e298d333ce1	17	10862554	36109139	11890	-0.5662
5e52d425-00fa-4cd2-a278-8e298d333ce1	17	36109315	36208249	38	0.3425
5e52d425-00fa-4cd2-a278-8e298d333ce1	17	36460442	38551005	1100	-0.5796
5e52d425-00fa-4cd2-a278-8e298d333ce1	17	38552041	38554277	2	-2.754
5e52d425-00fa-4cd2-a278-8e298d333ce1	17	38554762	52515343	7335	-0.5714
5e52d425-00fa-4cd2-a278-8e298d333ce1	17	52515907	52870155	248	-0.1875
5e52d425-00fa-4cd2-a278-8e298d333ce1	17	52871351	53236604	227	-0.0037
5e52d425-00fa-4cd2-a278-8e298d333ce1	17	53236645	83091923	17710	-0.199
5e52d425-00fa-4cd2-a278-8e298d333ce1	18	48133	2448513	1734	-0.1385
5e52d425-00fa-4cd2-a278-8e298d333ce1	18	2452253	2709164	183	0.1813
5e52d425-00fa-4cd2-a278-8e298d333ce1	18	2721647	5960166	2296	-0.1872
5e52d425-00fa-4cd2-a278-8e298d333ce1	18	5960389	6552646	429	-0.0609
5e52d425-00fa-4cd2-a278-8e298d333ce1	18	6553041	8192919	1236	-0.2056
5e52d425-00fa-4cd2-a278-8e298d333ce1	18	8196941	10423837	1789	0.334
5e52d425-00fa-4cd2-a278-8e298d333ce1	18	10424217	14660483	2516	0.0844
5e52d425-00fa-4cd2-a278-8e298d333ce1	18	14661644	14849013	70	0.2814
5e52d425-00fa-4cd2-a278-8e298d333ce1	18	14851750	14949717	40	0.007
5e52d425-00fa-4cd2-a278-8e298d333ce1	18	14951313	21104208	169	0.2697
5e52d425-00fa-4cd2-a278-8e298d333ce1	18	21109102	28268204	4382	0.0758
5e52d425-00fa-4cd2-a278-8e298d333ce1	18	28268965	30511758	1334	0.149
5e52d425-00fa-4cd2-a278-8e298d333ce1	18	30512634	31375301	573	0.0831
5e52d425-00fa-4cd2-a278-8e298d333ce1	18	31375541	31453518	55	0.3099
5e52d425-00fa-4cd2-a278-8e298d333ce1	18	31454066	32397782	669	0.0478
5e52d425-00fa-4cd2-a278-8e298d333ce1	18	32401062	32401065	3	-0.9455
5e52d425-00fa-4cd2-a278-8e298d333ce1	18	32402540	32952407	397	0.0727
5e52d425-00fa-4cd2-a278-8e298d333ce1	18	32955016	35003034	1167	0.1324
5e52d425-00fa-4cd2-a278-8e298d333ce1	18	35003097	38124947	2083	0.0697
5e52d425-00fa-4cd2-a278-8e298d333ce1	18	38127627	44584858	4166	0.1396
5e52d425-00fa-4cd2-a278-8e298d333ce1	18	44586260	64344767	13838	0.0881
5e52d425-00fa-4cd2-a278-8e298d333ce1	18	64345720	64585993	148	0.2683
5e52d425-00fa-4cd2-a278-8e298d333ce1	18	64586438	65536707	640	0.1428
5e52d425-00fa-4cd2-a278-8e298d333ce1	18	65537087	66095064	425	0.3099
5e52d425-00fa-4cd2-a278-8e298d333ce1	18	66099904	66100686	3	-2.4103
5e52d425-00fa-4cd2-a278-8e298d333ce1	18	66108359	67930108	1260	0.1677
5e52d425-00fa-4cd2-a278-8e298d333ce1	18	67930333	68603459	571	0.2442
5e52d425-00fa-4cd2-a278-8e298d333ce1	18	68606352	71431299	1985	0.137
5e52d425-00fa-4cd2-a278-8e298d333ce1	18	71431555	73641654	1747	0.2767
5e52d425-00fa-4cd2-a278-8e298d333ce1	18	73644020	73957617	295	0.201
5e52d425-00fa-4cd2-a278-8e298d333ce1	18	73957757	80257174	4510	0.0979
5e52d425-00fa-4cd2-a278-8e298d333ce1	19	90910	415625	80	-1.2151
5e52d425-00fa-4cd2-a278-8e298d333ce1	19	416231	419498	4	-5.4658
5e52d425-00fa-4cd2-a278-8e298d333ce1	19	420755	11644922	4298	-1.1024
5e52d425-00fa-4cd2-a278-8e298d333ce1	19	11652762	13052888	693	0.9616
5e52d425-00fa-4cd2-a278-8e298d333ce1	19	13053242	14940475	884	1.3505
5e52d425-00fa-4cd2-a278-8e298d333ce1	19	14941182	15990122	739	0.951
5e52d425-00fa-4cd2-a278-8e298d333ce1	19	15993431	15993540	2	-2.313
5e52d425-00fa-4cd2-a278-8e298d333ce1	19	15997407	17041742	547	0.9574
5e52d425-00fa-4cd2-a278-8e298d333ce1	19	17042010	17814083	319	1.1273
5e52d425-00fa-4cd2-a278-8e298d333ce1	19	17816753	22240132	2248	-0.1224
5e52d425-00fa-4cd2-a278-8e298d333ce1	19	22241616	22243718	6	-2.3234
5e52d425-00fa-4cd2-a278-8e298d333ce1	19	22245185	23966743	985	-0.1239
5e52d425-00fa-4cd2-a278-8e298d333ce1	19	23966834	23969034	2	-1.5377
5e52d425-00fa-4cd2-a278-8e298d333ce1	19	23969733	24184968	139	-0.1151
5e52d425-00fa-4cd2-a278-8e298d333ce1	19	24185077	24185347	2	-1.677
5e52d425-00fa-4cd2-a278-8e298d333ce1	19	24185565	24245441	24	-0.0195
5e52d425-00fa-4cd2-a278-8e298d333ce1	19	24247491	24253846	4	-0.8051
5e52d425-00fa-4cd2-a278-8e298d333ce1	19	24253863	24274155	7	0.0256
5e52d425-00fa-4cd2-a278-8e298d333ce1	19	24278016	24282155	10	-1.5308
5e52d425-00fa-4cd2-a278-8e298d333ce1	19	24304880	35481113	5658	-0.1962
5e52d425-00fa-4cd2-a278-8e298d333ce1	19	35481857	36083896	268	1.0563
5e52d425-00fa-4cd2-a278-8e298d333ce1	19	36088406	43281758	3549	0.7001
5e52d425-00fa-4cd2-a278-8e298d333ce1	19	43282526	44002832	454	1.173
5e52d425-00fa-4cd2-a278-8e298d333ce1	19	44005501	45114032	655	1.9427
5e52d425-00fa-4cd2-a278-8e298d333ce1	19	45114631	45875763	268	1.5235
5e52d425-00fa-4cd2-a278-8e298d333ce1	19	45877913	45879496	2	0.3362
5e52d425-00fa-4cd2-a278-8e298d333ce1	19	45898314	58586487	6931	-1.1126
5e52d425-00fa-4cd2-a278-8e298d333ce1	20	80664	81371	13	0.2508
5e52d425-00fa-4cd2-a278-8e298d333ce1	20	81532	159200	54	0.5896
5e52d425-00fa-4cd2-a278-8e298d333ce1	20	159445	1580276	1134	0.346
5e52d425-00fa-4cd2-a278-8e298d333ce1	20	1580305	1618356	47	1.0938
5e52d425-00fa-4cd2-a278-8e298d333ce1	20	1618415	14436713	9658	0.3524
5e52d425-00fa-4cd2-a278-8e298d333ce1	20	14448057	14461825	6	-2.0441
5e52d425-00fa-4cd2-a278-8e298d333ce1	20	14462442	14500945	29	0.2929
5e52d425-00fa-4cd2-a278-8e298d333ce1	20	14511649	15372041	738	0.4417
5e52d425-00fa-4cd2-a278-8e298d333ce1	20	15372448	32979039	9216	0.3185
5e52d425-00fa-4cd2-a278-8e298d333ce1	20	32983165	32983216	2	-1.7022
5e52d425-00fa-4cd2-a278-8e298d333ce1	20	32984094	54870700	14727	0.3214
5e52d425-00fa-4cd2-a278-8e298d333ce1	20	54874978	54875571	6	-1.1226
5e52d425-00fa-4cd2-a278-8e298d333ce1	20	54876749	61103858	5078	0.3247
5e52d425-00fa-4cd2-a278-8e298d333ce1	20	61105486	61106742	3	-1.1348
5e52d425-00fa-4cd2-a278-8e298d333ce1	20	61109525	64324800	1642	0.3093
5e52d425-00fa-4cd2-a278-8e298d333ce1	21	10354168	15582263	1443	0.1203
5e52d425-00fa-4cd2-a278-8e298d333ce1	21	15582271	15735582	138	0.3157
5e52d425-00fa-4cd2-a278-8e298d333ce1	21	15736719	18196203	1633	0.1259
5e52d425-00fa-4cd2-a278-8e298d333ce1	21	18197898	18268434	43	0.3619
5e52d425-00fa-4cd2-a278-8e298d333ce1	21	18268813	22402119	3122	0.1668
5e52d425-00fa-4cd2-a278-8e298d333ce1	21	22403808	23538135	889	0.2393
5e52d425-00fa-4cd2-a278-8e298d333ce1	21	23538299	46677045	16581	0.1056
5e52d425-00fa-4cd2-a278-8e298d333ce1	22	15294547	16550182	68	-0.0147
5e52d425-00fa-4cd2-a278-8e298d333ce1	22	16574857	19656032	1526	-0.5745
5e52d425-00fa-4cd2-a278-8e298d333ce1	22	19656321	20309017	402	-0.7899
5e52d425-00fa-4cd2-a278-8e298d333ce1	22	20317011	20729661	258	-0.648
5e52d425-00fa-4cd2-a278-8e298d333ce1	22	20732473	20975977	299	-0.4537
5e52d425-00fa-4cd2-a278-8e298d333ce1	22	20977360	21070300	56	-0.7927
5e52d425-00fa-4cd2-a278-8e298d333ce1	22	21073288	21681662	147	-0.4352
5e52d425-00fa-4cd2-a278-8e298d333ce1	22	21681911	21698525	8	-1.7121
5e52d425-00fa-4cd2-a278-8e298d333ce1	22	21699797	22586915	762	-0.481
5e52d425-00fa-4cd2-a278-8e298d333ce1	22	22587641	37523260	10914	-0.6032
5e52d425-00fa-4cd2-a278-8e298d333ce1	22	37530407	42259432	2469	-0.5323
5e52d425-00fa-4cd2-a278-8e298d333ce1	22	42259763	44739926	1775	-0.6296
5e52d425-00fa-4cd2-a278-8e298d333ce1	22	44740431	44740755	2	-5.2469
5e52d425-00fa-4cd2-a278-8e298d333ce1	22	44741026	48445115	2873	-0.6304
5e52d425-00fa-4cd2-a278-8e298d333ce1	22	48445245	48445293	2	-6.543
5e52d425-00fa-4cd2-a278-8e298d333ce1	22	48446524	50796027	1528	-0.6701
5e52d425-00fa-4cd2-a278-8e298d333ce1	X	251810	2748312	94	0.8298
5e52d425-00fa-4cd2-a278-8e298d333ce1	X	2785350	9598576	5125	-0.1687
5e52d425-00fa-4cd2-a278-8e298d333ce1	X	9601405	10202922	509	-0.7212
5e52d425-00fa-4cd2-a278-8e298d333ce1	X	10203025	12916143	1978	-0.1035
5e52d425-00fa-4cd2-a278-8e298d333ce1	X	12916175	12917362	5	-4.9141
5e52d425-00fa-4cd2-a278-8e298d333ce1	X	12918903	13909842	692	-0.2265
5e52d425-00fa-4cd2-a278-8e298d333ce1	X	13911405	23174328	5518	0.0201
5e52d425-00fa-4cd2-a278-8e298d333ce1	X	23178212	23226352	61	-1.3031
5e52d425-00fa-4cd2-a278-8e298d333ce1	X	23226623	33074148	6482	-0.0125
5e52d425-00fa-4cd2-a278-8e298d333ce1	X	33081248	37434984	2497	0.2575
5e52d425-00fa-4cd2-a278-8e298d333ce1	X	37436474	37466347	28	-0.0058
5e52d425-00fa-4cd2-a278-8e298d333ce1	X	37466460	37475429	8	-3.393
5e52d425-00fa-4cd2-a278-8e298d333ce1	X	37481408	38436183	604	-0.0069
5e52d425-00fa-4cd2-a278-8e298d333ce1	X	38437904	38438789	6	-4.3473
5e52d425-00fa-4cd2-a278-8e298d333ce1	X	38439675	44780375	3586	-0.052
5e52d425-00fa-4cd2-a278-8e298d333ce1	X	44783502	58259796	5961	0.1869
5e52d425-00fa-4cd2-a278-8e298d333ce1	X	58260664	63375952	253	0.879
5e52d425-00fa-4cd2-a278-8e298d333ce1	X	63378594	64820921	566	0.34
5e52d425-00fa-4cd2-a278-8e298d333ce1	X	64821249	64821507	2	-4.2071
5e52d425-00fa-4cd2-a278-8e298d333ce1	X	64821612	65674576	324	0.3847
5e52d425-00fa-4cd2-a278-8e298d333ce1	X	65679102	65689927	4	-3.3591
5e52d425-00fa-4cd2-a278-8e298d333ce1	X	65690070	65985800	120	0.2534
5e52d425-00fa-4cd2-a278-8e298d333ce1	X	65986084	66054493	44	-0.9693
5e52d425-00fa-4cd2-a278-8e298d333ce1	X	66055366	68967947	1442	0.1723
5e52d425-00fa-4cd2-a278-8e298d333ce1	X	68968046	69318765	224	-0.5539
5e52d425-00fa-4cd2-a278-8e298d333ce1	X	69319997	81861992	5587	0.1923
5e52d425-00fa-4cd2-a278-8e298d333ce1	X	81862131	81875173	5	-4.7236
5e52d425-00fa-4cd2-a278-8e298d333ce1	X	81876803	85612692	1968	0.2943
5e52d425-00fa-4cd2-a278-8e298d333ce1	X	85613894	88502032	1958	0.0319
5e52d425-00fa-4cd2-a278-8e298d333ce1	X	88502321	90444900	807	0.3016
5e52d425-00fa-4cd2-a278-8e298d333ce1	X	90445650	92026477	580	0.666
5e52d425-00fa-4cd2-a278-8e298d333ce1	X	92037929	107207252	7963	0.1637
5e52d425-00fa-4cd2-a278-8e298d333ce1	X	107207295	117490146	5647	0.0427
5e52d425-00fa-4cd2-a278-8e298d333ce1	X	117490678	117516589	15	-2.2881
5e52d425-00fa-4cd2-a278-8e298d333ce1	X	117516714	138487325	11781	0.0283
5e52d425-00fa-4cd2-a278-8e298d333ce1	X	138487340	138490686	9	-3.5796
5e52d425-00fa-4cd2-a278-8e298d333ce1	X	138490846	152850003	9331	-0.0492
5e52d425-00fa-4cd2-a278-8e298d333ce1	X	152851624	153160553	205	-1.078
5e52d425-00fa-4cd2-a278-8e298d333ce1	X	153160970	153213279	61	0.2812
5e52d425-00fa-4cd2-a278-8e298d333ce1	X	153216904	153929940	331	-0.3762
5e52d425-00fa-4cd2-a278-8e298d333ce1	X	153932659	155952689	695	0.3047
5e52d425-00fa-4cd2-a278-8e298d333ce1	Y	2782397	6043823	714	-2.9639
5e52d425-00fa-4cd2-a278-8e298d333ce1	Y	6044040	23014812	5727	-3.2093
5e52d425-00fa-4cd2-a278-8e298d333ce1	Y	23029591	56872112	199	-2.7158
