GDC_Aliquot	Chromosome	Start	End	Num_Probes	Segment_Mean
e93181c8-807e-41c7-99a1-93c3eead37f7	1	62920	1109277	92	0.2314
e93181c8-807e-41c7-99a1-93c3eead37f7	1	1111918	1161955	11	-0.2824
e93181c8-807e-41c7-99a1-93c3eead37f7	1	1193765	1251122	22	0.1151
e93181c8-807e-41c7-99a1-93c3eead37f7	1	1251144	1362366	58	-0.3183
e93181c8-807e-41c7-99a1-93c3eead37f7	1	1376336	1898088	131	0.349
e93181c8-807e-41c7-99a1-93c3eead37f7	1	1905488	2438059	149	-0.2654
e93181c8-807e-41c7-99a1-93c3eead37f7	1	2461209	2637018	51	0.2867
e93181c8-807e-41c7-99a1-93c3eead37f7	1	2646909	3301765	224	-0.3229
e93181c8-807e-41c7-99a1-93c3eead37f7	1	3302046	9154342	3862	-0.1422
e93181c8-807e-41c7-99a1-93c3eead37f7	1	9157685	9362918	138	0.3282
e93181c8-807e-41c7-99a1-93c3eead37f7	1	9365481	9900060	230	-0.157
e93181c8-807e-41c7-99a1-93c3eead37f7	1	9911730	12832455	1548	0.3601
e93181c8-807e-41c7-99a1-93c3eead37f7	1	12850124	12853248	4	-0.6595
e93181c8-807e-41c7-99a1-93c3eead37f7	1	12855993	13648495	175	0.3689
e93181c8-807e-41c7-99a1-93c3eead37f7	1	13660042	13667774	11	-0.1639
e93181c8-807e-41c7-99a1-93c3eead37f7	1	13670194	15799556	1601	0.3701
e93181c8-807e-41c7-99a1-93c3eead37f7	1	15805336	15822793	31	-0.0764
e93181c8-807e-41c7-99a1-93c3eead37f7	1	15822848	15827430	8	-0.4798
e93181c8-807e-41c7-99a1-93c3eead37f7	1	15827706	15875539	21	-0.1021
e93181c8-807e-41c7-99a1-93c3eead37f7	1	15878471	16504325	276	0.3237
e93181c8-807e-41c7-99a1-93c3eead37f7	1	16505368	16643961	34	-0.0293
e93181c8-807e-41c7-99a1-93c3eead37f7	1	16679239	21242316	2990	0.3584
e93181c8-807e-41c7-99a1-93c3eead37f7	1	21244638	22695055	876	-0.1371
e93181c8-807e-41c7-99a1-93c3eead37f7	1	22696339	25929240	1759	0.3491
e93181c8-807e-41c7-99a1-93c3eead37f7	1	25932053	27881506	800	-0.1594
e93181c8-807e-41c7-99a1-93c3eead37f7	1	27886295	27910574	25	0.4588
e93181c8-807e-41c7-99a1-93c3eead37f7	1	27918590	27938353	14	-0.1194
e93181c8-807e-41c7-99a1-93c3eead37f7	1	27941358	28374275	209	0.3429
e93181c8-807e-41c7-99a1-93c3eead37f7	1	28377815	28398187	12	0.7459
e93181c8-807e-41c7-99a1-93c3eead37f7	1	28399444	28408901	6	0.1741
e93181c8-807e-41c7-99a1-93c3eead37f7	1	28481394	31510359	1858	-0.1465
e93181c8-807e-41c7-99a1-93c3eead37f7	1	31511462	31770719	143	0.3187
e93181c8-807e-41c7-99a1-93c3eead37f7	1	31775732	31849950	35	-0.1561
e93181c8-807e-41c7-99a1-93c3eead37f7	1	31851527	31970082	51	0.2876
e93181c8-807e-41c7-99a1-93c3eead37f7	1	31971667	31977884	6	-0.3238
e93181c8-807e-41c7-99a1-93c3eead37f7	1	31983963	32005625	12	0.4278
e93181c8-807e-41c7-99a1-93c3eead37f7	1	32011168	32068504	19	-0.1247
e93181c8-807e-41c7-99a1-93c3eead37f7	1	32070198	32719035	246	0.3042
e93181c8-807e-41c7-99a1-93c3eead37f7	1	32719710	32890322	60	-0.1237
e93181c8-807e-41c7-99a1-93c3eead37f7	1	32894633	46289402	7636	0.3397
e93181c8-807e-41c7-99a1-93c3eead37f7	1	46295490	48876524	1682	-0.158
e93181c8-807e-41c7-99a1-93c3eead37f7	1	48876634	54110966	2622	0.3381
e93181c8-807e-41c7-99a1-93c3eead37f7	1	54112427	55257768	775	-0.1558
e93181c8-807e-41c7-99a1-93c3eead37f7	1	55258350	55258626	6	-1.1645
e93181c8-807e-41c7-99a1-93c3eead37f7	1	55263695	55266060	4	-0.0474
e93181c8-807e-41c7-99a1-93c3eead37f7	1	55276537	58593786	2798	0.3675
e93181c8-807e-41c7-99a1-93c3eead37f7	1	58595793	60761436	1461	-0.174
e93181c8-807e-41c7-99a1-93c3eead37f7	1	60762912	64721427	2873	0.361
e93181c8-807e-41c7-99a1-93c3eead37f7	1	64721755	65577215	710	-0.1729
e93181c8-807e-41c7-99a1-93c3eead37f7	1	65577336	65577429	2	-2.2207
e93181c8-807e-41c7-99a1-93c3eead37f7	1	65580244	75799103	6535	-0.1723
e93181c8-807e-41c7-99a1-93c3eead37f7	1	75805127	78832281	1986	0.3494
e93181c8-807e-41c7-99a1-93c3eead37f7	1	78833402	83666331	3206	0.3884
e93181c8-807e-41c7-99a1-93c3eead37f7	1	83668179	91451462	5186	0.3428
e93181c8-807e-41c7-99a1-93c3eead37f7	1	91451725	91518242	59	0.6202
e93181c8-807e-41c7-99a1-93c3eead37f7	1	91518851	95040886	2225	0.3564
e93181c8-807e-41c7-99a1-93c3eead37f7	1	95046489	95854693	534	-0.1373
e93181c8-807e-41c7-99a1-93c3eead37f7	1	95855061	101707063	3619	-0.1729
e93181c8-807e-41c7-99a1-93c3eead37f7	1	101708624	105470754	2052	-0.1204
e93181c8-807e-41c7-99a1-93c3eead37f7	1	105476583	105479753	17	0.7983
e93181c8-807e-41c7-99a1-93c3eead37f7	1	105481433	108950277	2288	-0.1492
e93181c8-807e-41c7-99a1-93c3eead37f7	1	108951525	109201737	116	0.3793
e93181c8-807e-41c7-99a1-93c3eead37f7	1	109205013	109220206	9	0.0364
e93181c8-807e-41c7-99a1-93c3eead37f7	1	109223247	109325569	49	-0.1368
e93181c8-807e-41c7-99a1-93c3eead37f7	1	109338193	118607732	6255	0.343
e93181c8-807e-41c7-99a1-93c3eead37f7	1	118610891	121573287	1053	-0.141
e93181c8-807e-41c7-99a1-93c3eead37f7	1	121573699	149041886	1018	0.5026
e93181c8-807e-41c7-99a1-93c3eead37f7	1	149370761	152583291	1435	1.5473
e93181c8-807e-41c7-99a1-93c3eead37f7	1	152583319	152613762	29	2.2473
e93181c8-807e-41c7-99a1-93c3eead37f7	1	152613802	152680227	78	1.4719
e93181c8-807e-41c7-99a1-93c3eead37f7	1	152682447	155094807	1428	0.0114
e93181c8-807e-41c7-99a1-93c3eead37f7	1	155106045	160710649	3540	0.4476
e93181c8-807e-41c7-99a1-93c3eead37f7	1	160710974	161434405	387	-0.0372
e93181c8-807e-41c7-99a1-93c3eead37f7	1	161438766	164537802	2294	0.4773
e93181c8-807e-41c7-99a1-93c3eead37f7	1	164538225	166215616	1447	0.0254
e93181c8-807e-41c7-99a1-93c3eead37f7	1	166215770	166226465	8	0.843
e93181c8-807e-41c7-99a1-93c3eead37f7	1	166227575	166579136	247	0.0219
e93181c8-807e-41c7-99a1-93c3eead37f7	1	166582964	166583858	6	-0.8674
e93181c8-807e-41c7-99a1-93c3eead37f7	1	166584258	167750063	900	0.0006
e93181c8-807e-41c7-99a1-93c3eead37f7	1	167750596	169247699	1152	0.4308
e93181c8-807e-41c7-99a1-93c3eead37f7	1	169264736	169272528	7	-0.7978
e93181c8-807e-41c7-99a1-93c3eead37f7	1	169273163	169570842	196	0.424
e93181c8-807e-41c7-99a1-93c3eead37f7	1	169572602	169572897	3	-0.6535
e93181c8-807e-41c7-99a1-93c3eead37f7	1	169573306	173871661	2867	0.4429
e93181c8-807e-41c7-99a1-93c3eead37f7	1	173876094	176863477	1770	0.0064
e93181c8-807e-41c7-99a1-93c3eead37f7	1	176869644	180779181	2655	0.4576
e93181c8-807e-41c7-99a1-93c3eead37f7	1	180781437	180784347	4	-0.8928
e93181c8-807e-41c7-99a1-93c3eead37f7	1	180786525	186470404	3859	0.4531
e93181c8-807e-41c7-99a1-93c3eead37f7	1	186472644	186472940	2	-1.1705
e93181c8-807e-41c7-99a1-93c3eead37f7	1	186475787	193833825	4933	0.4743
e93181c8-807e-41c7-99a1-93c3eead37f7	1	193834541	194064607	179	-0.0199
e93181c8-807e-41c7-99a1-93c3eead37f7	1	194071122	194717295	385	0.4876
e93181c8-807e-41c7-99a1-93c3eead37f7	1	194721318	194920434	110	1.6725
e93181c8-807e-41c7-99a1-93c3eead37f7	1	194928931	194991534	62	0.4766
e93181c8-807e-41c7-99a1-93c3eead37f7	1	194996977	195652574	419	1.7349
e93181c8-807e-41c7-99a1-93c3eead37f7	1	195659726	195710970	36	0.4167
e93181c8-807e-41c7-99a1-93c3eead37f7	1	195713253	195863534	119	0.01
e93181c8-807e-41c7-99a1-93c3eead37f7	1	195867138	196135968	220	1.5338
e93181c8-807e-41c7-99a1-93c3eead37f7	1	196136679	196138146	3	0.3788
e93181c8-807e-41c7-99a1-93c3eead37f7	1	196140749	196328591	105	1.5839
e93181c8-807e-41c7-99a1-93c3eead37f7	1	196333279	197748027	789	0.3062
e93181c8-807e-41c7-99a1-93c3eead37f7	1	197752590	199138574	896	0.5445
e93181c8-807e-41c7-99a1-93c3eead37f7	1	199142235	199144712	9	1.4001
e93181c8-807e-41c7-99a1-93c3eead37f7	1	199145110	199159857	20	0.6243
e93181c8-807e-41c7-99a1-93c3eead37f7	1	199163917	202312225	2148	0.3192
e93181c8-807e-41c7-99a1-93c3eead37f7	1	202313308	205025319	1890	0.6511
e93181c8-807e-41c7-99a1-93c3eead37f7	1	205028467	205432110	263	0.2914
e93181c8-807e-41c7-99a1-93c3eead37f7	1	205435109	205490383	30	0.6745
e93181c8-807e-41c7-99a1-93c3eead37f7	1	205491183	205685686	132	0.3121
e93181c8-807e-41c7-99a1-93c3eead37f7	1	205687455	206062270	179	0.6378
e93181c8-807e-41c7-99a1-93c3eead37f7	1	206065776	210955274	3552	0.3199
e93181c8-807e-41c7-99a1-93c3eead37f7	1	210958292	211667087	414	-0.0226
e93181c8-807e-41c7-99a1-93c3eead37f7	1	211671699	213637699	1207	0.4218
e93181c8-807e-41c7-99a1-93c3eead37f7	1	213641465	218256102	3434	0.4817
e93181c8-807e-41c7-99a1-93c3eead37f7	1	218256228	223973733	3758	-0.0108
e93181c8-807e-41c7-99a1-93c3eead37f7	1	223976024	225580526	1045	0.4497
e93181c8-807e-41c7-99a1-93c3eead37f7	1	225588260	227237600	996	-0.0229
e93181c8-807e-41c7-99a1-93c3eead37f7	1	227238371	227238705	3	-1.3656
e93181c8-807e-41c7-99a1-93c3eead37f7	1	227241477	228553446	665	-0.0092
e93181c8-807e-41c7-99a1-93c3eead37f7	1	228656037	231503623	2055	0.4446
e93181c8-807e-41c7-99a1-93c3eead37f7	1	231507303	231715533	112	-0.0151
e93181c8-807e-41c7-99a1-93c3eead37f7	1	231715977	242083541	8088	0.4603
e93181c8-807e-41c7-99a1-93c3eead37f7	1	242089687	248930189	4432	0.0025
e93181c8-807e-41c7-99a1-93c3eead37f7	2	12784	923399	626	0.1933
e93181c8-807e-41c7-99a1-93c3eead37f7	2	924080	1908099	606	0.1198
e93181c8-807e-41c7-99a1-93c3eead37f7	2	1908136	35750907	23778	0.2021
e93181c8-807e-41c7-99a1-93c3eead37f7	2	35752724	35762850	6	1.1946
e93181c8-807e-41c7-99a1-93c3eead37f7	2	35762881	41154039	4045	0.208
e93181c8-807e-41c7-99a1-93c3eead37f7	2	41154182	41522762	277	0.3218
e93181c8-807e-41c7-99a1-93c3eead37f7	2	41522778	49305903	5527	0.1969
e93181c8-807e-41c7-99a1-93c3eead37f7	2	49308629	49314051	5	-0.6483
e93181c8-807e-41c7-99a1-93c3eead37f7	2	49317902	52527330	2271	0.2306
e93181c8-807e-41c7-99a1-93c3eead37f7	2	52527342	52554404	39	-0.3864
e93181c8-807e-41c7-99a1-93c3eead37f7	2	52560811	54638937	1613	0.2212
e93181c8-807e-41c7-99a1-93c3eead37f7	2	54639357	65741650	6838	0.174
e93181c8-807e-41c7-99a1-93c3eead37f7	2	65742140	68675570	2166	0.2292
e93181c8-807e-41c7-99a1-93c3eead37f7	2	68676231	74620688	3459	0.1732
e93181c8-807e-41c7-99a1-93c3eead37f7	2	74620765	86638760	7812	0.2153
e93181c8-807e-41c7-99a1-93c3eead37f7	2	86645469	87211079	139	0.135
e93181c8-807e-41c7-99a1-93c3eead37f7	2	87218694	87221597	3	-1.4617
e93181c8-807e-41c7-99a1-93c3eead37f7	2	87223346	87575894	71	-0.0716
e93181c8-807e-41c7-99a1-93c3eead37f7	2	87576101	89044490	615	0.1781
e93181c8-807e-41c7-99a1-93c3eead37f7	2	89055939	89069842	6	-0.9074
e93181c8-807e-41c7-99a1-93c3eead37f7	2	89085826	95286003	435	0.1597
e93181c8-807e-41c7-99a1-93c3eead37f7	2	95290550	97350874	685	0.054
e93181c8-807e-41c7-99a1-93c3eead37f7	2	97353176	97560849	24	0.4938
e93181c8-807e-41c7-99a1-93c3eead37f7	2	97562741	103152347	3414	-0.1676
e93181c8-807e-41c7-99a1-93c3eead37f7	2	103152633	103409542	154	0.1218
e93181c8-807e-41c7-99a1-93c3eead37f7	2	103409782	104873939	900	-0.125
e93181c8-807e-41c7-99a1-93c3eead37f7	2	104874230	106644844	1276	-0.1967
e93181c8-807e-41c7-99a1-93c3eead37f7	2	106646407	110361144	2000	-0.1442
e93181c8-807e-41c7-99a1-93c3eead37f7	2	110387249	113604839	1607	0.1906
e93181c8-807e-41c7-99a1-93c3eead37f7	2	113623244	131213222	10835	-0.1451
e93181c8-807e-41c7-99a1-93c3eead37f7	2	131226967	136344601	3002	0.1172
e93181c8-807e-41c7-99a1-93c3eead37f7	2	136348855	142782321	4280	-0.1337
e93181c8-807e-41c7-99a1-93c3eead37f7	2	142785020	182922035	24618	-0.174
e93181c8-807e-41c7-99a1-93c3eead37f7	2	182922317	188254196	3026	-0.1347
e93181c8-807e-41c7-99a1-93c3eead37f7	2	188255201	188262203	4	-2.1526
e93181c8-807e-41c7-99a1-93c3eead37f7	2	188264331	191997068	2210	-0.1795
e93181c8-807e-41c7-99a1-93c3eead37f7	2	191998574	195844247	2042	-0.1232
e93181c8-807e-41c7-99a1-93c3eead37f7	2	195844629	202433419	3826	-0.1928
e93181c8-807e-41c7-99a1-93c3eead37f7	2	202434071	202446990	27	-0.5446
e93181c8-807e-41c7-99a1-93c3eead37f7	2	202447298	208607981	3847	-0.1731
e93181c8-807e-41c7-99a1-93c3eead37f7	2	208607995	211212021	1556	-0.142
e93181c8-807e-41c7-99a1-93c3eead37f7	2	211214875	211215593	2	-1.8242
e93181c8-807e-41c7-99a1-93c3eead37f7	2	211218911	222328159	7314	-0.1385
e93181c8-807e-41c7-99a1-93c3eead37f7	2	222329380	242104589	12495	-0.1733
e93181c8-807e-41c7-99a1-93c3eead37f7	2	242104665	242147305	10	0.0783
e93181c8-807e-41c7-99a1-93c3eead37f7	3	20930	6604856	5814	-0.1415
e93181c8-807e-41c7-99a1-93c3eead37f7	3	6609441	6611645	23	-1.3769
e93181c8-807e-41c7-99a1-93c3eead37f7	3	6613391	10259616	2859	-0.1473
e93181c8-807e-41c7-99a1-93c3eead37f7	3	10261276	17499108	5051	-0.1928
e93181c8-807e-41c7-99a1-93c3eead37f7	3	17501710	17502521	2	-1.9781
e93181c8-807e-41c7-99a1-93c3eead37f7	3	17504946	46751887	19426	-0.1738
e93181c8-807e-41c7-99a1-93c3eead37f7	3	46760327	46807689	39	-2.7392
e93181c8-807e-41c7-99a1-93c3eead37f7	3	46808099	59737454	7082	-0.1759
e93181c8-807e-41c7-99a1-93c3eead37f7	3	59740125	67590494	6778	-0.133
e93181c8-807e-41c7-99a1-93c3eead37f7	3	67590798	68697013	703	-0.1731
e93181c8-807e-41c7-99a1-93c3eead37f7	3	68697108	68698262	14	0.8494
e93181c8-807e-41c7-99a1-93c3eead37f7	3	68699607	93800634	13058	-0.1705
e93181c8-807e-41c7-99a1-93c3eead37f7	3	93801172	97655693	1938	0.4905
e93181c8-807e-41c7-99a1-93c3eead37f7	3	97658366	108877655	6760	0.4437
e93181c8-807e-41c7-99a1-93c3eead37f7	3	108877854	110957830	1212	0.4853
e93181c8-807e-41c7-99a1-93c3eead37f7	3	110958345	122610935	7201	0.4185
e93181c8-807e-41c7-99a1-93c3eead37f7	3	122612347	122625800	10	-0.612
e93181c8-807e-41c7-99a1-93c3eead37f7	3	122628061	130044016	4462	0.423
e93181c8-807e-41c7-99a1-93c3eead37f7	3	130044855	130087393	38	-1.7458
e93181c8-807e-41c7-99a1-93c3eead37f7	3	130088081	130129574	18	0.3761
e93181c8-807e-41c7-99a1-93c3eead37f7	3	130133020	130137903	3	-2.5191
e93181c8-807e-41c7-99a1-93c3eead37f7	3	130141782	137309121	4465	0.4289
e93181c8-807e-41c7-99a1-93c3eead37f7	3	137311987	137314218	15	-3.0689
e93181c8-807e-41c7-99a1-93c3eead37f7	3	137314418	137322651	12	-1.2767
e93181c8-807e-41c7-99a1-93c3eead37f7	3	137324378	144107092	4200	0.445
e93181c8-807e-41c7-99a1-93c3eead37f7	3	144109817	148100471	2447	0.4997
e93181c8-807e-41c7-99a1-93c3eead37f7	3	148104710	148957919	582	0.468
e93181c8-807e-41c7-99a1-93c3eead37f7	3	148958150	161344936	7547	0.4355
e93181c8-807e-41c7-99a1-93c3eead37f7	3	161344969	162794869	976	0.4886
e93181c8-807e-41c7-99a1-93c3eead37f7	3	162794951	162897779	61	0.0306
e93181c8-807e-41c7-99a1-93c3eead37f7	3	162897919	169636064	3922	0.4865
e93181c8-807e-41c7-99a1-93c3eead37f7	3	169639072	173225023	2241	0.4414
e93181c8-807e-41c7-99a1-93c3eead37f7	3	173225993	178676326	3560	0.4919
e93181c8-807e-41c7-99a1-93c3eead37f7	3	178677088	186688156	4717	0.4392
e93181c8-807e-41c7-99a1-93c3eead37f7	3	186688334	186688349	2	-3.3803
e93181c8-807e-41c7-99a1-93c3eead37f7	3	186695072	191794779	3790	0.4633
e93181c8-807e-41c7-99a1-93c3eead37f7	3	191795493	193133056	914	0.5222
e93181c8-807e-41c7-99a1-93c3eead37f7	3	193133076	193160113	30	0.3978
e93181c8-807e-41c7-99a1-93c3eead37f7	3	193160173	193165114	19	1.5454
e93181c8-807e-41c7-99a1-93c3eead37f7	3	193168646	195548576	1479	0.4925
e93181c8-807e-41c7-99a1-93c3eead37f7	3	195549253	195747892	49	0.0393
e93181c8-807e-41c7-99a1-93c3eead37f7	3	195751823	198169247	1164	0.4817
e93181c8-807e-41c7-99a1-93c3eead37f7	4	68929	3597723	1437	0.1894
e93181c8-807e-41c7-99a1-93c3eead37f7	4	3598142	3600457	2	-1.2954
e93181c8-807e-41c7-99a1-93c3eead37f7	4	3607663	10212536	4264	0.2045
e93181c8-807e-41c7-99a1-93c3eead37f7	4	10221792	10228296	16	0.6822
e93181c8-807e-41c7-99a1-93c3eead37f7	4	10228326	15439172	4165	0.1776
e93181c8-807e-41c7-99a1-93c3eead37f7	4	15440836	15444834	3	-1.0914
e93181c8-807e-41c7-99a1-93c3eead37f7	4	15444906	18696530	2330	0.1925
e93181c8-807e-41c7-99a1-93c3eead37f7	4	18698159	20625031	1185	0.2498
e93181c8-807e-41c7-99a1-93c3eead37f7	4	20625729	21370380	543	0.2146
e93181c8-807e-41c7-99a1-93c3eead37f7	4	21370416	21375228	14	-2.2537
e93181c8-807e-41c7-99a1-93c3eead37f7	4	21382117	34785333	8749	0.2105
e93181c8-807e-41c7-99a1-93c3eead37f7	4	34785368	34828250	37	0.547
e93181c8-807e-41c7-99a1-93c3eead37f7	4	34828291	42760100	5234	0.1985
e93181c8-807e-41c7-99a1-93c3eead37f7	4	42762932	42765846	2	-2.4966
e93181c8-807e-41c7-99a1-93c3eead37f7	4	42769229	49214614	3738	0.2106
e93181c8-807e-41c7-99a1-93c3eead37f7	4	49289175	49656595	21	-0.3189
e93181c8-807e-41c7-99a1-93c3eead37f7	4	51819533	54682392	1904	0.1583
e93181c8-807e-41c7-99a1-93c3eead37f7	4	54683058	54684223	6	0.8161
e93181c8-807e-41c7-99a1-93c3eead37f7	4	54684242	57703946	2084	0.1856
e93181c8-807e-41c7-99a1-93c3eead37f7	4	57704588	59144011	847	0.247
e93181c8-807e-41c7-99a1-93c3eead37f7	4	59144043	60116329	609	0.1931
e93181c8-807e-41c7-99a1-93c3eead37f7	4	60123400	60263418	80	0.4648
e93181c8-807e-41c7-99a1-93c3eead37f7	4	60263582	60265011	2	-0.8405
e93181c8-807e-41c7-99a1-93c3eead37f7	4	60265693	61071220	530	0.4965
e93181c8-807e-41c7-99a1-93c3eead37f7	4	61075217	61076234	2	1.8562
e93181c8-807e-41c7-99a1-93c3eead37f7	4	61079968	61955471	475	0.5105
e93181c8-807e-41c7-99a1-93c3eead37f7	4	61957945	62112424	73	0.2946
e93181c8-807e-41c7-99a1-93c3eead37f7	4	62115676	62210719	56	0.4722
e93181c8-807e-41c7-99a1-93c3eead37f7	4	62214239	62252735	34	0.6907
e93181c8-807e-41c7-99a1-93c3eead37f7	4	62252750	62507043	142	0.5205
e93181c8-807e-41c7-99a1-93c3eead37f7	4	62507144	63841863	744	0.2446
e93181c8-807e-41c7-99a1-93c3eead37f7	4	63841887	63842036	2	1.8948
e93181c8-807e-41c7-99a1-93c3eead37f7	4	63842099	66643258	1799	0.1972
e93181c8-807e-41c7-99a1-93c3eead37f7	4	66643840	68455239	1070	0.4666
e93181c8-807e-41c7-99a1-93c3eead37f7	4	68461345	68655691	77	0.7865
e93181c8-807e-41c7-99a1-93c3eead37f7	4	68663241	68686026	4	-1.0405
e93181c8-807e-41c7-99a1-93c3eead37f7	4	68725894	69257792	307	0.7539
e93181c8-807e-41c7-99a1-93c3eead37f7	4	69261926	69366406	56	-0.2871
e93181c8-807e-41c7-99a1-93c3eead37f7	4	69370433	72550201	1860	0.6839
e93181c8-807e-41c7-99a1-93c3eead37f7	4	72553717	72560986	13	0.0487
e93181c8-807e-41c7-99a1-93c3eead37f7	4	72561211	72844687	208	0.685
e93181c8-807e-41c7-99a1-93c3eead37f7	4	72852633	78405361	3653	0.1656
e93181c8-807e-41c7-99a1-93c3eead37f7	4	78408437	89832871	7028	-0.1916
e93181c8-807e-41c7-99a1-93c3eead37f7	4	89832960	97218496	4418	-0.1397
e93181c8-807e-41c7-99a1-93c3eead37f7	4	97226657	114252544	10134	-0.1841
e93181c8-807e-41c7-99a1-93c3eead37f7	4	114254167	114261019	23	0.8313
e93181c8-807e-41c7-99a1-93c3eead37f7	4	114263073	117876614	2258	-0.1499
e93181c8-807e-41c7-99a1-93c3eead37f7	4	117876678	123250463	3078	-0.1856
e93181c8-807e-41c7-99a1-93c3eead37f7	4	123250547	135777501	7091	-0.1492
e93181c8-807e-41c7-99a1-93c3eead37f7	4	135777648	135783173	2	-2.1977
e93181c8-807e-41c7-99a1-93c3eead37f7	4	135788424	139676887	2544	-0.1599
e93181c8-807e-41c7-99a1-93c3eead37f7	4	139677176	140930868	853	0.1714
e93181c8-807e-41c7-99a1-93c3eead37f7	4	140931528	141854160	551	-0.1879
e93181c8-807e-41c7-99a1-93c3eead37f7	4	141854879	148317162	3783	0.1705
e93181c8-807e-41c7-99a1-93c3eead37f7	4	148317860	148333453	5	-0.9272
e93181c8-807e-41c7-99a1-93c3eead37f7	4	148333518	151678861	1771	0.1937
e93181c8-807e-41c7-99a1-93c3eead37f7	4	151682012	151682205	4	-0.5873
e93181c8-807e-41c7-99a1-93c3eead37f7	4	151682323	151868634	131	0.1602
e93181c8-807e-41c7-99a1-93c3eead37f7	4	151870381	151871415	12	-0.9541
e93181c8-807e-41c7-99a1-93c3eead37f7	4	151871739	152069134	188	0.1733
e93181c8-807e-41c7-99a1-93c3eead37f7	4	152069741	152071589	4	-0.762
e93181c8-807e-41c7-99a1-93c3eead37f7	4	152072978	154198814	1328	0.1588
e93181c8-807e-41c7-99a1-93c3eead37f7	4	154199294	156047028	1276	0.2122
e93181c8-807e-41c7-99a1-93c3eead37f7	4	156047131	156047321	3	-0.8893
e93181c8-807e-41c7-99a1-93c3eead37f7	4	156047531	157867472	1155	0.2367
e93181c8-807e-41c7-99a1-93c3eead37f7	4	157870535	157898573	25	-0.0997
e93181c8-807e-41c7-99a1-93c3eead37f7	4	157900070	158332297	244	0.197
e93181c8-807e-41c7-99a1-93c3eead37f7	4	158334647	158338787	5	-0.0814
e93181c8-807e-41c7-99a1-93c3eead37f7	4	158338902	158371396	14	0.5745
e93181c8-807e-41c7-99a1-93c3eead37f7	4	158373736	158427705	30	0.2727
e93181c8-807e-41c7-99a1-93c3eead37f7	4	158431717	158755507	172	0.1431
e93181c8-807e-41c7-99a1-93c3eead37f7	4	158757439	158816467	26	-0.1996
e93181c8-807e-41c7-99a1-93c3eead37f7	4	158824848	159166589	209	0.1404
e93181c8-807e-41c7-99a1-93c3eead37f7	4	159166985	159170549	2	-1.2008
e93181c8-807e-41c7-99a1-93c3eead37f7	4	159171195	159511985	211	0.1616
e93181c8-807e-41c7-99a1-93c3eead37f7	4	159520624	160054714	295	-0.187
e93181c8-807e-41c7-99a1-93c3eead37f7	4	160054764	160080981	19	0.3445
e93181c8-807e-41c7-99a1-93c3eead37f7	4	160085131	172066777	7758	-0.1609
e93181c8-807e-41c7-99a1-93c3eead37f7	4	172067997	172068382	12	-2.0812
e93181c8-807e-41c7-99a1-93c3eead37f7	4	172074828	175340484	1844	-0.1861
e93181c8-807e-41c7-99a1-93c3eead37f7	4	175342528	175343329	2	-2.1621
e93181c8-807e-41c7-99a1-93c3eead37f7	4	175349734	188462920	9228	-0.1657
e93181c8-807e-41c7-99a1-93c3eead37f7	4	188463022	189227550	620	-0.6754
e93181c8-807e-41c7-99a1-93c3eead37f7	4	189229108	190106768	379	-0.1422
e93181c8-807e-41c7-99a1-93c3eead37f7	5	15532	698390	308	-0.2186
e93181c8-807e-41c7-99a1-93c3eead37f7	5	717264	733497	13	-1.3066
e93181c8-807e-41c7-99a1-93c3eead37f7	5	741924	10756378	8382	-0.164
e93181c8-807e-41c7-99a1-93c3eead37f7	5	10762445	21449110	7003	-0.1313
e93181c8-807e-41c7-99a1-93c3eead37f7	5	21449167	21550402	19	0.3641
e93181c8-807e-41c7-99a1-93c3eead37f7	5	21553335	29008608	4355	-0.1506
e93181c8-807e-41c7-99a1-93c3eead37f7	5	29009387	31295868	1520	-0.095
e93181c8-807e-41c7-99a1-93c3eead37f7	5	31295961	34676460	2300	-0.1502
e93181c8-807e-41c7-99a1-93c3eead37f7	5	34681479	44778619	6241	-0.1865
e93181c8-807e-41c7-99a1-93c3eead37f7	5	44788163	44795284	2	-2.0295
e93181c8-807e-41c7-99a1-93c3eead37f7	5	44795623	46251204	520	-0.1453
e93181c8-807e-41c7-99a1-93c3eead37f7	5	46270906	46273400	8	0.7582
e93181c8-807e-41c7-99a1-93c3eead37f7	5	46278110	50185350	28	-0.1834
e93181c8-807e-41c7-99a1-93c3eead37f7	5	50201141	50414421	75	-0.6017
e93181c8-807e-41c7-99a1-93c3eead37f7	5	50414778	50696596	118	-0.446
e93181c8-807e-41c7-99a1-93c3eead37f7	5	50696717	54439278	2391	-0.6907
e93181c8-807e-41c7-99a1-93c3eead37f7	5	54439313	54442228	3	-2.9991
e93181c8-807e-41c7-99a1-93c3eead37f7	5	54442456	77081313	13623	-0.6956
e93181c8-807e-41c7-99a1-93c3eead37f7	5	77083577	77324109	153	-1.6025
e93181c8-807e-41c7-99a1-93c3eead37f7	5	77324177	77362225	34	-0.7448
e93181c8-807e-41c7-99a1-93c3eead37f7	5	77362552	104515520	15479	-0.1848
e93181c8-807e-41c7-99a1-93c3eead37f7	5	104524672	104524903	4	1.335
e93181c8-807e-41c7-99a1-93c3eead37f7	5	104525348	106883813	1397	-0.1444
e93181c8-807e-41c7-99a1-93c3eead37f7	5	106883889	116851633	7147	-0.2049
e93181c8-807e-41c7-99a1-93c3eead37f7	5	116854647	117806892	678	-0.1512
e93181c8-807e-41c7-99a1-93c3eead37f7	5	117807448	117807637	2	-1.7349
e93181c8-807e-41c7-99a1-93c3eead37f7	5	117808023	119866752	1327	-0.1962
e93181c8-807e-41c7-99a1-93c3eead37f7	5	119871848	119873733	3	-1.7019
e93181c8-807e-41c7-99a1-93c3eead37f7	5	119876664	180947523	39468	-0.1934
e93181c8-807e-41c7-99a1-93c3eead37f7	5	180951710	180991103	19	-1.0001
e93181c8-807e-41c7-99a1-93c3eead37f7	5	181006225	181363319	169	-0.2112
e93181c8-807e-41c7-99a1-93c3eead37f7	6	149661	174624	13	0.4154
e93181c8-807e-41c7-99a1-93c3eead37f7	6	174834	279695	101	0.6718
e93181c8-807e-41c7-99a1-93c3eead37f7	6	280399	403799	108	0.4634
e93181c8-807e-41c7-99a1-93c3eead37f7	6	404632	4766028	3592	0.6836
e93181c8-807e-41c7-99a1-93c3eead37f7	6	4771068	5773063	837	0.4546
e93181c8-807e-41c7-99a1-93c3eead37f7	6	5774696	5774895	2	-1.1141
e93181c8-807e-41c7-99a1-93c3eead37f7	6	5775187	8550736	2270	0.4527
e93181c8-807e-41c7-99a1-93c3eead37f7	6	8550885	8550938	2	-1.7939
e93181c8-807e-41c7-99a1-93c3eead37f7	6	8551317	10992224	1740	0.4888
e93181c8-807e-41c7-99a1-93c3eead37f7	6	10994782	18286379	5475	0.4242
e93181c8-807e-41c7-99a1-93c3eead37f7	6	18292792	23057409	3564	0.4673
e93181c8-807e-41c7-99a1-93c3eead37f7	6	23060763	23064026	4	-0.8233
e93181c8-807e-41c7-99a1-93c3eead37f7	6	23067417	23795467	550	0.4822
e93181c8-807e-41c7-99a1-93c3eead37f7	6	23795950	23795984	3	-0.9311
e93181c8-807e-41c7-99a1-93c3eead37f7	6	23797685	24491247	495	0.4753
e93181c8-807e-41c7-99a1-93c3eead37f7	6	24492868	25448009	675	0.4046
e93181c8-807e-41c7-99a1-93c3eead37f7	6	25449798	25810086	246	0.4941
e93181c8-807e-41c7-99a1-93c3eead37f7	6	25812922	27149251	693	0.3677
e93181c8-807e-41c7-99a1-93c3eead37f7	6	27153445	28239585	540	0.4421
e93181c8-807e-41c7-99a1-93c3eead37f7	6	28239662	28244711	2	1.5453
e93181c8-807e-41c7-99a1-93c3eead37f7	6	28245461	29869295	734	0.4494
e93181c8-807e-41c7-99a1-93c3eead37f7	6	29869410	29875657	9	-0.1247
e93181c8-807e-41c7-99a1-93c3eead37f7	6	29876257	29881490	7	-1.2559
e93181c8-807e-41c7-99a1-93c3eead37f7	6	29882419	31313046	664	0.4606
e93181c8-807e-41c7-99a1-93c3eead37f7	6	31318499	31328674	11	1.5767
e93181c8-807e-41c7-99a1-93c3eead37f7	6	31342147	32641650	556	0.4651
e93181c8-807e-41c7-99a1-93c3eead37f7	6	32656527	32658841	6	-1.2429
e93181c8-807e-41c7-99a1-93c3eead37f7	6	32682835	32722250	44	0.4983
e93181c8-807e-41c7-99a1-93c3eead37f7	6	32723020	32723053	3	-1.2514
e93181c8-807e-41c7-99a1-93c3eead37f7	6	32732907	39738964	4389	0.4414
e93181c8-807e-41c7-99a1-93c3eead37f7	6	39747499	42274209	1835	2.2508
e93181c8-807e-41c7-99a1-93c3eead37f7	6	42276469	45021865	1561	0.4297
e93181c8-807e-41c7-99a1-93c3eead37f7	6	45023650	45099074	40	0.7006
e93181c8-807e-41c7-99a1-93c3eead37f7	6	45101643	47663886	1730	0.4533
e93181c8-807e-41c7-99a1-93c3eead37f7	6	47666191	49592414	1124	-0.1577
e93181c8-807e-41c7-99a1-93c3eead37f7	6	49593272	52273643	1666	0.4667
e93181c8-807e-41c7-99a1-93c3eead37f7	6	52276714	53407202	788	0.405
e93181c8-807e-41c7-99a1-93c3eead37f7	6	53413244	53615341	143	0.4684
e93181c8-807e-41c7-99a1-93c3eead37f7	6	53615521	53866023	212	0.8788
e93181c8-807e-41c7-99a1-93c3eead37f7	6	53866663	54066286	160	0.4918
e93181c8-807e-41c7-99a1-93c3eead37f7	6	54066353	54067057	7	-2.1242
e93181c8-807e-41c7-99a1-93c3eead37f7	6	54070550	65805325	5022	0.4702
e93181c8-807e-41c7-99a1-93c3eead37f7	6	65807804	67736334	1427	-0.1581
e93181c8-807e-41c7-99a1-93c3eead37f7	6	67739344	67741110	4	-1.2531
e93181c8-807e-41c7-99a1-93c3eead37f7	6	67745345	73882142	3932	-0.1853
e93181c8-807e-41c7-99a1-93c3eead37f7	6	73882509	73893839	11	0.3969
e93181c8-807e-41c7-99a1-93c3eead37f7	6	73893889	73997661	71	-0.1884
e93181c8-807e-41c7-99a1-93c3eead37f7	6	73999993	74007305	3	1.0845
e93181c8-807e-41c7-99a1-93c3eead37f7	6	74009077	76716152	1688	-0.1557
e93181c8-807e-41c7-99a1-93c3eead37f7	6	76718872	76758214	30	0.2876
e93181c8-807e-41c7-99a1-93c3eead37f7	6	76758749	78252576	970	-0.1659
e93181c8-807e-41c7-99a1-93c3eead37f7	6	78252864	78325468	117	-0.6442
e93181c8-807e-41c7-99a1-93c3eead37f7	6	78329517	90710759	7793	-0.1978
e93181c8-807e-41c7-99a1-93c3eead37f7	6	90711189	96779816	3741	-0.1526
e93181c8-807e-41c7-99a1-93c3eead37f7	6	96779834	100070054	2059	-0.2076
e93181c8-807e-41c7-99a1-93c3eead37f7	6	100073015	100073055	2	-1.683
e93181c8-807e-41c7-99a1-93c3eead37f7	6	100073773	103286954	1879	-0.1722
e93181c8-807e-41c7-99a1-93c3eead37f7	6	103290101	103303463	19	-0.5857
e93181c8-807e-41c7-99a1-93c3eead37f7	6	103303689	104424769	741	-0.1806
e93181c8-807e-41c7-99a1-93c3eead37f7	6	104424854	111841954	4564	-0.2212
e93181c8-807e-41c7-99a1-93c3eead37f7	6	111844373	112583978	480	-0.1581
e93181c8-807e-41c7-99a1-93c3eead37f7	6	112584925	114874292	1482	-0.7178
e93181c8-807e-41c7-99a1-93c3eead37f7	6	114881368	114881626	4	-5.0976
e93181c8-807e-41c7-99a1-93c3eead37f7	6	114885112	117407363	1381	-0.7318
e93181c8-807e-41c7-99a1-93c3eead37f7	6	117409429	117420332	21	0.33
e93181c8-807e-41c7-99a1-93c3eead37f7	6	117423482	121018312	2164	-0.7221
e93181c8-807e-41c7-99a1-93c3eead37f7	6	121019596	125229667	2635	-0.1962
e93181c8-807e-41c7-99a1-93c3eead37f7	6	125234021	127116472	1054	-0.7113
e93181c8-807e-41c7-99a1-93c3eead37f7	6	127125465	127130520	2	-2.1202
e93181c8-807e-41c7-99a1-93c3eead37f7	6	127130971	127373185	120	-0.7603
e93181c8-807e-41c7-99a1-93c3eead37f7	6	127376273	134581083	4877	-0.2043
e93181c8-807e-41c7-99a1-93c3eead37f7	6	134583177	134583386	2	-1.7906
e93181c8-807e-41c7-99a1-93c3eead37f7	6	134583881	140253448	3823	-0.2143
e93181c8-807e-41c7-99a1-93c3eead37f7	6	140254444	142228257	1001	-0.1467
e93181c8-807e-41c7-99a1-93c3eead37f7	6	142228650	145539248	2226	-0.2073
e93181c8-807e-41c7-99a1-93c3eead37f7	6	145545599	146400351	467	-0.7168
e93181c8-807e-41c7-99a1-93c3eead37f7	6	146400479	146438129	40	-0.2379
e93181c8-807e-41c7-99a1-93c3eead37f7	6	146443346	146494173	27	-0.7314
e93181c8-807e-41c7-99a1-93c3eead37f7	6	146494883	146502302	2	-2.121
e93181c8-807e-41c7-99a1-93c3eead37f7	6	146502610	147500938	629	-0.7204
e93181c8-807e-41c7-99a1-93c3eead37f7	6	147502410	147694164	150	-0.1562
e93181c8-807e-41c7-99a1-93c3eead37f7	6	147698808	147713150	8	-1.5195
e93181c8-807e-41c7-99a1-93c3eead37f7	6	147715223	151221052	2536	-0.1864
e93181c8-807e-41c7-99a1-93c3eead37f7	6	151224370	151420853	137	0.2294
e93181c8-807e-41c7-99a1-93c3eead37f7	6	151422449	157420615	4211	-0.1763
e93181c8-807e-41c7-99a1-93c3eead37f7	6	157432543	157476446	18	-1.0391
e93181c8-807e-41c7-99a1-93c3eead37f7	6	157478613	159608948	1426	-0.1975
e93181c8-807e-41c7-99a1-93c3eead37f7	6	159608976	159656141	33	-0.7997
e93181c8-807e-41c7-99a1-93c3eead37f7	6	159668220	170741917	7899	-0.1771
e93181c8-807e-41c7-99a1-93c3eead37f7	7	43355	8140152	4514	0.2123
e93181c8-807e-41c7-99a1-93c3eead37f7	7	8140216	10517100	1928	0.2567
e93181c8-807e-41c7-99a1-93c3eead37f7	7	10517119	18866918	6679	0.2052
e93181c8-807e-41c7-99a1-93c3eead37f7	7	18867273	19749151	909	0.2752
e93181c8-807e-41c7-99a1-93c3eead37f7	7	19749316	20987987	869	0.2077
e93181c8-807e-41c7-99a1-93c3eead37f7	7	20988474	35493987	10378	0.1873
e93181c8-807e-41c7-99a1-93c3eead37f7	7	35494155	37830139	1747	0.1402
e93181c8-807e-41c7-99a1-93c3eead37f7	7	37831182	38239007	328	0.1894
e93181c8-807e-41c7-99a1-93c3eead37f7	7	38239282	38317124	98	0.463
e93181c8-807e-41c7-99a1-93c3eead37f7	7	38317144	45049388	4250	0.1832
e93181c8-807e-41c7-99a1-93c3eead37f7	7	45049768	45261488	173	0.4251
e93181c8-807e-41c7-99a1-93c3eead37f7	7	45262100	54318812	6599	0.2185
e93181c8-807e-41c7-99a1-93c3eead37f7	7	54318816	54318824	5	-2.0997
e93181c8-807e-41c7-99a1-93c3eead37f7	7	54325795	56205683	1333	0.1829
e93181c8-807e-41c7-99a1-93c3eead37f7	7	56209845	56385414	68	-0.2167
e93181c8-807e-41c7-99a1-93c3eead37f7	7	56388107	64901434	1531	0.1878
e93181c8-807e-41c7-99a1-93c3eead37f7	7	64901666	65249789	115	0.61
e93181c8-807e-41c7-99a1-93c3eead37f7	7	65255717	65483073	141	0.7915
e93181c8-807e-41c7-99a1-93c3eead37f7	7	65485980	66821880	429	0.6116
e93181c8-807e-41c7-99a1-93c3eead37f7	7	66822826	67153672	109	0.1663
e93181c8-807e-41c7-99a1-93c3eead37f7	7	67153764	67233947	28	-0.514
e93181c8-807e-41c7-99a1-93c3eead37f7	7	67234797	67398037	65	0.1586
e93181c8-807e-41c7-99a1-93c3eead37f7	7	67398147	67398963	3	-0.8909
e93181c8-807e-41c7-99a1-93c3eead37f7	7	67399133	70955452	2303	0.1893
e93181c8-807e-41c7-99a1-93c3eead37f7	7	70958264	70961155	2	1.5456
e93181c8-807e-41c7-99a1-93c3eead37f7	7	70963257	76550397	2150	0.1862
e93181c8-807e-41c7-99a1-93c3eead37f7	7	76568113	76936433	154	0.7847
e93181c8-807e-41c7-99a1-93c3eead37f7	7	76940335	83468039	4399	0.2004
e93181c8-807e-41c7-99a1-93c3eead37f7	7	83468341	83468482	3	-1.4867
e93181c8-807e-41c7-99a1-93c3eead37f7	7	83468602	86471790	1873	0.2287
e93181c8-807e-41c7-99a1-93c3eead37f7	7	86474417	88566274	1185	0.1613
e93181c8-807e-41c7-99a1-93c3eead37f7	7	88566450	91668237	2138	0.2324
e93181c8-807e-41c7-99a1-93c3eead37f7	7	91669764	97777749	3826	0.1738
e93181c8-807e-41c7-99a1-93c3eead37f7	7	97788295	97788298	2	-1.5961
e93181c8-807e-41c7-99a1-93c3eead37f7	7	97791337	97980107	86	0.1453
e93181c8-807e-41c7-99a1-93c3eead37f7	7	97982029	97982736	3	-1.2117
e93181c8-807e-41c7-99a1-93c3eead37f7	7	97984459	107926324	5214	0.1657
e93181c8-807e-41c7-99a1-93c3eead37f7	7	107932809	109203434	890	0.1952
e93181c8-807e-41c7-99a1-93c3eead37f7	7	109203722	109801155	408	0.2734
e93181c8-807e-41c7-99a1-93c3eead37f7	7	109801187	109813853	11	0.8088
e93181c8-807e-41c7-99a1-93c3eead37f7	7	109813925	112864117	1964	0.2471
e93181c8-807e-41c7-99a1-93c3eead37f7	7	112867379	125725979	7577	0.1955
e93181c8-807e-41c7-99a1-93c3eead37f7	7	125726072	127002401	914	0.2679
e93181c8-807e-41c7-99a1-93c3eead37f7	7	127002549	138391279	7234	0.1996
e93181c8-807e-41c7-99a1-93c3eead37f7	7	138395239	138396680	2	-1.4832
e93181c8-807e-41c7-99a1-93c3eead37f7	7	138399139	142563940	2650	0.196
e93181c8-807e-41c7-99a1-93c3eead37f7	7	142581256	142763165	85	0.4196
e93181c8-807e-41c7-99a1-93c3eead37f7	7	142763394	144176859	771	0.1879
e93181c8-807e-41c7-99a1-93c3eead37f7	7	144199159	144336758	14	-0.7361
e93181c8-807e-41c7-99a1-93c3eead37f7	7	144343967	144682264	220	0.1673
e93181c8-807e-41c7-99a1-93c3eead37f7	7	144682336	147213473	1554	-0.1569
e93181c8-807e-41c7-99a1-93c3eead37f7	7	147214901	159334314	7871	0.1958
e93181c8-807e-41c7-99a1-93c3eead37f7	8	81254	208062	4	0.5806
e93181c8-807e-41c7-99a1-93c3eead37f7	8	212672	12134777	11004	-0.1991
e93181c8-807e-41c7-99a1-93c3eead37f7	8	12139586	12585546	53	0.29
e93181c8-807e-41c7-99a1-93c3eead37f7	8	12616034	13741668	1021	-0.2026
e93181c8-807e-41c7-99a1-93c3eead37f7	8	13741714	13745967	24	-1.2728
e93181c8-807e-41c7-99a1-93c3eead37f7	8	13752159	13817126	101	-0.1287
e93181c8-807e-41c7-99a1-93c3eead37f7	8	13818580	13833657	17	-0.6971
e93181c8-807e-41c7-99a1-93c3eead37f7	8	13833713	14415878	544	-0.1783
e93181c8-807e-41c7-99a1-93c3eead37f7	8	14418785	14419006	4	-1.2993
e93181c8-807e-41c7-99a1-93c3eead37f7	8	14419190	14720147	320	-0.1519
e93181c8-807e-41c7-99a1-93c3eead37f7	8	14720153	14720161	3	-1.5841
e93181c8-807e-41c7-99a1-93c3eead37f7	8	14720897	14730727	39	-0.1682
e93181c8-807e-41c7-99a1-93c3eead37f7	8	14730741	14730842	3	-1.6084
e93181c8-807e-41c7-99a1-93c3eead37f7	8	14731570	17131446	2031	-0.164
e93181c8-807e-41c7-99a1-93c3eead37f7	8	17131498	17258085	94	-0.692
e93181c8-807e-41c7-99a1-93c3eead37f7	8	17261515	25410460	6427	-0.2013
e93181c8-807e-41c7-99a1-93c3eead37f7	8	25414848	26063451	537	0.1664
e93181c8-807e-41c7-99a1-93c3eead37f7	8	26064444	26065125	4	-0.4604
e93181c8-807e-41c7-99a1-93c3eead37f7	8	26065395	26548175	325	0.1268
e93181c8-807e-41c7-99a1-93c3eead37f7	8	26552232	26614792	51	-0.2266
e93181c8-807e-41c7-99a1-93c3eead37f7	8	26615139	28499099	1501	0.156
e93181c8-807e-41c7-99a1-93c3eead37f7	8	28504811	31702211	1892	-0.2181
e93181c8-807e-41c7-99a1-93c3eead37f7	8	31703473	34473702	1865	0.1729
e93181c8-807e-41c7-99a1-93c3eead37f7	8	34473739	39372664	2638	-0.1771
e93181c8-807e-41c7-99a1-93c3eead37f7	8	39372806	39529446	61	0.5995
e93181c8-807e-41c7-99a1-93c3eead37f7	8	39530780	43907538	2579	-0.1975
e93181c8-807e-41c7-99a1-93c3eead37f7	8	43912083	49259037	1485	0.137
e93181c8-807e-41c7-99a1-93c3eead37f7	8	49260358	53631976	2845	0.1869
e93181c8-807e-41c7-99a1-93c3eead37f7	8	53632707	54201663	276	0.1193
e93181c8-807e-41c7-99a1-93c3eead37f7	8	54201681	54296224	65	0.4325
e93181c8-807e-41c7-99a1-93c3eead37f7	8	54296370	54296561	3	1.0752
e93181c8-807e-41c7-99a1-93c3eead37f7	8	54296672	54452246	127	0.4446
e93181c8-807e-41c7-99a1-93c3eead37f7	8	54452468	56073619	1123	0.1939
e93181c8-807e-41c7-99a1-93c3eead37f7	8	56078823	56082863	6	-0.5952
e93181c8-807e-41c7-99a1-93c3eead37f7	8	56085921	62304992	4158	0.1699
e93181c8-807e-41c7-99a1-93c3eead37f7	8	62305394	62311526	6	-0.8327
e93181c8-807e-41c7-99a1-93c3eead37f7	8	62316587	63936079	970	0.1468
e93181c8-807e-41c7-99a1-93c3eead37f7	8	63936340	63936561	6	0.8354
e93181c8-807e-41c7-99a1-93c3eead37f7	8	63936953	68015980	2191	0.1373
e93181c8-807e-41c7-99a1-93c3eead37f7	8	68016218	69594388	1059	0.1874
e93181c8-807e-41c7-99a1-93c3eead37f7	8	69594538	74396083	3186	0.1325
e93181c8-807e-41c7-99a1-93c3eead37f7	8	74406948	74416300	6	-0.6659
e93181c8-807e-41c7-99a1-93c3eead37f7	8	74419850	84829768	6073	0.1657
e93181c8-807e-41c7-99a1-93c3eead37f7	8	84837294	95396636	6101	0.1329
e93181c8-807e-41c7-99a1-93c3eead37f7	8	95396902	95839346	430	0.1668
e93181c8-807e-41c7-99a1-93c3eead37f7	8	95842134	95844829	12	-0.5726
e93181c8-807e-41c7-99a1-93c3eead37f7	8	95850445	104512803	5207	0.1326
e93181c8-807e-41c7-99a1-93c3eead37f7	8	104514780	107045169	1617	-0.1801
e93181c8-807e-41c7-99a1-93c3eead37f7	8	107048131	110080906	1827	-0.247
e93181c8-807e-41c7-99a1-93c3eead37f7	8	110081207	111279265	644	-0.1947
e93181c8-807e-41c7-99a1-93c3eead37f7	8	111282050	111283016	9	0.6103
e93181c8-807e-41c7-99a1-93c3eead37f7	8	111283031	112645334	740	-0.1952
e93181c8-807e-41c7-99a1-93c3eead37f7	8	112646207	114516114	1022	0.1702
e93181c8-807e-41c7-99a1-93c3eead37f7	8	114517149	114619814	61	0.242
e93181c8-807e-41c7-99a1-93c3eead37f7	8	114622258	114628493	20	0.5919
e93181c8-807e-41c7-99a1-93c3eead37f7	8	114628548	114881829	181	0.2769
e93181c8-807e-41c7-99a1-93c3eead37f7	8	114882170	122767360	5362	0.149
e93181c8-807e-41c7-99a1-93c3eead37f7	8	122767832	130470802	5374	0.1244
e93181c8-807e-41c7-99a1-93c3eead37f7	8	130471110	139204268	7110	0.1532
e93181c8-807e-41c7-99a1-93c3eead37f7	8	139204551	140991637	1241	0.2029
e93181c8-807e-41c7-99a1-93c3eead37f7	8	140993377	140995196	16	0.6123
e93181c8-807e-41c7-99a1-93c3eead37f7	8	140995454	141122593	84	0.202
e93181c8-807e-41c7-99a1-93c3eead37f7	8	141122866	143616763	1189	0.1201
e93181c8-807e-41c7-99a1-93c3eead37f7	8	143616987	143625638	10	-0.5181
e93181c8-807e-41c7-99a1-93c3eead37f7	8	143636819	145072769	504	0.1729
e93181c8-807e-41c7-99a1-93c3eead37f7	9	46587	602903	508	-0.1551
e93181c8-807e-41c7-99a1-93c3eead37f7	9	606699	606961	4	-1.5991
e93181c8-807e-41c7-99a1-93c3eead37f7	9	607307	18545211	16222	-0.1669
e93181c8-807e-41c7-99a1-93c3eead37f7	9	18545854	20180988	1360	-0.2124
e93181c8-807e-41c7-99a1-93c3eead37f7	9	20183304	20183394	4	-1.7317
e93181c8-807e-41c7-99a1-93c3eead37f7	9	20186461	25090702	3579	-0.2167
e93181c8-807e-41c7-99a1-93c3eead37f7	9	25091346	42014203	9586	-0.1424
e93181c8-807e-41c7-99a1-93c3eead37f7	9	42037471	42211663	22	-1.7705
e93181c8-807e-41c7-99a1-93c3eead37f7	9	42230926	63580418	138	-0.2279
e93181c8-807e-41c7-99a1-93c3eead37f7	9	63590317	63614182	8	0.9001
e93181c8-807e-41c7-99a1-93c3eead37f7	9	63614312	87907679	14326	-0.178
e93181c8-807e-41c7-99a1-93c3eead37f7	9	87939236	87939304	2	-1.9766
e93181c8-807e-41c7-99a1-93c3eead37f7	9	87943042	96658679	5866	-0.1725
e93181c8-807e-41c7-99a1-93c3eead37f7	9	96660767	101331137	2945	-0.2094
e93181c8-807e-41c7-99a1-93c3eead37f7	9	101331389	116430362	11398	-0.1669
e93181c8-807e-41c7-99a1-93c3eead37f7	9	116431043	117851571	1338	-0.2161
e93181c8-807e-41c7-99a1-93c3eead37f7	9	117851736	122587722	3464	-0.1611
e93181c8-807e-41c7-99a1-93c3eead37f7	9	122597776	122616421	20	0.2636
e93181c8-807e-41c7-99a1-93c3eead37f7	9	122616615	135247933	7503	-0.1737
e93181c8-807e-41c7-99a1-93c3eead37f7	9	135247961	135397154	111	-0.4163
e93181c8-807e-41c7-99a1-93c3eead37f7	9	135401474	138200944	1043	-0.1506
e93181c8-807e-41c7-99a1-93c3eead37f7	10	45792	97315	20	0.2677
e93181c8-807e-41c7-99a1-93c3eead37f7	10	97603	1183608	658	0.4714
e93181c8-807e-41c7-99a1-93c3eead37f7	10	1183681	2661380	1372	0.5112
e93181c8-807e-41c7-99a1-93c3eead37f7	10	2662213	4244878	1526	0.4474
e93181c8-807e-41c7-99a1-93c3eead37f7	10	4248622	4248732	3	-0.7731
e93181c8-807e-41c7-99a1-93c3eead37f7	10	4248824	41716768	25484	0.4617
e93181c8-807e-41c7-99a1-93c3eead37f7	10	41717270	42335359	57	0.6641
e93181c8-807e-41c7-99a1-93c3eead37f7	10	42339759	42355411	4	1.4354
e93181c8-807e-41c7-99a1-93c3eead37f7	10	42357675	42656964	181	0.6549
e93181c8-807e-41c7-99a1-93c3eead37f7	10	42658314	43393867	512	0.1846
e93181c8-807e-41c7-99a1-93c3eead37f7	10	43394703	43489017	48	0.6819
e93181c8-807e-41c7-99a1-93c3eead37f7	10	43490834	45998155	1570	0.1863
e93181c8-807e-41c7-99a1-93c3eead37f7	10	45999975	46446817	231	0.5965
e93181c8-807e-41c7-99a1-93c3eead37f7	10	46489651	46632302	47	0.1767
e93181c8-807e-41c7-99a1-93c3eead37f7	10	46657149	47154930	77	0.7202
e93181c8-807e-41c7-99a1-93c3eead37f7	10	47158927	53167767	3940	0.1982
e93181c8-807e-41c7-99a1-93c3eead37f7	10	53170094	53179393	10	-0.7659
e93181c8-807e-41c7-99a1-93c3eead37f7	10	53181641	57673845	3274	0.2221
e93181c8-807e-41c7-99a1-93c3eead37f7	10	57675795	64034354	4373	0.176
e93181c8-807e-41c7-99a1-93c3eead37f7	10	64034372	67158616	2279	0.2368
e93181c8-807e-41c7-99a1-93c3eead37f7	10	67161806	80553820	8454	0.1776
e93181c8-807e-41c7-99a1-93c3eead37f7	10	80561237	80602123	43	-0.1622
e93181c8-807e-41c7-99a1-93c3eead37f7	10	80609664	112647340	21239	0.1742
e93181c8-807e-41c7-99a1-93c3eead37f7	10	112647425	124100722	8491	0.3723
e93181c8-807e-41c7-99a1-93c3eead37f7	10	124103147	126201754	1364	0.062
e93181c8-807e-41c7-99a1-93c3eead37f7	10	126206011	126206650	3	-1.2429
e93181c8-807e-41c7-99a1-93c3eead37f7	10	126211731	128090463	1506	0.0619
e93181c8-807e-41c7-99a1-93c3eead37f7	10	128094000	128094866	2	-1.4515
e93181c8-807e-41c7-99a1-93c3eead37f7	10	128095770	130383003	1829	0.082
e93181c8-807e-41c7-99a1-93c3eead37f7	10	130389459	133055089	1809	0.0148
e93181c8-807e-41c7-99a1-93c3eead37f7	10	133084562	133654968	255	0.0646
e93181c8-807e-41c7-99a1-93c3eead37f7	11	198510	4217176	1733	-0.1773
e93181c8-807e-41c7-99a1-93c3eead37f7	11	4217824	4280161	19	0.5291
e93181c8-807e-41c7-99a1-93c3eead37f7	11	4286190	4331751	10	-0.1257
e93181c8-807e-41c7-99a1-93c3eead37f7	11	4337579	4363567	3	0.8725
e93181c8-807e-41c7-99a1-93c3eead37f7	11	4365435	4946021	648	-0.1867
e93181c8-807e-41c7-99a1-93c3eead37f7	11	4946166	4955027	31	0.4461
e93181c8-807e-41c7-99a1-93c3eead37f7	11	4955042	5766175	786	-0.1748
e93181c8-807e-41c7-99a1-93c3eead37f7	11	5766850	5787909	32	-2.3306
e93181c8-807e-41c7-99a1-93c3eead37f7	11	5788108	6694905	616	-0.2094
e93181c8-807e-41c7-99a1-93c3eead37f7	11	6695792	6696326	3	-2.9011
e93181c8-807e-41c7-99a1-93c3eead37f7	11	6696493	7791493	880	-0.1926
e93181c8-807e-41c7-99a1-93c3eead37f7	11	7791913	7810711	6	-2.0572
e93181c8-807e-41c7-99a1-93c3eead37f7	11	7815462	23330677	11593	-0.181
e93181c8-807e-41c7-99a1-93c3eead37f7	11	23330986	23551175	190	0.1543
e93181c8-807e-41c7-99a1-93c3eead37f7	11	23560489	37111986	9577	-0.1688
e93181c8-807e-41c7-99a1-93c3eead37f7	11	37112148	37112350	2	-3.0912
e93181c8-807e-41c7-99a1-93c3eead37f7	11	37112498	42791601	3738	-0.1539
e93181c8-807e-41c7-99a1-93c3eead37f7	11	42794936	42796489	2	-3.2381
e93181c8-807e-41c7-99a1-93c3eead37f7	11	42799053	44686374	1349	-0.1946
e93181c8-807e-41c7-99a1-93c3eead37f7	11	44689275	45783517	834	1.9833
e93181c8-807e-41c7-99a1-93c3eead37f7	11	45788564	46809469	452	2.372
e93181c8-807e-41c7-99a1-93c3eead37f7	11	46815996	49055048	924	-0.1755
e93181c8-807e-41c7-99a1-93c3eead37f7	11	49057319	49080719	9	-2.1595
e93181c8-807e-41c7-99a1-93c3eead37f7	11	49081447	54555109	642	-0.1386
e93181c8-807e-41c7-99a1-93c3eead37f7	11	54555644	61182288	3812	0.179
e93181c8-807e-41c7-99a1-93c3eead37f7	11	61184956	61187740	9	-1.6772
e93181c8-807e-41c7-99a1-93c3eead37f7	11	61192925	76960599	7666	0.1658
e93181c8-807e-41c7-99a1-93c3eead37f7	11	76963581	76963809	2	-1.535
e93181c8-807e-41c7-99a1-93c3eead37f7	11	76970039	86939358	6948	0.1771
e93181c8-807e-41c7-99a1-93c3eead37f7	11	86942957	87060165	62	-0.2097
e93181c8-807e-41c7-99a1-93c3eead37f7	11	87060207	87096898	26	0.0211
e93181c8-807e-41c7-99a1-93c3eead37f7	11	87096917	87225052	103	-0.1778
e93181c8-807e-41c7-99a1-93c3eead37f7	11	87225259	87291968	49	0.1414
e93181c8-807e-41c7-99a1-93c3eead37f7	11	87293944	94327912	4649	-0.1915
e93181c8-807e-41c7-99a1-93c3eead37f7	11	94328967	94334657	3	-1.9598
e93181c8-807e-41c7-99a1-93c3eead37f7	11	94336850	95340455	722	-0.2169
e93181c8-807e-41c7-99a1-93c3eead37f7	11	95341096	131052406	25427	0.1723
e93181c8-807e-41c7-99a1-93c3eead37f7	11	131052695	134336099	2630	0.4554
e93181c8-807e-41c7-99a1-93c3eead37f7	11	134339014	134771038	364	0.3574
e93181c8-807e-41c7-99a1-93c3eead37f7	11	134771236	135074876	228	0.4275
e93181c8-807e-41c7-99a1-93c3eead37f7	12	51460	8404097	5597	0.4763
e93181c8-807e-41c7-99a1-93c3eead37f7	12	8405892	8442298	19	0.0152
e93181c8-807e-41c7-99a1-93c3eead37f7	12	8442935	9481274	559	0.4467
e93181c8-807e-41c7-99a1-93c3eead37f7	12	9485313	9562969	22	0.9105
e93181c8-807e-41c7-99a1-93c3eead37f7	12	9575696	10427861	633	0.4574
e93181c8-807e-41c7-99a1-93c3eead37f7	12	10430768	10434721	3	-0.5826
e93181c8-807e-41c7-99a1-93c3eead37f7	12	10435926	11055849	397	0.4816
e93181c8-807e-41c7-99a1-93c3eead37f7	12	11060192	11107676	18	0.945
e93181c8-807e-41c7-99a1-93c3eead37f7	12	11108736	16535409	3903	0.45
e93181c8-807e-41c7-99a1-93c3eead37f7	12	16540970	31460047	10450	0.4777
e93181c8-807e-41c7-99a1-93c3eead37f7	12	31460367	33141726	1180	0.4464
e93181c8-807e-41c7-99a1-93c3eead37f7	12	33148472	33154440	27	-0.5284
e93181c8-807e-41c7-99a1-93c3eead37f7	12	33155426	33237809	47	0.6174
e93181c8-807e-41c7-99a1-93c3eead37f7	12	33239086	33242207	2	2.0689
e93181c8-807e-41c7-99a1-93c3eead37f7	12	33242483	34143915	565	0.5568
e93181c8-807e-41c7-99a1-93c3eead37f7	12	34146351	34309460	77	0.4005
e93181c8-807e-41c7-99a1-93c3eead37f7	12	34311534	34394684	34	0.1597
e93181c8-807e-41c7-99a1-93c3eead37f7	12	34396183	37777376	142	0.4313
e93181c8-807e-41c7-99a1-93c3eead37f7	12	37788687	39172374	671	0.5248
e93181c8-807e-41c7-99a1-93c3eead37f7	12	39172995	39213619	21	-0.1826
e93181c8-807e-41c7-99a1-93c3eead37f7	12	39215841	39709168	223	0.4462
e93181c8-807e-41c7-99a1-93c3eead37f7	12	39713194	42854314	2207	0.1922
e93181c8-807e-41c7-99a1-93c3eead37f7	12	42855067	43046384	147	0.5281
e93181c8-807e-41c7-99a1-93c3eead37f7	12	43048756	43175014	76	0.2632
e93181c8-807e-41c7-99a1-93c3eead37f7	12	43177917	43897969	429	0.4635
e93181c8-807e-41c7-99a1-93c3eead37f7	12	43901262	45506042	947	1.2451
e93181c8-807e-41c7-99a1-93c3eead37f7	12	45510655	45515754	4	2.7431
e93181c8-807e-41c7-99a1-93c3eead37f7	12	45519509	47902703	1444	1.2876
e93181c8-807e-41c7-99a1-93c3eead37f7	12	47906043	50493635	1255	0.1513
e93181c8-807e-41c7-99a1-93c3eead37f7	12	50498293	51005873	269	1.1879
e93181c8-807e-41c7-99a1-93c3eead37f7	12	51007674	55730264	2944	0.1725
e93181c8-807e-41c7-99a1-93c3eead37f7	12	55731720	57543717	820	0.1153
e93181c8-807e-41c7-99a1-93c3eead37f7	12	57543733	62185998	2997	0.1841
e93181c8-807e-41c7-99a1-93c3eead37f7	12	62186232	62264447	38	1.1365
e93181c8-807e-41c7-99a1-93c3eead37f7	12	62266197	62762699	286	1.2186
e93181c8-807e-41c7-99a1-93c3eead37f7	12	62762875	64326767	974	1.668
e93181c8-807e-41c7-99a1-93c3eead37f7	12	64330298	64619482	124	1.9973
e93181c8-807e-41c7-99a1-93c3eead37f7	12	64621634	64728516	98	1.7709
e93181c8-807e-41c7-99a1-93c3eead37f7	12	64728555	65250644	287	2.0331
e93181c8-807e-41c7-99a1-93c3eead37f7	12	65251617	65507613	130	2.488
e93181c8-807e-41c7-99a1-93c3eead37f7	12	65511888	66509497	627	2.217
e93181c8-807e-41c7-99a1-93c3eead37f7	12	66511571	66532526	22	2.8581
e93181c8-807e-41c7-99a1-93c3eead37f7	12	66532679	67999038	1125	2.2559
e93181c8-807e-41c7-99a1-93c3eead37f7	12	67999382	69819995	1301	2.3535
e93181c8-807e-41c7-99a1-93c3eead37f7	12	69825628	70478078	430	0.1593
e93181c8-807e-41c7-99a1-93c3eead37f7	12	70478895	70484247	9	-0.4962
e93181c8-807e-41c7-99a1-93c3eead37f7	12	70485605	72585767	1356	0.1642
e93181c8-807e-41c7-99a1-93c3eead37f7	12	72586077	75341364	1645	0.2092
e93181c8-807e-41c7-99a1-93c3eead37f7	12	75357118	83767230	5424	0.1757
e93181c8-807e-41c7-99a1-93c3eead37f7	12	83767245	83768940	4	-0.5207
e93181c8-807e-41c7-99a1-93c3eead37f7	12	83768973	87356886	2024	0.2248
e93181c8-807e-41c7-99a1-93c3eead37f7	12	87358174	87369847	15	-0.238
e93181c8-807e-41c7-99a1-93c3eead37f7	12	87370018	95556783	5373	0.1488
e93181c8-807e-41c7-99a1-93c3eead37f7	12	95561638	99659878	2871	-0.1937
e93181c8-807e-41c7-99a1-93c3eead37f7	12	99665236	124074655	15630	0.1619
e93181c8-807e-41c7-99a1-93c3eead37f7	12	124077256	127458130	2716	0.2045
e93181c8-807e-41c7-99a1-93c3eead37f7	12	127458422	132739997	3990	0.171
e93181c8-807e-41c7-99a1-93c3eead37f7	12	132740347	133201603	210	0.421
e93181c8-807e-41c7-99a1-93c3eead37f7	13	18452809	21080016	1404	-0.16
e93181c8-807e-41c7-99a1-93c3eead37f7	13	21080107	21136719	37	-0.5062
e93181c8-807e-41c7-99a1-93c3eead37f7	13	21145265	24087694	2232	-0.17
e93181c8-807e-41c7-99a1-93c3eead37f7	13	24090663	24091003	2	-2.6075
e93181c8-807e-41c7-99a1-93c3eead37f7	13	24094259	37496998	9789	-0.1983
e93181c8-807e-41c7-99a1-93c3eead37f7	13	37497899	37510620	16	-2.6659
e93181c8-807e-41c7-99a1-93c3eead37f7	13	37514193	39759365	1709	-0.1632
e93181c8-807e-41c7-99a1-93c3eead37f7	13	39759630	49701634	6667	-0.2013
e93181c8-807e-41c7-99a1-93c3eead37f7	13	49704090	51146338	835	-0.1133
e93181c8-807e-41c7-99a1-93c3eead37f7	13	51147436	53490538	1266	-0.1927
e93181c8-807e-41c7-99a1-93c3eead37f7	13	53490846	57189217	2048	-0.1381
e93181c8-807e-41c7-99a1-93c3eead37f7	13	57189237	57204246	26	0.3507
e93181c8-807e-41c7-99a1-93c3eead37f7	13	57215580	71902850	8989	-0.1499
e93181c8-807e-41c7-99a1-93c3eead37f7	13	71903417	71906418	4	-2.6089
e93181c8-807e-41c7-99a1-93c3eead37f7	13	71906467	107245262	24154	-0.1806
e93181c8-807e-41c7-99a1-93c3eead37f7	13	107248689	107249633	2	-2.88
e93181c8-807e-41c7-99a1-93c3eead37f7	13	107249799	108921781	1421	-0.1831
e93181c8-807e-41c7-99a1-93c3eead37f7	13	108922631	108922646	2	-3.0545
e93181c8-807e-41c7-99a1-93c3eead37f7	13	108926908	114342922	3471	-0.1945
e93181c8-807e-41c7-99a1-93c3eead37f7	14	18239283	19689684	64	0.0005
e93181c8-807e-41c7-99a1-93c3eead37f7	14	19732024	19952080	101	0.714
e93181c8-807e-41c7-99a1-93c3eead37f7	14	19954424	20999997	772	-0.1696
e93181c8-807e-41c7-99a1-93c3eead37f7	14	21002682	21446706	237	0.2115
e93181c8-807e-41c7-99a1-93c3eead37f7	14	21449851	21925817	342	-0.0729
e93181c8-807e-41c7-99a1-93c3eead37f7	14	21925968	22509094	511	0.1221
e93181c8-807e-41c7-99a1-93c3eead37f7	14	22509114	23213426	391	-0.1665
e93181c8-807e-41c7-99a1-93c3eead37f7	14	23213490	23756361	304	-0.7244
e93181c8-807e-41c7-99a1-93c3eead37f7	14	23762392	23771475	16	-0.076
e93181c8-807e-41c7-99a1-93c3eead37f7	14	23772636	23957397	126	-0.6987
e93181c8-807e-41c7-99a1-93c3eead37f7	14	23957440	24049930	57	-0.3594
e93181c8-807e-41c7-99a1-93c3eead37f7	14	24050053	31440039	4433	-0.6715
e93181c8-807e-41c7-99a1-93c3eead37f7	14	31444195	33863765	1896	-0.1389
e93181c8-807e-41c7-99a1-93c3eead37f7	14	33863799	34932794	651	-0.6716
e93181c8-807e-41c7-99a1-93c3eead37f7	14	34945064	35479812	278	-0.1514
e93181c8-807e-41c7-99a1-93c3eead37f7	14	35480166	41818642	3983	-0.6641
e93181c8-807e-41c7-99a1-93c3eead37f7	14	41820663	41994817	110	-0.1278
e93181c8-807e-41c7-99a1-93c3eead37f7	14	41995343	51466089	5534	-0.6557
e93181c8-807e-41c7-99a1-93c3eead37f7	14	51466922	54547706	2128	-0.1801
e93181c8-807e-41c7-99a1-93c3eead37f7	14	54549894	55490595	607	0.1692
e93181c8-807e-41c7-99a1-93c3eead37f7	14	55494929	55888229	272	-0.1473
e93181c8-807e-41c7-99a1-93c3eead37f7	14	55888609	55888971	2	-1.3796
e93181c8-807e-41c7-99a1-93c3eead37f7	14	55889141	57062459	982	-0.17
e93181c8-807e-41c7-99a1-93c3eead37f7	14	57065630	57415348	196	0.2058
e93181c8-807e-41c7-99a1-93c3eead37f7	14	57418569	60137165	1719	-0.1511
e93181c8-807e-41c7-99a1-93c3eead37f7	14	60141267	61302808	596	-0.6716
e93181c8-807e-41c7-99a1-93c3eead37f7	14	61307628	65166572	2677	-0.1483
e93181c8-807e-41c7-99a1-93c3eead37f7	14	65168553	65938712	432	0.1848
e93181c8-807e-41c7-99a1-93c3eead37f7	14	65940422	67491762	762	-0.1579
e93181c8-807e-41c7-99a1-93c3eead37f7	14	67497381	68354136	527	0.2093
e93181c8-807e-41c7-99a1-93c3eead37f7	14	68357697	68444837	63	-0.2277
e93181c8-807e-41c7-99a1-93c3eead37f7	14	68445933	68495904	33	0.2037
e93181c8-807e-41c7-99a1-93c3eead37f7	14	68498552	69089149	470	-0.1942
e93181c8-807e-41c7-99a1-93c3eead37f7	14	69089668	69624868	310	0.1643
e93181c8-807e-41c7-99a1-93c3eead37f7	14	69626250	69758540	69	-0.186
e93181c8-807e-41c7-99a1-93c3eead37f7	14	69759770	71058313	859	-0.7468
e93181c8-807e-41c7-99a1-93c3eead37f7	14	71063233	72898466	1318	-0.314
e93181c8-807e-41c7-99a1-93c3eead37f7	14	72898508	72938542	40	-0.0277
e93181c8-807e-41c7-99a1-93c3eead37f7	14	72946774	73476486	267	-0.2129
e93181c8-807e-41c7-99a1-93c3eead37f7	14	73483284	73578688	50	-0.0666
e93181c8-807e-41c7-99a1-93c3eead37f7	14	73583560	73757773	94	-0.6178
e93181c8-807e-41c7-99a1-93c3eead37f7	14	73761745	74334881	335	-0.1377
e93181c8-807e-41c7-99a1-93c3eead37f7	14	74336817	74515179	88	0.2033
e93181c8-807e-41c7-99a1-93c3eead37f7	14	74515383	74936758	238	-0.1628
e93181c8-807e-41c7-99a1-93c3eead37f7	14	74937114	75152415	101	0.1885
e93181c8-807e-41c7-99a1-93c3eead37f7	14	75154611	75445434	217	-0.1497
e93181c8-807e-41c7-99a1-93c3eead37f7	14	75445448	75485162	40	-0.7857
e93181c8-807e-41c7-99a1-93c3eead37f7	14	75490059	75881373	215	-0.1774
e93181c8-807e-41c7-99a1-93c3eead37f7	14	75881898	75882339	5	-1.4836
e93181c8-807e-41c7-99a1-93c3eead37f7	14	75884780	79589661	2646	-0.1624
e93181c8-807e-41c7-99a1-93c3eead37f7	14	79590495	87073909	4975	-0.6855
e93181c8-807e-41c7-99a1-93c3eead37f7	14	87077599	91690637	2880	-0.3249
e93181c8-807e-41c7-99a1-93c3eead37f7	14	91691828	92734243	734	-0.7178
e93181c8-807e-41c7-99a1-93c3eead37f7	14	92739849	92795943	36	-0.3226
e93181c8-807e-41c7-99a1-93c3eead37f7	14	92796075	93005974	128	-0.007
e93181c8-807e-41c7-99a1-93c3eead37f7	14	93007641	93744987	356	-0.3267
e93181c8-807e-41c7-99a1-93c3eead37f7	14	93749223	95122202	1181	-0.739
e93181c8-807e-41c7-99a1-93c3eead37f7	14	95130649	99732599	3634	-0.1683
e93181c8-807e-41c7-99a1-93c3eead37f7	14	99738233	99862344	86	0.2126
e93181c8-807e-41c7-99a1-93c3eead37f7	14	99866633	101970255	1177	-0.1537
e93181c8-807e-41c7-99a1-93c3eead37f7	14	101970899	102114828	69	-0.732
e93181c8-807e-41c7-99a1-93c3eead37f7	14	102117482	102350753	97	-0.1822
e93181c8-807e-41c7-99a1-93c3eead37f7	14	102356907	102398364	15	0.1816
e93181c8-807e-41c7-99a1-93c3eead37f7	14	102404878	102895680	229	-0.1832
e93181c8-807e-41c7-99a1-93c3eead37f7	14	102901073	103491274	316	0.2276
e93181c8-807e-41c7-99a1-93c3eead37f7	14	103491873	104761451	480	-0.1481
e93181c8-807e-41c7-99a1-93c3eead37f7	14	104766294	105632424	235	-0.6506
e93181c8-807e-41c7-99a1-93c3eead37f7	14	105632998	106321086	220	-0.1486
e93181c8-807e-41c7-99a1-93c3eead37f7	14	106340102	106346129	7	-1.8712
e93181c8-807e-41c7-99a1-93c3eead37f7	14	106360014	106393765	20	-0.1609
e93181c8-807e-41c7-99a1-93c3eead37f7	14	106394998	106455406	41	-0.6865
e93181c8-807e-41c7-99a1-93c3eead37f7	14	106455445	106458677	12	-0.1069
e93181c8-807e-41c7-99a1-93c3eead37f7	14	106458728	106462169	5	-0.7788
e93181c8-807e-41c7-99a1-93c3eead37f7	14	106462183	106689547	116	-0.1413
e93181c8-807e-41c7-99a1-93c3eead37f7	14	106696326	106719325	8	-1.182
e93181c8-807e-41c7-99a1-93c3eead37f7	14	106769689	106877229	72	-0.1431
e93181c8-807e-41c7-99a1-93c3eead37f7	15	19811075	50524735	17211	-0.1553
e93181c8-807e-41c7-99a1-93c3eead37f7	15	50526384	50736705	101	-0.5983
e93181c8-807e-41c7-99a1-93c3eead37f7	15	50740913	53284302	1618	-0.1586
e93181c8-807e-41c7-99a1-93c3eead37f7	15	53284736	53287700	2	-1.4741
e93181c8-807e-41c7-99a1-93c3eead37f7	15	53288151	56497449	2200	-0.1619
e93181c8-807e-41c7-99a1-93c3eead37f7	15	56498505	56508779	25	-1.0293
e93181c8-807e-41c7-99a1-93c3eead37f7	15	56509425	69945061	9148	-0.1756
e93181c8-807e-41c7-99a1-93c3eead37f7	15	69945852	69946029	2	-1.8448
e93181c8-807e-41c7-99a1-93c3eead37f7	15	69946078	76577448	3603	-0.1657
e93181c8-807e-41c7-99a1-93c3eead37f7	15	76577588	76610129	32	0.3407
e93181c8-807e-41c7-99a1-93c3eead37f7	15	76610297	77046930	186	-0.1829
e93181c8-807e-41c7-99a1-93c3eead37f7	15	77052451	77483016	193	-0.6722
e93181c8-807e-41c7-99a1-93c3eead37f7	15	77494561	83871986	4023	-0.1613
e93181c8-807e-41c7-99a1-93c3eead37f7	15	83874133	83878795	7	-1.229
e93181c8-807e-41c7-99a1-93c3eead37f7	15	83879115	86049423	1178	-0.1439
e93181c8-807e-41c7-99a1-93c3eead37f7	15	86052749	86059073	6	-1.4858
e93181c8-807e-41c7-99a1-93c3eead37f7	15	86064754	91469694	3897	-0.1496
e93181c8-807e-41c7-99a1-93c3eead37f7	15	91470672	91474401	2	-2.3475
e93181c8-807e-41c7-99a1-93c3eead37f7	15	91474765	92222525	680	-0.1662
e93181c8-807e-41c7-99a1-93c3eead37f7	15	92222644	92223064	3	2.084
e93181c8-807e-41c7-99a1-93c3eead37f7	15	92223528	101928837	7421	-0.1481
e93181c8-807e-41c7-99a1-93c3eead37f7	16	10777	1270725	427	0.1915
e93181c8-807e-41c7-99a1-93c3eead37f7	16	1285620	1549737	82	0.5525
e93181c8-807e-41c7-99a1-93c3eead37f7	16	1551878	2075833	243	0.3322
e93181c8-807e-41c7-99a1-93c3eead37f7	16	2095962	4782255	1246	0.1809
e93181c8-807e-41c7-99a1-93c3eead37f7	16	4787003	4921780	85	-0.1583
e93181c8-807e-41c7-99a1-93c3eead37f7	16	4923110	9655507	5034	0.2168
e93181c8-807e-41c7-99a1-93c3eead37f7	16	9656909	9959592	276	-0.1417
e93181c8-807e-41c7-99a1-93c3eead37f7	16	9960531	10642689	637	0.2207
e93181c8-807e-41c7-99a1-93c3eead37f7	16	10643563	11251842	444	-0.1938
e93181c8-807e-41c7-99a1-93c3eead37f7	16	11257354	11259447	6	0.1669
e93181c8-807e-41c7-99a1-93c3eead37f7	16	11260640	11275292	18	0.543
e93181c8-807e-41c7-99a1-93c3eead37f7	16	11275348	11432324	120	0.2053
e93181c8-807e-41c7-99a1-93c3eead37f7	16	11433784	15708477	2765	-0.1489
e93181c8-807e-41c7-99a1-93c3eead37f7	16	15709798	16539504	383	0.1862
e93181c8-807e-41c7-99a1-93c3eead37f7	16	16539715	21648360	2685	-0.1779
e93181c8-807e-41c7-99a1-93c3eead37f7	16	21653875	21935272	75	0.201
e93181c8-807e-41c7-99a1-93c3eead37f7	16	21937449	22692541	317	-0.1628
e93181c8-807e-41c7-99a1-93c3eead37f7	16	22693199	22744612	44	0.226
e93181c8-807e-41c7-99a1-93c3eead37f7	16	22744646	28330451	3954	-0.1848
e93181c8-807e-41c7-99a1-93c3eead37f7	16	28373156	29335808	241	0.1458
e93181c8-807e-41c7-99a1-93c3eead37f7	16	29340457	29780400	79	0.4765
e93181c8-807e-41c7-99a1-93c3eead37f7	16	29791347	30635374	249	0.1974
e93181c8-807e-41c7-99a1-93c3eead37f7	16	30635952	30673928	11	-0.2225
e93181c8-807e-41c7-99a1-93c3eead37f7	16	30676392	31800590	464	0.1621
e93181c8-807e-41c7-99a1-93c3eead37f7	16	31802978	31969518	66	0.4697
e93181c8-807e-41c7-99a1-93c3eead37f7	16	31982609	32383608	26	-0.0783
e93181c8-807e-41c7-99a1-93c3eead37f7	16	32388925	32904231	27	0.3651
e93181c8-807e-41c7-99a1-93c3eead37f7	16	32938932	46463450	468	0.019
e93181c8-807e-41c7-99a1-93c3eead37f7	16	46469294	78337711	20718	-0.5584
e93181c8-807e-41c7-99a1-93c3eead37f7	16	78338543	78350868	17	0.3054
e93181c8-807e-41c7-99a1-93c3eead37f7	16	78351104	78477070	179	-0.5569
e93181c8-807e-41c7-99a1-93c3eead37f7	16	78479763	87833554	9438	-0.602
e93181c8-807e-41c7-99a1-93c3eead37f7	16	87834196	87844662	4	-2.532
e93181c8-807e-41c7-99a1-93c3eead37f7	16	87845916	90096867	958	-0.6178
e93181c8-807e-41c7-99a1-93c3eead37f7	17	150733	233258	46	-0.2339
e93181c8-807e-41c7-99a1-93c3eead37f7	17	233297	233405	3	-1.0345
e93181c8-807e-41c7-99a1-93c3eead37f7	17	233494	331291	59	-0.2214
e93181c8-807e-41c7-99a1-93c3eead37f7	17	331533	332403	2	-2.4124
e93181c8-807e-41c7-99a1-93c3eead37f7	17	333447	1033696	367	-0.1429
e93181c8-807e-41c7-99a1-93c3eead37f7	17	1036804	1042324	3	-3.8931
e93181c8-807e-41c7-99a1-93c3eead37f7	17	1047718	2408335	671	-0.1295
e93181c8-807e-41c7-99a1-93c3eead37f7	17	2409060	2409080	4	0.877
e93181c8-807e-41c7-99a1-93c3eead37f7	17	2413234	5560726	1703	-0.153
e93181c8-807e-41c7-99a1-93c3eead37f7	17	5564576	5640109	49	0.1951
e93181c8-807e-41c7-99a1-93c3eead37f7	17	5640605	32472097	12531	-0.161
e93181c8-807e-41c7-99a1-93c3eead37f7	17	32473837	34358623	1602	-0.6743
e93181c8-807e-41c7-99a1-93c3eead37f7	17	34358987	34359191	3	-2.8505
e93181c8-807e-41c7-99a1-93c3eead37f7	17	34359317	41266838	3746	-0.6666
e93181c8-807e-41c7-99a1-93c3eead37f7	17	41266851	41267053	5	-1.921
e93181c8-807e-41c7-99a1-93c3eead37f7	17	41267068	41273905	10	-0.8162
e93181c8-807e-41c7-99a1-93c3eead37f7	17	41273921	41274198	3	-2.932
e93181c8-807e-41c7-99a1-93c3eead37f7	17	41274279	46135838	2522	-0.6529
e93181c8-807e-41c7-99a1-93c3eead37f7	17	46136346	46687628	97	-0.0688
e93181c8-807e-41c7-99a1-93c3eead37f7	17	46707286	47316482	339	-0.6681
e93181c8-807e-41c7-99a1-93c3eead37f7	17	47316618	51175780	1977	-0.1863
e93181c8-807e-41c7-99a1-93c3eead37f7	17	51187713	55199816	2729	-0.129
e93181c8-807e-41c7-99a1-93c3eead37f7	17	55200036	57608651	1948	-0.1719
e93181c8-807e-41c7-99a1-93c3eead37f7	17	57610128	57614632	4	-1.1367
e93181c8-807e-41c7-99a1-93c3eead37f7	17	57616251	57818178	174	-0.1577
e93181c8-807e-41c7-99a1-93c3eead37f7	17	57822155	57983620	104	0.1439
e93181c8-807e-41c7-99a1-93c3eead37f7	17	57984331	83091923	14268	-0.1639
e93181c8-807e-41c7-99a1-93c3eead37f7	18	48133	97829	9	-0.4261
e93181c8-807e-41c7-99a1-93c3eead37f7	18	99048	7002203	5017	-0.1298
e93181c8-807e-41c7-99a1-93c3eead37f7	18	7002597	7003719	2	-1.993
e93181c8-807e-41c7-99a1-93c3eead37f7	18	7004053	15277603	5352	-0.1591
e93181c8-807e-41c7-99a1-93c3eead37f7	18	15284338	15354968	14	-0.6944
e93181c8-807e-41c7-99a1-93c3eead37f7	18	15358849	23345113	1226	-0.1561
e93181c8-807e-41c7-99a1-93c3eead37f7	18	23350030	32424501	5871	-0.3022
e93181c8-807e-41c7-99a1-93c3eead37f7	18	32429566	36592442	2602	0.1635
e93181c8-807e-41c7-99a1-93c3eead37f7	18	36596074	37689709	740	0.7662
e93181c8-807e-41c7-99a1-93c3eead37f7	18	37692397	38600284	649	0.6705
e93181c8-807e-41c7-99a1-93c3eead37f7	18	38601417	39417985	501	0.8035
e93181c8-807e-41c7-99a1-93c3eead37f7	18	39418086	39808493	194	0.9115
e93181c8-807e-41c7-99a1-93c3eead37f7	18	39808979	40678763	603	0.3786
e93181c8-807e-41c7-99a1-93c3eead37f7	18	40680456	40680506	4	-0.555
e93181c8-807e-41c7-99a1-93c3eead37f7	18	40680516	40685425	15	-1.1965
e93181c8-807e-41c7-99a1-93c3eead37f7	18	40688060	43282282	1745	0.3499
e93181c8-807e-41c7-99a1-93c3eead37f7	18	43293031	47613159	2754	-0.0548
e93181c8-807e-41c7-99a1-93c3eead37f7	18	47613733	57074410	6490	-0.6808
e93181c8-807e-41c7-99a1-93c3eead37f7	18	57076913	57078925	4	-2.5245
e93181c8-807e-41c7-99a1-93c3eead37f7	18	57078987	73803856	12236	-0.6689
e93181c8-807e-41c7-99a1-93c3eead37f7	18	73804797	78237083	3491	-0.7288
e93181c8-807e-41c7-99a1-93c3eead37f7	18	78238318	78775996	371	-0.6475
e93181c8-807e-41c7-99a1-93c3eead37f7	18	78776239	78781322	2	-2.9915
e93181c8-807e-41c7-99a1-93c3eead37f7	18	78783609	80257174	763	-0.696
e93181c8-807e-41c7-99a1-93c3eead37f7	19	90910	1977791	434	-0.7027
e93181c8-807e-41c7-99a1-93c3eead37f7	19	1981809	2123040	29	-1.3982
e93181c8-807e-41c7-99a1-93c3eead37f7	19	2124622	9443514	3067	-0.6634
e93181c8-807e-41c7-99a1-93c3eead37f7	19	9452604	9635979	95	-0.1432
e93181c8-807e-41c7-99a1-93c3eead37f7	19	9646374	9752177	58	0.3165
e93181c8-807e-41c7-99a1-93c3eead37f7	19	9755145	9757402	3	-1.1163
e93181c8-807e-41c7-99a1-93c3eead37f7	19	9761404	10545766	325	0.4162
e93181c8-807e-41c7-99a1-93c3eead37f7	19	10546128	10727001	83	0.1413
e93181c8-807e-41c7-99a1-93c3eead37f7	19	10727328	11662982	421	0.4597
e93181c8-807e-41c7-99a1-93c3eead37f7	19	11669235	12529097	484	0.6761
e93181c8-807e-41c7-99a1-93c3eead37f7	19	12529284	12768043	89	0.8427
e93181c8-807e-41c7-99a1-93c3eead37f7	19	12777278	13373389	234	0.6015
e93181c8-807e-41c7-99a1-93c3eead37f7	19	13373570	13860084	251	0.8305
e93181c8-807e-41c7-99a1-93c3eead37f7	19	13864543	13910781	9	0.5758
e93181c8-807e-41c7-99a1-93c3eead37f7	19	13911286	14646590	253	0.9459
e93181c8-807e-41c7-99a1-93c3eead37f7	19	14647188	15038423	315	1.1367
e93181c8-807e-41c7-99a1-93c3eead37f7	19	15041083	15162524	96	0.9714
e93181c8-807e-41c7-99a1-93c3eead37f7	19	15162539	15680807	326	0.7869
e93181c8-807e-41c7-99a1-93c3eead37f7	19	15680854	16139717	328	0.9657
e93181c8-807e-41c7-99a1-93c3eead37f7	19	16144429	16317587	102	0.1892
e93181c8-807e-41c7-99a1-93c3eead37f7	19	16320550	16460775	68	0.9557
e93181c8-807e-41c7-99a1-93c3eead37f7	19	16464625	22910216	3230	0.1924
e93181c8-807e-41c7-99a1-93c3eead37f7	19	22910810	23541960	354	-0.15
e93181c8-807e-41c7-99a1-93c3eead37f7	19	23543860	24324365	476	0.8397
e93181c8-807e-41c7-99a1-93c3eead37f7	19	24324370	28536606	721	0.2041
e93181c8-807e-41c7-99a1-93c3eead37f7	19	28539410	29264774	554	0.4711
e93181c8-807e-41c7-99a1-93c3eead37f7	19	29266061	30232259	728	-0.1711
e93181c8-807e-41c7-99a1-93c3eead37f7	19	30232407	36267995	4004	0.183
e93181c8-807e-41c7-99a1-93c3eead37f7	19	36314803	36316398	3	-1.2242
e93181c8-807e-41c7-99a1-93c3eead37f7	19	36334346	36716767	239	0.2029
e93181c8-807e-41c7-99a1-93c3eead37f7	19	36721476	37846942	535	0.4416
e93181c8-807e-41c7-99a1-93c3eead37f7	19	37849175	37853577	4	-0.4509
e93181c8-807e-41c7-99a1-93c3eead37f7	19	37855094	38234776	233	0.4044
e93181c8-807e-41c7-99a1-93c3eead37f7	19	38236720	38844634	306	0.6352
e93181c8-807e-41c7-99a1-93c3eead37f7	19	38845559	42271778	1716	-0.2072
e93181c8-807e-41c7-99a1-93c3eead37f7	19	42296199	45059997	1521	-0.6557
e93181c8-807e-41c7-99a1-93c3eead37f7	19	45065921	49123939	1785	-0.1674
e93181c8-807e-41c7-99a1-93c3eead37f7	19	49137037	49162194	10	0.6056
e93181c8-807e-41c7-99a1-93c3eead37f7	19	49163997	58586487	5586	-0.1678
e93181c8-807e-41c7-99a1-93c3eead37f7	20	80664	1580353	1203	0.1914
e93181c8-807e-41c7-99a1-93c3eead37f7	20	1580934	1613247	41	1.9794
e93181c8-807e-41c7-99a1-93c3eead37f7	20	1617300	6756737	3808	0.1979
e93181c8-807e-41c7-99a1-93c3eead37f7	20	6761268	17329852	8496	0.2405
e93181c8-807e-41c7-99a1-93c3eead37f7	20	17335371	38176144	10046	0.1881
e93181c8-807e-41c7-99a1-93c3eead37f7	20	38177238	38189927	14	-0.2698
e93181c8-807e-41c7-99a1-93c3eead37f7	20	38191543	54092461	11387	0.1991
e93181c8-807e-41c7-99a1-93c3eead37f7	20	54092593	57631675	2860	0.2373
e93181c8-807e-41c7-99a1-93c3eead37f7	20	57634220	62129129	3631	0.1972
e93181c8-807e-41c7-99a1-93c3eead37f7	20	62132359	62287334	81	0.5362
e93181c8-807e-41c7-99a1-93c3eead37f7	20	62292725	64010704	650	0.2183
e93181c8-807e-41c7-99a1-93c3eead37f7	20	64014740	64324800	158	0.0482
e93181c8-807e-41c7-99a1-93c3eead37f7	21	10354168	10512698	22	-0.244
e93181c8-807e-41c7-99a1-93c3eead37f7	21	10524022	10529144	3	-1.4356
e93181c8-807e-41c7-99a1-93c3eead37f7	21	10529226	10605368	46	-0.5308
e93181c8-807e-41c7-99a1-93c3eead37f7	21	10606113	10611984	3	-0.9325
e93181c8-807e-41c7-99a1-93c3eead37f7	21	10613440	13933618	231	-0.4284
e93181c8-807e-41c7-99a1-93c3eead37f7	21	13933932	28512818	10782	-0.6579
e93181c8-807e-41c7-99a1-93c3eead37f7	21	28514738	28550068	23	-1.4332
e93181c8-807e-41c7-99a1-93c3eead37f7	21	28554425	28566871	6	-0.5216
e93181c8-807e-41c7-99a1-93c3eead37f7	21	28567114	28579765	8	-1.6059
e93181c8-807e-41c7-99a1-93c3eead37f7	21	28581610	30584090	1436	-0.6753
e93181c8-807e-41c7-99a1-93c3eead37f7	21	30584743	32414175	1269	-0.1325
e93181c8-807e-41c7-99a1-93c3eead37f7	21	32416913	35950148	2469	-0.19
e93181c8-807e-41c7-99a1-93c3eead37f7	21	35951114	44420537	6228	-0.1501
e93181c8-807e-41c7-99a1-93c3eead37f7	21	44447091	44447588	3	-1.5728
e93181c8-807e-41c7-99a1-93c3eead37f7	21	44448356	46677045	1313	-0.1656
e93181c8-807e-41c7-99a1-93c3eead37f7	22	15294547	16446134	55	-0.1855
e93181c8-807e-41c7-99a1-93c3eead37f7	22	16448897	17141473	346	-0.631
e93181c8-807e-41c7-99a1-93c3eead37f7	22	17142518	17143182	2	-2.3072
e93181c8-807e-41c7-99a1-93c3eead37f7	22	17144053	17360178	132	-0.668
e93181c8-807e-41c7-99a1-93c3eead37f7	22	17363406	17846380	332	-1.6257
e93181c8-807e-41c7-99a1-93c3eead37f7	22	17850983	18142004	231	-0.6834
e93181c8-807e-41c7-99a1-93c3eead37f7	22	18143362	18146386	8	-5.4075
e93181c8-807e-41c7-99a1-93c3eead37f7	22	18147293	18190590	13	-0.5876
e93181c8-807e-41c7-99a1-93c3eead37f7	22	18392404	18783014	7	0.3913
e93181c8-807e-41c7-99a1-93c3eead37f7	22	18818348	20624385	1048	-0.7071
e93181c8-807e-41c7-99a1-93c3eead37f7	22	20624432	20626070	3	-3.0263
e93181c8-807e-41c7-99a1-93c3eead37f7	22	20626921	22150973	1000	-0.6197
e93181c8-807e-41c7-99a1-93c3eead37f7	22	22150981	22228703	137	-0.1456
e93181c8-807e-41c7-99a1-93c3eead37f7	22	22228719	22229139	3	-1.4114
e93181c8-807e-41c7-99a1-93c3eead37f7	22	22229831	22336851	41	-0.205
e93181c8-807e-41c7-99a1-93c3eead37f7	22	22337132	22778891	257	-0.6126
e93181c8-807e-41c7-99a1-93c3eead37f7	22	22781899	25430519	1724	2.2568
e93181c8-807e-41c7-99a1-93c3eead37f7	22	25439231	25939280	519	-0.1597
e93181c8-807e-41c7-99a1-93c3eead37f7	22	25939332	27922044	1951	-0.7115
e93181c8-807e-41c7-99a1-93c3eead37f7	22	27937822	29469151	864	-0.1592
e93181c8-807e-41c7-99a1-93c3eead37f7	22	29469643	30409787	522	0.1821
e93181c8-807e-41c7-99a1-93c3eead37f7	22	30415123	30982609	343	0.448
e93181c8-807e-41c7-99a1-93c3eead37f7	22	30984931	31317782	162	-0.6774
e93181c8-807e-41c7-99a1-93c3eead37f7	22	31321461	35375116	3365	-0.1529
e93181c8-807e-41c7-99a1-93c3eead37f7	22	35382285	40398816	2835	-0.7097
e93181c8-807e-41c7-99a1-93c3eead37f7	22	40401668	41042608	292	-0.1896
e93181c8-807e-41c7-99a1-93c3eead37f7	22	41042706	41921107	584	-0.6189
e93181c8-807e-41c7-99a1-93c3eead37f7	22	41921921	48427664	4731	-1.8501
e93181c8-807e-41c7-99a1-93c3eead37f7	22	48427931	48713564	210	-2.8056
e93181c8-807e-41c7-99a1-93c3eead37f7	22	48713865	48751158	40	-1.6168
e93181c8-807e-41c7-99a1-93c3eead37f7	22	48757059	48757943	6	-0.2323
e93181c8-807e-41c7-99a1-93c3eead37f7	22	48757993	48781165	35	-1.4066
e93181c8-807e-41c7-99a1-93c3eead37f7	22	48781929	48796944	20	-2.0206
e93181c8-807e-41c7-99a1-93c3eead37f7	22	48797027	48927399	60	-1.4058
e93181c8-807e-41c7-99a1-93c3eead37f7	22	48929017	49693689	701	-2.2357
e93181c8-807e-41c7-99a1-93c3eead37f7	22	49694314	50737337	453	-1.6721
e93181c8-807e-41c7-99a1-93c3eead37f7	22	50742808	50796027	14	-0.5761
e93181c8-807e-41c7-99a1-93c3eead37f7	X	251810	554401	30	-0.0506
e93181c8-807e-41c7-99a1-93c3eead37f7	X	554899	4902284	1524	-0.4896
e93181c8-807e-41c7-99a1-93c3eead37f7	X	4903288	4907452	4	-5.2667
e93181c8-807e-41c7-99a1-93c3eead37f7	X	4908726	10054134	3968	-0.5767
e93181c8-807e-41c7-99a1-93c3eead37f7	X	10055100	10056396	5	-4.668
e93181c8-807e-41c7-99a1-93c3eead37f7	X	10056618	13325469	2331	-0.5877
e93181c8-807e-41c7-99a1-93c3eead37f7	X	13326270	13331188	9	-3.8484
e93181c8-807e-41c7-99a1-93c3eead37f7	X	13332308	30958046	10753	-0.5391
e93181c8-807e-41c7-99a1-93c3eead37f7	X	30958830	30959184	2	-6.4436
e93181c8-807e-41c7-99a1-93c3eead37f7	X	30959316	38438304	4722	-0.5216
e93181c8-807e-41c7-99a1-93c3eead37f7	X	38438347	38438756	3	-6.366
e93181c8-807e-41c7-99a1-93c3eead37f7	X	38438789	41437422	1765	-0.6289
e93181c8-807e-41c7-99a1-93c3eead37f7	X	41443226	41957646	245	0.3327
e93181c8-807e-41c7-99a1-93c3eead37f7	X	41959892	43762218	931	-0.4473
e93181c8-807e-41c7-99a1-93c3eead37f7	X	43762521	43768752	10	-3.063
e93181c8-807e-41c7-99a1-93c3eead37f7	X	43769736	49140330	2615	-0.5028
e93181c8-807e-41c7-99a1-93c3eead37f7	X	49140346	49605771	126	0.4111
e93181c8-807e-41c7-99a1-93c3eead37f7	X	49606298	50388570	347	-0.5077
e93181c8-807e-41c7-99a1-93c3eead37f7	X	50389517	50392329	3	-5.9532
e93181c8-807e-41c7-99a1-93c3eead37f7	X	50393790	50645394	145	-0.6271
e93181c8-807e-41c7-99a1-93c3eead37f7	X	50645495	50648660	4	-4.0315
e93181c8-807e-41c7-99a1-93c3eead37f7	X	50649142	56324757	2356	-0.4589
e93181c8-807e-41c7-99a1-93c3eead37f7	X	56325066	58149645	876	0.355
e93181c8-807e-41c7-99a1-93c3eead37f7	X	58153498	63302648	270	0.538
e93181c8-807e-41c7-99a1-93c3eead37f7	X	63307631	75162282	5236	0.3468
e93181c8-807e-41c7-99a1-93c3eead37f7	X	75162475	76174878	478	0.4692
e93181c8-807e-41c7-99a1-93c3eead37f7	X	76175337	84751450	4144	0.3169
e93181c8-807e-41c7-99a1-93c3eead37f7	X	84761318	85360881	374	0.48
e93181c8-807e-41c7-99a1-93c3eead37f7	X	85368032	90306930	2893	0.3228
e93181c8-807e-41c7-99a1-93c3eead37f7	X	90312024	91451365	437	0.4801
e93181c8-807e-41c7-99a1-93c3eead37f7	X	91451839	95030787	1783	0.3745
e93181c8-807e-41c7-99a1-93c3eead37f7	X	95033199	96359573	747	0.4891
e93181c8-807e-41c7-99a1-93c3eead37f7	X	96361844	101645756	2935	0.3419
e93181c8-807e-41c7-99a1-93c3eead37f7	X	101648969	101651007	3	-2.1927
e93181c8-807e-41c7-99a1-93c3eead37f7	X	101653218	106261421	2282	0.3358
e93181c8-807e-41c7-99a1-93c3eead37f7	X	106279016	106302505	11	-3.8166
e93181c8-807e-41c7-99a1-93c3eead37f7	X	106303174	106307571	5	-1.0408
e93181c8-807e-41c7-99a1-93c3eead37f7	X	106314563	126203774	11274	0.3545
e93181c8-807e-41c7-99a1-93c3eead37f7	X	126203900	126204012	2	-1.7399
e93181c8-807e-41c7-99a1-93c3eead37f7	X	126208071	127946021	1052	0.3655
e93181c8-807e-41c7-99a1-93c3eead37f7	X	127946558	128576924	285	0.4939
e93181c8-807e-41c7-99a1-93c3eead37f7	X	128580054	131285569	1514	0.343
e93181c8-807e-41c7-99a1-93c3eead37f7	X	131286032	131837478	322	0.4793
e93181c8-807e-41c7-99a1-93c3eead37f7	X	131839353	135069607	1622	0.3276
e93181c8-807e-41c7-99a1-93c3eead37f7	X	135072660	135943073	415	0.4523
e93181c8-807e-41c7-99a1-93c3eead37f7	X	135943090	139670223	2306	0.3221
e93181c8-807e-41c7-99a1-93c3eead37f7	X	139674933	142044354	1364	0.4145
e93181c8-807e-41c7-99a1-93c3eead37f7	X	142044579	146831486	3297	0.3362
e93181c8-807e-41c7-99a1-93c3eead37f7	X	146831670	146833826	2	-2.4735
e93181c8-807e-41c7-99a1-93c3eead37f7	X	146834129	152212454	3583	0.3553
e93181c8-807e-41c7-99a1-93c3eead37f7	X	152213139	152213308	2	-2.1341
e93181c8-807e-41c7-99a1-93c3eead37f7	X	152213723	155952689	1598	0.3991
e93181c8-807e-41c7-99a1-93c3eead37f7	Y	2782397	6249869	785	-2.9808
e93181c8-807e-41c7-99a1-93c3eead37f7	Y	6252391	23014812	5655	-3.4039
e93181c8-807e-41c7-99a1-93c3eead37f7	Y	23029591	56872112	199	-2.8831
