GDC_Aliquot	Chromosome	Start	End	Num_Probes	Segment_Mean
abd8131a-d16a-4a5f-9bca-2f0f1fede65d	1	62920	86341	11	-1.0351
abd8131a-d16a-4a5f-9bca-2f0f1fede65d	1	98588	3184789	666	-0.143
abd8131a-d16a-4a5f-9bca-2f0f1fede65d	1	3185198	12639743	5707	-0.0252
abd8131a-d16a-4a5f-9bca-2f0f1fede65d	1	12639929	13119897	135	-0.1221
abd8131a-d16a-4a5f-9bca-2f0f1fede65d	1	13270143	13326062	3	-0.9234
abd8131a-d16a-4a5f-9bca-2f0f1fede65d	1	13338980	14736130	1036	-0.1044
abd8131a-d16a-4a5f-9bca-2f0f1fede65d	1	14737886	16583114	1083	-0.0296
abd8131a-d16a-4a5f-9bca-2f0f1fede65d	1	16604834	16643816	23	0.5818
abd8131a-d16a-4a5f-9bca-2f0f1fede65d	1	16643864	16863509	30	-0.1468
abd8131a-d16a-4a5f-9bca-2f0f1fede65d	1	16864367	16935752	54	0.9803
abd8131a-d16a-4a5f-9bca-2f0f1fede65d	1	16949746	21825156	3251	-0.0656
abd8131a-d16a-4a5f-9bca-2f0f1fede65d	1	21825701	21833764	3	-1.4648
abd8131a-d16a-4a5f-9bca-2f0f1fede65d	1	21837671	25256850	2004	-0.0623
abd8131a-d16a-4a5f-9bca-2f0f1fede65d	1	25266637	25320455	24	-2.842
abd8131a-d16a-4a5f-9bca-2f0f1fede65d	1	25336819	30258851	2382	-0.0691
abd8131a-d16a-4a5f-9bca-2f0f1fede65d	1	30259533	30272363	14	-0.8199
abd8131a-d16a-4a5f-9bca-2f0f1fede65d	1	30274729	34625993	2547	-0.0704
abd8131a-d16a-4a5f-9bca-2f0f1fede65d	1	34626037	34638890	22	-0.8822
abd8131a-d16a-4a5f-9bca-2f0f1fede65d	1	34648667	37307167	1412	-0.0571
abd8131a-d16a-4a5f-9bca-2f0f1fede65d	1	37307449	37308262	3	-1.1403
abd8131a-d16a-4a5f-9bca-2f0f1fede65d	1	37308691	37415942	67	-0.1323
abd8131a-d16a-4a5f-9bca-2f0f1fede65d	1	37416513	37455082	23	-0.475
abd8131a-d16a-4a5f-9bca-2f0f1fede65d	1	37455442	41358862	2124	-0.0596
abd8131a-d16a-4a5f-9bca-2f0f1fede65d	1	41363961	41537754	121	0.1307
abd8131a-d16a-4a5f-9bca-2f0f1fede65d	1	41538081	46139784	2618	-0.0479
abd8131a-d16a-4a5f-9bca-2f0f1fede65d	1	46142836	54619510	4659	0.0004
abd8131a-d16a-4a5f-9bca-2f0f1fede65d	1	54619932	64649830	7555	-0.0438
abd8131a-d16a-4a5f-9bca-2f0f1fede65d	1	64650129	72290430	5167	0.0273
abd8131a-d16a-4a5f-9bca-2f0f1fede65d	1	72290459	72297687	8	-1.0128
abd8131a-d16a-4a5f-9bca-2f0f1fede65d	1	72302735	72303233	3	0.8427
abd8131a-d16a-4a5f-9bca-2f0f1fede65d	1	72303253	72313397	9	2.2907
abd8131a-d16a-4a5f-9bca-2f0f1fede65d	1	72313408	72345465	36	0.9358
abd8131a-d16a-4a5f-9bca-2f0f1fede65d	1	72346221	72643583	210	0.0761
abd8131a-d16a-4a5f-9bca-2f0f1fede65d	1	72647676	72648418	4	0.8952
abd8131a-d16a-4a5f-9bca-2f0f1fede65d	1	72652042	72869038	148	0.0541
abd8131a-d16a-4a5f-9bca-2f0f1fede65d	1	72871735	72874276	4	-0.7939
abd8131a-d16a-4a5f-9bca-2f0f1fede65d	1	72876169	74803600	1141	0.0468
abd8131a-d16a-4a5f-9bca-2f0f1fede65d	1	74805388	74808182	2	-2.7975
abd8131a-d16a-4a5f-9bca-2f0f1fede65d	1	74808303	75585159	422	0.0532
abd8131a-d16a-4a5f-9bca-2f0f1fede65d	1	75589078	75589169	2	-3.5207
abd8131a-d16a-4a5f-9bca-2f0f1fede65d	1	75593824	78139397	1716	0.0621
abd8131a-d16a-4a5f-9bca-2f0f1fede65d	1	78139415	83530770	3520	0.0292
abd8131a-d16a-4a5f-9bca-2f0f1fede65d	1	83530838	86561241	2136	0.0747
abd8131a-d16a-4a5f-9bca-2f0f1fede65d	1	86562986	86574262	12	-1.0447
abd8131a-d16a-4a5f-9bca-2f0f1fede65d	1	86574884	105476748	11632	0.0453
abd8131a-d16a-4a5f-9bca-2f0f1fede65d	1	105476861	105479753	13	-0.5109
abd8131a-d16a-4a5f-9bca-2f0f1fede65d	1	105481433	109684893	2635	0.0694
abd8131a-d16a-4a5f-9bca-2f0f1fede65d	1	109690352	109697556	13	0.8125
abd8131a-d16a-4a5f-9bca-2f0f1fede65d	1	109702376	110638178	667	0.0813
abd8131a-d16a-4a5f-9bca-2f0f1fede65d	1	110638464	112147704	1278	-0.0063
abd8131a-d16a-4a5f-9bca-2f0f1fede65d	1	112153343	112154619	23	-0.5621
abd8131a-d16a-4a5f-9bca-2f0f1fede65d	1	112154754	143734438	5260	0.0099
abd8131a-d16a-4a5f-9bca-2f0f1fede65d	1	143748012	143796140	23	0.4734
abd8131a-d16a-4a5f-9bca-2f0f1fede65d	1	143811517	150936430	1393	-0.0671
abd8131a-d16a-4a5f-9bca-2f0f1fede65d	1	150940120	152790039	1142	-0.002
abd8131a-d16a-4a5f-9bca-2f0f1fede65d	1	152790180	152801429	27	-0.5709
abd8131a-d16a-4a5f-9bca-2f0f1fede65d	1	152804279	153594303	576	-0.0049
abd8131a-d16a-4a5f-9bca-2f0f1fede65d	1	153596493	153831860	93	0.1695
abd8131a-d16a-4a5f-9bca-2f0f1fede65d	1	153833274	156451132	1211	-0.0028
abd8131a-d16a-4a5f-9bca-2f0f1fede65d	1	156451455	167156843	7807	0.0497
abd8131a-d16a-4a5f-9bca-2f0f1fede65d	1	167157013	189143017	14686	0.0139
abd8131a-d16a-4a5f-9bca-2f0f1fede65d	1	189143053	189679027	338	0.0591
abd8131a-d16a-4a5f-9bca-2f0f1fede65d	1	189679353	189679397	2	-2.6441
abd8131a-d16a-4a5f-9bca-2f0f1fede65d	1	189682917	193186662	2338	0.0444
abd8131a-d16a-4a5f-9bca-2f0f1fede65d	1	193187149	193187218	4	-1.2414
abd8131a-d16a-4a5f-9bca-2f0f1fede65d	1	193190593	196745743	2395	0.045
abd8131a-d16a-4a5f-9bca-2f0f1fede65d	1	196758720	196762956	4	-2.5204
abd8131a-d16a-4a5f-9bca-2f0f1fede65d	1	196769493	196832720	54	0.1829
abd8131a-d16a-4a5f-9bca-2f0f1fede65d	1	196843377	196846661	3	1.2063
abd8131a-d16a-4a5f-9bca-2f0f1fede65d	1	196847600	202598144	3687	0.0459
abd8131a-d16a-4a5f-9bca-2f0f1fede65d	1	202598425	202599414	4	-0.9947
abd8131a-d16a-4a5f-9bca-2f0f1fede65d	1	202599607	203679508	716	0.0229
abd8131a-d16a-4a5f-9bca-2f0f1fede65d	1	203681367	225844528	15175	-0.0102
abd8131a-d16a-4a5f-9bca-2f0f1fede65d	1	225847921	227723480	1150	0.4097
abd8131a-d16a-4a5f-9bca-2f0f1fede65d	1	227726086	234580966	4953	-0.0409
abd8131a-d16a-4a5f-9bca-2f0f1fede65d	1	234581484	245473108	7920	0.0589
abd8131a-d16a-4a5f-9bca-2f0f1fede65d	1	245473737	245483602	11	-1.0447
abd8131a-d16a-4a5f-9bca-2f0f1fede65d	1	245486349	246780043	947	0.0445
abd8131a-d16a-4a5f-9bca-2f0f1fede65d	1	246780235	246782457	5	-0.8969
abd8131a-d16a-4a5f-9bca-2f0f1fede65d	1	246782473	248471839	1044	0.0965
abd8131a-d16a-4a5f-9bca-2f0f1fede65d	1	248473963	248586259	21	-0.2303
abd8131a-d16a-4a5f-9bca-2f0f1fede65d	1	248589915	248633912	29	-0.7589
abd8131a-d16a-4a5f-9bca-2f0f1fede65d	1	248645563	248930189	141	0.1344
abd8131a-d16a-4a5f-9bca-2f0f1fede65d	2	12784	4158097	2983	-0.026
abd8131a-d16a-4a5f-9bca-2f0f1fede65d	2	4166274	4182472	42	-0.7194
abd8131a-d16a-4a5f-9bca-2f0f1fede65d	2	4187192	8378320	3573	-0.0248
abd8131a-d16a-4a5f-9bca-2f0f1fede65d	2	8378569	20987836	9216	0.0423
abd8131a-d16a-4a5f-9bca-2f0f1fede65d	2	20994618	23208921	1417	-0.0112
abd8131a-d16a-4a5f-9bca-2f0f1fede65d	2	23209173	23866996	459	0.0984
abd8131a-d16a-4a5f-9bca-2f0f1fede65d	2	23869038	23870886	2	-0.9243
abd8131a-d16a-4a5f-9bca-2f0f1fede65d	2	23871752	24187824	128	0.0566
abd8131a-d16a-4a5f-9bca-2f0f1fede65d	2	24188107	34466002	6261	-0.0427
abd8131a-d16a-4a5f-9bca-2f0f1fede65d	2	34474248	34511990	46	0.6385
abd8131a-d16a-4a5f-9bca-2f0f1fede65d	2	34512096	38858415	3246	-0.032
abd8131a-d16a-4a5f-9bca-2f0f1fede65d	2	38860748	41943593	2384	-0.097
abd8131a-d16a-4a5f-9bca-2f0f1fede65d	2	41945107	42805101	524	-0.0184
abd8131a-d16a-4a5f-9bca-2f0f1fede65d	2	42807909	43205082	300	0.0781
abd8131a-d16a-4a5f-9bca-2f0f1fede65d	2	43211121	46292370	2278	-0.0361
abd8131a-d16a-4a5f-9bca-2f0f1fede65d	2	46293136	52531615	4274	0.0412
abd8131a-d16a-4a5f-9bca-2f0f1fede65d	2	52531630	52554404	32	0.6274
abd8131a-d16a-4a5f-9bca-2f0f1fede65d	2	52560811	54183729	1226	0.0411
abd8131a-d16a-4a5f-9bca-2f0f1fede65d	2	54183906	54255827	53	-0.2111
abd8131a-d16a-4a5f-9bca-2f0f1fede65d	2	54259004	54432176	130	0.021
abd8131a-d16a-4a5f-9bca-2f0f1fede65d	2	54432570	54432843	2	-1.5867
abd8131a-d16a-4a5f-9bca-2f0f1fede65d	2	54433658	57167460	1935	0.0554
abd8131a-d16a-4a5f-9bca-2f0f1fede65d	2	57167750	57181856	32	-0.2943
abd8131a-d16a-4a5f-9bca-2f0f1fede65d	2	57182221	62522564	3246	0.0316
abd8131a-d16a-4a5f-9bca-2f0f1fede65d	2	62523028	65423275	1588	-0.0341
abd8131a-d16a-4a5f-9bca-2f0f1fede65d	2	65423738	65424222	2	-1.6805
abd8131a-d16a-4a5f-9bca-2f0f1fede65d	2	65429232	65680538	176	-0.0296
abd8131a-d16a-4a5f-9bca-2f0f1fede65d	2	65680724	68689255	2233	-0.1074
abd8131a-d16a-4a5f-9bca-2f0f1fede65d	2	68689426	74153269	3224	-0.0347
abd8131a-d16a-4a5f-9bca-2f0f1fede65d	2	74153862	79102020	3342	0.0492
abd8131a-d16a-4a5f-9bca-2f0f1fede65d	2	79103652	79114973	7	0.9032
abd8131a-d16a-4a5f-9bca-2f0f1fede65d	2	79116692	80548416	1156	0.0562
abd8131a-d16a-4a5f-9bca-2f0f1fede65d	2	80549271	83925595	1923	0.0062
abd8131a-d16a-4a5f-9bca-2f0f1fede65d	2	83925685	87228594	1752	0.0819
abd8131a-d16a-4a5f-9bca-2f0f1fede65d	2	87229739	87321424	27	-0.6161
abd8131a-d16a-4a5f-9bca-2f0f1fede65d	2	87321927	95405756	1160	0.0399
abd8131a-d16a-4a5f-9bca-2f0f1fede65d	2	95416225	100234824	2118	-0.0368
abd8131a-d16a-4a5f-9bca-2f0f1fede65d	2	100235043	101345489	772	0.0063
abd8131a-d16a-4a5f-9bca-2f0f1fede65d	2	101348651	101348880	2	-1.4339
abd8131a-d16a-4a5f-9bca-2f0f1fede65d	2	101348905	105903168	3007	0.0296
abd8131a-d16a-4a5f-9bca-2f0f1fede65d	2	105903556	112664019	3456	-0.0248
abd8131a-d16a-4a5f-9bca-2f0f1fede65d	2	112665158	114782060	1377	0.0376
abd8131a-d16a-4a5f-9bca-2f0f1fede65d	2	114782091	114784139	4	-0.7943
abd8131a-d16a-4a5f-9bca-2f0f1fede65d	2	114784167	116831010	1207	0.0168
abd8131a-d16a-4a5f-9bca-2f0f1fede65d	2	116832191	116832277	2	-2.1511
abd8131a-d16a-4a5f-9bca-2f0f1fede65d	2	116833669	123689950	4472	0.0546
abd8131a-d16a-4a5f-9bca-2f0f1fede65d	2	123690212	123693661	2	-1.567
abd8131a-d16a-4a5f-9bca-2f0f1fede65d	2	123694325	128889776	3200	0.0412
abd8131a-d16a-4a5f-9bca-2f0f1fede65d	2	128890534	133769972	2665	-0.0284
abd8131a-d16a-4a5f-9bca-2f0f1fede65d	2	133770129	139321441	3568	0.0614
abd8131a-d16a-4a5f-9bca-2f0f1fede65d	2	139321840	150963498	6980	0.0062
abd8131a-d16a-4a5f-9bca-2f0f1fede65d	2	150964728	152930677	1418	0.0511
abd8131a-d16a-4a5f-9bca-2f0f1fede65d	2	152930971	152940256	3	-1.4689
abd8131a-d16a-4a5f-9bca-2f0f1fede65d	2	152940270	163780342	6388	0.0379
abd8131a-d16a-4a5f-9bca-2f0f1fede65d	2	163786978	163790132	6	-0.8208
abd8131a-d16a-4a5f-9bca-2f0f1fede65d	2	163792152	169900663	3778	0.0272
abd8131a-d16a-4a5f-9bca-2f0f1fede65d	2	169900894	177155896	4695	-0.0413
abd8131a-d16a-4a5f-9bca-2f0f1fede65d	2	177158700	182188931	3175	0.0213
abd8131a-d16a-4a5f-9bca-2f0f1fede65d	2	182190268	182194473	5	-0.8397
abd8131a-d16a-4a5f-9bca-2f0f1fede65d	2	182201207	185174746	1850	0.0376
abd8131a-d16a-4a5f-9bca-2f0f1fede65d	2	185175384	194204314	4967	0.0629
abd8131a-d16a-4a5f-9bca-2f0f1fede65d	2	194216153	194216265	3	-1.053
abd8131a-d16a-4a5f-9bca-2f0f1fede65d	2	194219038	197825474	2035	0.0801
abd8131a-d16a-4a5f-9bca-2f0f1fede65d	2	197826282	202431284	2700	0.0265
abd8131a-d16a-4a5f-9bca-2f0f1fede65d	2	202433164	205671605	2013	-0.0513
abd8131a-d16a-4a5f-9bca-2f0f1fede65d	2	205671927	216780164	7166	0.0408
abd8131a-d16a-4a5f-9bca-2f0f1fede65d	2	216782346	217001408	160	-0.0526
abd8131a-d16a-4a5f-9bca-2f0f1fede65d	2	217001579	219764746	1595	0.0078
abd8131a-d16a-4a5f-9bca-2f0f1fede65d	2	219766856	223644409	2710	-0.0826
abd8131a-d16a-4a5f-9bca-2f0f1fede65d	2	223644473	231887129	5142	0.0129
abd8131a-d16a-4a5f-9bca-2f0f1fede65d	2	231887739	242147305	6466	-0.0733
abd8131a-d16a-4a5f-9bca-2f0f1fede65d	3	20930	5320609	4683	0.0865
abd8131a-d16a-4a5f-9bca-2f0f1fede65d	3	5321187	16012724	8048	-0.006
abd8131a-d16a-4a5f-9bca-2f0f1fede65d	3	16019112	22015726	3846	0.0446
abd8131a-d16a-4a5f-9bca-2f0f1fede65d	3	22015749	22015764	2	-1.4029
abd8131a-d16a-4a5f-9bca-2f0f1fede65d	3	22019950	24545592	1715	0.0572
abd8131a-d16a-4a5f-9bca-2f0f1fede65d	3	24549253	39276797	10221	-0.0128
abd8131a-d16a-4a5f-9bca-2f0f1fede65d	3	39277213	53490207	7508	-0.0701
abd8131a-d16a-4a5f-9bca-2f0f1fede65d	3	53490596	56273675	2192	-0.112
abd8131a-d16a-4a5f-9bca-2f0f1fede65d	3	56275130	66255631	7862	-0.0555
abd8131a-d16a-4a5f-9bca-2f0f1fede65d	3	66261655	71629314	3915	-0.0106
abd8131a-d16a-4a5f-9bca-2f0f1fede65d	3	71629997	75519398	2729	0.0416
abd8131a-d16a-4a5f-9bca-2f0f1fede65d	3	75523398	75547095	8	0.9558
abd8131a-d16a-4a5f-9bca-2f0f1fede65d	3	75559488	85439590	5453	0.0329
abd8131a-d16a-4a5f-9bca-2f0f1fede65d	3	85441637	85555921	65	0.3433
abd8131a-d16a-4a5f-9bca-2f0f1fede65d	3	85556663	99226455	5468	0.0492
abd8131a-d16a-4a5f-9bca-2f0f1fede65d	3	99226551	99230194	12	0.5926
abd8131a-d16a-4a5f-9bca-2f0f1fede65d	3	99230212	114596399	9282	0.0536
abd8131a-d16a-4a5f-9bca-2f0f1fede65d	3	114598927	118785209	2841	0.0113
abd8131a-d16a-4a5f-9bca-2f0f1fede65d	3	118787536	123779762	2852	0.0518
abd8131a-d16a-4a5f-9bca-2f0f1fede65d	3	123780038	125705628	1272	-0.0458
abd8131a-d16a-4a5f-9bca-2f0f1fede65d	3	125706925	125756491	19	-0.5485
abd8131a-d16a-4a5f-9bca-2f0f1fede65d	3	125757233	130044016	2451	-0.0445
abd8131a-d16a-4a5f-9bca-2f0f1fede65d	3	130044855	130201415	72	-0.2723
abd8131a-d16a-4a5f-9bca-2f0f1fede65d	3	130202376	133262969	2027	-0.0269
abd8131a-d16a-4a5f-9bca-2f0f1fede65d	3	133263128	137313971	2439	0.0323
abd8131a-d16a-4a5f-9bca-2f0f1fede65d	3	137314178	137314421	5	-0.8502
abd8131a-d16a-4a5f-9bca-2f0f1fede65d	3	137314580	139556965	1183	0.0411
abd8131a-d16a-4a5f-9bca-2f0f1fede65d	3	139557314	141174804	1209	-0.0518
abd8131a-d16a-4a5f-9bca-2f0f1fede65d	3	141178709	146674197	3501	0.0377
abd8131a-d16a-4a5f-9bca-2f0f1fede65d	3	146675288	147106044	222	0.1686
abd8131a-d16a-4a5f-9bca-2f0f1fede65d	3	147106497	162794951	9651	0.0481
abd8131a-d16a-4a5f-9bca-2f0f1fede65d	3	162795304	162810842	11	0.9294
abd8131a-d16a-4a5f-9bca-2f0f1fede65d	3	162812527	162822702	9	-1.4232
abd8131a-d16a-4a5f-9bca-2f0f1fede65d	3	162827928	162908207	48	0.5497
abd8131a-d16a-4a5f-9bca-2f0f1fede65d	3	162908784	165801187	1660	0.0353
abd8131a-d16a-4a5f-9bca-2f0f1fede65d	3	165803935	166130468	183	0.1858
abd8131a-d16a-4a5f-9bca-2f0f1fede65d	3	166136632	167941968	961	0.0598
abd8131a-d16a-4a5f-9bca-2f0f1fede65d	3	167942969	167943348	2	-2.1495
abd8131a-d16a-4a5f-9bca-2f0f1fede65d	3	167948129	169012392	637	0.0466
abd8131a-d16a-4a5f-9bca-2f0f1fede65d	3	169015614	169020840	2	-3.015
abd8131a-d16a-4a5f-9bca-2f0f1fede65d	3	169022039	173458963	2862	0.0312
abd8131a-d16a-4a5f-9bca-2f0f1fede65d	3	173461200	173676425	147	0.2052
abd8131a-d16a-4a5f-9bca-2f0f1fede65d	3	173677159	184836737	6759	0.0482
abd8131a-d16a-4a5f-9bca-2f0f1fede65d	3	184837463	192585894	5548	-0.0382
abd8131a-d16a-4a5f-9bca-2f0f1fede65d	3	192594507	192595464	4	-2.2165
abd8131a-d16a-4a5f-9bca-2f0f1fede65d	3	192596196	193131041	372	-0.0365
abd8131a-d16a-4a5f-9bca-2f0f1fede65d	3	193133056	193133115	3	-0.9192
abd8131a-d16a-4a5f-9bca-2f0f1fede65d	3	193133574	193156018	27	-0.0791
abd8131a-d16a-4a5f-9bca-2f0f1fede65d	3	193156958	193165114	21	-1.2691
abd8131a-d16a-4a5f-9bca-2f0f1fede65d	3	193168646	194879838	1141	0.0225
abd8131a-d16a-4a5f-9bca-2f0f1fede65d	3	194883193	194885923	3	-1.9438
abd8131a-d16a-4a5f-9bca-2f0f1fede65d	3	194889610	195558822	338	-0.0247
abd8131a-d16a-4a5f-9bca-2f0f1fede65d	3	195559056	195720051	26	-1.3159
abd8131a-d16a-4a5f-9bca-2f0f1fede65d	3	195728637	195934679	99	-0.1503
abd8131a-d16a-4a5f-9bca-2f0f1fede65d	3	195963975	195991894	7	-0.9409
abd8131a-d16a-4a5f-9bca-2f0f1fede65d	3	195998433	198169247	1078	-0.0656
abd8131a-d16a-4a5f-9bca-2f0f1fede65d	4	68929	302594	113	-0.0927
abd8131a-d16a-4a5f-9bca-2f0f1fede65d	4	304143	429046	43	-0.4073
abd8131a-d16a-4a5f-9bca-2f0f1fede65d	4	435315	780829	110	-0.0338
abd8131a-d16a-4a5f-9bca-2f0f1fede65d	4	783123	837605	17	-0.8375
abd8131a-d16a-4a5f-9bca-2f0f1fede65d	4	843485	6616897	3372	-0.0644
abd8131a-d16a-4a5f-9bca-2f0f1fede65d	4	6617277	8060666	1058	0.0082
abd8131a-d16a-4a5f-9bca-2f0f1fede65d	4	8061841	9455251	445	0.07
abd8131a-d16a-4a5f-9bca-2f0f1fede65d	4	9459504	9477560	5	1.1155
abd8131a-d16a-4a5f-9bca-2f0f1fede65d	4	9477699	10381381	740	0.0685
abd8131a-d16a-4a5f-9bca-2f0f1fede65d	4	10381555	10399044	23	0.4367
abd8131a-d16a-4a5f-9bca-2f0f1fede65d	4	10401094	13961564	2800	0.0403
abd8131a-d16a-4a5f-9bca-2f0f1fede65d	4	13962353	14407825	408	-0.0066
abd8131a-d16a-4a5f-9bca-2f0f1fede65d	4	14408592	14408675	2	-1.4847
abd8131a-d16a-4a5f-9bca-2f0f1fede65d	4	14408715	18042311	2657	0.0134
abd8131a-d16a-4a5f-9bca-2f0f1fede65d	4	18044764	20089295	1254	-0.0516
abd8131a-d16a-4a5f-9bca-2f0f1fede65d	4	20089331	22222530	1571	0.0007
abd8131a-d16a-4a5f-9bca-2f0f1fede65d	4	22225790	34764075	8082	0.0381
abd8131a-d16a-4a5f-9bca-2f0f1fede65d	4	34764149	34828306	51	0.4338
abd8131a-d16a-4a5f-9bca-2f0f1fede65d	4	34828327	59107300	13799	0.0518
abd8131a-d16a-4a5f-9bca-2f0f1fede65d	4	59108353	59122391	9	0.8554
abd8131a-d16a-4a5f-9bca-2f0f1fede65d	4	59123359	63828222	2748	0.0417
abd8131a-d16a-4a5f-9bca-2f0f1fede65d	4	63831751	63842540	28	-0.4659
abd8131a-d16a-4a5f-9bca-2f0f1fede65d	4	63850713	68478894	2870	0.0607
abd8131a-d16a-4a5f-9bca-2f0f1fede65d	4	68494770	68615205	61	-0.3799
abd8131a-d16a-4a5f-9bca-2f0f1fede65d	4	68615219	76872059	4992	0.0597
abd8131a-d16a-4a5f-9bca-2f0f1fede65d	4	76872087	76872625	6	-0.7569
abd8131a-d16a-4a5f-9bca-2f0f1fede65d	4	76872676	82356608	3469	0.0448
abd8131a-d16a-4a5f-9bca-2f0f1fede65d	4	82357640	82358250	2	-1.5403
abd8131a-d16a-4a5f-9bca-2f0f1fede65d	4	82363007	83655872	757	0.0446
abd8131a-d16a-4a5f-9bca-2f0f1fede65d	4	83655893	98436497	8911	0.0094
abd8131a-d16a-4a5f-9bca-2f0f1fede65d	4	98436848	100251187	1071	0.071
abd8131a-d16a-4a5f-9bca-2f0f1fede65d	4	100251696	100259537	6	-1.2653
abd8131a-d16a-4a5f-9bca-2f0f1fede65d	4	100260675	123737834	14114	0.0514
abd8131a-d16a-4a5f-9bca-2f0f1fede65d	4	123738044	126532440	1766	-0.0057
abd8131a-d16a-4a5f-9bca-2f0f1fede65d	4	126533981	140024866	7910	0.0539
abd8131a-d16a-4a5f-9bca-2f0f1fede65d	4	140025187	158606917	11193	0.0122
abd8131a-d16a-4a5f-9bca-2f0f1fede65d	4	158611433	159705243	627	0.094
abd8131a-d16a-4a5f-9bca-2f0f1fede65d	4	159709396	160120152	236	0.0438
abd8131a-d16a-4a5f-9bca-2f0f1fede65d	4	160131622	160149637	39	-0.7959
abd8131a-d16a-4a5f-9bca-2f0f1fede65d	4	160162718	160959151	597	0.0123
abd8131a-d16a-4a5f-9bca-2f0f1fede65d	4	160959187	160963756	16	0.5224
abd8131a-d16a-4a5f-9bca-2f0f1fede65d	4	160963767	172504076	7318	0.0484
abd8131a-d16a-4a5f-9bca-2f0f1fede65d	4	172507191	172507492	4	1.358
abd8131a-d16a-4a5f-9bca-2f0f1fede65d	4	172519981	178413607	3600	0.0383
abd8131a-d16a-4a5f-9bca-2f0f1fede65d	4	178414069	178603622	158	0.175
abd8131a-d16a-4a5f-9bca-2f0f1fede65d	4	178606172	179172552	377	0.017
abd8131a-d16a-4a5f-9bca-2f0f1fede65d	4	179176834	179177184	2	-2.6716
abd8131a-d16a-4a5f-9bca-2f0f1fede65d	4	179180768	189856638	7639	0.04
abd8131a-d16a-4a5f-9bca-2f0f1fede65d	4	189856937	190106768	64	-0.0748
abd8131a-d16a-4a5f-9bca-2f0f1fede65d	5	15532	4409055	3245	0.0459
abd8131a-d16a-4a5f-9bca-2f0f1fede65d	5	4409228	10434084	5203	0.0708
abd8131a-d16a-4a5f-9bca-2f0f1fede65d	5	10438445	10619415	150	0.2315
abd8131a-d16a-4a5f-9bca-2f0f1fede65d	5	10619841	10837978	191	0.103
abd8131a-d16a-4a5f-9bca-2f0f1fede65d	5	10838256	10844636	4	-0.8452
abd8131a-d16a-4a5f-9bca-2f0f1fede65d	5	10846364	12791608	1396	0.0707
abd8131a-d16a-4a5f-9bca-2f0f1fede65d	5	12800777	12838421	15	0.6621
abd8131a-d16a-4a5f-9bca-2f0f1fede65d	5	12849089	17758483	3255	0.0874
abd8131a-d16a-4a5f-9bca-2f0f1fede65d	5	17758869	27524345	5787	0.0381
abd8131a-d16a-4a5f-9bca-2f0f1fede65d	5	27525283	27528377	12	-0.5778
abd8131a-d16a-4a5f-9bca-2f0f1fede65d	5	27528507	28673285	635	0.0449
abd8131a-d16a-4a5f-9bca-2f0f1fede65d	5	28678215	28699409	23	0.4381
abd8131a-d16a-4a5f-9bca-2f0f1fede65d	5	28700789	41307449	8476	0.034
abd8131a-d16a-4a5f-9bca-2f0f1fede65d	5	41308060	54991833	5364	0.0635
abd8131a-d16a-4a5f-9bca-2f0f1fede65d	5	54992225	55648434	334	0.0154
abd8131a-d16a-4a5f-9bca-2f0f1fede65d	5	55648442	55666076	10	-0.5501
abd8131a-d16a-4a5f-9bca-2f0f1fede65d	5	55668755	56531325	600	0.0523
abd8131a-d16a-4a5f-9bca-2f0f1fede65d	5	56532328	58030200	1051	-0.0016
abd8131a-d16a-4a5f-9bca-2f0f1fede65d	5	58030336	58044246	33	-0.5969
abd8131a-d16a-4a5f-9bca-2f0f1fede65d	5	58045187	61234275	2124	-0.0173
abd8131a-d16a-4a5f-9bca-2f0f1fede65d	5	61234848	66161890	2905	0.0423
abd8131a-d16a-4a5f-9bca-2f0f1fede65d	5	66175356	69571467	2266	-0.0281
abd8131a-d16a-4a5f-9bca-2f0f1fede65d	5	69779150	69779164	2	-1.3479
abd8131a-d16a-4a5f-9bca-2f0f1fede65d	5	69822096	71011717	19	-0.1647
abd8131a-d16a-4a5f-9bca-2f0f1fede65d	5	71053366	71358245	4	-1.0095
abd8131a-d16a-4a5f-9bca-2f0f1fede65d	5	71364924	78318636	4608	-0.039
abd8131a-d16a-4a5f-9bca-2f0f1fede65d	5	78319187	81140765	1718	0.007
abd8131a-d16a-4a5f-9bca-2f0f1fede65d	5	81141422	104515520	13189	0.0572
abd8131a-d16a-4a5f-9bca-2f0f1fede65d	5	104524672	104524903	4	-1.1373
abd8131a-d16a-4a5f-9bca-2f0f1fede65d	5	104525348	107426474	1797	0.0094
abd8131a-d16a-4a5f-9bca-2f0f1fede65d	5	107426755	110054365	1744	0.0588
abd8131a-d16a-4a5f-9bca-2f0f1fede65d	5	110054439	110055593	9	-0.522
abd8131a-d16a-4a5f-9bca-2f0f1fede65d	5	110056335	120716074	7563	0.0459
abd8131a-d16a-4a5f-9bca-2f0f1fede65d	5	120719635	120740078	21	0.6338
abd8131a-d16a-4a5f-9bca-2f0f1fede65d	5	120740577	122753036	1306	0.0554
abd8131a-d16a-4a5f-9bca-2f0f1fede65d	5	122754598	122813564	34	0.6355
abd8131a-d16a-4a5f-9bca-2f0f1fede65d	5	122821388	123914295	721	0.0164
abd8131a-d16a-4a5f-9bca-2f0f1fede65d	5	123918036	126343725	1697	-0.0167
abd8131a-d16a-4a5f-9bca-2f0f1fede65d	5	126344047	133069614	3725	0.0433
abd8131a-d16a-4a5f-9bca-2f0f1fede65d	5	133069784	133718863	533	-0.0452
abd8131a-d16a-4a5f-9bca-2f0f1fede65d	5	133719122	135287136	942	0.001
abd8131a-d16a-4a5f-9bca-2f0f1fede65d	5	135287194	139268681	2471	-0.0646
abd8131a-d16a-4a5f-9bca-2f0f1fede65d	5	139272347	151513403	7731	0.0058
abd8131a-d16a-4a5f-9bca-2f0f1fede65d	5	151514032	151514079	2	-1.7622
abd8131a-d16a-4a5f-9bca-2f0f1fede65d	5	151514872	152231738	568	0.0124
abd8131a-d16a-4a5f-9bca-2f0f1fede65d	5	152231905	153888193	1121	-0.072
abd8131a-d16a-4a5f-9bca-2f0f1fede65d	5	153889731	155184244	813	0.0366
abd8131a-d16a-4a5f-9bca-2f0f1fede65d	5	155187669	156479666	961	-0.0401
abd8131a-d16a-4a5f-9bca-2f0f1fede65d	5	156479903	167746389	7533	0.0209
abd8131a-d16a-4a5f-9bca-2f0f1fede65d	5	167746965	168438595	561	0.1096
abd8131a-d16a-4a5f-9bca-2f0f1fede65d	5	168444119	172980013	3427	0.0195
abd8131a-d16a-4a5f-9bca-2f0f1fede65d	5	172980719	180766184	4673	-0.0551
abd8131a-d16a-4a5f-9bca-2f0f1fede65d	5	180766199	180768522	5	-1.553
abd8131a-d16a-4a5f-9bca-2f0f1fede65d	5	180769816	181363319	289	-0.0667
abd8131a-d16a-4a5f-9bca-2f0f1fede65d	6	149661	254283	100	-0.0266
abd8131a-d16a-4a5f-9bca-2f0f1fede65d	6	257353	331879	41	0.5193
abd8131a-d16a-4a5f-9bca-2f0f1fede65d	6	334179	380821	59	0.1609
abd8131a-d16a-4a5f-9bca-2f0f1fede65d	6	381149	19039888	14572	-0.0542
abd8131a-d16a-4a5f-9bca-2f0f1fede65d	6	19041950	19042587	3	-5.4609
abd8131a-d16a-4a5f-9bca-2f0f1fede65d	6	19044471	19044667	6	-0.8102
abd8131a-d16a-4a5f-9bca-2f0f1fede65d	6	19050511	23057409	2927	-0.0808
abd8131a-d16a-4a5f-9bca-2f0f1fede65d	6	23060763	23064026	4	-1.1788
abd8131a-d16a-4a5f-9bca-2f0f1fede65d	6	23067417	23656940	442	-0.0959
abd8131a-d16a-4a5f-9bca-2f0f1fede65d	6	23660445	23664545	3	-0.7992
abd8131a-d16a-4a5f-9bca-2f0f1fede65d	6	23666110	24126016	332	-0.1232
abd8131a-d16a-4a5f-9bca-2f0f1fede65d	6	24128661	29869295	3163	-0.0355
abd8131a-d16a-4a5f-9bca-2f0f1fede65d	6	29869410	29875657	9	-0.5653
abd8131a-d16a-4a5f-9bca-2f0f1fede65d	6	29876257	29881490	7	-1.7008
abd8131a-d16a-4a5f-9bca-2f0f1fede65d	6	29882419	32533522	1188	-0.101
abd8131a-d16a-4a5f-9bca-2f0f1fede65d	6	32540699	32605994	16	0.5961
abd8131a-d16a-4a5f-9bca-2f0f1fede65d	6	32606237	32614112	10	-0.5693
abd8131a-d16a-4a5f-9bca-2f0f1fede65d	6	32614426	32633540	8	-1.6035
abd8131a-d16a-4a5f-9bca-2f0f1fede65d	6	32634330	32656527	8	-0.4045
abd8131a-d16a-4a5f-9bca-2f0f1fede65d	6	32656814	32658841	5	1.1503
abd8131a-d16a-4a5f-9bca-2f0f1fede65d	6	32682835	32711222	24	-0.0304
abd8131a-d16a-4a5f-9bca-2f0f1fede65d	6	32713753	32714947	4	-0.9504
abd8131a-d16a-4a5f-9bca-2f0f1fede65d	6	32715085	41415635	5716	-0.0696
abd8131a-d16a-4a5f-9bca-2f0f1fede65d	6	41418894	41854461	275	0.0406
abd8131a-d16a-4a5f-9bca-2f0f1fede65d	6	41857315	42877264	560	-0.0589
abd8131a-d16a-4a5f-9bca-2f0f1fede65d	6	42877953	47198447	2745	0.0079
abd8131a-d16a-4a5f-9bca-2f0f1fede65d	6	47201196	47735500	355	0.1159
abd8131a-d16a-4a5f-9bca-2f0f1fede65d	6	47735625	48962816	703	0.0252
abd8131a-d16a-4a5f-9bca-2f0f1fede65d	6	48963228	48967563	6	-0.9891
abd8131a-d16a-4a5f-9bca-2f0f1fede65d	6	48978926	54066353	3304	0.0678
abd8131a-d16a-4a5f-9bca-2f0f1fede65d	6	54066432	54067057	6	1.2687
abd8131a-d16a-4a5f-9bca-2f0f1fede65d	6	54070550	64627049	4227	0.0502
abd8131a-d16a-4a5f-9bca-2f0f1fede65d	6	64637651	64639099	2	1.5477
abd8131a-d16a-4a5f-9bca-2f0f1fede65d	6	64640883	64892890	162	0.0191
abd8131a-d16a-4a5f-9bca-2f0f1fede65d	6	64892964	64947631	43	-0.7978
abd8131a-d16a-4a5f-9bca-2f0f1fede65d	6	64949318	67450023	1833	0.0289
abd8131a-d16a-4a5f-9bca-2f0f1fede65d	6	67450242	67457396	10	-0.4952
abd8131a-d16a-4a5f-9bca-2f0f1fede65d	6	67457837	73182059	3712	0.0608
abd8131a-d16a-4a5f-9bca-2f0f1fede65d	6	73183954	73740383	283	0.1615
abd8131a-d16a-4a5f-9bca-2f0f1fede65d	6	73740455	76318064	1633	0.0665
abd8131a-d16a-4a5f-9bca-2f0f1fede65d	6	76323236	76323667	4	-0.6932
abd8131a-d16a-4a5f-9bca-2f0f1fede65d	6	76324023	76726442	260	0.0524
abd8131a-d16a-4a5f-9bca-2f0f1fede65d	6	76726815	76743040	22	0.6638
abd8131a-d16a-4a5f-9bca-2f0f1fede65d	6	76751356	78253157	975	0.0497
abd8131a-d16a-4a5f-9bca-2f0f1fede65d	6	78253172	78317528	104	0.3017
abd8131a-d16a-4a5f-9bca-2f0f1fede65d	6	78317580	79400604	641	0.0579
abd8131a-d16a-4a5f-9bca-2f0f1fede65d	6	79403732	79571968	129	0.242
abd8131a-d16a-4a5f-9bca-2f0f1fede65d	6	79572294	84860923	3384	0.0642
abd8131a-d16a-4a5f-9bca-2f0f1fede65d	6	84861918	84862029	2	-1.3767
abd8131a-d16a-4a5f-9bca-2f0f1fede65d	6	84863228	85266395	315	0.0357
abd8131a-d16a-4a5f-9bca-2f0f1fede65d	6	85266968	85821517	284	0.1216
abd8131a-d16a-4a5f-9bca-2f0f1fede65d	6	85823913	85837374	6	0.5478
abd8131a-d16a-4a5f-9bca-2f0f1fede65d	6	85840324	86701040	470	0.0317
abd8131a-d16a-4a5f-9bca-2f0f1fede65d	6	86701394	86709105	4	-0.8297
abd8131a-d16a-4a5f-9bca-2f0f1fede65d	6	86709119	93942689	4782	0.0606
abd8131a-d16a-4a5f-9bca-2f0f1fede65d	6	93942822	93947846	2	-1.7484
abd8131a-d16a-4a5f-9bca-2f0f1fede65d	6	93949814	94478240	362	0.1395
abd8131a-d16a-4a5f-9bca-2f0f1fede65d	6	94481005	94484007	3	-1.0156
abd8131a-d16a-4a5f-9bca-2f0f1fede65d	6	94486928	100804193	3629	0.0574
abd8131a-d16a-4a5f-9bca-2f0f1fede65d	6	100804867	103290414	1477	0.0282
abd8131a-d16a-4a5f-9bca-2f0f1fede65d	6	103290439	103306697	24	-0.3364
abd8131a-d16a-4a5f-9bca-2f0f1fede65d	6	103306712	115984950	7825	0.0253
abd8131a-d16a-4a5f-9bca-2f0f1fede65d	6	115985054	131678580	9668	0.0642
abd8131a-d16a-4a5f-9bca-2f0f1fede65d	6	131678803	133945130	1596	0.0053
abd8131a-d16a-4a5f-9bca-2f0f1fede65d	6	133947933	133948494	2	-2.296
abd8131a-d16a-4a5f-9bca-2f0f1fede65d	6	133950934	142497081	5415	-0.0251
abd8131a-d16a-4a5f-9bca-2f0f1fede65d	6	142497224	150907151	5703	0.018
abd8131a-d16a-4a5f-9bca-2f0f1fede65d	6	150907756	155655401	3466	-0.0288
abd8131a-d16a-4a5f-9bca-2f0f1fede65d	6	155658547	156156626	392	-0.1148
abd8131a-d16a-4a5f-9bca-2f0f1fede65d	6	156158841	157700449	876	-0.0427
abd8131a-d16a-4a5f-9bca-2f0f1fede65d	6	157707466	159459969	1179	0.0189
abd8131a-d16a-4a5f-9bca-2f0f1fede65d	6	159460024	159697168	171	-0.0497
abd8131a-d16a-4a5f-9bca-2f0f1fede65d	6	159697321	170741917	7886	0.0558
abd8131a-d16a-4a5f-9bca-2f0f1fede65d	7	43355	6091538	3131	-0.0589
abd8131a-d16a-4a5f-9bca-2f0f1fede65d	7	6092483	6758397	281	0.0426
abd8131a-d16a-4a5f-9bca-2f0f1fede65d	7	6790272	6799093	6	-1.57
abd8131a-d16a-4a5f-9bca-2f0f1fede65d	7	6814479	19007323	9885	0.0453
abd8131a-d16a-4a5f-9bca-2f0f1fede65d	7	19007595	19007685	2	-1.9013
abd8131a-d16a-4a5f-9bca-2f0f1fede65d	7	19007909	19180698	271	0.0782
abd8131a-d16a-4a5f-9bca-2f0f1fede65d	7	19180727	19199968	17	-0.4795
abd8131a-d16a-4a5f-9bca-2f0f1fede65d	7	19200010	19791987	479	0.0791
abd8131a-d16a-4a5f-9bca-2f0f1fede65d	7	19792327	25231704	4071	-0.0055
abd8131a-d16a-4a5f-9bca-2f0f1fede65d	7	25231823	29849673	3415	-0.0639
abd8131a-d16a-4a5f-9bca-2f0f1fede65d	7	29850445	33165339	2238	0.0006
abd8131a-d16a-4a5f-9bca-2f0f1fede65d	7	33178053	35435126	1413	-0.0455
abd8131a-d16a-4a5f-9bca-2f0f1fede65d	7	35436370	41231606	4131	0.0087
abd8131a-d16a-4a5f-9bca-2f0f1fede65d	7	41232862	41233861	4	-1.0629
abd8131a-d16a-4a5f-9bca-2f0f1fede65d	7	41238620	47336624	4068	-0.0217
abd8131a-d16a-4a5f-9bca-2f0f1fede65d	7	47338699	67105423	8767	0.0282
abd8131a-d16a-4a5f-9bca-2f0f1fede65d	7	67106408	67148046	19	-0.0748
abd8131a-d16a-4a5f-9bca-2f0f1fede65d	7	67151617	67164253	8	0.1267
abd8131a-d16a-4a5f-9bca-2f0f1fede65d	7	67164342	67261735	34	-0.4112
abd8131a-d16a-4a5f-9bca-2f0f1fede65d	7	67264000	73500481	3624	-0.0611
abd8131a-d16a-4a5f-9bca-2f0f1fede65d	7	73505455	88604439	8539	0.035
abd8131a-d16a-4a5f-9bca-2f0f1fede65d	7	88606729	90833786	1464	0.0979
abd8131a-d16a-4a5f-9bca-2f0f1fede65d	7	90835780	91728554	683	0.0343
abd8131a-d16a-4a5f-9bca-2f0f1fede65d	7	91728979	91729456	4	-0.922
abd8131a-d16a-4a5f-9bca-2f0f1fede65d	7	91729474	93442505	1061	0.061
abd8131a-d16a-4a5f-9bca-2f0f1fede65d	7	93443065	101311641	4212	-0.0116
abd8131a-d16a-4a5f-9bca-2f0f1fede65d	7	101313284	104849634	1935	-0.0654
abd8131a-d16a-4a5f-9bca-2f0f1fede65d	7	104857231	111084418	4037	0.0011
abd8131a-d16a-4a5f-9bca-2f0f1fede65d	7	111085466	112409609	876	0.0597
abd8131a-d16a-4a5f-9bca-2f0f1fede65d	7	112410693	112489180	61	0.3131
abd8131a-d16a-4a5f-9bca-2f0f1fede65d	7	112489278	128273818	9513	0.0432
abd8131a-d16a-4a5f-9bca-2f0f1fede65d	7	128274289	128756528	245	-0.0822
abd8131a-d16a-4a5f-9bca-2f0f1fede65d	7	128756628	132126928	1866	-0.0212
abd8131a-d16a-4a5f-9bca-2f0f1fede65d	7	132130134	134093676	1332	-0.092
abd8131a-d16a-4a5f-9bca-2f0f1fede65d	7	134093715	134121491	42	-0.4095
abd8131a-d16a-4a5f-9bca-2f0f1fede65d	7	134124039	138417175	2935	-0.0458
abd8131a-d16a-4a5f-9bca-2f0f1fede65d	7	138417331	142049835	2242	0.0369
abd8131a-d16a-4a5f-9bca-2f0f1fede65d	7	142052076	143913658	1001	0.111
abd8131a-d16a-4a5f-9bca-2f0f1fede65d	7	143915481	154598185	6672	0.0382
abd8131a-d16a-4a5f-9bca-2f0f1fede65d	7	154601461	154607903	4	1.1378
abd8131a-d16a-4a5f-9bca-2f0f1fede65d	7	154609120	159334314	3234	0.0472
abd8131a-d16a-4a5f-9bca-2f0f1fede65d	8	81254	2844412	2040	0.0686
abd8131a-d16a-4a5f-9bca-2f0f1fede65d	8	2846011	2846377	7	-1.8635
abd8131a-d16a-4a5f-9bca-2f0f1fede65d	8	2849649	8085660	5738	0.0599
abd8131a-d16a-4a5f-9bca-2f0f1fede65d	8	8101440	8104937	3	-1.6403
abd8131a-d16a-4a5f-9bca-2f0f1fede65d	8	8110806	13745967	4330	0.0492
abd8131a-d16a-4a5f-9bca-2f0f1fede65d	8	13752159	13752181	2	1.8582
abd8131a-d16a-4a5f-9bca-2f0f1fede65d	8	13752255	15754007	1825	0.0495
abd8131a-d16a-4a5f-9bca-2f0f1fede65d	8	15754199	15754363	3	-0.9596
abd8131a-d16a-4a5f-9bca-2f0f1fede65d	8	15759352	18141379	2235	0.0559
abd8131a-d16a-4a5f-9bca-2f0f1fede65d	8	18143457	25114672	5289	-0.0278
abd8131a-d16a-4a5f-9bca-2f0f1fede65d	8	25116928	25126818	27	-0.5892
abd8131a-d16a-4a5f-9bca-2f0f1fede65d	8	25133589	29513857	3169	-0.0165
abd8131a-d16a-4a5f-9bca-2f0f1fede65d	8	29514697	32574851	2051	0.0433
abd8131a-d16a-4a5f-9bca-2f0f1fede65d	8	32579357	32581889	5	-0.9437
abd8131a-d16a-4a5f-9bca-2f0f1fede65d	8	32584133	32826447	203	0.0555
abd8131a-d16a-4a5f-9bca-2f0f1fede65d	8	32826507	32828250	2	-1.0485
abd8131a-d16a-4a5f-9bca-2f0f1fede65d	8	32829101	34129472	720	0.0875
abd8131a-d16a-4a5f-9bca-2f0f1fede65d	8	34130896	35163969	626	0.0172
abd8131a-d16a-4a5f-9bca-2f0f1fede65d	8	35171786	35182581	2	-0.8799
abd8131a-d16a-4a5f-9bca-2f0f1fede65d	8	35183094	35557212	201	0.0286
abd8131a-d16a-4a5f-9bca-2f0f1fede65d	8	35557481	39373140	2034	0.0887
abd8131a-d16a-4a5f-9bca-2f0f1fede65d	8	39378084	39511389	50	-0.2989
abd8131a-d16a-4a5f-9bca-2f0f1fede65d	8	39512955	41883035	1688	0.0336
abd8131a-d16a-4a5f-9bca-2f0f1fede65d	8	41884040	49039600	2240	0.0901
abd8131a-d16a-4a5f-9bca-2f0f1fede65d	8	49039831	64435811	9999	0.0462
abd8131a-d16a-4a5f-9bca-2f0f1fede65d	8	64438879	64438881	2	-1.7646
abd8131a-d16a-4a5f-9bca-2f0f1fede65d	8	64441618	71300130	3978	0.0679
abd8131a-d16a-4a5f-9bca-2f0f1fede65d	8	71303076	71304364	8	0.7177
abd8131a-d16a-4a5f-9bca-2f0f1fede65d	8	71307628	75417073	2765	0.0704
abd8131a-d16a-4a5f-9bca-2f0f1fede65d	8	75417772	77844068	1416	0.0267
abd8131a-d16a-4a5f-9bca-2f0f1fede65d	8	77844277	77861696	18	0.4664
abd8131a-d16a-4a5f-9bca-2f0f1fede65d	8	77868140	79664382	1087	0.0378
abd8131a-d16a-4a5f-9bca-2f0f1fede65d	8	79664538	82510574	1612	0.0925
abd8131a-d16a-4a5f-9bca-2f0f1fede65d	8	82510974	84356431	1088	0.0008
abd8131a-d16a-4a5f-9bca-2f0f1fede65d	8	84358447	95263848	6273	0.0505
abd8131a-d16a-4a5f-9bca-2f0f1fede65d	8	95264064	102562459	4602	-0.0296
abd8131a-d16a-4a5f-9bca-2f0f1fede65d	8	102562698	106022892	2040	0.0203
abd8131a-d16a-4a5f-9bca-2f0f1fede65d	8	106030149	106189920	99	0.1915
abd8131a-d16a-4a5f-9bca-2f0f1fede65d	8	106189946	108864061	1775	0.0318
abd8131a-d16a-4a5f-9bca-2f0f1fede65d	8	108874183	108944839	40	0.3245
abd8131a-d16a-4a5f-9bca-2f0f1fede65d	8	108945544	111279265	1281	0.049
abd8131a-d16a-4a5f-9bca-2f0f1fede65d	8	111282050	111283031	10	-1.6879
abd8131a-d16a-4a5f-9bca-2f0f1fede65d	8	111288052	114619814	1823	0.0194
abd8131a-d16a-4a5f-9bca-2f0f1fede65d	8	114622258	114629502	35	-0.6371
abd8131a-d16a-4a5f-9bca-2f0f1fede65d	8	114638468	120112565	3767	0.016
abd8131a-d16a-4a5f-9bca-2f0f1fede65d	8	120117286	135330122	11136	-0.0533
abd8131a-d16a-4a5f-9bca-2f0f1fede65d	8	135332592	137813697	1915	-0.104
abd8131a-d16a-4a5f-9bca-2f0f1fede65d	8	137818794	141565045	2782	-0.04
abd8131a-d16a-4a5f-9bca-2f0f1fede65d	8	141565500	141566973	3	-2.5912
abd8131a-d16a-4a5f-9bca-2f0f1fede65d	8	141567131	145044132	1428	-0.0959
abd8131a-d16a-4a5f-9bca-2f0f1fede65d	8	145045275	145072769	16	0.2943
abd8131a-d16a-4a5f-9bca-2f0f1fede65d	9	46587	6695986	6373	-0.0189
abd8131a-d16a-4a5f-9bca-2f0f1fede65d	9	6701145	6708357	7	-3.0668
abd8131a-d16a-4a5f-9bca-2f0f1fede65d	9	6712314	6725019	13	-1.0986
abd8131a-d16a-4a5f-9bca-2f0f1fede65d	9	6731786	7210615	495	0.0746
abd8131a-d16a-4a5f-9bca-2f0f1fede65d	9	7211644	7213459	3	-0.9998
abd8131a-d16a-4a5f-9bca-2f0f1fede65d	9	7214782	9246647	1937	0.0414
abd8131a-d16a-4a5f-9bca-2f0f1fede65d	9	9247009	9403492	152	0.1829
abd8131a-d16a-4a5f-9bca-2f0f1fede65d	9	9404012	11366549	1772	0.0363
abd8131a-d16a-4a5f-9bca-2f0f1fede65d	9	11366606	12554856	943	0.1335
abd8131a-d16a-4a5f-9bca-2f0f1fede65d	9	12556594	22492890	8140	0.038
abd8131a-d16a-4a5f-9bca-2f0f1fede65d	9	22501914	22502700	2	1.8287
abd8131a-d16a-4a5f-9bca-2f0f1fede65d	9	22509341	26296372	2679	0.0261
abd8131a-d16a-4a5f-9bca-2f0f1fede65d	9	26297314	28957555	2164	0.0827
abd8131a-d16a-4a5f-9bca-2f0f1fede65d	9	28958848	33506303	3210	0.044
abd8131a-d16a-4a5f-9bca-2f0f1fede65d	9	33506672	37352293	2160	-0.0087
abd8131a-d16a-4a5f-9bca-2f0f1fede65d	9	37353255	42574420	1267	0.065
abd8131a-d16a-4a5f-9bca-2f0f1fede65d	9	42585140	42719891	11	-0.9463
abd8131a-d16a-4a5f-9bca-2f0f1fede65d	9	42720266	68390662	254	-0.0983
abd8131a-d16a-4a5f-9bca-2f0f1fede65d	9	68391659	73138228	3543	0.0578
abd8131a-d16a-4a5f-9bca-2f0f1fede65d	9	73138281	76161725	2064	0.0102
abd8131a-d16a-4a5f-9bca-2f0f1fede65d	9	76163021	76938265	700	0.0524
abd8131a-d16a-4a5f-9bca-2f0f1fede65d	9	76939544	76944420	5	-1.1055
abd8131a-d16a-4a5f-9bca-2f0f1fede65d	9	76951948	77155866	188	0.0102
abd8131a-d16a-4a5f-9bca-2f0f1fede65d	9	77156751	77161448	21	-0.0609
abd8131a-d16a-4a5f-9bca-2f0f1fede65d	9	77162152	77171325	8	-0.5421
abd8131a-d16a-4a5f-9bca-2f0f1fede65d	9	77171400	77406768	141	-0.0713
abd8131a-d16a-4a5f-9bca-2f0f1fede65d	9	77406884	78468981	671	-0.0107
abd8131a-d16a-4a5f-9bca-2f0f1fede65d	9	78469536	87907679	6852	-0.0857
abd8131a-d16a-4a5f-9bca-2f0f1fede65d	9	87939236	87939304	2	-2.0894
abd8131a-d16a-4a5f-9bca-2f0f1fede65d	9	87943042	97294241	6167	-0.0584
abd8131a-d16a-4a5f-9bca-2f0f1fede65d	9	97296420	102755541	3686	0.0337
abd8131a-d16a-4a5f-9bca-2f0f1fede65d	9	102755558	102759770	2	1.4186
abd8131a-d16a-4a5f-9bca-2f0f1fede65d	9	102763827	107556501	3505	0.05
abd8131a-d16a-4a5f-9bca-2f0f1fede65d	9	107558859	107560747	2	-1.4866
abd8131a-d16a-4a5f-9bca-2f0f1fede65d	9	107560794	110227802	2308	0.0323
abd8131a-d16a-4a5f-9bca-2f0f1fede65d	9	110229229	113014873	2009	-0.0306
abd8131a-d16a-4a5f-9bca-2f0f1fede65d	9	113015990	113024761	6	-1.0539
abd8131a-d16a-4a5f-9bca-2f0f1fede65d	9	113027628	113135373	73	-0.051
abd8131a-d16a-4a5f-9bca-2f0f1fede65d	9	113135523	115815714	2032	0.0484
abd8131a-d16a-4a5f-9bca-2f0f1fede65d	9	115820872	115826525	5	0.854
abd8131a-d16a-4a5f-9bca-2f0f1fede65d	9	115835477	122509783	5151	0.0379
abd8131a-d16a-4a5f-9bca-2f0f1fede65d	9	122510277	127408828	3033	-0.0616
abd8131a-d16a-4a5f-9bca-2f0f1fede65d	9	127412817	130527265	1472	-0.004
abd8131a-d16a-4a5f-9bca-2f0f1fede65d	9	130528568	135322259	3129	-0.079
abd8131a-d16a-4a5f-9bca-2f0f1fede65d	9	135323776	135419715	75	-0.4008
abd8131a-d16a-4a5f-9bca-2f0f1fede65d	9	135420175	138200944	1034	-0.0683
abd8131a-d16a-4a5f-9bca-2f0f1fede65d	10	45792	1878846	1321	-0.1048
abd8131a-d16a-4a5f-9bca-2f0f1fede65d	10	1879212	1879226	2	-2.1846
abd8131a-d16a-4a5f-9bca-2f0f1fede65d	10	1880102	5448969	3323	-0.1001
abd8131a-d16a-4a5f-9bca-2f0f1fede65d	10	5449000	10268229	4069	-0.0304
abd8131a-d16a-4a5f-9bca-2f0f1fede65d	10	10268298	10905314	554	-0.0775
abd8131a-d16a-4a5f-9bca-2f0f1fede65d	10	10905326	12911911	1539	0.0146
abd8131a-d16a-4a5f-9bca-2f0f1fede65d	10	12915560	12915813	2	-1.6102
abd8131a-d16a-4a5f-9bca-2f0f1fede65d	10	12915872	14994215	1898	0.0247
abd8131a-d16a-4a5f-9bca-2f0f1fede65d	10	14997783	15010629	7	-0.6423
abd8131a-d16a-4a5f-9bca-2f0f1fede65d	10	15015796	17885034	2128	0.0564
abd8131a-d16a-4a5f-9bca-2f0f1fede65d	10	17896194	17907840	2	-2.5348
abd8131a-d16a-4a5f-9bca-2f0f1fede65d	10	17910884	26934974	6333	0.0384
abd8131a-d16a-4a5f-9bca-2f0f1fede65d	10	26936975	26939544	13	0.8543
abd8131a-d16a-4a5f-9bca-2f0f1fede65d	10	26941064	45479002	10135	0.0325
abd8131a-d16a-4a5f-9bca-2f0f1fede65d	10	45482906	49509074	1804	-0.0265
abd8131a-d16a-4a5f-9bca-2f0f1fede65d	10	49512180	72478696	16037	0.0275
abd8131a-d16a-4a5f-9bca-2f0f1fede65d	10	72481000	76493093	2045	-0.0757
abd8131a-d16a-4a5f-9bca-2f0f1fede65d	10	76497303	76497852	2	-2.0923
abd8131a-d16a-4a5f-9bca-2f0f1fede65d	10	76501509	77061809	415	-0.1365
abd8131a-d16a-4a5f-9bca-2f0f1fede65d	10	77063544	77423847	344	-0.0342
abd8131a-d16a-4a5f-9bca-2f0f1fede65d	10	77424221	77438728	19	-0.196
abd8131a-d16a-4a5f-9bca-2f0f1fede65d	10	77442650	77442692	2	-1.6112
abd8131a-d16a-4a5f-9bca-2f0f1fede65d	10	77443388	77858699	318	-0.0568
abd8131a-d16a-4a5f-9bca-2f0f1fede65d	10	77859644	79689972	1356	0.0009
abd8131a-d16a-4a5f-9bca-2f0f1fede65d	10	79736999	79838023	25	-0.9098
abd8131a-d16a-4a5f-9bca-2f0f1fede65d	10	79838299	97932085	12067	0.0031
abd8131a-d16a-4a5f-9bca-2f0f1fede65d	10	97933552	102390764	2525	-0.0414
abd8131a-d16a-4a5f-9bca-2f0f1fede65d	10	102391242	109776938	5114	0.0141
abd8131a-d16a-4a5f-9bca-2f0f1fede65d	10	109779613	110864319	692	0.0892
abd8131a-d16a-4a5f-9bca-2f0f1fede65d	10	110864659	111631862	593	-0.01
abd8131a-d16a-4a5f-9bca-2f0f1fede65d	10	111634812	112087279	307	-0.1025
abd8131a-d16a-4a5f-9bca-2f0f1fede65d	10	112087296	114955274	2047	0.0013
abd8131a-d16a-4a5f-9bca-2f0f1fede65d	10	114955696	122574497	5695	-0.0555
abd8131a-d16a-4a5f-9bca-2f0f1fede65d	10	122584593	122591497	6	-1.2871
abd8131a-d16a-4a5f-9bca-2f0f1fede65d	10	122597296	125375099	1872	-0.0661
abd8131a-d16a-4a5f-9bca-2f0f1fede65d	10	125378921	125384374	3	-1.5938
abd8131a-d16a-4a5f-9bca-2f0f1fede65d	10	125385491	133654968	6024	-0.1014
abd8131a-d16a-4a5f-9bca-2f0f1fede65d	11	198510	1819724	576	-0.0523
abd8131a-d16a-4a5f-9bca-2f0f1fede65d	11	1820325	5768495	2658	0.0506
abd8131a-d16a-4a5f-9bca-2f0f1fede65d	11	5768511	5788108	29	0.645
abd8131a-d16a-4a5f-9bca-2f0f1fede65d	11	5788231	6096746	245	0.0267
abd8131a-d16a-4a5f-9bca-2f0f1fede65d	11	6099417	6100864	2	-2.0086
abd8131a-d16a-4a5f-9bca-2f0f1fede65d	11	6101273	8937147	2051	0.084
abd8131a-d16a-4a5f-9bca-2f0f1fede65d	11	8937181	9775455	468	0.019
abd8131a-d16a-4a5f-9bca-2f0f1fede65d	11	9776737	16775905	5174	-0.0314
abd8131a-d16a-4a5f-9bca-2f0f1fede65d	11	16776221	18928326	1480	0.0232
abd8131a-d16a-4a5f-9bca-2f0f1fede65d	11	18928709	18949158	39	-0.3287
abd8131a-d16a-4a5f-9bca-2f0f1fede65d	11	18949201	19085783	123	0.0167
abd8131a-d16a-4a5f-9bca-2f0f1fede65d	11	19088157	24420628	4244	0.0476
abd8131a-d16a-4a5f-9bca-2f0f1fede65d	11	24422703	24428711	6	-0.8285
abd8131a-d16a-4a5f-9bca-2f0f1fede65d	11	24433630	48576870	16202	0.0377
abd8131a-d16a-4a5f-9bca-2f0f1fede65d	11	48579882	48581124	2	-1.7235
abd8131a-d16a-4a5f-9bca-2f0f1fede65d	11	48584766	55608804	1185	0.0229
abd8131a-d16a-4a5f-9bca-2f0f1fede65d	11	55609022	55685533	51	0.6432
abd8131a-d16a-4a5f-9bca-2f0f1fede65d	11	55686100	55767123	56	0.0478
abd8131a-d16a-4a5f-9bca-2f0f1fede65d	11	55767831	55767950	2	-2.6948
abd8131a-d16a-4a5f-9bca-2f0f1fede65d	11	55771788	56215590	325	0.0564
abd8131a-d16a-4a5f-9bca-2f0f1fede65d	11	56216591	56220973	2	-1.9613
abd8131a-d16a-4a5f-9bca-2f0f1fede65d	11	56230485	56785840	347	-0.0059
abd8131a-d16a-4a5f-9bca-2f0f1fede65d	11	56788524	57846140	622	0.1266
abd8131a-d16a-4a5f-9bca-2f0f1fede65d	11	57847431	60600719	1668	0.0648
abd8131a-d16a-4a5f-9bca-2f0f1fede65d	11	60600943	62030148	748	0.1236
abd8131a-d16a-4a5f-9bca-2f0f1fede65d	11	62033340	64825436	1350	-0.0129
abd8131a-d16a-4a5f-9bca-2f0f1fede65d	11	64828200	65794480	341	-0.1807
abd8131a-d16a-4a5f-9bca-2f0f1fede65d	11	65794506	69772815	1804	-0.063
abd8131a-d16a-4a5f-9bca-2f0f1fede65d	11	69778046	69778408	2	-1.6094
abd8131a-d16a-4a5f-9bca-2f0f1fede65d	11	69779237	71816665	1087	-0.0791
abd8131a-d16a-4a5f-9bca-2f0f1fede65d	11	71822885	71839046	7	-0.7584
abd8131a-d16a-4a5f-9bca-2f0f1fede65d	11	71840556	76590970	2450	-0.0389
abd8131a-d16a-4a5f-9bca-2f0f1fede65d	11	76592641	79502678	1872	0.0326
abd8131a-d16a-4a5f-9bca-2f0f1fede65d	11	79502714	81285569	1436	-0.0131
abd8131a-d16a-4a5f-9bca-2f0f1fede65d	11	81285683	81286104	4	0.779
abd8131a-d16a-4a5f-9bca-2f0f1fede65d	11	81286379	81391574	91	-0.026
abd8131a-d16a-4a5f-9bca-2f0f1fede65d	11	81392049	103813093	15721	0.037
abd8131a-d16a-4a5f-9bca-2f0f1fede65d	11	103820682	107822394	2757	-0.0064
abd8131a-d16a-4a5f-9bca-2f0f1fede65d	11	107823153	107930431	59	0.2259
abd8131a-d16a-4a5f-9bca-2f0f1fede65d	11	107933217	112034744	2547	-0.0192
abd8131a-d16a-4a5f-9bca-2f0f1fede65d	11	112035150	120008546	5623	-0.0558
abd8131a-d16a-4a5f-9bca-2f0f1fede65d	11	120010817	122567908	1817	-0.0218
abd8131a-d16a-4a5f-9bca-2f0f1fede65d	11	122569111	125077253	1866	0.0426
abd8131a-d16a-4a5f-9bca-2f0f1fede65d	11	125077259	125078143	2	1.1349
abd8131a-d16a-4a5f-9bca-2f0f1fede65d	11	125079479	127005950	1447	0.0496
abd8131a-d16a-4a5f-9bca-2f0f1fede65d	11	127006271	128429811	1064	-0.0534
abd8131a-d16a-4a5f-9bca-2f0f1fede65d	11	128430327	128959143	627	0.0294
abd8131a-d16a-4a5f-9bca-2f0f1fede65d	11	128959853	129851928	534	-0.0549
abd8131a-d16a-4a5f-9bca-2f0f1fede65d	11	129852031	130947908	697	0.0295
abd8131a-d16a-4a5f-9bca-2f0f1fede65d	11	130949101	134731897	3018	-0.047
abd8131a-d16a-4a5f-9bca-2f0f1fede65d	11	134732386	134734098	3	-1.2919
abd8131a-d16a-4a5f-9bca-2f0f1fede65d	11	134737977	135074876	280	-0.1297
abd8131a-d16a-4a5f-9bca-2f0f1fede65d	12	51460	140391	41	-0.091
abd8131a-d16a-4a5f-9bca-2f0f1fede65d	12	140964	144256	3	-1.3501
abd8131a-d16a-4a5f-9bca-2f0f1fede65d	12	144962	2755986	1705	-0.0802
abd8131a-d16a-4a5f-9bca-2f0f1fede65d	12	2756483	9477960	4424	-0.0111
abd8131a-d16a-4a5f-9bca-2f0f1fede65d	12	9481274	9575696	24	-2.0295
abd8131a-d16a-4a5f-9bca-2f0f1fede65d	12	9582373	22840533	8991	0.0328
abd8131a-d16a-4a5f-9bca-2f0f1fede65d	12	22841216	27225978	3227	-0.0188
abd8131a-d16a-4a5f-9bca-2f0f1fede65d	12	27236297	31112123	2978	0.0261
abd8131a-d16a-4a5f-9bca-2f0f1fede65d	12	31116364	31198351	29	-0.3127
abd8131a-d16a-4a5f-9bca-2f0f1fede65d	12	31202940	43906254	6035	0.046
abd8131a-d16a-4a5f-9bca-2f0f1fede65d	12	43912725	52832952	5204	-0.0422
abd8131a-d16a-4a5f-9bca-2f0f1fede65d	12	52835410	90098297	22987	0.04
abd8131a-d16a-4a5f-9bca-2f0f1fede65d	12	90099780	94830392	3249	-0.0184
abd8131a-d16a-4a5f-9bca-2f0f1fede65d	12	94833697	94834855	2	-1.3634
abd8131a-d16a-4a5f-9bca-2f0f1fede65d	12	94837906	98362501	2562	-0.0195
abd8131a-d16a-4a5f-9bca-2f0f1fede65d	12	98363996	105243655	4484	0.0326
abd8131a-d16a-4a5f-9bca-2f0f1fede65d	12	105252430	112277520	4308	-0.03
abd8131a-d16a-4a5f-9bca-2f0f1fede65d	12	112278383	113855229	1101	0.0571
abd8131a-d16a-4a5f-9bca-2f0f1fede65d	12	113855850	115580684	1501	-0.0041
abd8131a-d16a-4a5f-9bca-2f0f1fede65d	12	115584444	120721826	3514	0.0413
abd8131a-d16a-4a5f-9bca-2f0f1fede65d	12	120722625	123044257	1055	-0.0297
abd8131a-d16a-4a5f-9bca-2f0f1fede65d	12	123044509	133201603	7395	-0.1083
abd8131a-d16a-4a5f-9bca-2f0f1fede65d	13	18452809	21321896	1572	0.0403
abd8131a-d16a-4a5f-9bca-2f0f1fede65d	13	21322180	21322360	2	2.0122
abd8131a-d16a-4a5f-9bca-2f0f1fede65d	13	21322617	23776153	1844	-0.0106
abd8131a-d16a-4a5f-9bca-2f0f1fede65d	13	23776564	27600497	2861	0.0517
abd8131a-d16a-4a5f-9bca-2f0f1fede65d	13	27602392	27602488	2	-2.8988
abd8131a-d16a-4a5f-9bca-2f0f1fede65d	13	27603729	37496998	7198	0.0522
abd8131a-d16a-4a5f-9bca-2f0f1fede65d	13	37497899	37510620	16	0.9754
abd8131a-d16a-4a5f-9bca-2f0f1fede65d	13	37514193	42103283	3156	0.0402
abd8131a-d16a-4a5f-9bca-2f0f1fede65d	13	42103364	43802192	1376	-0.0299
abd8131a-d16a-4a5f-9bca-2f0f1fede65d	13	43802426	47883280	2682	0.0169
abd8131a-d16a-4a5f-9bca-2f0f1fede65d	13	47886157	47888988	2	-2.4847
abd8131a-d16a-4a5f-9bca-2f0f1fede65d	13	47891892	57176962	5309	0.0495
abd8131a-d16a-4a5f-9bca-2f0f1fede65d	13	57184136	57204246	34	-0.7023
abd8131a-d16a-4a5f-9bca-2f0f1fede65d	13	57215580	63650072	3802	0.0553
abd8131a-d16a-4a5f-9bca-2f0f1fede65d	13	63650659	63662559	9	-0.8171
abd8131a-d16a-4a5f-9bca-2f0f1fede65d	13	63665430	64372045	406	0.1523
abd8131a-d16a-4a5f-9bca-2f0f1fede65d	13	64372411	71902850	4780	0.0504
abd8131a-d16a-4a5f-9bca-2f0f1fede65d	13	71903417	71906418	4	-3.6822
abd8131a-d16a-4a5f-9bca-2f0f1fede65d	13	71906467	114342922	29095	0.0483
abd8131a-d16a-4a5f-9bca-2f0f1fede65d	14	18239283	19689684	64	0.1356
abd8131a-d16a-4a5f-9bca-2f0f1fede65d	14	19732024	19954424	101	0.5334
abd8131a-d16a-4a5f-9bca-2f0f1fede65d	14	19955213	20707115	571	0.0801
abd8131a-d16a-4a5f-9bca-2f0f1fede65d	14	20707930	20707933	2	-1.5734
abd8131a-d16a-4a5f-9bca-2f0f1fede65d	14	20710239	22147594	976	0.0431
abd8131a-d16a-4a5f-9bca-2f0f1fede65d	14	22148431	22395207	208	0.1921
abd8131a-d16a-4a5f-9bca-2f0f1fede65d	14	22395910	31257017	5383	0.0278
abd8131a-d16a-4a5f-9bca-2f0f1fede65d	14	31261139	34957568	2630	-0.043
abd8131a-d16a-4a5f-9bca-2f0f1fede65d	14	34959789	41009283	3709	0.0449
abd8131a-d16a-4a5f-9bca-2f0f1fede65d	14	41009487	41009525	2	1.6987
abd8131a-d16a-4a5f-9bca-2f0f1fede65d	14	41009901	41139155	122	-0.0086
abd8131a-d16a-4a5f-9bca-2f0f1fede65d	14	41141293	41188146	15	-3.1601
abd8131a-d16a-4a5f-9bca-2f0f1fede65d	14	41200899	41334088	112	0.0543
abd8131a-d16a-4a5f-9bca-2f0f1fede65d	14	41334924	41335176	2	1.3351
abd8131a-d16a-4a5f-9bca-2f0f1fede65d	14	41341627	50319286	5204	0.0491
abd8131a-d16a-4a5f-9bca-2f0f1fede65d	14	50319391	53341126	2058	-0.0231
abd8131a-d16a-4a5f-9bca-2f0f1fede65d	14	53345162	53345341	4	-1.1672
abd8131a-d16a-4a5f-9bca-2f0f1fede65d	14	53345534	56663685	2407	-0.0074
abd8131a-d16a-4a5f-9bca-2f0f1fede65d	14	56664069	56664259	2	-1.202
abd8131a-d16a-4a5f-9bca-2f0f1fede65d	14	56675149	57837562	776	-0.0273
abd8131a-d16a-4a5f-9bca-2f0f1fede65d	14	57837681	60460530	1613	0.0428
abd8131a-d16a-4a5f-9bca-2f0f1fede65d	14	60462721	61976615	907	0.0939
abd8131a-d16a-4a5f-9bca-2f0f1fede65d	14	61980813	68784198	4272	0.0211
abd8131a-d16a-4a5f-9bca-2f0f1fede65d	14	68792160	73529070	3099	-0.0222
abd8131a-d16a-4a5f-9bca-2f0f1fede65d	14	73534419	73554275	9	-1.9558
abd8131a-d16a-4a5f-9bca-2f0f1fede65d	14	73563196	73583560	10	-0.2742
abd8131a-d16a-4a5f-9bca-2f0f1fede65d	14	73589619	76241347	1589	-0.0272
abd8131a-d16a-4a5f-9bca-2f0f1fede65d	14	76245045	76249591	3	-1.172
abd8131a-d16a-4a5f-9bca-2f0f1fede65d	14	76251610	77970505	1183	-0.0057
abd8131a-d16a-4a5f-9bca-2f0f1fede65d	14	77971518	81137794	2224	-0.0854
abd8131a-d16a-4a5f-9bca-2f0f1fede65d	14	81139357	81746188	377	0.0151
abd8131a-d16a-4a5f-9bca-2f0f1fede65d	14	81748432	86004275	2895	-0.0847
abd8131a-d16a-4a5f-9bca-2f0f1fede65d	14	86004509	86023867	25	0.2936
abd8131a-d16a-4a5f-9bca-2f0f1fede65d	14	86023990	87731178	1069	-0.067
abd8131a-d16a-4a5f-9bca-2f0f1fede65d	14	87731495	94666555	4558	-0.0111
abd8131a-d16a-4a5f-9bca-2f0f1fede65d	14	94666593	96685040	1531	-0.0502
abd8131a-d16a-4a5f-9bca-2f0f1fede65d	14	96685785	98962497	1903	-0.1219
abd8131a-d16a-4a5f-9bca-2f0f1fede65d	14	98966770	100721140	1116	-0.0421
abd8131a-d16a-4a5f-9bca-2f0f1fede65d	14	100721151	101933633	713	-0.1159
abd8131a-d16a-4a5f-9bca-2f0f1fede65d	14	101935049	104384306	1100	-0.0243
abd8131a-d16a-4a5f-9bca-2f0f1fede65d	14	104390160	104405529	7	-1.0375
abd8131a-d16a-4a5f-9bca-2f0f1fede65d	14	104408221	104651473	86	-0.0871
abd8131a-d16a-4a5f-9bca-2f0f1fede65d	14	104655857	105792304	295	0.0494
abd8131a-d16a-4a5f-9bca-2f0f1fede65d	14	105795472	105960212	56	-0.2657
abd8131a-d16a-4a5f-9bca-2f0f1fede65d	14	105960223	106065610	32	0.2902
abd8131a-d16a-4a5f-9bca-2f0f1fede65d	14	106068138	106340102	101	-0.0691
abd8131a-d16a-4a5f-9bca-2f0f1fede65d	14	106340305	106365807	10	1.3677
abd8131a-d16a-4a5f-9bca-2f0f1fede65d	14	106369985	106877229	270	-0.0114
abd8131a-d16a-4a5f-9bca-2f0f1fede65d	15	19811075	20026653	47	-0.1034
abd8131a-d16a-4a5f-9bca-2f0f1fede65d	15	20041119	22299523	159	0.8047
abd8131a-d16a-4a5f-9bca-2f0f1fede65d	15	22385639	30215235	4631	0.0377
abd8131a-d16a-4a5f-9bca-2f0f1fede65d	15	30230885	30297594	12	-0.8821
abd8131a-d16a-4a5f-9bca-2f0f1fede65d	15	30300815	30881824	110	-0.1243
abd8131a-d16a-4a5f-9bca-2f0f1fede65d	15	30882316	31303314	317	0.0913
abd8131a-d16a-4a5f-9bca-2f0f1fede65d	15	31305775	31361441	37	0.3094
abd8131a-d16a-4a5f-9bca-2f0f1fede65d	15	31363005	31496980	90	0.0953
abd8131a-d16a-4a5f-9bca-2f0f1fede65d	15	31498512	34447720	2037	0.0135
abd8131a-d16a-4a5f-9bca-2f0f1fede65d	15	34453518	34459800	7	0.7073
abd8131a-d16a-4a5f-9bca-2f0f1fede65d	15	34464698	35121223	460	0.0286
abd8131a-d16a-4a5f-9bca-2f0f1fede65d	15	35124052	37815207	1871	-0.0395
abd8131a-d16a-4a5f-9bca-2f0f1fede65d	15	37816448	41014333	2147	0.012
abd8131a-d16a-4a5f-9bca-2f0f1fede65d	15	41014638	44259380	1506	-0.049
abd8131a-d16a-4a5f-9bca-2f0f1fede65d	15	44259700	59726571	9958	0.012
abd8131a-d16a-4a5f-9bca-2f0f1fede65d	15	59727465	76598900	10521	-0.0639
abd8131a-d16a-4a5f-9bca-2f0f1fede65d	15	76599170	76602857	13	-3.0382
abd8131a-d16a-4a5f-9bca-2f0f1fede65d	15	76603003	76603434	8	-1.1001
abd8131a-d16a-4a5f-9bca-2f0f1fede65d	15	76609838	76670427	27	-0.3453
abd8131a-d16a-4a5f-9bca-2f0f1fede65d	15	76670614	84563088	4589	-0.0656
abd8131a-d16a-4a5f-9bca-2f0f1fede65d	15	84563687	84593183	8	-0.4758
abd8131a-d16a-4a5f-9bca-2f0f1fede65d	15	84593584	91175020	4640	-0.0134
abd8131a-d16a-4a5f-9bca-2f0f1fede65d	15	91175668	97265179	4909	-0.0626
abd8131a-d16a-4a5f-9bca-2f0f1fede65d	15	97274562	97288957	11	-0.8122
abd8131a-d16a-4a5f-9bca-2f0f1fede65d	15	97290419	101900719	3417	-0.0299
abd8131a-d16a-4a5f-9bca-2f0f1fede65d	15	101905038	101928837	3	-0.6556
abd8131a-d16a-4a5f-9bca-2f0f1fede65d	16	10777	4218934	1744	-0.0965
abd8131a-d16a-4a5f-9bca-2f0f1fede65d	16	4219814	6157076	1586	0.0211
abd8131a-d16a-4a5f-9bca-2f0f1fede65d	16	6157388	23134372	11850	-0.025
abd8131a-d16a-4a5f-9bca-2f0f1fede65d	16	23137723	28752527	3708	0.0215
abd8131a-d16a-4a5f-9bca-2f0f1fede65d	16	28812606	29989580	333	-0.1352
abd8131a-d16a-4a5f-9bca-2f0f1fede65d	16	29989762	32001409	725	0.0564
abd8131a-d16a-4a5f-9bca-2f0f1fede65d	16	32001634	35533640	381	-0.1462
abd8131a-d16a-4a5f-9bca-2f0f1fede65d	16	35533876	51016077	2795	0.0408
abd8131a-d16a-4a5f-9bca-2f0f1fede65d	16	51017233	56164184	4070	-0.0294
abd8131a-d16a-4a5f-9bca-2f0f1fede65d	16	56164426	59040638	1725	0.0514
abd8131a-d16a-4a5f-9bca-2f0f1fede65d	16	59040652	65466502	4285	0.0058
abd8131a-d16a-4a5f-9bca-2f0f1fede65d	16	65466813	67581618	1330	0.08
abd8131a-d16a-4a5f-9bca-2f0f1fede65d	16	67585444	74447679	3490	-0.0285
abd8131a-d16a-4a5f-9bca-2f0f1fede65d	16	74448155	81237459	6517	0.013
abd8131a-d16a-4a5f-9bca-2f0f1fede65d	16	81237517	82662745	1403	0.0823
abd8131a-d16a-4a5f-9bca-2f0f1fede65d	16	82663650	84178112	1742	0.0391
abd8131a-d16a-4a5f-9bca-2f0f1fede65d	16	84183000	84882897	675	-0.0613
abd8131a-d16a-4a5f-9bca-2f0f1fede65d	16	84884386	85891741	656	0.0521
abd8131a-d16a-4a5f-9bca-2f0f1fede65d	16	85891852	85947816	67	-0.1503
abd8131a-d16a-4a5f-9bca-2f0f1fede65d	16	85947995	88080057	1915	-0.0561
abd8131a-d16a-4a5f-9bca-2f0f1fede65d	16	88080605	88081785	3	-1.1971
abd8131a-d16a-4a5f-9bca-2f0f1fede65d	16	88082524	88450967	154	-0.0192
abd8131a-d16a-4a5f-9bca-2f0f1fede65d	16	88457407	90096867	681	-0.1522
abd8131a-d16a-4a5f-9bca-2f0f1fede65d	17	150733	573753	215	-0.2517
abd8131a-d16a-4a5f-9bca-2f0f1fede65d	17	574231	7167984	3814	-0.0582
abd8131a-d16a-4a5f-9bca-2f0f1fede65d	17	7168246	8339592	506	0.0043
abd8131a-d16a-4a5f-9bca-2f0f1fede65d	17	8344229	8344415	2	-3.4838
abd8131a-d16a-4a5f-9bca-2f0f1fede65d	17	8346140	9719227	913	0.0044
abd8131a-d16a-4a5f-9bca-2f0f1fede65d	17	9721475	9722438	2	-1.4336
abd8131a-d16a-4a5f-9bca-2f0f1fede65d	17	9725257	13366193	2754	0.0183
abd8131a-d16a-4a5f-9bca-2f0f1fede65d	17	13367341	17487891	2677	-0.0412
abd8131a-d16a-4a5f-9bca-2f0f1fede65d	17	17488036	18375203	482	0.0397
abd8131a-d16a-4a5f-9bca-2f0f1fede65d	17	18375217	18379812	10	-0.4042
abd8131a-d16a-4a5f-9bca-2f0f1fede65d	17	18379895	18458372	19	-0.0221
abd8131a-d16a-4a5f-9bca-2f0f1fede65d	17	18461528	18561272	22	0.5259
abd8131a-d16a-4a5f-9bca-2f0f1fede65d	17	18561907	18659407	19	-0.3727
abd8131a-d16a-4a5f-9bca-2f0f1fede65d	17	18666219	19596423	342	0.007
abd8131a-d16a-4a5f-9bca-2f0f1fede65d	17	19598485	19621420	25	-0.31
abd8131a-d16a-4a5f-9bca-2f0f1fede65d	17	19621438	21444637	783	0.0718
abd8131a-d16a-4a5f-9bca-2f0f1fede65d	17	21445176	21448696	3	-1.0669
abd8131a-d16a-4a5f-9bca-2f0f1fede65d	17	21449907	21615833	74	0.041
abd8131a-d16a-4a5f-9bca-2f0f1fede65d	17	21620905	22694016	208	-0.1097
abd8131a-d16a-4a5f-9bca-2f0f1fede65d	17	22696349	29104407	1075	0.0617
abd8131a-d16a-4a5f-9bca-2f0f1fede65d	17	29108078	33439223	2268	-0.0669
abd8131a-d16a-4a5f-9bca-2f0f1fede65d	17	33440087	36553266	2158	-0.1407
abd8131a-d16a-4a5f-9bca-2f0f1fede65d	17	36553598	36893758	282	0.0035
abd8131a-d16a-4a5f-9bca-2f0f1fede65d	17	36894275	43381575	3295	-0.0871
abd8131a-d16a-4a5f-9bca-2f0f1fede65d	17	43384354	45436394	1017	-0.0156
abd8131a-d16a-4a5f-9bca-2f0f1fede65d	17	45442744	46136800	398	-0.2286
abd8131a-d16a-4a5f-9bca-2f0f1fede65d	17	46137998	47810585	641	-0.0818
abd8131a-d16a-4a5f-9bca-2f0f1fede65d	17	47815493	48090539	173	0.0534
abd8131a-d16a-4a5f-9bca-2f0f1fede65d	17	48090563	49766464	868	-0.0486
abd8131a-d16a-4a5f-9bca-2f0f1fede65d	17	49766523	58123113	5763	0.0153
abd8131a-d16a-4a5f-9bca-2f0f1fede65d	17	58134739	58136733	5	-1.3861
abd8131a-d16a-4a5f-9bca-2f0f1fede65d	17	58140037	60868611	1285	-0.0271
abd8131a-d16a-4a5f-9bca-2f0f1fede65d	17	60868831	68814746	4380	-0.0645
abd8131a-d16a-4a5f-9bca-2f0f1fede65d	17	68815391	72045281	2402	-0.124
abd8131a-d16a-4a5f-9bca-2f0f1fede65d	17	72046913	72703607	519	0.0145
abd8131a-d16a-4a5f-9bca-2f0f1fede65d	17	72703727	73838033	860	-0.0733
abd8131a-d16a-4a5f-9bca-2f0f1fede65d	17	73838553	74695492	560	-0.213
abd8131a-d16a-4a5f-9bca-2f0f1fede65d	17	74695789	80238696	2991	-0.0727
abd8131a-d16a-4a5f-9bca-2f0f1fede65d	17	80240400	80824354	358	-0.2057
abd8131a-d16a-4a5f-9bca-2f0f1fede65d	17	80824774	83091923	837	-0.0775
abd8131a-d16a-4a5f-9bca-2f0f1fede65d	18	48133	122470	13	-0.5479
abd8131a-d16a-4a5f-9bca-2f0f1fede65d	18	136240	2514192	1780	0.0591
abd8131a-d16a-4a5f-9bca-2f0f1fede65d	18	2516004	3973344	1013	0.1343
abd8131a-d16a-4a5f-9bca-2f0f1fede65d	18	3973509	11879932	5868	0.0558
abd8131a-d16a-4a5f-9bca-2f0f1fede65d	18	11882269	13512995	948	0.1175
abd8131a-d16a-4a5f-9bca-2f0f1fede65d	18	13513263	26785899	4250	0.0391
abd8131a-d16a-4a5f-9bca-2f0f1fede65d	18	26785951	26786181	3	-3.1132
abd8131a-d16a-4a5f-9bca-2f0f1fede65d	18	26786415	28613572	1194	0.0037
abd8131a-d16a-4a5f-9bca-2f0f1fede65d	18	28615803	28616166	4	-0.9968
abd8131a-d16a-4a5f-9bca-2f0f1fede65d	18	28616668	31077907	1495	0
abd8131a-d16a-4a5f-9bca-2f0f1fede65d	18	31079683	38109926	4559	0.0464
abd8131a-d16a-4a5f-9bca-2f0f1fede65d	18	38110233	45222435	4633	-0.016
abd8131a-d16a-4a5f-9bca-2f0f1fede65d	18	45223744	45223864	2	-2.0362
abd8131a-d16a-4a5f-9bca-2f0f1fede65d	18	45224560	61259050	11157	0.0242
abd8131a-d16a-4a5f-9bca-2f0f1fede65d	18	61259293	65632947	3071	0.0728
abd8131a-d16a-4a5f-9bca-2f0f1fede65d	18	65634466	65634822	2	-1.3475
abd8131a-d16a-4a5f-9bca-2f0f1fede65d	18	65635472	66060309	310	0.1206
abd8131a-d16a-4a5f-9bca-2f0f1fede65d	18	66060363	66061104	10	-0.6161
abd8131a-d16a-4a5f-9bca-2f0f1fede65d	18	66065502	66239629	148	0.0298
abd8131a-d16a-4a5f-9bca-2f0f1fede65d	18	66240197	66244124	9	-0.8333
abd8131a-d16a-4a5f-9bca-2f0f1fede65d	18	66244352	68334330	1471	0.0343
abd8131a-d16a-4a5f-9bca-2f0f1fede65d	18	68334351	68334366	2	-1.3291
abd8131a-d16a-4a5f-9bca-2f0f1fede65d	18	68334451	71382253	2201	0.0665
abd8131a-d16a-4a5f-9bca-2f0f1fede65d	18	71387796	74532924	2562	0.1068
abd8131a-d16a-4a5f-9bca-2f0f1fede65d	18	74533297	77345581	2171	0.0565
abd8131a-d16a-4a5f-9bca-2f0f1fede65d	18	77352905	77378415	30	-0.0589
abd8131a-d16a-4a5f-9bca-2f0f1fede65d	18	77380517	77381751	3	-0.9718
abd8131a-d16a-4a5f-9bca-2f0f1fede65d	18	77383800	80257174	1832	0.0222
abd8131a-d16a-4a5f-9bca-2f0f1fede65d	19	90910	17033504	7380	-0.0708
abd8131a-d16a-4a5f-9bca-2f0f1fede65d	19	17038637	20848709	1787	0.0321
abd8131a-d16a-4a5f-9bca-2f0f1fede65d	19	20853757	20931462	29	-0.4566
abd8131a-d16a-4a5f-9bca-2f0f1fede65d	19	20932002	20938383	3	-2.3525
abd8131a-d16a-4a5f-9bca-2f0f1fede65d	19	20939644	20958704	16	-0.1749
abd8131a-d16a-4a5f-9bca-2f0f1fede65d	19	20958993	20959836	2	-2.278
abd8131a-d16a-4a5f-9bca-2f0f1fede65d	19	20962588	28861854	2874	0.0028
abd8131a-d16a-4a5f-9bca-2f0f1fede65d	19	28862186	29112900	234	0.1533
abd8131a-d16a-4a5f-9bca-2f0f1fede65d	19	29115454	29572599	368	0.043
abd8131a-d16a-4a5f-9bca-2f0f1fede65d	19	29573489	29894638	244	0.1104
abd8131a-d16a-4a5f-9bca-2f0f1fede65d	19	29896634	35366205	3769	0.0118
abd8131a-d16a-4a5f-9bca-2f0f1fede65d	19	35366234	35400353	35	-0.3251
abd8131a-d16a-4a5f-9bca-2f0f1fede65d	19	35402651	36267995	405	0.0376
abd8131a-d16a-4a5f-9bca-2f0f1fede65d	19	36314803	43193181	3431	-0.0641
abd8131a-d16a-4a5f-9bca-2f0f1fede65d	19	43198881	43249358	21	-1.2454
abd8131a-d16a-4a5f-9bca-2f0f1fede65d	19	43252085	52381851	4667	-0.0554
abd8131a-d16a-4a5f-9bca-2f0f1fede65d	19	52381874	52422567	15	-0.1425
abd8131a-d16a-4a5f-9bca-2f0f1fede65d	19	52422579	52433847	4	-1.3085
abd8131a-d16a-4a5f-9bca-2f0f1fede65d	19	52434878	53926888	1048	-0.1427
abd8131a-d16a-4a5f-9bca-2f0f1fede65d	19	53927274	58586487	2750	-0.0652
abd8131a-d16a-4a5f-9bca-2f0f1fede65d	20	80664	1580305	1200	-0.0914
abd8131a-d16a-4a5f-9bca-2f0f1fede65d	20	1580353	1601561	37	-0.6768
abd8131a-d16a-4a5f-9bca-2f0f1fede65d	20	1609611	1617300	6	-1.6886
abd8131a-d16a-4a5f-9bca-2f0f1fede65d	20	1617460	2635236	887	-0.0764
abd8131a-d16a-4a5f-9bca-2f0f1fede65d	20	2635342	4056881	801	-0.0281
abd8131a-d16a-4a5f-9bca-2f0f1fede65d	20	4056980	4060093	6	-0.9183
abd8131a-d16a-4a5f-9bca-2f0f1fede65d	20	4060116	8176301	3183	-0.0277
abd8131a-d16a-4a5f-9bca-2f0f1fede65d	20	8176479	8391565	174	0.1156
abd8131a-d16a-4a5f-9bca-2f0f1fede65d	20	8396273	14812166	4871	-0.0388
abd8131a-d16a-4a5f-9bca-2f0f1fede65d	20	14812188	14812192	2	-3.2185
abd8131a-d16a-4a5f-9bca-2f0f1fede65d	20	14812769	17544258	2606	-0.062
abd8131a-d16a-4a5f-9bca-2f0f1fede65d	20	17547829	21621979	3072	-0.0074
abd8131a-d16a-4a5f-9bca-2f0f1fede65d	20	21622325	22359072	474	-0.0451
abd8131a-d16a-4a5f-9bca-2f0f1fede65d	20	22359223	24942621	2079	0.0235
abd8131a-d16a-4a5f-9bca-2f0f1fede65d	20	24942769	25399034	261	0.1638
abd8131a-d16a-4a5f-9bca-2f0f1fede65d	20	25404755	26324855	349	0.048
abd8131a-d16a-4a5f-9bca-2f0f1fede65d	20	26324943	30271154	17	-0.9099
abd8131a-d16a-4a5f-9bca-2f0f1fede65d	20	30293217	31404448	113	-0.0049
abd8131a-d16a-4a5f-9bca-2f0f1fede65d	20	31404945	31718921	147	0.1933
abd8131a-d16a-4a5f-9bca-2f0f1fede65d	20	31718988	35309855	1751	-0.0104
abd8131a-d16a-4a5f-9bca-2f0f1fede65d	20	35311368	64324800	20318	-0.0828
abd8131a-d16a-4a5f-9bca-2f0f1fede65d	21	10354168	22283580	6298	0.0506
abd8131a-d16a-4a5f-9bca-2f0f1fede65d	21	22285238	22292338	8	-0.836
abd8131a-d16a-4a5f-9bca-2f0f1fede65d	21	22294679	22391512	65	-0.0252
abd8131a-d16a-4a5f-9bca-2f0f1fede65d	21	22391773	23060192	499	0.1172
abd8131a-d16a-4a5f-9bca-2f0f1fede65d	21	23060206	30333125	5545	0.0321
abd8131a-d16a-4a5f-9bca-2f0f1fede65d	21	30335137	30335186	2	-2.0875
abd8131a-d16a-4a5f-9bca-2f0f1fede65d	21	30336010	30713900	236	0.0076
abd8131a-d16a-4a5f-9bca-2f0f1fede65d	21	30713936	32626796	1339	0.0824
abd8131a-d16a-4a5f-9bca-2f0f1fede65d	21	32626905	34098295	943	-0.005
abd8131a-d16a-4a5f-9bca-2f0f1fede65d	21	34098827	40180043	4779	-0.0537
abd8131a-d16a-4a5f-9bca-2f0f1fede65d	21	40181156	40821496	580	-0.1576
abd8131a-d16a-4a5f-9bca-2f0f1fede65d	21	40826795	45056420	2608	-0.0442
abd8131a-d16a-4a5f-9bca-2f0f1fede65d	21	45067916	45067987	2	-1.8565
abd8131a-d16a-4a5f-9bca-2f0f1fede65d	21	45069194	46677045	946	-0.1242
abd8131a-d16a-4a5f-9bca-2f0f1fede65d	22	15294547	16659817	105	-0.07
abd8131a-d16a-4a5f-9bca-2f0f1fede65d	22	16666549	17014661	196	0.0692
abd8131a-d16a-4a5f-9bca-2f0f1fede65d	22	17018144	17018618	2	1.7397
abd8131a-d16a-4a5f-9bca-2f0f1fede65d	22	17019000	18148937	816	0.0921
abd8131a-d16a-4a5f-9bca-2f0f1fede65d	22	18149580	18760941	16	-0.2148
abd8131a-d16a-4a5f-9bca-2f0f1fede65d	22	18783014	18822597	4	-1.607
abd8131a-d16a-4a5f-9bca-2f0f1fede65d	22	18917479	20309017	868	-0.0484
abd8131a-d16a-4a5f-9bca-2f0f1fede65d	22	20317011	22398345	1451	-0.156
abd8131a-d16a-4a5f-9bca-2f0f1fede65d	22	22398407	22398545	3	-2.2758
abd8131a-d16a-4a5f-9bca-2f0f1fede65d	22	22402989	23477510	634	-0.1531
abd8131a-d16a-4a5f-9bca-2f0f1fede65d	22	23479094	23815063	187	-0.0148
abd8131a-d16a-4a5f-9bca-2f0f1fede65d	22	23820816	23822901	2	-1.6909
abd8131a-d16a-4a5f-9bca-2f0f1fede65d	22	23823160	23987520	108	-0.0577
abd8131a-d16a-4a5f-9bca-2f0f1fede65d	22	23988078	23990739	4	0.9996
abd8131a-d16a-4a5f-9bca-2f0f1fede65d	22	23995113	24685371	351	-0.0489
abd8131a-d16a-4a5f-9bca-2f0f1fede65d	22	24686148	24686567	3	-1.2701
abd8131a-d16a-4a5f-9bca-2f0f1fede65d	22	24691707	25254681	453	-0.054
abd8131a-d16a-4a5f-9bca-2f0f1fede65d	22	25256216	25340710	61	-0.3511
abd8131a-d16a-4a5f-9bca-2f0f1fede65d	22	25340711	28693262	2978	-0.0787
abd8131a-d16a-4a5f-9bca-2f0f1fede65d	22	28694069	38287733	6644	-0.0025
abd8131a-d16a-4a5f-9bca-2f0f1fede65d	22	38295878	48846566	7137	-0.0599
abd8131a-d16a-4a5f-9bca-2f0f1fede65d	22	48848072	49594926	701	-0.1803
abd8131a-d16a-4a5f-9bca-2f0f1fede65d	22	49595167	50796027	540	-0.0973
abd8131a-d16a-4a5f-9bca-2f0f1fede65d	X	251810	9941471	5544	-0.0025
abd8131a-d16a-4a5f-9bca-2f0f1fede65d	X	9942128	23021540	8309	-0.0274
abd8131a-d16a-4a5f-9bca-2f0f1fede65d	X	23021806	41420789	11652	0.0179
abd8131a-d16a-4a5f-9bca-2f0f1fede65d	X	41421366	42241413	417	-0.0345
abd8131a-d16a-4a5f-9bca-2f0f1fede65d	X	42241831	42262335	7	-0.6982
abd8131a-d16a-4a5f-9bca-2f0f1fede65d	X	42262583	45684358	1824	-0.0271
abd8131a-d16a-4a5f-9bca-2f0f1fede65d	X	45685775	76911839	11920	0.011
abd8131a-d16a-4a5f-9bca-2f0f1fede65d	X	76912007	76924256	31	-1.0681
abd8131a-d16a-4a5f-9bca-2f0f1fede65d	X	76930643	155952689	43909	0.0141
abd8131a-d16a-4a5f-9bca-2f0f1fede65d	Y	2782397	56872112	6639	-1.2309
