GDC_Aliquot	Chromosome	Start	End	Num_Probes	Segment_Mean
d5aabe0b-7274-49da-9d1a-558f1ef71877	1	3301765	34705404	16964	-0.0187
d5aabe0b-7274-49da-9d1a-558f1ef71877	1	34708927	51933445	8936	0.6973
d5aabe0b-7274-49da-9d1a-558f1ef71877	1	51936434	59970317	5608	0.3661
d5aabe0b-7274-49da-9d1a-558f1ef71877	1	59971252	60127631	116	-0.0354
d5aabe0b-7274-49da-9d1a-558f1ef71877	1	60132242	63878023	2559	0.3845
d5aabe0b-7274-49da-9d1a-558f1ef71877	1	63878348	63880690	2	-4.1012
d5aabe0b-7274-49da-9d1a-558f1ef71877	1	63882084	74235118	6442	0.3378
d5aabe0b-7274-49da-9d1a-558f1ef71877	1	74240703	74261614	13	-0.8965
d5aabe0b-7274-49da-9d1a-558f1ef71877	1	74268459	79508080	2974	0.3435
d5aabe0b-7274-49da-9d1a-558f1ef71877	1	79508585	79509924	2	-1.2681
d5aabe0b-7274-49da-9d1a-558f1ef71877	1	79510271	91128933	7444	0.3435
d5aabe0b-7274-49da-9d1a-558f1ef71877	1	91129256	91138376	11	0.0555
d5aabe0b-7274-49da-9d1a-558f1ef71877	1	91138532	96422852	3209	-0.0642
d5aabe0b-7274-49da-9d1a-558f1ef71877	1	96423702	96423758	2	-2.8094
d5aabe0b-7274-49da-9d1a-558f1ef71877	1	96442962	105932786	5140	-0.0963
d5aabe0b-7274-49da-9d1a-558f1ef71877	1	105934972	116200139	6409	-0.785
d5aabe0b-7274-49da-9d1a-558f1ef71877	1	116206560	118754180	1525	-0.1412
d5aabe0b-7274-49da-9d1a-558f1ef71877	1	118758124	119984738	765	1.4251
d5aabe0b-7274-49da-9d1a-558f1ef71877	1	119984772	158180653	4151	0.4839
d5aabe0b-7274-49da-9d1a-558f1ef71877	1	158181428	159286876	696	0.3939
d5aabe0b-7274-49da-9d1a-558f1ef71877	1	159287430	160143004	556	0.4739
d5aabe0b-7274-49da-9d1a-558f1ef71877	1	160144553	161843725	910	0.6816
d5aabe0b-7274-49da-9d1a-558f1ef71877	1	161843975	170689990	6759	0.4552
d5aabe0b-7274-49da-9d1a-558f1ef71877	1	170690875	185168042	8914	0.4844
d5aabe0b-7274-49da-9d1a-558f1ef71877	1	185172088	193872929	5313	0.444
d5aabe0b-7274-49da-9d1a-558f1ef71877	1	193876101	194048486	130	0.1267
d5aabe0b-7274-49da-9d1a-558f1ef71877	1	194049448	200129236	3333	0.4437
d5aabe0b-7274-49da-9d1a-558f1ef71877	1	200129318	209489881	6204	0.4878
d5aabe0b-7274-49da-9d1a-558f1ef71877	1	209490021	211378397	1362	0.4456
d5aabe0b-7274-49da-9d1a-558f1ef71877	1	211379469	211645880	182	0.2123
d5aabe0b-7274-49da-9d1a-558f1ef71877	1	211649382	239717903	18540	0.4673
d5aabe0b-7274-49da-9d1a-558f1ef71877	1	239718578	242792699	2344	0.416
d5aabe0b-7274-49da-9d1a-558f1ef71877	1	242796316	244698908	937	0.669
d5aabe0b-7274-49da-9d1a-558f1ef71877	1	244699043	247650984	1310	0.7418
d5aabe0b-7274-49da-9d1a-558f1ef71877	2	480597	18663510	11871	0.2255
d5aabe0b-7274-49da-9d1a-558f1ef71877	2	18663910	22742372	2605	0.2667
d5aabe0b-7274-49da-9d1a-558f1ef71877	2	22745909	38246485	8144	0.3148
d5aabe0b-7274-49da-9d1a-558f1ef71877	2	38248980	39891360	953	0.2644
d5aabe0b-7274-49da-9d1a-558f1ef71877	2	39891920	48602812	5587	0.2435
d5aabe0b-7274-49da-9d1a-558f1ef71877	2	48604762	65568272	9173	0.1748
d5aabe0b-7274-49da-9d1a-558f1ef71877	2	65568687	66814545	908	0.245
d5aabe0b-7274-49da-9d1a-558f1ef71877	2	66814767	66821029	11	0.5464
d5aabe0b-7274-49da-9d1a-558f1ef71877	2	66821445	67011017	134	0.8107
d5aabe0b-7274-49da-9d1a-558f1ef71877	2	67012772	67120349	89	0.5854
d5aabe0b-7274-49da-9d1a-558f1ef71877	2	67121865	68269040	820	0.2482
d5aabe0b-7274-49da-9d1a-558f1ef71877	2	68271751	88831554	10487	-0.2264
d5aabe0b-7274-49da-9d1a-558f1ef71877	2	94675825	101060720	2689	0.2344
d5aabe0b-7274-49da-9d1a-558f1ef71877	2	101063584	104950481	2341	0.1741
d5aabe0b-7274-49da-9d1a-558f1ef71877	2	104950496	106578564	1131	0.2165
d5aabe0b-7274-49da-9d1a-558f1ef71877	2	106580775	106581060	3	-0.8731
d5aabe0b-7274-49da-9d1a-558f1ef71877	2	106581444	106976654	264	0.2117
d5aabe0b-7274-49da-9d1a-558f1ef71877	2	106976789	114952500	3673	0.2652
d5aabe0b-7274-49da-9d1a-558f1ef71877	2	114953249	118531237	1692	0.1709
d5aabe0b-7274-49da-9d1a-558f1ef71877	2	118531446	119203750	495	0.5421
d5aabe0b-7274-49da-9d1a-558f1ef71877	2	119204337	119298473	85	0.8734
d5aabe0b-7274-49da-9d1a-558f1ef71877	2	119302412	119314571	14	0.5558
d5aabe0b-7274-49da-9d1a-558f1ef71877	2	119315821	119376550	40	0.266
d5aabe0b-7274-49da-9d1a-558f1ef71877	2	119383577	122462304	1760	-0.267
d5aabe0b-7274-49da-9d1a-558f1ef71877	2	122464409	122474282	7	-1.222
d5aabe0b-7274-49da-9d1a-558f1ef71877	2	122474534	137181265	7209	-0.2773
d5aabe0b-7274-49da-9d1a-558f1ef71877	2	137184894	138550104	370	0.2524
d5aabe0b-7274-49da-9d1a-558f1ef71877	2	138551853	142594575	2526	0.5814
d5aabe0b-7274-49da-9d1a-558f1ef71877	2	142594981	147786877	2813	0.5162
d5aabe0b-7274-49da-9d1a-558f1ef71877	2	147787747	171637557	14114	0.57
d5aabe0b-7274-49da-9d1a-558f1ef71877	2	171638848	171639456	2	-1.0981
d5aabe0b-7274-49da-9d1a-558f1ef71877	2	171641652	178527149	4357	0.5748
d5aabe0b-7274-49da-9d1a-558f1ef71877	2	178527808	181578660	1916	0.5147
d5aabe0b-7274-49da-9d1a-558f1ef71877	2	181583683	190509049	4220	0.5723
d5aabe0b-7274-49da-9d1a-558f1ef71877	2	190509136	191346727	510	0.7867
d5aabe0b-7274-49da-9d1a-558f1ef71877	2	191347795	191771801	288	0.0457
d5aabe0b-7274-49da-9d1a-558f1ef71877	2	191776983	200639681	4325	-0.351
d5aabe0b-7274-49da-9d1a-558f1ef71877	2	200642937	200651216	4	-1.7272
d5aabe0b-7274-49da-9d1a-558f1ef71877	2	200651255	200684981	29	-1.0018
d5aabe0b-7274-49da-9d1a-558f1ef71877	2	200687195	223513880	13820	-0.3289
d5aabe0b-7274-49da-9d1a-558f1ef71877	2	223517550	231009193	4553	-0.3663
d5aabe0b-7274-49da-9d1a-558f1ef71877	2	231009649	234679745	2096	-0.3004
d5aabe0b-7274-49da-9d1a-558f1ef71877	2	234680232	234718915	25	-1.0426
d5aabe0b-7274-49da-9d1a-558f1ef71877	2	234725024	240173541	3382	-0.2896
d5aabe0b-7274-49da-9d1a-558f1ef71877	2	240174253	241537572	678	0.0912
d5aabe0b-7274-49da-9d1a-558f1ef71877	3	2170634	7715104	2988	-0.1138
d5aabe0b-7274-49da-9d1a-558f1ef71877	3	7716101	16331163	5746	-0.0651
d5aabe0b-7274-49da-9d1a-558f1ef71877	3	16331786	36760225	12025	-0.1019
d5aabe0b-7274-49da-9d1a-558f1ef71877	3	36763162	67387830	17705	-0.0716
d5aabe0b-7274-49da-9d1a-558f1ef71877	3	67389824	120874714	28041	-0.111
d5aabe0b-7274-49da-9d1a-558f1ef71877	3	120876218	154874252	18660	0.3619
d5aabe0b-7274-49da-9d1a-558f1ef71877	3	154877183	155313366	229	-0.1254
d5aabe0b-7274-49da-9d1a-558f1ef71877	3	155316637	185389229	14933	0.3521
d5aabe0b-7274-49da-9d1a-558f1ef71877	3	185391816	197812401	6887	0.3871
d5aabe0b-7274-49da-9d1a-558f1ef71877	4	1059384	2637647	542	-0.0729
d5aabe0b-7274-49da-9d1a-558f1ef71877	4	2640312	2948151	154	-0.7978
d5aabe0b-7274-49da-9d1a-558f1ef71877	4	2948990	9609556	3650	-0.0627
d5aabe0b-7274-49da-9d1a-558f1ef71877	4	9652366	15462358	4387	-0.1431
d5aabe0b-7274-49da-9d1a-558f1ef71877	4	15462754	26160935	7115	-0.1003
d5aabe0b-7274-49da-9d1a-558f1ef71877	4	26160953	36895997	6335	-0.1284
d5aabe0b-7274-49da-9d1a-558f1ef71877	4	36898215	41438925	2830	-0.0776
d5aabe0b-7274-49da-9d1a-558f1ef71877	4	41440977	81750784	20251	-0.1356
d5aabe0b-7274-49da-9d1a-558f1ef71877	4	81751329	95600112	7991	-0.1075
d5aabe0b-7274-49da-9d1a-558f1ef71877	4	95601262	101876016	3544	-0.138
d5aabe0b-7274-49da-9d1a-558f1ef71877	4	101884634	102761969	482	0.3094
d5aabe0b-7274-49da-9d1a-558f1ef71877	4	102763796	187842528	46247	-0.134
d5aabe0b-7274-49da-9d1a-558f1ef71877	5	913983	8080936	5174	0.5974
d5aabe0b-7274-49da-9d1a-558f1ef71877	5	8096321	13292082	3287	0.6369
d5aabe0b-7274-49da-9d1a-558f1ef71877	5	13292148	13611495	231	0.5603
d5aabe0b-7274-49da-9d1a-558f1ef71877	5	13611522	35015093	11488	0.308
d5aabe0b-7274-49da-9d1a-558f1ef71877	5	35022929	35023681	3	-1.1125
d5aabe0b-7274-49da-9d1a-558f1ef71877	5	35024513	45383300	5956	0.3075
d5aabe0b-7274-49da-9d1a-558f1ef71877	5	50828231	75441644	13676	-0.827
d5aabe0b-7274-49da-9d1a-558f1ef71877	5	75445802	75446701	2	-3.1484
d5aabe0b-7274-49da-9d1a-558f1ef71877	5	75447024	80516613	3077	-0.8146
d5aabe0b-7274-49da-9d1a-558f1ef71877	5	80518228	82112910	930	-0.086
d5aabe0b-7274-49da-9d1a-558f1ef71877	5	82113245	85274233	1770	-0.1265
d5aabe0b-7274-49da-9d1a-558f1ef71877	5	85279399	90543067	2630	-0.1702
d5aabe0b-7274-49da-9d1a-558f1ef71877	5	90543254	91980507	786	-0.0928
d5aabe0b-7274-49da-9d1a-558f1ef71877	5	91989356	91995892	10	-0.7932
d5aabe0b-7274-49da-9d1a-558f1ef71877	5	91997789	124862014	17884	-0.1182
d5aabe0b-7274-49da-9d1a-558f1ef71877	5	124864635	127004394	1273	-0.0573
d5aabe0b-7274-49da-9d1a-558f1ef71877	5	127005037	132569425	3076	-0.1154
d5aabe0b-7274-49da-9d1a-558f1ef71877	5	132569483	141196426	4868	-0.0789
d5aabe0b-7274-49da-9d1a-558f1ef71877	5	141196617	141196668	2	-1.8538
d5aabe0b-7274-49da-9d1a-558f1ef71877	5	141222547	157644233	10764	-0.0717
d5aabe0b-7274-49da-9d1a-558f1ef71877	5	157647890	157733126	50	-0.7193
d5aabe0b-7274-49da-9d1a-558f1ef71877	5	157733372	158371876	457	-0.0257
d5aabe0b-7274-49da-9d1a-558f1ef71877	5	158374327	170509582	8090	-0.0875
d5aabe0b-7274-49da-9d1a-558f1ef71877	5	170510402	180934240	5636	-0.0323
d5aabe0b-7274-49da-9d1a-558f1ef71877	6	1011760	7039846	4496	0.1372
d5aabe0b-7274-49da-9d1a-558f1ef71877	6	7046937	8369820	963	0.5067
d5aabe0b-7274-49da-9d1a-558f1ef71877	6	8374560	9693600	878	0.1601
d5aabe0b-7274-49da-9d1a-558f1ef71877	6	9694337	17679476	5495	0.1171
d5aabe0b-7274-49da-9d1a-558f1ef71877	6	17679884	21258852	2532	0.1581
d5aabe0b-7274-49da-9d1a-558f1ef71877	6	21260955	30362189	4704	0.1053
d5aabe0b-7274-49da-9d1a-558f1ef71877	6	30364369	47927117	9515	0.1496
d5aabe0b-7274-49da-9d1a-558f1ef71877	6	47927561	53054106	2934	0.0839
d5aabe0b-7274-49da-9d1a-558f1ef71877	6	53056695	53117550	30	-0.4253
d5aabe0b-7274-49da-9d1a-558f1ef71877	6	53118998	100393353	24047	0.0859
d5aabe0b-7274-49da-9d1a-558f1ef71877	6	100393487	101253722	397	0.1265
d5aabe0b-7274-49da-9d1a-558f1ef71877	6	101260081	103409839	1181	0.4789
d5aabe0b-7274-49da-9d1a-558f1ef71877	6	103411335	116577651	7849	0.1093
d5aabe0b-7274-49da-9d1a-558f1ef71877	6	116577677	116578159	3	-0.9193
d5aabe0b-7274-49da-9d1a-558f1ef71877	6	116579537	119574060	1392	0.1138
d5aabe0b-7274-49da-9d1a-558f1ef71877	6	119583624	119699395	55	0.51
d5aabe0b-7274-49da-9d1a-558f1ef71877	6	119700464	122273681	1427	0.1248
d5aabe0b-7274-49da-9d1a-558f1ef71877	6	122277197	122558243	169	-0.1393
d5aabe0b-7274-49da-9d1a-558f1ef71877	6	122566410	122971160	249	-0.8059
d5aabe0b-7274-49da-9d1a-558f1ef71877	6	122971199	124482390	845	-0.1336
d5aabe0b-7274-49da-9d1a-558f1ef71877	6	124482406	124596967	99	0.1288
d5aabe0b-7274-49da-9d1a-558f1ef71877	6	124597631	125178865	381	-0.0812
d5aabe0b-7274-49da-9d1a-558f1ef71877	6	125178966	142925744	10857	0.1199
d5aabe0b-7274-49da-9d1a-558f1ef71877	6	142931433	143337875	245	0.493
d5aabe0b-7274-49da-9d1a-558f1ef71877	6	143338056	145499697	1451	0.1207
d5aabe0b-7274-49da-9d1a-558f1ef71877	6	145501856	147326479	1070	0.0614
d5aabe0b-7274-49da-9d1a-558f1ef71877	6	147328628	152205044	3472	0.1474
d5aabe0b-7274-49da-9d1a-558f1ef71877	6	152205195	167119574	9615	0.1167
d5aabe0b-7274-49da-9d1a-558f1ef71877	6	167119937	170596889	853	0.1648
d5aabe0b-7274-49da-9d1a-558f1ef71877	7	665647	7126761	2316	-0.0812
d5aabe0b-7274-49da-9d1a-558f1ef71877	7	7127209	13937291	3972	-0.129
d5aabe0b-7274-49da-9d1a-558f1ef71877	7	13937330	16670941	1960	-0.1679
d5aabe0b-7274-49da-9d1a-558f1ef71877	7	16671241	63672748	25349	-0.1205
d5aabe0b-7274-49da-9d1a-558f1ef71877	7	63675854	79237456	6455	0.3418
d5aabe0b-7274-49da-9d1a-558f1ef71877	7	79241747	79241909	3	-0.8956
d5aabe0b-7274-49da-9d1a-558f1ef71877	7	79242685	90748369	5574	0.3201
d5aabe0b-7274-49da-9d1a-558f1ef71877	7	90751807	91733061	695	0.3932
d5aabe0b-7274-49da-9d1a-558f1ef71877	7	91733335	97518208	3537	0.3218
d5aabe0b-7274-49da-9d1a-558f1ef71877	7	97524897	105132504	3409	0.3639
d5aabe0b-7274-49da-9d1a-558f1ef71877	7	105132931	113037713	4052	0.3246
d5aabe0b-7274-49da-9d1a-558f1ef71877	7	113037991	113871257	432	0.2889
d5aabe0b-7274-49da-9d1a-558f1ef71877	7	113871921	113872723	2	-0.962
d5aabe0b-7274-49da-9d1a-558f1ef71877	7	113873773	117140912	1914	0.2915
d5aabe0b-7274-49da-9d1a-558f1ef71877	7	117141224	122975444	3163	0.3287
d5aabe0b-7274-49da-9d1a-558f1ef71877	7	122975530	124215817	690	0.2709
d5aabe0b-7274-49da-9d1a-558f1ef71877	7	124217769	124238458	23	-0.0827
d5aabe0b-7274-49da-9d1a-558f1ef71877	7	124240909	127159346	1540	0.2912
d5aabe0b-7274-49da-9d1a-558f1ef71877	7	127161887	127167497	3	-1.1265
d5aabe0b-7274-49da-9d1a-558f1ef71877	7	127171114	158592540	16892	0.3192
d5aabe0b-7274-49da-9d1a-558f1ef71877	8	667625	6398811	2699	0.2921
d5aabe0b-7274-49da-9d1a-558f1ef71877	8	6399012	24648205	11298	0.3314
d5aabe0b-7274-49da-9d1a-558f1ef71877	8	24648492	26312137	1192	0.2727
d5aabe0b-7274-49da-9d1a-558f1ef71877	8	26313459	31795605	3603	0.387
d5aabe0b-7274-49da-9d1a-558f1ef71877	8	31795951	36188843	2548	0.3243
d5aabe0b-7274-49da-9d1a-558f1ef71877	8	36189589	47476188	4118	0.3857
d5aabe0b-7274-49da-9d1a-558f1ef71877	8	47476314	67101626	11282	0.3023
d5aabe0b-7274-49da-9d1a-558f1ef71877	8	67102986	67782221	345	0.6599
d5aabe0b-7274-49da-9d1a-558f1ef71877	8	67782925	68187546	302	0.2894
d5aabe0b-7274-49da-9d1a-558f1ef71877	8	68189474	68189938	2	-1.26
d5aabe0b-7274-49da-9d1a-558f1ef71877	8	68190113	75417772	4503	0.329
d5aabe0b-7274-49da-9d1a-558f1ef71877	8	75417916	89184720	7324	0.2939
d5aabe0b-7274-49da-9d1a-558f1ef71877	8	89189487	89189524	2	-1.2193
d5aabe0b-7274-49da-9d1a-558f1ef71877	8	89190212	93070367	2199	0.2938
d5aabe0b-7274-49da-9d1a-558f1ef71877	8	93070599	95992200	1909	0.333
d5aabe0b-7274-49da-9d1a-558f1ef71877	8	95996202	96072613	54	-0.0436
d5aabe0b-7274-49da-9d1a-558f1ef71877	8	96076295	119063381	13007	0.3291
d5aabe0b-7274-49da-9d1a-558f1ef71877	8	119064037	119074967	11	-0.2072
d5aabe0b-7274-49da-9d1a-558f1ef71877	8	119075202	123963614	3166	0.3438
d5aabe0b-7274-49da-9d1a-558f1ef71877	8	123966472	127430224	2416	0.3066
d5aabe0b-7274-49da-9d1a-558f1ef71877	8	127435304	127440521	2	-1.2382
d5aabe0b-7274-49da-9d1a-558f1ef71877	8	127441520	138680742	8237	0.3069
d5aabe0b-7274-49da-9d1a-558f1ef71877	8	138681220	144182542	2050	0.3594
d5aabe0b-7274-49da-9d1a-558f1ef71877	9	789794	23262263	14505	-0.1289
d5aabe0b-7274-49da-9d1a-558f1ef71877	9	23262335	25244332	1293	-0.1974
d5aabe0b-7274-49da-9d1a-558f1ef71877	9	25248296	78965703	15200	-0.1172
d5aabe0b-7274-49da-9d1a-558f1ef71877	9	78967810	79322501	268	0.3643
d5aabe0b-7274-49da-9d1a-558f1ef71877	9	79322839	79352648	27	-0.0991
d5aabe0b-7274-49da-9d1a-558f1ef71877	9	79354897	79383037	22	-0.7795
d5aabe0b-7274-49da-9d1a-558f1ef71877	9	79383516	81586473	1621	-0.1119
d5aabe0b-7274-49da-9d1a-558f1ef71877	9	81586540	84118426	1611	-0.0739
d5aabe0b-7274-49da-9d1a-558f1ef71877	9	84122193	84122330	2	-1.5388
d5aabe0b-7274-49da-9d1a-558f1ef71877	9	84123209	98805603	9621	-0.0775
d5aabe0b-7274-49da-9d1a-558f1ef71877	9	98809373	108317810	6054	-0.1067
d5aabe0b-7274-49da-9d1a-558f1ef71877	9	108318008	116280597	5511	-0.0715
d5aabe0b-7274-49da-9d1a-558f1ef71877	9	116283117	120892957	3562	-0.1244
d5aabe0b-7274-49da-9d1a-558f1ef71877	9	120893223	135247961	8418	-0.0553
d5aabe0b-7274-49da-9d1a-558f1ef71877	9	135248141	136161138	301	0.3944
d5aabe0b-7274-49da-9d1a-558f1ef71877	9	136169628	138044505	474	-0.0411
d5aabe0b-7274-49da-9d1a-558f1ef71877	10	366509	16401471	11722	-0.1093
d5aabe0b-7274-49da-9d1a-558f1ef71877	10	16401755	20436642	2958	-0.1623
d5aabe0b-7274-49da-9d1a-558f1ef71877	10	20437139	42452522	11579	-0.0997
d5aabe0b-7274-49da-9d1a-558f1ef71877	10	42457632	60172829	9336	-0.7988
d5aabe0b-7274-49da-9d1a-558f1ef71877	10	60173154	60181141	9	-1.7757
d5aabe0b-7274-49da-9d1a-558f1ef71877	10	60181492	63139644	1958	-0.7926
d5aabe0b-7274-49da-9d1a-558f1ef71877	10	63139858	70354489	4122	-0.3898
d5aabe0b-7274-49da-9d1a-558f1ef71877	10	70354622	70354809	2	-2.5097
d5aabe0b-7274-49da-9d1a-558f1ef71877	10	70356513	73247830	1643	-0.3594
d5aabe0b-7274-49da-9d1a-558f1ef71877	10	73253531	75441857	962	-0.0682
d5aabe0b-7274-49da-9d1a-558f1ef71877	10	75445926	76129503	486	0.209
d5aabe0b-7274-49da-9d1a-558f1ef71877	10	76131488	76921238	556	0.6697
d5aabe0b-7274-49da-9d1a-558f1ef71877	10	76928394	79318128	1996	0.1689
d5aabe0b-7274-49da-9d1a-558f1ef71877	10	79326595	81168149	750	-0.7782
d5aabe0b-7274-49da-9d1a-558f1ef71877	10	81176270	87407654	4101	-0.0717
d5aabe0b-7274-49da-9d1a-558f1ef71877	10	87408123	87605100	84	-0.816
d5aabe0b-7274-49da-9d1a-558f1ef71877	10	87605505	87605686	2	-3.6108
d5aabe0b-7274-49da-9d1a-558f1ef71877	10	87607329	95782372	5003	-0.7935
d5aabe0b-7274-49da-9d1a-558f1ef71877	10	95782695	97050239	820	-0.3792
d5aabe0b-7274-49da-9d1a-558f1ef71877	10	97050614	97051124	2	-2.0978
d5aabe0b-7274-49da-9d1a-558f1ef71877	10	97051135	102367414	2957	-0.371
d5aabe0b-7274-49da-9d1a-558f1ef71877	10	102372693	110013819	4784	-0.8142
d5aabe0b-7274-49da-9d1a-558f1ef71877	10	110024132	112756382	1924	-0.3913
d5aabe0b-7274-49da-9d1a-558f1ef71877	10	112756614	113095638	175	-0.0326
d5aabe0b-7274-49da-9d1a-558f1ef71877	10	113098318	119087912	4152	-0.3903
d5aabe0b-7274-49da-9d1a-558f1ef71877	10	119090695	120495233	942	-0.1452
d5aabe0b-7274-49da-9d1a-558f1ef71877	10	120496505	120656796	178	0.1218
d5aabe0b-7274-49da-9d1a-558f1ef71877	10	120657297	120681359	21	-0.2329
d5aabe0b-7274-49da-9d1a-558f1ef71877	10	120681540	121552377	875	0.1638
d5aabe0b-7274-49da-9d1a-558f1ef71877	10	121557671	121560957	4	-0.5333
d5aabe0b-7274-49da-9d1a-558f1ef71877	10	121560975	121707690	114	0.1935
d5aabe0b-7274-49da-9d1a-558f1ef71877	10	121708061	122120029	275	0.2394
d5aabe0b-7274-49da-9d1a-558f1ef71877	10	122120513	122872073	524	0.545
d5aabe0b-7274-49da-9d1a-558f1ef71877	10	122874713	122921307	2	1.6236
d5aabe0b-7274-49da-9d1a-558f1ef71877	10	122922126	123006341	54	0.4919
d5aabe0b-7274-49da-9d1a-558f1ef71877	10	123007283	123052971	31	0.3342
d5aabe0b-7274-49da-9d1a-558f1ef71877	10	123057119	123088619	36	-0.0111
d5aabe0b-7274-49da-9d1a-558f1ef71877	10	123091478	123367211	222	0.347
d5aabe0b-7274-49da-9d1a-558f1ef71877	10	123367290	123422445	49	0.4687
d5aabe0b-7274-49da-9d1a-558f1ef71877	10	123422805	126561169	2134	0.5306
d5aabe0b-7274-49da-9d1a-558f1ef71877	10	126563049	129676210	2441	0.4322
d5aabe0b-7274-49da-9d1a-558f1ef71877	10	129679104	133411599	1234	-0.0773
d5aabe0b-7274-49da-9d1a-558f1ef71877	11	456012	723658	57	-0.2295
d5aabe0b-7274-49da-9d1a-558f1ef71877	11	724088	3820725	1064	-0.0019
d5aabe0b-7274-49da-9d1a-558f1ef71877	11	3825018	3839339	15	-0.73
d5aabe0b-7274-49da-9d1a-558f1ef71877	11	3839942	5941162	1454	-0.0731
d5aabe0b-7274-49da-9d1a-558f1ef71877	11	5947691	6111528	50	-0.7825
d5aabe0b-7274-49da-9d1a-558f1ef71877	11	6112000	7620319	1039	-0.0843
d5aabe0b-7274-49da-9d1a-558f1ef71877	11	7620666	20735678	9347	-0.0205
d5aabe0b-7274-49da-9d1a-558f1ef71877	11	20736101	23489982	1963	-0.1041
d5aabe0b-7274-49da-9d1a-558f1ef71877	11	23491935	24054281	353	0.3344
d5aabe0b-7274-49da-9d1a-558f1ef71877	11	24058678	38603280	8925	-0.0218
d5aabe0b-7274-49da-9d1a-558f1ef71877	11	38603782	43499730	3206	-0.0716
d5aabe0b-7274-49da-9d1a-558f1ef71877	11	43507036	56246322	3203	-0.0281
d5aabe0b-7274-49da-9d1a-558f1ef71877	11	56247303	59959577	2068	-0.2347
d5aabe0b-7274-49da-9d1a-558f1ef71877	11	59962064	78802392	8691	-0.1946
d5aabe0b-7274-49da-9d1a-558f1ef71877	11	78805309	84478126	3762	-0.2485
d5aabe0b-7274-49da-9d1a-558f1ef71877	11	84483796	84504430	13	-1.1223
d5aabe0b-7274-49da-9d1a-558f1ef71877	11	84511394	110353413	15769	-0.2419
d5aabe0b-7274-49da-9d1a-558f1ef71877	11	110360970	122069731	8176	-0.2079
d5aabe0b-7274-49da-9d1a-558f1ef71877	11	122073322	122443574	261	-0.2615
d5aabe0b-7274-49da-9d1a-558f1ef71877	11	122447238	122447288	2	-2.0661
d5aabe0b-7274-49da-9d1a-558f1ef71877	11	122447538	134272740	8162	-0.2344
d5aabe0b-7274-49da-9d1a-558f1ef71877	12	780472	7810165	4200	-0.188
d5aabe0b-7274-49da-9d1a-558f1ef71877	12	7810616	18175018	5786	-0.2295
d5aabe0b-7274-49da-9d1a-558f1ef71877	12	18177839	21783449	2180	-0.1759
d5aabe0b-7274-49da-9d1a-558f1ef71877	12	21788227	24138298	1585	-0.3217
d5aabe0b-7274-49da-9d1a-558f1ef71877	12	24138821	24184898	41	0.961
d5aabe0b-7274-49da-9d1a-558f1ef71877	12	24191411	25249135	636	1.5639
d5aabe0b-7274-49da-9d1a-558f1ef71877	12	25249274	25251670	4	0.3722
d5aabe0b-7274-49da-9d1a-558f1ef71877	12	25251827	25601737	260	1.5505
d5aabe0b-7274-49da-9d1a-558f1ef71877	12	25603992	26801944	888	1.0149
d5aabe0b-7274-49da-9d1a-558f1ef71877	12	26803519	29529424	1665	0.879
d5aabe0b-7274-49da-9d1a-558f1ef71877	12	29529814	30383218	674	0.7516
d5aabe0b-7274-49da-9d1a-558f1ef71877	12	30384661	30774716	253	0.4116
d5aabe0b-7274-49da-9d1a-558f1ef71877	12	30775138	32140436	758	0.2647
d5aabe0b-7274-49da-9d1a-558f1ef71877	12	32140725	33366515	791	0.1807
d5aabe0b-7274-49da-9d1a-558f1ef71877	12	33366590	58482230	10601	0.303
d5aabe0b-7274-49da-9d1a-558f1ef71877	12	58482279	105319422	29058	0.277
d5aabe0b-7274-49da-9d1a-558f1ef71877	12	105319981	110646048	3245	0.3094
d5aabe0b-7274-49da-9d1a-558f1ef71877	12	110646627	111534350	447	0.6181
d5aabe0b-7274-49da-9d1a-558f1ef71877	12	111546997	125641794	8219	0.3107
d5aabe0b-7274-49da-9d1a-558f1ef71877	12	125642863	125644646	4	-0.7621
d5aabe0b-7274-49da-9d1a-558f1ef71877	12	125649613	127089515	1018	0.2954
d5aabe0b-7274-49da-9d1a-558f1ef71877	12	127091148	127101309	2	1.3405
d5aabe0b-7274-49da-9d1a-558f1ef71877	12	127101484	127392277	257	0.2547
d5aabe0b-7274-49da-9d1a-558f1ef71877	12	127395023	127396885	4	-0.6751
d5aabe0b-7274-49da-9d1a-558f1ef71877	12	127400800	132605822	1798	0.2781
d5aabe0b-7274-49da-9d1a-558f1ef71877	13	18874255	23462363	2385	-0.7764
d5aabe0b-7274-49da-9d1a-558f1ef71877	13	23463465	48337128	16336	-0.4153
d5aabe0b-7274-49da-9d1a-558f1ef71877	13	48337242	48337254	5	-2.3633
d5aabe0b-7274-49da-9d1a-558f1ef71877	13	48343303	114226675	38220	-0.4239
d5aabe0b-7274-49da-9d1a-558f1ef71877	14	20033191	62476100	23538	-0.1527
d5aabe0b-7274-49da-9d1a-558f1ef71877	14	62476164	62477444	3	-1.7334
d5aabe0b-7274-49da-9d1a-558f1ef71877	14	62478388	79879400	10732	-0.1404
d5aabe0b-7274-49da-9d1a-558f1ef71877	14	79879668	79879686	2	-2.0978
d5aabe0b-7274-49da-9d1a-558f1ef71877	14	79879962	82187414	1416	-0.1377
d5aabe0b-7274-49da-9d1a-558f1ef71877	14	82190018	89235488	4312	-0.1943
d5aabe0b-7274-49da-9d1a-558f1ef71877	14	89236628	96725282	5033	-0.144
d5aabe0b-7274-49da-9d1a-558f1ef71877	14	96725676	98521135	1395	-0.1998
d5aabe0b-7274-49da-9d1a-558f1ef71877	14	98523731	105533894	3359	-0.126
d5aabe0b-7274-49da-9d1a-558f1ef71877	15	23437561	35110332	5013	-0.4155
d5aabe0b-7274-49da-9d1a-558f1ef71877	15	35110657	35121223	7	-1.735
d5aabe0b-7274-49da-9d1a-558f1ef71877	15	35124052	61115079	15937	-0.3864
d5aabe0b-7274-49da-9d1a-558f1ef71877	15	61116293	61116879	4	-3.638
d5aabe0b-7274-49da-9d1a-558f1ef71877	15	61118891	74944837	8481	-0.3702
d5aabe0b-7274-49da-9d1a-558f1ef71877	15	74949637	77577779	1073	-1.3162
d5aabe0b-7274-49da-9d1a-558f1ef71877	15	77582775	101344124	14216	-0.3922
d5aabe0b-7274-49da-9d1a-558f1ef71877	16	603333	46470502	14037	-0.0902
d5aabe0b-7274-49da-9d1a-558f1ef71877	16	46473753	57083657	7044	-0.7854
d5aabe0b-7274-49da-9d1a-558f1ef71877	16	57084078	57084296	2	-3.4422
d5aabe0b-7274-49da-9d1a-558f1ef71877	16	57084824	89317317	20018	-0.7834
d5aabe0b-7274-49da-9d1a-558f1ef71877	17	1074619	7065744	2961	-0.0968
d5aabe0b-7274-49da-9d1a-558f1ef71877	17	7067375	19322111	6019	-0.1287
d5aabe0b-7274-49da-9d1a-558f1ef71877	17	19324022	50187729	10786	-0.0787
d5aabe0b-7274-49da-9d1a-558f1ef71877	17	50191941	51639065	617	0.347
d5aabe0b-7274-49da-9d1a-558f1ef71877	17	51640824	51868789	223	0.6655
d5aabe0b-7274-49da-9d1a-558f1ef71877	17	51870341	71043190	11109	0.3431
d5aabe0b-7274-49da-9d1a-558f1ef71877	17	71043942	71044734	3	-1.0712
d5aabe0b-7274-49da-9d1a-558f1ef71877	17	71046796	73781434	2099	0.38
d5aabe0b-7274-49da-9d1a-558f1ef71877	17	73782345	75572889	406	0.6511
d5aabe0b-7274-49da-9d1a-558f1ef71877	17	75576952	82959812	3059	0.353
d5aabe0b-7274-49da-9d1a-558f1ef71877	18	326691	41065425	20394	-0.0901
d5aabe0b-7274-49da-9d1a-558f1ef71877	18	41065495	45260300	2431	-0.1456
d5aabe0b-7274-49da-9d1a-558f1ef71877	18	45262262	50944337	3881	-0.0799
d5aabe0b-7274-49da-9d1a-558f1ef71877	18	50944940	57281239	4067	-0.1288
d5aabe0b-7274-49da-9d1a-558f1ef71877	18	57282517	59576577	1602	-0.0694
d5aabe0b-7274-49da-9d1a-558f1ef71877	18	59579061	69353506	5622	-0.1281
d5aabe0b-7274-49da-9d1a-558f1ef71877	18	69354234	69354427	3	1.1236
d5aabe0b-7274-49da-9d1a-558f1ef71877	18	69354476	79349796	4976	-0.1279
d5aabe0b-7274-49da-9d1a-558f1ef71877	19	283868	5029452	1117	-0.7228
d5aabe0b-7274-49da-9d1a-558f1ef71877	19	5033742	5036744	2	-3.5403
d5aabe0b-7274-49da-9d1a-558f1ef71877	19	5037072	7233930	916	-0.7137
d5aabe0b-7274-49da-9d1a-558f1ef71877	19	7238249	8614604	541	0.1139
d5aabe0b-7274-49da-9d1a-558f1ef71877	19	8615321	9271573	393	0.201
d5aabe0b-7274-49da-9d1a-558f1ef71877	19	9276179	19836130	4759	0.1062
d5aabe0b-7274-49da-9d1a-558f1ef71877	19	21064698	23870190	1320	-0.2541
d5aabe0b-7274-49da-9d1a-558f1ef71877	19	23872082	28847133	821	0.5524
d5aabe0b-7274-49da-9d1a-558f1ef71877	19	28847406	29245435	339	0.8598
d5aabe0b-7274-49da-9d1a-558f1ef71877	19	29248822	30350093	814	1.4403
d5aabe0b-7274-49da-9d1a-558f1ef71877	19	30350376	30537888	141	1.8361
d5aabe0b-7274-49da-9d1a-558f1ef71877	19	30539634	30793899	175	1.5948
d5aabe0b-7274-49da-9d1a-558f1ef71877	19	30797211	30797633	2	-0.9714
d5aabe0b-7274-49da-9d1a-558f1ef71877	19	30799692	31499324	527	1.5827
d5aabe0b-7274-49da-9d1a-558f1ef71877	19	31503081	35396193	2501	0.207
d5aabe0b-7274-49da-9d1a-558f1ef71877	19	35396227	36261319	408	0.5575
d5aabe0b-7274-49da-9d1a-558f1ef71877	19	36261773	39838838	1717	0.2113
d5aabe0b-7274-49da-9d1a-558f1ef71877	19	39841504	39997012	85	0.408
d5aabe0b-7274-49da-9d1a-558f1ef71877	19	40004924	46637422	2726	-0.1115
d5aabe0b-7274-49da-9d1a-558f1ef71877	19	46637901	46640522	2	1.3872
d5aabe0b-7274-49da-9d1a-558f1ef71877	19	46642815	49526852	1173	-0.1107
d5aabe0b-7274-49da-9d1a-558f1ef71877	19	49527197	49533187	2	-2.4511
d5aabe0b-7274-49da-9d1a-558f1ef71877	19	49538710	58361857	3659	-0.1137
d5aabe0b-7274-49da-9d1a-558f1ef71877	19	58366078	58370362	3	0.723
d5aabe0b-7274-49da-9d1a-558f1ef71877	20	472817	19795077	12994	0.3428
d5aabe0b-7274-49da-9d1a-558f1ef71877	20	19801644	23596117	2646	0.3019
d5aabe0b-7274-49da-9d1a-558f1ef71877	20	23596185	40878754	6680	0.3536
d5aabe0b-7274-49da-9d1a-558f1ef71877	20	40882511	40885766	6	-1.2208
d5aabe0b-7274-49da-9d1a-558f1ef71877	20	40889230	57976528	11620	0.365
d5aabe0b-7274-49da-9d1a-558f1ef71877	20	57978819	61233003	2541	0.3168
d5aabe0b-7274-49da-9d1a-558f1ef71877	20	61233330	63588502	1082	0.3731
d5aabe0b-7274-49da-9d1a-558f1ef71877	21	13974127	28818811	9527	0.2611
d5aabe0b-7274-49da-9d1a-558f1ef71877	21	28824193	41062576	8444	0.4992
d5aabe0b-7274-49da-9d1a-558f1ef71877	21	41067836	41068787	3	-0.7619
d5aabe0b-7274-49da-9d1a-558f1ef71877	21	41070143	46262057	2631	0.5283
d5aabe0b-7274-49da-9d1a-558f1ef71877	22	16934932	47898580	16128	-0.6768
d5aabe0b-7274-49da-9d1a-558f1ef71877	22	47899547	47900560	3	-2.7071
d5aabe0b-7274-49da-9d1a-558f1ef71877	22	47900955	48940621	915	-0.701
d5aabe0b-7274-49da-9d1a-558f1ef71877	X	3236359	45863555	19208	-0.0352
d5aabe0b-7274-49da-9d1a-558f1ef71877	X	45864301	121053616	28951	0.0151
d5aabe0b-7274-49da-9d1a-558f1ef71877	X	121053941	121056402	2	-2.5267
d5aabe0b-7274-49da-9d1a-558f1ef71877	X	121056720	155677414	15568	0.0114
