GDC_Aliquot	Chromosome	Start	End	Num_Probes	Segment_Mean
5b4bb383-e1cd-46a4-a623-a6c7883237dd	1	62920	259926	16	-0.5501
5b4bb383-e1cd-46a4-a623-a6c7883237dd	1	266187	1300289	141	0.3813
5b4bb383-e1cd-46a4-a623-a6c7883237dd	1	1300442	1756605	74	0.7652
5b4bb383-e1cd-46a4-a623-a6c7883237dd	1	1756619	3214026	470	0.3688
5b4bb383-e1cd-46a4-a623-a6c7883237dd	1	3218611	12461636	5602	0.2658
5b4bb383-e1cd-46a4-a623-a6c7883237dd	1	12466649	12513690	25	0.5612
5b4bb383-e1cd-46a4-a623-a6c7883237dd	1	12514795	12591277	35	0.8142
5b4bb383-e1cd-46a4-a623-a6c7883237dd	1	12591460	12654994	42	0.5847
5b4bb383-e1cd-46a4-a623-a6c7883237dd	1	12660383	16689764	2275	0.267
5b4bb383-e1cd-46a4-a623-a6c7883237dd	1	16718963	16788139	19	0.8117
5b4bb383-e1cd-46a4-a623-a6c7883237dd	1	16855942	16955930	59	-0.2378
5b4bb383-e1cd-46a4-a623-a6c7883237dd	1	16956580	20674644	2633	0.2385
5b4bb383-e1cd-46a4-a623-a6c7883237dd	1	20674805	25119019	2521	0.297
5b4bb383-e1cd-46a4-a623-a6c7883237dd	1	25120790	25359224	136	0.4735
5b4bb383-e1cd-46a4-a623-a6c7883237dd	1	25359294	27699460	976	0.2928
5b4bb383-e1cd-46a4-a623-a6c7883237dd	1	27709470	27787351	40	0.605
5b4bb383-e1cd-46a4-a623-a6c7883237dd	1	27796205	28104589	156	0.2926
5b4bb383-e1cd-46a4-a623-a6c7883237dd	1	28104728	28223937	51	0.6059
5b4bb383-e1cd-46a4-a623-a6c7883237dd	1	28226080	28700810	169	0.296
5b4bb383-e1cd-46a4-a623-a6c7883237dd	1	28705792	34257562	3266	0.2678
5b4bb383-e1cd-46a4-a623-a6c7883237dd	1	34258205	34275171	24	-0.0954
5b4bb383-e1cd-46a4-a623-a6c7883237dd	1	34276004	34626073	261	0.2796
5b4bb383-e1cd-46a4-a623-a6c7883237dd	1	34637053	34638890	20	-0.5023
5b4bb383-e1cd-46a4-a623-a6c7883237dd	1	34648667	46021967	6314	0.2832
5b4bb383-e1cd-46a4-a623-a6c7883237dd	1	46024247	46181018	73	0.5886
5b4bb383-e1cd-46a4-a623-a6c7883237dd	1	46182228	49492226	2018	0.2795
5b4bb383-e1cd-46a4-a623-a6c7883237dd	1	49493289	49760906	100	-0.0583
5b4bb383-e1cd-46a4-a623-a6c7883237dd	1	49766501	54983945	2816	0.2815
5b4bb383-e1cd-46a4-a623-a6c7883237dd	1	54985651	56942846	1545	-0.5172
5b4bb383-e1cd-46a4-a623-a6c7883237dd	1	56945964	57069957	113	-1.2781
5b4bb383-e1cd-46a4-a623-a6c7883237dd	1	57071626	58017448	841	-0.4972
5b4bb383-e1cd-46a4-a623-a6c7883237dd	1	58017548	58018605	2	-2.8005
5b4bb383-e1cd-46a4-a623-a6c7883237dd	1	58018792	61648334	2624	-0.4945
5b4bb383-e1cd-46a4-a623-a6c7883237dd	1	61648509	61652515	3	-2.2435
5b4bb383-e1cd-46a4-a623-a6c7883237dd	1	61654137	64961923	2496	-0.4857
5b4bb383-e1cd-46a4-a623-a6c7883237dd	1	64963532	64964291	7	-1.6744
5b4bb383-e1cd-46a4-a623-a6c7883237dd	1	64969380	72284670	4771	-0.4819
5b4bb383-e1cd-46a4-a623-a6c7883237dd	1	72290430	72297687	9	-2.6462
5b4bb383-e1cd-46a4-a623-a6c7883237dd	1	72302735	72345465	48	1.5175
5b4bb383-e1cd-46a4-a623-a6c7883237dd	1	72346221	72442524	53	-1.151
5b4bb383-e1cd-46a4-a623-a6c7883237dd	1	72449928	73262994	503	-0.4531
5b4bb383-e1cd-46a4-a623-a6c7883237dd	1	73275252	73275522	3	-2.7004
5b4bb383-e1cd-46a4-a623-a6c7883237dd	1	73278190	95689620	14602	-0.4764
5b4bb383-e1cd-46a4-a623-a6c7883237dd	1	95690160	95695540	11	-1.4428
5b4bb383-e1cd-46a4-a623-a6c7883237dd	1	95695932	105476583	5741	-0.4764
5b4bb383-e1cd-46a4-a623-a6c7883237dd	1	105476614	105479753	16	-1.4631
5b4bb383-e1cd-46a4-a623-a6c7883237dd	1	105481433	108187137	1937	-0.4744
5b4bb383-e1cd-46a4-a623-a6c7883237dd	1	108191613	108194874	3	-5.2752
5b4bb383-e1cd-46a4-a623-a6c7883237dd	1	108196482	109684893	692	-0.4718
5b4bb383-e1cd-46a4-a623-a6c7883237dd	1	109690352	109697556	13	1.3701
5b4bb383-e1cd-46a4-a623-a6c7883237dd	1	109702376	112153343	1944	-0.5143
5b4bb383-e1cd-46a4-a623-a6c7883237dd	1	112153465	112154591	21	0.2008
5b4bb383-e1cd-46a4-a623-a6c7883237dd	1	112154619	121593930	5143	-0.5134
5b4bb383-e1cd-46a4-a623-a6c7883237dd	1	121597150	143546851	10	0.0792
5b4bb383-e1cd-46a4-a623-a6c7883237dd	1	143547055	146044884	299	0.291
5b4bb383-e1cd-46a4-a623-a6c7883237dd	1	146062439	146788785	7	-0.6662
5b4bb383-e1cd-46a4-a623-a6c7883237dd	1	147004967	149041886	696	0.2686
5b4bb383-e1cd-46a4-a623-a6c7883237dd	1	149370761	152583051	1435	0.4969
5b4bb383-e1cd-46a4-a623-a6c7883237dd	1	152583230	152613762	31	-2.2145
5b4bb383-e1cd-46a4-a623-a6c7883237dd	1	152613802	152614118	4	-0.636
5b4bb383-e1cd-46a4-a623-a6c7883237dd	1	152618018	152789570	172	0.469
5b4bb383-e1cd-46a4-a623-a6c7883237dd	1	152789781	152795783	27	0.9988
5b4bb383-e1cd-46a4-a623-a6c7883237dd	1	152795805	156831013	2070	0.4707
5b4bb383-e1cd-46a4-a623-a6c7883237dd	1	156831449	165169009	5984	0.5218
5b4bb383-e1cd-46a4-a623-a6c7883237dd	1	165176110	165429607	266	0.7146
5b4bb383-e1cd-46a4-a623-a6c7883237dd	1	165430340	169016577	2770	0.5144
5b4bb383-e1cd-46a4-a623-a6c7883237dd	1	169017063	169039274	18	0.0867
5b4bb383-e1cd-46a4-a623-a6c7883237dd	1	169040550	171684189	1840	0.5257
5b4bb383-e1cd-46a4-a623-a6c7883237dd	1	171684422	175099804	2025	0.5707
5b4bb383-e1cd-46a4-a623-a6c7883237dd	1	175100183	177768168	1762	0.5144
5b4bb383-e1cd-46a4-a623-a6c7883237dd	1	177768218	177837063	75	0.7337
5b4bb383-e1cd-46a4-a623-a6c7883237dd	1	177837518	177842171	7	0.2495
5b4bb383-e1cd-46a4-a623-a6c7883237dd	1	177842220	178039338	159	0.8621
5b4bb383-e1cd-46a4-a623-a6c7883237dd	1	178043167	178693363	372	0.5442
5b4bb383-e1cd-46a4-a623-a6c7883237dd	1	178693453	178696735	6	-0.2421
5b4bb383-e1cd-46a4-a623-a6c7883237dd	1	178696814	189290080	7117	0.5302
5b4bb383-e1cd-46a4-a623-a6c7883237dd	1	189292547	189433802	86	0.343
5b4bb383-e1cd-46a4-a623-a6c7883237dd	1	189434236	189489889	33	-0.0985
5b4bb383-e1cd-46a4-a623-a6c7883237dd	1	189492801	193186662	2477	0.2723
5b4bb383-e1cd-46a4-a623-a6c7883237dd	1	193187149	193187218	4	-0.8452
5b4bb383-e1cd-46a4-a623-a6c7883237dd	1	193190593	196745743	2394	0.2999
5b4bb383-e1cd-46a4-a623-a6c7883237dd	1	196758720	196762956	4	-1.0572
5b4bb383-e1cd-46a4-a623-a6c7883237dd	1	196769493	196859649	65	0.4948
5b4bb383-e1cd-46a4-a623-a6c7883237dd	1	196859672	201392869	2961	0.2831
5b4bb383-e1cd-46a4-a623-a6c7883237dd	1	201395306	201462097	50	0.4676
5b4bb383-e1cd-46a4-a623-a6c7883237dd	1	201469988	208355284	4495	-0.0886
5b4bb383-e1cd-46a4-a623-a6c7883237dd	1	208355686	208355700	2	-1.4503
5b4bb383-e1cd-46a4-a623-a6c7883237dd	1	208356284	209897717	1265	-0.1103
5b4bb383-e1cd-46a4-a623-a6c7883237dd	1	209908268	209910639	3	1.1596
5b4bb383-e1cd-46a4-a623-a6c7883237dd	1	209913207	214471811	3099	-0.0806
5b4bb383-e1cd-46a4-a623-a6c7883237dd	1	214471920	219748408	3793	-0.0414
5b4bb383-e1cd-46a4-a623-a6c7883237dd	1	219750647	239142921	13392	-0.0807
5b4bb383-e1cd-46a4-a623-a6c7883237dd	1	239143019	240228440	856	-0.5073
5b4bb383-e1cd-46a4-a623-a6c7883237dd	1	240230715	240230839	6	-2.1771
5b4bb383-e1cd-46a4-a623-a6c7883237dd	1	240232805	240363510	129	-0.4876
5b4bb383-e1cd-46a4-a623-a6c7883237dd	1	240365654	241571821	933	-0.0384
5b4bb383-e1cd-46a4-a623-a6c7883237dd	1	241572562	241580784	5	-1.8526
5b4bb383-e1cd-46a4-a623-a6c7883237dd	1	241586760	241995035	315	0.0875
5b4bb383-e1cd-46a4-a623-a6c7883237dd	1	241995550	248458851	4276	-0.0808
5b4bb383-e1cd-46a4-a623-a6c7883237dd	1	248461036	248585893	24	0.194
5b4bb383-e1cd-46a4-a623-a6c7883237dd	1	248585918	248633821	30	-1.1629
5b4bb383-e1cd-46a4-a623-a6c7883237dd	1	248633912	248930189	142	-0.0106
5b4bb383-e1cd-46a4-a623-a6c7883237dd	2	12784	9849853	7593	0.501
5b4bb383-e1cd-46a4-a623-a6c7883237dd	2	9850884	10000523	116	0.2269
5b4bb383-e1cd-46a4-a623-a6c7883237dd	2	10000867	14212200	3011	0.5173
5b4bb383-e1cd-46a4-a623-a6c7883237dd	2	14213786	14232571	60	0.8969
5b4bb383-e1cd-46a4-a623-a6c7883237dd	2	14239203	18429457	3171	0.5013
5b4bb383-e1cd-46a4-a623-a6c7883237dd	2	18429778	19119179	507	0.7419
5b4bb383-e1cd-46a4-a623-a6c7883237dd	2	19120073	35750907	10551	0.5031
5b4bb383-e1cd-46a4-a623-a6c7883237dd	2	35752724	35762881	7	-1.9041
5b4bb383-e1cd-46a4-a623-a6c7883237dd	2	35772407	70022398	23700	0.5157
5b4bb383-e1cd-46a4-a623-a6c7883237dd	2	70023158	76617340	4013	0.2525
5b4bb383-e1cd-46a4-a623-a6c7883237dd	2	76618047	76618300	5	-0.9385
5b4bb383-e1cd-46a4-a623-a6c7883237dd	2	76620460	85043318	5374	0.2818
5b4bb383-e1cd-46a4-a623-a6c7883237dd	2	85043600	85125496	48	0.7192
5b4bb383-e1cd-46a4-a623-a6c7883237dd	2	85129583	85303461	121	0.4698
5b4bb383-e1cd-46a4-a623-a6c7883237dd	2	85304334	85304684	2	0.9324
5b4bb383-e1cd-46a4-a623-a6c7883237dd	2	85305082	97359885	2755	0.2339
5b4bb383-e1cd-46a4-a623-a6c7883237dd	2	97524284	97545726	9	-1.1167
5b4bb383-e1cd-46a4-a623-a6c7883237dd	2	97550415	102417980	2946	0.2558
5b4bb383-e1cd-46a4-a623-a6c7883237dd	2	102418289	102581487	142	0.455
5b4bb383-e1cd-46a4-a623-a6c7883237dd	2	102590704	108275272	3782	0.2505
5b4bb383-e1cd-46a4-a623-a6c7883237dd	2	108281450	108409928	98	0.4886
5b4bb383-e1cd-46a4-a623-a6c7883237dd	2	108411687	116831010	4345	0.264
5b4bb383-e1cd-46a4-a623-a6c7883237dd	2	116832191	116832277	2	-1.8302
5b4bb383-e1cd-46a4-a623-a6c7883237dd	2	116833669	132418299	9285	0.2446
5b4bb383-e1cd-46a4-a623-a6c7883237dd	2	132423798	132496355	65	0.3058
5b4bb383-e1cd-46a4-a623-a6c7883237dd	2	132497024	132761931	248	0.5563
5b4bb383-e1cd-46a4-a623-a6c7883237dd	2	132766260	148072133	9513	0.2926
5b4bb383-e1cd-46a4-a623-a6c7883237dd	2	148081978	148512123	213	-0.0136
5b4bb383-e1cd-46a4-a623-a6c7883237dd	2	148512648	150174288	1050	0.2974
5b4bb383-e1cd-46a4-a623-a6c7883237dd	2	150174937	150181218	5	-0.6691
5b4bb383-e1cd-46a4-a623-a6c7883237dd	2	150182694	154775781	3053	0.2826
5b4bb383-e1cd-46a4-a623-a6c7883237dd	2	154779393	156062795	731	0.3752
5b4bb383-e1cd-46a4-a623-a6c7883237dd	2	156062826	185918574	18409	0.2981
5b4bb383-e1cd-46a4-a623-a6c7883237dd	2	185920791	186628704	396	0.1071
5b4bb383-e1cd-46a4-a623-a6c7883237dd	2	186630126	193823021	4020	0.2898
5b4bb383-e1cd-46a4-a623-a6c7883237dd	2	193825580	193829074	2	2.0915
5b4bb383-e1cd-46a4-a623-a6c7883237dd	2	193837590	199004765	2985	0.3083
5b4bb383-e1cd-46a4-a623-a6c7883237dd	2	199008087	207490614	5112	0.2698
5b4bb383-e1cd-46a4-a623-a6c7883237dd	2	207490972	207494301	12	-0.3509
5b4bb383-e1cd-46a4-a623-a6c7883237dd	2	207494425	208511380	637	0.2551
5b4bb383-e1cd-46a4-a623-a6c7883237dd	2	208511628	213868844	3411	0.315
5b4bb383-e1cd-46a4-a623-a6c7883237dd	2	213879217	214012178	73	-0.0455
5b4bb383-e1cd-46a4-a623-a6c7883237dd	2	214015023	214858061	566	0.3268
5b4bb383-e1cd-46a4-a623-a6c7883237dd	2	214858268	235433570	13377	0.2574
5b4bb383-e1cd-46a4-a623-a6c7883237dd	2	235435161	236894941	957	0.2024
5b4bb383-e1cd-46a4-a623-a6c7883237dd	2	236895235	236895291	2	-1.5136
5b4bb383-e1cd-46a4-a623-a6c7883237dd	2	236895339	241976006	2940	0.2142
5b4bb383-e1cd-46a4-a623-a6c7883237dd	2	241976372	242147305	122	0.3368
5b4bb383-e1cd-46a4-a623-a6c7883237dd	3	20930	6609441	5806	-0.5057
5b4bb383-e1cd-46a4-a623-a6c7883237dd	3	6609524	6613391	23	-1.2291
5b4bb383-e1cd-46a4-a623-a6c7883237dd	3	6613561	7050334	353	-0.489
5b4bb383-e1cd-46a4-a623-a6c7883237dd	3	7052780	7063099	11	-1.3291
5b4bb383-e1cd-46a4-a623-a6c7883237dd	3	7063135	11366589	3334	-0.512
5b4bb383-e1cd-46a4-a623-a6c7883237dd	3	11371130	11371926	4	-2.3137
5b4bb383-e1cd-46a4-a623-a6c7883237dd	3	11375791	14129428	1936	-0.5447
5b4bb383-e1cd-46a4-a623-a6c7883237dd	3	14131327	14416264	232	-0.0546
5b4bb383-e1cd-46a4-a623-a6c7883237dd	3	14418417	39163925	16673	-0.4944
5b4bb383-e1cd-46a4-a623-a6c7883237dd	3	39165101	47429297	5049	0.277
5b4bb383-e1cd-46a4-a623-a6c7883237dd	3	47429366	47662346	74	0.5663
5b4bb383-e1cd-46a4-a623-a6c7883237dd	3	47665238	47957097	141	0.2469
5b4bb383-e1cd-46a4-a623-a6c7883237dd	3	47960501	48182371	85	0.7638
5b4bb383-e1cd-46a4-a623-a6c7883237dd	3	48185972	49404850	438	0.2629
5b4bb383-e1cd-46a4-a623-a6c7883237dd	3	49405648	49560631	44	0.8345
5b4bb383-e1cd-46a4-a623-a6c7883237dd	3	49562886	49573409	7	0.5199
5b4bb383-e1cd-46a4-a623-a6c7883237dd	3	49574107	63396244	9442	-0.0499
5b4bb383-e1cd-46a4-a623-a6c7883237dd	3	63396536	63642737	217	-0.504
5b4bb383-e1cd-46a4-a623-a6c7883237dd	3	63651414	65202778	1370	-0.0156
5b4bb383-e1cd-46a4-a623-a6c7883237dd	3	65203560	65224777	52	-1.1194
5b4bb383-e1cd-46a4-a623-a6c7883237dd	3	65230674	67468963	1651	-0.0092
5b4bb383-e1cd-46a4-a623-a6c7883237dd	3	67469047	67471571	4	-1.0277
5b4bb383-e1cd-46a4-a623-a6c7883237dd	3	67474868	68697013	769	-0.0362
5b4bb383-e1cd-46a4-a623-a6c7883237dd	3	68697108	68698262	14	-1.8468
5b4bb383-e1cd-46a4-a623-a6c7883237dd	3	68699607	72849693	3144	-0.0336
5b4bb383-e1cd-46a4-a623-a6c7883237dd	3	72851483	72961212	73	0.3177
5b4bb383-e1cd-46a4-a623-a6c7883237dd	3	72961393	75519398	1711	-0.0269
5b4bb383-e1cd-46a4-a623-a6c7883237dd	3	75523398	75537654	6	1.1797
5b4bb383-e1cd-46a4-a623-a6c7883237dd	3	75546030	94851954	8599	-0.0123
5b4bb383-e1cd-46a4-a623-a6c7883237dd	3	94854598	99225919	2377	-0.4593
5b4bb383-e1cd-46a4-a623-a6c7883237dd	3	99225990	99232990	33	-1.0896
5b4bb383-e1cd-46a4-a623-a6c7883237dd	3	99233548	116955180	10847	-0.4659
5b4bb383-e1cd-46a4-a623-a6c7883237dd	3	116960037	116982255	21	-1.148
5b4bb383-e1cd-46a4-a623-a6c7883237dd	3	116983495	117752751	569	-0.4882
5b4bb383-e1cd-46a4-a623-a6c7883237dd	3	117754112	117911318	121	-1.2878
5b4bb383-e1cd-46a4-a623-a6c7883237dd	3	117914264	119061516	695	-0.4827
5b4bb383-e1cd-46a4-a623-a6c7883237dd	3	119064025	119163758	53	-1.3315
5b4bb383-e1cd-46a4-a623-a6c7883237dd	3	119170901	126244933	4241	-0.4961
5b4bb383-e1cd-46a4-a623-a6c7883237dd	3	126246908	128451709	1372	-0.5748
5b4bb383-e1cd-46a4-a623-a6c7883237dd	3	128454001	128764662	192	-0.4697
5b4bb383-e1cd-46a4-a623-a6c7883237dd	3	128768400	129052872	141	-0.0826
5b4bb383-e1cd-46a4-a623-a6c7883237dd	3	129055048	130035092	416	-0.549
5b4bb383-e1cd-46a4-a623-a6c7883237dd	3	130035506	130124631	60	0.1001
5b4bb383-e1cd-46a4-a623-a6c7883237dd	3	130125709	130677833	383	-0.4705
5b4bb383-e1cd-46a4-a623-a6c7883237dd	3	130683573	130725299	25	0.2785
5b4bb383-e1cd-46a4-a623-a6c7883237dd	3	130732708	130929954	89	0.7994
5b4bb383-e1cd-46a4-a623-a6c7883237dd	3	130942139	138239465	4507	0.3006
5b4bb383-e1cd-46a4-a623-a6c7883237dd	3	138243309	143321446	3154	0.5447
5b4bb383-e1cd-46a4-a623-a6c7883237dd	3	143321904	145673458	1526	0.3174
5b4bb383-e1cd-46a4-a623-a6c7883237dd	3	145673667	147858226	1329	0.5963
5b4bb383-e1cd-46a4-a623-a6c7883237dd	3	147858352	162790404	9239	0.3157
5b4bb383-e1cd-46a4-a623-a6c7883237dd	3	162790480	162906109	69	-0.4343
5b4bb383-e1cd-46a4-a623-a6c7883237dd	3	162908192	169012392	3444	0.3272
5b4bb383-e1cd-46a4-a623-a6c7883237dd	3	169015614	169020840	2	-1.8056
5b4bb383-e1cd-46a4-a623-a6c7883237dd	3	169022039	177360474	5451	0.3116
5b4bb383-e1cd-46a4-a623-a6c7883237dd	3	177361679	177534268	119	0.7597
5b4bb383-e1cd-46a4-a623-a6c7883237dd	3	177535711	180758495	1997	0.3192
5b4bb383-e1cd-46a4-a623-a6c7883237dd	3	180759507	180759715	2	-1.5184
5b4bb383-e1cd-46a4-a623-a6c7883237dd	3	180761369	188057909	4508	0.2862
5b4bb383-e1cd-46a4-a623-a6c7883237dd	3	188063058	192700212	3330	0.3349
5b4bb383-e1cd-46a4-a623-a6c7883237dd	3	192700677	193162798	331	0.2536
5b4bb383-e1cd-46a4-a623-a6c7883237dd	3	193162937	193165114	11	-1.6488
5b4bb383-e1cd-46a4-a623-a6c7883237dd	3	193168646	194287696	753	0.3103
5b4bb383-e1cd-46a4-a623-a6c7883237dd	3	194294387	194434629	90	0.5943
5b4bb383-e1cd-46a4-a623-a6c7883237dd	3	194436797	195685341	643	0.2854
5b4bb383-e1cd-46a4-a623-a6c7883237dd	3	195691392	195746925	37	-0.1579
5b4bb383-e1cd-46a4-a623-a6c7883237dd	3	195747311	198122834	1160	0.3037
5b4bb383-e1cd-46a4-a623-a6c7883237dd	3	198124354	198169247	8	0.021
5b4bb383-e1cd-46a4-a623-a6c7883237dd	4	68929	3340078	1337	-0.0726
5b4bb383-e1cd-46a4-a623-a6c7883237dd	4	3340410	3503721	71	0.2377
5b4bb383-e1cd-46a4-a623-a6c7883237dd	4	3503763	9858273	3916	-0.0899
5b4bb383-e1cd-46a4-a623-a6c7883237dd	4	9858277	9863418	4	-1.2087
5b4bb383-e1cd-46a4-a623-a6c7883237dd	4	9865878	10208766	375	-0.0853
5b4bb383-e1cd-46a4-a623-a6c7883237dd	4	10221792	10227668	13	1.1211
5b4bb383-e1cd-46a4-a623-a6c7883237dd	4	10227684	10389091	193	-0.0359
5b4bb383-e1cd-46a4-a623-a6c7883237dd	4	10390730	10397244	8	-1.0576
5b4bb383-e1cd-46a4-a623-a6c7883237dd	4	10397651	18119362	5923	-0.0575
5b4bb383-e1cd-46a4-a623-a6c7883237dd	4	18119402	19690723	1017	0.0011
5b4bb383-e1cd-46a4-a623-a6c7883237dd	4	19694708	19724017	19	-0.5286
5b4bb383-e1cd-46a4-a623-a6c7883237dd	4	19727043	30307525	7170	-0.0359
5b4bb383-e1cd-46a4-a623-a6c7883237dd	4	30308357	34147677	2265	0.0152
5b4bb383-e1cd-46a4-a623-a6c7883237dd	4	34147701	34777238	390	-0.0287
5b4bb383-e1cd-46a4-a623-a6c7883237dd	4	34777340	34822561	43	0.4957
5b4bb383-e1cd-46a4-a623-a6c7883237dd	4	34823103	49152752	8971	-0.0381
5b4bb383-e1cd-46a4-a623-a6c7883237dd	4	49159741	49582092	12	-1.047
5b4bb383-e1cd-46a4-a623-a6c7883237dd	4	49587131	63827261	7577	-0.0426
5b4bb383-e1cd-46a4-a623-a6c7883237dd	4	63828222	63861158	37	-0.5598
5b4bb383-e1cd-46a4-a623-a6c7883237dd	4	63861672	69166653	3207	-0.0167
5b4bb383-e1cd-46a4-a623-a6c7883237dd	4	69167082	69180005	4	-1.227
5b4bb383-e1cd-46a4-a623-a6c7883237dd	4	69180632	69255175	31	-0.0966
5b4bb383-e1cd-46a4-a623-a6c7883237dd	4	69255532	69370433	60	-1.0071
5b4bb383-e1cd-46a4-a623-a6c7883237dd	4	69374263	76448320	4310	-0.0167
5b4bb383-e1cd-46a4-a623-a6c7883237dd	4	76448885	76719912	189	-0.5209
5b4bb383-e1cd-46a4-a623-a6c7883237dd	4	76722611	82712673	3804	-0.0143
5b4bb383-e1cd-46a4-a623-a6c7883237dd	4	82716215	82719179	11	-1.714
5b4bb383-e1cd-46a4-a623-a6c7883237dd	4	82720673	139094295	33668	-0.013
5b4bb383-e1cd-46a4-a623-a6c7883237dd	4	139094311	154254218	8993	-0.0467
5b4bb383-e1cd-46a4-a623-a6c7883237dd	4	154255971	154881396	402	0.0022
5b4bb383-e1cd-46a4-a623-a6c7883237dd	4	154881853	154881926	3	-2.9644
5b4bb383-e1cd-46a4-a623-a6c7883237dd	4	154882047	156179709	923	-0.0285
5b4bb383-e1cd-46a4-a623-a6c7883237dd	4	156182797	156831751	463	0.3016
5b4bb383-e1cd-46a4-a623-a6c7883237dd	4	156834239	160070129	1860	-0.0267
5b4bb383-e1cd-46a4-a623-a6c7883237dd	4	160071074	160080981	7	-0.8053
5b4bb383-e1cd-46a4-a623-a6c7883237dd	4	160085131	160952848	665	-0.0347
5b4bb383-e1cd-46a4-a623-a6c7883237dd	4	160958866	160963756	21	-0.9488
5b4bb383-e1cd-46a4-a623-a6c7883237dd	4	160963767	171448195	6665	-0.0339
5b4bb383-e1cd-46a4-a623-a6c7883237dd	4	171453733	171456559	10	-0.9003
5b4bb383-e1cd-46a4-a623-a6c7883237dd	4	171456573	172066777	399	-0.0286
5b4bb383-e1cd-46a4-a623-a6c7883237dd	4	172067997	172074828	13	0.8375
5b4bb383-e1cd-46a4-a623-a6c7883237dd	4	172075742	190106768	12073	-0.0508
5b4bb383-e1cd-46a4-a623-a6c7883237dd	5	15532	1650231	756	0.5404
5b4bb383-e1cd-46a4-a623-a6c7883237dd	5	1656002	3397353	1621	0.4611
5b4bb383-e1cd-46a4-a623-a6c7883237dd	5	3398083	11617764	7118	0.5231
5b4bb383-e1cd-46a4-a623-a6c7883237dd	5	11617906	12819201	701	0.3064
5b4bb383-e1cd-46a4-a623-a6c7883237dd	5	12819263	12826538	8	1.2348
5b4bb383-e1cd-46a4-a623-a6c7883237dd	5	12833745	13958334	698	0.306
5b4bb383-e1cd-46a4-a623-a6c7883237dd	5	13958365	14330089	366	0.5455
5b4bb383-e1cd-46a4-a623-a6c7883237dd	5	14330831	16556632	1492	0.2977
5b4bb383-e1cd-46a4-a623-a6c7883237dd	5	16556796	17608147	629	0.5105
5b4bb383-e1cd-46a4-a623-a6c7883237dd	5	17625524	17642442	9	-0.7679
5b4bb383-e1cd-46a4-a623-a6c7883237dd	5	17655029	35114689	10791	0.5623
5b4bb383-e1cd-46a4-a623-a6c7883237dd	5	35115223	36295613	832	0.2974
5b4bb383-e1cd-46a4-a623-a6c7883237dd	5	36296561	36691160	337	0.5343
5b4bb383-e1cd-46a4-a623-a6c7883237dd	5	36700436	46196012	5305	0.2984
5b4bb383-e1cd-46a4-a623-a6c7883237dd	5	46199332	46246553	13	-0.1329
5b4bb383-e1cd-46a4-a623-a6c7883237dd	5	46246558	46313418	14	1.0021
5b4bb383-e1cd-46a4-a623-a6c7883237dd	5	46313433	46383233	13	-0.0192
5b4bb383-e1cd-46a4-a623-a6c7883237dd	5	46386290	58025819	5041	-0.4853
5b4bb383-e1cd-46a4-a623-a6c7883237dd	5	58030200	58037706	32	1.5189
5b4bb383-e1cd-46a4-a623-a6c7883237dd	5	58042530	74457665	9386	-0.4927
5b4bb383-e1cd-46a4-a623-a6c7883237dd	5	74458312	74651339	145	-0.0344
5b4bb383-e1cd-46a4-a623-a6c7883237dd	5	74651717	76119392	854	-0.4723
5b4bb383-e1cd-46a4-a623-a6c7883237dd	5	76119584	81310812	3366	-0.5171
5b4bb383-e1cd-46a4-a623-a6c7883237dd	5	81316560	85556850	2491	-0.4514
5b4bb383-e1cd-46a4-a623-a6c7883237dd	5	85558154	85634475	40	-1.1732
5b4bb383-e1cd-46a4-a623-a6c7883237dd	5	85651459	86819561	645	-0.4972
5b4bb383-e1cd-46a4-a623-a6c7883237dd	5	86820504	86825812	3	-2.6531
5b4bb383-e1cd-46a4-a623-a6c7883237dd	5	86826950	104640774	9998	-0.4712
5b4bb383-e1cd-46a4-a623-a6c7883237dd	5	104642984	104643560	5	-1.7948
5b4bb383-e1cd-46a4-a623-a6c7883237dd	5	104645292	106894284	1276	-0.4638
5b4bb383-e1cd-46a4-a623-a6c7883237dd	5	106894511	106894533	2	-2.2951
5b4bb383-e1cd-46a4-a623-a6c7883237dd	5	106895197	119835196	9118	-0.4805
5b4bb383-e1cd-46a4-a623-a6c7883237dd	5	119835939	119838049	2	-2.2357
5b4bb383-e1cd-46a4-a623-a6c7883237dd	5	119838706	122238420	1547	-0.487
5b4bb383-e1cd-46a4-a623-a6c7883237dd	5	122245462	123294659	713	-0.052
5b4bb383-e1cd-46a4-a623-a6c7883237dd	5	123296314	128678503	3445	-0.0234
5b4bb383-e1cd-46a4-a623-a6c7883237dd	5	128679677	128681914	2	-1.4897
5b4bb383-e1cd-46a4-a623-a6c7883237dd	5	128683306	131948917	1736	-0.0186
5b4bb383-e1cd-46a4-a623-a6c7883237dd	5	131950596	140839137	5218	-0.067
5b4bb383-e1cd-46a4-a623-a6c7883237dd	5	140844251	140864171	13	-2.0612
5b4bb383-e1cd-46a4-a623-a6c7883237dd	5	140872578	151298082	6899	-0.0413
5b4bb383-e1cd-46a4-a623-a6c7883237dd	5	151298245	151327215	19	0.2768
5b4bb383-e1cd-46a4-a623-a6c7883237dd	5	151327227	151428290	77	0.5758
5b4bb383-e1cd-46a4-a623-a6c7883237dd	5	151428994	151471465	32	0.2652
5b4bb383-e1cd-46a4-a623-a6c7883237dd	5	151472540	156048095	3183	-0.0477
5b4bb383-e1cd-46a4-a623-a6c7883237dd	5	156049762	156055719	14	-0.9825
5b4bb383-e1cd-46a4-a623-a6c7883237dd	5	156068240	162890059	4572	-0.0434
5b4bb383-e1cd-46a4-a623-a6c7883237dd	5	162890228	163430396	341	-0.5068
5b4bb383-e1cd-46a4-a623-a6c7883237dd	5	163431168	163539997	85	-0.0429
5b4bb383-e1cd-46a4-a623-a6c7883237dd	5	163540412	163838534	221	-0.4887
5b4bb383-e1cd-46a4-a623-a6c7883237dd	5	163838703	166416885	1664	-0.0168
5b4bb383-e1cd-46a4-a623-a6c7883237dd	5	166416940	166419415	2	-1.3412
5b4bb383-e1cd-46a4-a623-a6c7883237dd	5	166419758	168109480	1250	-0.0186
5b4bb383-e1cd-46a4-a623-a6c7883237dd	5	168109954	178234901	6807	-0.0744
5b4bb383-e1cd-46a4-a623-a6c7883237dd	5	178235923	178239380	3	1.1183
5b4bb383-e1cd-46a4-a623-a6c7883237dd	5	178242412	180311439	1304	-0.0943
5b4bb383-e1cd-46a4-a623-a6c7883237dd	5	180316194	180316637	3	-1.4561
5b4bb383-e1cd-46a4-a623-a6c7883237dd	5	180317009	181363319	533	-0.0663
5b4bb383-e1cd-46a4-a623-a6c7883237dd	6	149661	257353	102	-0.4557
5b4bb383-e1cd-46a4-a623-a6c7883237dd	6	258265	373453	93	-0.1157
5b4bb383-e1cd-46a4-a623-a6c7883237dd	6	375277	1939996	1356	-0.539
5b4bb383-e1cd-46a4-a623-a6c7883237dd	6	1941626	16814221	11618	0.306
5b4bb383-e1cd-46a4-a623-a6c7883237dd	6	16814415	28239295	7745	-0.0257
5b4bb383-e1cd-46a4-a623-a6c7883237dd	6	28239422	28239585	2	-1.6933
5b4bb383-e1cd-46a4-a623-a6c7883237dd	6	28239662	29882497	754	-0.0313
5b4bb383-e1cd-46a4-a623-a6c7883237dd	6	29882589	29913249	8	0.7282
5b4bb383-e1cd-46a4-a623-a6c7883237dd	6	29913481	31262890	609	-0.0458
5b4bb383-e1cd-46a4-a623-a6c7883237dd	6	31265733	31309909	44	0.2578
5b4bb383-e1cd-46a4-a623-a6c7883237dd	6	31313046	31328674	12	-1.9592
5b4bb383-e1cd-46a4-a623-a6c7883237dd	6	31342147	38928855	4409	-0.057
5b4bb383-e1cd-46a4-a623-a6c7883237dd	6	38931115	38939995	14	0.3449
5b4bb383-e1cd-46a4-a623-a6c7883237dd	6	38940334	39389261	366	0.5206
5b4bb383-e1cd-46a4-a623-a6c7883237dd	6	39389481	39547236	99	0.2744
5b4bb383-e1cd-46a4-a623-a6c7883237dd	6	39549002	39789481	143	-0.0004
5b4bb383-e1cd-46a4-a623-a6c7883237dd	6	39789713	44395307	2920	-0.0654
5b4bb383-e1cd-46a4-a623-a6c7883237dd	6	44395429	52759800	5327	-0.0085
5b4bb383-e1cd-46a4-a623-a6c7883237dd	6	52760252	52800766	37	-0.334
5b4bb383-e1cd-46a4-a623-a6c7883237dd	6	52801443	54066353	943	-0.0232
5b4bb383-e1cd-46a4-a623-a6c7883237dd	6	54066432	54066621	4	-1.2233
5b4bb383-e1cd-46a4-a623-a6c7883237dd	6	54067005	58432750	2221	-0.0049
5b4bb383-e1cd-46a4-a623-a6c7883237dd	6	60351931	65000836	2242	-0.4616
5b4bb383-e1cd-46a4-a623-a6c7883237dd	6	65001506	65003899	3	-3.346
5b4bb383-e1cd-46a4-a623-a6c7883237dd	6	65007491	66328153	895	-0.4442
5b4bb383-e1cd-46a4-a623-a6c7883237dd	6	66331020	66333299	7	-2.0531
5b4bb383-e1cd-46a4-a623-a6c7883237dd	6	66333342	68261466	1428	-0.4384
5b4bb383-e1cd-46a4-a623-a6c7883237dd	6	68265054	68272275	9	-1.2691
5b4bb383-e1cd-46a4-a623-a6c7883237dd	6	68272614	73997661	3656	-0.4428
5b4bb383-e1cd-46a4-a623-a6c7883237dd	6	73999993	74007305	3	0.7976
5b4bb383-e1cd-46a4-a623-a6c7883237dd	6	74009077	74823796	535	-0.4068
5b4bb383-e1cd-46a4-a623-a6c7883237dd	6	74824464	74824465	2	1.2111
5b4bb383-e1cd-46a4-a623-a6c7883237dd	6	74824680	78263059	2165	-0.4477
5b4bb383-e1cd-46a4-a623-a6c7883237dd	6	78263079	78317642	91	-0.0838
5b4bb383-e1cd-46a4-a623-a6c7883237dd	6	78317798	136618350	36387	-0.4423
5b4bb383-e1cd-46a4-a623-a6c7883237dd	6	136618663	136864792	159	0.0185
5b4bb383-e1cd-46a4-a623-a6c7883237dd	6	136876524	162382425	17243	-0.4594
5b4bb383-e1cd-46a4-a623-a6c7883237dd	6	162383913	162719104	251	-1.2205
5b4bb383-e1cd-46a4-a623-a6c7883237dd	6	162724384	170741917	5537	-0.4865
5b4bb383-e1cd-46a4-a623-a6c7883237dd	7	43355	1889026	558	0.2355
5b4bb383-e1cd-46a4-a623-a6c7883237dd	7	1892456	2365492	212	-0.1166
5b4bb383-e1cd-46a4-a623-a6c7883237dd	7	2369125	6858609	2668	0.2328
5b4bb383-e1cd-46a4-a623-a6c7883237dd	7	6860976	6880649	8	-0.6656
5b4bb383-e1cd-46a4-a623-a6c7883237dd	7	6889070	10862164	3220	0.3009
5b4bb383-e1cd-46a4-a623-a6c7883237dd	7	10868121	16295953	4449	0.3307
5b4bb383-e1cd-46a4-a623-a6c7883237dd	7	16296654	25567425	7340	0.2893
5b4bb383-e1cd-46a4-a623-a6c7883237dd	7	25568185	26092670	376	0.2535
5b4bb383-e1cd-46a4-a623-a6c7883237dd	7	26102772	26105584	2	-3.3627
5b4bb383-e1cd-46a4-a623-a6c7883237dd	7	26105793	55023177	20178	0.2761
5b4bb383-e1cd-46a4-a623-a6c7883237dd	7	55025406	69601769	4796	0.2265
5b4bb383-e1cd-46a4-a623-a6c7883237dd	7	69604491	70955452	815	0.2686
5b4bb383-e1cd-46a4-a623-a6c7883237dd	7	70958264	70961155	2	-2.9136
5b4bb383-e1cd-46a4-a623-a6c7883237dd	7	70963257	73710849	1329	0.2417
5b4bb383-e1cd-46a4-a623-a6c7883237dd	7	73727134	74008090	98	0.5957
5b4bb383-e1cd-46a4-a623-a6c7883237dd	7	74018589	77130464	892	0.2226
5b4bb383-e1cd-46a4-a623-a6c7883237dd	7	77135653	88035924	7119	0.3255
5b4bb383-e1cd-46a4-a623-a6c7883237dd	7	88041426	88043631	18	-0.6097
5b4bb383-e1cd-46a4-a623-a6c7883237dd	7	88043658	97756658	6241	0.3032
5b4bb383-e1cd-46a4-a623-a6c7883237dd	7	97766148	97773163	16	-0.5506
5b4bb383-e1cd-46a4-a623-a6c7883237dd	7	97774928	97788298	21	0.2831
5b4bb383-e1cd-46a4-a623-a6c7883237dd	7	97791337	97791340	3	-1.1111
5b4bb383-e1cd-46a4-a623-a6c7883237dd	7	97791778	98942500	535	0.2413
5b4bb383-e1cd-46a4-a623-a6c7883237dd	7	98945485	98986752	37	0.5918
5b4bb383-e1cd-46a4-a623-a6c7883237dd	7	98990367	102739939	1473	0.2291
5b4bb383-e1cd-46a4-a623-a6c7883237dd	7	102740558	109990172	4684	0.3089
5b4bb383-e1cd-46a4-a623-a6c7883237dd	7	109990929	110585787	422	-0.0026
5b4bb383-e1cd-46a4-a623-a6c7883237dd	7	110589001	110787147	133	0.3311
5b4bb383-e1cd-46a4-a623-a6c7883237dd	7	110787463	110792329	7	0.7898
5b4bb383-e1cd-46a4-a623-a6c7883237dd	7	110792438	111002297	123	0.335
5b4bb383-e1cd-46a4-a623-a6c7883237dd	7	111003170	111228021	148	0.0023
5b4bb383-e1cd-46a4-a623-a6c7883237dd	7	111228041	115481900	2410	0.323
5b4bb383-e1cd-46a4-a623-a6c7883237dd	7	115483517	115483765	2	-1.5103
5b4bb383-e1cd-46a4-a623-a6c7883237dd	7	115484256	117495158	1380	0.3175
5b4bb383-e1cd-46a4-a623-a6c7883237dd	7	117497220	119433344	1086	0.3882
5b4bb383-e1cd-46a4-a623-a6c7883237dd	7	119433396	126404920	4202	0.3164
5b4bb383-e1cd-46a4-a623-a6c7883237dd	7	126405428	126406827	18	-1.0691
5b4bb383-e1cd-46a4-a623-a6c7883237dd	7	126412712	134100424	4695	0.28
5b4bb383-e1cd-46a4-a623-a6c7883237dd	7	134100442	134105690	24	0.6986
5b4bb383-e1cd-46a4-a623-a6c7883237dd	7	134110881	142063324	5206	0.2867
5b4bb383-e1cd-46a4-a623-a6c7883237dd	7	142069843	142090383	30	0.669
5b4bb383-e1cd-46a4-a623-a6c7883237dd	7	142090403	144176859	1204	0.2936
5b4bb383-e1cd-46a4-a623-a6c7883237dd	7	144199159	144295437	10	1.1232
5b4bb383-e1cd-46a4-a623-a6c7883237dd	7	144306653	153450553	5562	0.2831
5b4bb383-e1cd-46a4-a623-a6c7883237dd	7	153450560	153450627	2	-3.6777
5b4bb383-e1cd-46a4-a623-a6c7883237dd	7	153450630	154584676	836	0.2669
5b4bb383-e1cd-46a4-a623-a6c7883237dd	7	154585411	154586621	3	-1.0508
5b4bb383-e1cd-46a4-a623-a6c7883237dd	7	154589765	154598185	13	0.1317
5b4bb383-e1cd-46a4-a623-a6c7883237dd	7	154601461	154607903	4	-1.2716
5b4bb383-e1cd-46a4-a623-a6c7883237dd	7	154609120	156287513	1379	0.2433
5b4bb383-e1cd-46a4-a623-a6c7883237dd	7	156287891	159334314	1854	-0.0799
5b4bb383-e1cd-46a4-a623-a6c7883237dd	8	81254	212672	5	0.2639
5b4bb383-e1cd-46a4-a623-a6c7883237dd	8	212832	3311829	2506	-0.5474
5b4bb383-e1cd-46a4-a623-a6c7883237dd	8	3311866	3312562	3	-2.5635
5b4bb383-e1cd-46a4-a623-a6c7883237dd	8	3313072	23464369	17703	-0.5195
5b4bb383-e1cd-46a4-a623-a6c7883237dd	8	23465298	25118687	1195	-1.254
5b4bb383-e1cd-46a4-a623-a6c7883237dd	8	25119021	25126818	20	-2.4442
5b4bb383-e1cd-46a4-a623-a6c7883237dd	8	25133589	28910514	2800	-1.2772
5b4bb383-e1cd-46a4-a623-a6c7883237dd	8	28912615	31255112	1402	-0.5202
5b4bb383-e1cd-46a4-a623-a6c7883237dd	8	31256849	31257824	3	-2.2549
5b4bb383-e1cd-46a4-a623-a6c7883237dd	8	31257978	36467405	3194	-0.4916
5b4bb383-e1cd-46a4-a623-a6c7883237dd	8	36472276	38763780	1291	-0.0669
5b4bb383-e1cd-46a4-a623-a6c7883237dd	8	38769413	38773628	3	-1.3361
5b4bb383-e1cd-46a4-a623-a6c7883237dd	8	38777911	39171249	181	-0.0644
5b4bb383-e1cd-46a4-a623-a6c7883237dd	8	39171434	39227937	21	-0.5242
5b4bb383-e1cd-46a4-a623-a6c7883237dd	8	39230530	39372664	72	-0.0279
5b4bb383-e1cd-46a4-a623-a6c7883237dd	8	39372806	39527675	60	-0.5809
5b4bb383-e1cd-46a4-a623-a6c7883237dd	8	39529446	40326286	592	-0.053
5b4bb383-e1cd-46a4-a623-a6c7883237dd	8	40326425	40327528	13	0.4256
5b4bb383-e1cd-46a4-a623-a6c7883237dd	8	40327925	40609497	252	-0.0658
5b4bb383-e1cd-46a4-a623-a6c7883237dd	8	40611724	40617994	5	-1.0954
5b4bb383-e1cd-46a4-a623-a6c7883237dd	8	40617999	40914477	211	-0.0862
5b4bb383-e1cd-46a4-a623-a6c7883237dd	8	40920333	40920952	2	1.4329
5b4bb383-e1cd-46a4-a623-a6c7883237dd	8	40926161	43628443	1457	-0.0807
5b4bb383-e1cd-46a4-a623-a6c7883237dd	8	43628849	46471179	171	0.1189
5b4bb383-e1cd-46a4-a623-a6c7883237dd	8	46473341	54194616	4484	-0.0638
5b4bb383-e1cd-46a4-a623-a6c7883237dd	8	54198910	54493694	238	0.2891
5b4bb383-e1cd-46a4-a623-a6c7883237dd	8	54501764	108884268	33251	-0.0408
5b4bb383-e1cd-46a4-a623-a6c7883237dd	8	108884441	116457114	4294	-0.0059
5b4bb383-e1cd-46a4-a623-a6c7883237dd	8	116457249	123553922	4902	-0.0391
5b4bb383-e1cd-46a4-a623-a6c7883237dd	8	123554116	128744020	3794	0.2872
5b4bb383-e1cd-46a4-a623-a6c7883237dd	8	128750889	128751839	2	-3.3713
5b4bb383-e1cd-46a4-a623-a6c7883237dd	8	128765208	130834046	1422	0.2913
5b4bb383-e1cd-46a4-a623-a6c7883237dd	8	130835623	130840369	3	1.2004
5b4bb383-e1cd-46a4-a623-a6c7883237dd	8	130842946	132935852	1555	0.3127
5b4bb383-e1cd-46a4-a623-a6c7883237dd	8	132936103	136398304	2925	0.241
5b4bb383-e1cd-46a4-a623-a6c7883237dd	8	136398460	138090649	1357	0.295
5b4bb383-e1cd-46a4-a623-a6c7883237dd	8	138096004	140307397	1854	0.2366
5b4bb383-e1cd-46a4-a623-a6c7883237dd	8	140309462	145072769	2133	0.2877
5b4bb383-e1cd-46a4-a623-a6c7883237dd	9	46587	602903	506	0.2179
5b4bb383-e1cd-46a4-a623-a6c7883237dd	9	606699	606961	4	1.3882
5b4bb383-e1cd-46a4-a623-a6c7883237dd	9	607307	1919539	1567	0.2496
5b4bb383-e1cd-46a4-a623-a6c7883237dd	9	1919632	9865816	7352	0.3003
5b4bb383-e1cd-46a4-a623-a6c7883237dd	9	9865965	12594850	2297	0.2518
5b4bb383-e1cd-46a4-a623-a6c7883237dd	9	12594967	23361807	8699	0.299
5b4bb383-e1cd-46a4-a623-a6c7883237dd	9	23363117	23373486	8	1.0754
5b4bb383-e1cd-46a4-a623-a6c7883237dd	9	23378490	27044059	2611	0.2864
5b4bb383-e1cd-46a4-a623-a6c7883237dd	9	27045541	27236646	187	0.2302
5b4bb383-e1cd-46a4-a623-a6c7883237dd	9	27248179	27248646	5	-0.7956
5b4bb383-e1cd-46a4-a623-a6c7883237dd	9	27248729	28608502	1166	0.299
5b4bb383-e1cd-46a4-a623-a6c7883237dd	9	28609232	28926572	255	0.1092
5b4bb383-e1cd-46a4-a623-a6c7883237dd	9	28928086	32915577	2826	0.3103
5b4bb383-e1cd-46a4-a623-a6c7883237dd	9	32920781	38989381	3636	0.2511
5b4bb383-e1cd-46a4-a623-a6c7883237dd	9	38996106	41571860	151	0.4265
5b4bb383-e1cd-46a4-a623-a6c7883237dd	9	41635766	41646850	8	-1.0019
5b4bb383-e1cd-46a4-a623-a6c7883237dd	9	41659472	42574420	45	0.4703
5b4bb383-e1cd-46a4-a623-a6c7883237dd	9	42585140	64467459	176	-0.0783
5b4bb383-e1cd-46a4-a623-a6c7883237dd	9	64480563	66901326	51	0.3986
5b4bb383-e1cd-46a4-a623-a6c7883237dd	9	66908666	68464477	84	-0.0706
5b4bb383-e1cd-46a4-a623-a6c7883237dd	9	68470315	68725443	224	0.2705
5b4bb383-e1cd-46a4-a623-a6c7883237dd	9	68725524	68970935	231	0.3496
5b4bb383-e1cd-46a4-a623-a6c7883237dd	9	68972933	69485653	421	0.2409
5b4bb383-e1cd-46a4-a623-a6c7883237dd	9	69490697	69490698	2	-0.9457
5b4bb383-e1cd-46a4-a623-a6c7883237dd	9	69490699	72628405	2305	0.3063
5b4bb383-e1cd-46a4-a623-a6c7883237dd	9	72629368	81250509	6238	-0.0234
5b4bb383-e1cd-46a4-a623-a6c7883237dd	9	81251370	90275761	6321	-0.0615
5b4bb383-e1cd-46a4-a623-a6c7883237dd	9	90282952	92123160	1415	0.2723
5b4bb383-e1cd-46a4-a623-a6c7883237dd	9	92125019	92125684	2	-1.1404
5b4bb383-e1cd-46a4-a623-a6c7883237dd	9	92127357	92636224	241	0.324
5b4bb383-e1cd-46a4-a623-a6c7883237dd	9	92637039	95487916	1785	-0.0794
5b4bb383-e1cd-46a4-a623-a6c7883237dd	9	95487949	95487988	2	1.2435
5b4bb383-e1cd-46a4-a623-a6c7883237dd	9	95488277	99086304	2405	-0.0817
5b4bb383-e1cd-46a4-a623-a6c7883237dd	9	99087445	123891812	18298	-0.0526
5b4bb383-e1cd-46a4-a623-a6c7883237dd	9	123892517	132908708	5365	-0.0899
5b4bb383-e1cd-46a4-a623-a6c7883237dd	9	132908751	133209813	231	0.2063
5b4bb383-e1cd-46a4-a623-a6c7883237dd	9	133211156	134141968	556	-0.1204
5b4bb383-e1cd-46a4-a623-a6c7883237dd	9	134147689	138106197	1727	-0.5929
5b4bb383-e1cd-46a4-a623-a6c7883237dd	9	138106837	138133487	49	-0.2497
5b4bb383-e1cd-46a4-a623-a6c7883237dd	9	138137547	138200944	13	-0.7127
5b4bb383-e1cd-46a4-a623-a6c7883237dd	10	45792	66015	7	-0.1048
5b4bb383-e1cd-46a4-a623-a6c7883237dd	10	70119	1877489	1316	0.2826
5b4bb383-e1cd-46a4-a623-a6c7883237dd	10	1878846	1879226	3	1.6755
5b4bb383-e1cd-46a4-a623-a6c7883237dd	10	1880102	4198678	2203	0.2622
5b4bb383-e1cd-46a4-a623-a6c7883237dd	10	4199213	4199380	2	-1.2749
5b4bb383-e1cd-46a4-a623-a6c7883237dd	10	4201806	6369412	1871	0.3007
5b4bb383-e1cd-46a4-a623-a6c7883237dd	10	6369488	6369519	3	1.4562
5b4bb383-e1cd-46a4-a623-a6c7883237dd	10	6376792	13710507	6113	0.2878
5b4bb383-e1cd-46a4-a623-a6c7883237dd	10	13714584	13913481	213	0.5568
5b4bb383-e1cd-46a4-a623-a6c7883237dd	10	13914009	42131500	17356	0.2767
5b4bb383-e1cd-46a4-a623-a6c7883237dd	10	42140070	46221032	2438	-0.0905
5b4bb383-e1cd-46a4-a623-a6c7883237dd	10	46221236	46225568	5	-1.2428
5b4bb383-e1cd-46a4-a623-a6c7883237dd	10	46225606	48351511	643	-0.0873
5b4bb383-e1cd-46a4-a623-a6c7883237dd	10	48357343	49075501	629	0.2318
5b4bb383-e1cd-46a4-a623-a6c7883237dd	10	49078042	49274255	174	-0.0856
5b4bb383-e1cd-46a4-a623-a6c7883237dd	10	49274884	51122086	1059	0.2665
5b4bb383-e1cd-46a4-a623-a6c7883237dd	10	51122115	51389894	218	0.6003
5b4bb383-e1cd-46a4-a623-a6c7883237dd	10	51390492	51474288	85	0.3111
5b4bb383-e1cd-46a4-a623-a6c7883237dd	10	51474360	52980393	1225	-0.0366
5b4bb383-e1cd-46a4-a623-a6c7883237dd	10	52983143	53386822	334	0.7061
5b4bb383-e1cd-46a4-a623-a6c7883237dd	10	53390367	55847166	1784	-0.0241
5b4bb383-e1cd-46a4-a623-a6c7883237dd	10	55847826	58365628	1834	0.3228
5b4bb383-e1cd-46a4-a623-a6c7883237dd	10	58365642	65548259	4907	-0.0197
5b4bb383-e1cd-46a4-a623-a6c7883237dd	10	65548272	65554688	24	-0.681
5b4bb383-e1cd-46a4-a623-a6c7883237dd	10	65563037	80028348	9335	-0.0612
5b4bb383-e1cd-46a4-a623-a6c7883237dd	10	80029545	80033338	5	-1.5166
5b4bb383-e1cd-46a4-a623-a6c7883237dd	10	80039430	87269486	5086	-0.0485
5b4bb383-e1cd-46a4-a623-a6c7883237dd	10	87278584	87286741	2	1.9458
5b4bb383-e1cd-46a4-a623-a6c7883237dd	10	87310039	96015709	5609	-0.0376
5b4bb383-e1cd-46a4-a623-a6c7883237dd	10	96015810	96021459	5	-1.3353
5b4bb383-e1cd-46a4-a623-a6c7883237dd	10	96023610	98451875	1625	-0.089
5b4bb383-e1cd-46a4-a623-a6c7883237dd	10	98452582	99104266	448	0.0173
5b4bb383-e1cd-46a4-a623-a6c7883237dd	10	99104762	101053851	1156	-0.0783
5b4bb383-e1cd-46a4-a623-a6c7883237dd	10	101055894	101171097	78	0.2432
5b4bb383-e1cd-46a4-a623-a6c7883237dd	10	101172678	108397574	4670	-0.0511
5b4bb383-e1cd-46a4-a623-a6c7883237dd	10	108398028	108407106	15	-0.6275
5b4bb383-e1cd-46a4-a623-a6c7883237dd	10	108408614	109200269	544	-0.058
5b4bb383-e1cd-46a4-a623-a6c7883237dd	10	109206993	109207121	3	-2.2696
5b4bb383-e1cd-46a4-a623-a6c7883237dd	10	109208262	123452129	10351	-0.0536
5b4bb383-e1cd-46a4-a623-a6c7883237dd	10	123452569	132118882	6588	-0.0906
5b4bb383-e1cd-46a4-a623-a6c7883237dd	10	132118967	133654968	672	-0.0399
5b4bb383-e1cd-46a4-a623-a6c7883237dd	11	198510	4254774	1748	0.2585
5b4bb383-e1cd-46a4-a623-a6c7883237dd	11	4274526	4325579	14	-0.2735
5b4bb383-e1cd-46a4-a623-a6c7883237dd	11	4331751	4947280	655	0.2778
5b4bb383-e1cd-46a4-a623-a6c7883237dd	11	4949013	4955042	29	1.1124
5b4bb383-e1cd-46a4-a623-a6c7883237dd	11	4955781	5762693	782	0.2801
5b4bb383-e1cd-46a4-a623-a6c7883237dd	11	5766175	5787909	33	-0.0802
5b4bb383-e1cd-46a4-a623-a6c7883237dd	11	5788108	18928190	9420	0.2741
5b4bb383-e1cd-46a4-a623-a6c7883237dd	11	18928326	18939631	27	0.7811
5b4bb383-e1cd-46a4-a623-a6c7883237dd	11	18939734	22538016	3070	0.2782
5b4bb383-e1cd-46a4-a623-a6c7883237dd	11	22538411	22689598	122	-0.1184
5b4bb383-e1cd-46a4-a623-a6c7883237dd	11	22692254	23385468	511	0.2872
5b4bb383-e1cd-46a4-a623-a6c7883237dd	11	23385737	23477975	79	-0.0396
5b4bb383-e1cd-46a4-a623-a6c7883237dd	11	23479668	32421271	6078	0.3043
5b4bb383-e1cd-46a4-a623-a6c7883237dd	11	32421358	36467480	3116	0.2659
5b4bb383-e1cd-46a4-a623-a6c7883237dd	11	36469919	39484204	1886	0.308
5b4bb383-e1cd-46a4-a623-a6c7883237dd	11	39487484	40236150	513	-0.0142
5b4bb383-e1cd-46a4-a623-a6c7883237dd	11	40238177	54555109	6031	0.2616
5b4bb383-e1cd-46a4-a623-a6c7883237dd	11	54555644	55606572	373	-0.1489
5b4bb383-e1cd-46a4-a623-a6c7883237dd	11	55606712	55685533	57	-1.7644
5b4bb383-e1cd-46a4-a623-a6c7883237dd	11	55686100	60681234	3061	-0.0486
5b4bb383-e1cd-46a4-a623-a6c7883237dd	11	60684934	71659754	5254	-0.1057
5b4bb383-e1cd-46a4-a623-a6c7883237dd	11	71660739	71670986	2	-1.9627
5b4bb383-e1cd-46a4-a623-a6c7883237dd	11	71674327	72048041	146	-0.0643
5b4bb383-e1cd-46a4-a623-a6c7883237dd	11	72054119	72107417	31	-0.6104
5b4bb383-e1cd-46a4-a623-a6c7883237dd	11	72108294	72832296	340	-0.0907
5b4bb383-e1cd-46a4-a623-a6c7883237dd	11	72836338	81787763	5732	-0.0605
5b4bb383-e1cd-46a4-a623-a6c7883237dd	11	81792426	81806116	11	-0.8825
5b4bb383-e1cd-46a4-a623-a6c7883237dd	11	81811590	93130362	7503	-0.0407
5b4bb383-e1cd-46a4-a623-a6c7883237dd	11	93132545	93142718	3	-1.5743
5b4bb383-e1cd-46a4-a623-a6c7883237dd	11	93143600	97602215	3241	-0.0275
5b4bb383-e1cd-46a4-a623-a6c7883237dd	11	97603934	97608744	2	-1.5538
5b4bb383-e1cd-46a4-a623-a6c7883237dd	11	97608877	101723653	3223	-0.0256
5b4bb383-e1cd-46a4-a623-a6c7883237dd	11	101727129	101727233	4	1.8499
5b4bb383-e1cd-46a4-a623-a6c7883237dd	11	101727481	104895047	2189	-0.0061
5b4bb383-e1cd-46a4-a623-a6c7883237dd	11	104899972	104901412	3	-1.212
5b4bb383-e1cd-46a4-a623-a6c7883237dd	11	104903287	107916987	1998	0.0009
5b4bb383-e1cd-46a4-a623-a6c7883237dd	11	107919044	115097686	4750	-0.0516
5b4bb383-e1cd-46a4-a623-a6c7883237dd	11	115109271	117761200	1911	0.2296
5b4bb383-e1cd-46a4-a623-a6c7883237dd	11	117764730	118595407	681	0.4863
5b4bb383-e1cd-46a4-a623-a6c7883237dd	11	118599395	118672082	33	0.7474
5b4bb383-e1cd-46a4-a623-a6c7883237dd	11	118672882	120279824	988	0.2045
5b4bb383-e1cd-46a4-a623-a6c7883237dd	11	120280544	123039242	2018	0.257
5b4bb383-e1cd-46a4-a623-a6c7883237dd	11	123039289	123665953	480	0.1841
5b4bb383-e1cd-46a4-a623-a6c7883237dd	11	123668667	131280083	5681	0.2738
5b4bb383-e1cd-46a4-a623-a6c7883237dd	11	131280228	135074876	2993	0.2302
5b4bb383-e1cd-46a4-a623-a6c7883237dd	12	51460	71531	5	0.3283
5b4bb383-e1cd-46a4-a623-a6c7883237dd	12	81888	8178200	5528	0.7472
5b4bb383-e1cd-46a4-a623-a6c7883237dd	12	8182301	9477960	642	0.4985
5b4bb383-e1cd-46a4-a623-a6c7883237dd	12	9481274	9575696	24	-1.7457
5b4bb383-e1cd-46a4-a623-a6c7883237dd	12	9582373	11068125	1038	0.579
5b4bb383-e1cd-46a4-a623-a6c7883237dd	12	11070111	11088933	9	-1.2465
5b4bb383-e1cd-46a4-a623-a6c7883237dd	12	11099275	14388257	2538	0.5411
5b4bb383-e1cd-46a4-a623-a6c7883237dd	12	14389132	19727778	3329	0.5972
5b4bb383-e1cd-46a4-a623-a6c7883237dd	12	19728193	19728261	2	-0.9763
5b4bb383-e1cd-46a4-a623-a6c7883237dd	12	19735611	26981552	5169	0.5948
5b4bb383-e1cd-46a4-a623-a6c7883237dd	12	26981856	27015541	14	0.3969
5b4bb383-e1cd-46a4-a623-a6c7883237dd	12	27015580	27493059	307	0.3243
5b4bb383-e1cd-46a4-a623-a6c7883237dd	12	27494808	27498429	27	-0.6384
5b4bb383-e1cd-46a4-a623-a6c7883237dd	12	27504228	29213098	1256	0.317
5b4bb383-e1cd-46a4-a623-a6c7883237dd	12	29224656	31745941	1872	-0.043
5b4bb383-e1cd-46a4-a623-a6c7883237dd	12	31747616	31756974	10	-2.6946
5b4bb383-e1cd-46a4-a623-a6c7883237dd	12	31764286	31861282	69	-0.0255
5b4bb383-e1cd-46a4-a623-a6c7883237dd	12	31861289	33148472	945	0.286
5b4bb383-e1cd-46a4-a623-a6c7883237dd	12	33148492	33155426	27	-0.2947
5b4bb383-e1cd-46a4-a623-a6c7883237dd	12	33155453	37518933	801	0.3389
5b4bb383-e1cd-46a4-a623-a6c7883237dd	12	37519735	40267601	1393	-0.0302
5b4bb383-e1cd-46a4-a623-a6c7883237dd	12	40279924	41176273	631	1.4238
5b4bb383-e1cd-46a4-a623-a6c7883237dd	12	41186375	43315125	1471	0.9967
5b4bb383-e1cd-46a4-a623-a6c7883237dd	12	43315788	43828408	305	2.0139
5b4bb383-e1cd-46a4-a623-a6c7883237dd	12	43828919	43918971	65	1.6619
5b4bb383-e1cd-46a4-a623-a6c7883237dd	12	43919022	44303589	220	2.0492
5b4bb383-e1cd-46a4-a623-a6c7883237dd	12	44306632	44698932	235	1.5419
5b4bb383-e1cd-46a4-a623-a6c7883237dd	12	44703793	45506042	468	-0.0142
5b4bb383-e1cd-46a4-a623-a6c7883237dd	12	45510655	45515754	4	1.4224
5b4bb383-e1cd-46a4-a623-a6c7883237dd	12	45519509	47571592	1244	-0.0117
5b4bb383-e1cd-46a4-a623-a6c7883237dd	12	47573440	47578555	11	1.5434
5b4bb383-e1cd-46a4-a623-a6c7883237dd	12	47586344	54517053	3822	-0.0706
5b4bb383-e1cd-46a4-a623-a6c7883237dd	12	54517122	55317442	532	0.0186
5b4bb383-e1cd-46a4-a623-a6c7883237dd	12	55319822	56083705	409	-0.0752
5b4bb383-e1cd-46a4-a623-a6c7883237dd	12	56084552	56087335	7	0.8836
5b4bb383-e1cd-46a4-a623-a6c7883237dd	12	56087417	57991422	922	-0.0775
5b4bb383-e1cd-46a4-a623-a6c7883237dd	12	57992090	63625114	3708	-0.0024
5b4bb383-e1cd-46a4-a623-a6c7883237dd	12	63635805	72294544	5709	-0.0442
5b4bb383-e1cd-46a4-a623-a6c7883237dd	12	72300732	83769408	7243	-0.0008
5b4bb383-e1cd-46a4-a623-a6c7883237dd	12	83769511	83771462	3	-1.833
5b4bb383-e1cd-46a4-a623-a6c7883237dd	12	83771500	85749421	1171	0.0205
5b4bb383-e1cd-46a4-a623-a6c7883237dd	12	85753360	85803930	33	-0.5429
5b4bb383-e1cd-46a4-a623-a6c7883237dd	12	85807925	93168847	4491	-0.0046
5b4bb383-e1cd-46a4-a623-a6c7883237dd	12	93169879	106646564	9315	-0.0475
5b4bb383-e1cd-46a4-a623-a6c7883237dd	12	106647678	130663147	16437	-0.0822
5b4bb383-e1cd-46a4-a623-a6c7883237dd	12	130663412	130665614	17	-1.3956
5b4bb383-e1cd-46a4-a623-a6c7883237dd	12	130668803	132742852	1130	-0.0841
5b4bb383-e1cd-46a4-a623-a6c7883237dd	12	132743756	133201603	206	0.0054
5b4bb383-e1cd-46a4-a623-a6c7883237dd	13	18452809	18941680	132	-0.4453
5b4bb383-e1cd-46a4-a623-a6c7883237dd	13	18942597	18983010	34	-0.8253
5b4bb383-e1cd-46a4-a623-a6c7883237dd	13	18985511	20059001	600	-0.4632
5b4bb383-e1cd-46a4-a623-a6c7883237dd	13	20059508	33823452	10192	-0.5432
5b4bb383-e1cd-46a4-a623-a6c7883237dd	13	33829556	37495907	2466	-0.5011
5b4bb383-e1cd-46a4-a623-a6c7883237dd	13	37496233	37514250	21	0.263
5b4bb383-e1cd-46a4-a623-a6c7883237dd	13	37514472	55708817	11785	-0.4977
5b4bb383-e1cd-46a4-a623-a6c7883237dd	13	55709470	55781672	39	-1.1383
5b4bb383-e1cd-46a4-a623-a6c7883237dd	13	55782177	63845422	4598	-0.4826
5b4bb383-e1cd-46a4-a623-a6c7883237dd	13	63850006	64210585	231	-1.1824
5b4bb383-e1cd-46a4-a623-a6c7883237dd	13	64211158	66269164	1246	-0.4933
5b4bb383-e1cd-46a4-a623-a6c7883237dd	13	66275075	66552294	194	1.3497
5b4bb383-e1cd-46a4-a623-a6c7883237dd	13	66552576	66603651	32	-0.5814
5b4bb383-e1cd-46a4-a623-a6c7883237dd	13	66604212	66631411	16	-1.7366
5b4bb383-e1cd-46a4-a623-a6c7883237dd	13	66634660	66694782	54	-0.6549
5b4bb383-e1cd-46a4-a623-a6c7883237dd	13	66694811	66736950	37	-1.3995
5b4bb383-e1cd-46a4-a623-a6c7883237dd	13	66743624	68109078	834	-0.5053
5b4bb383-e1cd-46a4-a623-a6c7883237dd	13	68112433	68237528	57	-1.4615
5b4bb383-e1cd-46a4-a623-a6c7883237dd	13	68239948	68414873	90	-0.8444
5b4bb383-e1cd-46a4-a623-a6c7883237dd	13	68415351	68446914	28	-1.4508
5b4bb383-e1cd-46a4-a623-a6c7883237dd	13	68448005	68565385	70	-0.4889
5b4bb383-e1cd-46a4-a623-a6c7883237dd	13	68565504	68712201	158	-2.3219
5b4bb383-e1cd-46a4-a623-a6c7883237dd	13	68714680	68790733	45	-1.3064
5b4bb383-e1cd-46a4-a623-a6c7883237dd	13	68795913	70757706	1316	-0.4682
5b4bb383-e1cd-46a4-a623-a6c7883237dd	13	70757740	71877557	657	1.3571
5b4bb383-e1cd-46a4-a623-a6c7883237dd	13	71879461	71906418	21	-0.0941
5b4bb383-e1cd-46a4-a623-a6c7883237dd	13	71906467	94740390	14946	-0.486
5b4bb383-e1cd-46a4-a623-a6c7883237dd	13	94745716	97595021	1795	-0.0482
5b4bb383-e1cd-46a4-a623-a6c7883237dd	13	97599193	98157923	369	-0.5243
5b4bb383-e1cd-46a4-a623-a6c7883237dd	13	98159288	98675112	420	-0.0676
5b4bb383-e1cd-46a4-a623-a6c7883237dd	13	98675607	109866161	8784	-0.0324
5b4bb383-e1cd-46a4-a623-a6c7883237dd	13	109866422	112879562	2094	-0.0819
5b4bb383-e1cd-46a4-a623-a6c7883237dd	13	112879747	112879894	3	1.65
5b4bb383-e1cd-46a4-a623-a6c7883237dd	13	112880521	114342922	647	-0.0834
5b4bb383-e1cd-46a4-a623-a6c7883237dd	14	18239283	19754411	77	0.5348
5b4bb383-e1cd-46a4-a623-a6c7883237dd	14	19764376	20218860	273	1.2164
5b4bb383-e1cd-46a4-a623-a6c7883237dd	14	20221574	20349704	83	0.7158
5b4bb383-e1cd-46a4-a623-a6c7883237dd	14	20351570	20941822	468	1.5643
5b4bb383-e1cd-46a4-a623-a6c7883237dd	14	20945196	21928296	626	-0.4905
5b4bb383-e1cd-46a4-a623-a6c7883237dd	14	21928444	22490565	457	-0.3557
5b4bb383-e1cd-46a4-a623-a6c7883237dd	14	22490580	42096757	12351	-0.4916
5b4bb383-e1cd-46a4-a623-a6c7883237dd	14	42097283	42243527	83	-1.1647
5b4bb383-e1cd-46a4-a623-a6c7883237dd	14	42245826	42301822	38	-0.5794
5b4bb383-e1cd-46a4-a623-a6c7883237dd	14	42304038	42322700	9	-1.4294
5b4bb383-e1cd-46a4-a623-a6c7883237dd	14	42326090	42831390	328	-0.5939
5b4bb383-e1cd-46a4-a623-a6c7883237dd	14	42833532	43219163	234	-1.1437
5b4bb383-e1cd-46a4-a623-a6c7883237dd	14	43222561	52630572	5689	-0.4785
5b4bb383-e1cd-46a4-a623-a6c7883237dd	14	52632858	53673006	638	-0.0071
5b4bb383-e1cd-46a4-a623-a6c7883237dd	14	53675485	73981096	13034	-0.5082
5b4bb383-e1cd-46a4-a623-a6c7883237dd	14	73984376	77598636	2311	1.572
5b4bb383-e1cd-46a4-a623-a6c7883237dd	14	77599057	81188946	2511	-0.5051
5b4bb383-e1cd-46a4-a623-a6c7883237dd	14	81190219	81749983	354	0.306
5b4bb383-e1cd-46a4-a623-a6c7883237dd	14	81754136	85818410	2766	-0.4838
5b4bb383-e1cd-46a4-a623-a6c7883237dd	14	85819968	85845829	14	-1.7794
5b4bb383-e1cd-46a4-a623-a6c7883237dd	14	85849791	98024296	8284	-0.5353
5b4bb383-e1cd-46a4-a623-a6c7883237dd	14	98026506	98027165	2	-3.0543
5b4bb383-e1cd-46a4-a623-a6c7883237dd	14	98027742	103626452	3485	-0.5429
5b4bb383-e1cd-46a4-a623-a6c7883237dd	14	103627184	105780462	690	-0.0807
5b4bb383-e1cd-46a4-a623-a6c7883237dd	14	105784746	106297273	182	-1.0645
5b4bb383-e1cd-46a4-a623-a6c7883237dd	14	106297409	106496501	107	-0.8063
5b4bb383-e1cd-46a4-a623-a6c7883237dd	14	106496822	106877229	187	-1.2028
5b4bb383-e1cd-46a4-a623-a6c7883237dd	15	19811075	20235285	63	-0.0831
5b4bb383-e1cd-46a4-a623-a6c7883237dd	15	20240885	20373168	25	-0.7138
5b4bb383-e1cd-46a4-a623-a6c7883237dd	15	20376198	20376311	7	-2.1265
5b4bb383-e1cd-46a4-a623-a6c7883237dd	15	20380735	22576496	118	-0.6135
5b4bb383-e1cd-46a4-a623-a6c7883237dd	15	22582296	23400217	312	0.0047
5b4bb383-e1cd-46a4-a623-a6c7883237dd	15	23409060	34434988	6902	-0.0758
5b4bb383-e1cd-46a4-a623-a6c7883237dd	15	34435421	34610694	87	0.2024
5b4bb383-e1cd-46a4-a623-a6c7883237dd	15	34611549	59098504	15401	-0.0353
5b4bb383-e1cd-46a4-a623-a6c7883237dd	15	59099645	59100812	2	-2.1016
5b4bb383-e1cd-46a4-a623-a6c7883237dd	15	59109021	59542641	336	-0.0522
5b4bb383-e1cd-46a4-a623-a6c7883237dd	15	59542814	59798779	174	0.2761
5b4bb383-e1cd-46a4-a623-a6c7883237dd	15	59803202	70748734	7391	-0.0549
5b4bb383-e1cd-46a4-a623-a6c7883237dd	15	70748752	70959151	123	0.2994
5b4bb383-e1cd-46a4-a623-a6c7883237dd	15	70964237	76598900	2956	-0.0593
5b4bb383-e1cd-46a4-a623-a6c7883237dd	15	76599170	76602857	13	-2.7884
5b4bb383-e1cd-46a4-a623-a6c7883237dd	15	76603003	76603434	8	-0.5444
5b4bb383-e1cd-46a4-a623-a6c7883237dd	15	76609838	90125747	8587	-0.0574
5b4bb383-e1cd-46a4-a623-a6c7883237dd	15	90128455	90301825	110	0.2478
5b4bb383-e1cd-46a4-a623-a6c7883237dd	15	90302268	101928837	8903	-0.0645
5b4bb383-e1cd-46a4-a623-a6c7883237dd	16	10777	94596	48	0.2178
5b4bb383-e1cd-46a4-a623-a6c7883237dd	16	95886	19930646	13364	-0.5599
5b4bb383-e1cd-46a4-a623-a6c7883237dd	16	19931704	19956040	32	-1.3218
5b4bb383-e1cd-46a4-a623-a6c7883237dd	16	19958932	22721266	1371	-0.5083
5b4bb383-e1cd-46a4-a623-a6c7883237dd	16	22724240	22726765	3	-1.9248
5b4bb383-e1cd-46a4-a623-a6c7883237dd	16	22727362	23281542	385	-0.5727
5b4bb383-e1cd-46a4-a623-a6c7883237dd	16	23286569	27123776	2766	-0.1242
5b4bb383-e1cd-46a4-a623-a6c7883237dd	16	27124037	27126074	2	-2.0927
5b4bb383-e1cd-46a4-a623-a6c7883237dd	16	27127156	55762598	8901	-0.088
5b4bb383-e1cd-46a4-a623-a6c7883237dd	16	55762663	55808470	22	0.8549
5b4bb383-e1cd-46a4-a623-a6c7883237dd	16	55808544	57353878	938	-0.0819
5b4bb383-e1cd-46a4-a623-a6c7883237dd	16	57367395	63118287	3666	0.2771
5b4bb383-e1cd-46a4-a623-a6c7883237dd	16	63126270	63218181	66	-0.1477
5b4bb383-e1cd-46a4-a623-a6c7883237dd	16	63218396	70105639	4080	0.2568
5b4bb383-e1cd-46a4-a623-a6c7883237dd	16	70117657	70163864	12	1.0314
5b4bb383-e1cd-46a4-a623-a6c7883237dd	16	70164427	74335633	2298	0.2596
5b4bb383-e1cd-46a4-a623-a6c7883237dd	16	74346075	74373481	9	1.1235
5b4bb383-e1cd-46a4-a623-a6c7883237dd	16	74418138	78337711	3204	0.2523
5b4bb383-e1cd-46a4-a623-a6c7883237dd	16	78338543	78350841	16	1.4724
5b4bb383-e1cd-46a4-a623-a6c7883237dd	16	78350868	88862825	10066	0.2401
5b4bb383-e1cd-46a4-a623-a6c7883237dd	16	88863335	89206933	104	0.4711
5b4bb383-e1cd-46a4-a623-a6c7883237dd	16	89206958	90080548	446	0.2979
5b4bb383-e1cd-46a4-a623-a6c7883237dd	16	90082041	90096867	7	-0.0916
5b4bb383-e1cd-46a4-a623-a6c7883237dd	17	150733	18413879	11351	-0.5667
5b4bb383-e1cd-46a4-a623-a6c7883237dd	17	18414080	18571332	30	0.0916
5b4bb383-e1cd-46a4-a623-a6c7883237dd	17	18592992	29740845	2807	-0.5337
5b4bb383-e1cd-46a4-a623-a6c7883237dd	17	29758154	30144786	152	-0.2699
5b4bb383-e1cd-46a4-a623-a6c7883237dd	17	30148163	36157718	3890	-0.5569
5b4bb383-e1cd-46a4-a623-a6c7883237dd	17	36200725	36208249	2	1.7
5b4bb383-e1cd-46a4-a623-a6c7883237dd	17	36460442	41265456	2514	-0.521
5b4bb383-e1cd-46a4-a623-a6c7883237dd	17	41266762	41274279	24	0.779
5b4bb383-e1cd-46a4-a623-a6c7883237dd	17	41276472	42904228	858	-0.5246
5b4bb383-e1cd-46a4-a623-a6c7883237dd	17	42906468	42923578	14	-1.4983
5b4bb383-e1cd-46a4-a623-a6c7883237dd	17	42924066	43051409	76	-0.6379
5b4bb383-e1cd-46a4-a623-a6c7883237dd	17	43051428	43381575	167	-0.336
5b4bb383-e1cd-46a4-a623-a6c7883237dd	17	43384354	46076156	1370	-0.5315
5b4bb383-e1cd-46a4-a623-a6c7883237dd	17	46078715	46274320	125	0.0029
5b4bb383-e1cd-46a4-a623-a6c7883237dd	17	46274335	66877810	11852	-0.5283
5b4bb383-e1cd-46a4-a623-a6c7883237dd	17	66885676	76181305	6140	-0.0803
5b4bb383-e1cd-46a4-a623-a6c7883237dd	17	76182277	76319948	77	0.2943
5b4bb383-e1cd-46a4-a623-a6c7883237dd	17	76324260	77177434	500	-0.1103
5b4bb383-e1cd-46a4-a623-a6c7883237dd	17	77178214	77178654	2	-1.9603
5b4bb383-e1cd-46a4-a623-a6c7883237dd	17	77179175	80033814	1639	-0.0933
5b4bb383-e1cd-46a4-a623-a6c7883237dd	17	80045981	80224006	132	0.2139
5b4bb383-e1cd-46a4-a623-a6c7883237dd	17	80227984	81154985	487	-0.1185
5b4bb383-e1cd-46a4-a623-a6c7883237dd	17	81155072	81155301	3	-2.4861
5b4bb383-e1cd-46a4-a623-a6c7883237dd	17	81158113	83091923	715	-0.1267
5b4bb383-e1cd-46a4-a623-a6c7883237dd	18	48133	12425210	8987	0.0535
5b4bb383-e1cd-46a4-a623-a6c7883237dd	18	12426797	12493713	39	-0.4659
5b4bb383-e1cd-46a4-a623-a6c7883237dd	18	12499292	21513922	1611	0.0379
5b4bb383-e1cd-46a4-a623-a6c7883237dd	18	21514017	22813785	699	0.1287
5b4bb383-e1cd-46a4-a623-a6c7883237dd	18	22823712	23006289	72	0.4333
5b4bb383-e1cd-46a4-a623-a6c7883237dd	18	23018504	27450244	2906	0.1022
5b4bb383-e1cd-46a4-a623-a6c7883237dd	18	27450927	29811203	1473	0.1644
5b4bb383-e1cd-46a4-a623-a6c7883237dd	18	29811562	31551285	1123	0.1137
5b4bb383-e1cd-46a4-a623-a6c7883237dd	18	31556261	32402540	578	0.0332
5b4bb383-e1cd-46a4-a623-a6c7883237dd	18	32402652	34889554	1498	0.116
5b4bb383-e1cd-46a4-a623-a6c7883237dd	18	34890006	46045360	7378	0.0697
5b4bb383-e1cd-46a4-a623-a6c7883237dd	18	46046756	80257174	24370	0.0017
5b4bb383-e1cd-46a4-a623-a6c7883237dd	19	90910	988926	193	-1.2331
5b4bb383-e1cd-46a4-a623-a6c7883237dd	19	999298	10124361	3665	-0.5715
5b4bb383-e1cd-46a4-a623-a6c7883237dd	19	10124423	11029285	368	0.8447
5b4bb383-e1cd-46a4-a623-a6c7883237dd	19	11031263	11707468	313	1.0234
5b4bb383-e1cd-46a4-a623-a6c7883237dd	19	11709702	19720735	3937	0.8482
5b4bb383-e1cd-46a4-a623-a6c7883237dd	19	19724944	19725867	2	-1.8455
5b4bb383-e1cd-46a4-a623-a6c7883237dd	19	19729959	20415637	426	0.9039
5b4bb383-e1cd-46a4-a623-a6c7883237dd	19	20415743	20501217	43	0.3925
5b4bb383-e1cd-46a4-a623-a6c7883237dd	19	20502578	21809318	726	0.8483
5b4bb383-e1cd-46a4-a623-a6c7883237dd	19	21813864	24110728	1358	0.6845
5b4bb383-e1cd-46a4-a623-a6c7883237dd	19	24118844	24119602	3	-1.1489
5b4bb383-e1cd-46a4-a623-a6c7883237dd	19	24130694	27372681	115	0.6428
5b4bb383-e1cd-46a4-a623-a6c7883237dd	19	27374996	28748532	828	0.8819
5b4bb383-e1cd-46a4-a623-a6c7883237dd	19	28749194	28952354	185	1.9423
5b4bb383-e1cd-46a4-a623-a6c7883237dd	19	28956087	28958181	2	-0.9686
5b4bb383-e1cd-46a4-a623-a6c7883237dd	19	28962919	29603679	551	1.8579
5b4bb383-e1cd-46a4-a623-a6c7883237dd	19	29604909	30046849	303	2.1804
5b4bb383-e1cd-46a4-a623-a6c7883237dd	19	30047391	31587085	1137	1.3475
5b4bb383-e1cd-46a4-a623-a6c7883237dd	19	31589484	31595642	5	-0.4373
5b4bb383-e1cd-46a4-a623-a6c7883237dd	19	31596640	32505216	669	-0.1245
5b4bb383-e1cd-46a4-a623-a6c7883237dd	19	32507901	32575654	50	0.226
5b4bb383-e1cd-46a4-a623-a6c7883237dd	19	32594489	32614998	22	1.2416
5b4bb383-e1cd-46a4-a623-a6c7883237dd	19	32615715	33335846	412	0.2073
5b4bb383-e1cd-46a4-a623-a6c7883237dd	19	33339692	33787740	327	-0.6154
5b4bb383-e1cd-46a4-a623-a6c7883237dd	19	33789546	37340332	2028	1.0141
5b4bb383-e1cd-46a4-a623-a6c7883237dd	19	37342292	38329936	522	1.2353
5b4bb383-e1cd-46a4-a623-a6c7883237dd	19	38330834	45298557	3595	1.0196
5b4bb383-e1cd-46a4-a623-a6c7883237dd	19	45298693	46758350	615	0.8674
5b4bb383-e1cd-46a4-a623-a6c7883237dd	19	46762813	50992453	1882	-0.5772
5b4bb383-e1cd-46a4-a623-a6c7883237dd	19	50992964	51628560	443	0.8529
5b4bb383-e1cd-46a4-a623-a6c7883237dd	19	51639099	51644944	11	-0.2875
5b4bb383-e1cd-46a4-a623-a6c7883237dd	19	51651652	51955164	227	0.8414
5b4bb383-e1cd-46a4-a623-a6c7883237dd	19	51956797	51983969	9	-0.2432
5b4bb383-e1cd-46a4-a623-a6c7883237dd	19	51984525	52009443	22	0.895
5b4bb383-e1cd-46a4-a623-a6c7883237dd	19	52017089	55700750	2175	-0.5332
5b4bb383-e1cd-46a4-a623-a6c7883237dd	19	55701680	55874105	162	-1.2933
5b4bb383-e1cd-46a4-a623-a6c7883237dd	19	55877505	58586487	1729	0.6831
5b4bb383-e1cd-46a4-a623-a6c7883237dd	20	80664	82279	16	0.8116
5b4bb383-e1cd-46a4-a623-a6c7883237dd	20	84659	115254	20	1.5463
5b4bb383-e1cd-46a4-a623-a6c7883237dd	20	115660	169334	38	0.9674
5b4bb383-e1cd-46a4-a623-a6c7883237dd	20	171552	1590106	1139	1.2504
5b4bb383-e1cd-46a4-a623-a6c7883237dd	20	1590128	1590457	4	2.6061
5b4bb383-e1cd-46a4-a623-a6c7883237dd	20	1590626	1591257	9	0.3594
5b4bb383-e1cd-46a4-a623-a6c7883237dd	20	1591489	1601446	12	2.2088
5b4bb383-e1cd-46a4-a623-a6c7883237dd	20	1601561	13261519	9022	1.2637
5b4bb383-e1cd-46a4-a623-a6c7883237dd	20	13263440	16098158	2152	1.1455
5b4bb383-e1cd-46a4-a623-a6c7883237dd	20	16098361	16104299	3	-0.6108
5b4bb383-e1cd-46a4-a623-a6c7883237dd	20	16107676	19303228	2654	1.1488
5b4bb383-e1cd-46a4-a623-a6c7883237dd	20	19303836	19991199	694	1.0679
5b4bb383-e1cd-46a4-a623-a6c7883237dd	20	19992185	20566929	438	1.1649
5b4bb383-e1cd-46a4-a623-a6c7883237dd	20	20572026	46038569	12933	-0.11
5b4bb383-e1cd-46a4-a623-a6c7883237dd	20	46039265	52576569	4595	0.9882
5b4bb383-e1cd-46a4-a623-a6c7883237dd	20	52578702	55452015	2348	1.0366
5b4bb383-e1cd-46a4-a623-a6c7883237dd	20	55458624	61002291	4514	0.9833
5b4bb383-e1cd-46a4-a623-a6c7883237dd	20	61002395	61015145	36	1.7305
5b4bb383-e1cd-46a4-a623-a6c7883237dd	20	61015428	62582087	1031	0.9686
5b4bb383-e1cd-46a4-a623-a6c7883237dd	20	62582181	62584855	2	-1.1014
5b4bb383-e1cd-46a4-a623-a6c7883237dd	20	62585938	64284715	706	0.9985
5b4bb383-e1cd-46a4-a623-a6c7883237dd	20	64323342	64324800	5	-2.2894
5b4bb383-e1cd-46a4-a623-a6c7883237dd	21	10354168	10494350	19	-0.2276
5b4bb383-e1cd-46a4-a623-a6c7883237dd	21	10511939	13013344	75	-0.8238
5b4bb383-e1cd-46a4-a623-a6c7883237dd	21	13013569	13418453	115	-0.0152
5b4bb383-e1cd-46a4-a623-a6c7883237dd	21	13419837	13421184	2	-2.0139
5b4bb383-e1cd-46a4-a623-a6c7883237dd	21	13424192	30553757	12343	-0.0236
5b4bb383-e1cd-46a4-a623-a6c7883237dd	21	30554189	45251751	10498	-0.0725
5b4bb383-e1cd-46a4-a623-a6c7883237dd	21	45251800	46677045	801	-0.0314
5b4bb383-e1cd-46a4-a623-a6c7883237dd	22	15294547	15925481	37	-0.0166
5b4bb383-e1cd-46a4-a623-a6c7883237dd	22	16392123	20621700	2149	-0.5348
5b4bb383-e1cd-46a4-a623-a6c7883237dd	22	20622790	20626070	8	-2.1552
5b4bb383-e1cd-46a4-a623-a6c7883237dd	22	20626921	22119654	918	-0.5005
5b4bb383-e1cd-46a4-a623-a6c7883237dd	22	22120134	22120255	4	-2.6017
5b4bb383-e1cd-46a4-a623-a6c7883237dd	22	22127104	28191146	4870	-0.5519
5b4bb383-e1cd-46a4-a623-a6c7883237dd	22	28197467	28204340	5	-2.9911
5b4bb383-e1cd-46a4-a623-a6c7883237dd	22	28215453	42473994	9095	-0.5578
5b4bb383-e1cd-46a4-a623-a6c7883237dd	22	42475109	45547323	2264	-0.6119
5b4bb383-e1cd-46a4-a623-a6c7883237dd	22	45547767	46741599	677	-0.546
5b4bb383-e1cd-46a4-a623-a6c7883237dd	22	46741846	46742762	2	-3.2557
5b4bb383-e1cd-46a4-a623-a6c7883237dd	22	46747956	49359218	2421	-0.6193
5b4bb383-e1cd-46a4-a623-a6c7883237dd	22	49359525	50571683	630	-0.501
5b4bb383-e1cd-46a4-a623-a6c7883237dd	22	50574346	50796027	116	0.0214
5b4bb383-e1cd-46a4-a623-a6c7883237dd	X	251810	7374787	3545	0.023
5b4bb383-e1cd-46a4-a623-a6c7883237dd	X	7376353	7530123	116	-0.2409
5b4bb383-e1cd-46a4-a623-a6c7883237dd	X	7530776	8164649	512	0.0401
5b4bb383-e1cd-46a4-a623-a6c7883237dd	X	8166621	8437614	227	-0.3869
5b4bb383-e1cd-46a4-a623-a6c7883237dd	X	8440638	47048895	24077	0.018
5b4bb383-e1cd-46a4-a623-a6c7883237dd	X	47054092	47711236	328	0.4414
5b4bb383-e1cd-46a4-a623-a6c7883237dd	X	47721273	48246317	312	0.0308
5b4bb383-e1cd-46a4-a623-a6c7883237dd	X	48248934	48365604	40	0.5243
5b4bb383-e1cd-46a4-a623-a6c7883237dd	X	48428474	48443397	4	-1.1674
5b4bb383-e1cd-46a4-a623-a6c7883237dd	X	48449079	58469511	4230	-0.0012
5b4bb383-e1cd-46a4-a623-a6c7883237dd	X	58469616	62754763	27	0.3903
5b4bb383-e1cd-46a4-a623-a6c7883237dd	X	62759627	68673524	2553	-0.0061
5b4bb383-e1cd-46a4-a623-a6c7883237dd	X	68673731	69167217	269	0.202
5b4bb383-e1cd-46a4-a623-a6c7883237dd	X	69167218	70591654	758	0.0047
5b4bb383-e1cd-46a4-a623-a6c7883237dd	X	70598327	82785648	5431	-0.0518
5b4bb383-e1cd-46a4-a623-a6c7883237dd	X	82786660	155952689	41200	0.0136
5b4bb383-e1cd-46a4-a623-a6c7883237dd	Y	2782397	3536069	228	-0.8743
5b4bb383-e1cd-46a4-a623-a6c7883237dd	Y	3538565	3553009	3	1.4178
5b4bb383-e1cd-46a4-a623-a6c7883237dd	Y	3553340	56872112	6409	-0.9567
