GDC_Aliquot	Chromosome	Start	End	Num_Probes	Segment_Mean
3fb750c0-695e-4a3e-96d2-6c539d5c3d0d	1	3301765	247650984	129493	0.015
3fb750c0-695e-4a3e-96d2-6c539d5c3d0d	2	480597	241537572	131997	0.023
3fb750c0-695e-4a3e-96d2-6c539d5c3d0d	3	2170634	197812401	107010	0.0176
3fb750c0-695e-4a3e-96d2-6c539d5c3d0d	4	1059384	66126520	36713	0.026
3fb750c0-695e-4a3e-96d2-6c539d5c3d0d	4	66126603	66130182	2	-1.9585
3fb750c0-695e-4a3e-96d2-6c539d5c3d0d	4	66131838	71368010	2312	0.0213
3fb750c0-695e-4a3e-96d2-6c539d5c3d0d	4	71369741	71384327	2	-3.204
3fb750c0-695e-4a3e-96d2-6c539d5c3d0d	4	71385085	129732634	33240	0.0221
3fb750c0-695e-4a3e-96d2-6c539d5c3d0d	4	129733250	129734715	3	-1.5286
3fb750c0-695e-4a3e-96d2-6c539d5c3d0d	4	129735088	187842528	31122	0.0275
3fb750c0-695e-4a3e-96d2-6c539d5c3d0d	5	914118	180934240	100961	0.0218
3fb750c0-695e-4a3e-96d2-6c539d5c3d0d	6	1011760	9957925	6525	0.0212
3fb750c0-695e-4a3e-96d2-6c539d5c3d0d	6	9961705	9961900	2	-2.0532
3fb750c0-695e-4a3e-96d2-6c539d5c3d0d	6	9965180	48262762	22146	0.0095
3fb750c0-695e-4a3e-96d2-6c539d5c3d0d	6	48263605	48264350	2	-2.0511
3fb750c0-695e-4a3e-96d2-6c539d5c3d0d	6	48264680	134375877	46692	0.0176
3fb750c0-695e-4a3e-96d2-6c539d5c3d0d	6	134376239	134376302	2	-2.08
3fb750c0-695e-4a3e-96d2-6c539d5c3d0d	6	134376858	144214623	5907	0.0104
3fb750c0-695e-4a3e-96d2-6c539d5c3d0d	6	144214837	144215590	3	-1.8523
3fb750c0-695e-4a3e-96d2-6c539d5c3d0d	6	144220771	170596889	15768	0.0173
3fb750c0-695e-4a3e-96d2-6c539d5c3d0d	7	664936	158592540	81837	0.0181
3fb750c0-695e-4a3e-96d2-6c539d5c3d0d	8	667625	144182542	82107	0.0236
3fb750c0-695e-4a3e-96d2-6c539d5c3d0d	9	789794	90365859	38865	0.0208
3fb750c0-695e-4a3e-96d2-6c539d5c3d0d	9	90368101	90368867	4	-1.607
3fb750c0-695e-4a3e-96d2-6c539d5c3d0d	9	90376722	116960428	17310	0.0231
3fb750c0-695e-4a3e-96d2-6c539d5c3d0d	9	116963772	116964695	2	-2.1971
3fb750c0-695e-4a3e-96d2-6c539d5c3d0d	9	116965127	119056671	1563	0.0374
3fb750c0-695e-4a3e-96d2-6c539d5c3d0d	9	119057069	119057322	3	-1.4903
3fb750c0-695e-4a3e-96d2-6c539d5c3d0d	9	119059122	138044505	10588	0.0107
3fb750c0-695e-4a3e-96d2-6c539d5c3d0d	10	366509	133411599	81128	0.0194
3fb750c0-695e-4a3e-96d2-6c539d5c3d0d	11	456012	134272740	77455	0.0153
3fb750c0-695e-4a3e-96d2-6c539d5c3d0d	12	780472	47845347	24670	0.0115
3fb750c0-695e-4a3e-96d2-6c539d5c3d0d	12	47845981	47846052	2	-3.5078
3fb750c0-695e-4a3e-96d2-6c539d5c3d0d	12	47846577	132605822	49561	0.0134
3fb750c0-695e-4a3e-96d2-6c539d5c3d0d	13	18874255	93752972	43578	0.0172
3fb750c0-695e-4a3e-96d2-6c539d5c3d0d	13	93753083	93778147	21	-1.1086
3fb750c0-695e-4a3e-96d2-6c539d5c3d0d	13	93782811	114226675	13330	0.0236
3fb750c0-695e-4a3e-96d2-6c539d5c3d0d	14	20033191	105533894	49713	0.0145
3fb750c0-695e-4a3e-96d2-6c539d5c3d0d	15	23437561	101344124	44706	0.018
3fb750c0-695e-4a3e-96d2-6c539d5c3d0d	16	603333	89317317	41140	0.0223
3fb750c0-695e-4a3e-96d2-6c539d5c3d0d	17	1074619	8358022	3483	-0.0182
3fb750c0-695e-4a3e-96d2-6c539d5c3d0d	17	8361111	73789626	30280	0.0159
3fb750c0-695e-4a3e-96d2-6c539d5c3d0d	17	73790495	82959812	3440	-0.0208
3fb750c0-695e-4a3e-96d2-6c539d5c3d0d	18	326691	79349796	42920	0.0234
3fb750c0-695e-4a3e-96d2-6c539d5c3d0d	19	283868	18345066	7125	-0.0279
3fb750c0-695e-4a3e-96d2-6c539d5c3d0d	19	18346153	37493748	8196	0.0159
3fb750c0-695e-4a3e-96d2-6c539d5c3d0d	19	37494534	58370362	8767	-0.0163
3fb750c0-695e-4a3e-96d2-6c539d5c3d0d	20	472817	63588502	37464	0.0211
3fb750c0-695e-4a3e-96d2-6c539d5c3d0d	21	13974127	46262057	20565	0.0175
3fb750c0-695e-4a3e-96d2-6c539d5c3d0d	22	16934932	48228997	16482	0.0157
3fb750c0-695e-4a3e-96d2-6c539d5c3d0d	22	48229090	48230207	2	-2.2624
3fb750c0-695e-4a3e-96d2-6c539d5c3d0d	22	48230320	48940621	569	0.0485
3fb750c0-695e-4a3e-96d2-6c539d5c3d0d	X	3236359	155677414	63933	0.0204
