GDC_Aliquot	Chromosome	Start	End	Num_Probes	Segment_Mean
7ae59829-3d0f-44df-819b-0b9bf21a2e9e	1	62920	825988	35	0.0103
7ae59829-3d0f-44df-819b-0b9bf21a2e9e	1	826738	11241657	5621	0.7045
7ae59829-3d0f-44df-819b-0b9bf21a2e9e	1	11241784	15822848	2677	0.2914
7ae59829-3d0f-44df-819b-0b9bf21a2e9e	1	15823420	15827430	7	1.4238
7ae59829-3d0f-44df-819b-0b9bf21a2e9e	1	15827706	16086770	103	0.2709
7ae59829-3d0f-44df-819b-0b9bf21a2e9e	1	16090490	16542868	199	-0.3666
7ae59829-3d0f-44df-819b-0b9bf21a2e9e	1	16569132	16898730	69	-0.7889
7ae59829-3d0f-44df-819b-0b9bf21a2e9e	1	16898872	16909203	5	1.616
7ae59829-3d0f-44df-819b-0b9bf21a2e9e	1	16909357	16926919	19	-1.0295
7ae59829-3d0f-44df-819b-0b9bf21a2e9e	1	16927043	25256800	5274	-0.3548
7ae59829-3d0f-44df-819b-0b9bf21a2e9e	1	25256850	25361096	40	0.2165
7ae59829-3d0f-44df-819b-0b9bf21a2e9e	1	25361785	28709466	1384	-0.3864
7ae59829-3d0f-44df-819b-0b9bf21a2e9e	1	28718611	34626073	3548	0.2696
7ae59829-3d0f-44df-819b-0b9bf21a2e9e	1	34637053	34638890	20	-0.3601
7ae59829-3d0f-44df-819b-0b9bf21a2e9e	1	34648667	38946430	2391	0.2598
7ae59829-3d0f-44df-819b-0b9bf21a2e9e	1	38955790	38964590	5	-0.6431
7ae59829-3d0f-44df-819b-0b9bf21a2e9e	1	38965373	39875030	438	0.2501
7ae59829-3d0f-44df-819b-0b9bf21a2e9e	1	39877692	48371665	4899	-0.4093
7ae59829-3d0f-44df-819b-0b9bf21a2e9e	1	48376143	48378940	2	2.4276
7ae59829-3d0f-44df-819b-0b9bf21a2e9e	1	48379809	49848429	797	-0.4159
7ae59829-3d0f-44df-819b-0b9bf21a2e9e	1	49850823	49989027	50	0.2185
7ae59829-3d0f-44df-819b-0b9bf21a2e9e	1	49991165	51318915	618	-0.3888
7ae59829-3d0f-44df-819b-0b9bf21a2e9e	1	51325870	51348602	16	-1.9639
7ae59829-3d0f-44df-819b-0b9bf21a2e9e	1	51358762	57194802	3874	-0.4103
7ae59829-3d0f-44df-819b-0b9bf21a2e9e	1	57195149	57201088	11	-3.092
7ae59829-3d0f-44df-819b-0b9bf21a2e9e	1	57201558	60901853	2764	-0.4449
7ae59829-3d0f-44df-819b-0b9bf21a2e9e	1	60903047	70958755	7088	0.2466
7ae59829-3d0f-44df-819b-0b9bf21a2e9e	1	70960577	70964183	2	2.1971
7ae59829-3d0f-44df-819b-0b9bf21a2e9e	1	70967301	72303233	789	0.2518
7ae59829-3d0f-44df-819b-0b9bf21a2e9e	1	72303253	72345465	45	-1.0888
7ae59829-3d0f-44df-819b-0b9bf21a2e9e	1	72346221	74803600	1507	0.2401
7ae59829-3d0f-44df-819b-0b9bf21a2e9e	1	74805388	74808182	2	2.0526
7ae59829-3d0f-44df-819b-0b9bf21a2e9e	1	74808303	99296505	15824	0.2483
7ae59829-3d0f-44df-819b-0b9bf21a2e9e	1	99297103	99601547	217	0.6983
7ae59829-3d0f-44df-819b-0b9bf21a2e9e	1	99602026	103589737	2467	0.2522
7ae59829-3d0f-44df-819b-0b9bf21a2e9e	1	103613021	103761017	18	0.8772
7ae59829-3d0f-44df-819b-0b9bf21a2e9e	1	103764621	105079911	696	0.2761
7ae59829-3d0f-44df-819b-0b9bf21a2e9e	1	105080318	105080931	2	2.6384
7ae59829-3d0f-44df-819b-0b9bf21a2e9e	1	105084196	121443040	9946	0.2472
7ae59829-3d0f-44df-819b-0b9bf21a2e9e	1	121443163	121450637	5	1.7242
7ae59829-3d0f-44df-819b-0b9bf21a2e9e	1	121451744	143494500	65	0.3738
7ae59829-3d0f-44df-819b-0b9bf21a2e9e	1	143541857	144932423	142	-0.3505
7ae59829-3d0f-44df-819b-0b9bf21a2e9e	1	145642976	166393414	11630	0.245
7ae59829-3d0f-44df-819b-0b9bf21a2e9e	1	166397630	170029059	2776	-0.4427
7ae59829-3d0f-44df-819b-0b9bf21a2e9e	1	170029178	170083396	26	-1.8909
7ae59829-3d0f-44df-819b-0b9bf21a2e9e	1	170085837	174828195	2912	-0.4289
7ae59829-3d0f-44df-819b-0b9bf21a2e9e	1	174828247	174832716	10	0.776
7ae59829-3d0f-44df-819b-0b9bf21a2e9e	1	174832734	185615168	7316	-0.4422
7ae59829-3d0f-44df-819b-0b9bf21a2e9e	1	185616312	193186662	4918	-0.1372
7ae59829-3d0f-44df-819b-0b9bf21a2e9e	1	193187149	193187218	4	1.5251
7ae59829-3d0f-44df-819b-0b9bf21a2e9e	1	193190593	196769493	2400	-0.1479
7ae59829-3d0f-44df-819b-0b9bf21a2e9e	1	196769506	196859649	64	0.6455
7ae59829-3d0f-44df-819b-0b9bf21a2e9e	1	196859672	196977739	76	0.0429
7ae59829-3d0f-44df-819b-0b9bf21a2e9e	1	196977900	216315510	13047	-0.156
7ae59829-3d0f-44df-819b-0b9bf21a2e9e	1	216316585	221448515	3652	-0.0718
7ae59829-3d0f-44df-819b-0b9bf21a2e9e	1	221450313	222193326	590	0.1966
7ae59829-3d0f-44df-819b-0b9bf21a2e9e	1	222201492	222203662	2	-2.4542
7ae59829-3d0f-44df-819b-0b9bf21a2e9e	1	222208792	230699008	5248	0.208
7ae59829-3d0f-44df-819b-0b9bf21a2e9e	1	230700716	230831699	126	-0.1092
7ae59829-3d0f-44df-819b-0b9bf21a2e9e	1	230831814	231794210	586	0.2215
7ae59829-3d0f-44df-819b-0b9bf21a2e9e	1	231800457	231801734	2	2.0345
7ae59829-3d0f-44df-819b-0b9bf21a2e9e	1	231802753	234936222	2632	0.2091
7ae59829-3d0f-44df-819b-0b9bf21a2e9e	1	234936751	235645344	343	0.4726
7ae59829-3d0f-44df-819b-0b9bf21a2e9e	1	235645870	247775109	8844	0.1927
7ae59829-3d0f-44df-819b-0b9bf21a2e9e	1	247775446	247775555	2	2.9617
7ae59829-3d0f-44df-819b-0b9bf21a2e9e	1	247775696	248930189	626	0.278
7ae59829-3d0f-44df-819b-0b9bf21a2e9e	2	12784	4485936	3279	-0.1254
7ae59829-3d0f-44df-819b-0b9bf21a2e9e	2	4491392	5153489	529	0.4557
7ae59829-3d0f-44df-819b-0b9bf21a2e9e	2	5155500	7499242	2112	-0.1356
7ae59829-3d0f-44df-819b-0b9bf21a2e9e	2	7502934	7506841	2	3.3992
7ae59829-3d0f-44df-819b-0b9bf21a2e9e	2	7506876	17353504	7179	-0.1177
7ae59829-3d0f-44df-819b-0b9bf21a2e9e	2	17354261	26127324	5685	0.4261
7ae59829-3d0f-44df-819b-0b9bf21a2e9e	2	26128191	26162980	24	-0.1682
7ae59829-3d0f-44df-819b-0b9bf21a2e9e	2	26166232	30681651	2771	0.427
7ae59829-3d0f-44df-819b-0b9bf21a2e9e	2	30683070	32437519	1007	0.8749
7ae59829-3d0f-44df-819b-0b9bf21a2e9e	2	32438863	32560316	68	1.1856
7ae59829-3d0f-44df-819b-0b9bf21a2e9e	2	32562533	35750907	2343	0.8399
7ae59829-3d0f-44df-819b-0b9bf21a2e9e	2	35752724	35762850	6	2.0766
7ae59829-3d0f-44df-819b-0b9bf21a2e9e	2	35762881	51859091	11713	0.8123
7ae59829-3d0f-44df-819b-0b9bf21a2e9e	2	51859281	52514599	414	0.456
7ae59829-3d0f-44df-819b-0b9bf21a2e9e	2	52516787	52554384	40	1.174
7ae59829-3d0f-44df-819b-0b9bf21a2e9e	2	52554404	54346352	1343	0.4428
7ae59829-3d0f-44df-819b-0b9bf21a2e9e	2	54347005	54484388	138	0.01
7ae59829-3d0f-44df-819b-0b9bf21a2e9e	2	54487225	97359885	22362	0.4534
7ae59829-3d0f-44df-819b-0b9bf21a2e9e	2	97524284	97545726	9	-0.7801
7ae59829-3d0f-44df-819b-0b9bf21a2e9e	2	97550415	99524283	1013	0.4604
7ae59829-3d0f-44df-819b-0b9bf21a2e9e	2	99524887	127094445	16923	0.2279
7ae59829-3d0f-44df-819b-0b9bf21a2e9e	2	127099470	127100187	2	3.7757
7ae59829-3d0f-44df-819b-0b9bf21a2e9e	2	127100370	127650845	322	0.238
7ae59829-3d0f-44df-819b-0b9bf21a2e9e	2	127663092	128295922	315	0.5779
7ae59829-3d0f-44df-819b-0b9bf21a2e9e	2	128297452	128303096	5	-0.0488
7ae59829-3d0f-44df-819b-0b9bf21a2e9e	2	128307912	128314200	5	-1.1078
7ae59829-3d0f-44df-819b-0b9bf21a2e9e	2	128325375	135210751	4065	0.2211
7ae59829-3d0f-44df-819b-0b9bf21a2e9e	2	135212055	146106875	6747	0.4565
7ae59829-3d0f-44df-819b-0b9bf21a2e9e	2	146106889	146109366	21	1.3041
7ae59829-3d0f-44df-819b-0b9bf21a2e9e	2	146120238	147110401	493	0.4527
7ae59829-3d0f-44df-819b-0b9bf21a2e9e	2	147110777	151081604	2425	0.2235
7ae59829-3d0f-44df-819b-0b9bf21a2e9e	2	151083315	151097652	20	-0.4152
7ae59829-3d0f-44df-819b-0b9bf21a2e9e	2	151097950	159226379	4949	0.2359
7ae59829-3d0f-44df-819b-0b9bf21a2e9e	2	159227573	184451949	15803	-0.0616
7ae59829-3d0f-44df-819b-0b9bf21a2e9e	2	184452153	184453319	2	2.34
7ae59829-3d0f-44df-819b-0b9bf21a2e9e	2	184453824	200347805	8933	-0.0468
7ae59829-3d0f-44df-819b-0b9bf21a2e9e	2	200348068	200561425	164	-0.2363
7ae59829-3d0f-44df-819b-0b9bf21a2e9e	2	200561880	202437923	1018	-0.0552
7ae59829-3d0f-44df-819b-0b9bf21a2e9e	2	202438012	202448915	29	0.3767
7ae59829-3d0f-44df-819b-0b9bf21a2e9e	2	202450169	204479550	1074	-0.0498
7ae59829-3d0f-44df-819b-0b9bf21a2e9e	2	204479607	204479677	2	2.0216
7ae59829-3d0f-44df-819b-0b9bf21a2e9e	2	204479694	207490614	2052	-0.0589
7ae59829-3d0f-44df-819b-0b9bf21a2e9e	2	207490972	207491198	4	0.9357
7ae59829-3d0f-44df-819b-0b9bf21a2e9e	2	207491271	207942936	250	-0.0932
7ae59829-3d0f-44df-819b-0b9bf21a2e9e	2	207944845	228394089	13323	-0.4698
7ae59829-3d0f-44df-819b-0b9bf21a2e9e	2	228397576	228399698	2	2.2436
7ae59829-3d0f-44df-819b-0b9bf21a2e9e	2	228401658	241841244	8360	-0.4686
7ae59829-3d0f-44df-819b-0b9bf21a2e9e	2	241973315	242084107	95	-2.515
7ae59829-3d0f-44df-819b-0b9bf21a2e9e	2	242087337	242147305	29	-0.458
7ae59829-3d0f-44df-819b-0b9bf21a2e9e	3	20930	6610904	5835	1.1673
7ae59829-3d0f-44df-819b-0b9bf21a2e9e	3	6610989	6613561	9	1.9926
7ae59829-3d0f-44df-819b-0b9bf21a2e9e	3	6613684	8356773	1528	1.1882
7ae59829-3d0f-44df-819b-0b9bf21a2e9e	3	8362053	12196457	2738	0.9295
7ae59829-3d0f-44df-819b-0b9bf21a2e9e	3	12196577	32641514	14200	0.4342
7ae59829-3d0f-44df-819b-0b9bf21a2e9e	3	32644927	35383790	1520	-0.0865
7ae59829-3d0f-44df-819b-0b9bf21a2e9e	3	35390068	35390344	2	-1.5833
7ae59829-3d0f-44df-819b-0b9bf21a2e9e	3	35390713	35555897	120	-0.1355
7ae59829-3d0f-44df-819b-0b9bf21a2e9e	3	35560835	36099380	421	0.235
7ae59829-3d0f-44df-819b-0b9bf21a2e9e	3	36100114	38705297	1764	-0.0954
7ae59829-3d0f-44df-819b-0b9bf21a2e9e	3	38705786	49456370	6108	0.1909
7ae59829-3d0f-44df-819b-0b9bf21a2e9e	3	49461002	50382043	339	0.4219
7ae59829-3d0f-44df-819b-0b9bf21a2e9e	3	50385307	52989195	1134	0.2014
7ae59829-3d0f-44df-819b-0b9bf21a2e9e	3	52994359	53004832	33	0.5947
7ae59829-3d0f-44df-819b-0b9bf21a2e9e	3	53004886	66466676	10482	0.1913
7ae59829-3d0f-44df-819b-0b9bf21a2e9e	3	66467165	66474969	11	-0.4728
7ae59829-3d0f-44df-819b-0b9bf21a2e9e	3	66475539	68697013	1542	0.4105
7ae59829-3d0f-44df-819b-0b9bf21a2e9e	3	68697108	68701190	29	0.8174
7ae59829-3d0f-44df-819b-0b9bf21a2e9e	3	68703066	75519398	4915	0.4194
7ae59829-3d0f-44df-819b-0b9bf21a2e9e	3	75523398	75537654	5	-2.3417
7ae59829-3d0f-44df-819b-0b9bf21a2e9e	3	75546030	97655693	10069	0.4537
7ae59829-3d0f-44df-819b-0b9bf21a2e9e	3	97658366	97658695	3	-0.9472
7ae59829-3d0f-44df-819b-0b9bf21a2e9e	3	97659122	98190281	311	0.4507
7ae59829-3d0f-44df-819b-0b9bf21a2e9e	3	98194581	98195973	2	1.9254
7ae59829-3d0f-44df-819b-0b9bf21a2e9e	3	98197104	98688460	293	0.431
7ae59829-3d0f-44df-819b-0b9bf21a2e9e	3	98688470	98688542	2	-0.8941
7ae59829-3d0f-44df-819b-0b9bf21a2e9e	3	98688556	99225788	304	0.4355
7ae59829-3d0f-44df-819b-0b9bf21a2e9e	3	99225919	99230470	30	0.9327
7ae59829-3d0f-44df-819b-0b9bf21a2e9e	3	99230577	100674478	784	0.3985
7ae59829-3d0f-44df-819b-0b9bf21a2e9e	3	100676939	100681671	3	1.6853
7ae59829-3d0f-44df-819b-0b9bf21a2e9e	3	100683454	112182180	7022	0.4317
7ae59829-3d0f-44df-819b-0b9bf21a2e9e	3	112188491	128680378	10275	0.1885
7ae59829-3d0f-44df-819b-0b9bf21a2e9e	3	128686328	128693488	7	1.0545
7ae59829-3d0f-44df-819b-0b9bf21a2e9e	3	128695318	128932352	142	0.2233
7ae59829-3d0f-44df-819b-0b9bf21a2e9e	3	128933071	128936203	3	1.3423
7ae59829-3d0f-44df-819b-0b9bf21a2e9e	3	128936922	130044016	475	0.1847
7ae59829-3d0f-44df-819b-0b9bf21a2e9e	3	130044855	130087393	38	1.0067
7ae59829-3d0f-44df-819b-0b9bf21a2e9e	3	130088081	131987773	1166	0.1744
7ae59829-3d0f-44df-819b-0b9bf21a2e9e	3	131987852	131996155	4	1.3204
7ae59829-3d0f-44df-819b-0b9bf21a2e9e	3	131999130	132273893	268	0.1637
7ae59829-3d0f-44df-819b-0b9bf21a2e9e	3	132273929	132276840	3	-1.5512
7ae59829-3d0f-44df-819b-0b9bf21a2e9e	3	132281633	139621184	4291	0.2006
7ae59829-3d0f-44df-819b-0b9bf21a2e9e	3	139623274	139707180	62	-0.1168
7ae59829-3d0f-44df-819b-0b9bf21a2e9e	3	139713769	145964043	4151	0.1865
7ae59829-3d0f-44df-819b-0b9bf21a2e9e	3	145969518	162822702	10340	0.6481
7ae59829-3d0f-44df-819b-0b9bf21a2e9e	3	162827928	162910891	53	1.0224
7ae59829-3d0f-44df-819b-0b9bf21a2e9e	3	162911011	164570606	957	0.6719
7ae59829-3d0f-44df-819b-0b9bf21a2e9e	3	164577821	164585624	5	-1.201
7ae59829-3d0f-44df-819b-0b9bf21a2e9e	3	164589334	168956224	2435	0.6778
7ae59829-3d0f-44df-819b-0b9bf21a2e9e	3	168959680	168968860	3	-1.3715
7ae59829-3d0f-44df-819b-0b9bf21a2e9e	3	168968888	169012392	37	0.6912
7ae59829-3d0f-44df-819b-0b9bf21a2e9e	3	169015614	169020840	2	2.7742
7ae59829-3d0f-44df-819b-0b9bf21a2e9e	3	169022039	175840212	4533	0.6672
7ae59829-3d0f-44df-819b-0b9bf21a2e9e	3	175841641	192302266	10574	-0.0668
7ae59829-3d0f-44df-819b-0b9bf21a2e9e	3	192302511	193156018	609	0.4824
7ae59829-3d0f-44df-819b-0b9bf21a2e9e	3	193156958	193168646	22	1.4633
7ae59829-3d0f-44df-819b-0b9bf21a2e9e	3	193168669	193290254	81	0.506
7ae59829-3d0f-44df-819b-0b9bf21a2e9e	3	193290686	195673928	1404	0.8529
7ae59829-3d0f-44df-819b-0b9bf21a2e9e	3	195683075	195735445	33	-0.0202
7ae59829-3d0f-44df-819b-0b9bf21a2e9e	3	195737223	198169247	1174	0.8832
7ae59829-3d0f-44df-819b-0b9bf21a2e9e	4	68929	4474189	1871	-0.4772
7ae59829-3d0f-44df-819b-0b9bf21a2e9e	4	4476180	4478417	3	-2.7259
7ae59829-3d0f-44df-819b-0b9bf21a2e9e	4	4482200	5309029	648	-0.4674
7ae59829-3d0f-44df-819b-0b9bf21a2e9e	4	5313707	5319207	4	-3.3503
7ae59829-3d0f-44df-819b-0b9bf21a2e9e	4	5321568	10212536	3167	-0.4656
7ae59829-3d0f-44df-819b-0b9bf21a2e9e	4	10221792	10232984	31	0.7674
7ae59829-3d0f-44df-819b-0b9bf21a2e9e	4	10233383	10390730	176	-0.4655
7ae59829-3d0f-44df-819b-0b9bf21a2e9e	4	10391530	10399044	15	-1.2148
7ae59829-3d0f-44df-819b-0b9bf21a2e9e	4	10401094	19685786	6915	-0.4604
7ae59829-3d0f-44df-819b-0b9bf21a2e9e	4	19686470	20043642	172	-2.1703
7ae59829-3d0f-44df-819b-0b9bf21a2e9e	4	20051392	20245935	121	-0.4916
7ae59829-3d0f-44df-819b-0b9bf21a2e9e	4	20249494	20266292	17	-2.1561
7ae59829-3d0f-44df-819b-0b9bf21a2e9e	4	20271112	20554097	164	-0.4776
7ae59829-3d0f-44df-819b-0b9bf21a2e9e	4	20555088	20566943	41	0.0109
7ae59829-3d0f-44df-819b-0b9bf21a2e9e	4	20567066	30716313	6945	-0.4539
7ae59829-3d0f-44df-819b-0b9bf21a2e9e	4	30733344	31023234	161	-2.179
7ae59829-3d0f-44df-819b-0b9bf21a2e9e	4	31025841	34301508	1896	-0.4589
7ae59829-3d0f-44df-819b-0b9bf21a2e9e	4	34302285	34306401	3	-1.9998
7ae59829-3d0f-44df-819b-0b9bf21a2e9e	4	34311679	34764149	321	-0.4572
7ae59829-3d0f-44df-819b-0b9bf21a2e9e	4	34768684	34828382	52	0.0787
7ae59829-3d0f-44df-819b-0b9bf21a2e9e	4	34830196	48074707	8301	-0.4711
7ae59829-3d0f-44df-819b-0b9bf21a2e9e	4	48075312	48362259	347	-0.2931
7ae59829-3d0f-44df-819b-0b9bf21a2e9e	4	48370906	49159741	305	-0.431
7ae59829-3d0f-44df-819b-0b9bf21a2e9e	4	49203901	51819827	26	0.2236
7ae59829-3d0f-44df-819b-0b9bf21a2e9e	4	51819878	63842036	7579	-0.4559
7ae59829-3d0f-44df-819b-0b9bf21a2e9e	4	63842099	63842540	5	-2.0498
7ae59829-3d0f-44df-819b-0b9bf21a2e9e	4	63850713	65937166	1391	-0.4514
7ae59829-3d0f-44df-819b-0b9bf21a2e9e	4	65939351	65939363	2	-2.518
7ae59829-3d0f-44df-819b-0b9bf21a2e9e	4	65939781	68494770	1475	-0.4701
7ae59829-3d0f-44df-819b-0b9bf21a2e9e	4	68501424	68663241	72	0.0444
7ae59829-3d0f-44df-819b-0b9bf21a2e9e	4	68671434	69262694	313	-0.5104
7ae59829-3d0f-44df-819b-0b9bf21a2e9e	4	69265102	69362906	47	0.0042
7ae59829-3d0f-44df-819b-0b9bf21a2e9e	4	69362938	75399943	3658	-0.4425
7ae59829-3d0f-44df-819b-0b9bf21a2e9e	4	75410927	75442435	23	-2.2911
7ae59829-3d0f-44df-819b-0b9bf21a2e9e	4	75449638	96795345	13248	-0.4564
7ae59829-3d0f-44df-819b-0b9bf21a2e9e	4	96799686	96859699	42	-2.0264
7ae59829-3d0f-44df-819b-0b9bf21a2e9e	4	96875499	103824414	4029	-0.4594
7ae59829-3d0f-44df-819b-0b9bf21a2e9e	4	103830473	103832444	8	1.3596
7ae59829-3d0f-44df-819b-0b9bf21a2e9e	4	103832580	107145228	1859	-0.4604
7ae59829-3d0f-44df-819b-0b9bf21a2e9e	4	107145578	107155225	28	0.1401
7ae59829-3d0f-44df-819b-0b9bf21a2e9e	4	107155362	111385895	2558	-0.457
7ae59829-3d0f-44df-819b-0b9bf21a2e9e	4	111385910	111385924	2	2.1508
7ae59829-3d0f-44df-819b-0b9bf21a2e9e	4	111386201	114252544	1844	-0.4677
7ae59829-3d0f-44df-819b-0b9bf21a2e9e	4	114254167	114263154	27	0.3194
7ae59829-3d0f-44df-819b-0b9bf21a2e9e	4	114263166	124389774	5990	-0.4537
7ae59829-3d0f-44df-819b-0b9bf21a2e9e	4	124396117	124397134	2	-2.9136
7ae59829-3d0f-44df-819b-0b9bf21a2e9e	4	124397143	139676887	8971	-0.4622
7ae59829-3d0f-44df-819b-0b9bf21a2e9e	4	139677176	139679283	5	-1.9586
7ae59829-3d0f-44df-819b-0b9bf21a2e9e	4	139680637	154881396	9037	-0.4804
7ae59829-3d0f-44df-819b-0b9bf21a2e9e	4	154881853	154881926	3	-2.2357
7ae59829-3d0f-44df-819b-0b9bf21a2e9e	4	154882047	159225684	2755	-0.4602
7ae59829-3d0f-44df-819b-0b9bf21a2e9e	4	159226007	160388687	746	0.217
7ae59829-3d0f-44df-819b-0b9bf21a2e9e	4	160389225	160389270	2	-3.9779
7ae59829-3d0f-44df-819b-0b9bf21a2e9e	4	160389996	170311192	6393	0.2156
7ae59829-3d0f-44df-819b-0b9bf21a2e9e	4	170316812	172066777	1114	-0.465
7ae59829-3d0f-44df-819b-0b9bf21a2e9e	4	172067997	172079670	16	0.7624
7ae59829-3d0f-44df-819b-0b9bf21a2e9e	4	172080680	190106768	12062	-0.4893
7ae59829-3d0f-44df-819b-0b9bf21a2e9e	5	15532	12785150	10190	0.946
7ae59829-3d0f-44df-819b-0b9bf21a2e9e	5	12790757	12819201	7	1.5374
7ae59829-3d0f-44df-819b-0b9bf21a2e9e	5	12819263	12819964	6	-1.286
7ae59829-3d0f-44df-819b-0b9bf21a2e9e	5	12824299	15331291	1748	0.9696
7ae59829-3d0f-44df-819b-0b9bf21a2e9e	5	15332460	15333229	8	0.2227
7ae59829-3d0f-44df-819b-0b9bf21a2e9e	5	15333744	15714247	218	0.9623
7ae59829-3d0f-44df-819b-0b9bf21a2e9e	5	15716018	15720488	13	-0.1701
7ae59829-3d0f-44df-819b-0b9bf21a2e9e	5	15723237	16843053	777	0.9569
7ae59829-3d0f-44df-819b-0b9bf21a2e9e	5	16846727	16980083	87	1.4258
7ae59829-3d0f-44df-819b-0b9bf21a2e9e	5	16991802	21449167	2660	0.9929
7ae59829-3d0f-44df-819b-0b9bf21a2e9e	5	21451091	21468257	8	1.9125
7ae59829-3d0f-44df-819b-0b9bf21a2e9e	5	21516085	24418851	1652	0.9813
7ae59829-3d0f-44df-819b-0b9bf21a2e9e	5	24426360	24703235	192	1.3506
7ae59829-3d0f-44df-819b-0b9bf21a2e9e	5	24705176	25285971	364	0.9991
7ae59829-3d0f-44df-819b-0b9bf21a2e9e	5	25288080	25296370	6	-0.4263
7ae59829-3d0f-44df-819b-0b9bf21a2e9e	5	25296848	34259309	5717	0.9797
7ae59829-3d0f-44df-819b-0b9bf21a2e9e	5	34264242	34266449	4	-0.1785
7ae59829-3d0f-44df-819b-0b9bf21a2e9e	5	34266472	35826961	1015	0.9607
7ae59829-3d0f-44df-819b-0b9bf21a2e9e	5	35827544	46251204	6003	0.432
7ae59829-3d0f-44df-819b-0b9bf21a2e9e	5	46270906	46273400	8	-2.0926
7ae59829-3d0f-44df-819b-0b9bf21a2e9e	5	46278110	56704954	4213	0.4252
7ae59829-3d0f-44df-819b-0b9bf21a2e9e	5	56705536	58025819	858	0.1863
7ae59829-3d0f-44df-819b-0b9bf21a2e9e	5	58030200	58037706	32	1.7613
7ae59829-3d0f-44df-819b-0b9bf21a2e9e	5	58042530	69550476	7295	0.1701
7ae59829-3d0f-44df-819b-0b9bf21a2e9e	5	69571467	71011717	22	0.6954
7ae59829-3d0f-44df-819b-0b9bf21a2e9e	5	71053366	72820167	898	0.155
7ae59829-3d0f-44df-819b-0b9bf21a2e9e	5	72827083	76154195	2216	-1.0148
7ae59829-3d0f-44df-819b-0b9bf21a2e9e	5	76154242	76154319	3	1.6421
7ae59829-3d0f-44df-819b-0b9bf21a2e9e	5	76154351	90706779	8474	-1.016
7ae59829-3d0f-44df-819b-0b9bf21a2e9e	5	90706923	95900711	2819	-0.46
7ae59829-3d0f-44df-819b-0b9bf21a2e9e	5	95900763	95901481	2	-2.4715
7ae59829-3d0f-44df-819b-0b9bf21a2e9e	5	95905161	96825407	575	-0.4874
7ae59829-3d0f-44df-819b-0b9bf21a2e9e	5	96829297	96976882	80	-0.3894
7ae59829-3d0f-44df-819b-0b9bf21a2e9e	5	96983957	104515520	4378	0.4331
7ae59829-3d0f-44df-819b-0b9bf21a2e9e	5	104524672	104524903	4	2.0964
7ae59829-3d0f-44df-819b-0b9bf21a2e9e	5	104525348	105093203	444	0.4492
7ae59829-3d0f-44df-819b-0b9bf21a2e9e	5	105097721	105162694	45	-0.6838
7ae59829-3d0f-44df-819b-0b9bf21a2e9e	5	105167266	128392678	15591	0.4078
7ae59829-3d0f-44df-819b-0b9bf21a2e9e	5	128395517	172105593	28530	-0.2167
7ae59829-3d0f-44df-819b-0b9bf21a2e9e	5	172105883	172106778	2	2.5213
7ae59829-3d0f-44df-819b-0b9bf21a2e9e	5	172109669	180951888	5422	-0.2181
7ae59829-3d0f-44df-819b-0b9bf21a2e9e	5	180953203	180987465	12	0.6727
7ae59829-3d0f-44df-819b-0b9bf21a2e9e	5	180990207	181363319	175	-0.1812
7ae59829-3d0f-44df-819b-0b9bf21a2e9e	6	149661	1597992	1308	-0.0947
7ae59829-3d0f-44df-819b-0b9bf21a2e9e	6	1608396	6997432	4464	0.4576
7ae59829-3d0f-44df-819b-0b9bf21a2e9e	6	6997634	9548113	1856	0.2559
7ae59829-3d0f-44df-819b-0b9bf21a2e9e	6	9552630	15425085	4374	-0.4433
7ae59829-3d0f-44df-819b-0b9bf21a2e9e	6	15425576	15426411	2	-2.7022
7ae59829-3d0f-44df-819b-0b9bf21a2e9e	6	15427579	18339563	2166	-0.4375
7ae59829-3d0f-44df-819b-0b9bf21a2e9e	6	18339702	18340067	4	0.872
7ae59829-3d0f-44df-819b-0b9bf21a2e9e	6	18341903	19039888	585	-0.4179
7ae59829-3d0f-44df-819b-0b9bf21a2e9e	6	19041950	19042587	3	-3.7111
7ae59829-3d0f-44df-819b-0b9bf21a2e9e	6	19044471	26102284	5081	-0.4197
7ae59829-3d0f-44df-819b-0b9bf21a2e9e	6	26106009	26197579	58	-1.0755
7ae59829-3d0f-44df-819b-0b9bf21a2e9e	6	26197818	39971034	7570	-0.4155
7ae59829-3d0f-44df-819b-0b9bf21a2e9e	6	39971938	39993312	22	0.4894
7ae59829-3d0f-44df-819b-0b9bf21a2e9e	6	39994461	40087395	48	0.737
7ae59829-3d0f-44df-819b-0b9bf21a2e9e	6	40087917	44788663	3005	1.1974
7ae59829-3d0f-44df-819b-0b9bf21a2e9e	6	44797798	45045074	165	0.7309
7ae59829-3d0f-44df-819b-0b9bf21a2e9e	6	45051606	48062009	2040	0.2789
7ae59829-3d0f-44df-819b-0b9bf21a2e9e	6	48063332	48140401	41	-0.4455
7ae59829-3d0f-44df-819b-0b9bf21a2e9e	6	48152956	52797873	2820	0.2507
7ae59829-3d0f-44df-819b-0b9bf21a2e9e	6	52797896	52799684	2	2.2151
7ae59829-3d0f-44df-819b-0b9bf21a2e9e	6	52800741	54066269	943	0.242
7ae59829-3d0f-44df-819b-0b9bf21a2e9e	6	54066286	54070550	9	1.4685
7ae59829-3d0f-44df-819b-0b9bf21a2e9e	6	54070617	58129870	2091	0.2655
7ae59829-3d0f-44df-819b-0b9bf21a2e9e	6	58130097	58147722	10	0.9136
7ae59829-3d0f-44df-819b-0b9bf21a2e9e	6	58153414	58414586	113	0.3019
7ae59829-3d0f-44df-819b-0b9bf21a2e9e	6	58416164	61195329	276	-0.0365
7ae59829-3d0f-44df-819b-0b9bf21a2e9e	6	61195461	61197150	2	1.9012
7ae59829-3d0f-44df-819b-0b9bf21a2e9e	6	61197186	64130256	1450	-0.0325
7ae59829-3d0f-44df-819b-0b9bf21a2e9e	6	64136647	64221067	50	0.3229
7ae59829-3d0f-44df-819b-0b9bf21a2e9e	6	64223225	64287914	38	-0.4734
7ae59829-3d0f-44df-819b-0b9bf21a2e9e	6	64293557	64640920	198	0.2439
7ae59829-3d0f-44df-819b-0b9bf21a2e9e	6	64642128	96840605	20624	-0.0575
7ae59829-3d0f-44df-819b-0b9bf21a2e9e	6	96840788	96881751	20	0.2683
7ae59829-3d0f-44df-819b-0b9bf21a2e9e	6	96881812	103303689	3901	0.4813
7ae59829-3d0f-44df-819b-0b9bf21a2e9e	6	103304002	103314186	26	-0.3575
7ae59829-3d0f-44df-819b-0b9bf21a2e9e	6	103317795	110677643	4644	0.4652
7ae59829-3d0f-44df-819b-0b9bf21a2e9e	6	110681822	123913061	7854	0.2049
7ae59829-3d0f-44df-819b-0b9bf21a2e9e	6	123913214	123915173	7	-2.3806
7ae59829-3d0f-44df-819b-0b9bf21a2e9e	6	123915590	129826116	3765	0.2307
7ae59829-3d0f-44df-819b-0b9bf21a2e9e	6	129826451	129828851	5	-0.9127
7ae59829-3d0f-44df-819b-0b9bf21a2e9e	6	129831151	133945130	2800	0.2269
7ae59829-3d0f-44df-819b-0b9bf21a2e9e	6	133947933	133948494	2	-1.3935
7ae59829-3d0f-44df-819b-0b9bf21a2e9e	6	133950934	139107644	3589	0.2197
7ae59829-3d0f-44df-819b-0b9bf21a2e9e	6	139108869	139155611	24	-0.5434
7ae59829-3d0f-44df-819b-0b9bf21a2e9e	6	139155688	141955748	1511	0.2369
7ae59829-3d0f-44df-819b-0b9bf21a2e9e	6	141957359	141992058	12	0.887
7ae59829-3d0f-44df-819b-0b9bf21a2e9e	6	141992076	154603684	8760	0.2102
7ae59829-3d0f-44df-819b-0b9bf21a2e9e	6	154604188	154606749	2	-2.5699
7ae59829-3d0f-44df-819b-0b9bf21a2e9e	6	154607141	166952085	8932	0.1858
7ae59829-3d0f-44df-819b-0b9bf21a2e9e	6	166958278	170741917	2254	-0.16
7ae59829-3d0f-44df-819b-0b9bf21a2e9e	7	43355	7304512	3730	-0.0664
7ae59829-3d0f-44df-819b-0b9bf21a2e9e	7	7304769	7689810	363	0.2377
7ae59829-3d0f-44df-819b-0b9bf21a2e9e	7	7694473	19007909	9212	-0.0771
7ae59829-3d0f-44df-819b-0b9bf21a2e9e	7	19011487	19020152	11	-1.2691
7ae59829-3d0f-44df-819b-0b9bf21a2e9e	7	19020167	19130091	174	0.0144
7ae59829-3d0f-44df-819b-0b9bf21a2e9e	7	19130273	19184988	101	0.3275
7ae59829-3d0f-44df-819b-0b9bf21a2e9e	7	19185191	20420483	940	-0.0723
7ae59829-3d0f-44df-819b-0b9bf21a2e9e	7	20425438	23995508	2598	0.4531
7ae59829-3d0f-44df-819b-0b9bf21a2e9e	7	24000259	24000764	2	2.9739
7ae59829-3d0f-44df-819b-0b9bf21a2e9e	7	24001198	27350824	2469	0.4348
7ae59829-3d0f-44df-819b-0b9bf21a2e9e	7	27352684	28978977	1233	0.2084
7ae59829-3d0f-44df-819b-0b9bf21a2e9e	7	28982105	29073397	89	0.8296
7ae59829-3d0f-44df-819b-0b9bf21a2e9e	7	29073407	29648549	516	0.1986
7ae59829-3d0f-44df-819b-0b9bf21a2e9e	7	29650069	29677069	19	-0.5775
7ae59829-3d0f-44df-819b-0b9bf21a2e9e	7	29680151	30676420	604	0.1915
7ae59829-3d0f-44df-819b-0b9bf21a2e9e	7	30677027	30746854	56	0.8274
7ae59829-3d0f-44df-819b-0b9bf21a2e9e	7	30749750	39037797	5902	0.1909
7ae59829-3d0f-44df-819b-0b9bf21a2e9e	7	39037805	39039873	2	-2.362
7ae59829-3d0f-44df-819b-0b9bf21a2e9e	7	39040000	39531150	343	0.1535
7ae59829-3d0f-44df-819b-0b9bf21a2e9e	7	39531248	44776251	3231	0.6489
7ae59829-3d0f-44df-819b-0b9bf21a2e9e	7	44782138	51111486	4512	0.2118
7ae59829-3d0f-44df-819b-0b9bf21a2e9e	7	51112649	51139724	18	0.1167
7ae59829-3d0f-44df-819b-0b9bf21a2e9e	7	51140431	54318812	2346	-0.491
7ae59829-3d0f-44df-819b-0b9bf21a2e9e	7	54318816	54318824	5	-2.6857
7ae59829-3d0f-44df-819b-0b9bf21a2e9e	7	54325795	62246376	2045	-0.482
7ae59829-3d0f-44df-819b-0b9bf21a2e9e	7	62246437	66266092	1383	-0.0734
7ae59829-3d0f-44df-819b-0b9bf21a2e9e	7	66267073	67172252	302	0.3989
7ae59829-3d0f-44df-819b-0b9bf21a2e9e	7	67176387	68355732	753	-0.0957
7ae59829-3d0f-44df-819b-0b9bf21a2e9e	7	68358531	68363154	7	-1.0128
7ae59829-3d0f-44df-819b-0b9bf21a2e9e	7	68363194	70955452	1631	-0.1392
7ae59829-3d0f-44df-819b-0b9bf21a2e9e	7	70958264	70961155	2	-1.9091
7ae59829-3d0f-44df-819b-0b9bf21a2e9e	7	70963257	74631330	1659	-0.1084
7ae59829-3d0f-44df-819b-0b9bf21a2e9e	7	74632591	76090306	339	0.1782
7ae59829-3d0f-44df-819b-0b9bf21a2e9e	7	76090958	87060579	6955	-0.0875
7ae59829-3d0f-44df-819b-0b9bf21a2e9e	7	87060817	91403690	2751	-0.1407
7ae59829-3d0f-44df-819b-0b9bf21a2e9e	7	91408560	91728554	236	-0.0702
7ae59829-3d0f-44df-819b-0b9bf21a2e9e	7	91728979	91729639	6	1.9903
7ae59829-3d0f-44df-819b-0b9bf21a2e9e	7	91729718	98309131	4025	-0.1091
7ae59829-3d0f-44df-819b-0b9bf21a2e9e	7	98311632	98324450	8	-1.1634
7ae59829-3d0f-44df-819b-0b9bf21a2e9e	7	98330719	128290909	17688	-0.1024
7ae59829-3d0f-44df-819b-0b9bf21a2e9e	7	128290926	128290941	2	2.5849
7ae59829-3d0f-44df-819b-0b9bf21a2e9e	7	128291027	134100424	3413	-0.1049
7ae59829-3d0f-44df-819b-0b9bf21a2e9e	7	134100442	134113805	33	0.4808
7ae59829-3d0f-44df-819b-0b9bf21a2e9e	7	134114093	134715941	479	-0.0887
7ae59829-3d0f-44df-819b-0b9bf21a2e9e	7	134719700	142069880	4718	0.1963
7ae59829-3d0f-44df-819b-0b9bf21a2e9e	7	142069891	142115295	42	-0.2603
7ae59829-3d0f-44df-819b-0b9bf21a2e9e	7	142116196	147488978	3202	0.1899
7ae59829-3d0f-44df-819b-0b9bf21a2e9e	7	147491205	147508360	37	-0.432
7ae59829-3d0f-44df-819b-0b9bf21a2e9e	7	147509021	149082526	1048	0.18
7ae59829-3d0f-44df-819b-0b9bf21a2e9e	7	149083796	150590089	756	0.4236
7ae59829-3d0f-44df-819b-0b9bf21a2e9e	7	150591743	150604481	6	-0.598
7ae59829-3d0f-44df-819b-0b9bf21a2e9e	7	150610834	153450553	1713	0.4219
7ae59829-3d0f-44df-819b-0b9bf21a2e9e	7	153450560	153450627	2	-2.3279
7ae59829-3d0f-44df-819b-0b9bf21a2e9e	7	153450630	154598185	850	0.4424
7ae59829-3d0f-44df-819b-0b9bf21a2e9e	7	154601461	154607903	4	1.8454
7ae59829-3d0f-44df-819b-0b9bf21a2e9e	7	154609120	155275120	679	0.4012
7ae59829-3d0f-44df-819b-0b9bf21a2e9e	7	155279149	155284030	5	1.2875
7ae59829-3d0f-44df-819b-0b9bf21a2e9e	7	155290368	155434928	82	0.4589
7ae59829-3d0f-44df-819b-0b9bf21a2e9e	7	155436467	155654423	140	0.8003
7ae59829-3d0f-44df-819b-0b9bf21a2e9e	7	155661845	158324903	1694	0.4305
7ae59829-3d0f-44df-819b-0b9bf21a2e9e	7	158335896	158339473	2	3.4356
7ae59829-3d0f-44df-819b-0b9bf21a2e9e	7	158344294	159324709	616	0.4223
7ae59829-3d0f-44df-819b-0b9bf21a2e9e	7	159324804	159334314	16	0.0939
7ae59829-3d0f-44df-819b-0b9bf21a2e9e	8	81254	5958604	6267	-0.4964
7ae59829-3d0f-44df-819b-0b9bf21a2e9e	8	5958953	5959147	2	2.1401
7ae59829-3d0f-44df-819b-0b9bf21a2e9e	8	5959573	7358321	1445	-0.5009
7ae59829-3d0f-44df-819b-0b9bf21a2e9e	8	7358351	7919608	39	-1.5722
7ae59829-3d0f-44df-819b-0b9bf21a2e9e	8	7930163	10502003	2069	-0.489
7ae59829-3d0f-44df-819b-0b9bf21a2e9e	8	10502124	10510652	5	-2.2938
7ae59829-3d0f-44df-819b-0b9bf21a2e9e	8	10511527	12092042	1159	-0.5052
7ae59829-3d0f-44df-819b-0b9bf21a2e9e	8	12130217	12176798	7	-2.6668
7ae59829-3d0f-44df-819b-0b9bf21a2e9e	8	12177488	21138571	7783	-0.4537
7ae59829-3d0f-44df-819b-0b9bf21a2e9e	8	21138903	21143457	9	-3.9672
7ae59829-3d0f-44df-819b-0b9bf21a2e9e	8	21147703	21154147	6	-1.2339
7ae59829-3d0f-44df-819b-0b9bf21a2e9e	8	21155125	25113035	2631	-0.4386
7ae59829-3d0f-44df-819b-0b9bf21a2e9e	8	25113490	25114672	5	-1.1618
7ae59829-3d0f-44df-819b-0b9bf21a2e9e	8	25116928	25116961	2	1.7195
7ae59829-3d0f-44df-819b-0b9bf21a2e9e	8	25117007	25122039	12	0.0226
7ae59829-3d0f-44df-819b-0b9bf21a2e9e	8	25122389	25122472	7	-1.593
7ae59829-3d0f-44df-819b-0b9bf21a2e9e	8	25126554	34183948	6191	-0.4485
7ae59829-3d0f-44df-819b-0b9bf21a2e9e	8	34184375	36148666	1088	0.2503
7ae59829-3d0f-44df-819b-0b9bf21a2e9e	8	36152736	36175045	11	-0.5467
7ae59829-3d0f-44df-819b-0b9bf21a2e9e	8	36175913	40914477	2859	0.2335
7ae59829-3d0f-44df-819b-0b9bf21a2e9e	8	40920333	40920952	2	-1.5596
7ae59829-3d0f-44df-819b-0b9bf21a2e9e	8	40926161	56571352	7686	0.252
7ae59829-3d0f-44df-819b-0b9bf21a2e9e	8	56571739	57202716	417	0.6959
7ae59829-3d0f-44df-819b-0b9bf21a2e9e	8	57203991	57430775	161	0.2429
7ae59829-3d0f-44df-819b-0b9bf21a2e9e	8	57431473	57431882	2	2.4623
7ae59829-3d0f-44df-819b-0b9bf21a2e9e	8	57434031	63936079	4303	0.2264
7ae59829-3d0f-44df-819b-0b9bf21a2e9e	8	63936340	63936953	7	1.3426
7ae59829-3d0f-44df-819b-0b9bf21a2e9e	8	63937166	71300130	4243	0.2424
7ae59829-3d0f-44df-819b-0b9bf21a2e9e	8	71303076	71307628	9	-0.9184
7ae59829-3d0f-44df-819b-0b9bf21a2e9e	8	71307892	72711920	990	0.2075
7ae59829-3d0f-44df-819b-0b9bf21a2e9e	8	72712030	72723237	23	0.6477
7ae59829-3d0f-44df-819b-0b9bf21a2e9e	8	72723452	75201954	1639	0.2369
7ae59829-3d0f-44df-819b-0b9bf21a2e9e	8	75212202	75303930	52	0.7407
7ae59829-3d0f-44df-819b-0b9bf21a2e9e	8	75305839	77675899	1394	0.2553
7ae59829-3d0f-44df-819b-0b9bf21a2e9e	8	77680268	87930526	5766	0.6847
7ae59829-3d0f-44df-819b-0b9bf21a2e9e	8	87936597	88024491	50	-0.5233
7ae59829-3d0f-44df-819b-0b9bf21a2e9e	8	88025657	96603787	5437	0.2257
7ae59829-3d0f-44df-819b-0b9bf21a2e9e	8	96609044	111279123	8739	0.6805
7ae59829-3d0f-44df-819b-0b9bf21a2e9e	8	111279265	111283016	10	-0.3833
7ae59829-3d0f-44df-819b-0b9bf21a2e9e	8	111283031	116504678	3005	0.7133
7ae59829-3d0f-44df-819b-0b9bf21a2e9e	8	116505459	120007927	2541	0.3067
7ae59829-3d0f-44df-819b-0b9bf21a2e9e	8	120011915	120402235	243	0.7788
7ae59829-3d0f-44df-819b-0b9bf21a2e9e	8	120404112	123666525	2187	0.2939
7ae59829-3d0f-44df-819b-0b9bf21a2e9e	8	123670265	125256588	1075	0.5078
7ae59829-3d0f-44df-819b-0b9bf21a2e9e	8	125261102	125535961	185	0.6648
7ae59829-3d0f-44df-819b-0b9bf21a2e9e	8	125538132	136665580	8514	0.8468
7ae59829-3d0f-44df-819b-0b9bf21a2e9e	8	136665653	136849952	175	-0.0558
7ae59829-3d0f-44df-819b-0b9bf21a2e9e	8	136850173	145072769	4998	0.874
7ae59829-3d0f-44df-819b-0b9bf21a2e9e	9	46587	4944089	5000	-0.9724
7ae59829-3d0f-44df-819b-0b9bf21a2e9e	9	4946776	5202830	304	-0.6594
7ae59829-3d0f-44df-819b-0b9bf21a2e9e	9	5203054	11695067	5621	-0.9524
7ae59829-3d0f-44df-819b-0b9bf21a2e9e	9	11695108	11695757	2	2.2496
7ae59829-3d0f-44df-819b-0b9bf21a2e9e	9	11695785	16457273	3861	-0.9491
7ae59829-3d0f-44df-819b-0b9bf21a2e9e	9	16457992	16458660	3	-4.9713
7ae59829-3d0f-44df-819b-0b9bf21a2e9e	9	16458843	22000771	4549	-0.9305
7ae59829-3d0f-44df-819b-0b9bf21a2e9e	9	22003137	23361807	914	-0.5776
7ae59829-3d0f-44df-819b-0b9bf21a2e9e	9	23363117	23367171	4	-3.0968
7ae59829-3d0f-44df-819b-0b9bf21a2e9e	9	23368027	25662123	1665	-0.5725
7ae59829-3d0f-44df-819b-0b9bf21a2e9e	9	25662418	40832327	9085	-0.1127
7ae59829-3d0f-44df-819b-0b9bf21a2e9e	9	40887290	41569588	62	-0.5773
7ae59829-3d0f-44df-819b-0b9bf21a2e9e	9	41569590	61369645	111	-0.1942
7ae59829-3d0f-44df-819b-0b9bf21a2e9e	9	61371448	61668104	37	0.6916
7ae59829-3d0f-44df-819b-0b9bf21a2e9e	9	61680289	72417522	3261	-0.1274
7ae59829-3d0f-44df-819b-0b9bf21a2e9e	9	72429675	73408509	600	0.1033
7ae59829-3d0f-44df-819b-0b9bf21a2e9e	9	73411750	73435411	15	-0.169
7ae59829-3d0f-44df-819b-0b9bf21a2e9e	9	73436139	84369414	7850	-0.2645
7ae59829-3d0f-44df-819b-0b9bf21a2e9e	9	84370055	115401956	22105	0.0643
7ae59829-3d0f-44df-819b-0b9bf21a2e9e	9	115403365	115420799	15	-0.9422
7ae59829-3d0f-44df-819b-0b9bf21a2e9e	9	115423343	126756340	8067	0.0446
7ae59829-3d0f-44df-819b-0b9bf21a2e9e	9	126760533	126760808	2	2.6692
7ae59829-3d0f-44df-819b-0b9bf21a2e9e	9	126760871	126904426	83	0.0872
7ae59829-3d0f-44df-819b-0b9bf21a2e9e	9	126906452	136830775	5537	-0.3088
7ae59829-3d0f-44df-819b-0b9bf21a2e9e	9	136862025	138200944	518	0.68
7ae59829-3d0f-44df-819b-0b9bf21a2e9e	10	45792	98163	24	0.3775
7ae59829-3d0f-44df-819b-0b9bf21a2e9e	10	98907	292613	113	0.7766
7ae59829-3d0f-44df-819b-0b9bf21a2e9e	10	298027	2439636	1706	0.2187
7ae59829-3d0f-44df-819b-0b9bf21a2e9e	10	2445063	2944894	535	0.085
7ae59829-3d0f-44df-819b-0b9bf21a2e9e	10	2945211	3026078	87	-0.2095
7ae59829-3d0f-44df-819b-0b9bf21a2e9e	10	3026294	4197915	1060	0.0448
7ae59829-3d0f-44df-819b-0b9bf21a2e9e	10	4198530	4199380	4	-1.7188
7ae59829-3d0f-44df-819b-0b9bf21a2e9e	10	4201806	8059964	3394	0.032
7ae59829-3d0f-44df-819b-0b9bf21a2e9e	10	8062245	21023298	10482	0.1038
7ae59829-3d0f-44df-819b-0b9bf21a2e9e	10	21025529	21047073	19	-0.4709
7ae59829-3d0f-44df-819b-0b9bf21a2e9e	10	21047793	21061119	14	-0.9393
7ae59829-3d0f-44df-819b-0b9bf21a2e9e	10	21061646	21102736	30	-0.4305
7ae59829-3d0f-44df-819b-0b9bf21a2e9e	10	21103739	28641265	4878	0.1259
7ae59829-3d0f-44df-819b-0b9bf21a2e9e	10	28641831	28659450	18	0.3567
7ae59829-3d0f-44df-819b-0b9bf21a2e9e	10	28661349	29006134	269	0.1635
7ae59829-3d0f-44df-819b-0b9bf21a2e9e	10	29008756	29216559	193	0.3089
7ae59829-3d0f-44df-819b-0b9bf21a2e9e	10	29217639	29418783	179	0.7364
7ae59829-3d0f-44df-819b-0b9bf21a2e9e	10	29420957	87353136	35893	0.1826
7ae59829-3d0f-44df-819b-0b9bf21a2e9e	10	87357543	88652989	916	-0.1457
7ae59829-3d0f-44df-819b-0b9bf21a2e9e	10	88653228	101526143	8154	0.1973
7ae59829-3d0f-44df-819b-0b9bf21a2e9e	10	101528508	101563809	19	0.786
7ae59829-3d0f-44df-819b-0b9bf21a2e9e	10	101571370	105845767	2478	0.1851
7ae59829-3d0f-44df-819b-0b9bf21a2e9e	10	105848606	105914888	61	-0.3771
7ae59829-3d0f-44df-819b-0b9bf21a2e9e	10	105914902	119750393	9770	0.193
7ae59829-3d0f-44df-819b-0b9bf21a2e9e	10	119753063	119865604	58	-0.4125
7ae59829-3d0f-44df-819b-0b9bf21a2e9e	10	119866260	120729034	726	0.2105
7ae59829-3d0f-44df-819b-0b9bf21a2e9e	10	120734625	120802872	87	-0.375
7ae59829-3d0f-44df-819b-0b9bf21a2e9e	10	120805751	133654968	9492	0.2311
7ae59829-3d0f-44df-819b-0b9bf21a2e9e	11	198510	3192122	1190	-0.4364
7ae59829-3d0f-44df-819b-0b9bf21a2e9e	11	3192928	3209239	6	-2.2177
7ae59829-3d0f-44df-819b-0b9bf21a2e9e	11	3209996	4949137	1224	-0.4414
7ae59829-3d0f-44df-819b-0b9bf21a2e9e	11	4950775	4952799	18	-2.0048
7ae59829-3d0f-44df-819b-0b9bf21a2e9e	11	4953934	25685885	15593	-0.4537
7ae59829-3d0f-44df-819b-0b9bf21a2e9e	11	25686094	25691455	7	1.072
7ae59829-3d0f-44df-819b-0b9bf21a2e9e	11	25691665	26191839	408	-0.4273
7ae59829-3d0f-44df-819b-0b9bf21a2e9e	11	26193101	27693532	1092	0.2278
7ae59829-3d0f-44df-819b-0b9bf21a2e9e	11	27694413	27774697	51	-0.4716
7ae59829-3d0f-44df-819b-0b9bf21a2e9e	11	27777566	34014727	3920	0.2254
7ae59829-3d0f-44df-819b-0b9bf21a2e9e	11	34017337	34059780	23	-0.5402
7ae59829-3d0f-44df-819b-0b9bf21a2e9e	11	34065645	61466979	14466	0.2264
7ae59829-3d0f-44df-819b-0b9bf21a2e9e	11	61469458	61504837	22	-0.5454
7ae59829-3d0f-44df-819b-0b9bf21a2e9e	11	61505093	74321728	6029	0.2449
7ae59829-3d0f-44df-819b-0b9bf21a2e9e	11	74322021	80255788	3711	-0.0585
7ae59829-3d0f-44df-819b-0b9bf21a2e9e	11	80256138	80256469	4	0.5441
7ae59829-3d0f-44df-819b-0b9bf21a2e9e	11	80256504	80256520	2	-4.2724
7ae59829-3d0f-44df-819b-0b9bf21a2e9e	11	80256642	81046218	606	-0.0831
7ae59829-3d0f-44df-819b-0b9bf21a2e9e	11	81046546	88642020	5341	0.1621
7ae59829-3d0f-44df-819b-0b9bf21a2e9e	11	88643880	108684305	13940	-0.1352
7ae59829-3d0f-44df-819b-0b9bf21a2e9e	11	108688036	112035150	2151	-0.4576
7ae59829-3d0f-44df-819b-0b9bf21a2e9e	11	112037476	112037683	2	-4.2971
7ae59829-3d0f-44df-819b-0b9bf21a2e9e	11	112042640	135074876	16945	-0.4342
7ae59829-3d0f-44df-819b-0b9bf21a2e9e	12	51460	9481274	6175	0.6381
7ae59829-3d0f-44df-819b-0b9bf21a2e9e	12	9485313	9575696	23	1.5774
7ae59829-3d0f-44df-819b-0b9bf21a2e9e	12	9582373	13178404	2590	0.6407
7ae59829-3d0f-44df-819b-0b9bf21a2e9e	12	13181725	13181928	2	-1.4367
7ae59829-3d0f-44df-819b-0b9bf21a2e9e	12	13182206	13430390	289	0.606
7ae59829-3d0f-44df-819b-0b9bf21a2e9e	12	13430819	13455592	36	0.204
7ae59829-3d0f-44df-819b-0b9bf21a2e9e	12	13455681	16101228	1679	0.6622
7ae59829-3d0f-44df-819b-0b9bf21a2e9e	12	16101520	19971255	2505	0.4739
7ae59829-3d0f-44df-819b-0b9bf21a2e9e	12	19972015	37568181	10333	0.2248
7ae59829-3d0f-44df-819b-0b9bf21a2e9e	12	37572505	46655452	5404	-0.4356
7ae59829-3d0f-44df-819b-0b9bf21a2e9e	12	46660568	48331259	1078	0.2328
7ae59829-3d0f-44df-819b-0b9bf21a2e9e	12	48331456	48331632	3	-2.9654
7ae59829-3d0f-44df-819b-0b9bf21a2e9e	12	48336253	59624976	6427	0.2083
7ae59829-3d0f-44df-819b-0b9bf21a2e9e	12	59628090	60480818	529	0.0187
7ae59829-3d0f-44df-819b-0b9bf21a2e9e	12	60481910	60482511	4	-0.9306
7ae59829-3d0f-44df-819b-0b9bf21a2e9e	12	60483567	60822869	171	0.0044
7ae59829-3d0f-44df-819b-0b9bf21a2e9e	12	60827299	61190643	202	0.3235
7ae59829-3d0f-44df-819b-0b9bf21a2e9e	12	61190699	61191199	3	1.4411
7ae59829-3d0f-44df-819b-0b9bf21a2e9e	12	61191261	62364082	744	0.2841
7ae59829-3d0f-44df-819b-0b9bf21a2e9e	12	62364426	62925259	405	0.9
7ae59829-3d0f-44df-819b-0b9bf21a2e9e	12	62925729	73193703	6726	0.5138
7ae59829-3d0f-44df-819b-0b9bf21a2e9e	12	73197766	74039612	434	0.7787
7ae59829-3d0f-44df-819b-0b9bf21a2e9e	12	74044906	74641839	350	0.5199
7ae59829-3d0f-44df-819b-0b9bf21a2e9e	12	74641964	74678313	26	0.0778
7ae59829-3d0f-44df-819b-0b9bf21a2e9e	12	74680600	74785641	87	0.5144
7ae59829-3d0f-44df-819b-0b9bf21a2e9e	12	74792132	74792534	3	-1.8603
7ae59829-3d0f-44df-819b-0b9bf21a2e9e	12	74793920	79684759	3246	0.4975
7ae59829-3d0f-44df-819b-0b9bf21a2e9e	12	79687174	79741495	27	1.0435
7ae59829-3d0f-44df-819b-0b9bf21a2e9e	12	79741987	90089066	6135	0.501
7ae59829-3d0f-44df-819b-0b9bf21a2e9e	12	90089570	90098282	8	1.3122
7ae59829-3d0f-44df-819b-0b9bf21a2e9e	12	90098297	97717426	5373	0.491
7ae59829-3d0f-44df-819b-0b9bf21a2e9e	12	97720731	97733882	12	-0.3994
7ae59829-3d0f-44df-819b-0b9bf21a2e9e	12	97735615	97754415	11	0.6649
7ae59829-3d0f-44df-819b-0b9bf21a2e9e	12	97758516	97764884	11	-0.2899
7ae59829-3d0f-44df-819b-0b9bf21a2e9e	12	97771704	98356464	405	0.5117
7ae59829-3d0f-44df-819b-0b9bf21a2e9e	12	98360047	98360934	2	-1.4248
7ae59829-3d0f-44df-819b-0b9bf21a2e9e	12	98362501	98521478	107	0.4949
7ae59829-3d0f-44df-819b-0b9bf21a2e9e	12	98522577	99623994	706	0.1733
7ae59829-3d0f-44df-819b-0b9bf21a2e9e	12	99625470	99626255	3	1.5305
7ae59829-3d0f-44df-819b-0b9bf21a2e9e	12	99626961	99673999	23	0.0793
7ae59829-3d0f-44df-819b-0b9bf21a2e9e	12	99674947	109697959	6806	0.5022
7ae59829-3d0f-44df-819b-0b9bf21a2e9e	12	109700724	109705312	2	2.6587
7ae59829-3d0f-44df-819b-0b9bf21a2e9e	12	109707127	115276724	3465	0.5052
7ae59829-3d0f-44df-819b-0b9bf21a2e9e	12	115276770	115277363	4	-0.592
7ae59829-3d0f-44df-819b-0b9bf21a2e9e	12	115277377	116480314	1039	0.4872
7ae59829-3d0f-44df-819b-0b9bf21a2e9e	12	116480599	116636755	104	0.883
7ae59829-3d0f-44df-819b-0b9bf21a2e9e	12	116639542	118869972	1568	0.2655
7ae59829-3d0f-44df-819b-0b9bf21a2e9e	12	118874241	118924367	37	0.8694
7ae59829-3d0f-44df-819b-0b9bf21a2e9e	12	118928949	123445675	2255	0.2571
7ae59829-3d0f-44df-819b-0b9bf21a2e9e	12	123451616	123466513	6	-0.5479
7ae59829-3d0f-44df-819b-0b9bf21a2e9e	12	123469808	123631389	74	0.2968
7ae59829-3d0f-44df-819b-0b9bf21a2e9e	12	123633221	123697468	49	0.514
7ae59829-3d0f-44df-819b-0b9bf21a2e9e	12	123698590	124310604	392	0.2589
7ae59829-3d0f-44df-819b-0b9bf21a2e9e	12	124313867	124396339	44	0.8656
7ae59829-3d0f-44df-819b-0b9bf21a2e9e	12	124403634	124560594	79	0.2329
7ae59829-3d0f-44df-819b-0b9bf21a2e9e	12	124561490	126640834	1667	0.6688
7ae59829-3d0f-44df-819b-0b9bf21a2e9e	12	126641198	126645946	2	2.3913
7ae59829-3d0f-44df-819b-0b9bf21a2e9e	12	126646494	128744341	1877	0.646
7ae59829-3d0f-44df-819b-0b9bf21a2e9e	12	128745968	128747752	6	-6.8047
7ae59829-3d0f-44df-819b-0b9bf21a2e9e	12	128748000	131242840	2117	0.6772
7ae59829-3d0f-44df-819b-0b9bf21a2e9e	12	131248112	131287361	51	-0.5608
7ae59829-3d0f-44df-819b-0b9bf21a2e9e	12	131287897	131309822	12	0.5927
7ae59829-3d0f-44df-819b-0b9bf21a2e9e	12	131311902	131341210	22	-0.5675
7ae59829-3d0f-44df-819b-0b9bf21a2e9e	12	131348665	133201603	864	0.6714
7ae59829-3d0f-44df-819b-0b9bf21a2e9e	13	18452809	25447570	4650	-0.4319
7ae59829-3d0f-44df-819b-0b9bf21a2e9e	13	25448459	40271919	10912	0.2113
7ae59829-3d0f-44df-819b-0b9bf21a2e9e	13	40275206	40651379	296	-0.4985
7ae59829-3d0f-44df-819b-0b9bf21a2e9e	13	40652540	41100780	195	-0.9694
7ae59829-3d0f-44df-819b-0b9bf21a2e9e	13	41101475	65693707	14944	-0.4463
7ae59829-3d0f-44df-819b-0b9bf21a2e9e	13	65693881	66022499	250	-1.0372
7ae59829-3d0f-44df-819b-0b9bf21a2e9e	13	66030079	66487943	302	-0.3138
7ae59829-3d0f-44df-819b-0b9bf21a2e9e	13	66488028	66676976	143	-1.0753
7ae59829-3d0f-44df-819b-0b9bf21a2e9e	13	66677125	66747876	59	-0.2562
7ae59829-3d0f-44df-819b-0b9bf21a2e9e	13	66748627	66854165	77	-0.9186
7ae59829-3d0f-44df-819b-0b9bf21a2e9e	13	66854998	68675349	1092	-0.4476
7ae59829-3d0f-44df-819b-0b9bf21a2e9e	13	68676647	68676903	5	0.7907
7ae59829-3d0f-44df-819b-0b9bf21a2e9e	13	68677373	71899603	2079	-0.443
7ae59829-3d0f-44df-819b-0b9bf21a2e9e	13	71900159	71906418	7	-1.5922
7ae59829-3d0f-44df-819b-0b9bf21a2e9e	13	71906467	75720751	2771	-0.4472
7ae59829-3d0f-44df-819b-0b9bf21a2e9e	13	75736323	75749371	8	-1.6686
7ae59829-3d0f-44df-819b-0b9bf21a2e9e	13	75751836	76303024	469	-0.467
7ae59829-3d0f-44df-819b-0b9bf21a2e9e	13	76303603	78033282	1108	0.1777
7ae59829-3d0f-44df-819b-0b9bf21a2e9e	13	78037509	88172417	6217	-1.9532
7ae59829-3d0f-44df-819b-0b9bf21a2e9e	13	88182756	112879562	17780	0.2197
7ae59829-3d0f-44df-819b-0b9bf21a2e9e	13	112879747	112879894	3	2.3007
7ae59829-3d0f-44df-819b-0b9bf21a2e9e	13	112880521	114342922	648	0.2513
7ae59829-3d0f-44df-819b-0b9bf21a2e9e	14	18239283	40139724	13043	0.0667
7ae59829-3d0f-44df-819b-0b9bf21a2e9e	14	40144718	40147715	2	-2.53
7ae59829-3d0f-44df-819b-0b9bf21a2e9e	14	40148961	41141293	722	0.0712
7ae59829-3d0f-44df-819b-0b9bf21a2e9e	14	41141487	41188046	13	-0.5968
7ae59829-3d0f-44df-819b-0b9bf21a2e9e	14	41188146	49176461	4691	0.0747
7ae59829-3d0f-44df-819b-0b9bf21a2e9e	14	49184584	50710021	833	0.1717
7ae59829-3d0f-44df-819b-0b9bf21a2e9e	14	50710284	54981305	3009	0.0536
7ae59829-3d0f-44df-819b-0b9bf21a2e9e	14	54981595	60482240	3639	-0.75
7ae59829-3d0f-44df-819b-0b9bf21a2e9e	14	60482349	79686836	12348	0.0733
7ae59829-3d0f-44df-819b-0b9bf21a2e9e	14	79687578	79710929	21	-0.7767
7ae59829-3d0f-44df-819b-0b9bf21a2e9e	14	79713774	105816205	16613	0.0735
7ae59829-3d0f-44df-819b-0b9bf21a2e9e	14	105824008	105962324	37	0.5354
7ae59829-3d0f-44df-819b-0b9bf21a2e9e	14	105963902	106290131	109	0.1125
7ae59829-3d0f-44df-819b-0b9bf21a2e9e	14	106290365	106297273	7	1.8156
7ae59829-3d0f-44df-819b-0b9bf21a2e9e	14	106297409	106455406	82	0.4309
7ae59829-3d0f-44df-819b-0b9bf21a2e9e	14	106455445	106877229	213	0.0216
7ae59829-3d0f-44df-819b-0b9bf21a2e9e	15	19811075	20249006	65	-0.3154
7ae59829-3d0f-44df-819b-0b9bf21a2e9e	15	20263311	22606745	153	-0.8722
7ae59829-3d0f-44df-819b-0b9bf21a2e9e	15	22619116	31079773	4893	-0.4265
7ae59829-3d0f-44df-819b-0b9bf21a2e9e	15	31079813	36699765	3895	0.2424
7ae59829-3d0f-44df-819b-0b9bf21a2e9e	15	36699837	47226922	6083	-0.0319
7ae59829-3d0f-44df-819b-0b9bf21a2e9e	15	47227348	47227357	2	1.7415
7ae59829-3d0f-44df-819b-0b9bf21a2e9e	15	47233464	52746994	3409	-0.0457
7ae59829-3d0f-44df-819b-0b9bf21a2e9e	15	52748613	60383493	5380	-0.2551
7ae59829-3d0f-44df-819b-0b9bf21a2e9e	15	60384287	60525887	80	-0.7611
7ae59829-3d0f-44df-819b-0b9bf21a2e9e	15	60528610	71343589	7175	-0.2677
7ae59829-3d0f-44df-819b-0b9bf21a2e9e	15	71344482	71586842	213	-0.7588
7ae59829-3d0f-44df-819b-0b9bf21a2e9e	15	71587967	71676793	93	-2.4218
7ae59829-3d0f-44df-819b-0b9bf21a2e9e	15	71681388	72136856	222	-0.2771
7ae59829-3d0f-44df-819b-0b9bf21a2e9e	15	72137633	72910780	396	0.0604
7ae59829-3d0f-44df-819b-0b9bf21a2e9e	15	72911628	73090663	115	-0.2132
7ae59829-3d0f-44df-819b-0b9bf21a2e9e	15	73090906	73176845	41	-0.7077
7ae59829-3d0f-44df-819b-0b9bf21a2e9e	15	73180141	78937182	2865	-0.2678
7ae59829-3d0f-44df-819b-0b9bf21a2e9e	15	78938448	78949763	9	-0.9988
7ae59829-3d0f-44df-819b-0b9bf21a2e9e	15	78950015	79529937	489	-0.2949
7ae59829-3d0f-44df-819b-0b9bf21a2e9e	15	79530855	79574733	56	-0.7365
7ae59829-3d0f-44df-819b-0b9bf21a2e9e	15	79575391	87026870	4730	0.0428
7ae59829-3d0f-44df-819b-0b9bf21a2e9e	15	87029166	101928837	11148	0.5329
7ae59829-3d0f-44df-819b-0b9bf21a2e9e	16	10777	3165103	1105	-0.0646
7ae59829-3d0f-44df-819b-0b9bf21a2e9e	16	3165159	6057173	2089	0.2355
7ae59829-3d0f-44df-819b-0b9bf21a2e9e	16	6057420	6059338	5	1.662
7ae59829-3d0f-44df-819b-0b9bf21a2e9e	16	6060250	6796270	964	0.2374
7ae59829-3d0f-44df-819b-0b9bf21a2e9e	16	6798187	6801694	3	2.2084
7ae59829-3d0f-44df-819b-0b9bf21a2e9e	16	6802186	6962471	169	0.1815
7ae59829-3d0f-44df-819b-0b9bf21a2e9e	16	6963199	6963567	2	2.8115
7ae59829-3d0f-44df-819b-0b9bf21a2e9e	16	6965769	7710803	979	0.2156
7ae59829-3d0f-44df-819b-0b9bf21a2e9e	16	7714028	16539504	6440	-0.0346
7ae59829-3d0f-44df-819b-0b9bf21a2e9e	16	16539715	16558842	5	1.7613
7ae59829-3d0f-44df-819b-0b9bf21a2e9e	16	16563118	50427788	10957	-0.0321
7ae59829-3d0f-44df-819b-0b9bf21a2e9e	16	50429619	52622446	1640	0.4594
7ae59829-3d0f-44df-819b-0b9bf21a2e9e	16	52622676	52622694	2	-1.058
7ae59829-3d0f-44df-819b-0b9bf21a2e9e	16	52625438	53121641	365	0.4776
7ae59829-3d0f-44df-819b-0b9bf21a2e9e	16	53124785	55762682	2189	-0.0654
7ae59829-3d0f-44df-819b-0b9bf21a2e9e	16	55764310	55764867	3	2.468
7ae59829-3d0f-44df-819b-0b9bf21a2e9e	16	55770436	60187237	2737	-0.0291
7ae59829-3d0f-44df-819b-0b9bf21a2e9e	16	60187603	60265775	48	-0.4716
7ae59829-3d0f-44df-819b-0b9bf21a2e9e	16	60266596	65717346	3679	-0.0342
7ae59829-3d0f-44df-819b-0b9bf21a2e9e	16	65717707	78668510	8251	-0.4117
7ae59829-3d0f-44df-819b-0b9bf21a2e9e	16	78669648	78950910	384	-0.5787
7ae59829-3d0f-44df-819b-0b9bf21a2e9e	16	78951143	80970410	2260	-0.4045
7ae59829-3d0f-44df-819b-0b9bf21a2e9e	16	80971482	80971505	2	-4.0067
7ae59829-3d0f-44df-819b-0b9bf21a2e9e	16	80972861	90096867	7530	-0.3878
7ae59829-3d0f-44df-819b-0b9bf21a2e9e	17	150733	7880843	4319	-0.3711
7ae59829-3d0f-44df-819b-0b9bf21a2e9e	17	7891169	11462970	2498	-0.9665
7ae59829-3d0f-44df-819b-0b9bf21a2e9e	17	11467139	15258660	2943	-0.4294
7ae59829-3d0f-44df-819b-0b9bf21a2e9e	17	15259072	15271991	3	1.7509
7ae59829-3d0f-44df-819b-0b9bf21a2e9e	17	15274075	18452078	1588	-0.4333
7ae59829-3d0f-44df-819b-0b9bf21a2e9e	17	18455632	18571332	28	0.3709
7ae59829-3d0f-44df-819b-0b9bf21a2e9e	17	18592992	20481607	794	-0.3735
7ae59829-3d0f-44df-819b-0b9bf21a2e9e	17	20482542	20585723	17	-1.3391
7ae59829-3d0f-44df-819b-0b9bf21a2e9e	17	20591787	21023012	192	-0.3817
7ae59829-3d0f-44df-819b-0b9bf21a2e9e	17	21024573	21030814	7	-2.2176
7ae59829-3d0f-44df-819b-0b9bf21a2e9e	17	21030931	28077683	1083	-0.4066
7ae59829-3d0f-44df-819b-0b9bf21a2e9e	17	28078782	29640696	668	-0.0283
7ae59829-3d0f-44df-819b-0b9bf21a2e9e	17	29649718	31529924	797	-0.3553
7ae59829-3d0f-44df-819b-0b9bf21a2e9e	17	31531446	31534827	2	-3.3674
7ae59829-3d0f-44df-819b-0b9bf21a2e9e	17	31541121	36102943	3258	-0.283
7ae59829-3d0f-44df-819b-0b9bf21a2e9e	17	36103020	36157718	41	0.4856
7ae59829-3d0f-44df-819b-0b9bf21a2e9e	17	36200725	42379223	3204	-0.2447
7ae59829-3d0f-44df-819b-0b9bf21a2e9e	17	42382057	42383827	5	-2.5894
7ae59829-3d0f-44df-819b-0b9bf21a2e9e	17	42387242	46085231	1837	-0.2092
7ae59829-3d0f-44df-819b-0b9bf21a2e9e	17	46085732	46138956	41	0.5669
7ae59829-3d0f-44df-819b-0b9bf21a2e9e	17	46142189	46206010	57	0.1571
7ae59829-3d0f-44df-819b-0b9bf21a2e9e	17	46208674	46276519	24	0.4668
7ae59829-3d0f-44df-819b-0b9bf21a2e9e	17	46284643	53640545	4073	-0.2331
7ae59829-3d0f-44df-819b-0b9bf21a2e9e	17	53649631	53649820	2	-2.7356
7ae59829-3d0f-44df-819b-0b9bf21a2e9e	17	53651183	61919337	5134	-0.2394
7ae59829-3d0f-44df-819b-0b9bf21a2e9e	17	61921072	73308722	7215	0.1011
7ae59829-3d0f-44df-819b-0b9bf21a2e9e	17	73315500	73390823	39	-0.9854
7ae59829-3d0f-44df-819b-0b9bf21a2e9e	17	73399034	73432766	30	0.0922
7ae59829-3d0f-44df-819b-0b9bf21a2e9e	17	73433103	73456441	21	-0.838
7ae59829-3d0f-44df-819b-0b9bf21a2e9e	17	73458398	79796310	3580	0.1086
7ae59829-3d0f-44df-819b-0b9bf21a2e9e	17	79807926	79827667	13	-1.148
7ae59829-3d0f-44df-819b-0b9bf21a2e9e	17	79827705	80655063	511	0.0976
7ae59829-3d0f-44df-819b-0b9bf21a2e9e	17	80655993	80660379	2	3.199
7ae59829-3d0f-44df-819b-0b9bf21a2e9e	17	80660500	81510690	355	0.1019
7ae59829-3d0f-44df-819b-0b9bf21a2e9e	17	81510993	81565233	11	-1.0929
7ae59829-3d0f-44df-819b-0b9bf21a2e9e	17	81571093	82578039	298	0.0964
7ae59829-3d0f-44df-819b-0b9bf21a2e9e	17	82578070	82578435	7	-1.2244
7ae59829-3d0f-44df-819b-0b9bf21a2e9e	17	82578635	83091923	276	0.0119
7ae59829-3d0f-44df-819b-0b9bf21a2e9e	18	48133	2023812	1433	-0.4584
7ae59829-3d0f-44df-819b-0b9bf21a2e9e	18	2027952	2029165	4	1.7209
7ae59829-3d0f-44df-819b-0b9bf21a2e9e	18	2029593	5510194	2448	-0.4075
7ae59829-3d0f-44df-819b-0b9bf21a2e9e	18	5513918	7748663	1683	0.2378
7ae59829-3d0f-44df-819b-0b9bf21a2e9e	18	7752786	7755228	2	2.5192
7ae59829-3d0f-44df-819b-0b9bf21a2e9e	18	7755354	11874678	3094	0.246
7ae59829-3d0f-44df-819b-0b9bf21a2e9e	18	11876614	12146357	191	-0.4036
7ae59829-3d0f-44df-819b-0b9bf21a2e9e	18	12154580	31653282	8139	0.2539
7ae59829-3d0f-44df-819b-0b9bf21a2e9e	18	31657503	38310806	4253	-0.4228
7ae59829-3d0f-44df-819b-0b9bf21a2e9e	18	38311458	38311498	2	-3.0587
7ae59829-3d0f-44df-819b-0b9bf21a2e9e	18	38311848	40678118	1513	-0.4384
7ae59829-3d0f-44df-819b-0b9bf21a2e9e	18	40678132	40678439	7	1.3582
7ae59829-3d0f-44df-819b-0b9bf21a2e9e	18	40678519	66050285	17496	-0.4266
7ae59829-3d0f-44df-819b-0b9bf21a2e9e	18	66050517	66061104	14	-1.553
7ae59829-3d0f-44df-819b-0b9bf21a2e9e	18	66065502	80257174	10405	-0.4446
7ae59829-3d0f-44df-819b-0b9bf21a2e9e	19	90910	367089	73	-0.126
7ae59829-3d0f-44df-819b-0b9bf21a2e9e	19	376382	388950	4	1.5229
7ae59829-3d0f-44df-819b-0b9bf21a2e9e	19	389805	3340054	824	-0.0222
7ae59829-3d0f-44df-819b-0b9bf21a2e9e	19	3342308	4136772	190	0.4514
7ae59829-3d0f-44df-819b-0b9bf21a2e9e	19	4137004	8345672	1847	-0.0209
7ae59829-3d0f-44df-819b-0b9bf21a2e9e	19	8346772	8590905	89	-0.8134
7ae59829-3d0f-44df-819b-0b9bf21a2e9e	19	8593226	43154674	17542	-0.0347
7ae59829-3d0f-44df-819b-0b9bf21a2e9e	19	43156587	43301176	62	-1.1883
7ae59829-3d0f-44df-819b-0b9bf21a2e9e	19	43304322	43334601	17	-0.5501
7ae59829-3d0f-44df-819b-0b9bf21a2e9e	19	43335559	58546716	8436	-0.0329
7ae59829-3d0f-44df-819b-0b9bf21a2e9e	19	58548362	58586487	17	-1.0499
7ae59829-3d0f-44df-819b-0b9bf21a2e9e	20	80664	152536	49	-0.0491
7ae59829-3d0f-44df-819b-0b9bf21a2e9e	20	153259	1580156	1151	-0.3548
7ae59829-3d0f-44df-819b-0b9bf21a2e9e	20	1580276	1601446	38	0.4627
7ae59829-3d0f-44df-819b-0b9bf21a2e9e	20	1601561	13889907	9392	-0.3822
7ae59829-3d0f-44df-819b-0b9bf21a2e9e	20	13895480	25712185	9099	-0.9676
7ae59829-3d0f-44df-819b-0b9bf21a2e9e	20	25712924	25713523	2	-0.0728
7ae59829-3d0f-44df-819b-0b9bf21a2e9e	20	25720640	26076751	91	0.4441
7ae59829-3d0f-44df-819b-0b9bf21a2e9e	20	26089122	31526460	291	-0.0122
7ae59829-3d0f-44df-819b-0b9bf21a2e9e	20	31529632	31845336	149	0.436
7ae59829-3d0f-44df-819b-0b9bf21a2e9e	20	31852354	32205755	161	-0.0379
7ae59829-3d0f-44df-819b-0b9bf21a2e9e	20	32206802	36078206	1899	0.4626
7ae59829-3d0f-44df-819b-0b9bf21a2e9e	20	36081991	36259310	77	-1.0077
7ae59829-3d0f-44df-819b-0b9bf21a2e9e	20	36262442	37957779	986	0.4483
7ae59829-3d0f-44df-819b-0b9bf21a2e9e	20	37958061	38665053	438	-0.0075
7ae59829-3d0f-44df-819b-0b9bf21a2e9e	20	38665412	38700217	21	-0.4755
7ae59829-3d0f-44df-819b-0b9bf21a2e9e	20	38702935	44297809	4147	-0.0291
7ae59829-3d0f-44df-819b-0b9bf21a2e9e	20	44302496	46473627	1325	0.5066
7ae59829-3d0f-44df-819b-0b9bf21a2e9e	20	46473719	49516410	2251	0.2509
7ae59829-3d0f-44df-819b-0b9bf21a2e9e	20	49517245	50977984	940	0.4875
7ae59829-3d0f-44df-819b-0b9bf21a2e9e	20	50979189	55229239	3336	0.2579
7ae59829-3d0f-44df-819b-0b9bf21a2e9e	20	55230197	64324800	6432	-0.0361
7ae59829-3d0f-44df-819b-0b9bf21a2e9e	21	10354168	13223423	117	-0.6385
7ae59829-3d0f-44df-819b-0b9bf21a2e9e	21	13224711	13231256	3	1.5894
7ae59829-3d0f-44df-819b-0b9bf21a2e9e	21	13240288	27642688	10367	-0.4298
7ae59829-3d0f-44df-819b-0b9bf21a2e9e	21	27642773	31549030	2719	-0.9596
7ae59829-3d0f-44df-819b-0b9bf21a2e9e	21	31551978	32942170	936	-0.4251
7ae59829-3d0f-44df-819b-0b9bf21a2e9e	21	32942272	33223464	211	-0.0699
7ae59829-3d0f-44df-819b-0b9bf21a2e9e	21	33226080	36103191	2053	-0.4315
7ae59829-3d0f-44df-819b-0b9bf21a2e9e	21	36104061	36112582	3	1.461
7ae59829-3d0f-44df-819b-0b9bf21a2e9e	21	36112644	36834113	473	-0.4566
7ae59829-3d0f-44df-819b-0b9bf21a2e9e	21	36835710	36839713	4	-3.2235
7ae59829-3d0f-44df-819b-0b9bf21a2e9e	21	36839909	39575330	2214	-0.4245
7ae59829-3d0f-44df-819b-0b9bf21a2e9e	21	39575388	39575425	2	2.3693
7ae59829-3d0f-44df-819b-0b9bf21a2e9e	21	39575548	46677045	4705	-0.4388
7ae59829-3d0f-44df-819b-0b9bf21a2e9e	22	15294547	16543933	65	-0.1912
7ae59829-3d0f-44df-819b-0b9bf21a2e9e	22	16545152	23115843	3800	0.2325
7ae59829-3d0f-44df-819b-0b9bf21a2e9e	22	23124922	23125570	2	2.535
7ae59829-3d0f-44df-819b-0b9bf21a2e9e	22	23126422	24685371	880	0.2018
7ae59829-3d0f-44df-819b-0b9bf21a2e9e	22	24686148	24686567	3	-1.5548
7ae59829-3d0f-44df-819b-0b9bf21a2e9e	22	24691707	28467759	3404	0.2477
7ae59829-3d0f-44df-819b-0b9bf21a2e9e	22	28469254	29474269	566	0.5078
7ae59829-3d0f-44df-819b-0b9bf21a2e9e	22	29474323	29474386	3	2.0381
7ae59829-3d0f-44df-819b-0b9bf21a2e9e	22	29485712	30078321	327	0.4758
7ae59829-3d0f-44df-819b-0b9bf21a2e9e	22	30081424	32264716	1245	0.2431
7ae59829-3d0f-44df-819b-0b9bf21a2e9e	22	32268186	32270692	11	0.5549
7ae59829-3d0f-44df-819b-0b9bf21a2e9e	22	32272021	32272540	3	1.4914
7ae59829-3d0f-44df-819b-0b9bf21a2e9e	22	32272616	32507259	178	0.5299
7ae59829-3d0f-44df-819b-0b9bf21a2e9e	22	32508551	33777419	1153	-0.0396
7ae59829-3d0f-44df-819b-0b9bf21a2e9e	22	33778960	33778998	4	-2.8225
7ae59829-3d0f-44df-819b-0b9bf21a2e9e	22	33785435	36714714	2348	-0.051
7ae59829-3d0f-44df-819b-0b9bf21a2e9e	22	36720413	36746518	28	-0.4873
7ae59829-3d0f-44df-819b-0b9bf21a2e9e	22	36746807	38587010	1010	-0.0248
7ae59829-3d0f-44df-819b-0b9bf21a2e9e	22	38589813	45755556	4498	-0.4253
7ae59829-3d0f-44df-819b-0b9bf21a2e9e	22	45758018	45760067	3	-2.3483
7ae59829-3d0f-44df-819b-0b9bf21a2e9e	22	45764131	48942839	2535	-0.4557
7ae59829-3d0f-44df-819b-0b9bf21a2e9e	22	48942893	50096523	881	-0.5799
7ae59829-3d0f-44df-819b-0b9bf21a2e9e	22	50097372	50796027	307	-0.3828
7ae59829-3d0f-44df-819b-0b9bf21a2e9e	X	251810	2671323	92	-0.0899
7ae59829-3d0f-44df-819b-0b9bf21a2e9e	X	2747168	3167423	273	0.4017
7ae59829-3d0f-44df-819b-0b9bf21a2e9e	X	3167872	3185171	13	-0.6619
7ae59829-3d0f-44df-819b-0b9bf21a2e9e	X	3185277	3198747	12	-2.4626
7ae59829-3d0f-44df-819b-0b9bf21a2e9e	X	3200034	54997395	31180	-0.2159
7ae59829-3d0f-44df-819b-0b9bf21a2e9e	X	54998126	55004028	5	-3.2421
7ae59829-3d0f-44df-819b-0b9bf21a2e9e	X	55007244	56343204	644	-0.1981
7ae59829-3d0f-44df-819b-0b9bf21a2e9e	X	56343361	56343448	2	-3.1623
7ae59829-3d0f-44df-819b-0b9bf21a2e9e	X	56343772	58337694	927	-0.1577
7ae59829-3d0f-44df-819b-0b9bf21a2e9e	X	58341779	76692260	6169	0.7267
7ae59829-3d0f-44df-819b-0b9bf21a2e9e	X	76693660	76693881	2	2.5489
7ae59829-3d0f-44df-819b-0b9bf21a2e9e	X	76695043	84441164	3730	0.7156
7ae59829-3d0f-44df-819b-0b9bf21a2e9e	X	84449727	89656364	3243	-0.1841
7ae59829-3d0f-44df-819b-0b9bf21a2e9e	X	89671832	107794332	9132	0.7232
7ae59829-3d0f-44df-819b-0b9bf21a2e9e	X	107798785	113938010	3421	-0.2203
7ae59829-3d0f-44df-819b-0b9bf21a2e9e	X	113938271	113938615	2	-3.6948
7ae59829-3d0f-44df-819b-0b9bf21a2e9e	X	113938649	155952689	24370	-0.2016
7ae59829-3d0f-44df-819b-0b9bf21a2e9e	Y	2782397	8497703	1869	-2.5778
7ae59829-3d0f-44df-819b-0b9bf21a2e9e	Y	8499452	9921955	452	-3.2384
7ae59829-3d0f-44df-819b-0b9bf21a2e9e	Y	9937005	56872112	4314	-2.7146
