GDC_Aliquot	Chromosome	Start	End	Num_Probes	Segment_Mean
52b72061-9077-44ee-a61f-021cf403b197	1	62920	1011654	73	0.0436
52b72061-9077-44ee-a61f-021cf403b197	1	1014228	3298168	662	-0.109
52b72061-9077-44ee-a61f-021cf403b197	1	3301765	12777697	5722	-0.0028
52b72061-9077-44ee-a61f-021cf403b197	1	12778601	12807830	22	-0.8033
52b72061-9077-44ee-a61f-021cf403b197	1	12813243	16864367	2187	-0.0125
52b72061-9077-44ee-a61f-021cf403b197	1	16868660	16956580	57	-0.5605
52b72061-9077-44ee-a61f-021cf403b197	1	16958425	61647430	26614	0.001
52b72061-9077-44ee-a61f-021cf403b197	1	61648334	61652515	3	-3.3846
52b72061-9077-44ee-a61f-021cf403b197	1	61654137	72303233	7284	0.016
52b72061-9077-44ee-a61f-021cf403b197	1	72303253	72345465	45	1.6268
52b72061-9077-44ee-a61f-021cf403b197	1	72346221	76724325	2798	0.015
52b72061-9077-44ee-a61f-021cf403b197	1	76724627	76724780	2	-1.942
52b72061-9077-44ee-a61f-021cf403b197	1	76725040	103616762	17164	0.0119
52b72061-9077-44ee-a61f-021cf403b197	1	103620877	103717410	5	1.8482
52b72061-9077-44ee-a61f-021cf403b197	1	103717617	105476583	918	0.0055
52b72061-9077-44ee-a61f-021cf403b197	1	105476614	105481448	18	0.8396
52b72061-9077-44ee-a61f-021cf403b197	1	105481468	109684695	2631	0.0036
52b72061-9077-44ee-a61f-021cf403b197	1	109684893	109697533	13	-0.8894
52b72061-9077-44ee-a61f-021cf403b197	1	109697556	248930189	74850	0.008
52b72061-9077-44ee-a61f-021cf403b197	2	12784	24376335	17866	0.009
52b72061-9077-44ee-a61f-021cf403b197	2	24376374	24388259	21	-0.7138
52b72061-9077-44ee-a61f-021cf403b197	2	24388858	34295406	6027	0.0127
52b72061-9077-44ee-a61f-021cf403b197	2	34298911	34300513	2	-2.4726
52b72061-9077-44ee-a61f-021cf403b197	2	34300900	34466002	95	0.0253
52b72061-9077-44ee-a61f-021cf403b197	2	34474248	34502800	44	0.6449
52b72061-9077-44ee-a61f-021cf403b197	2	34511446	36108462	1146	0.0166
52b72061-9077-44ee-a61f-021cf403b197	2	36108463	36112411	14	-1.3253
52b72061-9077-44ee-a61f-021cf403b197	2	36123960	41011095	3625	0.0223
52b72061-9077-44ee-a61f-021cf403b197	2	41011303	41024093	23	-0.6414
52b72061-9077-44ee-a61f-021cf403b197	2	41024125	52527330	8147	0.0215
52b72061-9077-44ee-a61f-021cf403b197	2	52527342	52554404	39	-2.4407
52b72061-9077-44ee-a61f-021cf403b197	2	52560811	106263639	29335	0.0165
52b72061-9077-44ee-a61f-021cf403b197	2	106264257	106270952	13	-3.0928
52b72061-9077-44ee-a61f-021cf403b197	2	106271414	212321824	63666	0.0174
52b72061-9077-44ee-a61f-021cf403b197	2	212322478	212327402	25	-0.8468
52b72061-9077-44ee-a61f-021cf403b197	2	212327434	242147305	18939	0.0117
52b72061-9077-44ee-a61f-021cf403b197	3	20930	6603914	5790	0.0432
52b72061-9077-44ee-a61f-021cf403b197	3	6604856	6613391	25	-0.6897
52b72061-9077-44ee-a61f-021cf403b197	3	6613561	45343141	26278	0.0108
52b72061-9077-44ee-a61f-021cf403b197	3	45344374	45344737	2	-2.3026
52b72061-9077-44ee-a61f-021cf403b197	3	45345619	98180575	30795	0.0078
52b72061-9077-44ee-a61f-021cf403b197	3	98189826	98194581	3	-1.5489
52b72061-9077-44ee-a61f-021cf403b197	3	98195973	99217783	590	0.0121
52b72061-9077-44ee-a61f-021cf403b197	3	99218119	99230577	40	-0.5557
52b72061-9077-44ee-a61f-021cf403b197	3	99232120	136870540	22893	0.0082
52b72061-9077-44ee-a61f-021cf403b197	3	136877599	136882878	5	-1.1941
52b72061-9077-44ee-a61f-021cf403b197	3	136885553	158632329	13395	0.0101
52b72061-9077-44ee-a61f-021cf403b197	3	158633095	158633756	2	-2.5841
52b72061-9077-44ee-a61f-021cf403b197	3	158641083	162795304	2599	-0.0025
52b72061-9077-44ee-a61f-021cf403b197	3	162795361	162914509	81	0.3491
52b72061-9077-44ee-a61f-021cf403b197	3	162914526	195558822	20572	0.0111
52b72061-9077-44ee-a61f-021cf403b197	3	195559056	195707392	19	-0.7759
52b72061-9077-44ee-a61f-021cf403b197	3	195707409	195929743	99	-0.0179
52b72061-9077-44ee-a61f-021cf403b197	3	195934553	195974457	9	-0.8542
52b72061-9077-44ee-a61f-021cf403b197	3	195982791	198169247	1081	-0.0016
52b72061-9077-44ee-a61f-021cf403b197	4	68929	10208766	5666	0.0037
52b72061-9077-44ee-a61f-021cf403b197	4	10212536	10232642	31	-2.2707
52b72061-9077-44ee-a61f-021cf403b197	4	10232984	10397210	180	-0.0183
52b72061-9077-44ee-a61f-021cf403b197	4	10397244	10399044	9	0.8369
52b72061-9077-44ee-a61f-021cf403b197	4	10401094	34777238	16741	0.0091
52b72061-9077-44ee-a61f-021cf403b197	4	34777340	34823103	44	0.4169
52b72061-9077-44ee-a61f-021cf403b197	4	34828250	38992475	2970	0.0121
52b72061-9077-44ee-a61f-021cf403b197	4	38992557	39003180	4	-1.2555
52b72061-9077-44ee-a61f-021cf403b197	4	39003981	68478894	16421	0.0088
52b72061-9077-44ee-a61f-021cf403b197	4	68494770	68623617	68	-1.9599
52b72061-9077-44ee-a61f-021cf403b197	4	68639397	69072107	207	0.0953
52b72061-9077-44ee-a61f-021cf403b197	4	69074404	69102303	20	-0.5247
52b72061-9077-44ee-a61f-021cf403b197	4	69102348	114252544	27376	0.017
52b72061-9077-44ee-a61f-021cf403b197	4	114254167	114261019	23	-1.6919
52b72061-9077-44ee-a61f-021cf403b197	4	114263073	137171085	13195	0.0144
52b72061-9077-44ee-a61f-021cf403b197	4	137171266	137173818	15	-0.7732
52b72061-9077-44ee-a61f-021cf403b197	4	137173967	154881396	10757	0.0143
52b72061-9077-44ee-a61f-021cf403b197	4	154881853	154881926	3	-3.5288
52b72061-9077-44ee-a61f-021cf403b197	4	154882047	170144096	9742	0.0147
52b72061-9077-44ee-a61f-021cf403b197	4	170146926	170149365	2	-2.7159
52b72061-9077-44ee-a61f-021cf403b197	4	170154010	171448195	834	0.0164
52b72061-9077-44ee-a61f-021cf403b197	4	171453733	171456573	11	-1.209
52b72061-9077-44ee-a61f-021cf403b197	4	171456625	172066777	395	0.0107
52b72061-9077-44ee-a61f-021cf403b197	4	172067997	172074828	13	0.8886
52b72061-9077-44ee-a61f-021cf403b197	4	172075742	185028807	8687	0.0123
52b72061-9077-44ee-a61f-021cf403b197	4	185030816	185036663	5	-1.7054
52b72061-9077-44ee-a61f-021cf403b197	4	185037170	188300104	2208	0.0095
52b72061-9077-44ee-a61f-021cf403b197	4	188300206	188300221	2	-2.39
52b72061-9077-44ee-a61f-021cf403b197	4	188300270	190106768	1143	0.0117
52b72061-9077-44ee-a61f-021cf403b197	5	15532	9478636	7626	-0.0069
52b72061-9077-44ee-a61f-021cf403b197	5	9479088	9481377	2	-2.3613
52b72061-9077-44ee-a61f-021cf403b197	5	9483097	46271006	22935	0.013
52b72061-9077-44ee-a61f-021cf403b197	5	46271828	46273400	6	-2.9003
52b72061-9077-44ee-a61f-021cf403b197	5	46278110	55751712	3471	0.0172
52b72061-9077-44ee-a61f-021cf403b197	5	55757045	55799119	29	-1.1142
52b72061-9077-44ee-a61f-021cf403b197	5	55799485	58025819	1557	0.0045
52b72061-9077-44ee-a61f-021cf403b197	5	58030200	58037706	32	-0.7486
52b72061-9077-44ee-a61f-021cf403b197	5	58042530	78248685	11863	0.014
52b72061-9077-44ee-a61f-021cf403b197	5	78258195	78260210	2	-2.385
52b72061-9077-44ee-a61f-021cf403b197	5	78260757	97709417	10969	0.0144
52b72061-9077-44ee-a61f-021cf403b197	5	97712762	97763616	43	-0.9598
52b72061-9077-44ee-a61f-021cf403b197	5	97763980	97780983	7	0.3163
52b72061-9077-44ee-a61f-021cf403b197	5	97781157	97784803	4	-1.0949
52b72061-9077-44ee-a61f-021cf403b197	5	97789963	104105154	3592	0.0248
52b72061-9077-44ee-a61f-021cf403b197	5	104108429	104116505	7	-5.8605
52b72061-9077-44ee-a61f-021cf403b197	5	104119056	104515520	259	0.0058
52b72061-9077-44ee-a61f-021cf403b197	5	104524672	104524903	4	1.5893
52b72061-9077-44ee-a61f-021cf403b197	5	104525348	181363319	50043	0.0098
52b72061-9077-44ee-a61f-021cf403b197	6	149661	29869411	21585	0.0044
52b72061-9077-44ee-a61f-021cf403b197	6	29869537	29906865	20	1.1686
52b72061-9077-44ee-a61f-021cf403b197	6	29906932	31385640	723	-0.0402
52b72061-9077-44ee-a61f-021cf403b197	6	31385764	31483502	86	-1.1703
52b72061-9077-44ee-a61f-021cf403b197	6	31483699	32486746	354	-0.0562
52b72061-9077-44ee-a61f-021cf403b197	6	32488906	32572834	24	-0.6874
52b72061-9077-44ee-a61f-021cf403b197	6	32576532	54066269	13664	0.0022
52b72061-9077-44ee-a61f-021cf403b197	6	54066286	54067057	8	-0.9899
52b72061-9077-44ee-a61f-021cf403b197	6	54070550	55961357	1210	0.0069
52b72061-9077-44ee-a61f-021cf403b197	6	55964252	55978862	9	-1.2039
52b72061-9077-44ee-a61f-021cf403b197	6	55986080	68163249	5490	0.0068
52b72061-9077-44ee-a61f-021cf403b197	6	68165127	68165830	4	-1.5165
52b72061-9077-44ee-a61f-021cf403b197	6	68174922	73882142	3637	0.0117
52b72061-9077-44ee-a61f-021cf403b197	6	73882509	73891694	10	0.8834
52b72061-9077-44ee-a61f-021cf403b197	6	73893839	76599200	1669	0.0275
52b72061-9077-44ee-a61f-021cf403b197	6	76601428	76617568	15	-1.0732
52b72061-9077-44ee-a61f-021cf403b197	6	76618975	78252227	1066	0.0127
52b72061-9077-44ee-a61f-021cf403b197	6	78252333	78322875	117	0.3557
52b72061-9077-44ee-a61f-021cf403b197	6	78325223	132104102	33178	0.0119
52b72061-9077-44ee-a61f-021cf403b197	6	132104562	132106655	3	-2.9488
52b72061-9077-44ee-a61f-021cf403b197	6	132107206	170741917	26318	0.0095
52b72061-9077-44ee-a61f-021cf403b197	7	43355	9135141	5366	0.0074
52b72061-9077-44ee-a61f-021cf403b197	7	9138746	9138993	4	-1.6429
52b72061-9077-44ee-a61f-021cf403b197	7	9139659	54318812	32970	0.0113
52b72061-9077-44ee-a61f-021cf403b197	7	54318816	54318824	5	-2.4623
52b72061-9077-44ee-a61f-021cf403b197	7	54325795	65502854	3187	-0.0099
52b72061-9077-44ee-a61f-021cf403b197	7	65539561	65561579	4	-2.4141
52b72061-9077-44ee-a61f-021cf403b197	7	65586825	109801187	25184	0.0053
52b72061-9077-44ee-a61f-021cf403b197	7	109801572	109813853	10	0.7902
52b72061-9077-44ee-a61f-021cf403b197	7	109813925	125924880	9669	0.014
52b72061-9077-44ee-a61f-021cf403b197	7	125926172	125927466	4	-1.8128
52b72061-9077-44ee-a61f-021cf403b197	7	125929687	134100442	5024	0.0007
52b72061-9077-44ee-a61f-021cf403b197	7	134100458	134110881	24	0.5351
52b72061-9077-44ee-a61f-021cf403b197	7	134110912	142069843	5187	0.0002
52b72061-9077-44ee-a61f-021cf403b197	7	142069880	142099190	34	-0.8721
52b72061-9077-44ee-a61f-021cf403b197	7	142099360	144249785	1201	0.0045
52b72061-9077-44ee-a61f-021cf403b197	7	144255220	144352208	13	-1.754
52b72061-9077-44ee-a61f-021cf403b197	7	144377836	155175112	6960	-0.0044
52b72061-9077-44ee-a61f-021cf403b197	7	155175177	155178396	11	-0.8717
52b72061-9077-44ee-a61f-021cf403b197	7	155178430	159334314	2635	-0.0224
52b72061-9077-44ee-a61f-021cf403b197	8	81254	3692390	2989	0.0018
52b72061-9077-44ee-a61f-021cf403b197	8	3692414	3695813	4	-1.6855
52b72061-9077-44ee-a61f-021cf403b197	8	3695995	7357997	4711	0.0126
52b72061-9077-44ee-a61f-021cf403b197	8	7358220	7380497	15	-1.414
52b72061-9077-44ee-a61f-021cf403b197	8	7396819	7775900	18	-0.2496
52b72061-9077-44ee-a61f-021cf403b197	8	7788805	8078333	17	0.7717
52b72061-9077-44ee-a61f-021cf403b197	8	8085660	12092042	3220	0.0033
52b72061-9077-44ee-a61f-021cf403b197	8	12130217	12359339	11	0.9855
52b72061-9077-44ee-a61f-021cf403b197	8	12374772	16349445	3500	0.0058
52b72061-9077-44ee-a61f-021cf403b197	8	16349505	16354969	11	-0.7359
52b72061-9077-44ee-a61f-021cf403b197	8	16355620	22414482	5103	0.0229
52b72061-9077-44ee-a61f-021cf403b197	8	22414654	22426610	3	-1.5702
52b72061-9077-44ee-a61f-021cf403b197	8	22429356	39389592	10812	0.0063
52b72061-9077-44ee-a61f-021cf403b197	8	39391223	39505410	45	-0.4015
52b72061-9077-44ee-a61f-021cf403b197	8	39505427	94545324	31631	0.0087
52b72061-9077-44ee-a61f-021cf403b197	8	94545374	94545764	6	1.0045
52b72061-9077-44ee-a61f-021cf403b197	8	94545887	106378098	7272	0.0175
52b72061-9077-44ee-a61f-021cf403b197	8	106378113	106378994	3	-1.286
52b72061-9077-44ee-a61f-021cf403b197	8	106379114	111279265	2948	0.0149
52b72061-9077-44ee-a61f-021cf403b197	8	111282050	111282852	7	1.6701
52b72061-9077-44ee-a61f-021cf403b197	8	111282973	111283031	3	6.5533
52b72061-9077-44ee-a61f-021cf403b197	8	111288052	129099922	11819	0.0119
52b72061-9077-44ee-a61f-021cf403b197	8	129104450	129115872	12	-1.1122
52b72061-9077-44ee-a61f-021cf403b197	8	129124380	141540766	9514	-0.0006
52b72061-9077-44ee-a61f-021cf403b197	8	141541257	141610086	55	-0.4238
52b72061-9077-44ee-a61f-021cf403b197	8	141610301	142047413	286	-0.0707
52b72061-9077-44ee-a61f-021cf403b197	8	142047414	142067450	13	-0.9801
52b72061-9077-44ee-a61f-021cf403b197	8	142067969	145072769	1107	-0.0385
52b72061-9077-44ee-a61f-021cf403b197	9	46587	1024034	983	0.0214
52b72061-9077-44ee-a61f-021cf403b197	9	1024120	1033354	11	-1.178
52b72061-9077-44ee-a61f-021cf403b197	9	1036552	6661613	5320	0.0157
52b72061-9077-44ee-a61f-021cf403b197	9	6663786	6670448	3	-7.6029
52b72061-9077-44ee-a61f-021cf403b197	9	6672097	23361807	14031	0.02
52b72061-9077-44ee-a61f-021cf403b197	9	23363117	23380447	11	0.8317
52b72061-9077-44ee-a61f-021cf403b197	9	23380836	38439975	10344	0.0102
52b72061-9077-44ee-a61f-021cf403b197	9	38440757	38440949	3	-1.3495
52b72061-9077-44ee-a61f-021cf403b197	9	38441589	39807498	360	-0.0135
52b72061-9077-44ee-a61f-021cf403b197	9	39827488	39833357	2	-2.7338
52b72061-9077-44ee-a61f-021cf403b197	9	39840169	40796987	14	-0.2434
52b72061-9077-44ee-a61f-021cf403b197	9	40832327	60889708	170	0.2753
52b72061-9077-44ee-a61f-021cf403b197	9	60893611	61918788	50	-0.3266
52b72061-9077-44ee-a61f-021cf403b197	9	61918848	69490699	1090	0.0127
52b72061-9077-44ee-a61f-021cf403b197	9	69490703	69505361	58	0.5058
52b72061-9077-44ee-a61f-021cf403b197	9	69512262	114417270	31768	0.0078
52b72061-9077-44ee-a61f-021cf403b197	9	114417499	114418957	4	-1.5485
52b72061-9077-44ee-a61f-021cf403b197	9	114420198	138200944	14953	-0.0001
52b72061-9077-44ee-a61f-021cf403b197	10	45792	24086334	19113	0.0036
52b72061-9077-44ee-a61f-021cf403b197	10	24088745	24089125	11	1.3234
52b72061-9077-44ee-a61f-021cf403b197	10	24089979	42701665	10083	0.0075
52b72061-9077-44ee-a61f-021cf403b197	10	42704010	42756256	39	0.5595
52b72061-9077-44ee-a61f-021cf403b197	10	42758139	50070600	4025	-0.008
52b72061-9077-44ee-a61f-021cf403b197	10	50081224	50150838	6	-1.4065
52b72061-9077-44ee-a61f-021cf403b197	10	50178219	65548272	10973	0.0146
52b72061-9077-44ee-a61f-021cf403b197	10	65548833	65554688	23	0.5256
52b72061-9077-44ee-a61f-021cf403b197	10	65563037	130425261	43993	0.0029
52b72061-9077-44ee-a61f-021cf403b197	10	130426458	131814796	1171	-0.0734
52b72061-9077-44ee-a61f-021cf403b197	10	131816128	133561696	817	0.015
52b72061-9077-44ee-a61f-021cf403b197	10	133562190	133563774	3	-1.4438
52b72061-9077-44ee-a61f-021cf403b197	10	133573736	133654968	34	0.0817
52b72061-9077-44ee-a61f-021cf403b197	11	198510	4949013	2409	-0.0027
52b72061-9077-44ee-a61f-021cf403b197	11	4949047	4954475	26	0.7909
52b72061-9077-44ee-a61f-021cf403b197	11	4955027	5762693	783	0.026
52b72061-9077-44ee-a61f-021cf403b197	11	5766175	5787909	33	-0.6096
52b72061-9077-44ee-a61f-021cf403b197	11	5788108	31371747	18468	0.0081
52b72061-9077-44ee-a61f-021cf403b197	11	31372721	31375533	2	-2.9719
52b72061-9077-44ee-a61f-021cf403b197	11	31376660	55608804	12636	0.0091
52b72061-9077-44ee-a61f-021cf403b197	11	55609022	55676735	41	0.7164
52b72061-9077-44ee-a61f-021cf403b197	11	55677392	60455532	2943	0.0195
52b72061-9077-44ee-a61f-021cf403b197	11	60455545	60461921	12	-1.2647
52b72061-9077-44ee-a61f-021cf403b197	11	60463593	135074876	49142	0.0073
52b72061-9077-44ee-a61f-021cf403b197	12	51460	30082648	20426	0.0101
52b72061-9077-44ee-a61f-021cf403b197	12	30086334	30090756	24	-2.0566
52b72061-9077-44ee-a61f-021cf403b197	12	30090789	31112123	869	0.0132
52b72061-9077-44ee-a61f-021cf403b197	12	31116364	31253973	87	0.6417
52b72061-9077-44ee-a61f-021cf403b197	12	31254189	97026877	38769	0.0082
52b72061-9077-44ee-a61f-021cf403b197	12	97028765	97031269	3	-2.4512
52b72061-9077-44ee-a61f-021cf403b197	12	97034142	133201603	24358	-0.0048
52b72061-9077-44ee-a61f-021cf403b197	13	18452809	31957984	9518	0.0102
52b72061-9077-44ee-a61f-021cf403b197	13	31958485	31964286	18	-0.9409
52b72061-9077-44ee-a61f-021cf403b197	13	31965910	37496998	3886	0.0087
52b72061-9077-44ee-a61f-021cf403b197	13	37497899	37510595	15	1.2124
52b72061-9077-44ee-a61f-021cf403b197	13	37510620	49618746	8324	0.0213
52b72061-9077-44ee-a61f-021cf403b197	13	49620708	49622696	3	-1.6329
52b72061-9077-44ee-a61f-021cf403b197	13	49629627	52520664	1541	0.0254
52b72061-9077-44ee-a61f-021cf403b197	13	52523849	52531650	3	-1.7548
52b72061-9077-44ee-a61f-021cf403b197	13	52543744	63650072	6426	0.0152
52b72061-9077-44ee-a61f-021cf403b197	13	63650659	63662559	9	-0.9658
52b72061-9077-44ee-a61f-021cf403b197	13	63665430	71902850	5170	0.0164
52b72061-9077-44ee-a61f-021cf403b197	13	71903417	71906418	4	1.4486
52b72061-9077-44ee-a61f-021cf403b197	13	71906467	77784995	4172	0.0115
52b72061-9077-44ee-a61f-021cf403b197	13	77785414	77792760	2	-1.7438
52b72061-9077-44ee-a61f-021cf403b197	13	77797755	114342922	24799	0.003
52b72061-9077-44ee-a61f-021cf403b197	14	18239283	19957701	170	-0.2229
52b72061-9077-44ee-a61f-021cf403b197	14	19957752	21704215	1156	0.0129
52b72061-9077-44ee-a61f-021cf403b197	14	21706549	22628613	799	0.1316
52b72061-9077-44ee-a61f-021cf403b197	14	22630225	88698109	41972	0.0107
52b72061-9077-44ee-a61f-021cf403b197	14	88701083	88999587	172	0.6915
52b72061-9077-44ee-a61f-021cf403b197	14	89004198	106877229	10931	0.0062
52b72061-9077-44ee-a61f-021cf403b197	15	19811075	24189385	1098	0.021
52b72061-9077-44ee-a61f-021cf403b197	15	24197072	24297086	53	-0.9954
52b72061-9077-44ee-a61f-021cf403b197	15	24302274	30215235	3673	-0.0044
52b72061-9077-44ee-a61f-021cf403b197	15	30230885	30608675	28	0.4253
52b72061-9077-44ee-a61f-021cf403b197	15	30621384	53492691	14191	0.0065
52b72061-9077-44ee-a61f-021cf403b197	15	53492794	53493082	6	-1.1496
52b72061-9077-44ee-a61f-021cf403b197	15	53498050	53902792	310	0.0217
52b72061-9077-44ee-a61f-021cf403b197	15	53908153	53909163	2	-2.3466
52b72061-9077-44ee-a61f-021cf403b197	15	53912031	76599170	14437	0.007
52b72061-9077-44ee-a61f-021cf403b197	15	76599286	76603434	20	0.8797
52b72061-9077-44ee-a61f-021cf403b197	15	76609838	101928837	17541	0.0036
52b72061-9077-44ee-a61f-021cf403b197	16	10777	55762682	26813	-0.0116
52b72061-9077-44ee-a61f-021cf403b197	16	55764310	55764867	3	2.7773
52b72061-9077-44ee-a61f-021cf403b197	16	55770436	55782793	12	-0.7697
52b72061-9077-44ee-a61f-021cf403b197	16	55788057	70090510	8712	0.0045
52b72061-9077-44ee-a61f-021cf403b197	16	70090862	70179141	20	-0.5154
52b72061-9077-44ee-a61f-021cf403b197	16	70200633	74350360	2292	-0.0035
52b72061-9077-44ee-a61f-021cf403b197	16	74363160	74432912	13	-0.7897
52b72061-9077-44ee-a61f-021cf403b197	16	74432937	90096867	13766	-0.0057
52b72061-9077-44ee-a61f-021cf403b197	17	150733	16798212	10425	0.0003
52b72061-9077-44ee-a61f-021cf403b197	17	16806233	16834846	6	-1.2514
52b72061-9077-44ee-a61f-021cf403b197	17	16838201	18413879	905	-0.006
52b72061-9077-44ee-a61f-021cf403b197	17	18414080	18561907	28	0.9588
52b72061-9077-44ee-a61f-021cf403b197	17	18565883	46136800	11916	-0.0076
52b72061-9077-44ee-a61f-021cf403b197	17	46137998	46284643	84	-0.4294
52b72061-9077-44ee-a61f-021cf403b197	17	46284997	78285287	19169	0.0055
52b72061-9077-44ee-a61f-021cf403b197	17	78286051	78286887	2	-2.0109
52b72061-9077-44ee-a61f-021cf403b197	17	78290662	78598958	177	-0.0055
52b72061-9077-44ee-a61f-021cf403b197	17	78599049	78602215	6	-0.9111
52b72061-9077-44ee-a61f-021cf403b197	17	78606322	82613184	1873	-0.0211
52b72061-9077-44ee-a61f-021cf403b197	17	82613253	82613318	2	-2.9325
52b72061-9077-44ee-a61f-021cf403b197	17	82613629	83091923	247	0.01
52b72061-9077-44ee-a61f-021cf403b197	18	48133	80257174	50564	0.0067
52b72061-9077-44ee-a61f-021cf403b197	19	90910	5506648	1579	-0.0143
52b72061-9077-44ee-a61f-021cf403b197	19	5510228	5510689	4	-1.5654
52b72061-9077-44ee-a61f-021cf403b197	19	5513048	24274155	9492	-0.0101
52b72061-9077-44ee-a61f-021cf403b197	19	24278016	24282042	8	-1.2053
52b72061-9077-44ee-a61f-021cf403b197	19	24282151	55755693	16068	-0.0108
52b72061-9077-44ee-a61f-021cf403b197	19	55757063	55774927	13	0.8238
52b72061-9077-44ee-a61f-021cf403b197	19	55777575	55991994	214	-0.0329
52b72061-9077-44ee-a61f-021cf403b197	19	55992324	55994810	2	-1.8692
52b72061-9077-44ee-a61f-021cf403b197	19	55996661	58586487	1612	-0.0116
52b72061-9077-44ee-a61f-021cf403b197	20	80664	1580305	1196	-0.0177
52b72061-9077-44ee-a61f-021cf403b197	20	1580353	1613247	42	1.7921
52b72061-9077-44ee-a61f-021cf403b197	20	1617300	64324800	40942	0.0003
52b72061-9077-44ee-a61f-021cf403b197	21	10354168	10585552	60	0.0468
52b72061-9077-44ee-a61f-021cf403b197	21	10589032	12973348	28	0.5613
52b72061-9077-44ee-a61f-021cf403b197	21	12992210	46677045	23683	0.0051
52b72061-9077-44ee-a61f-021cf403b197	22	15294547	20621700	2180	-0.0357
52b72061-9077-44ee-a61f-021cf403b197	22	20622790	20622985	2	-2.4127
52b72061-9077-44ee-a61f-021cf403b197	22	20624104	38955461	12994	-0.0167
52b72061-9077-44ee-a61f-021cf403b197	22	38967614	38999476	33	-0.7345
52b72061-9077-44ee-a61f-021cf403b197	22	38999487	48872888	6743	-0.0077
52b72061-9077-44ee-a61f-021cf403b197	22	48874111	48877914	4	-1.3785
52b72061-9077-44ee-a61f-021cf403b197	22	48882111	50796027	1220	-0.0546
52b72061-9077-44ee-a61f-021cf403b197	X	251810	155952689	83430	0.0094
52b72061-9077-44ee-a61f-021cf403b197	Y	2782397	13478396	3247	-1.1927
52b72061-9077-44ee-a61f-021cf403b197	Y	13478462	13479657	2	-7.1087
52b72061-9077-44ee-a61f-021cf403b197	Y	13482643	20752415	2621	-1.2134
52b72061-9077-44ee-a61f-021cf403b197	Y	20752492	20756691	2	-5.9901
52b72061-9077-44ee-a61f-021cf403b197	Y	20757006	56872112	729	-1.1689
