GDC_Aliquot	Chromosome	Start	End	Num_Probes	Segment_Mean
4b634cdf-e7d6-4ac5-8128-d29baeb34bf8	1	3301765	5759986	1765	0.1426
4b634cdf-e7d6-4ac5-8128-d29baeb34bf8	1	5760609	5771058	2	-1.4815
4b634cdf-e7d6-4ac5-8128-d29baeb34bf8	1	5772913	14411609	4329	0.1779
4b634cdf-e7d6-4ac5-8128-d29baeb34bf8	1	14414321	14544198	121	-1.5736
4b634cdf-e7d6-4ac5-8128-d29baeb34bf8	1	14548673	31051004	8717	0.1712
4b634cdf-e7d6-4ac5-8128-d29baeb34bf8	1	31063777	31787204	364	0.4261
4b634cdf-e7d6-4ac5-8128-d29baeb34bf8	1	31787704	38019303	3272	0.122
4b634cdf-e7d6-4ac5-8128-d29baeb34bf8	1	38023346	38856651	556	0.3732
4b634cdf-e7d6-4ac5-8128-d29baeb34bf8	1	38856702	38892471	21	0.5513
4b634cdf-e7d6-4ac5-8128-d29baeb34bf8	1	38894022	40210290	623	0.8148
4b634cdf-e7d6-4ac5-8128-d29baeb34bf8	1	40214177	40926293	329	0.5984
4b634cdf-e7d6-4ac5-8128-d29baeb34bf8	1	40928651	43898223	1842	0.131
4b634cdf-e7d6-4ac5-8128-d29baeb34bf8	1	43900578	43968192	36	-0.3258
4b634cdf-e7d6-4ac5-8128-d29baeb34bf8	1	43973302	46363062	1029	0.1193
4b634cdf-e7d6-4ac5-8128-d29baeb34bf8	1	46363431	47052288	371	0.6014
4b634cdf-e7d6-4ac5-8128-d29baeb34bf8	1	47053873	49430834	1500	0.0927
4b634cdf-e7d6-4ac5-8128-d29baeb34bf8	1	49431322	53776301	2054	-0.2352
4b634cdf-e7d6-4ac5-8128-d29baeb34bf8	1	53779486	53781898	4	-2.0324
4b634cdf-e7d6-4ac5-8128-d29baeb34bf8	1	53786525	109515511	34368	-0.2352
4b634cdf-e7d6-4ac5-8128-d29baeb34bf8	1	109516871	109631153	58	-0.7771
4b634cdf-e7d6-4ac5-8128-d29baeb34bf8	1	109631926	119981279	6553	-0.2401
4b634cdf-e7d6-4ac5-8128-d29baeb34bf8	1	119981332	155446185	2636	0.6134
4b634cdf-e7d6-4ac5-8128-d29baeb34bf8	1	155451760	155776019	112	0.1541
4b634cdf-e7d6-4ac5-8128-d29baeb34bf8	1	155776231	156260415	210	0.6514
4b634cdf-e7d6-4ac5-8128-d29baeb34bf8	1	156262567	156737983	232	0.4025
4b634cdf-e7d6-4ac5-8128-d29baeb34bf8	1	156741003	173852210	11799	-0.2356
4b634cdf-e7d6-4ac5-8128-d29baeb34bf8	1	173852302	174010281	102	0.1719
4b634cdf-e7d6-4ac5-8128-d29baeb34bf8	1	174017820	247650984	46269	-0.2379
4b634cdf-e7d6-4ac5-8128-d29baeb34bf8	2	480597	8058948	4586	-0.0124
4b634cdf-e7d6-4ac5-8128-d29baeb34bf8	2	8059409	13223823	3578	0.0527
4b634cdf-e7d6-4ac5-8128-d29baeb34bf8	2	13224491	15157288	1209	-0.0027
4b634cdf-e7d6-4ac5-8128-d29baeb34bf8	2	15159239	15161831	3	-1.303
4b634cdf-e7d6-4ac5-8128-d29baeb34bf8	2	15163630	15685864	335	0.017
4b634cdf-e7d6-4ac5-8128-d29baeb34bf8	2	15685883	15686576	2	-2.0553
4b634cdf-e7d6-4ac5-8128-d29baeb34bf8	2	15686924	16287585	404	0.0319
4b634cdf-e7d6-4ac5-8128-d29baeb34bf8	2	16287802	42849131	15223	0.0903
4b634cdf-e7d6-4ac5-8128-d29baeb34bf8	2	42849416	42980352	119	0.3594
4b634cdf-e7d6-4ac5-8128-d29baeb34bf8	2	42980527	43113262	90	0.6439
4b634cdf-e7d6-4ac5-8128-d29baeb34bf8	2	43114959	43197565	64	0.3504
4b634cdf-e7d6-4ac5-8128-d29baeb34bf8	2	43202667	48856757	3626	0.0941
4b634cdf-e7d6-4ac5-8128-d29baeb34bf8	2	48856819	61519354	6979	0.0521
4b634cdf-e7d6-4ac5-8128-d29baeb34bf8	2	61522555	74201991	7275	0.0935
4b634cdf-e7d6-4ac5-8128-d29baeb34bf8	2	74202065	74678362	217	0.356
4b634cdf-e7d6-4ac5-8128-d29baeb34bf8	2	74679073	77179068	1532	0.0802
4b634cdf-e7d6-4ac5-8128-d29baeb34bf8	2	77182669	84007676	3517	0.0171
4b634cdf-e7d6-4ac5-8128-d29baeb34bf8	2	84008070	101933612	5050	0.0847
4b634cdf-e7d6-4ac5-8128-d29baeb34bf8	2	101934449	102145307	139	0.4103
4b634cdf-e7d6-4ac5-8128-d29baeb34bf8	2	102147451	112208932	5273	0.0656
4b634cdf-e7d6-4ac5-8128-d29baeb34bf8	2	112210707	113086733	568	0.581
4b634cdf-e7d6-4ac5-8128-d29baeb34bf8	2	113086804	113478959	178	0.8051
4b634cdf-e7d6-4ac5-8128-d29baeb34bf8	2	113478973	113730298	50	0.5485
4b634cdf-e7d6-4ac5-8128-d29baeb34bf8	2	113731636	113972807	138	0.1001
4b634cdf-e7d6-4ac5-8128-d29baeb34bf8	2	113973208	114251589	201	0.3417
4b634cdf-e7d6-4ac5-8128-d29baeb34bf8	2	114253193	114648115	224	1.5103
4b634cdf-e7d6-4ac5-8128-d29baeb34bf8	2	114648697	115554585	504	1.2696
4b634cdf-e7d6-4ac5-8128-d29baeb34bf8	2	115557547	115997038	171	1.0932
4b634cdf-e7d6-4ac5-8128-d29baeb34bf8	2	116002395	116109346	60	0.9621
4b634cdf-e7d6-4ac5-8128-d29baeb34bf8	2	116111863	116214083	51	0.7798
4b634cdf-e7d6-4ac5-8128-d29baeb34bf8	2	116259983	117294831	348	1.0255
4b634cdf-e7d6-4ac5-8128-d29baeb34bf8	2	117294902	117612478	108	0.7207
4b634cdf-e7d6-4ac5-8128-d29baeb34bf8	2	117612902	117743443	92	0.8915
4b634cdf-e7d6-4ac5-8128-d29baeb34bf8	2	117745392	117746920	5	1.7243
4b634cdf-e7d6-4ac5-8128-d29baeb34bf8	2	117749380	117865787	76	1.0786
4b634cdf-e7d6-4ac5-8128-d29baeb34bf8	2	117866877	117952632	44	0.2568
4b634cdf-e7d6-4ac5-8128-d29baeb34bf8	2	117958614	123941078	3624	0.761
4b634cdf-e7d6-4ac5-8128-d29baeb34bf8	2	123941694	190640968	36657	0.3403
4b634cdf-e7d6-4ac5-8128-d29baeb34bf8	2	190643285	191150346	297	0.6058
4b634cdf-e7d6-4ac5-8128-d29baeb34bf8	2	191152127	191161950	3	-0.6318
4b634cdf-e7d6-4ac5-8128-d29baeb34bf8	2	191166537	198836007	3649	0.5872
4b634cdf-e7d6-4ac5-8128-d29baeb34bf8	2	198836481	216384345	10319	0.3489
4b634cdf-e7d6-4ac5-8128-d29baeb34bf8	2	216387101	216932047	398	0.6007
4b634cdf-e7d6-4ac5-8128-d29baeb34bf8	2	216935397	218485029	1000	0.361
4b634cdf-e7d6-4ac5-8128-d29baeb34bf8	2	218488526	218782764	139	0.1691
4b634cdf-e7d6-4ac5-8128-d29baeb34bf8	2	218785893	219701364	435	0.3401
4b634cdf-e7d6-4ac5-8128-d29baeb34bf8	2	219702258	219702688	3	-1.0366
4b634cdf-e7d6-4ac5-8128-d29baeb34bf8	2	219703372	226796560	4732	0.3595
4b634cdf-e7d6-4ac5-8128-d29baeb34bf8	2	226798469	227228394	266	0.5566
4b634cdf-e7d6-4ac5-8128-d29baeb34bf8	2	227232965	227398322	99	0.7642
4b634cdf-e7d6-4ac5-8128-d29baeb34bf8	2	227399542	227406818	4	0.3574
4b634cdf-e7d6-4ac5-8128-d29baeb34bf8	2	227406935	228152201	482	-0.2956
4b634cdf-e7d6-4ac5-8128-d29baeb34bf8	2	228152232	229712080	1024	-0.8161
4b634cdf-e7d6-4ac5-8128-d29baeb34bf8	2	230031484	231646803	814	-0.3021
4b634cdf-e7d6-4ac5-8128-d29baeb34bf8	2	231662900	231821919	67	0.098
4b634cdf-e7d6-4ac5-8128-d29baeb34bf8	2	231850661	236631904	2964	-0.3062
4b634cdf-e7d6-4ac5-8128-d29baeb34bf8	2	236636458	236636798	2	-3.7871
4b634cdf-e7d6-4ac5-8128-d29baeb34bf8	2	236636869	241537572	2866	-0.3172
4b634cdf-e7d6-4ac5-8128-d29baeb34bf8	3	2170634	14027562	7149	-0.2338
4b634cdf-e7d6-4ac5-8128-d29baeb34bf8	3	14028131	14031678	2	-2.6863
4b634cdf-e7d6-4ac5-8128-d29baeb34bf8	3	14040393	50259521	20727	-0.2359
4b634cdf-e7d6-4ac5-8128-d29baeb34bf8	3	50278688	51312654	479	-0.67
4b634cdf-e7d6-4ac5-8128-d29baeb34bf8	3	51325239	68809278	10810	-0.2356
4b634cdf-e7d6-4ac5-8128-d29baeb34bf8	3	68816029	68840758	19	-0.781
4b634cdf-e7d6-4ac5-8128-d29baeb34bf8	3	68841487	81344566	7577	-0.2535
4b634cdf-e7d6-4ac5-8128-d29baeb34bf8	3	81348792	82633292	704	0.3485
4b634cdf-e7d6-4ac5-8128-d29baeb34bf8	3	82633670	94018736	3617	-0.2844
4b634cdf-e7d6-4ac5-8128-d29baeb34bf8	3	94021848	101194595	3720	0.1023
4b634cdf-e7d6-4ac5-8128-d29baeb34bf8	3	101195191	101202341	3	-2.0106
4b634cdf-e7d6-4ac5-8128-d29baeb34bf8	3	101202559	107236590	3405	0.0922
4b634cdf-e7d6-4ac5-8128-d29baeb34bf8	3	107244082	110322685	1590	0.1481
4b634cdf-e7d6-4ac5-8128-d29baeb34bf8	3	110322927	110325534	3	-1.239
4b634cdf-e7d6-4ac5-8128-d29baeb34bf8	3	110325754	115654882	3118	0.1396
4b634cdf-e7d6-4ac5-8128-d29baeb34bf8	3	115655828	116940018	948	0.0778
4b634cdf-e7d6-4ac5-8128-d29baeb34bf8	3	116940197	117545246	460	-0.2637
4b634cdf-e7d6-4ac5-8128-d29baeb34bf8	3	117548442	117788586	164	0.086
4b634cdf-e7d6-4ac5-8128-d29baeb34bf8	3	117789354	118231247	295	0.3913
4b634cdf-e7d6-4ac5-8128-d29baeb34bf8	3	118233257	139553128	11843	0.1272
4b634cdf-e7d6-4ac5-8128-d29baeb34bf8	3	139554075	139554115	2	-2.4986
4b634cdf-e7d6-4ac5-8128-d29baeb34bf8	3	139554380	142614183	1810	0.1441
4b634cdf-e7d6-4ac5-8128-d29baeb34bf8	3	142615127	147858729	2370	0.098
4b634cdf-e7d6-4ac5-8128-d29baeb34bf8	3	147859408	163160516	8364	0.1358
4b634cdf-e7d6-4ac5-8128-d29baeb34bf8	3	163160545	168666926	2444	0.0838
4b634cdf-e7d6-4ac5-8128-d29baeb34bf8	3	168671647	169058565	204	0.2138
4b634cdf-e7d6-4ac5-8128-d29baeb34bf8	3	169060409	192990656	13187	0.1474
4b634cdf-e7d6-4ac5-8128-d29baeb34bf8	3	192991688	197812401	1821	0.2041
4b634cdf-e7d6-4ac5-8128-d29baeb34bf8	4	1059384	1239394	103	0.1613
4b634cdf-e7d6-4ac5-8128-d29baeb34bf8	4	1243052	3340410	824	0.4216
4b634cdf-e7d6-4ac5-8128-d29baeb34bf8	4	3342611	40298327	23318	0.1057
4b634cdf-e7d6-4ac5-8128-d29baeb34bf8	4	40299745	40453642	92	0.3775
4b634cdf-e7d6-4ac5-8128-d29baeb34bf8	4	40455110	43479975	1635	0.1128
4b634cdf-e7d6-4ac5-8128-d29baeb34bf8	4	43483181	47152739	1798	0.0302
4b634cdf-e7d6-4ac5-8128-d29baeb34bf8	4	47154242	57734795	4407	0.1005
4b634cdf-e7d6-4ac5-8128-d29baeb34bf8	4	57735959	67943270	5579	0.0534
4b634cdf-e7d6-4ac5-8128-d29baeb34bf8	4	67943580	145600405	42710	0.1039
4b634cdf-e7d6-4ac5-8128-d29baeb34bf8	4	145602255	170771929	14127	-0.237
4b634cdf-e7d6-4ac5-8128-d29baeb34bf8	4	170772014	181981157	6061	-0.2847
4b634cdf-e7d6-4ac5-8128-d29baeb34bf8	4	181983062	182324953	288	0.1071
4b634cdf-e7d6-4ac5-8128-d29baeb34bf8	4	182325543	183552148	359	-0.2247
4b634cdf-e7d6-4ac5-8128-d29baeb34bf8	4	183557200	186025458	872	-0.7396
4b634cdf-e7d6-4ac5-8128-d29baeb34bf8	4	186026511	186029329	2	-3.3387
4b634cdf-e7d6-4ac5-8128-d29baeb34bf8	4	186029475	187842528	1039	-0.7724
4b634cdf-e7d6-4ac5-8128-d29baeb34bf8	5	913983	2077242	244	1.2714
4b634cdf-e7d6-4ac5-8128-d29baeb34bf8	5	2080115	2081711	2	-0.6326
4b634cdf-e7d6-4ac5-8128-d29baeb34bf8	5	2085242	5986081	3325	1.2135
4b634cdf-e7d6-4ac5-8128-d29baeb34bf8	5	5986288	5986659	3	-1.0176
4b634cdf-e7d6-4ac5-8128-d29baeb34bf8	5	5988953	9623994	2793	1.204
4b634cdf-e7d6-4ac5-8128-d29baeb34bf8	5	9624014	12017511	1636	1.2605
4b634cdf-e7d6-4ac5-8128-d29baeb34bf8	5	12026551	12026890	2	-0.6988
4b634cdf-e7d6-4ac5-8128-d29baeb34bf8	5	12033412	15331291	1950	1.2854
4b634cdf-e7d6-4ac5-8128-d29baeb34bf8	5	15332460	15332471	4	-0.0542
4b634cdf-e7d6-4ac5-8128-d29baeb34bf8	5	15332592	17896037	1044	1.2603
4b634cdf-e7d6-4ac5-8128-d29baeb34bf8	5	17896378	21732155	1807	1.1593
4b634cdf-e7d6-4ac5-8128-d29baeb34bf8	5	21732626	29313820	4059	1.2214
4b634cdf-e7d6-4ac5-8128-d29baeb34bf8	5	29314203	45383300	9224	1.1665
4b634cdf-e7d6-4ac5-8128-d29baeb34bf8	5	50828231	72018413	11570	-0.2379
4b634cdf-e7d6-4ac5-8128-d29baeb34bf8	5	72023925	72872413	482	0.1279
4b634cdf-e7d6-4ac5-8128-d29baeb34bf8	5	72875657	81015372	4962	-0.2424
4b634cdf-e7d6-4ac5-8128-d29baeb34bf8	5	81015700	81016164	2	-3.0147
4b634cdf-e7d6-4ac5-8128-d29baeb34bf8	5	81016398	139617694	32144	-0.2523
4b634cdf-e7d6-4ac5-8128-d29baeb34bf8	5	139617842	139900240	127	-0.7301
4b634cdf-e7d6-4ac5-8128-d29baeb34bf8	5	139906877	149290602	5777	-0.2396
4b634cdf-e7d6-4ac5-8128-d29baeb34bf8	5	149293621	149831285	352	0.1493
4b634cdf-e7d6-4ac5-8128-d29baeb34bf8	5	149833893	171765033	14456	-0.2447
4b634cdf-e7d6-4ac5-8128-d29baeb34bf8	5	171767234	171767886	3	-1.9298
4b634cdf-e7d6-4ac5-8128-d29baeb34bf8	5	171769518	174309207	1588	-0.2171
4b634cdf-e7d6-4ac5-8128-d29baeb34bf8	5	174312898	174319926	3	-3.6252
4b634cdf-e7d6-4ac5-8128-d29baeb34bf8	5	174322572	180934240	3226	-0.2303
4b634cdf-e7d6-4ac5-8128-d29baeb34bf8	6	1011760	33805422	19817	0.1095
4b634cdf-e7d6-4ac5-8128-d29baeb34bf8	6	33806748	33809877	2	-2.0261
4b634cdf-e7d6-4ac5-8128-d29baeb34bf8	6	33811187	36736441	1478	0.1204
4b634cdf-e7d6-4ac5-8128-d29baeb34bf8	6	36736455	37116685	288	0.4315
4b634cdf-e7d6-4ac5-8128-d29baeb34bf8	6	37117488	37441861	178	0.7862
4b634cdf-e7d6-4ac5-8128-d29baeb34bf8	6	37447300	38690440	823	0.3959
4b634cdf-e7d6-4ac5-8128-d29baeb34bf8	6	38691107	39012489	289	0.1217
4b634cdf-e7d6-4ac5-8128-d29baeb34bf8	6	39014468	42605121	2474	-0.234
4b634cdf-e7d6-4ac5-8128-d29baeb34bf8	6	42605423	42607044	2	-2.065
4b634cdf-e7d6-4ac5-8128-d29baeb34bf8	6	42609959	45824433	1716	-0.2322
4b634cdf-e7d6-4ac5-8128-d29baeb34bf8	6	45832390	45892112	52	-0.7404
4b634cdf-e7d6-4ac5-8128-d29baeb34bf8	6	45895706	48702932	1721	-0.2226
4b634cdf-e7d6-4ac5-8128-d29baeb34bf8	6	48706685	63119996	5893	0.0848
4b634cdf-e7d6-4ac5-8128-d29baeb34bf8	6	63120756	63341056	120	-0.4185
4b634cdf-e7d6-4ac5-8128-d29baeb34bf8	6	63341610	69491373	3429	-0.3116
4b634cdf-e7d6-4ac5-8128-d29baeb34bf8	6	69522312	77904860	4896	-0.4149
4b634cdf-e7d6-4ac5-8128-d29baeb34bf8	6	77905145	77937990	18	-1.0751
4b634cdf-e7d6-4ac5-8128-d29baeb34bf8	6	77942539	78682011	347	-0.4232
4b634cdf-e7d6-4ac5-8128-d29baeb34bf8	6	78687349	78690415	4	-2.1558
4b634cdf-e7d6-4ac5-8128-d29baeb34bf8	6	78690658	80371220	779	-0.4037
4b634cdf-e7d6-4ac5-8128-d29baeb34bf8	6	80371379	83060458	1534	-0.7312
4b634cdf-e7d6-4ac5-8128-d29baeb34bf8	6	83063514	84594774	931	-0.268
4b634cdf-e7d6-4ac5-8128-d29baeb34bf8	6	84605017	85290386	461	0.0986
4b634cdf-e7d6-4ac5-8128-d29baeb34bf8	6	85290747	85350608	51	-0.2504
4b634cdf-e7d6-4ac5-8128-d29baeb34bf8	6	85350759	91452981	3509	0.1035
4b634cdf-e7d6-4ac5-8128-d29baeb34bf8	6	91454850	97536001	2763	-0.7387
4b634cdf-e7d6-4ac5-8128-d29baeb34bf8	6	97543323	99917848	1522	-0.3632
4b634cdf-e7d6-4ac5-8128-d29baeb34bf8	6	99920322	104976510	2707	-0.7584
4b634cdf-e7d6-4ac5-8128-d29baeb34bf8	6	104977355	105886238	583	0.113
4b634cdf-e7d6-4ac5-8128-d29baeb34bf8	6	105888488	106125497	154	-0.2399
4b634cdf-e7d6-4ac5-8128-d29baeb34bf8	6	106126477	106127887	2	-5.2274
4b634cdf-e7d6-4ac5-8128-d29baeb34bf8	6	106129111	107697078	963	-0.1789
4b634cdf-e7d6-4ac5-8128-d29baeb34bf8	6	107697160	107698115	3	-1.9837
4b634cdf-e7d6-4ac5-8128-d29baeb34bf8	6	107698785	110988310	1975	-0.1779
4b634cdf-e7d6-4ac5-8128-d29baeb34bf8	6	110990268	110995515	3	-1.7499
4b634cdf-e7d6-4ac5-8128-d29baeb34bf8	6	110996202	112819465	1111	-0.1789
4b634cdf-e7d6-4ac5-8128-d29baeb34bf8	6	112819660	112819677	2	-3.2526
4b634cdf-e7d6-4ac5-8128-d29baeb34bf8	6	112819706	114964219	1323	-0.182
4b634cdf-e7d6-4ac5-8128-d29baeb34bf8	6	114969176	124034061	4686	0.0843
4b634cdf-e7d6-4ac5-8128-d29baeb34bf8	6	124034325	125065831	666	0.3479
4b634cdf-e7d6-4ac5-8128-d29baeb34bf8	6	125068153	133970280	5647	-0.177
4b634cdf-e7d6-4ac5-8128-d29baeb34bf8	6	133978715	134131807	105	0.2408
4b634cdf-e7d6-4ac5-8128-d29baeb34bf8	6	134136064	170596889	21798	-0.1829
4b634cdf-e7d6-4ac5-8128-d29baeb34bf8	7	664936	3762998	1141	0.3959
4b634cdf-e7d6-4ac5-8128-d29baeb34bf8	7	3766579	7707838	1645	-0.2473
4b634cdf-e7d6-4ac5-8128-d29baeb34bf8	7	7717436	7719570	3	-2.6359
4b634cdf-e7d6-4ac5-8128-d29baeb34bf8	7	7719595	9568317	774	-0.2297
4b634cdf-e7d6-4ac5-8128-d29baeb34bf8	7	9581573	15874190	4082	-0.3078
4b634cdf-e7d6-4ac5-8128-d29baeb34bf8	7	15874391	26949164	6798	-0.2503
4b634cdf-e7d6-4ac5-8128-d29baeb34bf8	7	26951197	32360046	3470	0.1068
4b634cdf-e7d6-4ac5-8128-d29baeb34bf8	7	32362202	32852489	262	-0.7031
4b634cdf-e7d6-4ac5-8128-d29baeb34bf8	7	32855543	33195746	136	0.0739
4b634cdf-e7d6-4ac5-8128-d29baeb34bf8	7	33195900	35540919	1490	0.3437
4b634cdf-e7d6-4ac5-8128-d29baeb34bf8	7	35541080	51703627	10439	0.3872
4b634cdf-e7d6-4ac5-8128-d29baeb34bf8	7	51704673	68133357	4658	0.3515
4b634cdf-e7d6-4ac5-8128-d29baeb34bf8	7	68138800	77401123	3769	-0.2404
4b634cdf-e7d6-4ac5-8128-d29baeb34bf8	7	77403521	158592540	43055	0.0955
4b634cdf-e7d6-4ac5-8128-d29baeb34bf8	8	667625	5376611	2626	-0.3133
4b634cdf-e7d6-4ac5-8128-d29baeb34bf8	8	5377228	13899258	3466	-0.2483
4b634cdf-e7d6-4ac5-8128-d29baeb34bf8	8	13899782	13929592	23	-0.7673
4b634cdf-e7d6-4ac5-8128-d29baeb34bf8	8	13930239	19280118	4162	-0.2531
4b634cdf-e7d6-4ac5-8128-d29baeb34bf8	8	19293285	19402883	60	-0.7515
4b634cdf-e7d6-4ac5-8128-d29baeb34bf8	8	19404219	23874737	3110	-0.2649
4b634cdf-e7d6-4ac5-8128-d29baeb34bf8	8	23877047	24510310	356	0.1268
4b634cdf-e7d6-4ac5-8128-d29baeb34bf8	8	24510483	31633105	4795	-0.2412
4b634cdf-e7d6-4ac5-8128-d29baeb34bf8	8	31638877	32057429	295	0.3796
4b634cdf-e7d6-4ac5-8128-d29baeb34bf8	8	32058352	32513110	407	0.5816
4b634cdf-e7d6-4ac5-8128-d29baeb34bf8	8	32517610	33311457	528	0.0955
4b634cdf-e7d6-4ac5-8128-d29baeb34bf8	8	33312735	36116654	1390	-0.2564
4b634cdf-e7d6-4ac5-8128-d29baeb34bf8	8	36117038	41509360	2896	0.0896
4b634cdf-e7d6-4ac5-8128-d29baeb34bf8	8	41513426	52793603	4066	0.5638
4b634cdf-e7d6-4ac5-8128-d29baeb34bf8	8	52793981	52801012	8	1.2342
4b634cdf-e7d6-4ac5-8128-d29baeb34bf8	8	52803506	52883728	69	0.9744
4b634cdf-e7d6-4ac5-8128-d29baeb34bf8	8	52893043	53219483	165	1.3788
4b634cdf-e7d6-4ac5-8128-d29baeb34bf8	8	53221412	97186619	25416	0.0754
4b634cdf-e7d6-4ac5-8128-d29baeb34bf8	8	97190228	104576569	4238	0.1153
4b634cdf-e7d6-4ac5-8128-d29baeb34bf8	8	104581457	115410054	5588	0.0668
4b634cdf-e7d6-4ac5-8128-d29baeb34bf8	8	115413632	123683982	5473	0.1164
4b634cdf-e7d6-4ac5-8128-d29baeb34bf8	8	123684627	144182542	12850	0.0699
4b634cdf-e7d6-4ac5-8128-d29baeb34bf8	9	789794	15994822	8880	-0.2567
4b634cdf-e7d6-4ac5-8128-d29baeb34bf8	9	15996649	16085493	124	0.5207
4b634cdf-e7d6-4ac5-8128-d29baeb34bf8	9	16090290	32875608	10949	-0.2654
4b634cdf-e7d6-4ac5-8128-d29baeb34bf8	9	32876779	32876934	2	-2.644
4b634cdf-e7d6-4ac5-8128-d29baeb34bf8	9	32877015	34197863	803	-0.2485
4b634cdf-e7d6-4ac5-8128-d29baeb34bf8	9	34198060	34302282	39	0.2902
4b634cdf-e7d6-4ac5-8128-d29baeb34bf8	9	34303877	34609522	166	0.6344
4b634cdf-e7d6-4ac5-8128-d29baeb34bf8	9	34610593	36616889	1016	0.3944
4b634cdf-e7d6-4ac5-8128-d29baeb34bf8	9	36630418	36815059	142	0.0948
4b634cdf-e7d6-4ac5-8128-d29baeb34bf8	9	36820607	38682804	1320	0.3627
4b634cdf-e7d6-4ac5-8128-d29baeb34bf8	9	38682887	68974952	546	0.1009
4b634cdf-e7d6-4ac5-8128-d29baeb34bf8	9	68975444	74695172	3827	-0.2408
4b634cdf-e7d6-4ac5-8128-d29baeb34bf8	9	74696920	74701066	7	-2.6379
4b634cdf-e7d6-4ac5-8128-d29baeb34bf8	9	74705081	88611132	9698	-0.2481
4b634cdf-e7d6-4ac5-8128-d29baeb34bf8	9	88612949	88614920	3	-1.9898
4b634cdf-e7d6-4ac5-8128-d29baeb34bf8	9	88616100	93758663	3249	-0.2366
4b634cdf-e7d6-4ac5-8128-d29baeb34bf8	9	93763638	94429360	327	0.1169
4b634cdf-e7d6-4ac5-8128-d29baeb34bf8	9	94439233	106996923	7783	-0.2453
4b634cdf-e7d6-4ac5-8128-d29baeb34bf8	9	106997628	107013479	16	-1
4b634cdf-e7d6-4ac5-8128-d29baeb34bf8	9	107015752	116316797	6609	-0.2277
4b634cdf-e7d6-4ac5-8128-d29baeb34bf8	9	116318027	119926659	2889	-0.2804
4b634cdf-e7d6-4ac5-8128-d29baeb34bf8	9	119928695	136487489	9383	-0.2242
4b634cdf-e7d6-4ac5-8128-d29baeb34bf8	9	136495798	136619628	31	0.3323
4b634cdf-e7d6-4ac5-8128-d29baeb34bf8	9	136623715	138044505	371	-0.2413
4b634cdf-e7d6-4ac5-8128-d29baeb34bf8	10	366509	4485690	2606	0.3601
4b634cdf-e7d6-4ac5-8128-d29baeb34bf8	10	4491354	4586389	89	0.0863
4b634cdf-e7d6-4ac5-8128-d29baeb34bf8	10	4586592	5025618	364	0.3597
4b634cdf-e7d6-4ac5-8128-d29baeb34bf8	10	5025921	6110599	663	0.6124
4b634cdf-e7d6-4ac5-8128-d29baeb34bf8	10	6111004	38444579	22419	0.3649
4b634cdf-e7d6-4ac5-8128-d29baeb34bf8	10	38462431	42507635	97	0.0156
4b634cdf-e7d6-4ac5-8128-d29baeb34bf8	10	42507992	43399153	534	0.362
4b634cdf-e7d6-4ac5-8128-d29baeb34bf8	10	43401115	47142112	1466	0.1074
4b634cdf-e7d6-4ac5-8128-d29baeb34bf8	10	47142376	47151429	4	-0.4916
4b634cdf-e7d6-4ac5-8128-d29baeb34bf8	10	47151857	47327025	147	0.0988
4b634cdf-e7d6-4ac5-8128-d29baeb34bf8	10	48188464	72263962	14452	-0.242
4b634cdf-e7d6-4ac5-8128-d29baeb34bf8	10	72264768	72265609	2	-2.6679
4b634cdf-e7d6-4ac5-8128-d29baeb34bf8	10	72267782	76418856	2077	-0.2197
4b634cdf-e7d6-4ac5-8128-d29baeb34bf8	10	76429305	77095602	477	0.8177
4b634cdf-e7d6-4ac5-8128-d29baeb34bf8	10	77095686	79447919	1923	0.6283
4b634cdf-e7d6-4ac5-8128-d29baeb34bf8	10	79449208	79449542	2	1.899
4b634cdf-e7d6-4ac5-8128-d29baeb34bf8	10	79452430	80253363	29	0.616
4b634cdf-e7d6-4ac5-8128-d29baeb34bf8	10	80253378	82554641	1596	0.118
4b634cdf-e7d6-4ac5-8128-d29baeb34bf8	10	82557294	95706562	8161	-0.2332
4b634cdf-e7d6-4ac5-8128-d29baeb34bf8	10	95706634	95706670	2	-2.2622
4b634cdf-e7d6-4ac5-8128-d29baeb34bf8	10	95708832	127214414	20735	-0.2328
4b634cdf-e7d6-4ac5-8128-d29baeb34bf8	10	127216414	127217544	3	-2.1994
4b634cdf-e7d6-4ac5-8128-d29baeb34bf8	10	127218597	133411599	3165	-0.2614
4b634cdf-e7d6-4ac5-8128-d29baeb34bf8	11	456012	12307683	7042	-0.2539
4b634cdf-e7d6-4ac5-8128-d29baeb34bf8	11	12307696	21975492	6850	0.1133
4b634cdf-e7d6-4ac5-8128-d29baeb34bf8	11	21975525	25472030	2206	0.0359
4b634cdf-e7d6-4ac5-8128-d29baeb34bf8	11	25474808	33005334	4745	0.1108
4b634cdf-e7d6-4ac5-8128-d29baeb34bf8	11	33006189	33075814	51	-0.2211
4b634cdf-e7d6-4ac5-8128-d29baeb34bf8	11	33075849	36692276	2537	0.1305
4b634cdf-e7d6-4ac5-8128-d29baeb34bf8	11	36692303	42823853	3479	0.0665
4b634cdf-e7d6-4ac5-8128-d29baeb34bf8	11	42825453	44719608	1284	0.12
4b634cdf-e7d6-4ac5-8128-d29baeb34bf8	11	44719799	45158155	396	0.6046
4b634cdf-e7d6-4ac5-8128-d29baeb34bf8	11	45160247	46418049	688	0.0934
4b634cdf-e7d6-4ac5-8128-d29baeb34bf8	11	46418520	62599809	4788	-0.2461
4b634cdf-e7d6-4ac5-8128-d29baeb34bf8	11	62603055	62794202	70	0.4079
4b634cdf-e7d6-4ac5-8128-d29baeb34bf8	11	62798075	67432612	1461	-0.2275
4b634cdf-e7d6-4ac5-8128-d29baeb34bf8	11	67442550	69060158	525	0.1237
4b634cdf-e7d6-4ac5-8128-d29baeb34bf8	11	69060249	69228491	130	0.3686
4b634cdf-e7d6-4ac5-8128-d29baeb34bf8	11	69228976	70469880	683	0.1106
4b634cdf-e7d6-4ac5-8128-d29baeb34bf8	11	70472088	71713405	683	-0.2633
4b634cdf-e7d6-4ac5-8128-d29baeb34bf8	11	71714949	73561194	788	0.3821
4b634cdf-e7d6-4ac5-8128-d29baeb34bf8	11	73565827	74360027	399	0.6188
4b634cdf-e7d6-4ac5-8128-d29baeb34bf8	11	74366113	74815072	297	0.399
4b634cdf-e7d6-4ac5-8128-d29baeb34bf8	11	74818371	76590970	947	1.2553
4b634cdf-e7d6-4ac5-8128-d29baeb34bf8	11	76592641	77414506	467	1.5263
4b634cdf-e7d6-4ac5-8128-d29baeb34bf8	11	77416371	78085671	312	2.2385
4b634cdf-e7d6-4ac5-8128-d29baeb34bf8	11	78090189	80255788	1617	1.9433
4b634cdf-e7d6-4ac5-8128-d29baeb34bf8	11	80274240	90321417	5864	-0.2673
4b634cdf-e7d6-4ac5-8128-d29baeb34bf8	11	90321659	93593375	1877	-0.3296
4b634cdf-e7d6-4ac5-8128-d29baeb34bf8	11	93594235	134272740	27093	-0.2613
4b634cdf-e7d6-4ac5-8128-d29baeb34bf8	12	780472	5915888	3291	0.5611
4b634cdf-e7d6-4ac5-8128-d29baeb34bf8	12	5915903	6048088	99	0.3366
4b634cdf-e7d6-4ac5-8128-d29baeb34bf8	12	6053413	6218823	94	0.5963
4b634cdf-e7d6-4ac5-8128-d29baeb34bf8	12	6218903	6534150	173	0.8022
4b634cdf-e7d6-4ac5-8128-d29baeb34bf8	12	6534163	8156837	634	0.5755
4b634cdf-e7d6-4ac5-8128-d29baeb34bf8	12	8157111	9122272	384	1.66
4b634cdf-e7d6-4ac5-8128-d29baeb34bf8	12	9125279	14244267	2982	1.2598
4b634cdf-e7d6-4ac5-8128-d29baeb34bf8	12	14245488	14732704	254	1.5317
4b634cdf-e7d6-4ac5-8128-d29baeb34bf8	12	14732793	15196507	323	1.3482
4b634cdf-e7d6-4ac5-8128-d29baeb34bf8	12	15202459	16039640	414	1.5692
4b634cdf-e7d6-4ac5-8128-d29baeb34bf8	12	16040513	18717942	1655	0.9649
4b634cdf-e7d6-4ac5-8128-d29baeb34bf8	12	18718248	25297459	4133	0.7442
4b634cdf-e7d6-4ac5-8128-d29baeb34bf8	12	25298012	32049714	4378	0.8024
4b634cdf-e7d6-4ac5-8128-d29baeb34bf8	12	32050100	33357390	857	0.7482
4b634cdf-e7d6-4ac5-8128-d29baeb34bf8	12	33357482	41317867	1478	0.5058
4b634cdf-e7d6-4ac5-8128-d29baeb34bf8	12	41317994	47683658	3424	0.5721
4b634cdf-e7d6-4ac5-8128-d29baeb34bf8	12	47685455	59480486	6370	0.356
4b634cdf-e7d6-4ac5-8128-d29baeb34bf8	12	59486697	62075643	1529	0.2837
4b634cdf-e7d6-4ac5-8128-d29baeb34bf8	12	62076032	63867469	1034	0.3386
4b634cdf-e7d6-4ac5-8128-d29baeb34bf8	12	63869547	63871944	2	-2.9437
4b634cdf-e7d6-4ac5-8128-d29baeb34bf8	12	63873202	71280849	4894	0.3376
4b634cdf-e7d6-4ac5-8128-d29baeb34bf8	12	71281222	82171953	6539	0.0376
4b634cdf-e7d6-4ac5-8128-d29baeb34bf8	12	82175670	84855363	1596	0.2999
4b634cdf-e7d6-4ac5-8128-d29baeb34bf8	12	84855792	85106621	118	0.0408
4b634cdf-e7d6-4ac5-8128-d29baeb34bf8	12	85108206	86249800	632	0.3689
4b634cdf-e7d6-4ac5-8128-d29baeb34bf8	12	86250264	132605822	26897	0.0766
4b634cdf-e7d6-4ac5-8128-d29baeb34bf8	13	18874255	23535276	2445	-0.2314
4b634cdf-e7d6-4ac5-8128-d29baeb34bf8	13	23541608	24241602	234	0.1255
4b634cdf-e7d6-4ac5-8128-d29baeb34bf8	13	24242274	28598249	2882	-0.2603
4b634cdf-e7d6-4ac5-8128-d29baeb34bf8	13	28598820	28599616	3	-2.3846
4b634cdf-e7d6-4ac5-8128-d29baeb34bf8	13	28601241	40004281	7821	-0.2631
4b634cdf-e7d6-4ac5-8128-d29baeb34bf8	13	40004368	53438558	7443	-0.2137
4b634cdf-e7d6-4ac5-8128-d29baeb34bf8	13	53438911	74573066	11004	-0.2458
4b634cdf-e7d6-4ac5-8128-d29baeb34bf8	13	74574245	74574426	2	-3.0992
4b634cdf-e7d6-4ac5-8128-d29baeb34bf8	13	74575529	81578074	4522	-0.2128
4b634cdf-e7d6-4ac5-8128-d29baeb34bf8	13	81578445	81585555	2	-2.4894
4b634cdf-e7d6-4ac5-8128-d29baeb34bf8	13	81586182	114226675	20398	-0.2363
4b634cdf-e7d6-4ac5-8128-d29baeb34bf8	14	20033191	20823139	527	0.1056
4b634cdf-e7d6-4ac5-8128-d29baeb34bf8	14	20830245	20830829	2	-1.8651
4b634cdf-e7d6-4ac5-8128-d29baeb34bf8	14	20836497	32426497	5749	0.1036
4b634cdf-e7d6-4ac5-8128-d29baeb34bf8	14	32433834	32775932	265	0.4769
4b634cdf-e7d6-4ac5-8128-d29baeb34bf8	14	32777010	34527119	1435	0.1318
4b634cdf-e7d6-4ac5-8128-d29baeb34bf8	14	34527406	34569707	4	-0.9797
4b634cdf-e7d6-4ac5-8128-d29baeb34bf8	14	34569888	36596605	1035	0.1287
4b634cdf-e7d6-4ac5-8128-d29baeb34bf8	14	36598039	50380668	6624	0.075
4b634cdf-e7d6-4ac5-8128-d29baeb34bf8	14	50380774	83471617	20827	0.1231
4b634cdf-e7d6-4ac5-8128-d29baeb34bf8	14	83472320	89280818	3470	0.0819
4b634cdf-e7d6-4ac5-8128-d29baeb34bf8	14	89286821	102391361	8566	0.1268
4b634cdf-e7d6-4ac5-8128-d29baeb34bf8	14	102396422	104241839	834	0.4357
4b634cdf-e7d6-4ac5-8128-d29baeb34bf8	14	104242453	105533894	326	0.1158
4b634cdf-e7d6-4ac5-8128-d29baeb34bf8	15	23437561	101344124	44575	-0.2547
4b634cdf-e7d6-4ac5-8128-d29baeb34bf8	16	603333	1136465	103	0.0266
4b634cdf-e7d6-4ac5-8128-d29baeb34bf8	16	1184871	3819697	908	0.3046
4b634cdf-e7d6-4ac5-8128-d29baeb34bf8	16	3821285	5772455	1142	0.0134
4b634cdf-e7d6-4ac5-8128-d29baeb34bf8	16	5772744	5802280	37	0.7476
4b634cdf-e7d6-4ac5-8128-d29baeb34bf8	16	5802646	47923423	12365	0.0145
4b634cdf-e7d6-4ac5-8128-d29baeb34bf8	16	47925263	49650410	1166	-0.2434
4b634cdf-e7d6-4ac5-8128-d29baeb34bf8	16	49651773	50159697	316	-0.0302
4b634cdf-e7d6-4ac5-8128-d29baeb34bf8	16	50161905	52051005	1311	-0.2516
4b634cdf-e7d6-4ac5-8128-d29baeb34bf8	16	52051524	54127225	1572	0.1085
4b634cdf-e7d6-4ac5-8128-d29baeb34bf8	16	54131328	60257041	4032	-0.2307
4b634cdf-e7d6-4ac5-8128-d29baeb34bf8	16	60264664	66636377	4200	-0.7633
4b634cdf-e7d6-4ac5-8128-d29baeb34bf8	16	66639280	76431249	4807	-0.6815
4b634cdf-e7d6-4ac5-8128-d29baeb34bf8	16	76432072	89317317	8976	-0.7615
4b634cdf-e7d6-4ac5-8128-d29baeb34bf8	17	1074619	1476705	113	0.3943
4b634cdf-e7d6-4ac5-8128-d29baeb34bf8	17	1489340	2000105	175	-0.7152
4b634cdf-e7d6-4ac5-8128-d29baeb34bf8	17	2011885	2441476	290	0.3202
4b634cdf-e7d6-4ac5-8128-d29baeb34bf8	17	2450015	2778091	139	1.1403
4b634cdf-e7d6-4ac5-8128-d29baeb34bf8	17	2778571	3709468	440	1.4503
4b634cdf-e7d6-4ac5-8128-d29baeb34bf8	17	3709496	3968563	142	1.9294
4b634cdf-e7d6-4ac5-8128-d29baeb34bf8	17	3969450	5348348	562	0.6757
4b634cdf-e7d6-4ac5-8128-d29baeb34bf8	17	5348542	7165944	1135	0.8404
4b634cdf-e7d6-4ac5-8128-d29baeb34bf8	17	7167984	7790137	244	1.3789
4b634cdf-e7d6-4ac5-8128-d29baeb34bf8	17	7791624	11926433	2699	0.0278
4b634cdf-e7d6-4ac5-8128-d29baeb34bf8	17	11928308	15654216	1584	-0.3318
4b634cdf-e7d6-4ac5-8128-d29baeb34bf8	17	15654426	18957222	1382	0.0274
4b634cdf-e7d6-4ac5-8128-d29baeb34bf8	17	18957450	27036713	830	-0.2705
4b634cdf-e7d6-4ac5-8128-d29baeb34bf8	17	27036773	28992152	887	0.0934
4b634cdf-e7d6-4ac5-8128-d29baeb34bf8	17	28992154	28995213	2	-1.637
4b634cdf-e7d6-4ac5-8128-d29baeb34bf8	17	28995423	30463858	654	0.1175
4b634cdf-e7d6-4ac5-8128-d29baeb34bf8	17	30466299	46807103	6746	-0.23
4b634cdf-e7d6-4ac5-8128-d29baeb34bf8	17	46807536	46993168	122	-0.7154
4b634cdf-e7d6-4ac5-8128-d29baeb34bf8	17	46993322	47069958	15	-0.3094
4b634cdf-e7d6-4ac5-8128-d29baeb34bf8	17	47074183	47459479	181	0.1568
4b634cdf-e7d6-4ac5-8128-d29baeb34bf8	17	47459815	50838798	1695	-0.2027
4b634cdf-e7d6-4ac5-8128-d29baeb34bf8	17	50839281	50965987	67	0.138
4b634cdf-e7d6-4ac5-8128-d29baeb34bf8	17	50966537	52665609	983	-0.2457
4b634cdf-e7d6-4ac5-8128-d29baeb34bf8	17	52670355	52734125	49	0.0464
4b634cdf-e7d6-4ac5-8128-d29baeb34bf8	17	52734851	53908785	523	0.306
4b634cdf-e7d6-4ac5-8128-d29baeb34bf8	17	53910226	82959812	15482	-0.1799
4b634cdf-e7d6-4ac5-8128-d29baeb34bf8	18	326691	3048873	1016	-0.6163
4b634cdf-e7d6-4ac5-8128-d29baeb34bf8	18	3049474	3122272	60	-1.4854
4b634cdf-e7d6-4ac5-8128-d29baeb34bf8	18	3122568	11683432	5647	-0.6532
4b634cdf-e7d6-4ac5-8128-d29baeb34bf8	18	11686258	24272771	3164	-0.1621
4b634cdf-e7d6-4ac5-8128-d29baeb34bf8	18	24279682	24459236	120	1.0164
4b634cdf-e7d6-4ac5-8128-d29baeb34bf8	18	24462374	24516144	53	-0.1538
4b634cdf-e7d6-4ac5-8128-d29baeb34bf8	18	24517460	25211085	526	0.9903
4b634cdf-e7d6-4ac5-8128-d29baeb34bf8	18	25211594	25696818	315	0.8104
4b634cdf-e7d6-4ac5-8128-d29baeb34bf8	18	25697689	31490510	3486	0.6412
4b634cdf-e7d6-4ac5-8128-d29baeb34bf8	18	31493440	31838214	250	0.1376
4b634cdf-e7d6-4ac5-8128-d29baeb34bf8	18	31838382	31986358	79	0.4291
4b634cdf-e7d6-4ac5-8128-d29baeb34bf8	18	31987582	32101487	87	0.5977
4b634cdf-e7d6-4ac5-8128-d29baeb34bf8	18	32104855	33533771	942	0.8607
4b634cdf-e7d6-4ac5-8128-d29baeb34bf8	18	33537508	35338675	1034	0.653
4b634cdf-e7d6-4ac5-8128-d29baeb34bf8	18	35339222	35508264	93	0.9753
4b634cdf-e7d6-4ac5-8128-d29baeb34bf8	18	35513442	35863530	142	0.7996
4b634cdf-e7d6-4ac5-8128-d29baeb34bf8	18	35864520	35941307	34	0.9831
4b634cdf-e7d6-4ac5-8128-d29baeb34bf8	18	35944241	38582937	1844	0.6948
4b634cdf-e7d6-4ac5-8128-d29baeb34bf8	18	38584120	39185572	360	1.0296
4b634cdf-e7d6-4ac5-8128-d29baeb34bf8	18	39189495	40929690	985	0.863
4b634cdf-e7d6-4ac5-8128-d29baeb34bf8	18	40934931	42232420	771	1.498
4b634cdf-e7d6-4ac5-8128-d29baeb34bf8	18	42232676	44961908	1519	1.2911
4b634cdf-e7d6-4ac5-8128-d29baeb34bf8	18	44964858	44965196	3	0.1434
4b634cdf-e7d6-4ac5-8128-d29baeb34bf8	18	44968756	45428622	349	1.3639
4b634cdf-e7d6-4ac5-8128-d29baeb34bf8	18	45432782	45433397	3	-0.2751
4b634cdf-e7d6-4ac5-8128-d29baeb34bf8	18	45434011	46603009	781	1.364
4b634cdf-e7d6-4ac5-8128-d29baeb34bf8	18	46604655	46614426	2	-0.2803
4b634cdf-e7d6-4ac5-8128-d29baeb34bf8	18	46615195	47149450	224	1.3394
4b634cdf-e7d6-4ac5-8128-d29baeb34bf8	18	47154040	47154745	2	2.8028
4b634cdf-e7d6-4ac5-8128-d29baeb34bf8	18	47159451	47896725	581	1.354
4b634cdf-e7d6-4ac5-8128-d29baeb34bf8	18	47904791	49896673	1340	0.7238
4b634cdf-e7d6-4ac5-8128-d29baeb34bf8	18	49898744	57074410	4672	-0.7436
4b634cdf-e7d6-4ac5-8128-d29baeb34bf8	18	57076913	57078987	5	-2.4954
4b634cdf-e7d6-4ac5-8128-d29baeb34bf8	18	57079287	58097647	756	-0.7183
4b634cdf-e7d6-4ac5-8128-d29baeb34bf8	18	58099679	63829089	3788	0.7031
4b634cdf-e7d6-4ac5-8128-d29baeb34bf8	18	63830570	74026187	4216	0.6437
4b634cdf-e7d6-4ac5-8128-d29baeb34bf8	18	74026348	79349796	3575	0.6791
4b634cdf-e7d6-4ac5-8128-d29baeb34bf8	19	283868	15276822	5677	-0.2153
4b634cdf-e7d6-4ac5-8128-d29baeb34bf8	19	15277117	15321340	28	-0.7362
4b634cdf-e7d6-4ac5-8128-d29baeb34bf8	19	15321441	23872082	3312	-0.2486
4b634cdf-e7d6-4ac5-8128-d29baeb34bf8	19	27749470	27969356	131	1.0271
4b634cdf-e7d6-4ac5-8128-d29baeb34bf8	19	27969620	27969641	2	-1.1593
4b634cdf-e7d6-4ac5-8128-d29baeb34bf8	19	27971593	29341491	1121	1.0698
4b634cdf-e7d6-4ac5-8128-d29baeb34bf8	19	29341508	29381025	38	1.393
4b634cdf-e7d6-4ac5-8128-d29baeb34bf8	19	29384942	30527584	809	1.6046
4b634cdf-e7d6-4ac5-8128-d29baeb34bf8	19	30527635	31280713	544	1.4245
4b634cdf-e7d6-4ac5-8128-d29baeb34bf8	19	31283139	32941550	1111	1.0621
4b634cdf-e7d6-4ac5-8128-d29baeb34bf8	19	32944859	33596289	392	0.5945
4b634cdf-e7d6-4ac5-8128-d29baeb34bf8	19	33597086	34453051	565	0.7526
4b634cdf-e7d6-4ac5-8128-d29baeb34bf8	19	34456913	38123072	1926	0.3855
4b634cdf-e7d6-4ac5-8128-d29baeb34bf8	19	38129102	38405604	126	0.1184
4b634cdf-e7d6-4ac5-8128-d29baeb34bf8	19	38405655	39026777	298	0.3707
4b634cdf-e7d6-4ac5-8128-d29baeb34bf8	19	39034196	40463296	686	0.0919
4b634cdf-e7d6-4ac5-8128-d29baeb34bf8	19	40468380	40468976	2	-2.013
4b634cdf-e7d6-4ac5-8128-d29baeb34bf8	19	40473805	42671142	894	0.1139
4b634cdf-e7d6-4ac5-8128-d29baeb34bf8	19	42677582	43458545	23	0.3024
4b634cdf-e7d6-4ac5-8128-d29baeb34bf8	19	43459491	48046108	2162	-0.3001
4b634cdf-e7d6-4ac5-8128-d29baeb34bf8	19	48046691	53534635	2070	0.0582
4b634cdf-e7d6-4ac5-8128-d29baeb34bf8	19	53534886	54714974	361	0.292
4b634cdf-e7d6-4ac5-8128-d29baeb34bf8	19	54714988	55682641	342	0.0225
4b634cdf-e7d6-4ac5-8128-d29baeb34bf8	19	55687738	56195145	244	-0.3311
4b634cdf-e7d6-4ac5-8128-d29baeb34bf8	19	56229658	56353463	72	0.2327
4b634cdf-e7d6-4ac5-8128-d29baeb34bf8	19	56357207	56360939	2	-1.2063
4b634cdf-e7d6-4ac5-8128-d29baeb34bf8	19	56361124	58370362	1139	0.3121
4b634cdf-e7d6-4ac5-8128-d29baeb34bf8	20	472817	6001958	3302	0.1099
4b634cdf-e7d6-4ac5-8128-d29baeb34bf8	20	6002180	7136070	756	0.3957
4b634cdf-e7d6-4ac5-8128-d29baeb34bf8	20	7137726	18357694	7710	0.1056
4b634cdf-e7d6-4ac5-8128-d29baeb34bf8	20	18359213	32656885	5787	0.3708
4b634cdf-e7d6-4ac5-8128-d29baeb34bf8	20	32658860	33142533	311	0.8247
4b634cdf-e7d6-4ac5-8128-d29baeb34bf8	20	33143825	46931442	8322	0.3885
4b634cdf-e7d6-4ac5-8128-d29baeb34bf8	20	46935081	47040484	120	0.1268
4b634cdf-e7d6-4ac5-8128-d29baeb34bf8	20	47040782	50377732	1995	0.4017
4b634cdf-e7d6-4ac5-8128-d29baeb34bf8	20	50379182	50495379	74	0.7862
4b634cdf-e7d6-4ac5-8128-d29baeb34bf8	20	50499829	63588502	9084	0.3895
4b634cdf-e7d6-4ac5-8128-d29baeb34bf8	21	13974127	15157308	768	0.0997
4b634cdf-e7d6-4ac5-8128-d29baeb34bf8	21	15159913	15343733	157	0.4102
4b634cdf-e7d6-4ac5-8128-d29baeb34bf8	21	15350781	19337312	2460	0.1107
4b634cdf-e7d6-4ac5-8128-d29baeb34bf8	21	19339160	24190288	2837	0.0302
4b634cdf-e7d6-4ac5-8128-d29baeb34bf8	21	24190361	39507638	10408	0.0906
4b634cdf-e7d6-4ac5-8128-d29baeb34bf8	21	39511772	39554791	43	0.4446
4b634cdf-e7d6-4ac5-8128-d29baeb34bf8	21	39632879	46262057	3866	0.095
4b634cdf-e7d6-4ac5-8128-d29baeb34bf8	22	16934932	27523336	3608	-0.2303
4b634cdf-e7d6-4ac5-8128-d29baeb34bf8	22	27524006	27524071	2	-3.2506
4b634cdf-e7d6-4ac5-8128-d29baeb34bf8	22	27524183	27918399	288	-0.2107
4b634cdf-e7d6-4ac5-8128-d29baeb34bf8	22	27918441	29016221	584	-0.7063
4b634cdf-e7d6-4ac5-8128-d29baeb34bf8	22	29016941	32543828	1993	-0.2083
4b634cdf-e7d6-4ac5-8128-d29baeb34bf8	22	32544551	32544674	2	-3.2747
4b634cdf-e7d6-4ac5-8128-d29baeb34bf8	22	32544858	36214483	2855	-0.2336
4b634cdf-e7d6-4ac5-8128-d29baeb34bf8	22	36214525	36319792	3	-1.9897
4b634cdf-e7d6-4ac5-8128-d29baeb34bf8	22	36320269	44283882	4306	-0.2063
4b634cdf-e7d6-4ac5-8128-d29baeb34bf8	22	44285057	47345708	2037	-0.7422
4b634cdf-e7d6-4ac5-8128-d29baeb34bf8	22	47353491	47357764	6	-3.0947
4b634cdf-e7d6-4ac5-8128-d29baeb34bf8	22	47357825	48940621	1294	-0.7612
4b634cdf-e7d6-4ac5-8128-d29baeb34bf8	X	3236359	5874940	263	-0.1649
4b634cdf-e7d6-4ac5-8128-d29baeb34bf8	X	5875870	39572481	16054	-0.2299
4b634cdf-e7d6-4ac5-8128-d29baeb34bf8	X	39573189	43996777	1951	-0.1482
4b634cdf-e7d6-4ac5-8128-d29baeb34bf8	X	44000217	44206896	125	0.2099
4b634cdf-e7d6-4ac5-8128-d29baeb34bf8	X	44210906	58289627	5498	-0.1655
4b634cdf-e7d6-4ac5-8128-d29baeb34bf8	X	58291553	65663598	941	0.108
4b634cdf-e7d6-4ac5-8128-d29baeb34bf8	X	65664587	72521905	2846	0.172
4b634cdf-e7d6-4ac5-8128-d29baeb34bf8	X	72525369	101271181	11215	0.1205
4b634cdf-e7d6-4ac5-8128-d29baeb34bf8	X	101274449	101277857	2	-1.716
4b634cdf-e7d6-4ac5-8128-d29baeb34bf8	X	101277936	155677414	24895	0.1448
