GDC_Aliquot	Chromosome	Start	End	Num_Probes	Segment_Mean
cf7f6c80-4535-485e-973a-70b43991c9aa	1	62920	2917178	562	-0.1109
cf7f6c80-4535-485e-973a-70b43991c9aa	1	2917279	16471261	8066	-0.009
cf7f6c80-4535-485e-973a-70b43991c9aa	1	16477281	16773735	66	-0.1969
cf7f6c80-4535-485e-973a-70b43991c9aa	1	16774382	16935752	63	-0.6263
cf7f6c80-4535-485e-973a-70b43991c9aa	1	16949746	21378982	2995	0.0041
cf7f6c80-4535-485e-973a-70b43991c9aa	1	21380362	21452015	31	-0.3561
cf7f6c80-4535-485e-973a-70b43991c9aa	1	21453405	25275368	2243	-0.0015
cf7f6c80-4535-485e-973a-70b43991c9aa	1	25275481	25318693	12	0.643
cf7f6c80-4535-485e-973a-70b43991c9aa	1	25319167	72303233	28736	0.0038
cf7f6c80-4535-485e-973a-70b43991c9aa	1	72303253	72345465	45	-1.3135
cf7f6c80-4535-485e-973a-70b43991c9aa	1	72346221	109684893	23612	0.018
cf7f6c80-4535-485e-973a-70b43991c9aa	1	109690352	109697556	13	0.9523
cf7f6c80-4535-485e-973a-70b43991c9aa	1	109702376	152580550	9573	0.009
cf7f6c80-4535-485e-973a-70b43991c9aa	1	152582700	152614118	37	0.5233
cf7f6c80-4535-485e-973a-70b43991c9aa	1	152618018	152787202	167	0.0225
cf7f6c80-4535-485e-973a-70b43991c9aa	1	152789447	152796224	37	-1.6827
cf7f6c80-4535-485e-973a-70b43991c9aa	1	152801429	196802150	29507	0.0146
cf7f6c80-4535-485e-973a-70b43991c9aa	1	196820098	196932623	80	-0.8398
cf7f6c80-4535-485e-973a-70b43991c9aa	1	196936029	248930189	35755	0.0139
cf7f6c80-4535-485e-973a-70b43991c9aa	2	12784	393232	244	-0.0213
cf7f6c80-4535-485e-973a-70b43991c9aa	2	396708	397797	2	-3.3139
cf7f6c80-4535-485e-973a-70b43991c9aa	2	401130	86910262	58922	0.0107
cf7f6c80-4535-485e-973a-70b43991c9aa	2	86934730	87948339	147	-0.2372
cf7f6c80-4535-485e-973a-70b43991c9aa	2	87968707	113604438	11088	0.0074
cf7f6c80-4535-485e-973a-70b43991c9aa	2	113604837	113631886	6	-1.6634
cf7f6c80-4535-485e-973a-70b43991c9aa	2	113632200	179553484	40552	0.0133
cf7f6c80-4535-485e-973a-70b43991c9aa	2	179553606	179557142	25	-0.795
cf7f6c80-4535-485e-973a-70b43991c9aa	2	179557161	232370659	32324	0.0169
cf7f6c80-4535-485e-973a-70b43991c9aa	2	232371246	232470431	70	-0.2218
cf7f6c80-4535-485e-973a-70b43991c9aa	2	232472772	242147305	6149	0.0042
cf7f6c80-4535-485e-973a-70b43991c9aa	3	20930	182919	154	0.0118
cf7f6c80-4535-485e-973a-70b43991c9aa	3	188339	191117	4	-1.1009
cf7f6c80-4535-485e-973a-70b43991c9aa	3	193194	6604856	5657	0.0277
cf7f6c80-4535-485e-973a-70b43991c9aa	3	6609441	6611645	23	-0.8486
cf7f6c80-4535-485e-973a-70b43991c9aa	3	6613391	68675541	41950	0.0122
cf7f6c80-4535-485e-973a-70b43991c9aa	3	68676600	68698178	15	0.6062
cf7f6c80-4535-485e-973a-70b43991c9aa	3	68698213	75372019	4874	0.0157
cf7f6c80-4535-485e-973a-70b43991c9aa	3	75377956	75596233	74	-0.6992
cf7f6c80-4535-485e-973a-70b43991c9aa	3	75600083	82808214	4092	0.0134
cf7f6c80-4535-485e-973a-70b43991c9aa	3	82808216	82815398	4	-2.0454
cf7f6c80-4535-485e-973a-70b43991c9aa	3	82823628	99218940	6871	0.0173
cf7f6c80-4535-485e-973a-70b43991c9aa	3	99225614	99230457	35	-0.6286
cf7f6c80-4535-485e-973a-70b43991c9aa	3	99230464	130044016	18714	0.0149
cf7f6c80-4535-485e-973a-70b43991c9aa	3	130044855	130088081	39	0.5005
cf7f6c80-4535-485e-973a-70b43991c9aa	3	130088155	162803704	20265	0.0165
cf7f6c80-4535-485e-973a-70b43991c9aa	3	162803835	162846008	20	-0.9061
cf7f6c80-4535-485e-973a-70b43991c9aa	3	162846267	198169247	21922	0.0151
cf7f6c80-4535-485e-973a-70b43991c9aa	4	68929	9444321	5156	-0.0141
cf7f6c80-4535-485e-973a-70b43991c9aa	4	9445117	9575821	35	-0.4554
cf7f6c80-4535-485e-973a-70b43991c9aa	4	9577703	10212536	517	0.0021
cf7f6c80-4535-485e-973a-70b43991c9aa	4	10221792	10233542	33	0.7541
cf7f6c80-4535-485e-973a-70b43991c9aa	4	10233558	19602110	7069	0.0128
cf7f6c80-4535-485e-973a-70b43991c9aa	4	19603099	19605674	2	-2.5515
cf7f6c80-4535-485e-973a-70b43991c9aa	4	19605770	68509442	29408	0.0186
cf7f6c80-4535-485e-973a-70b43991c9aa	4	68509630	68671434	68	-0.3762
cf7f6c80-4535-485e-973a-70b43991c9aa	4	68674307	114252544	27692	0.0172
cf7f6c80-4535-485e-973a-70b43991c9aa	4	114254167	114261019	23	-1.6139
cf7f6c80-4535-485e-973a-70b43991c9aa	4	114263073	172068073	35055	0.0181
cf7f6c80-4535-485e-973a-70b43991c9aa	4	172068149	172068368	8	-1.7965
cf7f6c80-4535-485e-973a-70b43991c9aa	4	172068382	189855402	12013	0.0199
cf7f6c80-4535-485e-973a-70b43991c9aa	4	189856606	190106768	66	-0.2607
cf7f6c80-4535-485e-973a-70b43991c9aa	5	15532	698357	308	-0.0491
cf7f6c80-4535-485e-973a-70b43991c9aa	5	698390	873886	54	-0.3031
cf7f6c80-4535-485e-973a-70b43991c9aa	5	873947	8702128	6578	0.0046
cf7f6c80-4535-485e-973a-70b43991c9aa	5	8702410	8749619	48	-0.7968
cf7f6c80-4535-485e-973a-70b43991c9aa	5	8749664	46251204	23687	0.0134
cf7f6c80-4535-485e-973a-70b43991c9aa	5	46270906	46313245	10	1.0775
cf7f6c80-4535-485e-973a-70b43991c9aa	5	46313400	76283937	15676	0.0134
cf7f6c80-4535-485e-973a-70b43991c9aa	5	76284127	76284871	3	-1.8619
cf7f6c80-4535-485e-973a-70b43991c9aa	5	76285772	176033084	63806	0.015
cf7f6c80-4535-485e-973a-70b43991c9aa	5	176038686	176043321	3	-3.0064
cf7f6c80-4535-485e-973a-70b43991c9aa	5	176050117	177771448	723	-0.0143
cf7f6c80-4535-485e-973a-70b43991c9aa	5	177800550	177805604	3	2.8686
cf7f6c80-4535-485e-973a-70b43991c9aa	5	177827964	177959312	21	-0.011
cf7f6c80-4535-485e-973a-70b43991c9aa	5	177963074	177973867	9	-5.3828
cf7f6c80-4535-485e-973a-70b43991c9aa	5	177974381	180951888	1767	-0.0109
cf7f6c80-4535-485e-973a-70b43991c9aa	5	180953203	181006225	18	0.7775
cf7f6c80-4535-485e-973a-70b43991c9aa	5	181006264	181363319	169	-0.0364
cf7f6c80-4535-485e-973a-70b43991c9aa	6	149661	291082	119	-0.0503
cf7f6c80-4535-485e-973a-70b43991c9aa	6	294286	397937	96	-0.4711
cf7f6c80-4535-485e-973a-70b43991c9aa	6	398189	31318528	22116	0.0109
cf7f6c80-4535-485e-973a-70b43991c9aa	6	31318754	31328674	9	-1.6742
cf7f6c80-4535-485e-973a-70b43991c9aa	6	31342147	32485152	501	-0.0207
cf7f6c80-4535-485e-973a-70b43991c9aa	6	32486498	32533522	15	1.5081
cf7f6c80-4535-485e-973a-70b43991c9aa	6	32540699	32689904	51	0.4121
cf7f6c80-4535-485e-973a-70b43991c9aa	6	32690302	54066582	13695	0.0121
cf7f6c80-4535-485e-973a-70b43991c9aa	6	54066621	54067005	2	-1.895
cf7f6c80-4535-485e-973a-70b43991c9aa	6	54067057	65684197	4927	0.0152
cf7f6c80-4535-485e-973a-70b43991c9aa	6	65689589	65693959	23	-0.8728
cf7f6c80-4535-485e-973a-70b43991c9aa	6	65697234	77152700	7511	0.0254
cf7f6c80-4535-485e-973a-70b43991c9aa	6	77161211	77308614	74	-0.9434
cf7f6c80-4535-485e-973a-70b43991c9aa	6	77310394	78262371	641	-0.0081
cf7f6c80-4535-485e-973a-70b43991c9aa	6	78262427	78332002	108	-0.3815
cf7f6c80-4535-485e-973a-70b43991c9aa	6	78332056	103286928	15460	0.0186
cf7f6c80-4535-485e-973a-70b43991c9aa	6	103286941	103299735	18	-0.592
cf7f6c80-4535-485e-973a-70b43991c9aa	6	103299855	103314186	31	-1.3998
cf7f6c80-4535-485e-973a-70b43991c9aa	6	103317795	125861617	13890	0.0149
cf7f6c80-4535-485e-973a-70b43991c9aa	6	125862546	125865630	3	-3.4128
cf7f6c80-4535-485e-973a-70b43991c9aa	6	125867747	170741917	30277	0.0163
cf7f6c80-4535-485e-973a-70b43991c9aa	7	43355	51903816	36673	0.0147
cf7f6c80-4535-485e-973a-70b43991c9aa	7	51904464	76678861	10130	-0.0136
cf7f6c80-4535-485e-973a-70b43991c9aa	7	76680351	126405597	30192	0.0169
cf7f6c80-4535-485e-973a-70b43991c9aa	7	126405632	126406561	9	-1.6564
cf7f6c80-4535-485e-973a-70b43991c9aa	7	126406822	134100424	4701	0.0165
cf7f6c80-4535-485e-973a-70b43991c9aa	7	134100442	134110912	25	-1.8485
cf7f6c80-4535-485e-973a-70b43991c9aa	7	134110951	159334314	16098	0.0096
cf7f6c80-4535-485e-973a-70b43991c9aa	8	81254	643041	322	0.0075
cf7f6c80-4535-485e-973a-70b43991c9aa	8	644944	645908	10	1.965
cf7f6c80-4535-485e-973a-70b43991c9aa	8	656117	1418902	564	-0.0187
cf7f6c80-4535-485e-973a-70b43991c9aa	8	1419196	1419436	2	-1.7038
cf7f6c80-4535-485e-973a-70b43991c9aa	8	1419522	2088664	517	0.0148
cf7f6c80-4535-485e-973a-70b43991c9aa	8	2088699	2101646	14	-0.9212
cf7f6c80-4535-485e-973a-70b43991c9aa	8	2101859	4144670	2268	0.0251
cf7f6c80-4535-485e-973a-70b43991c9aa	8	4144685	4144794	3	-1.6251
cf7f6c80-4535-485e-973a-70b43991c9aa	8	4145131	4145783	10	0.0019
cf7f6c80-4535-485e-973a-70b43991c9aa	8	4145941	4145956	2	-3.1827
cf7f6c80-4535-485e-973a-70b43991c9aa	8	4146039	12143614	7306	0.0098
cf7f6c80-4535-485e-973a-70b43991c9aa	8	12176798	12454103	34	-1.6327
cf7f6c80-4535-485e-973a-70b43991c9aa	8	12470324	25114672	10419	0.0146
cf7f6c80-4535-485e-973a-70b43991c9aa	8	25116928	25126708	25	0.8174
cf7f6c80-4535-485e-973a-70b43991c9aa	8	25126735	84345754	34950	0.0101
cf7f6c80-4535-485e-973a-70b43991c9aa	8	84350648	84354314	14	-0.6489
cf7f6c80-4535-485e-973a-70b43991c9aa	8	84354371	84356431	5	-1.7452
cf7f6c80-4535-485e-973a-70b43991c9aa	8	84358447	114622325	17947	0.0168
cf7f6c80-4535-485e-973a-70b43991c9aa	8	114622424	114629340	30	-0.6067
cf7f6c80-4535-485e-973a-70b43991c9aa	8	114629356	136881227	16089	0.0152
cf7f6c80-4535-485e-973a-70b43991c9aa	8	136882257	136889943	5	-1.2479
cf7f6c80-4535-485e-973a-70b43991c9aa	8	136893848	138130829	1010	0.0022
cf7f6c80-4535-485e-973a-70b43991c9aa	8	138131176	138131668	3	-1.0017
cf7f6c80-4535-485e-973a-70b43991c9aa	8	138132671	141040922	2205	0.0149
cf7f6c80-4535-485e-973a-70b43991c9aa	8	141041556	145072769	1753	-0.0572
cf7f6c80-4535-485e-973a-70b43991c9aa	9	46587	23361807	20426	0.0204
cf7f6c80-4535-485e-973a-70b43991c9aa	9	23363117	23373486	8	1.2473
cf7f6c80-4535-485e-973a-70b43991c9aa	9	23378490	39313823	10717	0.0158
cf7f6c80-4535-485e-973a-70b43991c9aa	9	39337296	41703482	131	-0.1801
cf7f6c80-4535-485e-973a-70b43991c9aa	9	41714376	42574420	41	-0.619
cf7f6c80-4535-485e-973a-70b43991c9aa	9	42585140	62894529	106	0.1197
cf7f6c80-4535-485e-973a-70b43991c9aa	9	62917074	64813222	94	-0.2195
cf7f6c80-4535-485e-973a-70b43991c9aa	9	64839518	92739788	17580	0.0059
cf7f6c80-4535-485e-973a-70b43991c9aa	9	92740079	92747004	4	-1.4683
cf7f6c80-4535-485e-973a-70b43991c9aa	9	92747451	126851417	24298	0.0038
cf7f6c80-4535-485e-973a-70b43991c9aa	9	126854027	126907749	32	-0.3639
cf7f6c80-4535-485e-973a-70b43991c9aa	9	126917674	131383392	2432	-0.0047
cf7f6c80-4535-485e-973a-70b43991c9aa	9	131385539	131390317	5	-1.3965
cf7f6c80-4535-485e-973a-70b43991c9aa	9	131396628	136532614	3032	-0.02
cf7f6c80-4535-485e-973a-70b43991c9aa	9	136536903	136537300	3	-1.2073
cf7f6c80-4535-485e-973a-70b43991c9aa	9	136539349	138200944	593	-0.0509
cf7f6c80-4535-485e-973a-70b43991c9aa	10	45792	24088745	19197	0.0135
cf7f6c80-4535-485e-973a-70b43991c9aa	10	24088746	24088992	9	1.0225
cf7f6c80-4535-485e-973a-70b43991c9aa	10	24089125	28314506	2932	0.0182
cf7f6c80-4535-485e-973a-70b43991c9aa	10	28314535	28315981	3	-1.6372
cf7f6c80-4535-485e-973a-70b43991c9aa	10	28317814	30957581	2082	0.0203
cf7f6c80-4535-485e-973a-70b43991c9aa	10	30962405	30962893	12	0.6583
cf7f6c80-4535-485e-973a-70b43991c9aa	10	30962956	42127710	4855	0.0122
cf7f6c80-4535-485e-973a-70b43991c9aa	10	42131500	42382133	56	-0.2572
cf7f6c80-4535-485e-973a-70b43991c9aa	10	42384552	45711191	2280	0.0171
cf7f6c80-4535-485e-973a-70b43991c9aa	10	45712353	46446817	248	-0.1072
cf7f6c80-4535-485e-973a-70b43991c9aa	10	46489651	46526265	17	0.5344
cf7f6c80-4535-485e-973a-70b43991c9aa	10	46526280	54697027	5203	0.0204
cf7f6c80-4535-485e-973a-70b43991c9aa	10	54697413	54708285	9	0.8543
cf7f6c80-4535-485e-973a-70b43991c9aa	10	54708677	76493093	14328	0.0163
cf7f6c80-4535-485e-973a-70b43991c9aa	10	76497303	76497852	2	1.9183
cf7f6c80-4535-485e-973a-70b43991c9aa	10	76501509	89178916	9033	0.0093
cf7f6c80-4535-485e-973a-70b43991c9aa	10	89183210	89188333	12	-0.7886
cf7f6c80-4535-485e-973a-70b43991c9aa	10	89190337	90699854	1090	0.0031
cf7f6c80-4535-485e-973a-70b43991c9aa	10	90700170	90703534	5	-1.1616
cf7f6c80-4535-485e-973a-70b43991c9aa	10	90711823	133654968	29295	0.008
cf7f6c80-4535-485e-973a-70b43991c9aa	11	198510	4217824	1737	-0.0272
cf7f6c80-4535-485e-973a-70b43991c9aa	11	4228783	4325579	27	0.4324
cf7f6c80-4535-485e-973a-70b43991c9aa	11	4331751	4949137	660	-0.0008
cf7f6c80-4535-485e-973a-70b43991c9aa	11	4950775	4955042	23	-1.7804
cf7f6c80-4535-485e-973a-70b43991c9aa	11	4955781	5766850	786	0.0305
cf7f6c80-4535-485e-973a-70b43991c9aa	11	5766862	5788108	32	-0.5931
cf7f6c80-4535-485e-973a-70b43991c9aa	11	5788231	15210307	6938	0.0119
cf7f6c80-4535-485e-973a-70b43991c9aa	11	15215570	15219446	11	-1.3404
cf7f6c80-4535-485e-973a-70b43991c9aa	11	15223572	47288092	22487	0.0126
cf7f6c80-4535-485e-973a-70b43991c9aa	11	47288839	47291124	3	-1.7275
cf7f6c80-4535-485e-973a-70b43991c9aa	11	47293723	55606572	1778	0.0065
cf7f6c80-4535-485e-973a-70b43991c9aa	11	55606712	55609035	8	-0.8352
cf7f6c80-4535-485e-973a-70b43991c9aa	11	55609158	55674842	38	-2.2569
cf7f6c80-4535-485e-973a-70b43991c9aa	11	55676735	55677818	4	0.5178
cf7f6c80-4535-485e-973a-70b43991c9aa	11	55678469	55685533	7	-1.7811
cf7f6c80-4535-485e-973a-70b43991c9aa	11	55686100	135074876	52293	0.011
cf7f6c80-4535-485e-973a-70b43991c9aa	12	51460	9481274	6175	0.0018
cf7f6c80-4535-485e-973a-70b43991c9aa	12	9485313	9575696	23	-1.7806
cf7f6c80-4535-485e-973a-70b43991c9aa	12	9582373	27941988	12756	0.0178
cf7f6c80-4535-485e-973a-70b43991c9aa	12	27942560	27944711	11	-0.7742
cf7f6c80-4535-485e-973a-70b43991c9aa	12	27950527	48331259	11152	0.0194
cf7f6c80-4535-485e-973a-70b43991c9aa	12	48331456	48331632	3	-2.4084
cf7f6c80-4535-485e-973a-70b43991c9aa	12	48336253	133201603	54723	0.0111
cf7f6c80-4535-485e-973a-70b43991c9aa	13	18452809	23055071	2858	0.0052
cf7f6c80-4535-485e-973a-70b43991c9aa	13	23058539	23064056	13	0.5908
cf7f6c80-4535-485e-973a-70b43991c9aa	13	23064071	37496998	10615	0.0131
cf7f6c80-4535-485e-973a-70b43991c9aa	13	37497899	37514250	19	0.8452
cf7f6c80-4535-485e-973a-70b43991c9aa	13	37514472	66949401	18454	0.0151
cf7f6c80-4535-485e-973a-70b43991c9aa	13	66952332	66954441	12	-0.9334
cf7f6c80-4535-485e-973a-70b43991c9aa	13	66958022	114342922	32184	0.0158
cf7f6c80-4535-485e-973a-70b43991c9aa	14	18239283	19957701	170	0.4782
cf7f6c80-4535-485e-973a-70b43991c9aa	14	19957752	20057674	72	-0.0002
cf7f6c80-4535-485e-973a-70b43991c9aa	14	20059131	20062107	3	-2.0705
cf7f6c80-4535-485e-973a-70b43991c9aa	14	20062492	49754514	18570	0.0119
cf7f6c80-4535-485e-973a-70b43991c9aa	14	49760078	49762781	2	-2.6912
cf7f6c80-4535-485e-973a-70b43991c9aa	14	49775250	95998507	30443	0.0131
cf7f6c80-4535-485e-973a-70b43991c9aa	14	95999085	96008643	2	-3.4417
cf7f6c80-4535-485e-973a-70b43991c9aa	14	96010041	96872904	580	-0.0052
cf7f6c80-4535-485e-973a-70b43991c9aa	14	96874921	96877524	2	-2.6195
cf7f6c80-4535-485e-973a-70b43991c9aa	14	96880552	106321086	5282	-0.0003
cf7f6c80-4535-485e-973a-70b43991c9aa	14	106340102	106346129	7	0.9312
cf7f6c80-4535-485e-973a-70b43991c9aa	14	106360014	106877229	274	-0.0123
cf7f6c80-4535-485e-973a-70b43991c9aa	15	19811075	21018354	158	-0.0336
cf7f6c80-4535-485e-973a-70b43991c9aa	15	21053458	21067891	4	1.1859
cf7f6c80-4535-485e-973a-70b43991c9aa	15	21070355	24326202	1001	-0.0224
cf7f6c80-4535-485e-973a-70b43991c9aa	15	24329610	24562881	106	0.3628
cf7f6c80-4535-485e-973a-70b43991c9aa	15	24563489	26315045	1294	-0.0065
cf7f6c80-4535-485e-973a-70b43991c9aa	15	26317005	26318009	2	-4.6142
cf7f6c80-4535-485e-973a-70b43991c9aa	15	26318441	76598900	31345	0.0057
cf7f6c80-4535-485e-973a-70b43991c9aa	15	76599170	76603434	21	-2.0736
cf7f6c80-4535-485e-973a-70b43991c9aa	15	76609838	101928837	17613	0.0033
cf7f6c80-4535-485e-973a-70b43991c9aa	16	10777	55761136	26933	-0.0057
cf7f6c80-4535-485e-973a-70b43991c9aa	16	55762477	55788532	22	-0.5484
cf7f6c80-4535-485e-973a-70b43991c9aa	16	55808442	70090447	8749	0.0118
cf7f6c80-4535-485e-973a-70b43991c9aa	16	70090510	70212022	23	-0.5159
cf7f6c80-4535-485e-973a-70b43991c9aa	16	70212430	74363160	2293	-0.0022
cf7f6c80-4535-485e-973a-70b43991c9aa	16	74364089	74422703	8	-0.8511
cf7f6c80-4535-485e-973a-70b43991c9aa	16	74431498	78338949	3206	0.0108
cf7f6c80-4535-485e-973a-70b43991c9aa	16	78339440	78342480	4	-1.5306
cf7f6c80-4535-485e-973a-70b43991c9aa	16	78342814	90096867	10632	-0.0045
cf7f6c80-4535-485e-973a-70b43991c9aa	17	150733	4764821	2500	-0.0093
cf7f6c80-4535-485e-973a-70b43991c9aa	17	4766513	4779740	8	-0.8587
cf7f6c80-4535-485e-973a-70b43991c9aa	17	4791004	8339592	2031	-0.0032
cf7f6c80-4535-485e-973a-70b43991c9aa	17	8344229	8344415	2	-2.1643
cf7f6c80-4535-485e-973a-70b43991c9aa	17	8346140	18455632	6858	0.0046
cf7f6c80-4535-485e-973a-70b43991c9aa	17	18455635	18550123	23	-1.7255
cf7f6c80-4535-485e-973a-70b43991c9aa	17	18561272	35232216	6324	-0.0041
cf7f6c80-4535-485e-973a-70b43991c9aa	17	35235445	35235857	2	-2.0252
cf7f6c80-4535-485e-973a-70b43991c9aa	17	35236690	41265456	3071	-0.0011
cf7f6c80-4535-485e-973a-70b43991c9aa	17	41266762	41274279	24	-0.8363
cf7f6c80-4535-485e-973a-70b43991c9aa	17	41276472	46078715	2492	-0.012
cf7f6c80-4535-485e-973a-70b43991c9aa	17	46080121	46446360	135	0.265
cf7f6c80-4535-485e-973a-70b43991c9aa	17	46569894	54502491	4569	0.0025
cf7f6c80-4535-485e-973a-70b43991c9aa	17	54502513	54502751	2	-1.9371
cf7f6c80-4535-485e-973a-70b43991c9aa	17	54502950	74209006	12518	0.0085
cf7f6c80-4535-485e-973a-70b43991c9aa	17	74217187	74361159	87	-0.2172
cf7f6c80-4535-485e-973a-70b43991c9aa	17	74371488	83091923	4400	-0.0142
cf7f6c80-4535-485e-973a-70b43991c9aa	18	48133	26785899	13872	0.011
cf7f6c80-4535-485e-973a-70b43991c9aa	18	26785951	26786181	3	-2.1948
cf7f6c80-4535-485e-973a-70b43991c9aa	18	26786415	66060309	26429	0.0102
cf7f6c80-4535-485e-973a-70b43991c9aa	18	66060363	66061104	10	-2.2823
cf7f6c80-4535-485e-973a-70b43991c9aa	18	66065502	66239629	148	0.0227
cf7f6c80-4535-485e-973a-70b43991c9aa	18	66240197	66244352	10	-1.0794
cf7f6c80-4535-485e-973a-70b43991c9aa	18	66244639	71316921	3624	0.0216
cf7f6c80-4535-485e-973a-70b43991c9aa	18	71319758	73868786	2042	0.082
cf7f6c80-4535-485e-973a-70b43991c9aa	18	73872070	80257174	4603	0.0043
cf7f6c80-4535-485e-973a-70b43991c9aa	19	90910	58586487	29111	-0.0107
cf7f6c80-4535-485e-973a-70b43991c9aa	20	80664	1601561	1240	-0.0247
cf7f6c80-4535-485e-973a-70b43991c9aa	20	1609611	1613247	5	-1.4635
cf7f6c80-4535-485e-973a-70b43991c9aa	20	1617300	64324800	41131	0.0009
cf7f6c80-4535-485e-973a-70b43991c9aa	21	10354168	41495263	20915	0.0179
cf7f6c80-4535-485e-973a-70b43991c9aa	21	41495790	41496146	2	-3.4206
cf7f6c80-4535-485e-973a-70b43991c9aa	21	41496204	46677045	2943	-0.0104
cf7f6c80-4535-485e-973a-70b43991c9aa	22	15294547	17955910	948	0.0054
cf7f6c80-4535-485e-973a-70b43991c9aa	22	17956281	18620743	185	-0.0745
cf7f6c80-4535-485e-973a-70b43991c9aa	22	18649244	18783014	4	1.2844
cf7f6c80-4535-485e-973a-70b43991c9aa	22	18818348	25379630	4193	-0.07
cf7f6c80-4535-485e-973a-70b43991c9aa	22	25381147	25381822	2	-2.2494
cf7f6c80-4535-485e-973a-70b43991c9aa	22	25381839	25549737	201	-0.0994
cf7f6c80-4535-485e-973a-70b43991c9aa	22	25550178	36299077	8157	-0.0089
cf7f6c80-4535-485e-973a-70b43991c9aa	22	36301121	36301212	2	-1.6308
cf7f6c80-4535-485e-973a-70b43991c9aa	22	36304042	37346951	734	-0.0047
cf7f6c80-4535-485e-973a-70b43991c9aa	22	37352689	37353906	4	-1.1815
cf7f6c80-4535-485e-973a-70b43991c9aa	22	37354627	38894915	763	-0.0317
cf7f6c80-4535-485e-973a-70b43991c9aa	22	38899250	38900899	3	-2.9348
cf7f6c80-4535-485e-973a-70b43991c9aa	22	38903109	42468206	1931	-0.0125
cf7f6c80-4535-485e-973a-70b43991c9aa	22	42469071	42522705	32	-0.4489
cf7f6c80-4535-485e-973a-70b43991c9aa	22	42522923	49004740	4978	-0.0045
cf7f6c80-4535-485e-973a-70b43991c9aa	22	49005304	50796027	1129	-0.0894
cf7f6c80-4535-485e-973a-70b43991c9aa	X	251810	32965828	20471	0.0142
cf7f6c80-4535-485e-973a-70b43991c9aa	X	32969337	32970141	3	-1.86
cf7f6c80-4535-485e-973a-70b43991c9aa	X	32971922	33535240	396	0.0536
cf7f6c80-4535-485e-973a-70b43991c9aa	X	33535356	33537094	2	-2.7046
cf7f6c80-4535-485e-973a-70b43991c9aa	X	33538928	155952689	62771	0.0142
cf7f6c80-4535-485e-973a-70b43991c9aa	Y	2782397	7205382	1062	-0.8107
cf7f6c80-4535-485e-973a-70b43991c9aa	Y	7205703	20680790	4798	-0.7108
cf7f6c80-4535-485e-973a-70b43991c9aa	Y	20681716	20682934	3	1.3894
cf7f6c80-4535-485e-973a-70b43991c9aa	Y	20684530	23127770	576	-0.6642
cf7f6c80-4535-485e-973a-70b43991c9aa	Y	23257720	56872112	196	-0.8723
