GDC_Aliquot	Chromosome	Start	End	Num_Probes	Segment_Mean
bd52755a-499d-40c7-9f23-7aec08e3e558	1	3301765	7828378	2929	-0.4364
bd52755a-499d-40c7-9f23-7aec08e3e558	1	7839598	7848841	8	0.4669
bd52755a-499d-40c7-9f23-7aec08e3e558	1	7854594	26200951	9676	-0.4193
bd52755a-499d-40c7-9f23-7aec08e3e558	1	26212399	38105181	6028	0.2687
bd52755a-499d-40c7-9f23-7aec08e3e558	1	38106504	45894382	4293	-0.4302
bd52755a-499d-40c7-9f23-7aec08e3e558	1	46129164	46184392	28	0.3865
bd52755a-499d-40c7-9f23-7aec08e3e558	1	46191979	49405650	1929	-0.4293
bd52755a-499d-40c7-9f23-7aec08e3e558	1	49413137	49814608	118	-3.0401
bd52755a-499d-40c7-9f23-7aec08e3e558	1	49820872	91926375	26518	-0.4506
bd52755a-499d-40c7-9f23-7aec08e3e558	1	91933240	97113490	3085	0.2403
bd52755a-499d-40c7-9f23-7aec08e3e558	1	97115524	98346185	649	0.185
bd52755a-499d-40c7-9f23-7aec08e3e558	1	98346354	108471686	5694	0.2498
bd52755a-499d-40c7-9f23-7aec08e3e558	1	108479495	109272258	379	0.7369
bd52755a-499d-40c7-9f23-7aec08e3e558	1	109275378	119984772	6766	0.2967
bd52755a-499d-40c7-9f23-7aec08e3e558	1	146716041	165281074	8986	0.7798
bd52755a-499d-40c7-9f23-7aec08e3e558	1	165282329	185342626	13098	0.2633
bd52755a-499d-40c7-9f23-7aec08e3e558	1	185343034	201035031	9255	0.2253
bd52755a-499d-40c7-9f23-7aec08e3e558	1	201035384	207014061	3823	0.2786
bd52755a-499d-40c7-9f23-7aec08e3e558	1	207016229	218583378	8052	0.2478
bd52755a-499d-40c7-9f23-7aec08e3e558	1	218586641	219619578	728	0.1889
bd52755a-499d-40c7-9f23-7aec08e3e558	1	219619710	237698968	11616	0.2547
bd52755a-499d-40c7-9f23-7aec08e3e558	1	237699287	241135005	2630	0.7552
bd52755a-499d-40c7-9f23-7aec08e3e558	1	241136143	241905742	620	1.307
bd52755a-499d-40c7-9f23-7aec08e3e558	1	242024534	247650984	2853	0.7661
bd52755a-499d-40c7-9f23-7aec08e3e558	2	480597	6476007	3531	-0.5846
bd52755a-499d-40c7-9f23-7aec08e3e558	2	6478930	9077336	1747	0.269
bd52755a-499d-40c7-9f23-7aec08e3e558	2	9077538	11675366	1771	0.3271
bd52755a-499d-40c7-9f23-7aec08e3e558	2	11675500	18547897	4754	0.2718
bd52755a-499d-40c7-9f23-7aec08e3e558	2	18548881	18757001	121	-0.5567
bd52755a-499d-40c7-9f23-7aec08e3e558	2	18759202	34975803	9137	0.2859
bd52755a-499d-40c7-9f23-7aec08e3e558	2	34976252	35119977	85	0.6512
bd52755a-499d-40c7-9f23-7aec08e3e558	2	35120380	35158327	18	0.2043
bd52755a-499d-40c7-9f23-7aec08e3e558	2	35166985	35168368	2	1.0517
bd52755a-499d-40c7-9f23-7aec08e3e558	2	35170778	35227286	45	0.7151
bd52755a-499d-40c7-9f23-7aec08e3e558	2	35232635	35233197	2	1.2136
bd52755a-499d-40c7-9f23-7aec08e3e558	2	35244401	42133691	3818	0.2625
bd52755a-499d-40c7-9f23-7aec08e3e558	2	42135354	42179906	34	0.7426
bd52755a-499d-40c7-9f23-7aec08e3e558	2	42182459	49267542	4478	0.2813
bd52755a-499d-40c7-9f23-7aec08e3e558	2	49267564	59764268	5733	0.2506
bd52755a-499d-40c7-9f23-7aec08e3e558	2	59767694	70872727	6656	0.2774
bd52755a-499d-40c7-9f23-7aec08e3e558	2	70874012	70874296	2	-1.0213
bd52755a-499d-40c7-9f23-7aec08e3e558	2	70874689	71527405	416	0.2677
bd52755a-499d-40c7-9f23-7aec08e3e558	2	71529392	71534624	7	-0.5113
bd52755a-499d-40c7-9f23-7aec08e3e558	2	71537755	76735347	2756	0.2864
bd52755a-499d-40c7-9f23-7aec08e3e558	2	76735521	79498287	1111	0.2224
bd52755a-499d-40c7-9f23-7aec08e3e558	2	79504731	84299356	2857	0.2645
bd52755a-499d-40c7-9f23-7aec08e3e558	2	84300084	101861758	4836	0.2952
bd52755a-499d-40c7-9f23-7aec08e3e558	2	101861890	108749109	4242	0.2645
bd52755a-499d-40c7-9f23-7aec08e3e558	2	108756680	108773007	8	0.8661
bd52755a-499d-40c7-9f23-7aec08e3e558	2	108773192	117175447	3648	0.2657
bd52755a-499d-40c7-9f23-7aec08e3e558	2	117176374	118106298	494	0.739
bd52755a-499d-40c7-9f23-7aec08e3e558	2	118108681	118634667	354	0.2518
bd52755a-499d-40c7-9f23-7aec08e3e558	2	118634944	122299803	2202	0.3001
bd52755a-499d-40c7-9f23-7aec08e3e558	2	122302131	126700486	1909	0.2295
bd52755a-499d-40c7-9f23-7aec08e3e558	2	126700879	130988838	2209	0.2799
bd52755a-499d-40c7-9f23-7aec08e3e558	2	130995789	140908747	4958	0.24
bd52755a-499d-40c7-9f23-7aec08e3e558	2	140916422	140953407	22	0.715
bd52755a-499d-40c7-9f23-7aec08e3e558	2	140955338	143646102	1758	0.2332
bd52755a-499d-40c7-9f23-7aec08e3e558	2	143646227	147522125	2013	0.1995
bd52755a-499d-40c7-9f23-7aec08e3e558	2	147522205	149919031	1349	0.2589
bd52755a-499d-40c7-9f23-7aec08e3e558	2	149924231	154075886	2677	0.217
bd52755a-499d-40c7-9f23-7aec08e3e558	2	154077477	175987058	13008	0.2496
bd52755a-499d-40c7-9f23-7aec08e3e558	2	175989168	176958159	690	0.7509
bd52755a-499d-40c7-9f23-7aec08e3e558	2	176959016	178712485	1028	0.2618
bd52755a-499d-40c7-9f23-7aec08e3e558	2	178713610	212384520	17945	0.64
bd52755a-499d-40c7-9f23-7aec08e3e558	2	212388802	212438023	30	1.0603
bd52755a-499d-40c7-9f23-7aec08e3e558	2	212445119	241537572	17806	0.66
bd52755a-499d-40c7-9f23-7aec08e3e558	3	2170634	49075245	27547	-0.4927
bd52755a-499d-40c7-9f23-7aec08e3e558	3	49092192	56371482	4095	0.3533
bd52755a-499d-40c7-9f23-7aec08e3e558	3	56373998	73570752	11132	0.3729
bd52755a-499d-40c7-9f23-7aec08e3e558	3	73571029	97498726	10227	0.3347
bd52755a-499d-40c7-9f23-7aec08e3e558	3	97502514	97744829	126	-0.5295
bd52755a-499d-40c7-9f23-7aec08e3e558	3	97747863	115072300	9668	0.2992
bd52755a-499d-40c7-9f23-7aec08e3e558	3	115079212	116016969	578	0.7709
bd52755a-499d-40c7-9f23-7aec08e3e558	3	116019466	119301329	2218	0.2758
bd52755a-499d-40c7-9f23-7aec08e3e558	3	119302223	139386569	11217	0.3145
bd52755a-499d-40c7-9f23-7aec08e3e558	3	139392804	139402879	9	0.9378
bd52755a-499d-40c7-9f23-7aec08e3e558	3	139402917	140392143	794	0.302
bd52755a-499d-40c7-9f23-7aec08e3e558	3	140393565	143713525	1640	0.8056
bd52755a-499d-40c7-9f23-7aec08e3e558	3	143715993	143763224	35	1.0866
bd52755a-499d-40c7-9f23-7aec08e3e558	3	143763392	149542999	2836	0.789
bd52755a-499d-40c7-9f23-7aec08e3e558	3	149543359	149551879	2	-0.4973
bd52755a-499d-40c7-9f23-7aec08e3e558	3	149553300	151686466	1279	0.7888
bd52755a-499d-40c7-9f23-7aec08e3e558	3	151687617	151687777	5	0.0906
bd52755a-499d-40c7-9f23-7aec08e3e558	3	151687866	153552383	1094	0.7965
bd52755a-499d-40c7-9f23-7aec08e3e558	3	153552804	153662191	67	1.1493
bd52755a-499d-40c7-9f23-7aec08e3e558	3	153663296	153678307	17	0.8718
bd52755a-499d-40c7-9f23-7aec08e3e558	3	153678963	153783245	72	1.2313
bd52755a-499d-40c7-9f23-7aec08e3e558	3	153785268	168265031	7041	0.7928
bd52755a-499d-40c7-9f23-7aec08e3e558	3	168271270	168393086	62	0.431
bd52755a-499d-40c7-9f23-7aec08e3e558	3	168394547	170424256	1221	0.8011
bd52755a-499d-40c7-9f23-7aec08e3e558	3	170430087	170442705	10	1.3927
bd52755a-499d-40c7-9f23-7aec08e3e558	3	170444402	172395534	1056	0.7803
bd52755a-499d-40c7-9f23-7aec08e3e558	3	172398845	172524198	106	1.1109
bd52755a-499d-40c7-9f23-7aec08e3e558	3	172527218	179210387	3254	0.7835
bd52755a-499d-40c7-9f23-7aec08e3e558	3	179211755	179234126	68	0.5504
bd52755a-499d-40c7-9f23-7aec08e3e558	3	179234170	196604720	9539	0.7826
bd52755a-499d-40c7-9f23-7aec08e3e558	3	196604843	196631608	22	1.4716
bd52755a-499d-40c7-9f23-7aec08e3e558	3	196638894	197812401	157	0.7975
bd52755a-499d-40c7-9f23-7aec08e3e558	4	1059384	3241193	865	-0.5065
bd52755a-499d-40c7-9f23-7aec08e3e558	4	3256594	3286203	31	0.4406
bd52755a-499d-40c7-9f23-7aec08e3e558	4	3289585	16755193	8737	-0.5069
bd52755a-499d-40c7-9f23-7aec08e3e558	4	16763862	16771700	11	0.3425
bd52755a-499d-40c7-9f23-7aec08e3e558	4	16773207	70386333	28876	-0.5173
bd52755a-499d-40c7-9f23-7aec08e3e558	4	70386524	70387268	4	-1.8294
bd52755a-499d-40c7-9f23-7aec08e3e558	4	70394822	73595110	1714	-0.5204
bd52755a-499d-40c7-9f23-7aec08e3e558	4	73597557	73608463	10	0.2924
bd52755a-499d-40c7-9f23-7aec08e3e558	4	73613170	79757539	3872	-0.4925
bd52755a-499d-40c7-9f23-7aec08e3e558	4	79757727	85722550	3541	-0.5361
bd52755a-499d-40c7-9f23-7aec08e3e558	4	85722589	89912270	2551	-0.505
bd52755a-499d-40c7-9f23-7aec08e3e558	4	89915202	90211461	99	0.3146
bd52755a-499d-40c7-9f23-7aec08e3e558	4	90220705	187706781	53066	-0.5454
bd52755a-499d-40c7-9f23-7aec08e3e558	4	187717436	187717655	3	-2.6128
bd52755a-499d-40c7-9f23-7aec08e3e558	4	187719689	187842528	76	-0.5376
bd52755a-499d-40c7-9f23-7aec08e3e558	5	913983	17898280	11023	0.3258
bd52755a-499d-40c7-9f23-7aec08e3e558	5	17903449	30815906	6747	0.2977
bd52755a-499d-40c7-9f23-7aec08e3e558	5	30816377	32031068	1019	0.3674
bd52755a-499d-40c7-9f23-7aec08e3e558	5	32031136	45383300	7359	0.3152
bd52755a-499d-40c7-9f23-7aec08e3e558	5	50828231	53509929	1625	-0.0385
bd52755a-499d-40c7-9f23-7aec08e3e558	5	53512399	54933586	957	0.327
bd52755a-499d-40c7-9f23-7aec08e3e558	5	54935180	93492719	21056	-0.5542
bd52755a-499d-40c7-9f23-7aec08e3e558	5	93495576	94745214	572	0.297
bd52755a-499d-40c7-9f23-7aec08e3e558	5	94751479	128780950	18900	-0.5544
bd52755a-499d-40c7-9f23-7aec08e3e558	5	128782358	128782395	2	-2.4357
bd52755a-499d-40c7-9f23-7aec08e3e558	5	128783194	142339245	7511	-0.5259
bd52755a-499d-40c7-9f23-7aec08e3e558	5	142341680	142390167	25	0.2817
bd52755a-499d-40c7-9f23-7aec08e3e558	5	142395885	149888174	4995	-0.5441
bd52755a-499d-40c7-9f23-7aec08e3e558	5	149895399	153580416	2437	-0.0437
bd52755a-499d-40c7-9f23-7aec08e3e558	5	153580759	153580968	2	-1.8214
bd52755a-499d-40c7-9f23-7aec08e3e558	5	153581735	154668823	748	-0.0711
bd52755a-499d-40c7-9f23-7aec08e3e558	5	154669571	154684582	12	0.7218
bd52755a-499d-40c7-9f23-7aec08e3e558	5	154685674	157966535	2112	0.5357
bd52755a-499d-40c7-9f23-7aec08e3e558	5	157972042	157972891	3	-0.5665
bd52755a-499d-40c7-9f23-7aec08e3e558	5	157974887	158103236	100	0.5026
bd52755a-499d-40c7-9f23-7aec08e3e558	5	158106426	158145229	34	0.774
bd52755a-499d-40c7-9f23-7aec08e3e558	5	158147613	166651015	5378	0.5215
bd52755a-499d-40c7-9f23-7aec08e3e558	5	166658864	173969863	5006	0.7738
bd52755a-499d-40c7-9f23-7aec08e3e558	5	173974835	173975775	2	-1.2979
bd52755a-499d-40c7-9f23-7aec08e3e558	5	173980491	180934240	3499	0.7798
bd52755a-499d-40c7-9f23-7aec08e3e558	6	1011760	8187638	5327	-0.4311
bd52755a-499d-40c7-9f23-7aec08e3e558	6	8190894	8376243	133	-0.5168
bd52755a-499d-40c7-9f23-7aec08e3e558	6	8376916	8378376	2	-1.9791
bd52755a-499d-40c7-9f23-7aec08e3e558	6	8379263	10206129	1266	-0.5051
bd52755a-499d-40c7-9f23-7aec08e3e558	6	10206489	11359930	607	-0.4516
bd52755a-499d-40c7-9f23-7aec08e3e558	6	11364292	15746108	3118	0.338
bd52755a-499d-40c7-9f23-7aec08e3e558	6	15750201	47663886	17889	0.3567
bd52755a-499d-40c7-9f23-7aec08e3e558	6	47666191	51723307	2265	0.3167
bd52755a-499d-40c7-9f23-7aec08e3e558	6	51724291	54189888	1710	0.3606
bd52755a-499d-40c7-9f23-7aec08e3e558	6	54191396	61826610	1904	0.3179
bd52755a-499d-40c7-9f23-7aec08e3e558	6	61828596	64187262	1158	0.2681
bd52755a-499d-40c7-9f23-7aec08e3e558	6	64190656	64191455	2	-1.2022
bd52755a-499d-40c7-9f23-7aec08e3e558	6	64194883	73223858	5279	0.2451
bd52755a-499d-40c7-9f23-7aec08e3e558	6	73227827	73831726	327	0.3372
bd52755a-499d-40c7-9f23-7aec08e3e558	6	73831946	91687617	10142	0.2349
bd52755a-499d-40c7-9f23-7aec08e3e558	6	91688042	92035189	223	0.1673
bd52755a-499d-40c7-9f23-7aec08e3e558	6	92035663	92972410	609	0.2004
bd52755a-499d-40c7-9f23-7aec08e3e558	6	92973076	92992423	22	0.7437
bd52755a-499d-40c7-9f23-7aec08e3e558	6	93001425	96308738	1104	0.1978
bd52755a-499d-40c7-9f23-7aec08e3e558	6	96310692	96331324	12	0.8051
bd52755a-499d-40c7-9f23-7aec08e3e558	6	96333690	98862191	1456	0.1951
bd52755a-499d-40c7-9f23-7aec08e3e558	6	98863360	99761120	633	0.2631
bd52755a-499d-40c7-9f23-7aec08e3e558	6	99762508	112438025	7443	0.2052
bd52755a-499d-40c7-9f23-7aec08e3e558	6	112438402	117073381	2673	0.1687
bd52755a-499d-40c7-9f23-7aec08e3e558	6	117073492	117074857	3	-0.7774
bd52755a-499d-40c7-9f23-7aec08e3e558	6	117079600	134035444	9943	0.1735
bd52755a-499d-40c7-9f23-7aec08e3e558	6	134036385	134375877	224	0.4933
bd52755a-499d-40c7-9f23-7aec08e3e558	6	134376239	134376302	2	-0.4227
bd52755a-499d-40c7-9f23-7aec08e3e558	6	134376858	137555745	2145	0.4664
bd52755a-499d-40c7-9f23-7aec08e3e558	6	137561003	137561565	5	-0.2572
bd52755a-499d-40c7-9f23-7aec08e3e558	6	137561738	144620252	3995	0.4509
bd52755a-499d-40c7-9f23-7aec08e3e558	6	144626608	144819604	128	-0.7444
bd52755a-499d-40c7-9f23-7aec08e3e558	6	144822142	145062922	187	0.462
bd52755a-499d-40c7-9f23-7aec08e3e558	6	145064003	145064719	3	-0.3597
bd52755a-499d-40c7-9f23-7aec08e3e558	6	145064880	145886984	425	0.4181
bd52755a-499d-40c7-9f23-7aec08e3e558	6	145888269	152593634	4628	-0.6945
bd52755a-499d-40c7-9f23-7aec08e3e558	6	152595081	152595474	2	-3.0596
bd52755a-499d-40c7-9f23-7aec08e3e558	6	152596056	170596889	10148	-0.718
bd52755a-499d-40c7-9f23-7aec08e3e558	7	664936	6716916	2296	0.3269
bd52755a-499d-40c7-9f23-7aec08e3e558	7	6722073	7499241	362	0.7558
bd52755a-499d-40c7-9f23-7aec08e3e558	7	7499602	8139207	546	1.0466
bd52755a-499d-40c7-9f23-7aec08e3e558	7	8492889	10622958	703	0.7557
bd52755a-499d-40c7-9f23-7aec08e3e558	7	10624379	10664446	27	1.1597
bd52755a-499d-40c7-9f23-7aec08e3e558	7	10665978	23995508	8387	0.7556
bd52755a-499d-40c7-9f23-7aec08e3e558	7	24000259	24000764	2	2.287
bd52755a-499d-40c7-9f23-7aec08e3e558	7	24001198	26648066	2019	0.7767
bd52755a-499d-40c7-9f23-7aec08e3e558	7	26648408	35076824	5241	0.2792
bd52755a-499d-40c7-9f23-7aec08e3e558	7	35079860	35092856	4	-1.2258
bd52755a-499d-40c7-9f23-7aec08e3e558	7	35104692	46928153	7412	0.2763
bd52755a-499d-40c7-9f23-7aec08e3e558	7	46928854	48012095	802	0.3311
bd52755a-499d-40c7-9f23-7aec08e3e558	7	48012336	54638005	4542	0.265
bd52755a-499d-40c7-9f23-7aec08e3e558	7	54638247	74240590	5689	0.3257
bd52755a-499d-40c7-9f23-7aec08e3e558	7	74240771	81494971	3444	0.7672
bd52755a-499d-40c7-9f23-7aec08e3e558	7	81496475	81505860	4	-0.0651
bd52755a-499d-40c7-9f23-7aec08e3e558	7	81506091	86772488	2994	0.7605
bd52755a-499d-40c7-9f23-7aec08e3e558	7	86775992	94773079	3708	0.2696
bd52755a-499d-40c7-9f23-7aec08e3e558	7	94777113	97873828	1885	0.7649
bd52755a-499d-40c7-9f23-7aec08e3e558	7	97882049	101103377	1206	0.3183
bd52755a-499d-40c7-9f23-7aec08e3e558	7	101108427	101144121	21	0.7445
bd52755a-499d-40c7-9f23-7aec08e3e558	7	101146230	110702768	5189	0.306
bd52755a-499d-40c7-9f23-7aec08e3e558	7	110706108	110725397	11	0.9498
bd52755a-499d-40c7-9f23-7aec08e3e558	7	110727740	127229368	8639	0.2878
bd52755a-499d-40c7-9f23-7aec08e3e558	7	127229520	134715941	4165	0.3187
bd52755a-499d-40c7-9f23-7aec08e3e558	7	134719700	134727643	12	0.8182
bd52755a-499d-40c7-9f23-7aec08e3e558	7	134734515	140095264	3247	0.3089
bd52755a-499d-40c7-9f23-7aec08e3e558	7	140096656	140137175	14	0.7657
bd52755a-499d-40c7-9f23-7aec08e3e558	7	140137261	140750525	266	0.3444
bd52755a-499d-40c7-9f23-7aec08e3e558	7	140754280	158592540	9146	0.8004
bd52755a-499d-40c7-9f23-7aec08e3e558	8	667625	4256934	1897	-0.542
bd52755a-499d-40c7-9f23-7aec08e3e558	8	4259912	5046598	468	0.3647
bd52755a-499d-40c7-9f23-7aec08e3e558	8	5047915	6471493	409	-0.5225
bd52755a-499d-40c7-9f23-7aec08e3e558	8	6482663	6968014	464	0.3798
bd52755a-499d-40c7-9f23-7aec08e3e558	8	8398802	9059563	584	-0.5122
bd52755a-499d-40c7-9f23-7aec08e3e558	8	9152396	10574397	595	0.3714
bd52755a-499d-40c7-9f23-7aec08e3e558	8	10580358	11801118	829	-0.5326
bd52755a-499d-40c7-9f23-7aec08e3e558	8	12704441	12744741	28	0.3594
bd52755a-499d-40c7-9f23-7aec08e3e558	8	12746900	25113490	9026	-0.5274
bd52755a-499d-40c7-9f23-7aec08e3e558	8	25133893	25995020	629	0.346
bd52755a-499d-40c7-9f23-7aec08e3e558	8	25999413	37925717	7264	-0.5247
bd52755a-499d-40c7-9f23-7aec08e3e558	8	37928675	41236842	1820	0.3477
bd52755a-499d-40c7-9f23-7aec08e3e558	8	41237109	41245244	9	0.8666
bd52755a-499d-40c7-9f23-7aec08e3e558	8	41250040	41744167	303	0.3514
bd52755a-499d-40c7-9f23-7aec08e3e558	8	41750174	41750462	2	-0.8401
bd52755a-499d-40c7-9f23-7aec08e3e558	8	41750646	71808490	15258	0.3257
bd52755a-499d-40c7-9f23-7aec08e3e558	8	71809466	71809562	3	1.5584
bd52755a-499d-40c7-9f23-7aec08e3e558	8	71810177	79683804	4621	0.3207
bd52755a-499d-40c7-9f23-7aec08e3e558	8	79683955	81381229	950	0.3799
bd52755a-499d-40c7-9f23-7aec08e3e558	8	81381254	100661479	10735	0.3087
bd52755a-499d-40c7-9f23-7aec08e3e558	8	100662204	102645238	1246	-0.5379
bd52755a-499d-40c7-9f23-7aec08e3e558	8	102648136	103413599	483	0.2748
bd52755a-499d-40c7-9f23-7aec08e3e558	8	103413817	103416261	4	-0.3685
bd52755a-499d-40c7-9f23-7aec08e3e558	8	103418200	103819073	185	0.2598
bd52755a-499d-40c7-9f23-7aec08e3e558	8	103822730	109110449	2812	0.7602
bd52755a-499d-40c7-9f23-7aec08e3e558	8	109113377	112947398	1992	0.2322
bd52755a-499d-40c7-9f23-7aec08e3e558	8	112949447	112949729	2	-1.4204
bd52755a-499d-40c7-9f23-7aec08e3e558	8	112953656	115799334	1446	0.2263
bd52755a-499d-40c7-9f23-7aec08e3e558	8	115800917	119970059	2887	0.2761
bd52755a-499d-40c7-9f23-7aec08e3e558	8	119991712	120015180	26	0.7779
bd52755a-499d-40c7-9f23-7aec08e3e558	8	120020048	120780259	471	0.2985
bd52755a-499d-40c7-9f23-7aec08e3e558	8	120780440	120814582	27	0.2569
bd52755a-499d-40c7-9f23-7aec08e3e558	8	120815228	120815257	3	-0.4455
bd52755a-499d-40c7-9f23-7aec08e3e558	8	120816679	122472376	1029	0.2485
bd52755a-499d-40c7-9f23-7aec08e3e558	8	122473083	123332616	581	0.3131
bd52755a-499d-40c7-9f23-7aec08e3e558	8	123336979	123367515	9	1.2713
bd52755a-499d-40c7-9f23-7aec08e3e558	8	123377368	125752606	1637	0.2792
bd52755a-499d-40c7-9f23-7aec08e3e558	8	125753078	138067678	8959	0.2498
bd52755a-499d-40c7-9f23-7aec08e3e558	8	138068256	144182542	2540	0.301
bd52755a-499d-40c7-9f23-7aec08e3e558	9	789794	962232	153	0.0241
bd52755a-499d-40c7-9f23-7aec08e3e558	9	962778	7297075	3716	0.3383
bd52755a-499d-40c7-9f23-7aec08e3e558	9	7298340	16406759	5515	-0.5157
bd52755a-499d-40c7-9f23-7aec08e3e558	9	16408124	16408420	2	-2.3541
bd52755a-499d-40c7-9f23-7aec08e3e558	9	16412870	19900010	2782	-0.4986
bd52755a-499d-40c7-9f23-7aec08e3e558	9	19903135	19903792	2	-2.3202
bd52755a-499d-40c7-9f23-7aec08e3e558	9	19903873	23139514	2231	-0.5042
bd52755a-499d-40c7-9f23-7aec08e3e558	9	23141412	23146774	4	-1.4881
bd52755a-499d-40c7-9f23-7aec08e3e558	9	23147428	29089612	3422	-0.5114
bd52755a-499d-40c7-9f23-7aec08e3e558	9	29105292	29231783	103	0.342
bd52755a-499d-40c7-9f23-7aec08e3e558	9	29232044	38752071	5645	-0.4981
bd52755a-499d-40c7-9f23-7aec08e3e558	9	68423153	85823088	12188	0.3399
bd52755a-499d-40c7-9f23-7aec08e3e558	9	85826914	85830791	3	-0.7121
bd52755a-499d-40c7-9f23-7aec08e3e558	9	85831172	93542865	5032	0.3536
bd52755a-499d-40c7-9f23-7aec08e3e558	9	93546451	94089013	323	0.843
bd52755a-499d-40c7-9f23-7aec08e3e558	9	94095453	108142248	8889	-0.4998
bd52755a-499d-40c7-9f23-7aec08e3e558	9	108142457	108142921	2	-3.5522
bd52755a-499d-40c7-9f23-7aec08e3e558	9	108142988	109225193	927	-0.5064
bd52755a-499d-40c7-9f23-7aec08e3e558	9	109229420	109255002	20	0.3617
bd52755a-499d-40c7-9f23-7aec08e3e558	9	109256558	121675951	8806	-0.5039
bd52755a-499d-40c7-9f23-7aec08e3e558	9	121676453	121678729	2	-2.729
bd52755a-499d-40c7-9f23-7aec08e3e558	9	121679245	134249190	7329	-0.4916
bd52755a-499d-40c7-9f23-7aec08e3e558	9	134249423	135809304	738	-0.5783
bd52755a-499d-40c7-9f23-7aec08e3e558	9	135809677	138044505	612	-0.4861
bd52755a-499d-40c7-9f23-7aec08e3e558	10	366509	3348411	1556	0.343
bd52755a-499d-40c7-9f23-7aec08e3e558	10	3350857	4707378	1246	0.2906
bd52755a-499d-40c7-9f23-7aec08e3e558	10	4709135	6018470	858	0.3535
bd52755a-499d-40c7-9f23-7aec08e3e558	10	6021053	20010227	10608	-0.5539
bd52755a-499d-40c7-9f23-7aec08e3e558	10	20010893	20024139	37	0.2193
bd52755a-499d-40c7-9f23-7aec08e3e558	10	20025128	28314535	5290	-0.5328
bd52755a-499d-40c7-9f23-7aec08e3e558	10	28315433	28315981	2	-2.709
bd52755a-499d-40c7-9f23-7aec08e3e558	10	28317814	33389101	3605	-0.5431
bd52755a-499d-40c7-9f23-7aec08e3e558	10	33389544	46041001	5048	0.3415
bd52755a-499d-40c7-9f23-7aec08e3e558	10	47084490	52443336	2725	-0.5229
bd52755a-499d-40c7-9f23-7aec08e3e558	10	52446454	52449217	5	0.3207
bd52755a-499d-40c7-9f23-7aec08e3e558	10	52449875	54388775	1308	-0.5215
bd52755a-499d-40c7-9f23-7aec08e3e558	10	54393876	54461389	69	-1.3049
bd52755a-499d-40c7-9f23-7aec08e3e558	10	54463659	108225952	32383	-0.5057
bd52755a-499d-40c7-9f23-7aec08e3e558	10	108226505	114675859	4386	0.3454
bd52755a-499d-40c7-9f23-7aec08e3e558	10	114677071	115094475	251	0.8385
bd52755a-499d-40c7-9f23-7aec08e3e558	10	115095741	115493714	206	0.3319
bd52755a-499d-40c7-9f23-7aec08e3e558	10	115499410	115710038	161	0.9549
bd52755a-499d-40c7-9f23-7aec08e3e558	10	115712105	119599329	2672	0.6329
bd52755a-499d-40c7-9f23-7aec08e3e558	10	119601477	119630884	25	1.0982
bd52755a-499d-40c7-9f23-7aec08e3e558	10	119636840	120901261	995	0.587
bd52755a-499d-40c7-9f23-7aec08e3e558	10	120907510	121909740	930	1.0092
bd52755a-499d-40c7-9f23-7aec08e3e558	10	121913691	127214414	3689	0.5927
bd52755a-499d-40c7-9f23-7aec08e3e558	10	127216414	127217544	3	-0.8256
bd52755a-499d-40c7-9f23-7aec08e3e558	10	127218597	127790615	467	0.5777
bd52755a-499d-40c7-9f23-7aec08e3e558	10	127795373	127795420	2	-0.8827
bd52755a-499d-40c7-9f23-7aec08e3e558	10	127796332	133411599	2709	0.6035
bd52755a-499d-40c7-9f23-7aec08e3e558	11	456012	7381586	3455	-0.05
bd52755a-499d-40c7-9f23-7aec08e3e558	11	7381792	7383034	5	0.6578
bd52755a-499d-40c7-9f23-7aec08e3e558	11	7385450	7846416	369	-0.0409
bd52755a-499d-40c7-9f23-7aec08e3e558	11	7847983	7848373	3	-1.2968
bd52755a-499d-40c7-9f23-7aec08e3e558	11	7857629	14789216	4998	-0.0437
bd52755a-499d-40c7-9f23-7aec08e3e558	11	14789629	16648187	1151	-0.0957
bd52755a-499d-40c7-9f23-7aec08e3e558	11	16648650	20434017	2796	-0.0363
bd52755a-499d-40c7-9f23-7aec08e3e558	11	20443428	20455786	8	0.5816
bd52755a-499d-40c7-9f23-7aec08e3e558	11	20458496	23369256	2120	-0.0686
bd52755a-499d-40c7-9f23-7aec08e3e558	11	23375581	23591953	196	-1.4125
bd52755a-499d-40c7-9f23-7aec08e3e558	11	23595266	38129683	8893	-0.0623
bd52755a-499d-40c7-9f23-7aec08e3e558	11	38132430	43970507	3801	0.2912
bd52755a-499d-40c7-9f23-7aec08e3e558	11	43970976	48351028	2442	0.3428
bd52755a-499d-40c7-9f23-7aec08e3e558	11	48352939	64773081	4910	0.3052
bd52755a-499d-40c7-9f23-7aec08e3e558	11	64775429	72679595	3038	0.5559
bd52755a-499d-40c7-9f23-7aec08e3e558	11	72681075	73223998	227	0.8875
bd52755a-499d-40c7-9f23-7aec08e3e558	11	73224780	78334374	2731	0.9524
bd52755a-499d-40c7-9f23-7aec08e3e558	11	78346922	78375899	18	1.4699
bd52755a-499d-40c7-9f23-7aec08e3e558	11	78377359	79168655	616	0.95
bd52755a-499d-40c7-9f23-7aec08e3e558	11	79169574	88819111	6173	0.9069
bd52755a-499d-40c7-9f23-7aec08e3e558	11	88819799	88820111	4	-0.1508
bd52755a-499d-40c7-9f23-7aec08e3e558	11	88824568	93050173	2357	0.9017
bd52755a-499d-40c7-9f23-7aec08e3e558	11	93050702	95059226	1091	1.2107
bd52755a-499d-40c7-9f23-7aec08e3e558	11	95060759	96685970	1145	0.9506
bd52755a-499d-40c7-9f23-7aec08e3e558	11	96686177	107548615	6947	0.9054
bd52755a-499d-40c7-9f23-7aec08e3e558	11	107549466	122152219	9759	0.9458
bd52755a-499d-40c7-9f23-7aec08e3e558	11	122160299	128822025	4914	-1.3901
bd52755a-499d-40c7-9f23-7aec08e3e558	11	128826376	128831756	6	-5.6576
bd52755a-499d-40c7-9f23-7aec08e3e558	11	128833541	129698357	538	-1.3662
bd52755a-499d-40c7-9f23-7aec08e3e558	11	129698597	129702981	2	-7.2653
bd52755a-499d-40c7-9f23-7aec08e3e558	11	129703168	133122224	2291	-1.4188
bd52755a-499d-40c7-9f23-7aec08e3e558	11	133393701	133420669	27	-0.5837
bd52755a-499d-40c7-9f23-7aec08e3e558	11	133422481	133430436	6	-1.3985
bd52755a-499d-40c7-9f23-7aec08e3e558	11	133430565	134161984	382	-0.4784
bd52755a-499d-40c7-9f23-7aec08e3e558	11	134169054	134174115	2	-1.757
bd52755a-499d-40c7-9f23-7aec08e3e558	11	134174205	134272740	58	-0.509
bd52755a-499d-40c7-9f23-7aec08e3e558	12	780472	6168145	3458	0.3567
bd52755a-499d-40c7-9f23-7aec08e3e558	12	6168164	6857627	330	0.4441
bd52755a-499d-40c7-9f23-7aec08e3e558	12	6858737	14047709	3796	0.3447
bd52755a-499d-40c7-9f23-7aec08e3e558	12	14047918	17549675	2047	0.5462
bd52755a-499d-40c7-9f23-7aec08e3e558	12	17551449	17553590	6	1.147
bd52755a-499d-40c7-9f23-7aec08e3e558	12	17557120	18235013	392	0.5197
bd52755a-499d-40c7-9f23-7aec08e3e558	12	18235017	18235993	11	0.1108
bd52755a-499d-40c7-9f23-7aec08e3e558	12	18247102	22865878	2890	0.5548
bd52755a-499d-40c7-9f23-7aec08e3e558	12	22870994	25296156	1542	0.5099
bd52755a-499d-40c7-9f23-7aec08e3e558	12	25296264	26449331	868	0.588
bd52755a-499d-40c7-9f23-7aec08e3e558	12	26449500	30632005	2770	0.5397
bd52755a-499d-40c7-9f23-7aec08e3e558	12	30632251	32543076	1144	0.5896
bd52755a-499d-40c7-9f23-7aec08e3e558	12	32547143	47425878	5308	0.3359
bd52755a-499d-40c7-9f23-7aec08e3e558	12	47441242	58082706	5433	-0.4712
bd52755a-499d-40c7-9f23-7aec08e3e558	12	58082865	80027410	13635	-0.5162
bd52755a-499d-40c7-9f23-7aec08e3e558	12	80027419	80027566	2	-2.7167
bd52755a-499d-40c7-9f23-7aec08e3e558	12	80029783	108326575	17767	-0.5194
bd52755a-499d-40c7-9f23-7aec08e3e558	12	108326799	114142705	2995	-0.4605
bd52755a-499d-40c7-9f23-7aec08e3e558	12	114142716	116680299	1900	-0.5136
bd52755a-499d-40c7-9f23-7aec08e3e558	12	116681996	122393497	3247	-0.4572
bd52755a-499d-40c7-9f23-7aec08e3e558	12	122396157	124015335	644	0.344
bd52755a-499d-40c7-9f23-7aec08e3e558	12	124020897	132605822	4135	-0.4987
bd52755a-499d-40c7-9f23-7aec08e3e558	13	18874255	19430792	353	-0.1252
bd52755a-499d-40c7-9f23-7aec08e3e558	13	19530371	24741022	2513	-0.5206
bd52755a-499d-40c7-9f23-7aec08e3e558	13	24745608	30468828	4085	-0.1165
bd52755a-499d-40c7-9f23-7aec08e3e558	13	30473112	47289035	11112	-0.5365
bd52755a-499d-40c7-9f23-7aec08e3e558	13	47290896	48759302	1058	-0.0522
bd52755a-499d-40c7-9f23-7aec08e3e558	13	48763053	48764209	5	-1.8759
bd52755a-499d-40c7-9f23-7aec08e3e558	13	48766415	57086259	3486	-0.0484
bd52755a-499d-40c7-9f23-7aec08e3e558	13	57086315	66370585	4571	0.5728
bd52755a-499d-40c7-9f23-7aec08e3e558	13	66562304	67348140	366	1.0947
bd52755a-499d-40c7-9f23-7aec08e3e558	13	67352068	67366693	17	-0.5702
bd52755a-499d-40c7-9f23-7aec08e3e558	13	67369041	67391010	16	0.6386
bd52755a-499d-40c7-9f23-7aec08e3e558	13	67405671	67409556	4	-0.4644
bd52755a-499d-40c7-9f23-7aec08e3e558	13	67410850	67429104	12	0.5641
bd52755a-499d-40c7-9f23-7aec08e3e558	13	67442088	75798460	5172	-0.5196
bd52755a-499d-40c7-9f23-7aec08e3e558	13	75801181	75812481	16	0.2681
bd52755a-499d-40c7-9f23-7aec08e3e558	13	75812913	79749820	2591	-0.5285
bd52755a-499d-40c7-9f23-7aec08e3e558	13	79752367	83668807	2229	0.288
bd52755a-499d-40c7-9f23-7aec08e3e558	13	83670534	83670565	2	-1.4436
bd52755a-499d-40c7-9f23-7aec08e3e558	13	83673145	114226675	19388	0.3032
bd52755a-499d-40c7-9f23-7aec08e3e558	14	20033191	28877562	4322	0.3638
bd52755a-499d-40c7-9f23-7aec08e3e558	14	28879110	38165969	5679	-0.5061
bd52755a-499d-40c7-9f23-7aec08e3e558	14	38166529	38166539	2	-2.2404
bd52755a-499d-40c7-9f23-7aec08e3e558	14	38166605	70546530	18223	-0.5069
bd52755a-499d-40c7-9f23-7aec08e3e558	14	70555711	74554576	2446	0.3354
bd52755a-499d-40c7-9f23-7aec08e3e558	14	74558049	77130310	1588	0.7944
bd52755a-499d-40c7-9f23-7aec08e3e558	14	77130705	77227472	84	0.9546
bd52755a-499d-40c7-9f23-7aec08e3e558	14	77229837	77611863	249	0.7907
bd52755a-499d-40c7-9f23-7aec08e3e558	14	77615126	78280873	527	0.3725
bd52755a-499d-40c7-9f23-7aec08e3e558	14	78282023	80525558	1533	0.3066
bd52755a-499d-40c7-9f23-7aec08e3e558	14	80528218	80590075	50	0.3789
bd52755a-499d-40c7-9f23-7aec08e3e558	14	80601294	97035999	10533	-0.6191
bd52755a-499d-40c7-9f23-7aec08e3e558	14	97036323	97045010	10	0.12
bd52755a-499d-40c7-9f23-7aec08e3e558	14	97045410	98033717	709	-0.6434
bd52755a-499d-40c7-9f23-7aec08e3e558	14	98036902	98057334	22	0.2758
bd52755a-499d-40c7-9f23-7aec08e3e558	14	98061134	105533894	3769	-0.6145
bd52755a-499d-40c7-9f23-7aec08e3e558	15	23437561	35668882	5316	-0.514
bd52755a-499d-40c7-9f23-7aec08e3e558	15	35669053	35670864	2	-2.1564
bd52755a-499d-40c7-9f23-7aec08e3e558	15	35670880	37897340	1602	-0.537
bd52755a-499d-40c7-9f23-7aec08e3e558	15	37899130	37914069	6	-1.3055
bd52755a-499d-40c7-9f23-7aec08e3e558	15	37916270	39689232	1248	-0.5292
bd52755a-499d-40c7-9f23-7aec08e3e558	15	39689961	43871807	1943	-0.4809
bd52755a-499d-40c7-9f23-7aec08e3e558	15	43878501	43890520	5	0.3789
bd52755a-499d-40c7-9f23-7aec08e3e558	15	43895793	43967646	49	-0.3857
bd52755a-499d-40c7-9f23-7aec08e3e558	15	43975063	43988295	8	-1.7494
bd52755a-499d-40c7-9f23-7aec08e3e558	15	43992929	61651551	11246	-0.5219
bd52755a-499d-40c7-9f23-7aec08e3e558	15	61652421	64906392	2031	0.5398
bd52755a-499d-40c7-9f23-7aec08e3e558	15	64909804	70382500	3407	0.7202
bd52755a-499d-40c7-9f23-7aec08e3e558	15	70387155	74002789	2080	1.0882
bd52755a-499d-40c7-9f23-7aec08e3e558	15	74002854	74003049	3	0.0424
bd52755a-499d-40c7-9f23-7aec08e3e558	15	74003063	74020453	52	1.0566
bd52755a-499d-40c7-9f23-7aec08e3e558	15	74021632	74022119	9	0.0888
bd52755a-499d-40c7-9f23-7aec08e3e558	15	74022307	77644104	1565	1.0755
bd52755a-499d-40c7-9f23-7aec08e3e558	15	77649749	98355371	12646	0.7074
bd52755a-499d-40c7-9f23-7aec08e3e558	15	98355889	99470713	759	1.0374
bd52755a-499d-40c7-9f23-7aec08e3e558	15	99472050	100673275	353	1.1604
bd52755a-499d-40c7-9f23-7aec08e3e558	15	100673977	100677761	2	-0.1795
bd52755a-499d-40c7-9f23-7aec08e3e558	15	100682097	101344124	440	1.1869
bd52755a-499d-40c7-9f23-7aec08e3e558	16	603333	29174036	13419	-0.3657
bd52755a-499d-40c7-9f23-7aec08e3e558	16	29175043	29180616	4	-1.5321
bd52755a-499d-40c7-9f23-7aec08e3e558	16	29181783	29417224	38	-0.3238
bd52755a-499d-40c7-9f23-7aec08e3e558	16	30295647	30308999	4	0.0404
bd52755a-499d-40c7-9f23-7aec08e3e558	16	30320763	31817777	567	0.414
bd52755a-499d-40c7-9f23-7aec08e3e558	16	31825824	54463942	5230	-0.0084
bd52755a-499d-40c7-9f23-7aec08e3e558	16	54465033	54715817	202	0.3523
bd52755a-499d-40c7-9f23-7aec08e3e558	16	54716462	54720893	22	0.7664
bd52755a-499d-40c7-9f23-7aec08e3e558	16	54727026	54817129	85	0.332
bd52755a-499d-40c7-9f23-7aec08e3e558	16	54817966	55748372	753	-0.0119
bd52755a-499d-40c7-9f23-7aec08e3e558	16	55839497	59030992	1948	-0.5435
bd52755a-499d-40c7-9f23-7aec08e3e558	16	59036931	59044433	10	0.3009
bd52755a-499d-40c7-9f23-7aec08e3e558	16	59051753	64465338	3369	-0.5746
bd52755a-499d-40c7-9f23-7aec08e3e558	16	64474720	64474803	3	-3.0733
bd52755a-499d-40c7-9f23-7aec08e3e558	16	64475151	66321930	1443	-0.5759
bd52755a-499d-40c7-9f23-7aec08e3e558	16	66322816	70709122	1874	-0.503
bd52755a-499d-40c7-9f23-7aec08e3e558	16	70712645	75377736	2471	-0.5583
bd52755a-499d-40c7-9f23-7aec08e3e558	16	75381622	75381877	2	-3.0533
bd52755a-499d-40c7-9f23-7aec08e3e558	16	75381968	85399678	7583	-0.5542
bd52755a-499d-40c7-9f23-7aec08e3e558	16	85399710	88170123	1993	-0.6086
bd52755a-499d-40c7-9f23-7aec08e3e558	16	88171026	89295205	129	-0.5003
bd52755a-499d-40c7-9f23-7aec08e3e558	16	89298878	89308831	12	-0.8976
bd52755a-499d-40c7-9f23-7aec08e3e558	16	89309871	89317317	7	-0.4667
bd52755a-499d-40c7-9f23-7aec08e3e558	17	1074619	4078237	1354	-0.4816
bd52755a-499d-40c7-9f23-7aec08e3e558	17	4080823	4904631	311	0.3615
bd52755a-499d-40c7-9f23-7aec08e3e558	17	4904836	4906317	3	-0.8386
bd52755a-499d-40c7-9f23-7aec08e3e558	17	4908250	10485579	3209	0.3722
bd52755a-499d-40c7-9f23-7aec08e3e558	17	10493785	10855953	206	-0.49
bd52755a-499d-40c7-9f23-7aec08e3e558	17	10858883	10863813	8	-4.5461
bd52755a-499d-40c7-9f23-7aec08e3e558	17	10864032	18021642	3517	-0.4995
bd52755a-499d-40c7-9f23-7aec08e3e558	17	18021970	51693207	11823	-0.4599
bd52755a-499d-40c7-9f23-7aec08e3e558	17	51693768	60076846	5172	0.6072
bd52755a-499d-40c7-9f23-7aec08e3e558	17	60077618	60090961	12	1.4397
bd52755a-499d-40c7-9f23-7aec08e3e558	17	60091503	64220911	1970	0.5958
bd52755a-499d-40c7-9f23-7aec08e3e558	17	64221759	64226560	2	-2.6138
bd52755a-499d-40c7-9f23-7aec08e3e558	17	64226762	68748258	2510	0.6172
bd52755a-499d-40c7-9f23-7aec08e3e558	17	68748641	71847332	2248	0.5292
bd52755a-499d-40c7-9f23-7aec08e3e558	17	71847595	79245328	3495	0.5988
bd52755a-499d-40c7-9f23-7aec08e3e558	17	79245485	79251130	6	-0.1305
bd52755a-499d-40c7-9f23-7aec08e3e558	17	79251177	82959812	1426	0.5737
bd52755a-499d-40c7-9f23-7aec08e3e558	18	326691	29212045	13117	0.3438
bd52755a-499d-40c7-9f23-7aec08e3e558	18	29212331	37242740	4925	0.2995
bd52755a-499d-40c7-9f23-7aec08e3e558	18	37249631	37478701	150	0.4371
bd52755a-499d-40c7-9f23-7aec08e3e558	18	37479008	45491140	4833	0.3012
bd52755a-499d-40c7-9f23-7aec08e3e558	18	45492046	50490638	3363	0.3304
bd52755a-499d-40c7-9f23-7aec08e3e558	18	50492583	51202332	546	-0.0444
bd52755a-499d-40c7-9f23-7aec08e3e558	18	51202738	51785163	424	0.3416
bd52755a-499d-40c7-9f23-7aec08e3e558	18	51789169	63728661	7742	-0.4825
bd52755a-499d-40c7-9f23-7aec08e3e558	18	63731112	78405831	7270	-1.3811
bd52755a-499d-40c7-9f23-7aec08e3e558	18	78408275	78408940	3	-7.0921
bd52755a-499d-40c7-9f23-7aec08e3e558	18	78410411	78660907	102	-1.3063
bd52755a-499d-40c7-9f23-7aec08e3e558	18	78661248	78661580	4	-5.5098
bd52755a-499d-40c7-9f23-7aec08e3e558	18	78666055	79349796	386	-1.3314
bd52755a-499d-40c7-9f23-7aec08e3e558	19	283868	12674610	4463	-0.4651
bd52755a-499d-40c7-9f23-7aec08e3e558	19	12677447	21528153	3498	0.3569
bd52755a-499d-40c7-9f23-7aec08e3e558	19	21534501	21538872	2	-1.6508
bd52755a-499d-40c7-9f23-7aec08e3e558	19	21539503	23462392	809	0.3497
bd52755a-499d-40c7-9f23-7aec08e3e558	19	23463331	23473092	2	-0.882
bd52755a-499d-40c7-9f23-7aec08e3e558	19	23473618	30900368	2661	0.3689
bd52755a-499d-40c7-9f23-7aec08e3e558	19	30905089	32182753	917	-0.5245
bd52755a-499d-40c7-9f23-7aec08e3e558	19	32183406	33564863	818	0.3866
bd52755a-499d-40c7-9f23-7aec08e3e558	19	33568111	34293854	519	-0.4784
bd52755a-499d-40c7-9f23-7aec08e3e558	19	34296905	34309693	8	0.4086
bd52755a-499d-40c7-9f23-7aec08e3e558	19	34313037	34336325	13	-0.3478
bd52755a-499d-40c7-9f23-7aec08e3e558	19	34343459	34367669	13	0.2188
bd52755a-499d-40c7-9f23-7aec08e3e558	19	34367896	37936486	1831	-0.4683
bd52755a-499d-40c7-9f23-7aec08e3e558	19	37937192	37955448	8	0.2779
bd52755a-499d-40c7-9f23-7aec08e3e558	19	37955571	51032851	5382	-0.4932
bd52755a-499d-40c7-9f23-7aec08e3e558	19	51038957	58370362	3177	-0.5458
bd52755a-499d-40c7-9f23-7aec08e3e558	20	472817	2482787	1365	0.5588
bd52755a-499d-40c7-9f23-7aec08e3e558	20	2484884	4408553	1013	0.6202
bd52755a-499d-40c7-9f23-7aec08e3e558	20	4409602	5401843	721	0.5744
bd52755a-499d-40c7-9f23-7aec08e3e558	20	5402497	6293817	414	0.831
bd52755a-499d-40c7-9f23-7aec08e3e558	20	6294205	6436828	120	0.5397
bd52755a-499d-40c7-9f23-7aec08e3e558	20	6436855	6439948	3	-0.1638
bd52755a-499d-40c7-9f23-7aec08e3e558	20	6440007	10673873	2757	0.5784
bd52755a-499d-40c7-9f23-7aec08e3e558	20	10675439	11829348	903	-0.0209
bd52755a-499d-40c7-9f23-7aec08e3e558	20	11830737	11842785	9	0.7285
bd52755a-499d-40c7-9f23-7aec08e3e558	20	11843188	17287630	3671	-0.0235
bd52755a-499d-40c7-9f23-7aec08e3e558	20	17290459	25039924	5505	-0.5248
bd52755a-499d-40c7-9f23-7aec08e3e558	20	25041530	31293239	500	0.3693
bd52755a-499d-40c7-9f23-7aec08e3e558	20	31294348	31956560	308	0.452
bd52755a-499d-40c7-9f23-7aec08e3e558	20	31956897	39426299	3923	0.3524
bd52755a-499d-40c7-9f23-7aec08e3e558	20	39426372	47635430	5537	0.0028
bd52755a-499d-40c7-9f23-7aec08e3e558	20	47640033	50526130	1761	0.6061
bd52755a-499d-40c7-9f23-7aec08e3e558	20	50529513	53046949	1749	0.3351
bd52755a-499d-40c7-9f23-7aec08e3e558	20	53049440	53050295	2	-1.168
bd52755a-499d-40c7-9f23-7aec08e3e558	20	53052873	56313111	2447	0.3244
bd52755a-499d-40c7-9f23-7aec08e3e558	20	56313929	57349919	755	0.3843
bd52755a-499d-40c7-9f23-7aec08e3e558	20	57354825	59708238	1742	0.3251
bd52755a-499d-40c7-9f23-7aec08e3e558	20	59709415	59857564	109	-5.1807
bd52755a-499d-40c7-9f23-7aec08e3e558	20	59859232	63588502	2248	0.3261
bd52755a-499d-40c7-9f23-7aec08e3e558	21	13974127	15991471	1225	0.2805
bd52755a-499d-40c7-9f23-7aec08e3e558	21	15991489	18971577	1878	0.3274
bd52755a-499d-40c7-9f23-7aec08e3e558	21	18972080	31051851	7821	0.274
bd52755a-499d-40c7-9f23-7aec08e3e558	21	31052380	32772697	1133	0.3442
bd52755a-499d-40c7-9f23-7aec08e3e558	21	32774412	39328167	4533	0.2807
bd52755a-499d-40c7-9f23-7aec08e3e558	21	39340441	46262057	4009	-0.5524
bd52755a-499d-40c7-9f23-7aec08e3e558	22	16934932	27033313	3063	-0.4661
bd52755a-499d-40c7-9f23-7aec08e3e558	22	27034115	27034195	2	-2.437
bd52755a-499d-40c7-9f23-7aec08e3e558	22	27034341	41583967	8991	-0.4811
bd52755a-499d-40c7-9f23-7aec08e3e558	22	41596983	48757059	4892	0.3416
bd52755a-499d-40c7-9f23-7aec08e3e558	22	48757470	48757598	3	-0.5883
bd52755a-499d-40c7-9f23-7aec08e3e558	22	48757652	48758569	11	0.1915
bd52755a-499d-40c7-9f23-7aec08e3e558	22	48759275	48760426	4	-0.3026
bd52755a-499d-40c7-9f23-7aec08e3e558	22	48761226	48940621	102	0.3624
bd52755a-499d-40c7-9f23-7aec08e3e558	X	3236359	8815239	899	0.1099
bd52755a-499d-40c7-9f23-7aec08e3e558	X	8818678	8821613	3	-1.3958
bd52755a-499d-40c7-9f23-7aec08e3e558	X	8822592	23605620	7667	0.0944
bd52755a-499d-40c7-9f23-7aec08e3e558	X	23606179	24339746	437	0.2012
bd52755a-499d-40c7-9f23-7aec08e3e558	X	24345615	31614693	3939	0.0816
bd52755a-499d-40c7-9f23-7aec08e3e558	X	31619579	31958202	213	-3.718
bd52755a-499d-40c7-9f23-7aec08e3e558	X	31960378	35796052	1401	0.0813
bd52755a-499d-40c7-9f23-7aec08e3e558	X	35803646	36739085	562	-3.6363
bd52755a-499d-40c7-9f23-7aec08e3e558	X	36740402	37310030	95	-2.1309
bd52755a-499d-40c7-9f23-7aec08e3e558	X	37310034	38379262	444	-3.6756
bd52755a-499d-40c7-9f23-7aec08e3e558	X	38382037	44981270	3126	-0.7384
bd52755a-499d-40c7-9f23-7aec08e3e558	X	44990988	45121906	50	0.1004
bd52755a-499d-40c7-9f23-7aec08e3e558	X	45126541	45846818	391	0.6285
bd52755a-499d-40c7-9f23-7aec08e3e558	X	45858285	46094615	130	0.1491
bd52755a-499d-40c7-9f23-7aec08e3e558	X	46099342	46292802	86	0.6319
bd52755a-499d-40c7-9f23-7aec08e3e558	X	46292871	72467734	8271	0.1577
bd52755a-499d-40c7-9f23-7aec08e3e558	X	72477626	72679644	78	0.9682
bd52755a-499d-40c7-9f23-7aec08e3e558	X	72686202	133536581	26337	0.1271
bd52755a-499d-40c7-9f23-7aec08e3e558	X	133542698	133566219	13	-2.8321
bd52755a-499d-40c7-9f23-7aec08e3e558	X	133570194	155677414	9761	0.1176
