GDC_Aliquot	Chromosome	Start	End	Num_Probes	Segment_Mean
2fde3a3d-8de8-4457-a66c-72b83063502d	1	3301765	247650984	129579	0.006
2fde3a3d-8de8-4457-a66c-72b83063502d	2	480597	155607330	82431	0.0018
2fde3a3d-8de8-4457-a66c-72b83063502d	2	155608995	155609188	3	-2.7671
2fde3a3d-8de8-4457-a66c-72b83063502d	2	155609260	241537572	49595	-0.0008
2fde3a3d-8de8-4457-a66c-72b83063502d	3	2170634	106883219	58186	0.0014
2fde3a3d-8de8-4457-a66c-72b83063502d	3	106883365	106887239	2	-4.8724
2fde3a3d-8de8-4457-a66c-72b83063502d	3	106887507	123952601	9847	0.0008
2fde3a3d-8de8-4457-a66c-72b83063502d	3	123953019	123953161	2	-2.9352
2fde3a3d-8de8-4457-a66c-72b83063502d	3	123953330	197812401	39017	0.0044
2fde3a3d-8de8-4457-a66c-72b83063502d	4	1059384	177326668	98383	0.0018
2fde3a3d-8de8-4457-a66c-72b83063502d	4	177326841	177420262	90	-1.0128
2fde3a3d-8de8-4457-a66c-72b83063502d	4	177425787	187842528	4918	0.0134
2fde3a3d-8de8-4457-a66c-72b83063502d	5	913983	180934240	101006	0.0052
2fde3a3d-8de8-4457-a66c-72b83063502d	6	1011760	170596889	97059	0.0043
2fde3a3d-8de8-4457-a66c-72b83063502d	7	664936	158592540	81848	0.0046
2fde3a3d-8de8-4457-a66c-72b83063502d	8	667625	144182542	82129	0.009
2fde3a3d-8de8-4457-a66c-72b83063502d	9	789794	138044505	68382	0.005
2fde3a3d-8de8-4457-a66c-72b83063502d	10	366509	133411599	81168	0.0087
2fde3a3d-8de8-4457-a66c-72b83063502d	11	456012	134272740	77463	0.0058
2fde3a3d-8de8-4457-a66c-72b83063502d	12	780472	132605822	74242	0.0029
2fde3a3d-8de8-4457-a66c-72b83063502d	13	18874255	114226675	56934	0.0038
2fde3a3d-8de8-4457-a66c-72b83063502d	14	20033191	105533894	49714	0.0016
2fde3a3d-8de8-4457-a66c-72b83063502d	15	23437561	101344124	44731	0.0051
2fde3a3d-8de8-4457-a66c-72b83063502d	16	603333	89317317	41156	0.006
2fde3a3d-8de8-4457-a66c-72b83063502d	17	1074619	82959812	37240	0.0007
2fde3a3d-8de8-4457-a66c-72b83063502d	18	326691	76458233	41151	0.0034
2fde3a3d-8de8-4457-a66c-72b83063502d	18	76460118	76461295	2	-2.5592
2fde3a3d-8de8-4457-a66c-72b83063502d	18	76466183	79349796	1765	0.0071
2fde3a3d-8de8-4457-a66c-72b83063502d	19	283868	58370362	24123	-0.0024
2fde3a3d-8de8-4457-a66c-72b83063502d	20	472817	63588502	37514	0.0138
2fde3a3d-8de8-4457-a66c-72b83063502d	21	13974127	46262057	20577	0.0095
2fde3a3d-8de8-4457-a66c-72b83063502d	22	16934932	48940621	17072	0.0238
2fde3a3d-8de8-4457-a66c-72b83063502d	X	3236359	79954706	30140	0.0061
2fde3a3d-8de8-4457-a66c-72b83063502d	X	79954955	79954987	2	-3.5136
2fde3a3d-8de8-4457-a66c-72b83063502d	X	79955035	155677414	33758	0.0102
