GDC_Aliquot	Chromosome	Start	End	Num_Probes	Segment_Mean
8a1ea8b4-8960-4dc8-913e-1c38f0dcc9cd	1	3301765	247650984	129752	0.0054
8a1ea8b4-8960-4dc8-913e-1c38f0dcc9cd	2	480597	241537572	132180	0.0025
8a1ea8b4-8960-4dc8-913e-1c38f0dcc9cd	3	2170634	197812401	107179	0.0033
8a1ea8b4-8960-4dc8-913e-1c38f0dcc9cd	4	1059384	187842528	103488	0.0052
8a1ea8b4-8960-4dc8-913e-1c38f0dcc9cd	5	913983	180934240	101118	0.0038
8a1ea8b4-8960-4dc8-913e-1c38f0dcc9cd	6	1011760	170596889	97151	0.0017
8a1ea8b4-8960-4dc8-913e-1c38f0dcc9cd	7	664936	7459026	2639	0.0133
8a1ea8b4-8960-4dc8-913e-1c38f0dcc9cd	7	7476493	7561223	58	-0.9163
8a1ea8b4-8960-4dc8-913e-1c38f0dcc9cd	7	7562019	79614416	37572	0.0073
8a1ea8b4-8960-4dc8-913e-1c38f0dcc9cd	7	79614812	79623495	8	-0.8851
8a1ea8b4-8960-4dc8-913e-1c38f0dcc9cd	7	79623573	158592540	41667	0.005
8a1ea8b4-8960-4dc8-913e-1c38f0dcc9cd	8	667625	144182542	82225	0.0042
8a1ea8b4-8960-4dc8-913e-1c38f0dcc9cd	9	789794	86175445	35961	0.0038
8a1ea8b4-8960-4dc8-913e-1c38f0dcc9cd	9	86180063	86180304	2	-2.1117
8a1ea8b4-8960-4dc8-913e-1c38f0dcc9cd	9	86184784	138044505	32513	0.0061
8a1ea8b4-8960-4dc8-913e-1c38f0dcc9cd	10	366509	133411599	81272	0.0033
8a1ea8b4-8960-4dc8-913e-1c38f0dcc9cd	11	456012	134272740	77564	0.0072
8a1ea8b4-8960-4dc8-913e-1c38f0dcc9cd	12	780472	132605822	74342	0.0034
8a1ea8b4-8960-4dc8-913e-1c38f0dcc9cd	13	18874255	114226675	56992	0.0042
8a1ea8b4-8960-4dc8-913e-1c38f0dcc9cd	14	20033191	105533894	49792	0.0065
8a1ea8b4-8960-4dc8-913e-1c38f0dcc9cd	15	23437561	101344124	44788	0.0035
8a1ea8b4-8960-4dc8-913e-1c38f0dcc9cd	16	603333	12893237	6995	0.0115
8a1ea8b4-8960-4dc8-913e-1c38f0dcc9cd	16	12894327	12896095	2	-1.4782
8a1ea8b4-8960-4dc8-913e-1c38f0dcc9cd	16	12896734	87768705	33904	0.0064
8a1ea8b4-8960-4dc8-913e-1c38f0dcc9cd	16	87770911	87772616	2	-1.608
8a1ea8b4-8960-4dc8-913e-1c38f0dcc9cd	16	87773541	89317317	292	-0.015
8a1ea8b4-8960-4dc8-913e-1c38f0dcc9cd	17	1074619	82959812	37286	0.006
8a1ea8b4-8960-4dc8-913e-1c38f0dcc9cd	18	326691	79349796	42975	0.0063
8a1ea8b4-8960-4dc8-913e-1c38f0dcc9cd	19	283868	30793899	11345	0.0058
8a1ea8b4-8960-4dc8-913e-1c38f0dcc9cd	19	30797211	30797633	2	-1.8598
8a1ea8b4-8960-4dc8-913e-1c38f0dcc9cd	19	30799692	58370362	12806	0.0011
8a1ea8b4-8960-4dc8-913e-1c38f0dcc9cd	20	472817	1499783	586	0.0157
8a1ea8b4-8960-4dc8-913e-1c38f0dcc9cd	20	1500582	1507535	2	-3.0119
8a1ea8b4-8960-4dc8-913e-1c38f0dcc9cd	20	1508007	63588502	36961	0.0063
8a1ea8b4-8960-4dc8-913e-1c38f0dcc9cd	21	13974127	46262057	20595	0.0056
8a1ea8b4-8960-4dc8-913e-1c38f0dcc9cd	22	16934932	48940621	17091	0.0077
8a1ea8b4-8960-4dc8-913e-1c38f0dcc9cd	X	3236359	155677414	63970	0.006
