GDC_Aliquot	Chromosome	Start	End	Num_Probes	Segment_Mean
0e2be4d8-e751-46c5-b63a-ed3720d0cd5e	1	62920	72704	3	0.0699
0e2be4d8-e751-46c5-b63a-ed3720d0cd5e	1	72776	259422	12	0.7497
0e2be4d8-e751-46c5-b63a-ed3720d0cd5e	1	259926	783283	9	0.0043
0e2be4d8-e751-46c5-b63a-ed3720d0cd5e	1	787937	3207591	667	-0.115
0e2be4d8-e751-46c5-b63a-ed3720d0cd5e	1	3210080	15823420	7639	-0.0018
0e2be4d8-e751-46c5-b63a-ed3720d0cd5e	1	15827002	15827430	6	-1.9195
0e2be4d8-e751-46c5-b63a-ed3720d0cd5e	1	15827706	16864367	360	-0.0213
0e2be4d8-e751-46c5-b63a-ed3720d0cd5e	1	16868660	16971203	63	-0.4555
0e2be4d8-e751-46c5-b63a-ed3720d0cd5e	1	16972001	25256850	5244	0.005
0e2be4d8-e751-46c5-b63a-ed3720d0cd5e	1	25266637	25336819	25	0.4593
0e2be4d8-e751-46c5-b63a-ed3720d0cd5e	1	25336853	30261189	2380	0.0121
0e2be4d8-e751-46c5-b63a-ed3720d0cd5e	1	30264526	30268809	10	-0.7766
0e2be4d8-e751-46c5-b63a-ed3720d0cd5e	1	30269103	72297687	26318	0.007
0e2be4d8-e751-46c5-b63a-ed3720d0cd5e	1	72302735	72345393	46	-1.2436
0e2be4d8-e751-46c5-b63a-ed3720d0cd5e	1	72345450	89009572	10935	0.0092
0e2be4d8-e751-46c5-b63a-ed3720d0cd5e	1	89012275	89012522	2	-2.9572
0e2be4d8-e751-46c5-b63a-ed3720d0cd5e	1	89015841	109690352	12657	0.0015
0e2be4d8-e751-46c5-b63a-ed3720d0cd5e	1	109690415	109696900	10	1.4695
0e2be4d8-e751-46c5-b63a-ed3720d0cd5e	1	109697533	152583230	9573	0.0045
0e2be4d8-e751-46c5-b63a-ed3720d0cd5e	1	152583291	152614118	34	-1.6535
0e2be4d8-e751-46c5-b63a-ed3720d0cd5e	1	152618018	152789447	166	-0.0005
0e2be4d8-e751-46c5-b63a-ed3720d0cd5e	1	152789463	152795883	34	0.6825
0e2be4d8-e751-46c5-b63a-ed3720d0cd5e	1	152796094	169247699	11271	0.0095
0e2be4d8-e751-46c5-b63a-ed3720d0cd5e	1	169264736	169272528	7	-2.0637
0e2be4d8-e751-46c5-b63a-ed3720d0cd5e	1	169273163	174827267	3517	0.0085
0e2be4d8-e751-46c5-b63a-ed3720d0cd5e	1	174827418	174832869	20	-0.5386
0e2be4d8-e751-46c5-b63a-ed3720d0cd5e	1	174832902	176263861	965	0.0192
0e2be4d8-e751-46c5-b63a-ed3720d0cd5e	1	176268085	176307251	22	0.7673
0e2be4d8-e751-46c5-b63a-ed3720d0cd5e	1	176316411	189115773	8529	0.0062
0e2be4d8-e751-46c5-b63a-ed3720d0cd5e	1	189116196	189116241	2	-2.7322
0e2be4d8-e751-46c5-b63a-ed3720d0cd5e	1	189116278	248585893	40766	0.0073
0e2be4d8-e751-46c5-b63a-ed3720d0cd5e	1	248585918	248646068	34	-0.6279
0e2be4d8-e751-46c5-b63a-ed3720d0cd5e	1	248661836	248930189	138	-0.0135
0e2be4d8-e751-46c5-b63a-ed3720d0cd5e	2	12784	7989207	6294	-0.0059
0e2be4d8-e751-46c5-b63a-ed3720d0cd5e	2	7990754	7995913	7	-1.7444
0e2be4d8-e751-46c5-b63a-ed3720d0cd5e	2	7996487	10869645	2036	0.006
0e2be4d8-e751-46c5-b63a-ed3720d0cd5e	2	10869670	10872535	2	2.3328
0e2be4d8-e751-46c5-b63a-ed3720d0cd5e	2	10873171	34466002	15727	0.0028
0e2be4d8-e751-46c5-b63a-ed3720d0cd5e	2	34474248	34511990	46	-0.5329
0e2be4d8-e751-46c5-b63a-ed3720d0cd5e	2	34512096	37638793	2339	0.0099
0e2be4d8-e751-46c5-b63a-ed3720d0cd5e	2	37639000	37644467	2	-1.6422
0e2be4d8-e751-46c5-b63a-ed3720d0cd5e	2	37644996	42220217	3486	0.0081
0e2be4d8-e751-46c5-b63a-ed3720d0cd5e	2	42221064	42225473	5	-1.3784
0e2be4d8-e751-46c5-b63a-ed3720d0cd5e	2	42227045	52527330	7156	0.0099
0e2be4d8-e751-46c5-b63a-ed3720d0cd5e	2	52527342	52560811	40	0.5985
0e2be4d8-e751-46c5-b63a-ed3720d0cd5e	2	52563002	86710564	21901	0.0004
0e2be4d8-e751-46c5-b63a-ed3720d0cd5e	2	86725947	86726731	2	2.9462
0e2be4d8-e751-46c5-b63a-ed3720d0cd5e	2	86743283	87286164	129	0.0682
0e2be4d8-e751-46c5-b63a-ed3720d0cd5e	2	87287256	87295819	3	-1.3532
0e2be4d8-e751-46c5-b63a-ed3720d0cd5e	2	87299357	128880504	20750	0.0023
0e2be4d8-e751-46c5-b63a-ed3720d0cd5e	2	128880904	128882755	16	-0.776
0e2be4d8-e751-46c5-b63a-ed3720d0cd5e	2	128888874	242147305	69447	0.0051
0e2be4d8-e751-46c5-b63a-ed3720d0cd5e	3	20930	75519398	52682	0.0084
0e2be4d8-e751-46c5-b63a-ed3720d0cd5e	3	75523398	75537654	5	-1.8805
0e2be4d8-e751-46c5-b63a-ed3720d0cd5e	3	75546030	81545929	3400	0.006
0e2be4d8-e751-46c5-b63a-ed3720d0cd5e	3	81546941	81548156	3	-1.9451
0e2be4d8-e751-46c5-b63a-ed3720d0cd5e	3	81551646	84649706	1575	0.0171
0e2be4d8-e751-46c5-b63a-ed3720d0cd5e	3	84649839	84650033	2	-1.7428
0e2be4d8-e751-46c5-b63a-ed3720d0cd5e	3	84650533	98180575	5396	0.0079
0e2be4d8-e751-46c5-b63a-ed3720d0cd5e	3	98189826	98195973	4	-1.3811
0e2be4d8-e751-46c5-b63a-ed3720d0cd5e	3	98197104	99225632	592	0.0045
0e2be4d8-e751-46c5-b63a-ed3720d0cd5e	3	99225667	99230212	25	0.4427
0e2be4d8-e751-46c5-b63a-ed3720d0cd5e	3	99230225	130067366	18711	0.0036
0e2be4d8-e751-46c5-b63a-ed3720d0cd5e	3	130067443	130079892	25	0.7403
0e2be4d8-e751-46c5-b63a-ed3720d0cd5e	3	130079938	158632329	17658	0.0058
0e2be4d8-e751-46c5-b63a-ed3720d0cd5e	3	158633095	158633756	2	-2.3956
0e2be4d8-e751-46c5-b63a-ed3720d0cd5e	3	158641083	162405578	2331	0.002
0e2be4d8-e751-46c5-b63a-ed3720d0cd5e	3	162419812	162424917	14	-0.7375
0e2be4d8-e751-46c5-b63a-ed3720d0cd5e	3	162426460	162790390	256	0.0275
0e2be4d8-e751-46c5-b63a-ed3720d0cd5e	3	162790404	162910826	75	0.5312
0e2be4d8-e751-46c5-b63a-ed3720d0cd5e	3	162910855	198169247	21861	0.0057
0e2be4d8-e751-46c5-b63a-ed3720d0cd5e	4	68929	10208670	5696	-0.0012
0e2be4d8-e751-46c5-b63a-ed3720d0cd5e	4	10208766	10229625	29	0.551
0e2be4d8-e751-46c5-b63a-ed3720d0cd5e	4	10229874	34777418	16969	0.0057
0e2be4d8-e751-46c5-b63a-ed3720d0cd5e	4	34777432	34828382	44	0.3316
0e2be4d8-e751-46c5-b63a-ed3720d0cd5e	4	34830196	49086623	8947	0.0098
0e2be4d8-e751-46c5-b63a-ed3720d0cd5e	4	49087342	49656595	35	0.4785
0e2be4d8-e751-46c5-b63a-ed3720d0cd5e	4	51819533	63831799	7562	0.0041
0e2be4d8-e751-46c5-b63a-ed3720d0cd5e	4	63831812	63861138	34	0.4006
0e2be4d8-e751-46c5-b63a-ed3720d0cd5e	4	63861158	68478894	2859	0.0142
0e2be4d8-e751-46c5-b63a-ed3720d0cd5e	4	68494770	68655691	71	-0.3523
0e2be4d8-e751-46c5-b63a-ed3720d0cd5e	4	68663241	95324597	16274	0.007
0e2be4d8-e751-46c5-b63a-ed3720d0cd5e	4	95325355	95326445	15	-0.8743
0e2be4d8-e751-46c5-b63a-ed3720d0cd5e	4	95327465	111291050	9453	0.0137
0e2be4d8-e751-46c5-b63a-ed3720d0cd5e	4	111291686	111295645	2	-2.4061
0e2be4d8-e751-46c5-b63a-ed3720d0cd5e	4	111296654	115244948	2561	0.0094
0e2be4d8-e751-46c5-b63a-ed3720d0cd5e	4	115251455	115254798	21	-2.247
0e2be4d8-e751-46c5-b63a-ed3720d0cd5e	4	115254969	160952848	27312	0.0119
0e2be4d8-e751-46c5-b63a-ed3720d0cd5e	4	160958866	160963448	20	-2.5357
0e2be4d8-e751-46c5-b63a-ed3720d0cd5e	4	160963756	171448195	6655	0.0069
0e2be4d8-e751-46c5-b63a-ed3720d0cd5e	4	171453733	171456559	10	-1.0619
0e2be4d8-e751-46c5-b63a-ed3720d0cd5e	4	171456573	172066777	398	0.0052
0e2be4d8-e751-46c5-b63a-ed3720d0cd5e	4	172067997	172068382	12	0.8144
0e2be4d8-e751-46c5-b63a-ed3720d0cd5e	4	172074828	184906876	8621	0.0158
0e2be4d8-e751-46c5-b63a-ed3720d0cd5e	4	184907164	184912855	3	-1.3865
0e2be4d8-e751-46c5-b63a-ed3720d0cd5e	4	184914068	188300104	2299	0.0138
0e2be4d8-e751-46c5-b63a-ed3720d0cd5e	4	188300206	188300221	2	2.6615
0e2be4d8-e751-46c5-b63a-ed3720d0cd5e	4	188300270	190106768	1142	0.0197
0e2be4d8-e751-46c5-b63a-ed3720d0cd5e	5	15532	698390	309	-0.0789
0e2be4d8-e751-46c5-b63a-ed3720d0cd5e	5	717264	822008	37	0.2652
0e2be4d8-e751-46c5-b63a-ed3720d0cd5e	5	823484	1908188	583	-0.0694
0e2be4d8-e751-46c5-b63a-ed3720d0cd5e	5	1908411	11049495	8052	0.005
0e2be4d8-e751-46c5-b63a-ed3720d0cd5e	5	11049566	11161513	113	-0.0827
0e2be4d8-e751-46c5-b63a-ed3720d0cd5e	5	11162524	11162659	3	-1.4077
0e2be4d8-e751-46c5-b63a-ed3720d0cd5e	5	11167165	12998813	1155	0.001
0e2be4d8-e751-46c5-b63a-ed3720d0cd5e	5	13005102	13014395	3	-1.5078
0e2be4d8-e751-46c5-b63a-ed3720d0cd5e	5	13014933	58025819	25471	0.0118
0e2be4d8-e751-46c5-b63a-ed3720d0cd5e	5	58030200	58044246	34	-0.4568
0e2be4d8-e751-46c5-b63a-ed3720d0cd5e	5	58045187	70959078	7308	0.0107
0e2be4d8-e751-46c5-b63a-ed3720d0cd5e	5	70959079	71095426	9	-0.8918
0e2be4d8-e751-46c5-b63a-ed3720d0cd5e	5	71358245	104515520	19496	0.0097
0e2be4d8-e751-46c5-b63a-ed3720d0cd5e	5	104524672	104524847	3	2.2306
0e2be4d8-e751-46c5-b63a-ed3720d0cd5e	5	104524903	156048094	33415	0.0084
0e2be4d8-e751-46c5-b63a-ed3720d0cd5e	5	156048095	156068247	17	-0.5604
0e2be4d8-e751-46c5-b63a-ed3720d0cd5e	5	156068249	177771448	14789	0.0032
0e2be4d8-e751-46c5-b63a-ed3720d0cd5e	5	177800550	177805604	3	2.175
0e2be4d8-e751-46c5-b63a-ed3720d0cd5e	5	177827964	181363319	1980	0.0144
0e2be4d8-e751-46c5-b63a-ed3720d0cd5e	6	149661	294837	124	0.0098
0e2be4d8-e751-46c5-b63a-ed3720d0cd5e	6	302306	381149	78	0.5713
0e2be4d8-e751-46c5-b63a-ed3720d0cd5e	6	382559	19039888	14562	0.0046
0e2be4d8-e751-46c5-b63a-ed3720d0cd5e	6	19041950	19042587	3	-3.8141
0e2be4d8-e751-46c5-b63a-ed3720d0cd5e	6	19044471	29869295	6874	0.0122
0e2be4d8-e751-46c5-b63a-ed3720d0cd5e	6	29869410	29875657	9	-0.6027
0e2be4d8-e751-46c5-b63a-ed3720d0cd5e	6	29876257	29881490	7	-1.6781
0e2be4d8-e751-46c5-b63a-ed3720d0cd5e	6	29882419	32550992	1193	-0.0152
0e2be4d8-e751-46c5-b63a-ed3720d0cd5e	6	32559507	32605994	11	-0.8639
0e2be4d8-e751-46c5-b63a-ed3720d0cd5e	6	32606237	32656527	26	0.1321
0e2be4d8-e751-46c5-b63a-ed3720d0cd5e	6	32656814	32658841	5	-1.3107
0e2be4d8-e751-46c5-b63a-ed3720d0cd5e	6	32682835	32718419	36	0.0647
0e2be4d8-e751-46c5-b63a-ed3720d0cd5e	6	32720838	32723053	11	0.8672
0e2be4d8-e751-46c5-b63a-ed3720d0cd5e	6	32732907	54066353	13645	0.0011
0e2be4d8-e751-46c5-b63a-ed3720d0cd5e	6	54066432	54067057	6	-1.3297
0e2be4d8-e751-46c5-b63a-ed3720d0cd5e	6	54070550	61045507	2416	0.0213
0e2be4d8-e751-46c5-b63a-ed3720d0cd5e	6	61045610	61045745	2	-1.4179
0e2be4d8-e751-46c5-b63a-ed3720d0cd5e	6	61046496	64627049	1803	0.0024
0e2be4d8-e751-46c5-b63a-ed3720d0cd5e	6	64637651	64639099	2	1.5486
0e2be4d8-e751-46c5-b63a-ed3720d0cd5e	6	64640883	73882142	6156	0.0062
0e2be4d8-e751-46c5-b63a-ed3720d0cd5e	6	73882509	73891694	10	1.1307
0e2be4d8-e751-46c5-b63a-ed3720d0cd5e	6	73893839	76726442	1769	0.0144
0e2be4d8-e751-46c5-b63a-ed3720d0cd5e	6	76726815	76742675	17	-0.6237
0e2be4d8-e751-46c5-b63a-ed3720d0cd5e	6	76742729	78259348	982	-0.0048
0e2be4d8-e751-46c5-b63a-ed3720d0cd5e	6	78259388	78325468	112	0.5528
0e2be4d8-e751-46c5-b63a-ed3720d0cd5e	6	78329517	170741917	59636	0.0055
0e2be4d8-e751-46c5-b63a-ed3720d0cd5e	7	43355	48541346	34191	0.0105
0e2be4d8-e751-46c5-b63a-ed3720d0cd5e	7	48542256	48552429	8	-0.8668
0e2be4d8-e751-46c5-b63a-ed3720d0cd5e	7	48560583	54305455	4247	0.0027
0e2be4d8-e751-46c5-b63a-ed3720d0cd5e	7	54318812	54318824	6	-1.771
0e2be4d8-e751-46c5-b63a-ed3720d0cd5e	7	54325795	67172252	3732	0.0039
0e2be4d8-e751-46c5-b63a-ed3720d0cd5e	7	67176387	67203241	10	-0.7851
0e2be4d8-e751-46c5-b63a-ed3720d0cd5e	7	67203443	70955452	2381	0.0056
0e2be4d8-e751-46c5-b63a-ed3720d0cd5e	7	70958264	70961155	2	-2.4872
0e2be4d8-e751-46c5-b63a-ed3720d0cd5e	7	70963257	76632173	2165	-0.0001
0e2be4d8-e751-46c5-b63a-ed3720d0cd5e	7	76632839	76640970	4	-1.3386
0e2be4d8-e751-46c5-b63a-ed3720d0cd5e	7	76645393	109793741	20125	0.0088
0e2be4d8-e751-46c5-b63a-ed3720d0cd5e	7	109797035	109797700	14	-0.8374
0e2be4d8-e751-46c5-b63a-ed3720d0cd5e	7	109797715	109801187	11	-0.1665
0e2be4d8-e751-46c5-b63a-ed3720d0cd5e	7	109801572	109813853	10	-1.9999
0e2be4d8-e751-46c5-b63a-ed3720d0cd5e	7	109813925	126405502	10024	0.0105
0e2be4d8-e751-46c5-b63a-ed3720d0cd5e	7	126405597	126406561	10	-1.8145
0e2be4d8-e751-46c5-b63a-ed3720d0cd5e	7	126406822	134100424	4689	0.0017
0e2be4d8-e751-46c5-b63a-ed3720d0cd5e	7	134100442	134110951	27	0.668
0e2be4d8-e751-46c5-b63a-ed3720d0cd5e	7	134111088	142063324	5196	0.008
0e2be4d8-e751-46c5-b63a-ed3720d0cd5e	7	142069843	142090383	31	-0.8741
0e2be4d8-e751-46c5-b63a-ed3720d0cd5e	7	142090403	159334314	10853	0.0025
0e2be4d8-e751-46c5-b63a-ed3720d0cd5e	8	81254	25116928	21449	0.0088
0e2be4d8-e751-46c5-b63a-ed3720d0cd5e	8	25116961	25126818	26	-2.4563
0e2be4d8-e751-46c5-b63a-ed3720d0cd5e	8	25133589	39495103	9055	0.0061
0e2be4d8-e751-46c5-b63a-ed3720d0cd5e	8	39495168	39512955	11	-0.6643
0e2be4d8-e751-46c5-b63a-ed3720d0cd5e	8	39517213	40326286	600	0.0019
0e2be4d8-e751-46c5-b63a-ed3720d0cd5e	8	40326425	40331992	31	-1.0767
0e2be4d8-e751-46c5-b63a-ed3720d0cd5e	8	40335391	114619814	43175	0.0085
0e2be4d8-e751-46c5-b63a-ed3720d0cd5e	8	114622258	114629356	33	-0.6631
0e2be4d8-e751-46c5-b63a-ed3720d0cd5e	8	114629460	141031601	19291	0.0022
0e2be4d8-e751-46c5-b63a-ed3720d0cd5e	8	141031695	142821276	948	-0.1085
0e2be4d8-e751-46c5-b63a-ed3720d0cd5e	8	142821568	145072769	810	-0.0242
0e2be4d8-e751-46c5-b63a-ed3720d0cd5e	9	46587	38103121	30529	0.012
0e2be4d8-e751-46c5-b63a-ed3720d0cd5e	9	38104147	38104332	2	-2.0834
0e2be4d8-e751-46c5-b63a-ed3720d0cd5e	9	38110108	42164177	753	0.004
0e2be4d8-e751-46c5-b63a-ed3720d0cd5e	9	42179276	42834329	59	0.3993
0e2be4d8-e751-46c5-b63a-ed3720d0cd5e	9	42856247	63580418	82	0.0156
0e2be4d8-e751-46c5-b63a-ed3720d0cd5e	9	63590317	63592813	7	1.8659
0e2be4d8-e751-46c5-b63a-ed3720d0cd5e	9	63614182	137358336	47589	0.005
0e2be4d8-e751-46c5-b63a-ed3720d0cd5e	9	137358495	137361381	4	-1.2207
0e2be4d8-e751-46c5-b63a-ed3720d0cd5e	9	137378551	138200944	407	-0.0108
0e2be4d8-e751-46c5-b63a-ed3720d0cd5e	10	45792	2313295	1731	-0.0157
0e2be4d8-e751-46c5-b63a-ed3720d0cd5e	10	2314927	2315508	4	-1.1937
0e2be4d8-e751-46c5-b63a-ed3720d0cd5e	10	2317809	13007600	9163	0.0028
0e2be4d8-e751-46c5-b63a-ed3720d0cd5e	10	13007656	13008170	7	-1.2111
0e2be4d8-e751-46c5-b63a-ed3720d0cd5e	10	13008428	65546400	33488	0.0074
0e2be4d8-e751-46c5-b63a-ed3720d0cd5e	10	65546518	65554688	29	-0.4437
0e2be4d8-e751-46c5-b63a-ed3720d0cd5e	10	65563037	76493093	6775	0.0044
0e2be4d8-e751-46c5-b63a-ed3720d0cd5e	10	76497303	76497852	2	-2.0444
0e2be4d8-e751-46c5-b63a-ed3720d0cd5e	10	76501509	130475886	37408	0.0048
0e2be4d8-e751-46c5-b63a-ed3720d0cd5e	10	130475950	131820651	1146	-0.0576
0e2be4d8-e751-46c5-b63a-ed3720d0cd5e	10	131820711	133654968	843	-0.0045
0e2be4d8-e751-46c5-b63a-ed3720d0cd5e	11	198510	4274526	1753	-0.0163
0e2be4d8-e751-46c5-b63a-ed3720d0cd5e	11	4280126	4337579	15	0.9656
0e2be4d8-e751-46c5-b63a-ed3720d0cd5e	11	4337826	4946166	650	0.0245
0e2be4d8-e751-46c5-b63a-ed3720d0cd5e	11	4946420	4952799	26	-1.4441
0e2be4d8-e751-46c5-b63a-ed3720d0cd5e	11	4953934	5499745	540	0.0126
0e2be4d8-e751-46c5-b63a-ed3720d0cd5e	11	5500921	5501180	4	-0.9245
0e2be4d8-e751-46c5-b63a-ed3720d0cd5e	11	5501298	5768511	246	-0.0052
0e2be4d8-e751-46c5-b63a-ed3720d0cd5e	11	5768639	5787909	27	0.5591
0e2be4d8-e751-46c5-b63a-ed3720d0cd5e	11	5788108	18919323	9394	0.0063
0e2be4d8-e751-46c5-b63a-ed3720d0cd5e	11	18927525	18940066	41	0.4779
0e2be4d8-e751-46c5-b63a-ed3720d0cd5e	11	18940191	55606572	21727	0.0035
0e2be4d8-e751-46c5-b63a-ed3720d0cd5e	11	55606712	55672514	45	-0.4757
0e2be4d8-e751-46c5-b63a-ed3720d0cd5e	11	55674842	64892365	5143	0.0105
0e2be4d8-e751-46c5-b63a-ed3720d0cd5e	11	64895755	64897000	2	-1.8274
0e2be4d8-e751-46c5-b63a-ed3720d0cd5e	11	64898471	65633281	263	-0.0827
0e2be4d8-e751-46c5-b63a-ed3720d0cd5e	11	65643224	133862255	45964	0.0072
0e2be4d8-e751-46c5-b63a-ed3720d0cd5e	11	133862292	135074876	891	-0.0556
0e2be4d8-e751-46c5-b63a-ed3720d0cd5e	12	51460	33148492	22763	0.0058
0e2be4d8-e751-46c5-b63a-ed3720d0cd5e	12	33148586	33154440	25	-0.8125
0e2be4d8-e751-46c5-b63a-ed3720d0cd5e	12	33155426	133201603	61980	0.0054
0e2be4d8-e751-46c5-b63a-ed3720d0cd5e	13	18452809	19547319	532	0.0104
0e2be4d8-e751-46c5-b63a-ed3720d0cd5e	13	19549755	19549770	2	-2.1976
0e2be4d8-e751-46c5-b63a-ed3720d0cd5e	13	19550361	23064782	2339	0.005
0e2be4d8-e751-46c5-b63a-ed3720d0cd5e	13	23065741	23065761	2	-2.2734
0e2be4d8-e751-46c5-b63a-ed3720d0cd5e	13	23066724	31957984	6680	0.009
0e2be4d8-e751-46c5-b63a-ed3720d0cd5e	13	31958485	31964286	18	-1.1714
0e2be4d8-e751-46c5-b63a-ed3720d0cd5e	13	31965910	37496998	3898	0.001
0e2be4d8-e751-46c5-b63a-ed3720d0cd5e	13	37497899	37501828	4	-1.3086
0e2be4d8-e751-46c5-b63a-ed3720d0cd5e	13	37502130	37510620	12	-3.1822
0e2be4d8-e751-46c5-b63a-ed3720d0cd5e	13	37514193	63650072	16343	0.0066
0e2be4d8-e751-46c5-b63a-ed3720d0cd5e	13	63650659	63662559	9	-0.8087
0e2be4d8-e751-46c5-b63a-ed3720d0cd5e	13	63665430	114342922	34241	0.0053
0e2be4d8-e751-46c5-b63a-ed3720d0cd5e	14	18239283	19632043	58	0.069
0e2be4d8-e751-46c5-b63a-ed3720d0cd5e	14	19637253	19957350	111	0.6527
0e2be4d8-e751-46c5-b63a-ed3720d0cd5e	14	19957701	21856896	1255	-0.0054
0e2be4d8-e751-46c5-b63a-ed3720d0cd5e	14	21856963	22197666	340	0.0999
0e2be4d8-e751-46c5-b63a-ed3720d0cd5e	14	22206798	22208199	2	-1.4376
0e2be4d8-e751-46c5-b63a-ed3720d0cd5e	14	22209244	22490949	226	0.1266
0e2be4d8-e751-46c5-b63a-ed3720d0cd5e	14	22490986	41139155	11759	0.0096
0e2be4d8-e751-46c5-b63a-ed3720d0cd5e	14	41141293	41207493	21	0.6294
0e2be4d8-e751-46c5-b63a-ed3720d0cd5e	14	41207547	69551330	17802	0.0084
0e2be4d8-e751-46c5-b63a-ed3720d0cd5e	14	69551651	69570269	15	-0.6365
0e2be4d8-e751-46c5-b63a-ed3720d0cd5e	14	69574770	106221676	23437	0.0033
0e2be4d8-e751-46c5-b63a-ed3720d0cd5e	14	106222434	106475361	135	0.2083
0e2be4d8-e751-46c5-b63a-ed3720d0cd5e	14	106487515	106877229	193	-0.0076
0e2be4d8-e751-46c5-b63a-ed3720d0cd5e	15	19811075	20056983	50	0.1188
0e2be4d8-e751-46c5-b63a-ed3720d0cd5e	15	20059033	22296480	154	0.6087
0e2be4d8-e751-46c5-b63a-ed3720d0cd5e	15	22299009	24424598	991	-0.0069
0e2be4d8-e751-46c5-b63a-ed3720d0cd5e	15	24429604	24473026	33	-2.0958
0e2be4d8-e751-46c5-b63a-ed3720d0cd5e	15	24473449	51970414	16788	0.0069
0e2be4d8-e751-46c5-b63a-ed3720d0cd5e	15	51973538	51979322	4	-1.4246
0e2be4d8-e751-46c5-b63a-ed3720d0cd5e	15	51981087	76599170	15875	0.0096
0e2be4d8-e751-46c5-b63a-ed3720d0cd5e	15	76599286	76603434	20	1.0123
0e2be4d8-e751-46c5-b63a-ed3720d0cd5e	15	76609838	101855640	17583	0.0101
0e2be4d8-e751-46c5-b63a-ed3720d0cd5e	15	101856342	101928837	16	0.5856
0e2be4d8-e751-46c5-b63a-ed3720d0cd5e	16	10777	5557889	2622	-0.0187
0e2be4d8-e751-46c5-b63a-ed3720d0cd5e	16	5558088	5558150	2	-1.7051
0e2be4d8-e751-46c5-b63a-ed3720d0cd5e	16	5558336	14965488	8502	-0.0001
0e2be4d8-e751-46c5-b63a-ed3720d0cd5e	16	14965876	14966829	3	-1.5885
0e2be4d8-e751-46c5-b63a-ed3720d0cd5e	16	14969833	18192658	1627	-0.0006
0e2be4d8-e751-46c5-b63a-ed3720d0cd5e	16	18212128	18754907	26	0.7279
0e2be4d8-e751-46c5-b63a-ed3720d0cd5e	16	18756796	35225338	7368	0.0016
0e2be4d8-e751-46c5-b63a-ed3720d0cd5e	16	35232200	35522700	168	0.5066
0e2be4d8-e751-46c5-b63a-ed3720d0cd5e	16	35526596	55761136	6589	0.0096
0e2be4d8-e751-46c5-b63a-ed3720d0cd5e	16	55762477	55762682	4	-1.031
0e2be4d8-e751-46c5-b63a-ed3720d0cd5e	16	55764310	55764867	3	3.3285
0e2be4d8-e751-46c5-b63a-ed3720d0cd5e	16	55770436	55788057	13	-0.8033
0e2be4d8-e751-46c5-b63a-ed3720d0cd5e	16	55788485	70105639	8745	-0.0015
0e2be4d8-e751-46c5-b63a-ed3720d0cd5e	16	70117657	70164493	15	0.9475
0e2be4d8-e751-46c5-b63a-ed3720d0cd5e	16	70177541	74363160	2297	0.015
0e2be4d8-e751-46c5-b63a-ed3720d0cd5e	16	74364089	74373481	6	1.323
0e2be4d8-e751-46c5-b63a-ed3720d0cd5e	16	74418138	78337711	3203	0.0074
0e2be4d8-e751-46c5-b63a-ed3720d0cd5e	16	78338543	78345778	13	-2.4074
0e2be4d8-e751-46c5-b63a-ed3720d0cd5e	16	78349243	78405202	86	-0.0898
0e2be4d8-e751-46c5-b63a-ed3720d0cd5e	16	78405273	83909389	6193	0.0088
0e2be4d8-e751-46c5-b63a-ed3720d0cd5e	16	83909538	90096867	4328	-0.0353
0e2be4d8-e751-46c5-b63a-ed3720d0cd5e	17	150733	18414080	11383	-0.0009
0e2be4d8-e751-46c5-b63a-ed3720d0cd5e	17	18452078	18508609	16	0.8066
0e2be4d8-e751-46c5-b63a-ed3720d0cd5e	17	18509244	28452035	2261	-0.0014
0e2be4d8-e751-46c5-b63a-ed3720d0cd5e	17	28454323	28455301	2	-1.8846
0e2be4d8-e751-46c5-b63a-ed3720d0cd5e	17	28462253	32059530	1576	0.0117
0e2be4d8-e751-46c5-b63a-ed3720d0cd5e	17	32068619	32071714	3	-1.3362
0e2be4d8-e751-46c5-b63a-ed3720d0cd5e	17	32073864	41265456	5555	0.0022
0e2be4d8-e751-46c5-b63a-ed3720d0cd5e	17	41266762	41273697	19	-0.6667
0e2be4d8-e751-46c5-b63a-ed3720d0cd5e	17	41273905	41274198	4	-2.0555
0e2be4d8-e751-46c5-b63a-ed3720d0cd5e	17	41274279	46136800	2534	-0.008
0e2be4d8-e751-46c5-b63a-ed3720d0cd5e	17	46137998	46284643	84	-0.3468
0e2be4d8-e751-46c5-b63a-ed3720d0cd5e	17	46284997	66537438	11580	0.0055
0e2be4d8-e751-46c5-b63a-ed3720d0cd5e	17	66538782	66539761	4	-1.2368
0e2be4d8-e751-46c5-b63a-ed3720d0cd5e	17	66542213	69294922	1749	-0.0021
0e2be4d8-e751-46c5-b63a-ed3720d0cd5e	17	69298377	69299135	2	-1.6579
0e2be4d8-e751-46c5-b63a-ed3720d0cd5e	17	69299918	78285287	5907	-0.0009
0e2be4d8-e751-46c5-b63a-ed3720d0cd5e	17	78286051	78286887	2	1.5759
0e2be4d8-e751-46c5-b63a-ed3720d0cd5e	17	78290662	82613629	2071	-0.0114
0e2be4d8-e751-46c5-b63a-ed3720d0cd5e	17	82613819	82614057	2	1.6806
0e2be4d8-e751-46c5-b63a-ed3720d0cd5e	17	82616656	83091923	245	-0.0291
0e2be4d8-e751-46c5-b63a-ed3720d0cd5e	18	48133	66239612	40422	0.0075
0e2be4d8-e751-46c5-b63a-ed3720d0cd5e	18	66239629	66244352	11	-0.9041
0e2be4d8-e751-46c5-b63a-ed3720d0cd5e	18	66244639	80257174	10257	0.0093
0e2be4d8-e751-46c5-b63a-ed3720d0cd5e	19	90910	53013829	25691	0.0042
0e2be4d8-e751-46c5-b63a-ed3720d0cd5e	19	53015494	53035225	16	0.6984
0e2be4d8-e751-46c5-b63a-ed3720d0cd5e	19	53035570	55766684	1538	0.0107
0e2be4d8-e751-46c5-b63a-ed3720d0cd5e	19	55770704	55774927	6	1.0578
0e2be4d8-e751-46c5-b63a-ed3720d0cd5e	19	55777575	58586487	1835	0.0105
0e2be4d8-e751-46c5-b63a-ed3720d0cd5e	20	80664	1580276	1202	-0.0086
0e2be4d8-e751-46c5-b63a-ed3720d0cd5e	20	1580305	1601446	37	0.8197
0e2be4d8-e751-46c5-b63a-ed3720d0cd5e	20	1601561	64324800	41089	0.0042
0e2be4d8-e751-46c5-b63a-ed3720d0cd5e	21	10354168	44270876	22480	0.0067
0e2be4d8-e751-46c5-b63a-ed3720d0cd5e	21	44271456	44275497	2	2.059
0e2be4d8-e751-46c5-b63a-ed3720d0cd5e	21	44275765	46677045	1367	-0.0171
0e2be4d8-e751-46c5-b63a-ed3720d0cd5e	22	15294547	23987520	4390	-0.0323
0e2be4d8-e751-46c5-b63a-ed3720d0cd5e	22	23988078	23990431	3	-2.896
0e2be4d8-e751-46c5-b63a-ed3720d0cd5e	22	23990739	24045280	37	-0.1292
0e2be4d8-e751-46c5-b63a-ed3720d0cd5e	22	24045997	49342464	18070	0.0033
0e2be4d8-e751-46c5-b63a-ed3720d0cd5e	22	49342908	50796027	756	-0.0839
0e2be4d8-e751-46c5-b63a-ed3720d0cd5e	X	251810	104551847	54018	0.0071
0e2be4d8-e751-46c5-b63a-ed3720d0cd5e	X	104553504	104562074	5	-1.3385
0e2be4d8-e751-46c5-b63a-ed3720d0cd5e	X	104562909	151124426	27213	0.0059
0e2be4d8-e751-46c5-b63a-ed3720d0cd5e	X	151125462	151126987	2	-2.7989
0e2be4d8-e751-46c5-b63a-ed3720d0cd5e	X	151128083	155952689	2355	-0.0084
0e2be4d8-e751-46c5-b63a-ed3720d0cd5e	Y	2784693	6167430	702	-1.0646
0e2be4d8-e751-46c5-b63a-ed3720d0cd5e	Y	6171310	6171622	2	-6.9274
0e2be4d8-e751-46c5-b63a-ed3720d0cd5e	Y	6180233	19710635	4525	-1.1377
0e2be4d8-e751-46c5-b63a-ed3720d0cd5e	Y	19710852	19711000	2	-5.6461
0e2be4d8-e751-46c5-b63a-ed3720d0cd5e	Y	19711123	56872112	959	-1.1027
