GDC_Aliquot	Chromosome	Start	End	Num_Probes	Segment_Mean
f9ef779b-0228-4ef1-a6c4-824dff5460d2	1	62920	462894	19	0.5167
f9ef779b-0228-4ef1-a6c4-824dff5460d2	1	599171	783283	5	-0.1055
f9ef779b-0228-4ef1-a6c4-824dff5460d2	1	787937	1939881	294	-0.5893
f9ef779b-0228-4ef1-a6c4-824dff5460d2	1	1939898	6027774	2498	-0.7435
f9ef779b-0228-4ef1-a6c4-824dff5460d2	1	6027787	11848844	3170	-0.6752
f9ef779b-0228-4ef1-a6c4-824dff5460d2	1	11849431	11900776	28	-0.5972
f9ef779b-0228-4ef1-a6c4-824dff5460d2	1	11909975	12000812	41	0.2373
f9ef779b-0228-4ef1-a6c4-824dff5460d2	1	12003351	15522508	2105	-0.6159
f9ef779b-0228-4ef1-a6c4-824dff5460d2	1	15527759	15535965	10	0.1282
f9ef779b-0228-4ef1-a6c4-824dff5460d2	1	15543404	15823420	150	-0.5006
f9ef779b-0228-4ef1-a6c4-824dff5460d2	1	15827002	15827259	3	-2.7213
f9ef779b-0228-4ef1-a6c4-824dff5460d2	1	15827338	16921232	394	-0.4885
f9ef779b-0228-4ef1-a6c4-824dff5460d2	1	16921350	16926919	5	-1.8735
f9ef779b-0228-4ef1-a6c4-824dff5460d2	1	16927043	19497514	1851	-0.6253
f9ef779b-0228-4ef1-a6c4-824dff5460d2	1	19500302	24048784	2634	-0.5544
f9ef779b-0228-4ef1-a6c4-824dff5460d2	1	24051536	24635232	373	-0.6214
f9ef779b-0228-4ef1-a6c4-824dff5460d2	1	24635730	25133189	331	-0.709
f9ef779b-0228-4ef1-a6c4-824dff5460d2	1	25133246	29421137	1810	-0.6387
f9ef779b-0228-4ef1-a6c4-824dff5460d2	1	29425071	34701039	3297	-0.7173
f9ef779b-0228-4ef1-a6c4-824dff5460d2	1	34705404	72303233	23699	0.1282
f9ef779b-0228-4ef1-a6c4-824dff5460d2	1	72303253	72346221	46	-1.2753
f9ef779b-0228-4ef1-a6c4-824dff5460d2	1	72346757	84557149	7901	0.0998
f9ef779b-0228-4ef1-a6c4-824dff5460d2	1	84562102	84639406	55	0.5615
f9ef779b-0228-4ef1-a6c4-824dff5460d2	1	84640466	103580811	12042	0.1026
f9ef779b-0228-4ef1-a6c4-824dff5460d2	1	103581040	103621165	18	-0.4774
f9ef779b-0228-4ef1-a6c4-824dff5460d2	1	103697067	109684893	3574	0.1038
f9ef779b-0228-4ef1-a6c4-824dff5460d2	1	109690352	109697556	13	1.6844
f9ef779b-0228-4ef1-a6c4-824dff5460d2	1	109702376	110788378	799	0.1095
f9ef779b-0228-4ef1-a6c4-824dff5460d2	1	110789023	110859082	94	0.3803
f9ef779b-0228-4ef1-a6c4-824dff5460d2	1	110859267	121555193	6221	0.1097
f9ef779b-0228-4ef1-a6c4-824dff5460d2	1	121556564	144932423	160	0.5298
f9ef779b-0228-4ef1-a6c4-824dff5460d2	1	145642976	145827122	60	1.5129
f9ef779b-0228-4ef1-a6c4-824dff5460d2	1	145829748	146062439	102	0.6474
f9ef779b-0228-4ef1-a6c4-824dff5460d2	1	146150530	146788785	6	-0.3812
f9ef779b-0228-4ef1-a6c4-824dff5460d2	1	147004967	151870568	1693	0.6535
f9ef779b-0228-4ef1-a6c4-824dff5460d2	1	151870589	152502852	366	1.0234
f9ef779b-0228-4ef1-a6c4-824dff5460d2	1	152503955	152583230	71	0.5682
f9ef779b-0228-4ef1-a6c4-824dff5460d2	1	152583291	152614100	33	-1.478
f9ef779b-0228-4ef1-a6c4-824dff5460d2	1	152614118	152787202	166	0.6013
f9ef779b-0228-4ef1-a6c4-824dff5460d2	1	152789447	152796224	37	1.3454
f9ef779b-0228-4ef1-a6c4-824dff5460d2	1	152801429	158866716	3596	0.6225
f9ef779b-0228-4ef1-a6c4-824dff5460d2	1	158871470	158899969	21	0.0705
f9ef779b-0228-4ef1-a6c4-824dff5460d2	1	158905028	172439412	9844	0.5996
f9ef779b-0228-4ef1-a6c4-824dff5460d2	1	172440323	172494204	55	1.0141
f9ef779b-0228-4ef1-a6c4-824dff5460d2	1	172494793	179470495	4450	0.6072
f9ef779b-0228-4ef1-a6c4-824dff5460d2	1	179476998	179478146	2	-0.9614
f9ef779b-0228-4ef1-a6c4-824dff5460d2	1	179478408	180438506	600	0.6021
f9ef779b-0228-4ef1-a6c4-824dff5460d2	1	180441773	180786525	208	1.0159
f9ef779b-0228-4ef1-a6c4-824dff5460d2	1	180788492	196713586	10642	0.6202
f9ef779b-0228-4ef1-a6c4-824dff5460d2	1	196713634	196846661	88	0.9464
f9ef779b-0228-4ef1-a6c4-824dff5460d2	1	196847600	205823708	5937	0.6388
f9ef779b-0228-4ef1-a6c4-824dff5460d2	1	205825027	206050479	95	1.0573
f9ef779b-0228-4ef1-a6c4-824dff5460d2	1	206053799	207885579	1036	0.685
f9ef779b-0228-4ef1-a6c4-824dff5460d2	1	207886022	219787723	8649	0.1786
f9ef779b-0228-4ef1-a6c4-824dff5460d2	1	219788970	223443840	2350	0.6656
f9ef779b-0228-4ef1-a6c4-824dff5460d2	1	223446392	223468098	48	1.1368
f9ef779b-0228-4ef1-a6c4-824dff5460d2	1	223468489	226361797	1702	0.65
f9ef779b-0228-4ef1-a6c4-824dff5460d2	1	226361928	226817303	331	0.9947
f9ef779b-0228-4ef1-a6c4-824dff5460d2	1	226819271	226819481	3	-0.5917
f9ef779b-0228-4ef1-a6c4-824dff5460d2	1	226825995	234409091	5373	0.9902
f9ef779b-0228-4ef1-a6c4-824dff5460d2	1	234409933	238356934	2903	0.6873
f9ef779b-0228-4ef1-a6c4-824dff5460d2	1	238357022	239391283	799	1.052
f9ef779b-0228-4ef1-a6c4-824dff5460d2	1	239392293	243690894	3188	0.9892
f9ef779b-0228-4ef1-a6c4-824dff5460d2	1	243697622	248546369	3184	1.0416
f9ef779b-0228-4ef1-a6c4-824dff5460d2	1	248550567	248616453	23	1.7853
f9ef779b-0228-4ef1-a6c4-824dff5460d2	1	248617206	248930189	153	1.1198
f9ef779b-0228-4ef1-a6c4-824dff5460d2	2	12784	16411	3	-0.8221
f9ef779b-0228-4ef1-a6c4-824dff5460d2	2	21833	232343	132	0.7154
f9ef779b-0228-4ef1-a6c4-824dff5460d2	2	232933	1201160	670	0.1281
f9ef779b-0228-4ef1-a6c4-824dff5460d2	2	1201559	1205416	3	1.4998
f9ef779b-0228-4ef1-a6c4-824dff5460d2	2	1206998	4158097	2178	0.1063
f9ef779b-0228-4ef1-a6c4-824dff5460d2	2	4166274	4182472	43	-0.5147
f9ef779b-0228-4ef1-a6c4-824dff5460d2	2	4187192	9865179	4572	0.1111
f9ef779b-0228-4ef1-a6c4-824dff5460d2	2	9867602	9931240	49	0.5774
f9ef779b-0228-4ef1-a6c4-824dff5460d2	2	9931672	11270521	962	0.1406
f9ef779b-0228-4ef1-a6c4-824dff5460d2	2	11271357	11408505	76	0.6309
f9ef779b-0228-4ef1-a6c4-824dff5460d2	2	11412764	28459875	11241	0.1466
f9ef779b-0228-4ef1-a6c4-824dff5460d2	2	28460307	28782841	200	0.7155
f9ef779b-0228-4ef1-a6c4-824dff5460d2	2	28783004	29420466	507	0.1445
f9ef779b-0228-4ef1-a6c4-824dff5460d2	2	29421019	29421356	5	-0.8964
f9ef779b-0228-4ef1-a6c4-824dff5460d2	2	29421729	34466002	3430	0.1471
f9ef779b-0228-4ef1-a6c4-824dff5460d2	2	34474248	34511990	46	-1.8879
f9ef779b-0228-4ef1-a6c4-824dff5460d2	2	34512096	36267887	1295	0.1528
f9ef779b-0228-4ef1-a6c4-824dff5460d2	2	36271122	36341871	66	0.7368
f9ef779b-0228-4ef1-a6c4-824dff5460d2	2	36341991	42922345	4883	0.159
f9ef779b-0228-4ef1-a6c4-824dff5460d2	2	42922755	42922758	2	-1.5314
f9ef779b-0228-4ef1-a6c4-824dff5460d2	2	42922833	52516787	6744	0.1451
f9ef779b-0228-4ef1-a6c4-824dff5460d2	2	52527330	52527743	7	-1.3555
f9ef779b-0228-4ef1-a6c4-824dff5460d2	2	52531615	52554157	25	-0.4503
f9ef779b-0228-4ef1-a6c4-824dff5460d2	2	52554188	63862079	7227	0.145
f9ef779b-0228-4ef1-a6c4-824dff5460d2	2	63864262	63885836	12	0.8175
f9ef779b-0228-4ef1-a6c4-824dff5460d2	2	63887564	76995295	8602	0.1364
f9ef779b-0228-4ef1-a6c4-824dff5460d2	2	76998804	82651000	3738	0.1132
f9ef779b-0228-4ef1-a6c4-824dff5460d2	2	82654549	82746395	56	0.62
f9ef779b-0228-4ef1-a6c4-824dff5460d2	2	82748107	86710564	2280	0.1258
f9ef779b-0228-4ef1-a6c4-824dff5460d2	2	86725947	86726731	2	2.7633
f9ef779b-0228-4ef1-a6c4-824dff5460d2	2	86743283	125684646	18948	0.113
f9ef779b-0228-4ef1-a6c4-824dff5460d2	2	125694074	125694336	2	1.749
f9ef779b-0228-4ef1-a6c4-824dff5460d2	2	125694355	154887146	17776	0.1141
f9ef779b-0228-4ef1-a6c4-824dff5460d2	2	154887861	159102108	2388	0.1504
f9ef779b-0228-4ef1-a6c4-824dff5460d2	2	159103831	159104461	2	-1.8197
f9ef779b-0228-4ef1-a6c4-824dff5460d2	2	159106775	181130880	13796	0.1372
f9ef779b-0228-4ef1-a6c4-824dff5460d2	2	181144369	181204352	39	0.6489
f9ef779b-0228-4ef1-a6c4-824dff5460d2	2	181207422	193823021	7231	0.1442
f9ef779b-0228-4ef1-a6c4-824dff5460d2	2	193825580	193829074	2	2.2058
f9ef779b-0228-4ef1-a6c4-824dff5460d2	2	193837590	196626122	1635	0.1449
f9ef779b-0228-4ef1-a6c4-824dff5460d2	2	196629303	196672291	19	0.6268
f9ef779b-0228-4ef1-a6c4-824dff5460d2	2	196676344	205831485	5400	0.1389
f9ef779b-0228-4ef1-a6c4-824dff5460d2	2	205837050	205911523	70	0.5781
f9ef779b-0228-4ef1-a6c4-824dff5460d2	2	205913012	207485523	958	0.135
f9ef779b-0228-4ef1-a6c4-824dff5460d2	2	207485538	207495072	26	-0.3972
f9ef779b-0228-4ef1-a6c4-824dff5460d2	2	207495422	214542297	4453	0.1602
f9ef779b-0228-4ef1-a6c4-824dff5460d2	2	214544446	222984892	5513	-0.7067
f9ef779b-0228-4ef1-a6c4-824dff5460d2	2	222987635	222989536	2	-3.8836
f9ef779b-0228-4ef1-a6c4-824dff5460d2	2	222992262	233382647	6489	-0.7051
f9ef779b-0228-4ef1-a6c4-824dff5460d2	2	233387109	242084107	5551	-0.7731
f9ef779b-0228-4ef1-a6c4-824dff5460d2	2	242087337	242147305	30	-0.4515
f9ef779b-0228-4ef1-a6c4-824dff5460d2	3	20930	182919	153	0.5975
f9ef779b-0228-4ef1-a6c4-824dff5460d2	3	188339	191117	4	-3.4322
f9ef779b-0228-4ef1-a6c4-824dff5460d2	3	193194	6604856	5651	0.653
f9ef779b-0228-4ef1-a6c4-824dff5460d2	3	6609441	6613391	24	-0.6459
f9ef779b-0228-4ef1-a6c4-824dff5460d2	3	6613561	7612062	873	0.6598
f9ef779b-0228-4ef1-a6c4-824dff5460d2	3	7618446	7618726	2	-0.91
f9ef779b-0228-4ef1-a6c4-824dff5460d2	3	7621276	9157929	1357	0.6714
f9ef779b-0228-4ef1-a6c4-824dff5460d2	3	9158074	9177756	21	1.377
f9ef779b-0228-4ef1-a6c4-824dff5460d2	3	9181562	14243738	3496	0.6661
f9ef779b-0228-4ef1-a6c4-824dff5460d2	3	14245843	24909076	7023	0.138
f9ef779b-0228-4ef1-a6c4-824dff5460d2	3	24910342	28406661	2605	-0.6822
f9ef779b-0228-4ef1-a6c4-824dff5460d2	3	28410687	28414012	3	-2.137
f9ef779b-0228-4ef1-a6c4-824dff5460d2	3	28420493	32815363	3154	-0.6912
f9ef779b-0228-4ef1-a6c4-824dff5460d2	3	32828430	46741760	8783	0.1252
f9ef779b-0228-4ef1-a6c4-824dff5460d2	3	46742093	46804346	37	0.5071
f9ef779b-0228-4ef1-a6c4-824dff5460d2	3	46804414	48923598	840	0.1457
f9ef779b-0228-4ef1-a6c4-824dff5460d2	3	48928211	52535904	1406	-0.6445
f9ef779b-0228-4ef1-a6c4-824dff5460d2	3	52538040	52989195	250	0.1124
f9ef779b-0228-4ef1-a6c4-824dff5460d2	3	52994359	53005263	40	-1.297
f9ef779b-0228-4ef1-a6c4-824dff5460d2	3	53005439	68323936	11725	0.1122
f9ef779b-0228-4ef1-a6c4-824dff5460d2	3	68326109	68676600	291	-0.7122
f9ef779b-0228-4ef1-a6c4-824dff5460d2	3	68682877	68698262	16	0.5799
f9ef779b-0228-4ef1-a6c4-824dff5460d2	3	68699607	71654488	2220	-0.7261
f9ef779b-0228-4ef1-a6c4-824dff5460d2	3	71658051	71669512	10	0.1196
f9ef779b-0228-4ef1-a6c4-824dff5460d2	3	71671205	84312477	7492	-0.709
f9ef779b-0228-4ef1-a6c4-824dff5460d2	3	84316289	99218940	6168	0.133
f9ef779b-0228-4ef1-a6c4-824dff5460d2	3	99225614	99230464	36	-0.4584
f9ef779b-0228-4ef1-a6c4-824dff5460d2	3	99230470	102172051	1664	0.1281
f9ef779b-0228-4ef1-a6c4-824dff5460d2	3	102172573	115421089	8053	0.6638
f9ef779b-0228-4ef1-a6c4-824dff5460d2	3	115422171	130044016	8980	0.617
f9ef779b-0228-4ef1-a6c4-824dff5460d2	3	130044855	130088155	40	-0.1933
f9ef779b-0228-4ef1-a6c4-824dff5460d2	3	130089433	130406145	175	0.6314
f9ef779b-0228-4ef1-a6c4-824dff5460d2	3	130406272	130417475	50	0.4153
f9ef779b-0228-4ef1-a6c4-824dff5460d2	3	130417490	130965353	295	0.6611
f9ef779b-0228-4ef1-a6c4-824dff5460d2	3	130965769	130997643	20	1.1528
f9ef779b-0228-4ef1-a6c4-824dff5460d2	3	131001865	134078188	2091	0.638
f9ef779b-0228-4ef1-a6c4-824dff5460d2	3	134081603	134082151	3	-1.0207
f9ef779b-0228-4ef1-a6c4-824dff5460d2	3	134083844	137308837	1840	0.6174
f9ef779b-0228-4ef1-a6c4-824dff5460d2	3	137309112	137309121	7	-0.278
f9ef779b-0228-4ef1-a6c4-824dff5460d2	3	137311987	148042919	6641	0.6503
f9ef779b-0228-4ef1-a6c4-824dff5460d2	3	148048492	154657486	4216	1.0294
f9ef779b-0228-4ef1-a6c4-824dff5460d2	3	154658725	161604825	4106	0.6419
f9ef779b-0228-4ef1-a6c4-824dff5460d2	3	161615638	161676648	53	0.9777
f9ef779b-0228-4ef1-a6c4-824dff5460d2	3	161677039	162795304	763	1.0551
f9ef779b-0228-4ef1-a6c4-824dff5460d2	3	162795361	162898127	61	1.5881
f9ef779b-0228-4ef1-a6c4-824dff5460d2	3	162906054	164914516	1132	1.0283
f9ef779b-0228-4ef1-a6c4-824dff5460d2	3	164923020	164966760	15	1.6387
f9ef779b-0228-4ef1-a6c4-824dff5460d2	3	164967484	166408851	890	1.3691
f9ef779b-0228-4ef1-a6c4-824dff5460d2	3	166409613	169012392	1411	1.6075
f9ef779b-0228-4ef1-a6c4-824dff5460d2	3	169015614	169020840	2	-1.6234
f9ef779b-0228-4ef1-a6c4-824dff5460d2	3	169022039	169712438	511	1.5819
f9ef779b-0228-4ef1-a6c4-824dff5460d2	3	169719000	169789304	37	2.2062
f9ef779b-0228-4ef1-a6c4-824dff5460d2	3	169791127	174019804	2701	1.5828
f9ef779b-0228-4ef1-a6c4-824dff5460d2	3	174022080	175227779	818	1.0402
f9ef779b-0228-4ef1-a6c4-824dff5460d2	3	175228122	175228157	3	0.0822
f9ef779b-0228-4ef1-a6c4-824dff5460d2	3	175228220	175362803	136	1.0595
f9ef779b-0228-4ef1-a6c4-824dff5460d2	3	175362822	175363536	6	-1.0212
f9ef779b-0228-4ef1-a6c4-824dff5460d2	3	175368999	182480942	4206	1.031
f9ef779b-0228-4ef1-a6c4-824dff5460d2	3	182487072	187572971	3238	1.5378
f9ef779b-0228-4ef1-a6c4-824dff5460d2	3	187573161	190192962	1970	1.3063
f9ef779b-0228-4ef1-a6c4-824dff5460d2	3	190208440	193156958	2081	0.6498
f9ef779b-0228-4ef1-a6c4-824dff5460d2	3	193160113	193165114	20	-1.1237
f9ef779b-0228-4ef1-a6c4-824dff5460d2	3	193168646	198169247	2694	0.6352
f9ef779b-0228-4ef1-a6c4-824dff5460d2	4	68929	283855	107	-0.5243
f9ef779b-0228-4ef1-a6c4-824dff5460d2	4	284407	8704195	4971	-0.734
f9ef779b-0228-4ef1-a6c4-824dff5460d2	4	8704538	9455251	69	-0.5216
f9ef779b-0228-4ef1-a6c4-824dff5460d2	4	9459504	9477699	6	1.7517
f9ef779b-0228-4ef1-a6c4-824dff5460d2	4	9484440	10227592	551	-0.705
f9ef779b-0228-4ef1-a6c4-824dff5460d2	4	10227652	10233644	24	-1.3045
f9ef779b-0228-4ef1-a6c4-824dff5460d2	4	10234518	27833672	12667	-0.7009
f9ef779b-0228-4ef1-a6c4-824dff5460d2	4	27834585	27834641	2	-3.2354
f9ef779b-0228-4ef1-a6c4-824dff5460d2	4	27834717	34771893	4272	-0.6804
f9ef779b-0228-4ef1-a6c4-824dff5460d2	4	34777238	34839820	58	-0.3124
f9ef779b-0228-4ef1-a6c4-824dff5460d2	4	34839861	39011010	2973	-0.6711
f9ef779b-0228-4ef1-a6c4-824dff5460d2	4	39017969	39146613	70	0.2023
f9ef779b-0228-4ef1-a6c4-824dff5460d2	4	39149767	45003835	3574	-0.6817
f9ef779b-0228-4ef1-a6c4-824dff5460d2	4	45004175	45004318	3	-3.2666
f9ef779b-0228-4ef1-a6c4-824dff5460d2	4	45008952	48075703	1674	-0.6926
f9ef779b-0228-4ef1-a6c4-824dff5460d2	4	48076576	49203901	650	-0.5613
f9ef779b-0228-4ef1-a6c4-824dff5460d2	4	49204422	49295203	5	-1.2027
f9ef779b-0228-4ef1-a6c4-824dff5460d2	4	49501149	49656206	17	0.2176
f9ef779b-0228-4ef1-a6c4-824dff5460d2	4	49656595	63828222	7553	-0.6871
f9ef779b-0228-4ef1-a6c4-824dff5460d2	4	63831751	63842036	23	-0.0301
f9ef779b-0228-4ef1-a6c4-824dff5460d2	4	63842099	68394355	2852	-0.6929
f9ef779b-0228-4ef1-a6c4-824dff5460d2	4	68394833	68422424	7	0.388
f9ef779b-0228-4ef1-a6c4-824dff5460d2	4	68429081	68478894	9	-0.667
f9ef779b-0228-4ef1-a6c4-824dff5460d2	4	68494770	68623617	68	-1.4012
f9ef779b-0228-4ef1-a6c4-824dff5460d2	4	68639397	113452504	27112	-0.663
f9ef779b-0228-4ef1-a6c4-824dff5460d2	4	113460604	113500588	30	-3.0874
f9ef779b-0228-4ef1-a6c4-824dff5460d2	4	113504318	114252500	512	-0.6487
f9ef779b-0228-4ef1-a6c4-824dff5460d2	4	114252544	114263110	27	0.1968
f9ef779b-0228-4ef1-a6c4-824dff5460d2	4	114263154	115244948	608	-0.6752
f9ef779b-0228-4ef1-a6c4-824dff5460d2	4	115251455	115259185	25	-0.2057
f9ef779b-0228-4ef1-a6c4-824dff5460d2	4	115259214	116979815	1043	-0.6464
f9ef779b-0228-4ef1-a6c4-824dff5460d2	4	116981258	117001283	6	-1.8454
f9ef779b-0228-4ef1-a6c4-824dff5460d2	4	117003818	137258291	11635	-0.6532
f9ef779b-0228-4ef1-a6c4-824dff5460d2	4	137261279	137262454	25	-0.0816
f9ef779b-0228-4ef1-a6c4-824dff5460d2	4	137262509	148841023	7114	-0.6494
f9ef779b-0228-4ef1-a6c4-824dff5460d2	4	148841296	148852786	11	-1.3793
f9ef779b-0228-4ef1-a6c4-824dff5460d2	4	148853577	151868634	1580	-0.626
f9ef779b-0228-4ef1-a6c4-824dff5460d2	4	151870381	151871415	12	-3.9728
f9ef779b-0228-4ef1-a6c4-824dff5460d2	4	151871739	160952694	5855	-0.6464
f9ef779b-0228-4ef1-a6c4-824dff5460d2	4	160952754	160964197	39	-0.1725
f9ef779b-0228-4ef1-a6c4-824dff5460d2	4	160966393	163361933	1559	-0.668
f9ef779b-0228-4ef1-a6c4-824dff5460d2	4	163365512	163367371	2	-3.9822
f9ef779b-0228-4ef1-a6c4-824dff5460d2	4	163367386	190106768	17551	-0.6697
f9ef779b-0228-4ef1-a6c4-824dff5460d2	5	15532	336025	144	1.5557
f9ef779b-0228-4ef1-a6c4-824dff5460d2	5	336682	7083423	5490	0.9349
f9ef779b-0228-4ef1-a6c4-824dff5460d2	5	7085256	18449552	8302	1.0022
f9ef779b-0228-4ef1-a6c4-824dff5460d2	5	18450505	18453901	2	-0.792
f9ef779b-0228-4ef1-a6c4-824dff5460d2	5	18458441	25046598	3847	1.0221
f9ef779b-0228-4ef1-a6c4-824dff5460d2	5	25053311	25053532	3	-0.715
f9ef779b-0228-4ef1-a6c4-824dff5460d2	5	25053895	26789387	1056	0.9995
f9ef779b-0228-4ef1-a6c4-824dff5460d2	5	26797651	26797735	2	-1.3691
f9ef779b-0228-4ef1-a6c4-824dff5460d2	5	26803775	34259309	4793	1.0223
f9ef779b-0228-4ef1-a6c4-824dff5460d2	5	34264242	34264450	3	-0.9479
f9ef779b-0228-4ef1-a6c4-824dff5460d2	5	34266449	37254357	1942	1.0313
f9ef779b-0228-4ef1-a6c4-824dff5460d2	5	37254661	37259058	3	-0.3721
f9ef779b-0228-4ef1-a6c4-824dff5460d2	5	37264185	44177068	4239	1.0088
f9ef779b-0228-4ef1-a6c4-824dff5460d2	5	44185413	46174762	812	1.0898
f9ef779b-0228-4ef1-a6c4-824dff5460d2	5	46191146	46271006	22	0.7198
f9ef779b-0228-4ef1-a6c4-824dff5460d2	5	46271828	46273400	6	2.4045
f9ef779b-0228-4ef1-a6c4-824dff5460d2	5	46278110	46389171	19	0.9619
f9ef779b-0228-4ef1-a6c4-824dff5460d2	5	50146124	50410956	81	0.1723
f9ef779b-0228-4ef1-a6c4-824dff5460d2	5	50412611	50412624	2	-1.4071
f9ef779b-0228-4ef1-a6c4-824dff5460d2	5	50414421	52287233	985	0.1484
f9ef779b-0228-4ef1-a6c4-824dff5460d2	5	52298976	57228772	3419	-0.691
f9ef779b-0228-4ef1-a6c4-824dff5460d2	5	57230487	57326665	50	0.126
f9ef779b-0228-4ef1-a6c4-824dff5460d2	5	57326879	67244653	6396	-0.6857
f9ef779b-0228-4ef1-a6c4-824dff5460d2	5	67244755	67245812	2	-2.7748
f9ef779b-0228-4ef1-a6c4-824dff5460d2	5	67246697	69822308	1431	-0.6786
f9ef779b-0228-4ef1-a6c4-824dff5460d2	5	69937600	71053366	18	0.2353
f9ef779b-0228-4ef1-a6c4-824dff5460d2	5	71095358	78812085	4932	-0.7019
f9ef779b-0228-4ef1-a6c4-824dff5460d2	5	78814168	78815348	3	-3.066
f9ef779b-0228-4ef1-a6c4-824dff5460d2	5	78819688	108415967	17110	-0.6737
f9ef779b-0228-4ef1-a6c4-824dff5460d2	5	108416772	108499436	37	0.1132
f9ef779b-0228-4ef1-a6c4-824dff5460d2	5	108507079	132872808	15928	-0.6746
f9ef779b-0228-4ef1-a6c4-824dff5460d2	5	132880233	152134610	12206	0.1351
f9ef779b-0228-4ef1-a6c4-824dff5460d2	5	152135825	152140861	16	-0.5862
f9ef779b-0228-4ef1-a6c4-824dff5460d2	5	152140936	153191983	677	0.1306
f9ef779b-0228-4ef1-a6c4-824dff5460d2	5	153192410	153196755	5	1.007
f9ef779b-0228-4ef1-a6c4-824dff5460d2	5	153200230	176033084	16054	0.1312
f9ef779b-0228-4ef1-a6c4-824dff5460d2	5	176038686	176159790	35	0.4817
f9ef779b-0228-4ef1-a6c4-824dff5460d2	5	176162124	180947484	2487	0.1274
f9ef779b-0228-4ef1-a6c4-824dff5460d2	5	180947523	180991103	20	-0.4741
f9ef779b-0228-4ef1-a6c4-824dff5460d2	5	181006225	181363319	168	0.1511
f9ef779b-0228-4ef1-a6c4-824dff5460d2	6	149661	9525640	7603	0.6189
f9ef779b-0228-4ef1-a6c4-824dff5460d2	6	9528280	9528811	2	-1.0122
f9ef779b-0228-4ef1-a6c4-824dff5460d2	6	9530983	14828764	4041	0.6313
f9ef779b-0228-4ef1-a6c4-824dff5460d2	6	14830291	15197756	234	0.0382
f9ef779b-0228-4ef1-a6c4-824dff5460d2	6	15201548	15299150	44	0.6439
f9ef779b-0228-4ef1-a6c4-824dff5460d2	6	15301841	15540946	189	0.1052
f9ef779b-0228-4ef1-a6c4-824dff5460d2	6	15550859	15670394	66	-0.7515
f9ef779b-0228-4ef1-a6c4-824dff5460d2	6	15674719	18630079	2259	0.1215
f9ef779b-0228-4ef1-a6c4-824dff5460d2	6	18635232	18710250	54	0.5951
f9ef779b-0228-4ef1-a6c4-824dff5460d2	6	18712295	23055860	3210	0.1167
f9ef779b-0228-4ef1-a6c4-824dff5460d2	6	23056049	23068198	10	0.7365
f9ef779b-0228-4ef1-a6c4-824dff5460d2	6	23073927	29869295	3934	0.1005
f9ef779b-0228-4ef1-a6c4-824dff5460d2	6	29869410	29933799	36	1.2779
f9ef779b-0228-4ef1-a6c4-824dff5460d2	6	29940692	30261161	160	0.4922
f9ef779b-0228-4ef1-a6c4-824dff5460d2	6	30264052	31313046	483	0.1563
f9ef779b-0228-4ef1-a6c4-824dff5460d2	6	31318499	31328674	11	1.5921
f9ef779b-0228-4ef1-a6c4-824dff5460d2	6	31342147	32486746	502	0.1488
f9ef779b-0228-4ef1-a6c4-824dff5460d2	6	32488906	32602588	28	1.3265
f9ef779b-0228-4ef1-a6c4-824dff5460d2	6	32605994	32656527	27	0.0946
f9ef779b-0228-4ef1-a6c4-824dff5460d2	6	32656814	32658841	5	1.5614
f9ef779b-0228-4ef1-a6c4-824dff5460d2	6	32682835	33740999	615	0.1294
f9ef779b-0228-4ef1-a6c4-824dff5460d2	6	33742243	33742261	2	-2.1009
f9ef779b-0228-4ef1-a6c4-824dff5460d2	6	33745833	36576669	1601	0.1189
f9ef779b-0228-4ef1-a6c4-824dff5460d2	6	36578183	36603525	14	0.7283
f9ef779b-0228-4ef1-a6c4-824dff5460d2	6	36621563	37890347	880	0.1719
f9ef779b-0228-4ef1-a6c4-824dff5460d2	6	37891346	41652139	2795	0.0971
f9ef779b-0228-4ef1-a6c4-824dff5460d2	6	41652999	54066286	7781	0.1429
f9ef779b-0228-4ef1-a6c4-824dff5460d2	6	54066353	54067057	7	1.9863
f9ef779b-0228-4ef1-a6c4-824dff5460d2	6	54070550	66978856	5915	0.1528
f9ef779b-0228-4ef1-a6c4-824dff5460d2	6	66992123	68976737	1314	-0.6686
f9ef779b-0228-4ef1-a6c4-824dff5460d2	6	68977891	68981476	3	-2.46
f9ef779b-0228-4ef1-a6c4-824dff5460d2	6	68987514	73882142	3141	-0.6777
f9ef779b-0228-4ef1-a6c4-824dff5460d2	6	73882509	73893839	11	0.1623
f9ef779b-0228-4ef1-a6c4-824dff5460d2	6	73893889	76726815	1767	-0.6548
f9ef779b-0228-4ef1-a6c4-824dff5460d2	6	76730151	76733530	11	-3.6945
f9ef779b-0228-4ef1-a6c4-824dff5460d2	6	76736482	77198268	297	-0.7305
f9ef779b-0228-4ef1-a6c4-824dff5460d2	6	77200975	78253172	688	-0.6684
f9ef779b-0228-4ef1-a6c4-824dff5460d2	6	78259348	78325468	113	-0.054
f9ef779b-0228-4ef1-a6c4-824dff5460d2	6	78329517	88989469	6636	-0.6521
f9ef779b-0228-4ef1-a6c4-824dff5460d2	6	88990391	89000845	12	0.1916
f9ef779b-0228-4ef1-a6c4-824dff5460d2	6	89001975	93643347	3173	-0.6743
f9ef779b-0228-4ef1-a6c4-824dff5460d2	6	93646674	93661034	10	0.2723
f9ef779b-0228-4ef1-a6c4-824dff5460d2	6	93665914	103286941	5626	-0.663
f9ef779b-0228-4ef1-a6c4-824dff5460d2	6	103286950	103322942	54	0.1444
f9ef779b-0228-4ef1-a6c4-824dff5460d2	6	103323069	104356321	656	-0.6455
f9ef779b-0228-4ef1-a6c4-824dff5460d2	6	104357313	104358665	3	-3.2416
f9ef779b-0228-4ef1-a6c4-824dff5460d2	6	104359051	156215623	33381	-0.6502
f9ef779b-0228-4ef1-a6c4-824dff5460d2	6	156215916	162307926	4170	-0.7209
f9ef779b-0228-4ef1-a6c4-824dff5460d2	6	162308349	162308495	2	-2.7653
f9ef779b-0228-4ef1-a6c4-824dff5460d2	6	162309601	166041792	2856	-0.7306
f9ef779b-0228-4ef1-a6c4-824dff5460d2	6	166042428	170741917	3019	-0.7912
f9ef779b-0228-4ef1-a6c4-824dff5460d2	7	43355	5062203	2711	0.0689
f9ef779b-0228-4ef1-a6c4-824dff5460d2	7	5068997	22395161	13337	0.1196
f9ef779b-0228-4ef1-a6c4-824dff5460d2	7	22395853	22396868	2	-3.4241
f9ef779b-0228-4ef1-a6c4-824dff5460d2	7	22399135	25884464	2625	0.1027
f9ef779b-0228-4ef1-a6c4-824dff5460d2	7	25885768	26643272	536	0.6263
f9ef779b-0228-4ef1-a6c4-824dff5460d2	7	26648066	44830956	12374	0.1078
f9ef779b-0228-4ef1-a6c4-824dff5460d2	7	44844377	44879979	13	0.6924
f9ef779b-0228-4ef1-a6c4-824dff5460d2	7	44887907	46361399	965	0.0949
f9ef779b-0228-4ef1-a6c4-824dff5460d2	7	46362419	49706848	2455	0.1322
f9ef779b-0228-4ef1-a6c4-824dff5460d2	7	49706958	57822636	5458	0.0854
f9ef779b-0228-4ef1-a6c4-824dff5460d2	7	57847011	63172767	265	0.2656
f9ef779b-0228-4ef1-a6c4-824dff5460d2	7	63181155	75924798	5756	0.098
f9ef779b-0228-4ef1-a6c4-824dff5460d2	7	75929245	76038717	50	0.6822
f9ef779b-0228-4ef1-a6c4-824dff5460d2	7	76041279	81817404	3631	0.1581
f9ef779b-0228-4ef1-a6c4-824dff5460d2	7	81817935	101313284	11607	0.6655
f9ef779b-0228-4ef1-a6c4-824dff5460d2	7	101317674	101320594	4	-1.2794
f9ef779b-0228-4ef1-a6c4-824dff5460d2	7	101322320	101409205	35	0.6276
f9ef779b-0228-4ef1-a6c4-824dff5460d2	7	101416451	101416668	2	-1.7792
f9ef779b-0228-4ef1-a6c4-824dff5460d2	7	101419630	105888857	2482	0.6589
f9ef779b-0228-4ef1-a6c4-824dff5460d2	7	105893716	109793728	2569	0.1364
f9ef779b-0228-4ef1-a6c4-824dff5460d2	7	109793741	109813925	37	0.7084
f9ef779b-0228-4ef1-a6c4-824dff5460d2	7	109814172	126016668	9750	0.1493
f9ef779b-0228-4ef1-a6c4-824dff5460d2	7	126023599	126404920	271	0.6879
f9ef779b-0228-4ef1-a6c4-824dff5460d2	7	126405428	126406561	12	-1.2056
f9ef779b-0228-4ef1-a6c4-824dff5460d2	7	126406822	126406827	6	-0.2665
f9ef779b-0228-4ef1-a6c4-824dff5460d2	7	126412712	142063324	9908	0.6596
f9ef779b-0228-4ef1-a6c4-824dff5460d2	7	142069843	142092307	34	-0.7828
f9ef779b-0228-4ef1-a6c4-824dff5460d2	7	142099190	144264193	1210	0.6592
f9ef779b-0228-4ef1-a6c4-824dff5460d2	7	144295437	144312471	3	-0.772
f9ef779b-0228-4ef1-a6c4-824dff5460d2	7	144326306	153977760	5952	0.6481
f9ef779b-0228-4ef1-a6c4-824dff5460d2	7	153987055	154016143	11	0.0256
f9ef779b-0228-4ef1-a6c4-824dff5460d2	7	154016950	154598185	441	0.5939
f9ef779b-0228-4ef1-a6c4-824dff5460d2	7	154601461	154607903	4	-2.1163
f9ef779b-0228-4ef1-a6c4-824dff5460d2	7	154609120	155413823	735	0.5747
f9ef779b-0228-4ef1-a6c4-824dff5460d2	7	155414053	155414572	3	-0.7353
f9ef779b-0228-4ef1-a6c4-824dff5460d2	7	155415881	157672585	1467	0.634
f9ef779b-0228-4ef1-a6c4-824dff5460d2	7	157674540	158347159	397	0.5304
f9ef779b-0228-4ef1-a6c4-824dff5460d2	7	158347423	159334314	629	0.6415
f9ef779b-0228-4ef1-a6c4-824dff5460d2	8	81254	162796	2	0.2601
f9ef779b-0228-4ef1-a6c4-824dff5460d2	8	163380	3726178	3055	-0.7612
f9ef779b-0228-4ef1-a6c4-824dff5460d2	8	3726550	3731893	22	-1.4999
f9ef779b-0228-4ef1-a6c4-824dff5460d2	8	3731968	7153553	4619	-0.7306
f9ef779b-0228-4ef1-a6c4-824dff5460d2	8	7155402	7329124	11	0.3983
f9ef779b-0228-4ef1-a6c4-824dff5460d2	8	7336299	7455757	28	-0.753
f9ef779b-0228-4ef1-a6c4-824dff5460d2	8	7457047	8251384	49	-0.1305
f9ef779b-0228-4ef1-a6c4-824dff5460d2	8	8252414	11766380	3026	-0.73
f9ef779b-0228-4ef1-a6c4-824dff5460d2	8	11773350	12788880	326	0.0727
f9ef779b-0228-4ef1-a6c4-824dff5460d2	8	12791219	12795017	4	-1.5361
f9ef779b-0228-4ef1-a6c4-824dff5460d2	8	12796024	13740733	920	0.0985
f9ef779b-0228-4ef1-a6c4-824dff5460d2	8	13740782	13742882	23	0.5366
f9ef779b-0228-4ef1-a6c4-824dff5460d2	8	13742937	14427181	681	0.12
f9ef779b-0228-4ef1-a6c4-824dff5460d2	8	14427702	14428811	4	-1.0523
f9ef779b-0228-4ef1-a6c4-824dff5460d2	8	14429043	39372806	17706	0.1122
f9ef779b-0228-4ef1-a6c4-824dff5460d2	8	39373140	39530780	61	1.1564
f9ef779b-0228-4ef1-a6c4-824dff5460d2	8	39531260	54289180	7235	0.1137
f9ef779b-0228-4ef1-a6c4-824dff5460d2	8	54294917	54296202	13	-0.5333
f9ef779b-0228-4ef1-a6c4-824dff5460d2	8	54296224	63936340	6382	0.1211
f9ef779b-0228-4ef1-a6c4-824dff5460d2	8	63936355	63936561	5	1.2098
f9ef779b-0228-4ef1-a6c4-824dff5460d2	8	63936953	91060570	16012	0.1265
f9ef779b-0228-4ef1-a6c4-824dff5460d2	8	91061400	94545324	2056	0.1571
f9ef779b-0228-4ef1-a6c4-824dff5460d2	8	94545374	94545764	6	1.4593
f9ef779b-0228-4ef1-a6c4-824dff5460d2	8	94545887	114622325	12091	0.1555
f9ef779b-0228-4ef1-a6c4-824dff5460d2	8	114622424	114628333	17	-0.5063
f9ef779b-0228-4ef1-a6c4-824dff5460d2	8	114628493	115403640	511	0.1715
f9ef779b-0228-4ef1-a6c4-824dff5460d2	8	115404761	115435842	30	0.7468
f9ef779b-0228-4ef1-a6c4-824dff5460d2	8	115436872	133359491	12719	0.1545
f9ef779b-0228-4ef1-a6c4-824dff5460d2	8	133360588	133426196	48	0.6853
f9ef779b-0228-4ef1-a6c4-824dff5460d2	8	133426457	134150435	671	0.1665
f9ef779b-0228-4ef1-a6c4-824dff5460d2	8	134150455	139887751	4639	0.1255
f9ef779b-0228-4ef1-a6c4-824dff5460d2	8	139889224	140265058	284	0.6448
f9ef779b-0228-4ef1-a6c4-824dff5460d2	8	140265395	140632832	177	1.0009
f9ef779b-0228-4ef1-a6c4-824dff5460d2	8	140638029	140880686	110	1.2119
f9ef779b-0228-4ef1-a6c4-824dff5460d2	8	140885672	141167152	202	0.7467
f9ef779b-0228-4ef1-a6c4-824dff5460d2	8	141169248	141519569	177	1.0017
f9ef779b-0228-4ef1-a6c4-824dff5460d2	8	141519603	141533381	16	1.4791
f9ef779b-0228-4ef1-a6c4-824dff5460d2	8	141534757	142047413	347	0.1214
f9ef779b-0228-4ef1-a6c4-824dff5460d2	8	142047414	142056317	5	-0.8962
f9ef779b-0228-4ef1-a6c4-824dff5460d2	8	142057348	143611680	609	0.1321
f9ef779b-0228-4ef1-a6c4-824dff5460d2	8	143616499	143636819	14	-0.4673
f9ef779b-0228-4ef1-a6c4-824dff5460d2	8	143642893	145072769	502	0.1844
f9ef779b-0228-4ef1-a6c4-824dff5460d2	9	46587	2469742	2667	-0.7192
f9ef779b-0228-4ef1-a6c4-824dff5460d2	9	2469764	2470102	3	-3.1934
f9ef779b-0228-4ef1-a6c4-824dff5460d2	9	2470305	4015513	1371	-0.7145
f9ef779b-0228-4ef1-a6c4-824dff5460d2	9	4015543	4020107	18	-0.1128
f9ef779b-0228-4ef1-a6c4-824dff5460d2	9	4020447	4859872	912	-0.7158
f9ef779b-0228-4ef1-a6c4-824dff5460d2	9	4860643	7079643	1734	0.1471
f9ef779b-0228-4ef1-a6c4-824dff5460d2	9	7079685	11519198	4177	0.1036
f9ef779b-0228-4ef1-a6c4-824dff5460d2	9	11521973	11986313	349	0.2331
f9ef779b-0228-4ef1-a6c4-824dff5460d2	9	11987651	19614296	6413	0.1178
f9ef779b-0228-4ef1-a6c4-824dff5460d2	9	19614610	21652667	1607	0.1483
f9ef779b-0228-4ef1-a6c4-824dff5460d2	9	21655805	21701943	59	0.4037
f9ef779b-0228-4ef1-a6c4-824dff5460d2	9	21702087	23361807	1097	0.1619
f9ef779b-0228-4ef1-a6c4-824dff5460d2	9	23363117	23373486	8	-1.8149
f9ef779b-0228-4ef1-a6c4-824dff5460d2	9	23378490	39464004	10719	0.1204
f9ef779b-0228-4ef1-a6c4-824dff5460d2	9	39464177	41741113	124	0.5351
f9ef779b-0228-4ef1-a6c4-824dff5460d2	9	42014203	42501791	34	-0.2978
f9ef779b-0228-4ef1-a6c4-824dff5460d2	9	42524983	64929736	215	0.1823
f9ef779b-0228-4ef1-a6c4-824dff5460d2	9	64945250	72439003	3145	0.6212
f9ef779b-0228-4ef1-a6c4-824dff5460d2	9	72441512	74592128	1327	1.0189
f9ef779b-0228-4ef1-a6c4-824dff5460d2	9	74592504	76363587	1387	0.9541
f9ef779b-0228-4ef1-a6c4-824dff5460d2	9	76363666	87511370	7997	0.5922
f9ef779b-0228-4ef1-a6c4-824dff5460d2	9	87516728	103804216	10972	0.1041
f9ef779b-0228-4ef1-a6c4-824dff5460d2	9	103806415	103807009	2	-3.211
f9ef779b-0228-4ef1-a6c4-824dff5460d2	9	103808421	121641041	13772	0.1161
f9ef779b-0228-4ef1-a6c4-824dff5460d2	9	121650682	121663596	11	0.9538
f9ef779b-0228-4ef1-a6c4-824dff5460d2	9	121665094	131233033	5606	0.1134
f9ef779b-0228-4ef1-a6c4-824dff5460d2	9	131233936	131483270	135	0.5176
f9ef779b-0228-4ef1-a6c4-824dff5460d2	9	131483812	136966179	3084	0.0916
f9ef779b-0228-4ef1-a6c4-824dff5460d2	9	136990837	137034983	7	1.0463
f9ef779b-0228-4ef1-a6c4-824dff5460d2	9	137044341	137358495	64	0.1184
f9ef779b-0228-4ef1-a6c4-824dff5460d2	9	137361190	137361381	3	1.4317
f9ef779b-0228-4ef1-a6c4-824dff5460d2	9	137378551	138200944	406	0.0996
f9ef779b-0228-4ef1-a6c4-824dff5460d2	10	45792	29624564	23163	0.0788
f9ef779b-0228-4ef1-a6c4-824dff5460d2	10	29626133	30272251	534	0.6193
f9ef779b-0228-4ef1-a6c4-824dff5460d2	10	30278050	65546518	20699	0.1107
f9ef779b-0228-4ef1-a6c4-824dff5460d2	10	65548165	65554672	27	0.726
f9ef779b-0228-4ef1-a6c4-824dff5460d2	10	65554688	75146814	5866	0.12
f9ef779b-0228-4ef1-a6c4-824dff5460d2	10	75147252	75241575	46	0.5892
f9ef779b-0228-4ef1-a6c4-824dff5460d2	10	75251361	79595316	3307	0.1106
f9ef779b-0228-4ef1-a6c4-824dff5460d2	10	79624118	79737848	14	-0.8872
f9ef779b-0228-4ef1-a6c4-824dff5460d2	10	79747269	80234421	234	0.0965
f9ef779b-0228-4ef1-a6c4-824dff5460d2	10	80234562	80237322	2	-3.1083
f9ef779b-0228-4ef1-a6c4-824dff5460d2	10	80237692	87310039	4962	0.0958
f9ef779b-0228-4ef1-a6c4-824dff5460d2	10	87310988	87353136	11	0.9076
f9ef779b-0228-4ef1-a6c4-824dff5460d2	10	87357543	97478357	6615	0.1282
f9ef779b-0228-4ef1-a6c4-824dff5460d2	10	97480022	98530214	662	-0.6828
f9ef779b-0228-4ef1-a6c4-824dff5460d2	10	98533747	98533943	2	-2.5432
f9ef779b-0228-4ef1-a6c4-824dff5460d2	10	98534760	109114645	6781	-0.6776
f9ef779b-0228-4ef1-a6c4-824dff5460d2	10	109115424	109620685	341	0.1148
f9ef779b-0228-4ef1-a6c4-824dff5460d2	10	109621135	109773251	102	0.6026
f9ef779b-0228-4ef1-a6c4-824dff5460d2	10	109776854	128396080	13538	0.1116
f9ef779b-0228-4ef1-a6c4-824dff5460d2	10	128396253	131413037	2559	0.0561
f9ef779b-0228-4ef1-a6c4-824dff5460d2	10	131418557	133654968	1134	0.1245
f9ef779b-0228-4ef1-a6c4-824dff5460d2	11	198510	4946166	2410	-0.7017
f9ef779b-0228-4ef1-a6c4-824dff5460d2	11	4946420	4952799	26	-1.5158
f9ef779b-0228-4ef1-a6c4-824dff5460d2	11	4953934	5106915	135	-0.6478
f9ef779b-0228-4ef1-a6c4-824dff5460d2	11	5109107	5126425	16	0.0444
f9ef779b-0228-4ef1-a6c4-824dff5460d2	11	5127530	5757293	623	-0.7028
f9ef779b-0228-4ef1-a6c4-824dff5460d2	11	5761695	5787146	39	-0.0979
f9ef779b-0228-4ef1-a6c4-824dff5460d2	11	5787818	9679355	2688	-0.6702
f9ef779b-0228-4ef1-a6c4-824dff5460d2	11	9682114	9771251	67	0.1094
f9ef779b-0228-4ef1-a6c4-824dff5460d2	11	9774745	13775231	3326	-0.6955
f9ef779b-0228-4ef1-a6c4-824dff5460d2	11	13779011	17383105	2265	0.1047
f9ef779b-0228-4ef1-a6c4-824dff5460d2	11	17383786	17383800	2	-1.4436
f9ef779b-0228-4ef1-a6c4-824dff5460d2	11	17384070	18339114	691	0.1104
f9ef779b-0228-4ef1-a6c4-824dff5460d2	11	18339257	18480107	72	0.5215
f9ef779b-0228-4ef1-a6c4-824dff5460d2	11	18500244	18755624	133	0.1368
f9ef779b-0228-4ef1-a6c4-824dff5460d2	11	18760319	18804568	50	0.5411
f9ef779b-0228-4ef1-a6c4-824dff5460d2	11	18805537	26371846	6037	0.1136
f9ef779b-0228-4ef1-a6c4-824dff5460d2	11	26371961	26461224	64	0.6312
f9ef779b-0228-4ef1-a6c4-824dff5460d2	11	26461290	27081424	466	0.1345
f9ef779b-0228-4ef1-a6c4-824dff5460d2	11	27084215	27129976	42	0.7454
f9ef779b-0228-4ef1-a6c4-824dff5460d2	11	27131108	31371747	2607	0.1224
f9ef779b-0228-4ef1-a6c4-824dff5460d2	11	31372721	31375533	2	-2.1316
f9ef779b-0228-4ef1-a6c4-824dff5460d2	11	31376660	33121580	1150	0.1315
f9ef779b-0228-4ef1-a6c4-824dff5460d2	11	33122150	33383082	110	0.627
f9ef779b-0228-4ef1-a6c4-824dff5460d2	11	33383758	40761741	5363	0.1173
f9ef779b-0228-4ef1-a6c4-824dff5460d2	11	40771982	40842093	54	-0.763
f9ef779b-0228-4ef1-a6c4-824dff5460d2	11	40844509	49692155	5229	0.0989
f9ef779b-0228-4ef1-a6c4-824dff5460d2	11	49692188	49745040	29	-0.4401
f9ef779b-0228-4ef1-a6c4-824dff5460d2	11	49745369	54924229	477	0.1511
f9ef779b-0228-4ef1-a6c4-824dff5460d2	11	54933825	54934156	3	-2.7257
f9ef779b-0228-4ef1-a6c4-824dff5460d2	11	54940988	55606572	238	0.0918
f9ef779b-0228-4ef1-a6c4-824dff5460d2	11	55606712	55685533	57	0.671
f9ef779b-0228-4ef1-a6c4-824dff5460d2	11	55686100	56071542	289	0.1405
f9ef779b-0228-4ef1-a6c4-824dff5460d2	11	56073606	56075169	3	-1.3116
f9ef779b-0228-4ef1-a6c4-824dff5460d2	11	56080963	58337101	1385	0.141
f9ef779b-0228-4ef1-a6c4-824dff5460d2	11	58337581	58394873	51	0.6398
f9ef779b-0228-4ef1-a6c4-824dff5460d2	11	58397192	80256469	11518	0.1344
f9ef779b-0228-4ef1-a6c4-824dff5460d2	11	80256504	80256520	2	-3.1815
f9ef779b-0228-4ef1-a6c4-824dff5460d2	11	80256642	89465355	6445	0.1435
f9ef779b-0228-4ef1-a6c4-824dff5460d2	11	89469129	89741663	144	-0.6278
f9ef779b-0228-4ef1-a6c4-824dff5460d2	11	89754781	89834373	13	-1.3825
f9ef779b-0228-4ef1-a6c4-824dff5460d2	11	89847184	108131937	12984	-0.6687
f9ef779b-0228-4ef1-a6c4-824dff5460d2	11	108133960	135074876	19381	-0.7095
f9ef779b-0228-4ef1-a6c4-824dff5460d2	12	51460	71531	5	0.2003
f9ef779b-0228-4ef1-a6c4-824dff5460d2	12	81888	1992492	1162	0.6288
f9ef779b-0228-4ef1-a6c4-824dff5460d2	12	1992642	5704236	3022	0.5433
f9ef779b-0228-4ef1-a6c4-824dff5460d2	12	5705234	11039459	3020	0.5864
f9ef779b-0228-4ef1-a6c4-824dff5460d2	12	11039864	11203172	69	0.9134
f9ef779b-0228-4ef1-a6c4-824dff5460d2	12	11204130	14734835	2693	0.5863
f9ef779b-0228-4ef1-a6c4-824dff5460d2	12	14735831	14736917	2	-1.113
f9ef779b-0228-4ef1-a6c4-824dff5460d2	12	14737942	22023092	4608	0.5893
f9ef779b-0228-4ef1-a6c4-824dff5460d2	12	22030052	22032756	2	-1.1696
f9ef779b-0228-4ef1-a6c4-824dff5460d2	12	22035276	27836251	4266	0.6012
f9ef779b-0228-4ef1-a6c4-824dff5460d2	12	27837425	32030765	3106	0.128
f9ef779b-0228-4ef1-a6c4-824dff5460d2	12	32033934	32048435	9	0.8139
f9ef779b-0228-4ef1-a6c4-824dff5460d2	12	32049126	33148472	801	0.1425
f9ef779b-0228-4ef1-a6c4-824dff5460d2	12	33148492	33154440	26	-0.5803
f9ef779b-0228-4ef1-a6c4-824dff5460d2	12	33155426	33385244	161	0.2163
f9ef779b-0228-4ef1-a6c4-824dff5460d2	12	33386395	33436508	46	0.6427
f9ef779b-0228-4ef1-a6c4-824dff5460d2	12	33446192	45510655	5380	0.1328
f9ef779b-0228-4ef1-a6c4-824dff5460d2	12	45512057	45515754	3	-2.6457
f9ef779b-0228-4ef1-a6c4-824dff5460d2	12	45519509	63685755	10667	0.1492
f9ef779b-0228-4ef1-a6c4-824dff5460d2	12	63690554	63691356	4	-0.9274
f9ef779b-0228-4ef1-a6c4-824dff5460d2	12	63693918	63944883	125	0.0998
f9ef779b-0228-4ef1-a6c4-824dff5460d2	12	63946154	64785534	471	0.6546
f9ef779b-0228-4ef1-a6c4-824dff5460d2	12	64785848	71348768	4525	0.1474
f9ef779b-0228-4ef1-a6c4-824dff5460d2	12	71349208	71399403	19	0.4308
f9ef779b-0228-4ef1-a6c4-824dff5460d2	12	71399411	71425159	13	1.0834
f9ef779b-0228-4ef1-a6c4-824dff5460d2	12	71428070	71511648	57	0.5921
f9ef779b-0228-4ef1-a6c4-824dff5460d2	12	71517950	73808328	1368	0.1804
f9ef779b-0228-4ef1-a6c4-824dff5460d2	12	73808683	78828514	3303	-0.6341
f9ef779b-0228-4ef1-a6c4-824dff5460d2	12	78829141	78830175	2	-3.0893
f9ef779b-0228-4ef1-a6c4-824dff5460d2	12	78835066	83449228	2833	-0.6624
f9ef779b-0228-4ef1-a6c4-824dff5460d2	12	83449699	83453167	7	-5.2877
f9ef779b-0228-4ef1-a6c4-824dff5460d2	12	83460663	90089573	3814	-0.6589
f9ef779b-0228-4ef1-a6c4-824dff5460d2	12	90097892	90122735	30	0.1415
f9ef779b-0228-4ef1-a6c4-824dff5460d2	12	90128001	96034137	4089	-0.6758
f9ef779b-0228-4ef1-a6c4-824dff5460d2	12	96039644	96041050	5	-2.7021
f9ef779b-0228-4ef1-a6c4-824dff5460d2	12	96043275	122712125	17509	-0.6851
f9ef779b-0228-4ef1-a6c4-824dff5460d2	12	122716221	122749845	13	0.1712
f9ef779b-0228-4ef1-a6c4-824dff5460d2	12	122751369	126341290	2296	-0.68
f9ef779b-0228-4ef1-a6c4-824dff5460d2	12	126341344	131486717	4467	-0.7402
f9ef779b-0228-4ef1-a6c4-824dff5460d2	12	131486808	131487222	3	-2.7362
f9ef779b-0228-4ef1-a6c4-824dff5460d2	12	131490215	132927035	587	-0.7635
f9ef779b-0228-4ef1-a6c4-824dff5460d2	12	132927249	133201603	127	-0.4702
f9ef779b-0228-4ef1-a6c4-824dff5460d2	13	18452809	19289178	369	0.1084
f9ef779b-0228-4ef1-a6c4-824dff5460d2	13	19298005	19404631	85	-0.8129
f9ef779b-0228-4ef1-a6c4-824dff5460d2	13	19406622	19547319	77	0.2138
f9ef779b-0228-4ef1-a6c4-824dff5460d2	13	19549755	25028985	3831	-0.6868
f9ef779b-0228-4ef1-a6c4-824dff5460d2	13	25033831	30894277	4383	-0.7458
f9ef779b-0228-4ef1-a6c4-824dff5460d2	13	30894448	48208369	12093	-0.7017
f9ef779b-0228-4ef1-a6c4-824dff5460d2	13	48211940	48302456	53	-2.8628
f9ef779b-0228-4ef1-a6c4-824dff5460d2	13	48305525	48370674	105	-1.8923
f9ef779b-0228-4ef1-a6c4-824dff5460d2	13	48371012	48372144	3	-7.1487
f9ef779b-0228-4ef1-a6c4-824dff5460d2	13	48372214	48391954	24	-1.7804
f9ef779b-0228-4ef1-a6c4-824dff5460d2	13	48397386	48409966	10	-0.71
f9ef779b-0228-4ef1-a6c4-824dff5460d2	13	48410219	48478710	79	-1.9885
f9ef779b-0228-4ef1-a6c4-824dff5460d2	13	48478903	48663908	133	-3.018
f9ef779b-0228-4ef1-a6c4-824dff5460d2	13	48665983	57052560	4658	-0.6885
f9ef779b-0228-4ef1-a6c4-824dff5460d2	13	57053561	57176962	64	0.1388
f9ef779b-0228-4ef1-a6c4-824dff5460d2	13	57184136	57190045	19	0.5908
f9ef779b-0228-4ef1-a6c4-824dff5460d2	13	57192577	69920475	7713	0.1108
f9ef779b-0228-4ef1-a6c4-824dff5460d2	13	69924306	69926454	7	-4.0213
f9ef779b-0228-4ef1-a6c4-824dff5460d2	13	69929257	81019667	7625	0.1349
f9ef779b-0228-4ef1-a6c4-824dff5460d2	13	81022841	87430806	3884	0.6345
f9ef779b-0228-4ef1-a6c4-824dff5460d2	13	87432261	87432503	2	-2.2275
f9ef779b-0228-4ef1-a6c4-824dff5460d2	13	87440284	95236228	5128	0.6384
f9ef779b-0228-4ef1-a6c4-824dff5460d2	13	95236402	95240195	10	-0.3741
f9ef779b-0228-4ef1-a6c4-824dff5460d2	13	95240642	107245262	8787	0.6325
f9ef779b-0228-4ef1-a6c4-824dff5460d2	13	107248689	107249633	2	-2.6719
f9ef779b-0228-4ef1-a6c4-824dff5460d2	13	107249799	111070847	3150	0.613
f9ef779b-0228-4ef1-a6c4-824dff5460d2	13	111071777	111072185	2	-1.3066
f9ef779b-0228-4ef1-a6c4-824dff5460d2	13	111072198	114342922	1748	0.6143
f9ef779b-0228-4ef1-a6c4-824dff5460d2	14	18239283	19954424	166	0.7191
f9ef779b-0228-4ef1-a6c4-824dff5460d2	14	19955213	21660702	1131	0.1367
f9ef779b-0228-4ef1-a6c4-824dff5460d2	14	21661342	22139542	404	0.1997
f9ef779b-0228-4ef1-a6c4-824dff5460d2	14	22143351	22145736	11	-0.3687
f9ef779b-0228-4ef1-a6c4-824dff5460d2	14	22147511	22739813	490	0.2093
f9ef779b-0228-4ef1-a6c4-824dff5460d2	14	22742880	41139155	11551	0.1208
f9ef779b-0228-4ef1-a6c4-824dff5460d2	14	41141293	41207137	17	0.7343
f9ef779b-0228-4ef1-a6c4-824dff5460d2	14	41207158	50923743	5665	0.1267
f9ef779b-0228-4ef1-a6c4-824dff5460d2	14	50924753	50947714	19	0.571
f9ef779b-0228-4ef1-a6c4-824dff5460d2	14	50953221	69547262	12122	0.1142
f9ef779b-0228-4ef1-a6c4-824dff5460d2	14	69551330	69561830	13	-0.426
f9ef779b-0228-4ef1-a6c4-824dff5460d2	14	69566109	70613499	666	0.0904
f9ef779b-0228-4ef1-a6c4-824dff5460d2	14	70618985	70708664	65	0.6222
f9ef779b-0228-4ef1-a6c4-824dff5460d2	14	70710181	73546628	1895	0.0937
f9ef779b-0228-4ef1-a6c4-824dff5460d2	14	73550104	73554275	4	1.1019
f9ef779b-0228-4ef1-a6c4-824dff5460d2	14	73563196	81805179	5429	0.0915
f9ef779b-0228-4ef1-a6c4-824dff5460d2	14	81810620	87452155	3800	0.6068
f9ef779b-0228-4ef1-a6c4-824dff5460d2	14	87460272	87746287	149	-0.0366
f9ef779b-0228-4ef1-a6c4-824dff5460d2	14	87749774	96623138	6027	0.6127
f9ef779b-0228-4ef1-a6c4-824dff5460d2	14	96623270	99083426	2082	0.5628
f9ef779b-0228-4ef1-a6c4-824dff5460d2	14	99083443	106016256	3263	0.6105
f9ef779b-0228-4ef1-a6c4-824dff5460d2	14	106030809	106321086	113	1.3865
f9ef779b-0228-4ef1-a6c4-824dff5460d2	14	106340102	106360014	8	0.102
f9ef779b-0228-4ef1-a6c4-824dff5460d2	14	106362628	106581614	126	0.8491
f9ef779b-0228-4ef1-a6c4-824dff5460d2	14	106582055	106877229	147	0.5661
f9ef779b-0228-4ef1-a6c4-824dff5460d2	15	19811075	22247364	186	0.0985
f9ef779b-0228-4ef1-a6c4-824dff5460d2	15	22247820	22294951	17	-0.8325
f9ef779b-0228-4ef1-a6c4-824dff5460d2	15	22296480	30201158	4629	0.071
f9ef779b-0228-4ef1-a6c4-824dff5460d2	15	30215220	30621384	31	0.5776
f9ef779b-0228-4ef1-a6c4-824dff5460d2	15	30628421	34434988	2563	0.0983
f9ef779b-0228-4ef1-a6c4-824dff5460d2	15	34435421	34526116	60	-0.5882
f9ef779b-0228-4ef1-a6c4-824dff5460d2	15	34570058	54780426	12580	0.1018
f9ef779b-0228-4ef1-a6c4-824dff5460d2	15	54786738	54803783	22	-0.7232
f9ef779b-0228-4ef1-a6c4-824dff5460d2	15	54805299	60207262	3652	0.1038
f9ef779b-0228-4ef1-a6c4-824dff5460d2	15	60207376	60348029	111	0.6057
f9ef779b-0228-4ef1-a6c4-824dff5460d2	15	60348816	66510575	4093	0.0933
f9ef779b-0228-4ef1-a6c4-824dff5460d2	15	66519080	66867028	271	0.59
f9ef779b-0228-4ef1-a6c4-824dff5460d2	15	66880437	75669688	5213	0.0818
f9ef779b-0228-4ef1-a6c4-824dff5460d2	15	75671885	75789122	40	0.5349
f9ef779b-0228-4ef1-a6c4-824dff5460d2	15	75792146	76586021	428	0.0647
f9ef779b-0228-4ef1-a6c4-824dff5460d2	15	76598900	76603434	22	1.1549
f9ef779b-0228-4ef1-a6c4-824dff5460d2	15	76609838	77605004	462	0.0905
f9ef779b-0228-4ef1-a6c4-824dff5460d2	15	77606042	77609951	2	1.4097
f9ef779b-0228-4ef1-a6c4-824dff5460d2	15	77612602	81469283	2658	0.0689
f9ef779b-0228-4ef1-a6c4-824dff5460d2	15	81474900	90840857	5907	0.6006
f9ef779b-0228-4ef1-a6c4-824dff5460d2	15	90841204	90966504	64	0.9189
f9ef779b-0228-4ef1-a6c4-824dff5460d2	15	90967032	96990174	4889	0.595
f9ef779b-0228-4ef1-a6c4-824dff5460d2	15	96993132	99925457	2072	0.9755
f9ef779b-0228-4ef1-a6c4-824dff5460d2	15	99929884	101928837	1550	0.6324
f9ef779b-0228-4ef1-a6c4-824dff5460d2	16	10777	2459642	858	-0.665
f9ef779b-0228-4ef1-a6c4-824dff5460d2	16	2477074	3155762	241	0.1547
f9ef779b-0228-4ef1-a6c4-824dff5460d2	16	3161319	12605852	8383	-0.727
f9ef779b-0228-4ef1-a6c4-824dff5460d2	16	12606306	12609331	2	-3.7115
f9ef779b-0228-4ef1-a6c4-824dff5460d2	16	12609654	14895982	1603	-0.7013
f9ef779b-0228-4ef1-a6c4-824dff5460d2	16	14954911	14991827	41	-1.2382
f9ef779b-0228-4ef1-a6c4-824dff5460d2	16	14993314	16269368	597	-0.6517
f9ef779b-0228-4ef1-a6c4-824dff5460d2	16	16419234	22764448	3155	0.1392
f9ef779b-0228-4ef1-a6c4-824dff5460d2	16	22765261	28987628	4048	0.0851
f9ef779b-0228-4ef1-a6c4-824dff5460d2	16	28987649	30763757	493	0.2064
f9ef779b-0228-4ef1-a6c4-824dff5460d2	16	30766159	55762682	7478	0.0922
f9ef779b-0228-4ef1-a6c4-824dff5460d2	16	55764310	55764867	3	2.9374
f9ef779b-0228-4ef1-a6c4-824dff5460d2	16	55770436	57108778	834	0.117
f9ef779b-0228-4ef1-a6c4-824dff5460d2	16	57112134	57125490	9	-0.6585
f9ef779b-0228-4ef1-a6c4-824dff5460d2	16	57126407	66509799	6309	0.0988
f9ef779b-0228-4ef1-a6c4-824dff5460d2	16	66510549	67844704	547	0.1969
f9ef779b-0228-4ef1-a6c4-824dff5460d2	16	67849029	75208831	3852	0.1139
f9ef779b-0228-4ef1-a6c4-824dff5460d2	16	75214348	75214869	2	-2.8068
f9ef779b-0228-4ef1-a6c4-824dff5460d2	16	75218408	75501474	146	0.1393
f9ef779b-0228-4ef1-a6c4-824dff5460d2	16	75505510	75549122	23	0.8243
f9ef779b-0228-4ef1-a6c4-824dff5460d2	16	75550120	78337711	2559	0.081
f9ef779b-0228-4ef1-a6c4-824dff5460d2	16	78338543	78350841	15	1.0969
f9ef779b-0228-4ef1-a6c4-824dff5460d2	16	78350868	86302410	8271	0.0861
f9ef779b-0228-4ef1-a6c4-824dff5460d2	16	86304881	86324099	22	-0.8079
f9ef779b-0228-4ef1-a6c4-824dff5460d2	16	86325618	90096867	2314	0.0848
f9ef779b-0228-4ef1-a6c4-824dff5460d2	17	150733	1192024	533	-0.6089
f9ef779b-0228-4ef1-a6c4-824dff5460d2	17	1197935	1200315	2	-3.1897
f9ef779b-0228-4ef1-a6c4-824dff5460d2	17	1200915	8509873	4086	-0.6762
f9ef779b-0228-4ef1-a6c4-824dff5460d2	17	8516431	14979869	4900	-0.7476
f9ef779b-0228-4ef1-a6c4-824dff5460d2	17	14981009	18414080	1847	-0.6938
f9ef779b-0228-4ef1-a6c4-824dff5460d2	17	18452078	18509244	17	-1.7762
f9ef779b-0228-4ef1-a6c4-824dff5460d2	17	18523147	21017175	1006	-0.6481
f9ef779b-0228-4ef1-a6c4-824dff5460d2	17	21019834	21019978	2	-4.5489
f9ef779b-0228-4ef1-a6c4-824dff5460d2	17	21020225	37847327	6823	-0.6831
f9ef779b-0228-4ef1-a6c4-824dff5460d2	17	37848078	51462832	6697	-0.645
f9ef779b-0228-4ef1-a6c4-824dff5460d2	17	51464816	66672834	9192	-0.7005
f9ef779b-0228-4ef1-a6c4-824dff5460d2	17	66684904	72301222	3928	0.1099
f9ef779b-0228-4ef1-a6c4-824dff5460d2	17	72301993	72410483	103	0.5622
f9ef779b-0228-4ef1-a6c4-824dff5460d2	17	72411715	74909975	1740	0.1077
f9ef779b-0228-4ef1-a6c4-824dff5460d2	17	74922223	75082735	81	0.6064
f9ef779b-0228-4ef1-a6c4-824dff5460d2	17	75091616	83091923	4002	0.1424
f9ef779b-0228-4ef1-a6c4-824dff5460d2	18	48133	1796845	1229	0.1199
f9ef779b-0228-4ef1-a6c4-824dff5460d2	18	1798489	1816309	17	-0.7729
f9ef779b-0228-4ef1-a6c4-824dff5460d2	18	1819070	4942910	2259	0.1219
f9ef779b-0228-4ef1-a6c4-824dff5460d2	18	4943010	6075262	826	0.0329
f9ef779b-0228-4ef1-a6c4-824dff5460d2	18	6079180	6507378	279	0.1726
f9ef779b-0228-4ef1-a6c4-824dff5460d2	18	6507883	7839267	1030	0.047
f9ef779b-0228-4ef1-a6c4-824dff5460d2	18	7839380	34892546	13341	0.107
f9ef779b-0228-4ef1-a6c4-824dff5460d2	18	34901071	34925113	18	0.8259
f9ef779b-0228-4ef1-a6c4-824dff5460d2	18	34927489	40678132	3762	0.1087
f9ef779b-0228-4ef1-a6c4-824dff5460d2	18	40678205	40685425	31	0.6794
f9ef779b-0228-4ef1-a6c4-824dff5460d2	18	40688060	42350353	1121	0.0622
f9ef779b-0228-4ef1-a6c4-824dff5460d2	18	42350416	67309069	17224	0.1256
f9ef779b-0228-4ef1-a6c4-824dff5460d2	18	67314632	67631021	218	0.0373
f9ef779b-0228-4ef1-a6c4-824dff5460d2	18	67636945	67644792	9	-1.17
f9ef779b-0228-4ef1-a6c4-824dff5460d2	18	67648110	73868786	4734	0.1188
f9ef779b-0228-4ef1-a6c4-824dff5460d2	18	73872070	74053208	159	0.6077
f9ef779b-0228-4ef1-a6c4-824dff5460d2	18	74059639	78971826	3778	0.082
f9ef779b-0228-4ef1-a6c4-824dff5460d2	18	78974830	78975252	3	-1.117
f9ef779b-0228-4ef1-a6c4-824dff5460d2	18	78976062	80257174	658	0.1147
f9ef779b-0228-4ef1-a6c4-824dff5460d2	19	90910	3106866	820	-0.6374
f9ef779b-0228-4ef1-a6c4-824dff5460d2	19	3109760	3156075	17	0.2868
f9ef779b-0228-4ef1-a6c4-824dff5460d2	19	3158118	3266754	37	-0.6516
f9ef779b-0228-4ef1-a6c4-824dff5460d2	19	3274089	3451167	59	0.145
f9ef779b-0228-4ef1-a6c4-824dff5460d2	19	3461120	8431480	2014	-0.6423
f9ef779b-0228-4ef1-a6c4-824dff5460d2	19	8432398	13226310	2309	0.1368
f9ef779b-0228-4ef1-a6c4-824dff5460d2	19	13230515	13494607	165	0.6554
f9ef779b-0228-4ef1-a6c4-824dff5460d2	19	13497157	20411869	3490	0.1336
f9ef779b-0228-4ef1-a6c4-824dff5460d2	19	20413400	20533583	68	-0.5898
f9ef779b-0228-4ef1-a6c4-824dff5460d2	19	20538075	22360253	1046	0.1141
f9ef779b-0228-4ef1-a6c4-824dff5460d2	19	22360510	32318618	4701	0.0584
f9ef779b-0228-4ef1-a6c4-824dff5460d2	19	32318845	58586487	14359	0.1299
f9ef779b-0228-4ef1-a6c4-824dff5460d2	20	80664	81820	15	0.3293
f9ef779b-0228-4ef1-a6c4-824dff5460d2	20	82279	112174	19	0.811
f9ef779b-0228-4ef1-a6c4-824dff5460d2	20	112858	122021	6	0.2589
f9ef779b-0228-4ef1-a6c4-824dff5460d2	20	125789	169334	35	0.762
f9ef779b-0228-4ef1-a6c4-824dff5460d2	20	171552	216458	32	1.0809
f9ef779b-0228-4ef1-a6c4-824dff5460d2	20	217034	1577052	1081	0.618
f9ef779b-0228-4ef1-a6c4-824dff5460d2	20	1577330	1579412	7	-0.1682
f9ef779b-0228-4ef1-a6c4-824dff5460d2	20	1579606	1580305	8	0.4667
f9ef779b-0228-4ef1-a6c4-824dff5460d2	20	1580353	1613247	42	1.7779
f9ef779b-0228-4ef1-a6c4-824dff5460d2	20	1617300	8843216	5448	0.6025
f9ef779b-0228-4ef1-a6c4-824dff5460d2	20	8843362	8878941	39	0.9171
f9ef779b-0228-4ef1-a6c4-824dff5460d2	20	8878995	9373522	398	0.5851
f9ef779b-0228-4ef1-a6c4-824dff5460d2	20	9378073	9460477	75	0.1513
f9ef779b-0228-4ef1-a6c4-824dff5460d2	20	9460645	10644242	940	0.58
f9ef779b-0228-4ef1-a6c4-824dff5460d2	20	10646915	12726937	1640	0.0878
f9ef779b-0228-4ef1-a6c4-824dff5460d2	20	12727178	12727520	3	-1.3316
f9ef779b-0228-4ef1-a6c4-824dff5460d2	20	12728191	26206877	10159	0.0756
f9ef779b-0228-4ef1-a6c4-824dff5460d2	20	26215123	30259177	61	0.3067
f9ef779b-0228-4ef1-a6c4-824dff5460d2	20	30271154	30367103	21	0.7784
f9ef779b-0228-4ef1-a6c4-824dff5460d2	20	30374569	44489201	8126	0.0939
f9ef779b-0228-4ef1-a6c4-824dff5460d2	20	44491297	50165997	3822	0.1376
f9ef779b-0228-4ef1-a6c4-824dff5460d2	20	50175182	50176256	2	-2.1994
f9ef779b-0228-4ef1-a6c4-824dff5460d2	20	50178380	57811019	5970	0.1272
f9ef779b-0228-4ef1-a6c4-824dff5460d2	20	57813783	60712486	2321	0.0868
f9ef779b-0228-4ef1-a6c4-824dff5460d2	20	60716689	64284715	2062	0.5922
f9ef779b-0228-4ef1-a6c4-824dff5460d2	20	64323342	64324800	5	-0.5322
f9ef779b-0228-4ef1-a6c4-824dff5460d2	21	10354168	10388377	4	-0.5257
f9ef779b-0228-4ef1-a6c4-824dff5460d2	21	10388383	15821471	1623	0.1366
f9ef779b-0228-4ef1-a6c4-824dff5460d2	21	15826970	15850374	19	0.72
f9ef779b-0228-4ef1-a6c4-824dff5460d2	21	15853099	16737966	572	0.1261
f9ef779b-0228-4ef1-a6c4-824dff5460d2	21	16738711	16742039	6	-0.7272
f9ef779b-0228-4ef1-a6c4-824dff5460d2	21	16742787	21199985	3266	0.1165
f9ef779b-0228-4ef1-a6c4-824dff5460d2	21	21200358	27771210	5094	0.6199
f9ef779b-0228-4ef1-a6c4-824dff5460d2	21	27771907	37241186	6546	-0.6774
f9ef779b-0228-4ef1-a6c4-824dff5460d2	21	37249782	37249812	2	-2.912
f9ef779b-0228-4ef1-a6c4-824dff5460d2	21	37249896	43319601	4993	-0.6942
f9ef779b-0228-4ef1-a6c4-824dff5460d2	21	43320254	43334557	9	0.2003
f9ef779b-0228-4ef1-a6c4-824dff5460d2	21	43342318	43371963	29	-0.7491
f9ef779b-0228-4ef1-a6c4-824dff5460d2	21	43373304	43374861	3	-2.9098
f9ef779b-0228-4ef1-a6c4-824dff5460d2	21	43572694	45419710	946	-0.7247
f9ef779b-0228-4ef1-a6c4-824dff5460d2	21	45419989	45513553	40	-1.1062
f9ef779b-0228-4ef1-a6c4-824dff5460d2	21	45520594	45610728	50	-0.7603
f9ef779b-0228-4ef1-a6c4-824dff5460d2	21	45612180	45612418	2	-2.9606
f9ef779b-0228-4ef1-a6c4-824dff5460d2	21	45612481	46677045	631	-0.7333
f9ef779b-0228-4ef1-a6c4-824dff5460d2	22	15294547	18547989	1131	0.0987
f9ef779b-0228-4ef1-a6c4-824dff5460d2	22	18620743	22242074	2222	0.1646
f9ef779b-0228-4ef1-a6c4-824dff5460d2	22	22242719	23987520	1036	0.0996
f9ef779b-0228-4ef1-a6c4-824dff5460d2	22	23988078	23990431	3	1.5296
f9ef779b-0228-4ef1-a6c4-824dff5460d2	22	23990739	28697998	3850	0.0769
f9ef779b-0228-4ef1-a6c4-824dff5460d2	22	28703697	28821870	49	0.6011
f9ef779b-0228-4ef1-a6c4-824dff5460d2	22	28829604	32776019	2424	0.1027
f9ef779b-0228-4ef1-a6c4-824dff5460d2	22	32776034	33778960	918	0.0177
f9ef779b-0228-4ef1-a6c4-824dff5460d2	22	33778975	33785435	4	0.9212
f9ef779b-0228-4ef1-a6c4-824dff5460d2	22	33785487	35178108	1332	0.0375
f9ef779b-0228-4ef1-a6c4-824dff5460d2	22	35178381	37352689	1444	0.1186
f9ef779b-0228-4ef1-a6c4-824dff5460d2	22	37353357	37353906	3	-1.6983
f9ef779b-0228-4ef1-a6c4-824dff5460d2	22	37354627	38894915	765	0.1246
f9ef779b-0228-4ef1-a6c4-824dff5460d2	22	38899250	38900899	3	-3.3039
f9ef779b-0228-4ef1-a6c4-824dff5460d2	22	38903109	38955461	38	0.1897
f9ef779b-0228-4ef1-a6c4-824dff5460d2	22	38967614	38979302	24	-2.3003
f9ef779b-0228-4ef1-a6c4-824dff5460d2	22	38993700	44004818	2909	0.0994
f9ef779b-0228-4ef1-a6c4-824dff5460d2	22	44006256	44008046	2	1.5041
f9ef779b-0228-4ef1-a6c4-824dff5460d2	22	44008604	47876721	2891	0.0781
f9ef779b-0228-4ef1-a6c4-824dff5460d2	22	47877129	49506600	1583	0.0037
f9ef779b-0228-4ef1-a6c4-824dff5460d2	22	49507677	49618662	107	0.1232
f9ef779b-0228-4ef1-a6c4-824dff5460d2	22	49619159	49628685	5	-0.7551
f9ef779b-0228-4ef1-a6c4-824dff5460d2	22	49641339	50563968	395	0.1384
f9ef779b-0228-4ef1-a6c4-824dff5460d2	22	50564071	50571683	4	-0.7895
f9ef779b-0228-4ef1-a6c4-824dff5460d2	22	50574346	50796027	116	0.0844
f9ef779b-0228-4ef1-a6c4-824dff5460d2	X	251810	7641953	3746	-0.0221
f9ef779b-0228-4ef1-a6c4-824dff5460d2	X	7643017	7643274	5	-1.5274
f9ef779b-0228-4ef1-a6c4-824dff5460d2	X	7643674	10747612	2348	-0.0347
f9ef779b-0228-4ef1-a6c4-824dff5460d2	X	10749333	10879744	69	0.3278
f9ef779b-0228-4ef1-a6c4-824dff5460d2	X	10884645	23371548	7981	-0.0159
f9ef779b-0228-4ef1-a6c4-824dff5460d2	X	23371592	23371653	2	-2.8277
f9ef779b-0228-4ef1-a6c4-824dff5460d2	X	23372901	38437904	9542	-0.0145
f9ef779b-0228-4ef1-a6c4-824dff5460d2	X	38438304	38438789	5	-1.4342
f9ef779b-0228-4ef1-a6c4-824dff5460d2	X	38439675	57935645	9500	0.0081
f9ef779b-0228-4ef1-a6c4-824dff5460d2	X	57937702	57979157	13	-1.9744
f9ef779b-0228-4ef1-a6c4-824dff5460d2	X	57979992	58261414	94	0.0291
f9ef779b-0228-4ef1-a6c4-824dff5460d2	X	58262074	62961074	133	0.2628
f9ef779b-0228-4ef1-a6c4-824dff5460d2	X	62969104	68891862	2597	0.0213
f9ef779b-0228-4ef1-a6c4-824dff5460d2	X	68893139	68962493	42	0.8701
f9ef779b-0228-4ef1-a6c4-824dff5460d2	X	68967439	113510740	22702	0.0148
f9ef779b-0228-4ef1-a6c4-824dff5460d2	X	113511163	113513970	10	-0.8376
f9ef779b-0228-4ef1-a6c4-824dff5460d2	X	113516705	123406216	5765	0.0037
f9ef779b-0228-4ef1-a6c4-824dff5460d2	X	123406354	123432128	14	0.8489
f9ef779b-0228-4ef1-a6c4-824dff5460d2	X	123435523	143504535	11552	-0.0018
f9ef779b-0228-4ef1-a6c4-824dff5460d2	X	143505031	143505235	3	1.6181
f9ef779b-0228-4ef1-a6c4-824dff5460d2	X	143505562	151244062	5124	-0.012
f9ef779b-0228-4ef1-a6c4-824dff5460d2	X	151244551	151299854	54	0.7962
f9ef779b-0228-4ef1-a6c4-824dff5460d2	X	151306549	155952689	2220	0.0181
f9ef779b-0228-4ef1-a6c4-824dff5460d2	Y	2784693	56872112	6192	-1.0587
