GDC_Aliquot	Chromosome	Start	End	Num_Probes	Segment_Mean
051e9b48-2d5e-4585-96de-9fae27f59ac7	1	3301765	6143454	1975	-0.1694
051e9b48-2d5e-4585-96de-9fae27f59ac7	1	6144162	6833548	299	0.185
051e9b48-2d5e-4585-96de-9fae27f59ac7	1	6835468	10965028	2146	-0.1718
051e9b48-2d5e-4585-96de-9fae27f59ac7	1	10965058	11083254	54	0.1116
051e9b48-2d5e-4585-96de-9fae27f59ac7	1	11089257	14793212	1949	-0.1493
051e9b48-2d5e-4585-96de-9fae27f59ac7	1	14793335	14794030	2	-1.5607
051e9b48-2d5e-4585-96de-9fae27f59ac7	1	14795902	15972817	700	-0.1367
051e9b48-2d5e-4585-96de-9fae27f59ac7	1	15973514	16079116	35	0.234
051e9b48-2d5e-4585-96de-9fae27f59ac7	1	16080825	21841817	3294	-0.1356
051e9b48-2d5e-4585-96de-9fae27f59ac7	1	21844077	21966905	72	0.1632
051e9b48-2d5e-4585-96de-9fae27f59ac7	1	21967332	22546194	278	-0.1361
051e9b48-2d5e-4585-96de-9fae27f59ac7	1	22548867	22936802	270	0.1816
051e9b48-2d5e-4585-96de-9fae27f59ac7	1	22936855	31253128	3999	-0.1383
051e9b48-2d5e-4585-96de-9fae27f59ac7	1	31257239	31424411	89	0.6699
051e9b48-2d5e-4585-96de-9fae27f59ac7	1	31424446	32848695	581	0.3992
051e9b48-2d5e-4585-96de-9fae27f59ac7	1	32857760	32899144	20	0.56
051e9b48-2d5e-4585-96de-9fae27f59ac7	1	32905234	32971758	18	0.8932
051e9b48-2d5e-4585-96de-9fae27f59ac7	1	32977463	33337570	181	0.5284
051e9b48-2d5e-4585-96de-9fae27f59ac7	1	33347337	39772491	3623	0.4219
051e9b48-2d5e-4585-96de-9fae27f59ac7	1	39776773	40372964	301	0.6028
051e9b48-2d5e-4585-96de-9fae27f59ac7	1	40406684	40849704	241	0.3616
051e9b48-2d5e-4585-96de-9fae27f59ac7	1	40850007	41097393	120	0.6576
051e9b48-2d5e-4585-96de-9fae27f59ac7	1	41097414	46149290	2741	0.3916
051e9b48-2d5e-4585-96de-9fae27f59ac7	1	46152309	46203039	17	0.8661
051e9b48-2d5e-4585-96de-9fae27f59ac7	1	46206325	50013879	2107	0.4089
051e9b48-2d5e-4585-96de-9fae27f59ac7	1	50017342	50237026	138	0.1678
051e9b48-2d5e-4585-96de-9fae27f59ac7	1	50239276	52278495	804	0.4207
051e9b48-2d5e-4585-96de-9fae27f59ac7	1	52280008	53014871	365	0.1323
051e9b48-2d5e-4585-96de-9fae27f59ac7	1	53015073	53670765	519	0.2397
051e9b48-2d5e-4585-96de-9fae27f59ac7	1	53674721	54731066	602	0.1767
051e9b48-2d5e-4585-96de-9fae27f59ac7	1	54731476	55053139	213	0.4865
051e9b48-2d5e-4585-96de-9fae27f59ac7	1	55055436	58638828	2899	0.1903
051e9b48-2d5e-4585-96de-9fae27f59ac7	1	58639167	59479011	605	0.2696
051e9b48-2d5e-4585-96de-9fae27f59ac7	1	59486033	60297396	484	0.1726
051e9b48-2d5e-4585-96de-9fae27f59ac7	1	60297451	60576709	165	0.4351
051e9b48-2d5e-4585-96de-9fae27f59ac7	1	60587907	62596132	1422	0.177
051e9b48-2d5e-4585-96de-9fae27f59ac7	1	62601631	62822180	117	0.3996
051e9b48-2d5e-4585-96de-9fae27f59ac7	1	62823186	84462794	13345	0.1921
051e9b48-2d5e-4585-96de-9fae27f59ac7	1	84463053	84845509	265	0.6308
051e9b48-2d5e-4585-96de-9fae27f59ac7	1	84846274	85055186	154	0.8663
051e9b48-2d5e-4585-96de-9fae27f59ac7	1	85057702	85207066	93	0.5126
051e9b48-2d5e-4585-96de-9fae27f59ac7	1	85212164	87872502	1762	0.1909
051e9b48-2d5e-4585-96de-9fae27f59ac7	1	87872513	87969120	84	0.5095
051e9b48-2d5e-4585-96de-9fae27f59ac7	1	87970692	88842283	522	0.2236
051e9b48-2d5e-4585-96de-9fae27f59ac7	1	88842747	88959673	72	0.4285
051e9b48-2d5e-4585-96de-9fae27f59ac7	1	88961478	100228517	6806	0.1756
051e9b48-2d5e-4585-96de-9fae27f59ac7	1	100232772	100408090	110	0.3931
051e9b48-2d5e-4585-96de-9fae27f59ac7	1	100408152	109581181	4914	0.1907
051e9b48-2d5e-4585-96de-9fae27f59ac7	1	109584789	109606352	11	0.3387
051e9b48-2d5e-4585-96de-9fae27f59ac7	1	109613590	110283073	367	0.647
051e9b48-2d5e-4585-96de-9fae27f59ac7	1	110283910	111329509	745	0.4234
051e9b48-2d5e-4585-96de-9fae27f59ac7	1	111331466	111592387	183	0.7937
051e9b48-2d5e-4585-96de-9fae27f59ac7	1	111596386	116601795	3262	0.4265
051e9b48-2d5e-4585-96de-9fae27f59ac7	1	116604898	117014481	268	0.6389
051e9b48-2d5e-4585-96de-9fae27f59ac7	1	117017104	149906351	1763	0.4363
051e9b48-2d5e-4585-96de-9fae27f59ac7	1	149907993	150124652	97	0.1543
051e9b48-2d5e-4585-96de-9fae27f59ac7	1	150131878	150494291	86	0.4063
051e9b48-2d5e-4585-96de-9fae27f59ac7	1	150494449	155012119	2272	0.1617
051e9b48-2d5e-4585-96de-9fae27f59ac7	1	155014970	155249002	78	0.425
051e9b48-2d5e-4585-96de-9fae27f59ac7	1	155249061	155317731	50	0.8049
051e9b48-2d5e-4585-96de-9fae27f59ac7	1	155330989	155682365	144	0.4631
051e9b48-2d5e-4585-96de-9fae27f59ac7	1	155697430	155939632	107	0.1243
051e9b48-2d5e-4585-96de-9fae27f59ac7	1	155940916	156022462	23	0.6783
051e9b48-2d5e-4585-96de-9fae27f59ac7	1	156022995	174047368	12327	0.179
051e9b48-2d5e-4585-96de-9fae27f59ac7	1	174047636	174088034	17	0.6846
051e9b48-2d5e-4585-96de-9fae27f59ac7	1	174088464	174562714	206	0.1819
051e9b48-2d5e-4585-96de-9fae27f59ac7	1	174563608	175100803	257	0.4049
051e9b48-2d5e-4585-96de-9fae27f59ac7	1	175109775	178197424	1746	0.1807
051e9b48-2d5e-4585-96de-9fae27f59ac7	1	178210615	178419587	90	0.4836
051e9b48-2d5e-4585-96de-9fae27f59ac7	1	178419924	178519292	73	0.6213
051e9b48-2d5e-4585-96de-9fae27f59ac7	1	178519459	178717674	148	0.4124
051e9b48-2d5e-4585-96de-9fae27f59ac7	1	178722231	180563002	1195	0.1767
051e9b48-2d5e-4585-96de-9fae27f59ac7	1	180563639	180753217	113	0.3021
051e9b48-2d5e-4585-96de-9fae27f59ac7	1	180753979	181208519	295	0.4575
051e9b48-2d5e-4585-96de-9fae27f59ac7	1	181208718	181254751	49	0.3499
051e9b48-2d5e-4585-96de-9fae27f59ac7	1	181256157	202116635	12757	0.1643
051e9b48-2d5e-4585-96de-9fae27f59ac7	1	202121513	202139258	15	0.6915
051e9b48-2d5e-4585-96de-9fae27f59ac7	1	202147874	203137262	570	0.1474
051e9b48-2d5e-4585-96de-9fae27f59ac7	1	203138670	203249931	93	0.3743
051e9b48-2d5e-4585-96de-9fae27f59ac7	1	203250826	203253961	4	0.4692
051e9b48-2d5e-4585-96de-9fae27f59ac7	1	203264456	203323866	48	0.8451
051e9b48-2d5e-4585-96de-9fae27f59ac7	1	203326231	203887418	345	0.5776
051e9b48-2d5e-4585-96de-9fae27f59ac7	1	203893314	204444717	381	0.1498
051e9b48-2d5e-4585-96de-9fae27f59ac7	1	204445477	204551414	111	0.3201
051e9b48-2d5e-4585-96de-9fae27f59ac7	1	204551695	205244452	524	0.1622
051e9b48-2d5e-4585-96de-9fae27f59ac7	1	205244755	205295036	37	0.4158
051e9b48-2d5e-4585-96de-9fae27f59ac7	1	205298271	205468772	98	0.576
051e9b48-2d5e-4585-96de-9fae27f59ac7	1	205469786	205548482	63	0.4012
051e9b48-2d5e-4585-96de-9fae27f59ac7	1	205548702	205895583	195	0.1611
051e9b48-2d5e-4585-96de-9fae27f59ac7	1	205897885	206058126	68	0.6157
051e9b48-2d5e-4585-96de-9fae27f59ac7	1	206061689	214447671	5690	0.154
051e9b48-2d5e-4585-96de-9fae27f59ac7	1	214450943	221566468	4820	0.1909
051e9b48-2d5e-4585-96de-9fae27f59ac7	1	221566513	233097112	7008	0.1555
051e9b48-2d5e-4585-96de-9fae27f59ac7	1	233097811	233098442	2	-1.3816
051e9b48-2d5e-4585-96de-9fae27f59ac7	1	233098785	234897529	1450	0.1924
051e9b48-2d5e-4585-96de-9fae27f59ac7	1	234902084	234995029	83	0.4559
051e9b48-2d5e-4585-96de-9fae27f59ac7	1	235000085	241800932	4961	0.1781
051e9b48-2d5e-4585-96de-9fae27f59ac7	1	241801257	241801662	2	-2.1588
051e9b48-2d5e-4585-96de-9fae27f59ac7	1	241802527	247646986	2955	0.1698
051e9b48-2d5e-4585-96de-9fae27f59ac7	1	247649129	247650984	3	-0.3352
051e9b48-2d5e-4585-96de-9fae27f59ac7	2	480597	9871488	5827	-0.133
051e9b48-2d5e-4585-96de-9fae27f59ac7	2	9872399	10116571	146	0.1645
051e9b48-2d5e-4585-96de-9fae27f59ac7	2	10125726	10749097	455	-0.1036
051e9b48-2d5e-4585-96de-9fae27f59ac7	2	10749427	10797283	40	0.2753
051e9b48-2d5e-4585-96de-9fae27f59ac7	2	10798964	11364665	377	-0.1533
051e9b48-2d5e-4585-96de-9fae27f59ac7	2	11369340	11623053	176	0.1703
051e9b48-2d5e-4585-96de-9fae27f59ac7	2	11626206	24037323	8326	-0.1367
051e9b48-2d5e-4585-96de-9fae27f59ac7	2	24040710	24885328	391	0.1167
051e9b48-2d5e-4585-96de-9fae27f59ac7	2	24885781	26268493	602	-0.1293
051e9b48-2d5e-4585-96de-9fae27f59ac7	2	26270215	27729539	659	0.1763
051e9b48-2d5e-4585-96de-9fae27f59ac7	2	27729901	27819761	39	0.6637
051e9b48-2d5e-4585-96de-9fae27f59ac7	2	27823161	27839112	10	-0.0092
051e9b48-2d5e-4585-96de-9fae27f59ac7	2	27839529	27930993	48	0.4135
051e9b48-2d5e-4585-96de-9fae27f59ac7	2	27939688	28303339	208	0.1597
051e9b48-2d5e-4585-96de-9fae27f59ac7	2	28305402	28559397	170	0.4294
051e9b48-2d5e-4585-96de-9fae27f59ac7	2	28561843	28654719	69	0.9738
051e9b48-2d5e-4585-96de-9fae27f59ac7	2	28669902	39788169	5970	0.193
051e9b48-2d5e-4585-96de-9fae27f59ac7	2	39793594	40351563	355	0.0906
051e9b48-2d5e-4585-96de-9fae27f59ac7	2	40353778	41565133	655	0.2065
051e9b48-2d5e-4585-96de-9fae27f59ac7	2	41565705	41712732	122	-0.133
051e9b48-2d5e-4585-96de-9fae27f59ac7	2	41714360	42828845	755	0.1861
051e9b48-2d5e-4585-96de-9fae27f59ac7	2	42829610	43119591	224	0.5992
051e9b48-2d5e-4585-96de-9fae27f59ac7	2	43119650	43202667	59	0.3701
051e9b48-2d5e-4585-96de-9fae27f59ac7	2	43203686	43282796	39	0.7918
051e9b48-2d5e-4585-96de-9fae27f59ac7	2	43285104	43459444	65	0.3439
051e9b48-2d5e-4585-96de-9fae27f59ac7	2	43460014	43528646	36	0.501
051e9b48-2d5e-4585-96de-9fae27f59ac7	2	43529683	45494550	1281	0.182
051e9b48-2d5e-4585-96de-9fae27f59ac7	2	45496949	45836081	275	0.4377
051e9b48-2d5e-4585-96de-9fae27f59ac7	2	45836975	46444281	529	0.1922
051e9b48-2d5e-4585-96de-9fae27f59ac7	2	46444581	46701027	221	0.3982
051e9b48-2d5e-4585-96de-9fae27f59ac7	2	46703476	46973960	182	0.1709
051e9b48-2d5e-4585-96de-9fae27f59ac7	2	46976518	47814672	476	0.3856
051e9b48-2d5e-4585-96de-9fae27f59ac7	2	47815090	59951207	6651	0.1921
051e9b48-2d5e-4585-96de-9fae27f59ac7	2	59953528	60624285	457	0.4544
051e9b48-2d5e-4585-96de-9fae27f59ac7	2	60626804	71185992	6251	0.1715
051e9b48-2d5e-4585-96de-9fae27f59ac7	2	71186545	71754909	331	0.4482
051e9b48-2d5e-4585-96de-9fae27f59ac7	2	71755325	73599990	827	0.1849
051e9b48-2d5e-4585-96de-9fae27f59ac7	2	73602062	74033026	199	0.4115
051e9b48-2d5e-4585-96de-9fae27f59ac7	2	74033523	86030945	6570	0.1938
051e9b48-2d5e-4585-96de-9fae27f59ac7	2	86033969	101929915	3879	0.1541
051e9b48-2d5e-4585-96de-9fae27f59ac7	2	101932865	101981656	30	0.4038
051e9b48-2d5e-4585-96de-9fae27f59ac7	2	101982099	102087541	58	0.6307
051e9b48-2d5e-4585-96de-9fae27f59ac7	2	102091381	102245489	118	0.3897
051e9b48-2d5e-4585-96de-9fae27f59ac7	2	102246181	136149866	17232	0.1849
051e9b48-2d5e-4585-96de-9fae27f59ac7	2	136152703	136342379	135	0.4233
051e9b48-2d5e-4585-96de-9fae27f59ac7	2	136342777	136529370	173	0.2054
051e9b48-2d5e-4585-96de-9fae27f59ac7	2	136531553	136681650	113	-0.155
051e9b48-2d5e-4585-96de-9fae27f59ac7	2	136682741	140189908	1711	0.1912
051e9b48-2d5e-4585-96de-9fae27f59ac7	2	140190571	140278543	52	-0.1965
051e9b48-2d5e-4585-96de-9fae27f59ac7	2	140279215	140917542	372	0.2031
051e9b48-2d5e-4585-96de-9fae27f59ac7	2	140921471	141053937	108	-0.1232
051e9b48-2d5e-4585-96de-9fae27f59ac7	2	141054195	141476596	271	0.2047
051e9b48-2d5e-4585-96de-9fae27f59ac7	2	141477512	141477527	2	-1.2704
051e9b48-2d5e-4585-96de-9fae27f59ac7	2	141477739	158749005	10027	0.1895
051e9b48-2d5e-4585-96de-9fae27f59ac7	2	158751035	159264258	333	0.4476
051e9b48-2d5e-4585-96de-9fae27f59ac7	2	159266512	177296203	10979	0.1976
051e9b48-2d5e-4585-96de-9fae27f59ac7	2	177296449	178018466	435	0.4378
051e9b48-2d5e-4585-96de-9fae27f59ac7	2	178021325	189987279	6124	0.2084
051e9b48-2d5e-4585-96de-9fae27f59ac7	2	189988801	190035148	27	0.4721
051e9b48-2d5e-4585-96de-9fae27f59ac7	2	190036237	190124049	53	0.7906
051e9b48-2d5e-4585-96de-9fae27f59ac7	2	190124500	190223699	62	0.4835
051e9b48-2d5e-4585-96de-9fae27f59ac7	2	190228489	190366732	72	0.1521
051e9b48-2d5e-4585-96de-9fae27f59ac7	2	190367405	190423345	36	0.5096
051e9b48-2d5e-4585-96de-9fae27f59ac7	2	190430201	200112674	4790	0.1983
051e9b48-2d5e-4585-96de-9fae27f59ac7	2	200118182	212242556	7090	-0.1384
051e9b48-2d5e-4585-96de-9fae27f59ac7	2	212251908	212574757	184	-0.6634
051e9b48-2d5e-4585-96de-9fae27f59ac7	2	212578892	231987790	11922	-0.1349
051e9b48-2d5e-4585-96de-9fae27f59ac7	2	231992517	241537572	5785	-0.588
051e9b48-2d5e-4585-96de-9fae27f59ac7	3	2170634	4662952	1402	0.1533
051e9b48-2d5e-4585-96de-9fae27f59ac7	3	4665661	4671478	9	0.4889
051e9b48-2d5e-4585-96de-9fae27f59ac7	3	4671820	4674988	5	0.8889
051e9b48-2d5e-4585-96de-9fae27f59ac7	3	4675127	4758264	77	0.3961
051e9b48-2d5e-4585-96de-9fae27f59ac7	3	4758866	4816855	56	0.6971
051e9b48-2d5e-4585-96de-9fae27f59ac7	3	4817179	5013455	138	0.417
051e9b48-2d5e-4585-96de-9fae27f59ac7	3	5116914	8780118	2124	0.1787
051e9b48-2d5e-4585-96de-9fae27f59ac7	3	8825517	8885680	59	0.4607
051e9b48-2d5e-4585-96de-9fae27f59ac7	3	8889873	9532680	476	0.1795
051e9b48-2d5e-4585-96de-9fae27f59ac7	3	9541451	9559089	6	-0.2175
051e9b48-2d5e-4585-96de-9fae27f59ac7	3	9570847	10266642	266	0.3967
051e9b48-2d5e-4585-96de-9fae27f59ac7	3	10267088	14434949	2871	0.1558
051e9b48-2d5e-4585-96de-9fae27f59ac7	3	14434989	15186008	489	0.3874
051e9b48-2d5e-4585-96de-9fae27f59ac7	3	15195373	33314447	10775	0.1862
051e9b48-2d5e-4585-96de-9fae27f59ac7	3	33317714	33754006	202	0.4105
051e9b48-2d5e-4585-96de-9fae27f59ac7	3	33764069	46853886	7773	0.1884
051e9b48-2d5e-4585-96de-9fae27f59ac7	3	46854878	47585627	284	0.6217
051e9b48-2d5e-4585-96de-9fae27f59ac7	3	47589704	48031231	187	0.3821
051e9b48-2d5e-4585-96de-9fae27f59ac7	3	48034001	48236579	78	0.8523
051e9b48-2d5e-4585-96de-9fae27f59ac7	3	48241004	48329279	37	0.4337
051e9b48-2d5e-4585-96de-9fae27f59ac7	3	48332995	49103683	279	0.1839
051e9b48-2d5e-4585-96de-9fae27f59ac7	3	49108427	49413113	106	0.4358
051e9b48-2d5e-4585-96de-9fae27f59ac7	3	49413431	49812620	135	0.7249
051e9b48-2d5e-4585-96de-9fae27f59ac7	3	49814408	50028356	81	0.4491
051e9b48-2d5e-4585-96de-9fae27f59ac7	3	50030730	50293556	107	0.184
051e9b48-2d5e-4585-96de-9fae27f59ac7	3	50296319	51669048	604	-0.1128
051e9b48-2d5e-4585-96de-9fae27f59ac7	3	51669593	52264970	218	0.2213
051e9b48-2d5e-4585-96de-9fae27f59ac7	3	52269846	52402408	43	-0.1876
051e9b48-2d5e-4585-96de-9fae27f59ac7	3	52407590	52447311	13	0.495
051e9b48-2d5e-4585-96de-9fae27f59ac7	3	52452016	52523433	31	-0.1199
051e9b48-2d5e-4585-96de-9fae27f59ac7	3	52526974	53116180	318	-0.5731
051e9b48-2d5e-4585-96de-9fae27f59ac7	3	53116272	57065532	2860	-0.1254
051e9b48-2d5e-4585-96de-9fae27f59ac7	3	57065840	57146302	54	0.1976
051e9b48-2d5e-4585-96de-9fae27f59ac7	3	57146374	66452783	5643	-0.1246
051e9b48-2d5e-4585-96de-9fae27f59ac7	3	66453234	66788497	253	0.2062
051e9b48-2d5e-4585-96de-9fae27f59ac7	3	66788562	91462299	13251	-0.1238
051e9b48-2d5e-4585-96de-9fae27f59ac7	3	94015345	107871511	7526	0.2186
051e9b48-2d5e-4585-96de-9fae27f59ac7	3	107873187	107900538	20	0.7224
051e9b48-2d5e-4585-96de-9fae27f59ac7	3	107900958	108038279	158	1.0814
051e9b48-2d5e-4585-96de-9fae27f59ac7	3	108038332	108549661	314	0.6723
051e9b48-2d5e-4585-96de-9fae27f59ac7	3	108554649	116213059	4205	0.2745
051e9b48-2d5e-4585-96de-9fae27f59ac7	3	116221900	116298889	60	-0.1373
051e9b48-2d5e-4585-96de-9fae27f59ac7	3	116300499	116471110	162	-0.5575
051e9b48-2d5e-4585-96de-9fae27f59ac7	3	116479045	116544790	39	-0.0823
051e9b48-2d5e-4585-96de-9fae27f59ac7	3	116546195	116573772	33	-0.6813
051e9b48-2d5e-4585-96de-9fae27f59ac7	3	116578307	116829116	229	-0.0967
051e9b48-2d5e-4585-96de-9fae27f59ac7	3	116833757	117052404	155	-0.6274
051e9b48-2d5e-4585-96de-9fae27f59ac7	3	117055504	117123947	70	0.0082
051e9b48-2d5e-4585-96de-9fae27f59ac7	3	117124012	117127060	5	-0.812
051e9b48-2d5e-4585-96de-9fae27f59ac7	3	117129172	117161837	29	0.0208
051e9b48-2d5e-4585-96de-9fae27f59ac7	3	117162867	117438449	193	-0.4008
051e9b48-2d5e-4585-96de-9fae27f59ac7	3	117438669	117615704	137	-0.0384
051e9b48-2d5e-4585-96de-9fae27f59ac7	3	117616473	117882149	179	0.0159
051e9b48-2d5e-4585-96de-9fae27f59ac7	3	117883599	118073629	130	0.2495
051e9b48-2d5e-4585-96de-9fae27f59ac7	3	118080907	132178059	7940	0.2774
051e9b48-2d5e-4585-96de-9fae27f59ac7	3	132178376	132438082	192	0.5461
051e9b48-2d5e-4585-96de-9fae27f59ac7	3	132438367	168827342	18975	0.3054
051e9b48-2d5e-4585-96de-9fae27f59ac7	3	168838732	168975301	91	0.5822
051e9b48-2d5e-4585-96de-9fae27f59ac7	3	168975855	172522521	2045	0.3037
051e9b48-2d5e-4585-96de-9fae27f59ac7	3	172523097	172733098	147	0.7387
051e9b48-2d5e-4585-96de-9fae27f59ac7	3	172733651	175040973	1157	0.3221
051e9b48-2d5e-4585-96de-9fae27f59ac7	3	175041544	175205736	108	0.085
051e9b48-2d5e-4585-96de-9fae27f59ac7	3	175206051	184466158	4264	0.3046
051e9b48-2d5e-4585-96de-9fae27f59ac7	3	184466806	184531697	37	0.5784
051e9b48-2d5e-4585-96de-9fae27f59ac7	3	184539160	184608754	31	0.9823
051e9b48-2d5e-4585-96de-9fae27f59ac7	3	184609076	184761828	71	0.5357
051e9b48-2d5e-4585-96de-9fae27f59ac7	3	184763550	184889490	72	0.4246
051e9b48-2d5e-4585-96de-9fae27f59ac7	3	184889793	188865351	2704	0.1863
051e9b48-2d5e-4585-96de-9fae27f59ac7	3	188868015	189010473	109	0.4848
051e9b48-2d5e-4585-96de-9fae27f59ac7	3	189027918	189219462	114	0.7606
051e9b48-2d5e-4585-96de-9fae27f59ac7	3	189221096	189388992	124	0.5053
051e9b48-2d5e-4585-96de-9fae27f59ac7	3	189392877	190596375	864	0.218
051e9b48-2d5e-4585-96de-9fae27f59ac7	3	190599954	190665806	43	0.5013
051e9b48-2d5e-4585-96de-9fae27f59ac7	3	190680165	190796188	79	0.7627
051e9b48-2d5e-4585-96de-9fae27f59ac7	3	190802064	190832883	38	0.4289
051e9b48-2d5e-4585-96de-9fae27f59ac7	3	190832904	197812401	3083	0.2018
051e9b48-2d5e-4585-96de-9fae27f59ac7	4	1059384	1082261	20	0.7875
051e9b48-2d5e-4585-96de-9fae27f59ac7	4	1085738	1510711	118	0.385
051e9b48-2d5e-4585-96de-9fae27f59ac7	4	1517595	8058555	3851	0.1417
051e9b48-2d5e-4585-96de-9fae27f59ac7	4	8060355	9996177	583	-0.0853
051e9b48-2d5e-4585-96de-9fae27f59ac7	4	9997837	10080840	71	0.2242
051e9b48-2d5e-4585-96de-9fae27f59ac7	4	10084564	12701233	2020	-0.1185
051e9b48-2d5e-4585-96de-9fae27f59ac7	4	12706566	12804256	81	-0.5989
051e9b48-2d5e-4585-96de-9fae27f59ac7	4	12808538	15383157	1932	-0.1256
051e9b48-2d5e-4585-96de-9fae27f59ac7	4	15385602	16039996	498	0.2011
051e9b48-2d5e-4585-96de-9fae27f59ac7	4	16040833	19109331	2077	-0.1244
051e9b48-2d5e-4585-96de-9fae27f59ac7	4	19109870	19469637	236	-0.5908
051e9b48-2d5e-4585-96de-9fae27f59ac7	4	19476622	20390298	494	-0.1234
051e9b48-2d5e-4585-96de-9fae27f59ac7	4	20392747	20774957	226	-0.57
051e9b48-2d5e-4585-96de-9fae27f59ac7	4	20775913	20785454	8	-1.437
051e9b48-2d5e-4585-96de-9fae27f59ac7	4	20786400	21233343	347	-0.6215
051e9b48-2d5e-4585-96de-9fae27f59ac7	4	21235099	21780832	411	-0.1038
051e9b48-2d5e-4585-96de-9fae27f59ac7	4	21780996	22119775	232	0.2098
051e9b48-2d5e-4585-96de-9fae27f59ac7	4	22124518	39391069	10740	-0.1209
051e9b48-2d5e-4585-96de-9fae27f59ac7	4	39393133	40266160	357	0.19
051e9b48-2d5e-4585-96de-9fae27f59ac7	4	40268863	40308320	24	0.6412
051e9b48-2d5e-4585-96de-9fae27f59ac7	4	40311122	40613082	189	0.1909
051e9b48-2d5e-4585-96de-9fae27f59ac7	4	40617178	60298716	9168	-0.1288
051e9b48-2d5e-4585-96de-9fae27f59ac7	4	60299672	60354994	46	-0.5916
051e9b48-2d5e-4585-96de-9fae27f59ac7	4	60358781	77126120	8783	-0.126
051e9b48-2d5e-4585-96de-9fae27f59ac7	4	77129386	77200325	51	0.1703
051e9b48-2d5e-4585-96de-9fae27f59ac7	4	77202421	79259921	1331	-0.1044
051e9b48-2d5e-4585-96de-9fae27f59ac7	4	79262617	79287328	18	0.3692
051e9b48-2d5e-4585-96de-9fae27f59ac7	4	79291793	79296908	5	-0.0871
051e9b48-2d5e-4585-96de-9fae27f59ac7	4	79298706	79328739	14	0.2517
051e9b48-2d5e-4585-96de-9fae27f59ac7	4	79330658	91017021	6915	-0.1191
051e9b48-2d5e-4585-96de-9fae27f59ac7	4	91017241	91017501	3	-1.5542
051e9b48-2d5e-4585-96de-9fae27f59ac7	4	91017586	92111071	526	-0.1248
051e9b48-2d5e-4585-96de-9fae27f59ac7	4	92114603	92224347	44	0.2637
051e9b48-2d5e-4585-96de-9fae27f59ac7	4	92224576	93742721	690	-0.1165
051e9b48-2d5e-4585-96de-9fae27f59ac7	4	93745212	93807929	54	0.2794
051e9b48-2d5e-4585-96de-9fae27f59ac7	4	93808468	94207627	228	-0.0615
051e9b48-2d5e-4585-96de-9fae27f59ac7	4	94208195	94413101	80	0.3054
051e9b48-2d5e-4585-96de-9fae27f59ac7	4	94415702	94879349	255	0.0354
051e9b48-2d5e-4585-96de-9fae27f59ac7	4	94880993	102798801	4592	-0.1076
051e9b48-2d5e-4585-96de-9fae27f59ac7	4	102798939	103011447	72	0.2219
051e9b48-2d5e-4585-96de-9fae27f59ac7	4	103013032	118942421	8982	-0.107
051e9b48-2d5e-4585-96de-9fae27f59ac7	4	118943230	119094644	120	0.2776
051e9b48-2d5e-4585-96de-9fae27f59ac7	4	119094676	119151120	51	0.6851
051e9b48-2d5e-4585-96de-9fae27f59ac7	4	119151430	139997976	11089	-0.1164
051e9b48-2d5e-4585-96de-9fae27f59ac7	4	139999407	140325438	172	0.443
051e9b48-2d5e-4585-96de-9fae27f59ac7	4	140326602	153141294	7032	-0.1109
051e9b48-2d5e-4585-96de-9fae27f59ac7	4	153144276	153281499	90	0.1426
051e9b48-2d5e-4585-96de-9fae27f59ac7	4	153282113	153505744	73	-0.1311
051e9b48-2d5e-4585-96de-9fae27f59ac7	4	153506960	187842528	18532	-0.5728
051e9b48-2d5e-4585-96de-9fae27f59ac7	5	913983	16893308	10592	0.389
051e9b48-2d5e-4585-96de-9fae27f59ac7	5	16896164	36159203	10393	0.1819
051e9b48-2d5e-4585-96de-9fae27f59ac7	5	36162063	36324846	102	0.4787
051e9b48-2d5e-4585-96de-9fae27f59ac7	5	36335289	36481444	124	0.6214
051e9b48-2d5e-4585-96de-9fae27f59ac7	5	36483856	36829698	251	0.4285
051e9b48-2d5e-4585-96de-9fae27f59ac7	5	36832175	45383300	4684	0.1782
051e9b48-2d5e-4585-96de-9fae27f59ac7	5	50828231	60477652	6120	-0.5839
051e9b48-2d5e-4585-96de-9fae27f59ac7	5	60484886	73430599	6296	-0.5397
051e9b48-2d5e-4585-96de-9fae27f59ac7	5	73433227	73600872	120	-0.0475
051e9b48-2d5e-4585-96de-9fae27f59ac7	5	73605646	75259523	1141	-0.5583
051e9b48-2d5e-4585-96de-9fae27f59ac7	5	75260851	75584065	73	-1.1723
051e9b48-2d5e-4585-96de-9fae27f59ac7	5	75584806	122100901	25340	-0.5355
051e9b48-2d5e-4585-96de-9fae27f59ac7	5	122102207	122215226	58	-0.0624
051e9b48-2d5e-4585-96de-9fae27f59ac7	5	122217024	124295785	1244	-0.5372
051e9b48-2d5e-4585-96de-9fae27f59ac7	5	124296851	125250074	655	-0.099
051e9b48-2d5e-4585-96de-9fae27f59ac7	5	125250195	134583917	5382	-0.536
051e9b48-2d5e-4585-96de-9fae27f59ac7	5	134585313	135007628	171	-0.064
051e9b48-2d5e-4585-96de-9fae27f59ac7	5	135009212	139353229	2655	-0.5159
051e9b48-2d5e-4585-96de-9fae27f59ac7	5	139357228	139538595	46	-0.0836
051e9b48-2d5e-4585-96de-9fae27f59ac7	5	139539897	142504941	1472	-0.4999
051e9b48-2d5e-4585-96de-9fae27f59ac7	5	142506983	142643505	101	-0.0574
051e9b48-2d5e-4585-96de-9fae27f59ac7	5	142644651	149367830	4420	-0.5104
051e9b48-2d5e-4585-96de-9fae27f59ac7	5	149370419	149633219	167	-0.0617
051e9b48-2d5e-4585-96de-9fae27f59ac7	5	149633469	149875260	183	0.527
051e9b48-2d5e-4585-96de-9fae27f59ac7	5	149878594	150017163	76	0.2148
051e9b48-2d5e-4585-96de-9fae27f59ac7	5	150018299	150152392	119	0.5072
051e9b48-2d5e-4585-96de-9fae27f59ac7	5	150152606	150152701	3	-0.0494
051e9b48-2d5e-4585-96de-9fae27f59ac7	5	150153122	154612840	2965	-0.5108
051e9b48-2d5e-4585-96de-9fae27f59ac7	5	154613238	154932485	141	-0.0777
051e9b48-2d5e-4585-96de-9fae27f59ac7	5	154937324	155385800	311	-0.4971
051e9b48-2d5e-4585-96de-9fae27f59ac7	5	155387380	155426943	36	-1.4114
051e9b48-2d5e-4585-96de-9fae27f59ac7	5	155427991	155776271	202	-0.503
051e9b48-2d5e-4585-96de-9fae27f59ac7	5	155777028	155833592	36	-1.0863
051e9b48-2d5e-4585-96de-9fae27f59ac7	5	155833695	155883575	22	-0.5444
051e9b48-2d5e-4585-96de-9fae27f59ac7	5	155883965	156245985	247	-1.3115
051e9b48-2d5e-4585-96de-9fae27f59ac7	5	156253129	156253458	2	-6.9381
051e9b48-2d5e-4585-96de-9fae27f59ac7	5	156254134	161181489	3299	-1.2778
051e9b48-2d5e-4585-96de-9fae27f59ac7	5	161185659	161186749	3	-4.895
051e9b48-2d5e-4585-96de-9fae27f59ac7	5	161186766	174293672	8509	-1.2938
051e9b48-2d5e-4585-96de-9fae27f59ac7	5	174296939	180934240	3247	-0.5172
051e9b48-2d5e-4585-96de-9fae27f59ac7	6	1011760	7176264	4576	0.3885
051e9b48-2d5e-4585-96de-9fae27f59ac7	6	7178306	7293563	70	0.6158
051e9b48-2d5e-4585-96de-9fae27f59ac7	6	7299474	13156650	4119	0.3953
051e9b48-2d5e-4585-96de-9fae27f59ac7	6	13156875	14039778	640	0.5894
051e9b48-2d5e-4585-96de-9fae27f59ac7	6	14040786	30515216	9741	0.3933
051e9b48-2d5e-4585-96de-9fae27f59ac7	6	30544386	30835477	68	0.5731
051e9b48-2d5e-4585-96de-9fae27f59ac7	6	30839281	30919567	19	0.7817
051e9b48-2d5e-4585-96de-9fae27f59ac7	6	30923094	30963282	20	0.5443
051e9b48-2d5e-4585-96de-9fae27f59ac7	6	30971106	33569020	469	0.3411
051e9b48-2d5e-4585-96de-9fae27f59ac7	6	33570025	33827894	177	0.5225
051e9b48-2d5e-4585-96de-9fae27f59ac7	6	33831855	36848115	1555	-0.1807
051e9b48-2d5e-4585-96de-9fae27f59ac7	6	36851447	37021615	157	0.1393
051e9b48-2d5e-4585-96de-9fae27f59ac7	6	37022070	37036020	11	-0.2802
051e9b48-2d5e-4585-96de-9fae27f59ac7	6	37043735	37072225	13	0.2926
051e9b48-2d5e-4585-96de-9fae27f59ac7	6	37072855	42569870	3794	-0.191
051e9b48-2d5e-4585-96de-9fae27f59ac7	6	42573474	42881049	151	0.1491
051e9b48-2d5e-4585-96de-9fae27f59ac7	6	42882204	46895943	2243	-0.1755
051e9b48-2d5e-4585-96de-9fae27f59ac7	6	46897523	47490613	456	0.2328
051e9b48-2d5e-4585-96de-9fae27f59ac7	6	47490812	72090314	11637	-0.1802
051e9b48-2d5e-4585-96de-9fae27f59ac7	6	72090399	73446775	848	-0.3399
051e9b48-2d5e-4585-96de-9fae27f59ac7	6	73457683	73915232	290	0.038
051e9b48-2d5e-4585-96de-9fae27f59ac7	6	73915306	74253436	142	-0.4687
051e9b48-2d5e-4585-96de-9fae27f59ac7	6	74253639	74839450	409	-0.0294
051e9b48-2d5e-4585-96de-9fae27f59ac7	6	74839836	75122372	177	-0.2892
051e9b48-2d5e-4585-96de-9fae27f59ac7	6	75124532	75129136	6	0.0953
051e9b48-2d5e-4585-96de-9fae27f59ac7	6	75129181	110727374	19843	-0.4604
051e9b48-2d5e-4585-96de-9fae27f59ac7	6	110727430	110762347	22	-1.2319
051e9b48-2d5e-4585-96de-9fae27f59ac7	6	110768170	129055704	10214	-0.4498
051e9b48-2d5e-4585-96de-9fae27f59ac7	6	129056075	129058058	2	-2.5185
051e9b48-2d5e-4585-96de-9fae27f59ac7	6	129059170	132645937	2426	-0.4578
051e9b48-2d5e-4585-96de-9fae27f59ac7	6	132647236	133057310	294	-0.9926
051e9b48-2d5e-4585-96de-9fae27f59ac7	6	133057457	135244370	1528	-0.4646
051e9b48-2d5e-4585-96de-9fae27f59ac7	6	135248678	135264832	19	0.018
051e9b48-2d5e-4585-96de-9fae27f59ac7	6	135266481	136242841	667	-0.4785
051e9b48-2d5e-4585-96de-9fae27f59ac7	6	136244292	136280350	18	-1.1155
051e9b48-2d5e-4585-96de-9fae27f59ac7	6	136286317	151529989	9332	-0.4483
051e9b48-2d5e-4585-96de-9fae27f59ac7	6	151530204	151578401	30	0.1952
051e9b48-2d5e-4585-96de-9fae27f59ac7	6	151583350	151888300	263	0.6772
051e9b48-2d5e-4585-96de-9fae27f59ac7	6	151903601	152178742	238	0.2633
051e9b48-2d5e-4585-96de-9fae27f59ac7	6	152186642	152390284	150	-0.0735
051e9b48-2d5e-4585-96de-9fae27f59ac7	6	152391167	152575675	147	-0.4797
051e9b48-2d5e-4585-96de-9fae27f59ac7	6	152579039	154272022	1225	-0.1694
051e9b48-2d5e-4585-96de-9fae27f59ac7	6	154272227	155287896	622	-0.4447
051e9b48-2d5e-4585-96de-9fae27f59ac7	6	155288154	155794919	357	-0.1747
051e9b48-2d5e-4585-96de-9fae27f59ac7	6	155795766	170596889	7984	-0.4575
051e9b48-2d5e-4585-96de-9fae27f59ac7	7	664936	709285	11	0.5813
051e9b48-2d5e-4585-96de-9fae27f59ac7	7	716986	6149267	2053	0.2476
051e9b48-2d5e-4585-96de-9fae27f59ac7	7	6152264	6286780	52	0.5842
051e9b48-2d5e-4585-96de-9fae27f59ac7	7	6286824	30936366	14779	0.2598
051e9b48-2d5e-4585-96de-9fae27f59ac7	7	30941404	31186145	152	0.5321
051e9b48-2d5e-4585-96de-9fae27f59ac7	7	31189034	33520827	1558	0.2885
051e9b48-2d5e-4585-96de-9fae27f59ac7	7	33521676	46973197	8436	0.2415
051e9b48-2d5e-4585-96de-9fae27f59ac7	7	46973499	47233653	222	0.2886
051e9b48-2d5e-4585-96de-9fae27f59ac7	7	47237143	47486533	188	0.4395
051e9b48-2d5e-4585-96de-9fae27f59ac7	7	47487331	47932102	312	0.5922
051e9b48-2d5e-4585-96de-9fae27f59ac7	7	47932269	48053291	76	0.4554
051e9b48-2d5e-4585-96de-9fae27f59ac7	7	48053295	66681297	6517	0.2529
051e9b48-2d5e-4585-96de-9fae27f59ac7	7	66681718	66858139	65	0.5136
051e9b48-2d5e-4585-96de-9fae27f59ac7	7	66860712	73464468	3346	0.2255
051e9b48-2d5e-4585-96de-9fae27f59ac7	7	73468199	74622905	407	0.5047
051e9b48-2d5e-4585-96de-9fae27f59ac7	7	74623568	74727766	38	0.8264
051e9b48-2d5e-4585-96de-9fae27f59ac7	7	74840595	77422173	610	0.4583
051e9b48-2d5e-4585-96de-9fae27f59ac7	7	77422991	77477480	38	0.7735
051e9b48-2d5e-4585-96de-9fae27f59ac7	7	77478060	80264057	1813	0.5025
051e9b48-2d5e-4585-96de-9fae27f59ac7	7	80264545	81006349	487	0.7047
051e9b48-2d5e-4585-96de-9fae27f59ac7	7	81014834	91679178	5140	0.5042
051e9b48-2d5e-4585-96de-9fae27f59ac7	7	91679476	92861967	758	0.628
051e9b48-2d5e-4585-96de-9fae27f59ac7	7	92862070	102945855	4850	0.4874
051e9b48-2d5e-4585-96de-9fae27f59ac7	7	102952063	103515582	231	0.7111
051e9b48-2d5e-4585-96de-9fae27f59ac7	7	103515807	105312937	1231	0.4876
051e9b48-2d5e-4585-96de-9fae27f59ac7	7	105314716	105685709	105	0.6745
051e9b48-2d5e-4585-96de-9fae27f59ac7	7	105685795	107993131	1467	0.4624
051e9b48-2d5e-4585-96de-9fae27f59ac7	7	107993511	108297033	86	0.711
051e9b48-2d5e-4585-96de-9fae27f59ac7	7	108299295	129848103	11392	0.4847
051e9b48-2d5e-4585-96de-9fae27f59ac7	7	129852647	130093862	109	0.9068
051e9b48-2d5e-4585-96de-9fae27f59ac7	7	130098544	131102689	518	0.668
051e9b48-2d5e-4585-96de-9fae27f59ac7	7	131111262	131713757	388	0.7721
051e9b48-2d5e-4585-96de-9fae27f59ac7	7	131713969	135130239	2142	0.6754
051e9b48-2d5e-4585-96de-9fae27f59ac7	7	135135963	135306662	145	0.9359
051e9b48-2d5e-4585-96de-9fae27f59ac7	7	135306935	135723069	234	0.731
051e9b48-2d5e-4585-96de-9fae27f59ac7	7	135724915	135900434	99	1.0112
051e9b48-2d5e-4585-96de-9fae27f59ac7	7	135904816	158592540	11939	0.6792
051e9b48-2d5e-4585-96de-9fae27f59ac7	8	667625	4071646	1792	-0.5769
051e9b48-2d5e-4585-96de-9fae27f59ac7	8	4072273	4088316	2	-2.6398
051e9b48-2d5e-4585-96de-9fae27f59ac7	8	4088664	4255431	103	-0.6154
051e9b48-2d5e-4585-96de-9fae27f59ac7	8	4255522	4255970	2	-2.5507
051e9b48-2d5e-4585-96de-9fae27f59ac7	8	4256934	6968014	1343	-0.583
051e9b48-2d5e-4585-96de-9fae27f59ac7	8	8398802	8818980	359	-0.1121
051e9b48-2d5e-4585-96de-9fae27f59ac7	8	8819644	12704441	1652	-0.576
051e9b48-2d5e-4585-96de-9fae27f59ac7	8	12704946	23010756	7691	-0.1382
051e9b48-2d5e-4585-96de-9fae27f59ac7	8	23016020	23212205	81	0.1466
051e9b48-2d5e-4585-96de-9fae27f59ac7	8	23216785	27566072	3092	-0.1388
051e9b48-2d5e-4585-96de-9fae27f59ac7	8	27566328	27674424	75	0.2474
051e9b48-2d5e-4585-96de-9fae27f59ac7	8	27679399	28002460	266	-0.0877
051e9b48-2d5e-4585-96de-9fae27f59ac7	8	28006099	28551648	398	0.1723
051e9b48-2d5e-4585-96de-9fae27f59ac7	8	28554946	28621517	44	0.478
051e9b48-2d5e-4585-96de-9fae27f59ac7	8	28623951	28695752	36	0.2246
051e9b48-2d5e-4585-96de-9fae27f59ac7	8	28700110	29578821	496	-0.1689
051e9b48-2d5e-4585-96de-9fae27f59ac7	8	29582129	49843076	9178	0.1874
051e9b48-2d5e-4585-96de-9fae27f59ac7	8	49843245	53861176	2304	0.2863
051e9b48-2d5e-4585-96de-9fae27f59ac7	8	53863603	54120121	121	0.4621
051e9b48-2d5e-4585-96de-9fae27f59ac7	8	54122452	54296202	102	0.8299
051e9b48-2d5e-4585-96de-9fae27f59ac7	8	54296224	54374416	60	1.1012
051e9b48-2d5e-4585-96de-9fae27f59ac7	8	54377027	54411098	31	0.8431
051e9b48-2d5e-4585-96de-9fae27f59ac7	8	54411363	54469507	55	0.5149
051e9b48-2d5e-4585-96de-9fae27f59ac7	8	54471653	59727931	3273	0.2812
051e9b48-2d5e-4585-96de-9fae27f59ac7	8	59728360	59741517	3	-0.9082
051e9b48-2d5e-4585-96de-9fae27f59ac7	8	59741702	60382551	399	0.2847
051e9b48-2d5e-4585-96de-9fae27f59ac7	8	60383251	60832841	267	0.4997
051e9b48-2d5e-4585-96de-9fae27f59ac7	8	60833077	66452698	3255	0.2748
051e9b48-2d5e-4585-96de-9fae27f59ac7	8	66456301	66628422	84	0.5027
051e9b48-2d5e-4585-96de-9fae27f59ac7	8	66630453	68848248	1232	0.2689
051e9b48-2d5e-4585-96de-9fae27f59ac7	8	68855679	69009956	87	0.5402
051e9b48-2d5e-4585-96de-9fae27f59ac7	8	69010884	69200698	141	0.3296
051e9b48-2d5e-4585-96de-9fae27f59ac7	8	69202848	69209296	2	-1.1802
051e9b48-2d5e-4585-96de-9fae27f59ac7	8	69212333	93783524	13820	0.2501
051e9b48-2d5e-4585-96de-9fae27f59ac7	8	93787197	94033264	156	0.4709
051e9b48-2d5e-4585-96de-9fae27f59ac7	8	94033456	95705746	1074	0.2497
051e9b48-2d5e-4585-96de-9fae27f59ac7	8	95707076	101902092	3684	0.2105
051e9b48-2d5e-4585-96de-9fae27f59ac7	8	101902248	102019955	58	0.4576
051e9b48-2d5e-4585-96de-9fae27f59ac7	8	102023317	102187145	130	0.6487
051e9b48-2d5e-4585-96de-9fae27f59ac7	8	102187808	102284095	50	0.46
051e9b48-2d5e-4585-96de-9fae27f59ac7	8	102286526	109177251	3707	0.247
051e9b48-2d5e-4585-96de-9fae27f59ac7	8	109177954	109358002	90	0.4396
051e9b48-2d5e-4585-96de-9fae27f59ac7	8	109362002	109442776	36	0.7438
051e9b48-2d5e-4585-96de-9fae27f59ac7	8	109443092	109570533	82	0.4882
051e9b48-2d5e-4585-96de-9fae27f59ac7	8	109571381	116123271	3378	0.2709
051e9b48-2d5e-4585-96de-9fae27f59ac7	8	116123304	116270439	86	0.5066
051e9b48-2d5e-4585-96de-9fae27f59ac7	8	116275396	119970059	2612	0.2755
051e9b48-2d5e-4585-96de-9fae27f59ac7	8	119991712	120276210	195	0.8743
051e9b48-2d5e-4585-96de-9fae27f59ac7	8	120277636	127880010	5120	0.492
051e9b48-2d5e-4585-96de-9fae27f59ac7	8	127883712	128953334	761	0.6908
051e9b48-2d5e-4585-96de-9fae27f59ac7	8	128954292	130328087	866	0.4972
051e9b48-2d5e-4585-96de-9fae27f59ac7	8	130330432	130680024	230	0.754
051e9b48-2d5e-4585-96de-9fae27f59ac7	8	130680276	134237829	2850	0.5004
051e9b48-2d5e-4585-96de-9fae27f59ac7	8	134238631	134428348	146	0.83
051e9b48-2d5e-4585-96de-9fae27f59ac7	8	134428384	143496578	4970	0.5069
051e9b48-2d5e-4585-96de-9fae27f59ac7	8	143497072	143554629	15	1.1297
051e9b48-2d5e-4585-96de-9fae27f59ac7	8	143555238	144182542	135	0.6382
051e9b48-2d5e-4585-96de-9fae27f59ac7	9	789794	16730870	9667	0.4112
051e9b48-2d5e-4585-96de-9fae27f59ac7	9	16731557	17210041	380	0.6421
051e9b48-2d5e-4585-96de-9fae27f59ac7	9	17210515	38752071	13570	0.4056
051e9b48-2d5e-4585-96de-9fae27f59ac7	9	68423153	70230252	1403	-0.5532
051e9b48-2d5e-4585-96de-9fae27f59ac7	9	70242479	70621879	278	-0.1425
051e9b48-2d5e-4585-96de-9fae27f59ac7	9	70624146	72897134	1546	-0.5513
051e9b48-2d5e-4585-96de-9fae27f59ac7	9	72897211	72897240	2	-2.5634
051e9b48-2d5e-4585-96de-9fae27f59ac7	9	72897384	87993729	10500	-0.5604
051e9b48-2d5e-4585-96de-9fae27f59ac7	9	87994591	88416963	253	-0.1508
051e9b48-2d5e-4585-96de-9fae27f59ac7	9	88420934	90767497	1640	-0.5551
051e9b48-2d5e-4585-96de-9fae27f59ac7	9	90768083	91115179	249	-0.1361
051e9b48-2d5e-4585-96de-9fae27f59ac7	9	91119450	91174310	41	0.2432
051e9b48-2d5e-4585-96de-9fae27f59ac7	9	91174686	91380244	127	-0.1433
051e9b48-2d5e-4585-96de-9fae27f59ac7	9	91380667	92656987	657	-0.5368
051e9b48-2d5e-4585-96de-9fae27f59ac7	9	92658701	92720858	30	-0.104
051e9b48-2d5e-4585-96de-9fae27f59ac7	9	92723919	92878080	90	0.2591
051e9b48-2d5e-4585-96de-9fae27f59ac7	9	92878099	98162997	3232	-0.069
051e9b48-2d5e-4585-96de-9fae27f59ac7	9	98163871	98700464	445	0.0676
051e9b48-2d5e-4585-96de-9fae27f59ac7	9	98700552	111922042	8858	-0.059
051e9b48-2d5e-4585-96de-9fae27f59ac7	9	111922429	112831449	448	0.187
051e9b48-2d5e-4585-96de-9fae27f59ac7	9	112831590	112984840	118	-0.0566
051e9b48-2d5e-4585-96de-9fae27f59ac7	9	112985113	122783383	7009	0.2329
051e9b48-2d5e-4585-96de-9fae27f59ac7	9	122784877	122959326	77	0.5106
051e9b48-2d5e-4585-96de-9fae27f59ac7	9	122964952	127833170	2870	0.2263
051e9b48-2d5e-4585-96de-9fae27f59ac7	9	127835846	127901278	29	0.5164
051e9b48-2d5e-4585-96de-9fae27f59ac7	9	127901485	128159167	146	0.7262
051e9b48-2d5e-4585-96de-9fae27f59ac7	9	128161960	128401565	86	0.5022
051e9b48-2d5e-4585-96de-9fae27f59ac7	9	128415084	129362208	394	-0.5174
051e9b48-2d5e-4585-96de-9fae27f59ac7	9	129368692	129425988	30	-0.1525
051e9b48-2d5e-4585-96de-9fae27f59ac7	9	129429199	129511419	35	-0.4804
051e9b48-2d5e-4585-96de-9fae27f59ac7	9	129512109	129652688	73	-0.1298
051e9b48-2d5e-4585-96de-9fae27f59ac7	9	129660889	136159631	3732	-1.1775
051e9b48-2d5e-4585-96de-9fae27f59ac7	9	136160026	136700383	120	-0.1464
051e9b48-2d5e-4585-96de-9fae27f59ac7	9	136713514	137640575	172	0.179
051e9b48-2d5e-4585-96de-9fae27f59ac7	9	137643966	138044505	184	-0.1998
051e9b48-2d5e-4585-96de-9fae27f59ac7	10	366509	13226140	9188	0.1795
051e9b48-2d5e-4585-96de-9fae27f59ac7	10	13226611	13243565	12	-0.3741
051e9b48-2d5e-4585-96de-9fae27f59ac7	10	13245841	43476025	17687	0.1825
051e9b48-2d5e-4585-96de-9fae27f59ac7	10	43477497	59903879	8529	-0.1232
051e9b48-2d5e-4585-96de-9fae27f59ac7	10	59907508	60122607	180	0.192
051e9b48-2d5e-4585-96de-9fae27f59ac7	10	60122656	71931496	7208	-0.1121
051e9b48-2d5e-4585-96de-9fae27f59ac7	10	71931810	72629212	333	0.1825
051e9b48-2d5e-4585-96de-9fae27f59ac7	10	72645210	73584940	376	-0.1337
051e9b48-2d5e-4585-96de-9fae27f59ac7	10	73589201	73669406	31	0.2205
051e9b48-2d5e-4585-96de-9fae27f59ac7	10	73690961	74999668	573	-0.1414
051e9b48-2d5e-4585-96de-9fae27f59ac7	10	75000849	75128043	79	0.1348
051e9b48-2d5e-4585-96de-9fae27f59ac7	10	75129081	79484771	3309	-0.1108
051e9b48-2d5e-4585-96de-9fae27f59ac7	10	79487437	80312568	42	0.177
051e9b48-2d5e-4585-96de-9fae27f59ac7	10	80319924	86932998	4640	-0.1191
051e9b48-2d5e-4585-96de-9fae27f59ac7	10	86933755	86983270	20	0.6958
051e9b48-2d5e-4585-96de-9fae27f59ac7	10	86983391	88331568	760	-0.1216
051e9b48-2d5e-4585-96de-9fae27f59ac7	10	88331697	88421820	42	0.2351
051e9b48-2d5e-4585-96de-9fae27f59ac7	10	88423345	91548736	2113	-0.1105
051e9b48-2d5e-4585-96de-9fae27f59ac7	10	91551953	92113570	287	0.1889
051e9b48-2d5e-4585-96de-9fae27f59ac7	10	92118012	93236765	383	-0.1405
051e9b48-2d5e-4585-96de-9fae27f59ac7	10	93237771	93775212	427	-0.0217
051e9b48-2d5e-4585-96de-9fae27f59ac7	10	93775483	97546978	2285	-0.1336
051e9b48-2d5e-4585-96de-9fae27f59ac7	10	97547868	97758276	116	0.1703
051e9b48-2d5e-4585-96de-9fae27f59ac7	10	97759816	112197362	8839	-0.1169
051e9b48-2d5e-4585-96de-9fae27f59ac7	10	112198254	112442461	178	0.1991
051e9b48-2d5e-4585-96de-9fae27f59ac7	10	112445335	117220627	3238	-0.0881
051e9b48-2d5e-4585-96de-9fae27f59ac7	10	117223071	117959058	597	0.2862
051e9b48-2d5e-4585-96de-9fae27f59ac7	10	117963799	120360998	1552	-0.0756
051e9b48-2d5e-4585-96de-9fae27f59ac7	10	120361043	120364964	2	-1.693
051e9b48-2d5e-4585-96de-9fae27f59ac7	10	120365083	120900456	506	-0.0655
051e9b48-2d5e-4585-96de-9fae27f59ac7	10	120901261	121550511	672	0.2477
051e9b48-2d5e-4585-96de-9fae27f59ac7	10	121551618	133411599	7129	-0.0689
051e9b48-2d5e-4585-96de-9fae27f59ac7	11	456012	24372123	15498	-0.1768
051e9b48-2d5e-4585-96de-9fae27f59ac7	11	24376183	24810023	330	0.1599
051e9b48-2d5e-4585-96de-9fae27f59ac7	11	24815564	32761075	4987	-0.1717
051e9b48-2d5e-4585-96de-9fae27f59ac7	11	32773889	33280817	246	0.1023
051e9b48-2d5e-4585-96de-9fae27f59ac7	11	33280928	34452008	750	-0.1848
051e9b48-2d5e-4585-96de-9fae27f59ac7	11	34456329	35180263	572	0.4154
051e9b48-2d5e-4585-96de-9fae27f59ac7	11	35184162	46940444	7242	-0.188
051e9b48-2d5e-4585-96de-9fae27f59ac7	11	46944471	47454849	179	0.2152
051e9b48-2d5e-4585-96de-9fae27f59ac7	11	47454976	61072481	3656	-0.1683
051e9b48-2d5e-4585-96de-9fae27f59ac7	11	61072708	61403030	142	0.0836
051e9b48-2d5e-4585-96de-9fae27f59ac7	11	61412256	62286215	475	-0.1777
051e9b48-2d5e-4585-96de-9fae27f59ac7	11	62288216	62321517	26	0.1906
051e9b48-2d5e-4585-96de-9fae27f59ac7	11	62389946	63526653	593	-0.155
051e9b48-2d5e-4585-96de-9fae27f59ac7	11	63527562	64242772	240	0.0998
051e9b48-2d5e-4585-96de-9fae27f59ac7	11	64258382	64333962	21	0.354
051e9b48-2d5e-4585-96de-9fae27f59ac7	11	64336451	64378817	18	0.114
051e9b48-2d5e-4585-96de-9fae27f59ac7	11	64380357	64493630	62	-0.1052
051e9b48-2d5e-4585-96de-9fae27f59ac7	11	64494526	64593233	53	0.064
051e9b48-2d5e-4585-96de-9fae27f59ac7	11	64613010	66835990	442	-0.1689
051e9b48-2d5e-4585-96de-9fae27f59ac7	11	66841050	66993992	54	0.1455
051e9b48-2d5e-4585-96de-9fae27f59ac7	11	66999239	67232206	90	0.387
051e9b48-2d5e-4585-96de-9fae27f59ac7	11	67235918	69832031	1096	0.1406
051e9b48-2d5e-4585-96de-9fae27f59ac7	11	69832611	70051256	104	0.4817
051e9b48-2d5e-4585-96de-9fae27f59ac7	11	70052141	73181326	1505	0.1448
051e9b48-2d5e-4585-96de-9fae27f59ac7	11	73183228	73980729	392	0.4538
051e9b48-2d5e-4585-96de-9fae27f59ac7	11	73983709	102660274	17805	0.1617
051e9b48-2d5e-4585-96de-9fae27f59ac7	11	102661876	103007280	260	0.6473
051e9b48-2d5e-4585-96de-9fae27f59ac7	11	103009269	113799330	6499	0.1662
051e9b48-2d5e-4585-96de-9fae27f59ac7	11	113800784	114597047	618	0.4283
051e9b48-2d5e-4585-96de-9fae27f59ac7	11	114609758	118047829	2452	0.1461
051e9b48-2d5e-4585-96de-9fae27f59ac7	11	118047987	118736289	538	0.5955
051e9b48-2d5e-4585-96de-9fae27f59ac7	11	118736969	118828905	44	0.1282
051e9b48-2d5e-4585-96de-9fae27f59ac7	11	118832483	119033197	88	0.3904
051e9b48-2d5e-4585-96de-9fae27f59ac7	11	119035263	121192151	1492	0.156
051e9b48-2d5e-4585-96de-9fae27f59ac7	11	121193235	121209740	17	0.5794
051e9b48-2d5e-4585-96de-9fae27f59ac7	11	121211981	121284361	57	0.3239
051e9b48-2d5e-4585-96de-9fae27f59ac7	11	121284416	121432497	102	0.5642
051e9b48-2d5e-4585-96de-9fae27f59ac7	11	121434968	122813647	978	0.1475
051e9b48-2d5e-4585-96de-9fae27f59ac7	11	122813889	122980447	129	0.4253
051e9b48-2d5e-4585-96de-9fae27f59ac7	11	122985492	129735275	4979	0.1576
051e9b48-2d5e-4585-96de-9fae27f59ac7	11	129742064	130305176	318	0.4313
051e9b48-2d5e-4585-96de-9fae27f59ac7	11	130307806	130909173	314	0.1578
051e9b48-2d5e-4585-96de-9fae27f59ac7	11	130909589	130915310	2	-1.1666
051e9b48-2d5e-4585-96de-9fae27f59ac7	11	130921347	134272740	2159	0.1596
051e9b48-2d5e-4585-96de-9fae27f59ac7	12	780472	6184360	3467	0.1783
051e9b48-2d5e-4585-96de-9fae27f59ac7	12	6188327	6307934	74	0.4231
051e9b48-2d5e-4585-96de-9fae27f59ac7	12	6317022	10741393	1909	0.1717
051e9b48-2d5e-4585-96de-9fae27f59ac7	12	10742064	10811574	46	0.4861
051e9b48-2d5e-4585-96de-9fae27f59ac7	12	10813216	11515519	227	0.1835
051e9b48-2d5e-4585-96de-9fae27f59ac7	12	11520094	12258030	642	0.4511
051e9b48-2d5e-4585-96de-9fae27f59ac7	12	12262763	24326448	7543	0.1963
051e9b48-2d5e-4585-96de-9fae27f59ac7	12	24327340	24402688	64	0.4353
051e9b48-2d5e-4585-96de-9fae27f59ac7	12	24402738	26058702	1080	0.1858
051e9b48-2d5e-4585-96de-9fae27f59ac7	12	26058739	26152270	69	0.5552
051e9b48-2d5e-4585-96de-9fae27f59ac7	12	26153289	39334892	4879	0.1885
051e9b48-2d5e-4585-96de-9fae27f59ac7	12	39338193	39410139	35	-0.2013
051e9b48-2d5e-4585-96de-9fae27f59ac7	12	39412297	39733356	121	0.2111
051e9b48-2d5e-4585-96de-9fae27f59ac7	12	39733876	40160214	306	0.2644
051e9b48-2d5e-4585-96de-9fae27f59ac7	12	40160230	40161249	8	-0.3771
051e9b48-2d5e-4585-96de-9fae27f59ac7	12	40161354	43487166	1814	0.2585
051e9b48-2d5e-4585-96de-9fae27f59ac7	12	43488353	43532310	34	-0.1098
051e9b48-2d5e-4585-96de-9fae27f59ac7	12	43532329	45601513	1152	0.2597
051e9b48-2d5e-4585-96de-9fae27f59ac7	12	45603270	51808240	3250	-0.0717
051e9b48-2d5e-4585-96de-9fae27f59ac7	12	51809427	52726852	557	0.0332
051e9b48-2d5e-4585-96de-9fae27f59ac7	12	52726925	52825266	103	-0.039
051e9b48-2d5e-4585-96de-9fae27f59ac7	12	52828498	53215355	158	0.2175
051e9b48-2d5e-4585-96de-9fae27f59ac7	12	53215414	55986240	1469	-0.0629
051e9b48-2d5e-4585-96de-9fae27f59ac7	12	55990903	56235459	141	0.4278
051e9b48-2d5e-4585-96de-9fae27f59ac7	12	56235492	56600446	172	-0.0015
051e9b48-2d5e-4585-96de-9fae27f59ac7	12	56602218	56787478	69	0.3284
051e9b48-2d5e-4585-96de-9fae27f59ac7	12	56799657	73008560	9954	-0.0597
051e9b48-2d5e-4585-96de-9fae27f59ac7	12	73008595	73708367	376	-0.5756
051e9b48-2d5e-4585-96de-9fae27f59ac7	12	73709118	90012387	9639	-0.0502
051e9b48-2d5e-4585-96de-9fae27f59ac7	12	90016111	90064910	28	0.4192
051e9b48-2d5e-4585-96de-9fae27f59ac7	12	90065048	95773848	3840	-0.0637
051e9b48-2d5e-4585-96de-9fae27f59ac7	12	95774719	95844514	49	0.3303
051e9b48-2d5e-4585-96de-9fae27f59ac7	12	95847303	98599578	1948	-0.0508
051e9b48-2d5e-4585-96de-9fae27f59ac7	12	98599846	99152980	326	-0.4763
051e9b48-2d5e-4585-96de-9fae27f59ac7	12	99153526	105996456	4403	-0.0616
051e9b48-2d5e-4585-96de-9fae27f59ac7	12	105998308	106335018	296	0.2708
051e9b48-2d5e-4585-96de-9fae27f59ac7	12	106337158	110096988	2184	-0.0891
051e9b48-2d5e-4585-96de-9fae27f59ac7	12	110109880	110237126	53	0.2925
051e9b48-2d5e-4585-96de-9fae27f59ac7	12	110240603	111883947	676	-0.0871
051e9b48-2d5e-4585-96de-9fae27f59ac7	12	111885173	112128306	103	0.217
051e9b48-2d5e-4585-96de-9fae27f59ac7	12	112130050	112143717	9	0.9035
051e9b48-2d5e-4585-96de-9fae27f59ac7	12	112149758	112502132	245	0.1904
051e9b48-2d5e-4585-96de-9fae27f59ac7	12	112502248	123299862	6428	-0.0667
051e9b48-2d5e-4585-96de-9fae27f59ac7	12	123303799	123520037	76	0.1906
051e9b48-2d5e-4585-96de-9fae27f59ac7	12	123527769	129318981	3484	-0.1339
051e9b48-2d5e-4585-96de-9fae27f59ac7	12	130590621	130762511	124	0.2487
051e9b48-2d5e-4585-96de-9fae27f59ac7	12	130765828	132605822	764	-0.0986
051e9b48-2d5e-4585-96de-9fae27f59ac7	13	18874255	22152243	1544	0.172
051e9b48-2d5e-4585-96de-9fae27f59ac7	13	22154210	22252754	95	0.4321
051e9b48-2d5e-4585-96de-9fae27f59ac7	13	22254573	36242294	9226	0.1766
051e9b48-2d5e-4585-96de-9fae27f59ac7	13	36242985	36292882	35	0.7185
051e9b48-2d5e-4585-96de-9fae27f59ac7	13	36302566	36462842	89	0.3848
051e9b48-2d5e-4585-96de-9fae27f59ac7	13	36463084	36609761	119	0.7464
051e9b48-2d5e-4585-96de-9fae27f59ac7	13	36610927	36632358	16	0.1793
051e9b48-2d5e-4585-96de-9fae27f59ac7	13	36635055	36725689	64	0.4149
051e9b48-2d5e-4585-96de-9fae27f59ac7	13	36727760	51457763	8782	0.1779
051e9b48-2d5e-4585-96de-9fae27f59ac7	13	51460135	52092100	355	0.5962
051e9b48-2d5e-4585-96de-9fae27f59ac7	13	52095889	73025556	10512	0.4451
051e9b48-2d5e-4585-96de-9fae27f59ac7	13	73025890	73250684	166	0.6102
051e9b48-2d5e-4585-96de-9fae27f59ac7	13	73250879	95265993	13758	0.4555
051e9b48-2d5e-4585-96de-9fae27f59ac7	13	95268204	95474970	82	0.8294
051e9b48-2d5e-4585-96de-9fae27f59ac7	13	95475774	112268784	11473	0.4439
051e9b48-2d5e-4585-96de-9fae27f59ac7	13	112302165	114226675	723	0.6095
051e9b48-2d5e-4585-96de-9fae27f59ac7	14	20033191	25031470	2139	-0.0552
051e9b48-2d5e-4585-96de-9fae27f59ac7	14	25034593	25240559	143	0.262
051e9b48-2d5e-4585-96de-9fae27f59ac7	14	25240926	35279026	5983	-0.0757
051e9b48-2d5e-4585-96de-9fae27f59ac7	14	35279434	35355819	19	0.5475
051e9b48-2d5e-4585-96de-9fae27f59ac7	14	35356230	35376385	17	1.0267
051e9b48-2d5e-4585-96de-9fae27f59ac7	14	35380264	35489787	68	0.5604
051e9b48-2d5e-4585-96de-9fae27f59ac7	14	35496021	44350432	4498	-0.0829
051e9b48-2d5e-4585-96de-9fae27f59ac7	14	44350506	49840507	2498	-0.5736
051e9b48-2d5e-4585-96de-9fae27f59ac7	14	49841696	50033208	106	0.2926
051e9b48-2d5e-4585-96de-9fae27f59ac7	14	50035325	50381349	211	-0.1294
051e9b48-2d5e-4585-96de-9fae27f59ac7	14	50386301	54790872	2997	-0.6027
051e9b48-2d5e-4585-96de-9fae27f59ac7	14	54790930	55449449	351	-0.1516
051e9b48-2d5e-4585-96de-9fae27f59ac7	14	55449507	61582610	3954	-0.5948
051e9b48-2d5e-4585-96de-9fae27f59ac7	14	61584964	61753287	87	-0.1462
051e9b48-2d5e-4585-96de-9fae27f59ac7	14	61767355	65616033	2396	-0.5733
051e9b48-2d5e-4585-96de-9fae27f59ac7	14	65624755	66279598	417	-0.1399
051e9b48-2d5e-4585-96de-9fae27f59ac7	14	66287022	66937307	228	-0.6414
051e9b48-2d5e-4585-96de-9fae27f59ac7	14	66939094	67058679	51	-0.1419
051e9b48-2d5e-4585-96de-9fae27f59ac7	14	67076615	70923942	2333	-0.5781
051e9b48-2d5e-4585-96de-9fae27f59ac7	14	70926015	71029493	48	0.3679
051e9b48-2d5e-4585-96de-9fae27f59ac7	14	71029855	71198919	104	0.6753
051e9b48-2d5e-4585-96de-9fae27f59ac7	14	71199580	73154482	1337	0.3527
051e9b48-2d5e-4585-96de-9fae27f59ac7	14	73163447	73412687	133	0.8389
051e9b48-2d5e-4585-96de-9fae27f59ac7	14	73417186	73609231	65	0.3409
051e9b48-2d5e-4585-96de-9fae27f59ac7	14	73610090	74249050	343	0.5571
051e9b48-2d5e-4585-96de-9fae27f59ac7	14	74249710	91742120	10990	0.3753
051e9b48-2d5e-4585-96de-9fae27f59ac7	14	91747018	91959840	134	0.8352
051e9b48-2d5e-4585-96de-9fae27f59ac7	14	91960782	92070615	55	0.3589
051e9b48-2d5e-4585-96de-9fae27f59ac7	14	92074617	92075964	6	-1.0703
051e9b48-2d5e-4585-96de-9fae27f59ac7	14	92081050	92428603	259	0.373
051e9b48-2d5e-4585-96de-9fae27f59ac7	14	92428694	93101916	451	0.5167
051e9b48-2d5e-4585-96de-9fae27f59ac7	14	93109088	105533894	7388	0.3611
051e9b48-2d5e-4585-96de-9fae27f59ac7	15	23437561	32731258	3382	-0.0175
051e9b48-2d5e-4585-96de-9fae27f59ac7	15	32735053	33444482	607	0.255
051e9b48-2d5e-4585-96de-9fae27f59ac7	15	33445111	33555179	95	0.0349
051e9b48-2d5e-4585-96de-9fae27f59ac7	15	33555406	33558171	4	-0.7827
051e9b48-2d5e-4585-96de-9fae27f59ac7	15	33559616	35235618	1029	0.0054
051e9b48-2d5e-4585-96de-9fae27f59ac7	15	35236323	35290989	29	0.3937
051e9b48-2d5e-4585-96de-9fae27f59ac7	15	35291238	35511286	91	-0.0614
051e9b48-2d5e-4585-96de-9fae27f59ac7	15	35511358	35715466	129	0.2812
051e9b48-2d5e-4585-96de-9fae27f59ac7	15	35720721	40592863	3331	-0.0078
051e9b48-2d5e-4585-96de-9fae27f59ac7	15	40592909	41281414	289	0.2716
051e9b48-2d5e-4585-96de-9fae27f59ac7	15	41292858	41846258	253	-0.0011
051e9b48-2d5e-4585-96de-9fae27f59ac7	15	41857274	41919465	39	0.3002
051e9b48-2d5e-4585-96de-9fae27f59ac7	15	41954360	43480008	761	-0.013
051e9b48-2d5e-4585-96de-9fae27f59ac7	15	43480745	43847068	86	0.2428
051e9b48-2d5e-4585-96de-9fae27f59ac7	15	43851446	56459764	7657	-0.0111
051e9b48-2d5e-4585-96de-9fae27f59ac7	15	56460237	56692027	122	0.2988
051e9b48-2d5e-4585-96de-9fae27f59ac7	15	56694582	59517358	1803	-0.0065
051e9b48-2d5e-4585-96de-9fae27f59ac7	15	59518765	59556139	24	0.354
051e9b48-2d5e-4585-96de-9fae27f59ac7	15	59556272	62865450	2642	-0.0025
051e9b48-2d5e-4585-96de-9fae27f59ac7	15	62869339	62965682	78	0.288
051e9b48-2d5e-4585-96de-9fae27f59ac7	15	62966159	64017067	660	-0.0438
051e9b48-2d5e-4585-96de-9fae27f59ac7	15	64017971	64057352	36	0.2159
051e9b48-2d5e-4585-96de-9fae27f59ac7	15	64059701	64362679	124	0.0362
051e9b48-2d5e-4585-96de-9fae27f59ac7	15	64363386	64572559	88	0.2234
051e9b48-2d5e-4585-96de-9fae27f59ac7	15	64574941	70566571	3670	-0.0099
051e9b48-2d5e-4585-96de-9fae27f59ac7	15	70568444	70917486	216	0.2465
051e9b48-2d5e-4585-96de-9fae27f59ac7	15	70917583	77407875	3233	0.0812
051e9b48-2d5e-4585-96de-9fae27f59ac7	15	77410975	77558341	88	0.3703
051e9b48-2d5e-4585-96de-9fae27f59ac7	15	77566227	82157927	2933	0.0839
051e9b48-2d5e-4585-96de-9fae27f59ac7	15	82158568	82288395	60	-0.3412
051e9b48-2d5e-4585-96de-9fae27f59ac7	15	82289098	89555506	4037	0.0734
051e9b48-2d5e-4585-96de-9fae27f59ac7	15	89555523	89902028	163	0.2724
051e9b48-2d5e-4585-96de-9fae27f59ac7	15	89905514	90094218	120	0.0267
051e9b48-2d5e-4585-96de-9fae27f59ac7	15	90100372	90467950	174	0.2967
051e9b48-2d5e-4585-96de-9fae27f59ac7	15	90468030	90805165	190	0.1081
051e9b48-2d5e-4585-96de-9fae27f59ac7	15	90807701	90864638	40	0.3656
051e9b48-2d5e-4585-96de-9fae27f59ac7	15	90866967	92500315	1354	0.0817
051e9b48-2d5e-4585-96de-9fae27f59ac7	15	92503728	92828644	241	0.2733
051e9b48-2d5e-4585-96de-9fae27f59ac7	15	92830659	92888495	27	0.693
051e9b48-2d5e-4585-96de-9fae27f59ac7	15	92888778	93466287	138	0.2981
051e9b48-2d5e-4585-96de-9fae27f59ac7	15	93466573	101344124	4773	0.0703
051e9b48-2d5e-4585-96de-9fae27f59ac7	16	603333	1303675	114	-0.1499
051e9b48-2d5e-4585-96de-9fae27f59ac7	16	1318009	1717613	149	0.1108
051e9b48-2d5e-4585-96de-9fae27f59ac7	16	1719026	3691561	661	-0.1212
051e9b48-2d5e-4585-96de-9fae27f59ac7	16	3695409	20941595	8515	-0.2019
051e9b48-2d5e-4585-96de-9fae27f59ac7	16	20944238	21205740	146	0.1238
051e9b48-2d5e-4585-96de-9fae27f59ac7	16	21207832	31838978	4462	-0.2015
051e9b48-2d5e-4585-96de-9fae27f59ac7	16	31841585	65428384	12332	0.1924
051e9b48-2d5e-4585-96de-9fae27f59ac7	16	65428955	65430122	6	-0.864
051e9b48-2d5e-4585-96de-9fae27f59ac7	16	65430413	66681109	947	0.1813
051e9b48-2d5e-4585-96de-9fae27f59ac7	16	66689142	66951235	119	0.4484
051e9b48-2d5e-4585-96de-9fae27f59ac7	16	66954437	67057458	38	0.1218
051e9b48-2d5e-4585-96de-9fae27f59ac7	16	67060863	67130852	30	0.9029
051e9b48-2d5e-4585-96de-9fae27f59ac7	16	67131354	67386204	105	0.5934
051e9b48-2d5e-4585-96de-9fae27f59ac7	16	67386482	67478217	34	0.8015
051e9b48-2d5e-4585-96de-9fae27f59ac7	16	67478746	67697498	71	0.1076
051e9b48-2d5e-4585-96de-9fae27f59ac7	16	67702541	68034340	120	0.3327
051e9b48-2d5e-4585-96de-9fae27f59ac7	16	68034668	68937327	465	0.0898
051e9b48-2d5e-4585-96de-9fae27f59ac7	16	68938081	69457942	223	0.3576
051e9b48-2d5e-4585-96de-9fae27f59ac7	16	69458371	70277235	286	0.0697
051e9b48-2d5e-4585-96de-9fae27f59ac7	16	70280811	70805434	231	0.8596
051e9b48-2d5e-4585-96de-9fae27f59ac7	16	70808194	74873493	2150	0.1281
051e9b48-2d5e-4585-96de-9fae27f59ac7	16	74873565	75583275	342	0.4191
051e9b48-2d5e-4585-96de-9fae27f59ac7	16	75583485	89317317	9692	0.1195
051e9b48-2d5e-4585-96de-9fae27f59ac7	17	1074619	7099082	2979	-0.5484
051e9b48-2d5e-4585-96de-9fae27f59ac7	17	7111176	7122678	12	0.1253
051e9b48-2d5e-4585-96de-9fae27f59ac7	17	7128225	7293071	47	0.568
051e9b48-2d5e-4585-96de-9fae27f59ac7	17	7298362	7596031	134	-0.1734
051e9b48-2d5e-4585-96de-9fae27f59ac7	17	7596064	17774762	5326	-0.5831
051e9b48-2d5e-4585-96de-9fae27f59ac7	17	17776106	18105278	160	-0.1427
051e9b48-2d5e-4585-96de-9fae27f59ac7	17	18105968	31848205	3212	-0.5456
051e9b48-2d5e-4585-96de-9fae27f59ac7	17	31849058	31967786	45	-0.0814
051e9b48-2d5e-4585-96de-9fae27f59ac7	17	31971835	37476412	2595	-0.5836
051e9b48-2d5e-4585-96de-9fae27f59ac7	17	37478481	37763542	184	-0.1669
051e9b48-2d5e-4585-96de-9fae27f59ac7	17	37763774	38848196	279	-0.5622
051e9b48-2d5e-4585-96de-9fae27f59ac7	17	38852975	39066041	94	-0.114
051e9b48-2d5e-4585-96de-9fae27f59ac7	17	39067205	40121215	489	-0.5273
051e9b48-2d5e-4585-96de-9fae27f59ac7	17	40126946	40153585	10	0.515
051e9b48-2d5e-4585-96de-9fae27f59ac7	17	40160019	40349509	78	-0.858
051e9b48-2d5e-4585-96de-9fae27f59ac7	17	40349804	40624706	122	-1.0691
051e9b48-2d5e-4585-96de-9fae27f59ac7	17	40624768	41164432	301	-1.3668
051e9b48-2d5e-4585-96de-9fae27f59ac7	17	41164840	41469146	185	-1.1452
051e9b48-2d5e-4585-96de-9fae27f59ac7	17	41471119	44974094	1575	-0.5881
051e9b48-2d5e-4585-96de-9fae27f59ac7	17	44978211	45280744	137	-0.2031
051e9b48-2d5e-4585-96de-9fae27f59ac7	17	45282761	48302429	871	-0.6051
051e9b48-2d5e-4585-96de-9fae27f59ac7	17	48310328	48381429	37	0.5247
051e9b48-2d5e-4585-96de-9fae27f59ac7	17	48381951	48706805	120	0.9982
051e9b48-2d5e-4585-96de-9fae27f59ac7	17	48707018	49898829	601	0.3848
051e9b48-2d5e-4585-96de-9fae27f59ac7	17	49899242	50146312	149	0.6336
051e9b48-2d5e-4585-96de-9fae27f59ac7	17	50154762	56657341	3956	0.4376
051e9b48-2d5e-4585-96de-9fae27f59ac7	17	56662018	57309579	499	0.6248
051e9b48-2d5e-4585-96de-9fae27f59ac7	17	57311095	64333211	3485	0.4133
051e9b48-2d5e-4585-96de-9fae27f59ac7	17	64464879	75091616	6350	0.1873
051e9b48-2d5e-4585-96de-9fae27f59ac7	17	75093757	75307032	84	-0.0373
051e9b48-2d5e-4585-96de-9fae27f59ac7	17	75307136	75940645	236	0.2938
051e9b48-2d5e-4585-96de-9fae27f59ac7	17	75941584	76442038	215	-0.0284
051e9b48-2d5e-4585-96de-9fae27f59ac7	17	76446023	76602875	97	0.6783
051e9b48-2d5e-4585-96de-9fae27f59ac7	17	76605194	76763737	89	0.2876
051e9b48-2d5e-4585-96de-9fae27f59ac7	17	76764161	78202991	696	-0.0784
051e9b48-2d5e-4585-96de-9fae27f59ac7	17	78203639	78547508	147	0.4251
051e9b48-2d5e-4585-96de-9fae27f59ac7	17	78553070	79695611	440	-0.0587
051e9b48-2d5e-4585-96de-9fae27f59ac7	17	79708813	79958635	156	0.2188
051e9b48-2d5e-4585-96de-9fae27f59ac7	17	79964592	81600800	646	-0.0608
051e9b48-2d5e-4585-96de-9fae27f59ac7	17	81603694	82494788	175	0.2166
051e9b48-2d5e-4585-96de-9fae27f59ac7	17	82495933	82696249	130	-0.0353
051e9b48-2d5e-4585-96de-9fae27f59ac7	17	82696259	82959812	139	0.2396
051e9b48-2d5e-4585-96de-9fae27f59ac7	18	326691	2806371	870	-0.5859
051e9b48-2d5e-4585-96de-9fae27f59ac7	18	2806505	2873941	34	-0.1407
051e9b48-2d5e-4585-96de-9fae27f59ac7	18	2874158	3250624	266	-0.5853
051e9b48-2d5e-4585-96de-9fae27f59ac7	18	3250691	3377844	82	-0.1244
051e9b48-2d5e-4585-96de-9fae27f59ac7	18	3378237	3521043	90	-0.5329
051e9b48-2d5e-4585-96de-9fae27f59ac7	18	3521478	3582274	27	0.2372
051e9b48-2d5e-4585-96de-9fae27f59ac7	18	3585158	23601303	8163	-0.5694
051e9b48-2d5e-4585-96de-9fae27f59ac7	18	23605223	23835264	123	-0.0892
051e9b48-2d5e-4585-96de-9fae27f59ac7	18	23835810	43218731	12005	-0.5584
051e9b48-2d5e-4585-96de-9fae27f59ac7	18	43219676	43221141	2	-3.1555
051e9b48-2d5e-4585-96de-9fae27f59ac7	18	43222613	74848410	18255	-0.5553
051e9b48-2d5e-4585-96de-9fae27f59ac7	18	74851869	79349796	3004	-1.2804
051e9b48-2d5e-4585-96de-9fae27f59ac7	19	283868	2093024	347	-0.4987
051e9b48-2d5e-4585-96de-9fae27f59ac7	19	2093703	2328434	65	-0.0749
051e9b48-2d5e-4585-96de-9fae27f59ac7	19	2350210	3257417	303	-0.4584
051e9b48-2d5e-4585-96de-9fae27f59ac7	19	3261535	3451167	61	-0.0592
051e9b48-2d5e-4585-96de-9fae27f59ac7	19	3461120	4805732	265	-0.4577
051e9b48-2d5e-4585-96de-9fae27f59ac7	19	4806497	5506118	306	-0.0106
051e9b48-2d5e-4585-96de-9fae27f59ac7	19	5506446	5633227	61	-0.4826
051e9b48-2d5e-4585-96de-9fae27f59ac7	19	5633867	5636353	3	-2.2685
051e9b48-2d5e-4585-96de-9fae27f59ac7	19	5637877	8142405	1011	-0.4774
051e9b48-2d5e-4585-96de-9fae27f59ac7	19	8144700	8315317	60	0.3774
051e9b48-2d5e-4585-96de-9fae27f59ac7	19	8317570	8582114	93	0.6249
051e9b48-2d5e-4585-96de-9fae27f59ac7	19	8590905	8930309	213	0.3721
051e9b48-2d5e-4585-96de-9fae27f59ac7	19	8941560	9073930	85	1.0218
051e9b48-2d5e-4585-96de-9fae27f59ac7	19	9077140	10137323	541	0.3734
051e9b48-2d5e-4585-96de-9fae27f59ac7	19	10144436	10245756	32	1.0603
051e9b48-2d5e-4585-96de-9fae27f59ac7	19	10257482	10337599	32	0.5352
051e9b48-2d5e-4585-96de-9fae27f59ac7	19	10342732	10401234	25	0.8528
051e9b48-2d5e-4585-96de-9fae27f59ac7	19	10408734	12688669	986	0.3608
051e9b48-2d5e-4585-96de-9fae27f59ac7	19	12691603	13157058	160	0.6601
051e9b48-2d5e-4585-96de-9fae27f59ac7	19	13163617	18959383	2700	0.3468
051e9b48-2d5e-4585-96de-9fae27f59ac7	19	18961517	19186483	129	0.5578
051e9b48-2d5e-4585-96de-9fae27f59ac7	19	19186758	27858748	1637	0.3294
051e9b48-2d5e-4585-96de-9fae27f59ac7	19	27860326	33043144	3748	0.4054
051e9b48-2d5e-4585-96de-9fae27f59ac7	19	33045470	33109190	39	0.7088
051e9b48-2d5e-4585-96de-9fae27f59ac7	19	33109336	35576717	1606	0.406
051e9b48-2d5e-4585-96de-9fae27f59ac7	19	35577160	35754157	62	0.8091
051e9b48-2d5e-4585-96de-9fae27f59ac7	19	35759716	38350256	1246	0.3829
051e9b48-2d5e-4585-96de-9fae27f59ac7	19	38354151	40525487	1038	-0.0417
051e9b48-2d5e-4585-96de-9fae27f59ac7	19	40526480	45262443	1911	-0.5037
051e9b48-2d5e-4585-96de-9fae27f59ac7	19	45264681	45777370	151	-0.0991
051e9b48-2d5e-4585-96de-9fae27f59ac7	19	45785448	49489110	1573	-0.4993
051e9b48-2d5e-4585-96de-9fae27f59ac7	19	49494848	49794202	105	0.0169
051e9b48-2d5e-4585-96de-9fae27f59ac7	19	49796434	50275008	100	0.2198
051e9b48-2d5e-4585-96de-9fae27f59ac7	19	50275372	50491079	85	0.4217
051e9b48-2d5e-4585-96de-9fae27f59ac7	19	50491167	50994034	182	0.1935
051e9b48-2d5e-4585-96de-9fae27f59ac7	19	50994163	51148092	82	0.4268
051e9b48-2d5e-4585-96de-9fae27f59ac7	19	51148842	54483996	1162	0.2112
051e9b48-2d5e-4585-96de-9fae27f59ac7	19	54489763	55682391	496	0.4282
051e9b48-2d5e-4585-96de-9fae27f59ac7	19	55682641	58370362	1465	0.1971
051e9b48-2d5e-4585-96de-9fae27f59ac7	20	472817	14176631	8808	0.5073
051e9b48-2d5e-4585-96de-9fae27f59ac7	20	14177610	14489313	156	0.3276
051e9b48-2d5e-4585-96de-9fae27f59ac7	20	14492355	15182862	118	0.5629
051e9b48-2d5e-4585-96de-9fae27f59ac7	20	15184878	15200944	14	0.1166
051e9b48-2d5e-4585-96de-9fae27f59ac7	20	15209512	16161688	878	0.5151
051e9b48-2d5e-4585-96de-9fae27f59ac7	20	16163700	18161382	1696	0.2921
051e9b48-2d5e-4585-96de-9fae27f59ac7	20	18161920	18387706	175	0.4774
051e9b48-2d5e-4585-96de-9fae27f59ac7	20	18388085	33848917	6433	0.269
051e9b48-2d5e-4585-96de-9fae27f59ac7	20	33854530	33919003	40	0.4706
051e9b48-2d5e-4585-96de-9fae27f59ac7	20	33925941	33997105	53	0.8524
051e9b48-2d5e-4585-96de-9fae27f59ac7	20	34006908	34544387	202	0.5877
051e9b48-2d5e-4585-96de-9fae27f59ac7	20	34544402	34835029	123	0.9278
051e9b48-2d5e-4585-96de-9fae27f59ac7	20	34836166	35050785	100	0.6766
051e9b48-2d5e-4585-96de-9fae27f59ac7	20	35054677	46533401	7153	0.3736
051e9b48-2d5e-4585-96de-9fae27f59ac7	20	46537578	46730483	169	0.6474
051e9b48-2d5e-4585-96de-9fae27f59ac7	20	46730769	46984868	225	0.9023
051e9b48-2d5e-4585-96de-9fae27f59ac7	20	46989168	47088462	112	0.5868
051e9b48-2d5e-4585-96de-9fae27f59ac7	20	47088467	47205876	119	0.3731
051e9b48-2d5e-4585-96de-9fae27f59ac7	20	47210081	47229476	10	0.6241
051e9b48-2d5e-4585-96de-9fae27f59ac7	20	47229659	49199207	1311	0.1576
051e9b48-2d5e-4585-96de-9fae27f59ac7	20	49209350	49346531	76	0.3801
051e9b48-2d5e-4585-96de-9fae27f59ac7	20	49347580	49419060	40	0.5344
051e9b48-2d5e-4585-96de-9fae27f59ac7	20	49419973	50057198	223	0.4007
051e9b48-2d5e-4585-96de-9fae27f59ac7	20	50063398	50748411	483	0.5814
051e9b48-2d5e-4585-96de-9fae27f59ac7	20	50756406	53349852	1817	0.3854
051e9b48-2d5e-4585-96de-9fae27f59ac7	20	53350423	53733353	216	0.6009
051e9b48-2d5e-4585-96de-9fae27f59ac7	20	53733521	54576649	632	0.8224
051e9b48-2d5e-4585-96de-9fae27f59ac7	20	54577351	57225665	2025	0.4201
051e9b48-2d5e-4585-96de-9fae27f59ac7	20	57226609	57744910	353	0.602
051e9b48-2d5e-4585-96de-9fae27f59ac7	20	57746175	63588502	3824	0.4146
051e9b48-2d5e-4585-96de-9fae27f59ac7	21	13974127	14345562	200	0.1526
051e9b48-2d5e-4585-96de-9fae27f59ac7	21	14348050	15001515	452	-0.1244
051e9b48-2d5e-4585-96de-9fae27f59ac7	21	15001756	15265516	204	0.1758
051e9b48-2d5e-4585-96de-9fae27f59ac7	21	15265553	15317605	52	0.4899
051e9b48-2d5e-4585-96de-9fae27f59ac7	21	15321172	15581792	200	0.1794
051e9b48-2d5e-4585-96de-9fae27f59ac7	21	15781618	16685314	561	-0.1337
051e9b48-2d5e-4585-96de-9fae27f59ac7	21	16685327	16685347	2	-1.682
051e9b48-2d5e-4585-96de-9fae27f59ac7	21	16688973	17066004	247	-0.1331
051e9b48-2d5e-4585-96de-9fae27f59ac7	21	17072720	17436660	168	0.221
051e9b48-2d5e-4585-96de-9fae27f59ac7	21	17480287	38221659	13548	-0.1382
051e9b48-2d5e-4585-96de-9fae27f59ac7	21	38225635	38731969	513	0.1722
051e9b48-2d5e-4585-96de-9fae27f59ac7	21	38732027	42828507	3242	-0.1239
051e9b48-2d5e-4585-96de-9fae27f59ac7	21	42831915	42904396	38	0.3884
051e9b48-2d5e-4585-96de-9fae27f59ac7	21	42912473	42978907	28	0.0208
051e9b48-2d5e-4585-96de-9fae27f59ac7	21	42981303	43034905	55	0.4029
051e9b48-2d5e-4585-96de-9fae27f59ac7	21	43572694	46262057	1095	-0.122
051e9b48-2d5e-4585-96de-9fae27f59ac7	22	16934932	17942084	611	-0.6043
051e9b48-2d5e-4585-96de-9fae27f59ac7	22	17943533	18131162	161	-0.0838
051e9b48-2d5e-4585-96de-9fae27f59ac7	22	21741482	29283350	3904	-0.5161
051e9b48-2d5e-4585-96de-9fae27f59ac7	22	29285227	30027471	386	-0.1088
051e9b48-2d5e-4585-96de-9fae27f59ac7	22	30035253	30179823	80	0.1453
051e9b48-2d5e-4585-96de-9fae27f59ac7	22	30180699	31968437	982	-0.0981
051e9b48-2d5e-4585-96de-9fae27f59ac7	22	31973900	32188723	97	0.1863
051e9b48-2d5e-4585-96de-9fae27f59ac7	22	32188839	35083604	2593	-0.1148
051e9b48-2d5e-4585-96de-9fae27f59ac7	22	35083982	35781157	373	0.1985
051e9b48-2d5e-4585-96de-9fae27f59ac7	22	35781399	36018519	120	-0.1043
051e9b48-2d5e-4585-96de-9fae27f59ac7	22	36019318	36624370	288	0.2719
051e9b48-2d5e-4585-96de-9fae27f59ac7	22	36627566	38540495	1015	-0.0544
051e9b48-2d5e-4585-96de-9fae27f59ac7	22	38546921	38609684	28	0.3394
051e9b48-2d5e-4585-96de-9fae27f59ac7	22	38617196	40589058	841	-0.0812
051e9b48-2d5e-4585-96de-9fae27f59ac7	22	40589503	40612766	11	0.3192
051e9b48-2d5e-4585-96de-9fae27f59ac7	22	40614358	40670161	29	0.6234
051e9b48-2d5e-4585-96de-9fae27f59ac7	22	40670427	40699954	19	0.274
051e9b48-2d5e-4585-96de-9fae27f59ac7	22	40700160	40738747	26	-0.0542
051e9b48-2d5e-4585-96de-9fae27f59ac7	22	40740215	48940621	5527	-0.4932
051e9b48-2d5e-4585-96de-9fae27f59ac7	X	3236359	26131486	9919	0.0144
051e9b48-2d5e-4585-96de-9fae27f59ac7	X	26132040	26138331	2	-1.7629
051e9b48-2d5e-4585-96de-9fae27f59ac7	X	26139554	32784258	3844	0.0223
051e9b48-2d5e-4585-96de-9fae27f59ac7	X	32785413	32886102	84	0.3513
051e9b48-2d5e-4585-96de-9fae27f59ac7	X	32889159	90067301	21111	0.0094
051e9b48-2d5e-4585-96de-9fae27f59ac7	X	90067568	90068285	3	-1.5343
051e9b48-2d5e-4585-96de-9fae27f59ac7	X	90074807	123767124	14761	0.0192
051e9b48-2d5e-4585-96de-9fae27f59ac7	X	123779967	124009151	135	0.305
051e9b48-2d5e-4585-96de-9fae27f59ac7	X	124012551	133816764	4480	0.0118
051e9b48-2d5e-4585-96de-9fae27f59ac7	X	133817331	133866356	23	-0.5215
051e9b48-2d5e-4585-96de-9fae27f59ac7	X	133868496	155677414	9635	0.0175
