GDC_Aliquot	Chromosome	Start	End	Num_Probes	Segment_Mean
14d6cfc7-8868-443e-8eaf-dc6c155958b0	1	62920	777165	23	-0.2465
14d6cfc7-8868-443e-8eaf-dc6c155958b0	1	783283	1301762	140	0.5868
14d6cfc7-8868-443e-8eaf-dc6c155958b0	1	1306835	2288667	246	0.7155
14d6cfc7-8868-443e-8eaf-dc6c155958b0	1	2291819	8614586	3872	0.5725
14d6cfc7-8868-443e-8eaf-dc6c155958b0	1	8623161	8624227	2	-1.1808
14d6cfc7-8868-443e-8eaf-dc6c155958b0	1	8624978	17348626	4785	0.5945
14d6cfc7-8868-443e-8eaf-dc6c155958b0	1	17349155	18794403	1082	0.4962
14d6cfc7-8868-443e-8eaf-dc6c155958b0	1	18795262	25092208	3757	0.5622
14d6cfc7-8868-443e-8eaf-dc6c155958b0	1	25096910	25097831	2	-0.7748
14d6cfc7-8868-443e-8eaf-dc6c155958b0	1	25098398	25256850	118	0.5897
14d6cfc7-8868-443e-8eaf-dc6c155958b0	1	25266637	25319693	21	-0.1587
14d6cfc7-8868-443e-8eaf-dc6c155958b0	1	25320198	25996357	302	0.5933
14d6cfc7-8868-443e-8eaf-dc6c155958b0	1	25999781	26071473	35	1.125
14d6cfc7-8868-443e-8eaf-dc6c155958b0	1	26072739	26250282	87	1.5034
14d6cfc7-8868-443e-8eaf-dc6c155958b0	1	26252584	41840717	8544	0.5721
14d6cfc7-8868-443e-8eaf-dc6c155958b0	1	41841440	44709379	1714	0.8974
14d6cfc7-8868-443e-8eaf-dc6c155958b0	1	44710253	44837025	58	1.2283
14d6cfc7-8868-443e-8eaf-dc6c155958b0	1	44837700	44928697	57	0.93
14d6cfc7-8868-443e-8eaf-dc6c155958b0	1	44931247	57824245	7827	0.5698
14d6cfc7-8868-443e-8eaf-dc6c155958b0	1	57831373	57858271	19	1.1868
14d6cfc7-8868-443e-8eaf-dc6c155958b0	1	57860522	58821019	804	0.593
14d6cfc7-8868-443e-8eaf-dc6c155958b0	1	58823068	58832864	9	1.0997
14d6cfc7-8868-443e-8eaf-dc6c155958b0	1	58834601	58912295	61	0.6654
14d6cfc7-8868-443e-8eaf-dc6c155958b0	1	58913371	72302735	9232	0.1447
14d6cfc7-8868-443e-8eaf-dc6c155958b0	1	72302815	72345465	47	1.2071
14d6cfc7-8868-443e-8eaf-dc6c155958b0	1	72346221	75585159	1932	0.1455
14d6cfc7-8868-443e-8eaf-dc6c155958b0	1	75589078	75589169	2	-2.1837
14d6cfc7-8868-443e-8eaf-dc6c155958b0	1	75593824	80291576	3078	0.1641
14d6cfc7-8868-443e-8eaf-dc6c155958b0	1	80295181	80327733	30	-0.6271
14d6cfc7-8868-443e-8eaf-dc6c155958b0	1	80337901	88746574	5736	0.1682
14d6cfc7-8868-443e-8eaf-dc6c155958b0	1	88749754	88861482	57	-0.6824
14d6cfc7-8868-443e-8eaf-dc6c155958b0	1	88865376	100278704	7130	0.1584
14d6cfc7-8868-443e-8eaf-dc6c155958b0	1	100279242	100952415	422	0.6276
14d6cfc7-8868-443e-8eaf-dc6c155958b0	1	100958875	105476748	2579	0.1741
14d6cfc7-8868-443e-8eaf-dc6c155958b0	1	105476861	105482176	18	-0.3962
14d6cfc7-8868-443e-8eaf-dc6c155958b0	1	105486052	109690352	2633	0.1789
14d6cfc7-8868-443e-8eaf-dc6c155958b0	1	109690415	109697556	12	1.489
14d6cfc7-8868-443e-8eaf-dc6c155958b0	1	109702376	110789023	802	0.1555
14d6cfc7-8868-443e-8eaf-dc6c155958b0	1	110789384	110860873	95	0.3526
14d6cfc7-8868-443e-8eaf-dc6c155958b0	1	110860935	112147704	1053	0.1259
14d6cfc7-8868-443e-8eaf-dc6c155958b0	1	112153343	112163576	35	0.6963
14d6cfc7-8868-443e-8eaf-dc6c155958b0	1	112163583	149000127	6159	0.1364
14d6cfc7-8868-443e-8eaf-dc6c155958b0	1	149000193	150372994	238	0.57
14d6cfc7-8868-443e-8eaf-dc6c155958b0	1	150377292	150675511	117	1.2039
14d6cfc7-8868-443e-8eaf-dc6c155958b0	1	150677688	152582700	1082	0.5859
14d6cfc7-8868-443e-8eaf-dc6c155958b0	1	152583051	152613762	32	1.4859
14d6cfc7-8868-443e-8eaf-dc6c155958b0	1	152613802	152787202	171	0.58
14d6cfc7-8868-443e-8eaf-dc6c155958b0	1	152789447	152790286	14	-0.0488
14d6cfc7-8868-443e-8eaf-dc6c155958b0	1	152790414	152790593	6	0.6118
14d6cfc7-8868-443e-8eaf-dc6c155958b0	1	152794991	152796224	17	-0.163
14d6cfc7-8868-443e-8eaf-dc6c155958b0	1	152801429	154062482	768	0.5921
14d6cfc7-8868-443e-8eaf-dc6c155958b0	1	154064531	154331951	106	0.9129
14d6cfc7-8868-443e-8eaf-dc6c155958b0	1	154333557	157765836	1841	0.5817
14d6cfc7-8868-443e-8eaf-dc6c155958b0	1	157775246	174827267	12103	0.1418
14d6cfc7-8868-443e-8eaf-dc6c155958b0	1	174827418	174832702	16	-0.5392
14d6cfc7-8868-443e-8eaf-dc6c155958b0	1	174832716	196758720	14650	0.1568
14d6cfc7-8868-443e-8eaf-dc6c155958b0	1	196761905	196832525	56	-0.3016
14d6cfc7-8868-443e-8eaf-dc6c155958b0	1	196832720	198399993	886	0.1312
14d6cfc7-8868-443e-8eaf-dc6c155958b0	1	198400186	198402771	2	-1.5999
14d6cfc7-8868-443e-8eaf-dc6c155958b0	1	198403931	198907465	332	0.1391
14d6cfc7-8868-443e-8eaf-dc6c155958b0	1	198907683	198907729	2	1.3594
14d6cfc7-8868-443e-8eaf-dc6c155958b0	1	198909218	199142298	158	0.1802
14d6cfc7-8868-443e-8eaf-dc6c155958b0	1	199142393	199143883	6	-0.741
14d6cfc7-8868-443e-8eaf-dc6c155958b0	1	199144712	202635258	2328	0.1374
14d6cfc7-8868-443e-8eaf-dc6c155958b0	1	202637008	205399947	1982	0.0859
14d6cfc7-8868-443e-8eaf-dc6c155958b0	1	205407826	209897717	3096	0.1335
14d6cfc7-8868-443e-8eaf-dc6c155958b0	1	209908268	209910639	3	-1.807
14d6cfc7-8868-443e-8eaf-dc6c155958b0	1	209913207	244926972	24453	0.1384
14d6cfc7-8868-443e-8eaf-dc6c155958b0	1	244929425	244943679	11	-0.7973
14d6cfc7-8868-443e-8eaf-dc6c155958b0	1	244946930	247725393	1911	0.139
14d6cfc7-8868-443e-8eaf-dc6c155958b0	1	247730567	247762220	26	-0.6118
14d6cfc7-8868-443e-8eaf-dc6c155958b0	1	247766345	248930189	637	0.1508
14d6cfc7-8868-443e-8eaf-dc6c155958b0	2	12784	4158097	2986	0.0742
14d6cfc7-8868-443e-8eaf-dc6c155958b0	2	4166274	4176429	42	-0.5576
14d6cfc7-8868-443e-8eaf-dc6c155958b0	2	4182472	8820819	3907	0.0864
14d6cfc7-8868-443e-8eaf-dc6c155958b0	2	8827615	8862347	23	0.7076
14d6cfc7-8868-443e-8eaf-dc6c155958b0	2	8862474	11585115	1847	0.0953
14d6cfc7-8868-443e-8eaf-dc6c155958b0	2	11585472	11586160	2	-1.8114
14d6cfc7-8868-443e-8eaf-dc6c155958b0	2	11586961	19205834	5705	0.0883
14d6cfc7-8868-443e-8eaf-dc6c155958b0	2	19210084	19252970	36	0.6036
14d6cfc7-8868-443e-8eaf-dc6c155958b0	2	19253281	31738272	7775	0.0893
14d6cfc7-8868-443e-8eaf-dc6c155958b0	2	31740396	32958539	582	0.1747
14d6cfc7-8868-443e-8eaf-dc6c155958b0	2	32958800	32960915	5	-0.8204
14d6cfc7-8868-443e-8eaf-dc6c155958b0	2	32968392	34466002	1176	0.1401
14d6cfc7-8868-443e-8eaf-dc6c155958b0	2	34474248	34502547	41	0.8946
14d6cfc7-8868-443e-8eaf-dc6c155958b0	2	34502718	35750907	877	0.1394
14d6cfc7-8868-443e-8eaf-dc6c155958b0	2	35752724	35761650	4	-1.8305
14d6cfc7-8868-443e-8eaf-dc6c155958b0	2	35761842	36411141	565	0.1219
14d6cfc7-8868-443e-8eaf-dc6c155958b0	2	36411187	36420597	15	-0.7622
14d6cfc7-8868-443e-8eaf-dc6c155958b0	2	36425673	38395097	1512	0.1442
14d6cfc7-8868-443e-8eaf-dc6c155958b0	2	38398197	38522818	100	0.6179
14d6cfc7-8868-443e-8eaf-dc6c155958b0	2	38525600	38727353	113	0.1615
14d6cfc7-8868-443e-8eaf-dc6c155958b0	2	38728724	38754420	13	0.6315
14d6cfc7-8868-443e-8eaf-dc6c155958b0	2	38757203	40105711	839	0.0925
14d6cfc7-8868-443e-8eaf-dc6c155958b0	2	40108270	40108319	2	-4.2811
14d6cfc7-8868-443e-8eaf-dc6c155958b0	2	40108736	42321753	1865	0.112
14d6cfc7-8868-443e-8eaf-dc6c155958b0	2	42327113	43411046	675	0.5565
14d6cfc7-8868-443e-8eaf-dc6c155958b0	2	43411573	46262993	2136	0.1068
14d6cfc7-8868-443e-8eaf-dc6c155958b0	2	46263662	46265133	2	-1.9226
14d6cfc7-8868-443e-8eaf-dc6c155958b0	2	46265543	67496433	14100	0.1259
14d6cfc7-8868-443e-8eaf-dc6c155958b0	2	67501462	67502123	2	-1.8165
14d6cfc7-8868-443e-8eaf-dc6c155958b0	2	67503258	72753094	3400	0.1064
14d6cfc7-8868-443e-8eaf-dc6c155958b0	2	72754276	73894209	496	0.5511
14d6cfc7-8868-443e-8eaf-dc6c155958b0	2	73895330	86299004	8042	0.1393
14d6cfc7-8868-443e-8eaf-dc6c155958b0	2	86305839	86422310	92	0.5728
14d6cfc7-8868-443e-8eaf-dc6c155958b0	2	86423351	97359885	2057	0.1064
14d6cfc7-8868-443e-8eaf-dc6c155958b0	2	97524284	97545247	8	-1.1248
14d6cfc7-8868-443e-8eaf-dc6c155958b0	2	97545726	100782737	1896	0.0874
14d6cfc7-8868-443e-8eaf-dc6c155958b0	2	100785893	101430743	411	0.5428
14d6cfc7-8868-443e-8eaf-dc6c155958b0	2	101430786	104825712	2160	0.1323
14d6cfc7-8868-443e-8eaf-dc6c155958b0	2	104825941	104988413	75	0.5679
14d6cfc7-8868-443e-8eaf-dc6c155958b0	2	104990225	106265177	1033	0.1179
14d6cfc7-8868-443e-8eaf-dc6c155958b0	2	106266773	106268901	8	1.0299
14d6cfc7-8868-443e-8eaf-dc6c155958b0	2	106270799	107824280	993	0.1312
14d6cfc7-8868-443e-8eaf-dc6c155958b0	2	107830513	107864451	2	2.0497
14d6cfc7-8868-443e-8eaf-dc6c155958b0	2	107875632	113150509	2628	0.1011
14d6cfc7-8868-443e-8eaf-dc6c155958b0	2	113155116	113604438	163	0.1341
14d6cfc7-8868-443e-8eaf-dc6c155958b0	2	113604837	113623244	3	1.3555
14d6cfc7-8868-443e-8eaf-dc6c155958b0	2	113625975	117440455	2330	0.1501
14d6cfc7-8868-443e-8eaf-dc6c155958b0	2	117440626	122975555	3578	0.0935
14d6cfc7-8868-443e-8eaf-dc6c155958b0	2	122975805	123918792	633	0.1729
14d6cfc7-8868-443e-8eaf-dc6c155958b0	2	123925366	126826673	1846	0.0934
14d6cfc7-8868-443e-8eaf-dc6c155958b0	2	126827133	126905321	63	-0.7292
14d6cfc7-8868-443e-8eaf-dc6c155958b0	2	126905403	130036283	2044	0.1049
14d6cfc7-8868-443e-8eaf-dc6c155958b0	2	130036310	130116915	13	-0.6308
14d6cfc7-8868-443e-8eaf-dc6c155958b0	2	130117303	154033296	14441	0.1195
14d6cfc7-8868-443e-8eaf-dc6c155958b0	2	154039462	154039969	2	-2.2382
14d6cfc7-8868-443e-8eaf-dc6c155958b0	2	154043710	157914400	2134	0.1489
14d6cfc7-8868-443e-8eaf-dc6c155958b0	2	157915546	157935048	18	0.5842
14d6cfc7-8868-443e-8eaf-dc6c155958b0	2	157938152	170330343	7613	0.1414
14d6cfc7-8868-443e-8eaf-dc6c155958b0	2	170330870	176000404	3569	0.1054
14d6cfc7-8868-443e-8eaf-dc6c155958b0	2	176006206	176266875	129	0.6133
14d6cfc7-8868-443e-8eaf-dc6c155958b0	2	176270339	176663145	322	1.1395
14d6cfc7-8868-443e-8eaf-dc6c155958b0	2	176668320	177189763	411	0.5515
14d6cfc7-8868-443e-8eaf-dc6c155958b0	2	177196004	179196928	1192	-0.6462
14d6cfc7-8868-443e-8eaf-dc6c155958b0	2	179202465	179214417	3	-2.1913
14d6cfc7-8868-443e-8eaf-dc6c155958b0	2	179218864	179775836	425	-0.6525
14d6cfc7-8868-443e-8eaf-dc6c155958b0	2	179778510	179779127	2	0.0921
14d6cfc7-8868-443e-8eaf-dc6c155958b0	2	179779154	186348152	3981	0.6105
14d6cfc7-8868-443e-8eaf-dc6c155958b0	2	186348452	186999221	351	0.9736
14d6cfc7-8868-443e-8eaf-dc6c155958b0	2	187004235	199140484	6895	0.6278
14d6cfc7-8868-443e-8eaf-dc6c155958b0	2	199140619	207776450	5204	0.5651
14d6cfc7-8868-443e-8eaf-dc6c155958b0	2	207777220	212316597	2890	0.624
14d6cfc7-8868-443e-8eaf-dc6c155958b0	2	212321824	212327101	25	-0.7166
14d6cfc7-8868-443e-8eaf-dc6c155958b0	2	212327402	212333723	16	0.4792
14d6cfc7-8868-443e-8eaf-dc6c155958b0	2	212334262	212590013	171	0.7029
14d6cfc7-8868-443e-8eaf-dc6c155958b0	2	212590674	213094031	363	0.5869
14d6cfc7-8868-443e-8eaf-dc6c155958b0	2	213096754	213455521	212	0.9554
14d6cfc7-8868-443e-8eaf-dc6c155958b0	2	213458094	216280958	1801	0.5978
14d6cfc7-8868-443e-8eaf-dc6c155958b0	2	216281370	218158279	1335	0.5352
14d6cfc7-8868-443e-8eaf-dc6c155958b0	2	218163166	218472236	158	0.6108
14d6cfc7-8868-443e-8eaf-dc6c155958b0	2	218473694	231679215	8418	0.1176
14d6cfc7-8868-443e-8eaf-dc6c155958b0	2	231685450	241568740	6379	0.0497
14d6cfc7-8868-443e-8eaf-dc6c155958b0	2	241568992	242147305	169	0.1692
14d6cfc7-8868-443e-8eaf-dc6c155958b0	3	20930	7338601	6441	0.1664
14d6cfc7-8868-443e-8eaf-dc6c155958b0	3	7339584	7342046	2	-1.6167
14d6cfc7-8868-443e-8eaf-dc6c155958b0	3	7342203	7657752	322	0.2042
14d6cfc7-8868-443e-8eaf-dc6c155958b0	3	7660838	7664145	5	0.7968
14d6cfc7-8868-443e-8eaf-dc6c155958b0	3	7666321	7674973	13	0.1837
14d6cfc7-8868-443e-8eaf-dc6c155958b0	3	7675022	7676525	2	-1.3115
14d6cfc7-8868-443e-8eaf-dc6c155958b0	3	7676883	17376004	6922	0.1649
14d6cfc7-8868-443e-8eaf-dc6c155958b0	3	17376885	17659513	103	-0.5553
14d6cfc7-8868-443e-8eaf-dc6c155958b0	3	17666725	38700385	14333	0.1996
14d6cfc7-8868-443e-8eaf-dc6c155958b0	3	38700738	52994359	7588	0.1291
14d6cfc7-8868-443e-8eaf-dc6c155958b0	3	52997720	52998009	11	0.8258
14d6cfc7-8868-443e-8eaf-dc6c155958b0	3	52998022	75519398	17007	0.1346
14d6cfc7-8868-443e-8eaf-dc6c155958b0	3	75523398	75537654	6	-2.7311
14d6cfc7-8868-443e-8eaf-dc6c155958b0	3	75546030	99218119	10978	0.1673
14d6cfc7-8868-443e-8eaf-dc6c155958b0	3	99218940	99230212	28	0.5445
14d6cfc7-8868-443e-8eaf-dc6c155958b0	3	99230225	107142717	4711	0.1668
14d6cfc7-8868-443e-8eaf-dc6c155958b0	3	107150995	108774304	1032	0.6213
14d6cfc7-8868-443e-8eaf-dc6c155958b0	3	108776449	109603872	498	0.1727
14d6cfc7-8868-443e-8eaf-dc6c155958b0	3	109605398	109659526	28	0.682
14d6cfc7-8868-443e-8eaf-dc6c155958b0	3	109660607	116780743	4455	0.1474
14d6cfc7-8868-443e-8eaf-dc6c155958b0	3	116780886	116781313	2	-1.4041
14d6cfc7-8868-443e-8eaf-dc6c155958b0	3	116782068	122011202	3163	0.1467
14d6cfc7-8868-443e-8eaf-dc6c155958b0	3	122012769	123579003	977	0.5804
14d6cfc7-8868-443e-8eaf-dc6c155958b0	3	123581582	125950205	1472	0.0935
14d6cfc7-8868-443e-8eaf-dc6c155958b0	3	125954540	125957120	3	-2.0616
14d6cfc7-8868-443e-8eaf-dc6c155958b0	3	125961657	125993496	29	0.1232
14d6cfc7-8868-443e-8eaf-dc6c155958b0	3	125993720	125994097	7	0.8908
14d6cfc7-8868-443e-8eaf-dc6c155958b0	3	125994138	127430929	954	0.0826
14d6cfc7-8868-443e-8eaf-dc6c155958b0	3	127435953	127577947	85	0.5196
14d6cfc7-8868-443e-8eaf-dc6c155958b0	3	127581966	130044855	1310	0.1249
14d6cfc7-8868-443e-8eaf-dc6c155958b0	3	130047743	130089968	41	0.7098
14d6cfc7-8868-443e-8eaf-dc6c155958b0	3	130092370	132488524	1561	0.1529
14d6cfc7-8868-443e-8eaf-dc6c155958b0	3	132490212	137308837	2916	0.6006
14d6cfc7-8868-443e-8eaf-dc6c155958b0	3	137309112	137309121	7	-0.3474
14d6cfc7-8868-443e-8eaf-dc6c155958b0	3	137311987	144295953	4336	0.6072
14d6cfc7-8868-443e-8eaf-dc6c155958b0	3	144298349	149245834	3093	0.6674
14d6cfc7-8868-443e-8eaf-dc6c155958b0	3	149245887	151110142	1157	0.6095
14d6cfc7-8868-443e-8eaf-dc6c155958b0	3	151114355	154812935	2359	0.936
14d6cfc7-8868-443e-8eaf-dc6c155958b0	3	154817313	154831384	10	0.2531
14d6cfc7-8868-443e-8eaf-dc6c155958b0	3	154844671	156560036	1012	0.9121
14d6cfc7-8868-443e-8eaf-dc6c155958b0	3	156562463	156563332	2	-0.6952
14d6cfc7-8868-443e-8eaf-dc6c155958b0	3	156563395	162795304	3823	0.9467
14d6cfc7-8868-443e-8eaf-dc6c155958b0	3	162795361	162908207	67	1.3879
14d6cfc7-8868-443e-8eaf-dc6c155958b0	3	162908784	165411253	1405	0.9775
14d6cfc7-8868-443e-8eaf-dc6c155958b0	3	165411694	165411750	2	-1.3795
14d6cfc7-8868-443e-8eaf-dc6c155958b0	3	165411778	167495698	1152	0.9922
14d6cfc7-8868-443e-8eaf-dc6c155958b0	3	167495931	173239475	3607	0.9391
14d6cfc7-8868-443e-8eaf-dc6c155958b0	3	173243345	174798365	1040	1.0101
14d6cfc7-8868-443e-8eaf-dc6c155958b0	3	174798855	184194875	5671	0.6286
14d6cfc7-8868-443e-8eaf-dc6c155958b0	3	184198868	188579367	3039	0.5692
14d6cfc7-8868-443e-8eaf-dc6c155958b0	3	188579396	189282889	463	0.6187
14d6cfc7-8868-443e-8eaf-dc6c155958b0	3	189284047	192585894	2388	0.1541
14d6cfc7-8868-443e-8eaf-dc6c155958b0	3	192594507	192595464	4	-2.0752
14d6cfc7-8868-443e-8eaf-dc6c155958b0	3	192596196	193160113	404	0.1547
14d6cfc7-8868-443e-8eaf-dc6c155958b0	3	193160173	193165114	19	1.3961
14d6cfc7-8868-443e-8eaf-dc6c155958b0	3	193168646	195656271	1484	0.1179
14d6cfc7-8868-443e-8eaf-dc6c155958b0	3	195663809	195720051	24	-0.7864
14d6cfc7-8868-443e-8eaf-dc6c155958b0	3	195728637	198169247	1185	0.1496
14d6cfc7-8868-443e-8eaf-dc6c155958b0	4	68929	4191333	1655	0.1369
14d6cfc7-8868-443e-8eaf-dc6c155958b0	4	4192439	6520911	1941	0.085
14d6cfc7-8868-443e-8eaf-dc6c155958b0	4	6520951	9455251	1566	0.1519
14d6cfc7-8868-443e-8eaf-dc6c155958b0	4	9459504	9484440	7	-0.9976
14d6cfc7-8868-443e-8eaf-dc6c155958b0	4	9494650	10212536	540	0.1345
14d6cfc7-8868-443e-8eaf-dc6c155958b0	4	10221792	10232642	30	0.6317
14d6cfc7-8868-443e-8eaf-dc6c155958b0	4	10232984	10270469	47	0.088
14d6cfc7-8868-443e-8eaf-dc6c155958b0	4	10271164	10274358	12	-0.2319
14d6cfc7-8868-443e-8eaf-dc6c155958b0	4	10274728	10390730	118	0.1384
14d6cfc7-8868-443e-8eaf-dc6c155958b0	4	10391530	10397244	7	-0.6151
14d6cfc7-8868-443e-8eaf-dc6c155958b0	4	10397651	13347208	2396	0.1249
14d6cfc7-8868-443e-8eaf-dc6c155958b0	4	13348432	13348799	2	-1.2727
14d6cfc7-8868-443e-8eaf-dc6c155958b0	4	13352651	18193320	3567	0.1397
14d6cfc7-8868-443e-8eaf-dc6c155958b0	4	18194238	22865012	3160	0.1899
14d6cfc7-8868-443e-8eaf-dc6c155958b0	4	22867411	25372477	1764	0.1442
14d6cfc7-8868-443e-8eaf-dc6c155958b0	4	25372485	26810528	937	0.6092
14d6cfc7-8868-443e-8eaf-dc6c155958b0	4	26814856	34784878	4978	0.1762
14d6cfc7-8868-443e-8eaf-dc6c155958b0	4	34785333	34822561	36	-0.3168
14d6cfc7-8868-443e-8eaf-dc6c155958b0	4	34823103	38676498	2742	0.1631
14d6cfc7-8868-443e-8eaf-dc6c155958b0	4	38683533	38916897	174	-0.6315
14d6cfc7-8868-443e-8eaf-dc6c155958b0	4	38917846	43717572	2972	0.1495
14d6cfc7-8868-443e-8eaf-dc6c155958b0	4	43725019	43753779	24	-0.5779
14d6cfc7-8868-443e-8eaf-dc6c155958b0	4	43756313	49112078	3058	0.1552
14d6cfc7-8868-443e-8eaf-dc6c155958b0	4	49113964	51820017	35	-0.2986
14d6cfc7-8868-443e-8eaf-dc6c155958b0	4	51822949	54716309	2023	0.1091
14d6cfc7-8868-443e-8eaf-dc6c155958b0	4	54717935	64958619	6242	0.1577
14d6cfc7-8868-443e-8eaf-dc6c155958b0	4	64965013	64974300	24	0.5593
14d6cfc7-8868-443e-8eaf-dc6c155958b0	4	64978333	68472846	2174	0.1648
14d6cfc7-8868-443e-8eaf-dc6c155958b0	4	68478894	68639397	71	0.6629
14d6cfc7-8868-443e-8eaf-dc6c155958b0	4	68640616	69234399	301	0.1377
14d6cfc7-8868-443e-8eaf-dc6c155958b0	4	69238960	69366406	68	-0.2908
14d6cfc7-8868-443e-8eaf-dc6c155958b0	4	69370433	69523998	108	0.1519
14d6cfc7-8868-443e-8eaf-dc6c155958b0	4	69524143	69525061	2	-2.6388
14d6cfc7-8868-443e-8eaf-dc6c155958b0	4	69526170	70908457	834	0.1508
14d6cfc7-8868-443e-8eaf-dc6c155958b0	4	70910575	73419618	1434	0.6011
14d6cfc7-8868-443e-8eaf-dc6c155958b0	4	73422327	77267550	2547	-0.6325
14d6cfc7-8868-443e-8eaf-dc6c155958b0	4	77267706	77267721	2	-2.9211
14d6cfc7-8868-443e-8eaf-dc6c155958b0	4	77267859	87562412	6358	-0.6228
14d6cfc7-8868-443e-8eaf-dc6c155958b0	4	87570503	139630529	30987	-0.5941
14d6cfc7-8868-443e-8eaf-dc6c155958b0	4	139632929	150947747	6654	-0.6227
14d6cfc7-8868-443e-8eaf-dc6c155958b0	4	150947789	150958512	10	0.1349
14d6cfc7-8868-443e-8eaf-dc6c155958b0	4	150958773	151506172	266	-0.5934
14d6cfc7-8868-443e-8eaf-dc6c155958b0	4	151510618	155838126	2813	-0.6555
14d6cfc7-8868-443e-8eaf-dc6c155958b0	4	155841852	160950731	3259	-0.5969
14d6cfc7-8868-443e-8eaf-dc6c155958b0	4	160952454	160966393	45	-0.152
14d6cfc7-8868-443e-8eaf-dc6c155958b0	4	160966965	162354159	908	-0.5945
14d6cfc7-8868-443e-8eaf-dc6c155958b0	4	162356611	162357305	2	-3.9292
14d6cfc7-8868-443e-8eaf-dc6c155958b0	4	162360395	162362401	7	-1.317
14d6cfc7-8868-443e-8eaf-dc6c155958b0	4	162363830	164928054	1682	-0.6183
14d6cfc7-8868-443e-8eaf-dc6c155958b0	4	164928702	164932971	2	-2.64
14d6cfc7-8868-443e-8eaf-dc6c155958b0	4	164935953	167907955	1781	-0.5767
14d6cfc7-8868-443e-8eaf-dc6c155958b0	4	167908258	167908751	6	-1.5784
14d6cfc7-8868-443e-8eaf-dc6c155958b0	4	167914252	168772322	645	-0.5931
14d6cfc7-8868-443e-8eaf-dc6c155958b0	4	168777220	168777386	2	-2.5269
14d6cfc7-8868-443e-8eaf-dc6c155958b0	4	168777748	170323657	911	-0.6159
14d6cfc7-8868-443e-8eaf-dc6c155958b0	4	170324078	170354739	23	-0.0633
14d6cfc7-8868-443e-8eaf-dc6c155958b0	4	170355685	170854444	296	-0.5869
14d6cfc7-8868-443e-8eaf-dc6c155958b0	4	170858835	170858956	2	-2.172
14d6cfc7-8868-443e-8eaf-dc6c155958b0	4	170865733	172066777	790	-0.5711
14d6cfc7-8868-443e-8eaf-dc6c155958b0	4	172067997	172079670	16	0.1666
14d6cfc7-8868-443e-8eaf-dc6c155958b0	4	172080680	172491840	219	-0.5523
14d6cfc7-8868-443e-8eaf-dc6c155958b0	4	172492746	172532557	17	-0.0747
14d6cfc7-8868-443e-8eaf-dc6c155958b0	4	172534095	173989932	802	-0.6266
14d6cfc7-8868-443e-8eaf-dc6c155958b0	4	173990964	173992405	2	-3.0356
14d6cfc7-8868-443e-8eaf-dc6c155958b0	4	173996392	180235003	4105	-0.6095
14d6cfc7-8868-443e-8eaf-dc6c155958b0	4	180235406	180235468	2	-2.6866
14d6cfc7-8868-443e-8eaf-dc6c155958b0	4	180237227	182647519	1972	-0.6301
14d6cfc7-8868-443e-8eaf-dc6c155958b0	4	182650187	182652615	6	-1.7292
14d6cfc7-8868-443e-8eaf-dc6c155958b0	4	182653219	184200262	985	-0.6483
14d6cfc7-8868-443e-8eaf-dc6c155958b0	4	184200296	184200580	4	-2.2622
14d6cfc7-8868-443e-8eaf-dc6c155958b0	4	184202241	190106768	3963	-0.6526
14d6cfc7-8868-443e-8eaf-dc6c155958b0	5	15532	728864	318	0.1627
14d6cfc7-8868-443e-8eaf-dc6c155958b0	5	731654	731776	2	-1.4516
14d6cfc7-8868-443e-8eaf-dc6c155958b0	5	732788	3953496	2538	0.1454
14d6cfc7-8868-443e-8eaf-dc6c155958b0	5	3958360	3969743	10	-0.6529
14d6cfc7-8868-443e-8eaf-dc6c155958b0	5	3973693	8340197	3778	0.1636
14d6cfc7-8868-443e-8eaf-dc6c155958b0	5	8346971	13362664	3788	0.2131
14d6cfc7-8868-443e-8eaf-dc6c155958b0	5	13367581	15331291	1517	0.6768
14d6cfc7-8868-443e-8eaf-dc6c155958b0	5	15332460	35491083	12521	0.2144
14d6cfc7-8868-443e-8eaf-dc6c155958b0	5	35503785	36736279	926	0.6589
14d6cfc7-8868-443e-8eaf-dc6c155958b0	5	36738729	46271006	5287	0.1517
14d6cfc7-8868-443e-8eaf-dc6c155958b0	5	46271828	46273400	6	-3.1565
14d6cfc7-8868-443e-8eaf-dc6c155958b0	5	46278110	54150654	2417	0.1251
14d6cfc7-8868-443e-8eaf-dc6c155958b0	5	54152184	56641095	1730	-0.6381
14d6cfc7-8868-443e-8eaf-dc6c155958b0	5	56647643	56648136	2	-2.5964
14d6cfc7-8868-443e-8eaf-dc6c155958b0	5	56652677	57948830	859	-0.619
14d6cfc7-8868-443e-8eaf-dc6c155958b0	5	57949074	57949670	2	-2.2627
14d6cfc7-8868-443e-8eaf-dc6c155958b0	5	57950286	58025819	62	-0.696
14d6cfc7-8868-443e-8eaf-dc6c155958b0	5	58030200	58037706	32	-0.1135
14d6cfc7-8868-443e-8eaf-dc6c155958b0	5	58042530	66149514	5021	-0.6317
14d6cfc7-8868-443e-8eaf-dc6c155958b0	5	66150114	66154368	2	-2.6668
14d6cfc7-8868-443e-8eaf-dc6c155958b0	5	66154390	66248269	54	-0.5521
14d6cfc7-8868-443e-8eaf-dc6c155958b0	5	66248781	69571467	2218	-0.6778
14d6cfc7-8868-443e-8eaf-dc6c155958b0	5	69779150	71358245	25	-0.0352
14d6cfc7-8868-443e-8eaf-dc6c155958b0	5	71364924	82122944	6877	-0.6714
14d6cfc7-8868-443e-8eaf-dc6c155958b0	5	82123459	82131663	3	-2.5186
14d6cfc7-8868-443e-8eaf-dc6c155958b0	5	82132219	82666605	361	-0.6658
14d6cfc7-8868-443e-8eaf-dc6c155958b0	5	82666687	106897005	13686	-0.6065
14d6cfc7-8868-443e-8eaf-dc6c155958b0	5	106897146	116962581	7219	0.1227
14d6cfc7-8868-443e-8eaf-dc6c155958b0	5	116966258	122325121	3515	0.1789
14d6cfc7-8868-443e-8eaf-dc6c155958b0	5	122330494	122344856	12	0.4264
14d6cfc7-8868-443e-8eaf-dc6c155958b0	5	122344875	165642990	27610	0.1333
14d6cfc7-8868-443e-8eaf-dc6c155958b0	5	165643296	165643373	2	-2.1183
14d6cfc7-8868-443e-8eaf-dc6c155958b0	5	165649609	177771448	8501	0.1223
14d6cfc7-8868-443e-8eaf-dc6c155958b0	5	177800550	177805604	3	3.2624
14d6cfc7-8868-443e-8eaf-dc6c155958b0	5	177827964	177889739	9	-0.5538
14d6cfc7-8868-443e-8eaf-dc6c155958b0	5	177897736	178680821	438	0.1061
14d6cfc7-8868-443e-8eaf-dc6c155958b0	5	178682974	178686162	3	-2.0654
14d6cfc7-8868-443e-8eaf-dc6c155958b0	5	178691854	181363319	1534	0.1038
14d6cfc7-8868-443e-8eaf-dc6c155958b0	6	149661	254267	100	0.0929
14d6cfc7-8868-443e-8eaf-dc6c155958b0	6	254283	382897	104	-0.2925
14d6cfc7-8868-443e-8eaf-dc6c155958b0	6	384109	2271945	1560	0.0577
14d6cfc7-8868-443e-8eaf-dc6c155958b0	6	2272689	2272737	2	-2.4569
14d6cfc7-8868-443e-8eaf-dc6c155958b0	6	2275700	6025978	3082	0.0866
14d6cfc7-8868-443e-8eaf-dc6c155958b0	6	6033698	6034203	3	-3.1703
14d6cfc7-8868-443e-8eaf-dc6c155958b0	6	6036812	7913450	1610	0.115
14d6cfc7-8868-443e-8eaf-dc6c155958b0	6	7915974	7916853	3	-3.1926
14d6cfc7-8868-443e-8eaf-dc6c155958b0	6	7917295	9177642	925	0.1047
14d6cfc7-8868-443e-8eaf-dc6c155958b0	6	9196445	14127919	3690	0.5747
14d6cfc7-8868-443e-8eaf-dc6c155958b0	6	14127946	15840448	1277	0.4107
14d6cfc7-8868-443e-8eaf-dc6c155958b0	6	15845245	18674642	2125	-0.1045
14d6cfc7-8868-443e-8eaf-dc6c155958b0	6	18680911	19039888	298	0.1489
14d6cfc7-8868-443e-8eaf-dc6c155958b0	6	19041950	19042125	2	-3.8271
14d6cfc7-8868-443e-8eaf-dc6c155958b0	6	19042587	21160216	1538	0.1345
14d6cfc7-8868-443e-8eaf-dc6c155958b0	6	21161421	23742789	1896	0.5834
14d6cfc7-8868-443e-8eaf-dc6c155958b0	6	23744444	23745202	2	-3.2962
14d6cfc7-8868-443e-8eaf-dc6c155958b0	6	23747504	24253511	377	0.6254
14d6cfc7-8868-443e-8eaf-dc6c155958b0	6	24256324	24268525	3	1.7675
14d6cfc7-8868-443e-8eaf-dc6c155958b0	6	24278602	26743855	1643	0.6023
14d6cfc7-8868-443e-8eaf-dc6c155958b0	6	26747492	26831719	6	-0.8638
14d6cfc7-8868-443e-8eaf-dc6c155958b0	6	26831866	29868859	1411	0.5638
14d6cfc7-8868-443e-8eaf-dc6c155958b0	6	29868926	29875657	12	0.2197
14d6cfc7-8868-443e-8eaf-dc6c155958b0	6	29876257	29882419	8	-0.8697
14d6cfc7-8868-443e-8eaf-dc6c155958b0	6	29882497	30119999	124	0.4835
14d6cfc7-8868-443e-8eaf-dc6c155958b0	6	30124930	31309909	536	-0.6332
14d6cfc7-8868-443e-8eaf-dc6c155958b0	6	31313046	31328176	9	0.4569
14d6cfc7-8868-443e-8eaf-dc6c155958b0	6	31328210	32486746	504	-0.6091
14d6cfc7-8868-443e-8eaf-dc6c155958b0	6	32488906	32602588	28	0.147
14d6cfc7-8868-443e-8eaf-dc6c155958b0	6	32605994	32836293	173	-0.5831
14d6cfc7-8868-443e-8eaf-dc6c155958b0	6	32836522	39726673	4283	-0.648
14d6cfc7-8868-443e-8eaf-dc6c155958b0	6	39726919	41319254	1266	-0.7324
14d6cfc7-8868-443e-8eaf-dc6c155958b0	6	41319617	47398516	3773	-0.6364
14d6cfc7-8868-443e-8eaf-dc6c155958b0	6	47399414	65000836	8704	-0.6039
14d6cfc7-8868-443e-8eaf-dc6c155958b0	6	65001506	65003844	2	-3.2925
14d6cfc7-8868-443e-8eaf-dc6c155958b0	6	65007491	65115735	77	-0.6202
14d6cfc7-8868-443e-8eaf-dc6c155958b0	6	65116654	65121791	11	-1.4047
14d6cfc7-8868-443e-8eaf-dc6c155958b0	6	65124288	66328153	808	-0.5678
14d6cfc7-8868-443e-8eaf-dc6c155958b0	6	66331020	66333299	7	-2.0425
14d6cfc7-8868-443e-8eaf-dc6c155958b0	6	66333342	73882142	5007	-0.6015
14d6cfc7-8868-443e-8eaf-dc6c155958b0	6	73882509	73891694	10	0.1761
14d6cfc7-8868-443e-8eaf-dc6c155958b0	6	73893839	78147549	2680	-0.5762
14d6cfc7-8868-443e-8eaf-dc6c155958b0	6	78148564	78253172	86	0.2132
14d6cfc7-8868-443e-8eaf-dc6c155958b0	6	78259348	78325468	112	-1.8355
14d6cfc7-8868-443e-8eaf-dc6c155958b0	6	78329517	92481088	8994	0.1495
14d6cfc7-8868-443e-8eaf-dc6c155958b0	6	92494001	103299735	6490	-0.6188
14d6cfc7-8868-443e-8eaf-dc6c155958b0	6	103299855	103314186	31	-1.5122
14d6cfc7-8868-443e-8eaf-dc6c155958b0	6	103317795	114874292	7244	-0.6145
14d6cfc7-8868-443e-8eaf-dc6c155958b0	6	114881368	114881626	4	-5.2243
14d6cfc7-8868-443e-8eaf-dc6c155958b0	6	114885112	118994173	2325	-0.5539
14d6cfc7-8868-443e-8eaf-dc6c155958b0	6	118994861	125861617	4316	-0.2733
14d6cfc7-8868-443e-8eaf-dc6c155958b0	6	125862546	125865630	3	-2.6474
14d6cfc7-8868-443e-8eaf-dc6c155958b0	6	125867747	130384964	2744	-0.2643
14d6cfc7-8868-443e-8eaf-dc6c155958b0	6	130392513	130392579	2	-3.2552
14d6cfc7-8868-443e-8eaf-dc6c155958b0	6	130393194	130819903	306	-0.3469
14d6cfc7-8868-443e-8eaf-dc6c155958b0	6	130824234	130907584	69	-3.5701
14d6cfc7-8868-443e-8eaf-dc6c155958b0	6	130907627	150992335	13272	-0.2812
14d6cfc7-8868-443e-8eaf-dc6c155958b0	6	150994905	150997402	2	-2.6943
14d6cfc7-8868-443e-8eaf-dc6c155958b0	6	150998407	154391179	2545	-0.2352
14d6cfc7-8868-443e-8eaf-dc6c155958b0	6	154392627	154393833	4	-1.3473
14d6cfc7-8868-443e-8eaf-dc6c155958b0	6	154396308	156777013	1664	-0.2834
14d6cfc7-8868-443e-8eaf-dc6c155958b0	6	156782487	156826529	26	0.4658
14d6cfc7-8868-443e-8eaf-dc6c155958b0	6	156833636	167247187	7570	-0.2988
14d6cfc7-8868-443e-8eaf-dc6c155958b0	6	167249024	170741917	2075	-0.362
14d6cfc7-8868-443e-8eaf-dc6c155958b0	7	43355	832218	187	-0.7617
14d6cfc7-8868-443e-8eaf-dc6c155958b0	7	832463	839066	3	-2.4132
14d6cfc7-8868-443e-8eaf-dc6c155958b0	7	839130	4561046	2254	-0.6977
14d6cfc7-8868-443e-8eaf-dc6c155958b0	7	4564327	6799093	972	-0.5957
14d6cfc7-8868-443e-8eaf-dc6c155958b0	7	6814479	6827447	6	-1.8156
14d6cfc7-8868-443e-8eaf-dc6c155958b0	7	6828011	6853677	9	-0.5386
14d6cfc7-8868-443e-8eaf-dc6c155958b0	7	6858609	6880649	9	-1.9749
14d6cfc7-8868-443e-8eaf-dc6c155958b0	7	6889070	9725634	2423	-0.62
14d6cfc7-8868-443e-8eaf-dc6c155958b0	7	9727840	9729587	3	-2.6355
14d6cfc7-8868-443e-8eaf-dc6c155958b0	7	9731568	19023715	7464	-0.6159
14d6cfc7-8868-443e-8eaf-dc6c155958b0	7	19024312	19024619	5	-1.9062
14d6cfc7-8868-443e-8eaf-dc6c155958b0	7	19026723	19338306	378	-0.5539
14d6cfc7-8868-443e-8eaf-dc6c155958b0	7	19340474	38347842	13778	0.1381
14d6cfc7-8868-443e-8eaf-dc6c155958b0	7	38351764	38356875	4	-1.3031
14d6cfc7-8868-443e-8eaf-dc6c155958b0	7	38361356	54305455	10994	0.1425
14d6cfc7-8868-443e-8eaf-dc6c155958b0	7	54318812	54318824	6	2.8198
14d6cfc7-8868-443e-8eaf-dc6c155958b0	7	54325795	65202846	3024	0.1405
14d6cfc7-8868-443e-8eaf-dc6c155958b0	7	65202860	65443058	144	-0.5155
14d6cfc7-8868-443e-8eaf-dc6c155958b0	7	65445563	65502854	27	-0.0359
14d6cfc7-8868-443e-8eaf-dc6c155958b0	7	65539561	65601789	9	-1.1951
14d6cfc7-8868-443e-8eaf-dc6c155958b0	7	65602041	66485771	308	0.2256
14d6cfc7-8868-443e-8eaf-dc6c155958b0	7	66486026	67293090	256	0.1181
14d6cfc7-8868-443e-8eaf-dc6c155958b0	7	67307705	67334991	14	0.6335
14d6cfc7-8868-443e-8eaf-dc6c155958b0	7	67338247	69535729	1502	0.0904
14d6cfc7-8868-443e-8eaf-dc6c155958b0	7	69541288	70955452	841	0.5716
14d6cfc7-8868-443e-8eaf-dc6c155958b0	7	70958264	70961155	2	-2.3363
14d6cfc7-8868-443e-8eaf-dc6c155958b0	7	70963257	75961490	1933	0.5762
14d6cfc7-8868-443e-8eaf-dc6c155958b0	7	75962111	76378474	180	0.9958
14d6cfc7-8868-443e-8eaf-dc6c155958b0	7	76378492	76514576	29	0.5303
14d6cfc7-8868-443e-8eaf-dc6c155958b0	7	76524031	76531991	5	-0.4507
14d6cfc7-8868-443e-8eaf-dc6c155958b0	7	76532105	76608592	18	0.6845
14d6cfc7-8868-443e-8eaf-dc6c155958b0	7	76632173	76632839	2	-1.4313
14d6cfc7-8868-443e-8eaf-dc6c155958b0	7	76637700	85581892	5941	0.201
14d6cfc7-8868-443e-8eaf-dc6c155958b0	7	85589423	97756658	7590	0.1437
14d6cfc7-8868-443e-8eaf-dc6c155958b0	7	97766148	97773163	16	-0.8248
14d6cfc7-8868-443e-8eaf-dc6c155958b0	7	97774928	101313284	1508	0.1283
14d6cfc7-8868-443e-8eaf-dc6c155958b0	7	101317674	101320594	4	-1.9368
14d6cfc7-8868-443e-8eaf-dc6c155958b0	7	101322320	102936525	657	0.115
14d6cfc7-8868-443e-8eaf-dc6c155958b0	7	102936716	102945650	2	-1.5127
14d6cfc7-8868-443e-8eaf-dc6c155958b0	7	102945855	105577702	1640	0.1466
14d6cfc7-8868-443e-8eaf-dc6c155958b0	7	105580650	109797035	2792	0.6125
14d6cfc7-8868-443e-8eaf-dc6c155958b0	7	109797036	109813853	34	-0.0565
14d6cfc7-8868-443e-8eaf-dc6c155958b0	7	109813925	116289971	3899	0.6224
14d6cfc7-8868-443e-8eaf-dc6c155958b0	7	116294646	116301612	7	-0.4695
14d6cfc7-8868-443e-8eaf-dc6c155958b0	7	116303460	126404920	6128	0.6414
14d6cfc7-8868-443e-8eaf-dc6c155958b0	7	126405428	126406827	18	-0.8106
14d6cfc7-8868-443e-8eaf-dc6c155958b0	7	126412712	137120006	6809	0.6002
14d6cfc7-8868-443e-8eaf-dc6c155958b0	7	137120201	138301056	790	0.927
14d6cfc7-8868-443e-8eaf-dc6c155958b0	7	138301210	138320926	12	0.2957
14d6cfc7-8868-443e-8eaf-dc6c155958b0	7	138323486	141303245	1827	0.9285
14d6cfc7-8868-443e-8eaf-dc6c155958b0	7	141304226	141304510	2	-2.2264
14d6cfc7-8868-443e-8eaf-dc6c155958b0	7	141304666	159334314	11385	0.9094
14d6cfc7-8868-443e-8eaf-dc6c155958b0	8	81254	643041	321	-0.7728
14d6cfc7-8868-443e-8eaf-dc6c155958b0	8	644944	645908	10	1.1539
14d6cfc7-8868-443e-8eaf-dc6c155958b0	8	656117	2844412	1708	-0.728
14d6cfc7-8868-443e-8eaf-dc6c155958b0	8	2846011	2846377	7	-2.4177
14d6cfc7-8868-443e-8eaf-dc6c155958b0	8	2849649	4145783	1657	-0.7159
14d6cfc7-8868-443e-8eaf-dc6c155958b0	8	4145941	4145956	2	-3.7612
14d6cfc7-8868-443e-8eaf-dc6c155958b0	8	4146039	6956923	3874	-0.6766
14d6cfc7-8868-443e-8eaf-dc6c155958b0	8	6957134	6957806	5	-2.5407
14d6cfc7-8868-443e-8eaf-dc6c155958b0	8	6958057	7397588	155	-0.6397
14d6cfc7-8868-443e-8eaf-dc6c155958b0	8	7414835	8214781	46	-0.2052
14d6cfc7-8868-443e-8eaf-dc6c155958b0	8	8234503	12376891	3237	-0.6732
14d6cfc7-8868-443e-8eaf-dc6c155958b0	8	12382326	12616034	38	-0.1408
14d6cfc7-8868-443e-8eaf-dc6c155958b0	8	12616049	13947089	1279	-0.6671
14d6cfc7-8868-443e-8eaf-dc6c155958b0	8	13947497	13951214	4	-2.4147
14d6cfc7-8868-443e-8eaf-dc6c155958b0	8	13952552	14426755	433	-0.6021
14d6cfc7-8868-443e-8eaf-dc6c155958b0	8	14427181	14428811	5	-1.6258
14d6cfc7-8868-443e-8eaf-dc6c155958b0	8	14429043	14652059	220	-0.6663
14d6cfc7-8868-443e-8eaf-dc6c155958b0	8	14652523	14652565	3	0.7582
14d6cfc7-8868-443e-8eaf-dc6c155958b0	8	14652887	15543669	774	-0.6476
14d6cfc7-8868-443e-8eaf-dc6c155958b0	8	15545551	15554099	8	-3.1499
14d6cfc7-8868-443e-8eaf-dc6c155958b0	8	15555938	18141068	2373	-0.6131
14d6cfc7-8868-443e-8eaf-dc6c155958b0	8	18141143	18143457	3	-2.3164
14d6cfc7-8868-443e-8eaf-dc6c155958b0	8	18143743	23412389	4046	-0.6687
14d6cfc7-8868-443e-8eaf-dc6c155958b0	8	23412600	23500730	48	0.1352
14d6cfc7-8868-443e-8eaf-dc6c155958b0	8	23502448	24042669	406	-0.6817
14d6cfc7-8868-443e-8eaf-dc6c155958b0	8	24042960	24043381	2	-3.4938
14d6cfc7-8868-443e-8eaf-dc6c155958b0	8	24052408	25116961	781	-0.6457
14d6cfc7-8868-443e-8eaf-dc6c155958b0	8	25117007	25126818	25	-2.6318
14d6cfc7-8868-443e-8eaf-dc6c155958b0	8	25133589	32821151	5425	-0.649
14d6cfc7-8868-443e-8eaf-dc6c155958b0	8	32821197	32834820	14	-0.0109
14d6cfc7-8868-443e-8eaf-dc6c155958b0	8	32834838	35758407	1668	-0.6491
14d6cfc7-8868-443e-8eaf-dc6c155958b0	8	35759510	36133240	161	0.5795
14d6cfc7-8868-443e-8eaf-dc6c155958b0	8	36135193	39373140	1747	0.1347
14d6cfc7-8868-443e-8eaf-dc6c155958b0	8	39378084	39529446	58	-1.9955
14d6cfc7-8868-443e-8eaf-dc6c155958b0	8	39530780	110379259	41539	0.1486
14d6cfc7-8868-443e-8eaf-dc6c155958b0	8	110380191	116258812	3345	0.6536
14d6cfc7-8868-443e-8eaf-dc6c155958b0	8	116264530	116444211	110	0.8425
14d6cfc7-8868-443e-8eaf-dc6c155958b0	8	116444899	118018152	1074	0.914
14d6cfc7-8868-443e-8eaf-dc6c155958b0	8	118018782	118110956	89	1.1272
14d6cfc7-8868-443e-8eaf-dc6c155958b0	8	118113357	123026236	3455	0.9294
14d6cfc7-8868-443e-8eaf-dc6c155958b0	8	123031724	128105690	3593	0.8698
14d6cfc7-8868-443e-8eaf-dc6c155958b0	8	128105711	128631250	435	1.0849
14d6cfc7-8868-443e-8eaf-dc6c155958b0	8	128632988	136665432	6140	0.8859
14d6cfc7-8868-443e-8eaf-dc6c155958b0	8	136665580	136850192	178	0.078
14d6cfc7-8868-443e-8eaf-dc6c155958b0	8	136851164	137772458	720	0.8729
14d6cfc7-8868-443e-8eaf-dc6c155958b0	8	137772786	137774067	2	-0.2821
14d6cfc7-8868-443e-8eaf-dc6c155958b0	8	137774793	139366345	1373	0.8685
14d6cfc7-8868-443e-8eaf-dc6c155958b0	8	139366630	139367227	4	0.0006
14d6cfc7-8868-443e-8eaf-dc6c155958b0	8	139367777	139591259	238	0.8948
14d6cfc7-8868-443e-8eaf-dc6c155958b0	8	139592093	139592379	3	2.0168
14d6cfc7-8868-443e-8eaf-dc6c155958b0	8	139592400	140504085	614	0.8914
14d6cfc7-8868-443e-8eaf-dc6c155958b0	8	140504738	140788132	122	1.2519
14d6cfc7-8868-443e-8eaf-dc6c155958b0	8	140791230	140828261	25	0.8613
14d6cfc7-8868-443e-8eaf-dc6c155958b0	8	140832687	140996875	115	1.0605
14d6cfc7-8868-443e-8eaf-dc6c155958b0	8	140997627	143222462	1140	0.885
14d6cfc7-8868-443e-8eaf-dc6c155958b0	8	143227585	143227622	2	-2.4732
14d6cfc7-8868-443e-8eaf-dc6c155958b0	8	143227655	143228447	8	0.1231
14d6cfc7-8868-443e-8eaf-dc6c155958b0	8	143232207	143520527	90	0.9615
14d6cfc7-8868-443e-8eaf-dc6c155958b0	8	143524975	144843776	404	1.3785
14d6cfc7-8868-443e-8eaf-dc6c155958b0	8	144843995	145072769	138	0.9829
14d6cfc7-8868-443e-8eaf-dc6c155958b0	9	46587	41533430	31271	0.144
14d6cfc7-8868-443e-8eaf-dc6c155958b0	9	41569585	42179276	49	-0.4885
14d6cfc7-8868-443e-8eaf-dc6c155958b0	9	42202227	85084731	12405	0.1595
14d6cfc7-8868-443e-8eaf-dc6c155958b0	9	85084964	91631964	4767	0.1109
14d6cfc7-8868-443e-8eaf-dc6c155958b0	9	91639868	91641163	17	-0.7247
14d6cfc7-8868-443e-8eaf-dc6c155958b0	9	91641263	96838200	3279	0.1085
14d6cfc7-8868-443e-8eaf-dc6c155958b0	9	96842652	111888625	10969	0.1488
14d6cfc7-8868-443e-8eaf-dc6c155958b0	9	111892818	112062920	121	0.6238
14d6cfc7-8868-443e-8eaf-dc6c155958b0	9	112067489	113263754	811	0.1654
14d6cfc7-8868-443e-8eaf-dc6c155958b0	9	113264008	113671221	240	-0.6799
14d6cfc7-8868-443e-8eaf-dc6c155958b0	9	113674597	116243355	1957	0.147
14d6cfc7-8868-443e-8eaf-dc6c155958b0	9	116245001	116258767	10	-0.6974
14d6cfc7-8868-443e-8eaf-dc6c155958b0	9	116260034	118570644	1994	0.0973
14d6cfc7-8868-443e-8eaf-dc6c155958b0	9	118573774	121581314	2286	0.1504
14d6cfc7-8868-443e-8eaf-dc6c155958b0	9	121581421	124285295	1733	0.1093
14d6cfc7-8868-443e-8eaf-dc6c155958b0	9	124288265	124356893	42	-0.2213
14d6cfc7-8868-443e-8eaf-dc6c155958b0	9	124356999	128284628	2283	0.1455
14d6cfc7-8868-443e-8eaf-dc6c155958b0	9	128286481	132836885	2646	-0.6595
14d6cfc7-8868-443e-8eaf-dc6c155958b0	9	132841311	132869689	26	0.1
14d6cfc7-8868-443e-8eaf-dc6c155958b0	9	132874686	133699000	532	-0.6237
14d6cfc7-8868-443e-8eaf-dc6c155958b0	9	133700190	136323331	1400	-0.7358
14d6cfc7-8868-443e-8eaf-dc6c155958b0	9	136362835	138177075	672	-0.6185
14d6cfc7-8868-443e-8eaf-dc6c155958b0	9	138177488	138200944	6	0.5871
14d6cfc7-8868-443e-8eaf-dc6c155958b0	10	45792	14781613	12614	0.1444
14d6cfc7-8868-443e-8eaf-dc6c155958b0	10	14784793	14795884	9	-0.815
14d6cfc7-8868-443e-8eaf-dc6c155958b0	10	14797072	16539201	1231	0.1506
14d6cfc7-8868-443e-8eaf-dc6c155958b0	10	16542367	16659422	94	0.5865
14d6cfc7-8868-443e-8eaf-dc6c155958b0	10	16661191	18549386	1468	0.1232
14d6cfc7-8868-443e-8eaf-dc6c155958b0	10	18576029	18578909	7	-0.9645
14d6cfc7-8868-443e-8eaf-dc6c155958b0	10	18582109	41716768	13653	0.138
14d6cfc7-8868-443e-8eaf-dc6c155958b0	10	41717270	42292394	49	-0.1282
14d6cfc7-8868-443e-8eaf-dc6c155958b0	10	42294580	43117611	528	0.1618
14d6cfc7-8868-443e-8eaf-dc6c155958b0	10	43117701	43118738	10	-0.638
14d6cfc7-8868-443e-8eaf-dc6c155958b0	10	43118759	43584481	281	0.1753
14d6cfc7-8868-443e-8eaf-dc6c155958b0	10	43588222	49616617	3293	0.0867
14d6cfc7-8868-443e-8eaf-dc6c155958b0	10	49616998	52881310	2252	0.16
14d6cfc7-8868-443e-8eaf-dc6c155958b0	10	52881454	63738077	7715	0.194
14d6cfc7-8868-443e-8eaf-dc6c155958b0	10	63738213	63749006	3	-1.6106
14d6cfc7-8868-443e-8eaf-dc6c155958b0	10	63751864	69173222	3562	0.1875
14d6cfc7-8868-443e-8eaf-dc6c155958b0	10	69173631	79689972	6935	0.1323
14d6cfc7-8868-443e-8eaf-dc6c155958b0	10	79736999	79737848	3	-1.4227
14d6cfc7-8868-443e-8eaf-dc6c155958b0	10	79747269	80072723	133	0.1367
14d6cfc7-8868-443e-8eaf-dc6c155958b0	10	80075930	88628969	5990	0.1887
14d6cfc7-8868-443e-8eaf-dc6c155958b0	10	88637354	88752549	92	-0.5271
14d6cfc7-8868-443e-8eaf-dc6c155958b0	10	88753502	92493869	2506	0.1961
14d6cfc7-8868-443e-8eaf-dc6c155958b0	10	92498897	92668850	66	0.6293
14d6cfc7-8868-443e-8eaf-dc6c155958b0	10	92673616	93426105	474	0.1448
14d6cfc7-8868-443e-8eaf-dc6c155958b0	10	93426401	93504750	71	0.637
14d6cfc7-8868-443e-8eaf-dc6c155958b0	10	93508605	96021025	1486	0.1483
14d6cfc7-8868-443e-8eaf-dc6c155958b0	10	96021148	96021459	3	-2.7644
14d6cfc7-8868-443e-8eaf-dc6c155958b0	10	96023610	101341747	3396	0.1229
14d6cfc7-8868-443e-8eaf-dc6c155958b0	10	101343081	115129126	9253	0.1485
14d6cfc7-8868-443e-8eaf-dc6c155958b0	10	115129350	115171738	26	0.5825
14d6cfc7-8868-443e-8eaf-dc6c155958b0	10	115175296	117397873	1511	0.1563
14d6cfc7-8868-443e-8eaf-dc6c155958b0	10	117397974	133654968	11988	0.1109
14d6cfc7-8868-443e-8eaf-dc6c155958b0	11	198510	202179	3	0.1235
14d6cfc7-8868-443e-8eaf-dc6c155958b0	11	206767	4251190	1745	-0.6181
14d6cfc7-8868-443e-8eaf-dc6c155958b0	11	4251232	4298483	12	0.0326
14d6cfc7-8868-443e-8eaf-dc6c155958b0	11	4298484	4946166	657	-0.6715
14d6cfc7-8868-443e-8eaf-dc6c155958b0	11	4946420	4955042	31	0.3013
14d6cfc7-8868-443e-8eaf-dc6c155958b0	11	4955781	5755365	767	-0.6735
14d6cfc7-8868-443e-8eaf-dc6c155958b0	11	5755393	5787146	47	-0.2465
14d6cfc7-8868-443e-8eaf-dc6c155958b0	11	5787818	10926661	3580	-0.6416
14d6cfc7-8868-443e-8eaf-dc6c155958b0	11	10926705	13248245	2179	-0.716
14d6cfc7-8868-443e-8eaf-dc6c155958b0	11	13248374	18443284	3354	-0.6492
14d6cfc7-8868-443e-8eaf-dc6c155958b0	11	18446831	18919323	294	0.1464
14d6cfc7-8868-443e-8eaf-dc6c155958b0	11	18927525	18939631	34	-1.0662
14d6cfc7-8868-443e-8eaf-dc6c155958b0	11	18939734	55592092	21779	0.1183
14d6cfc7-8868-443e-8eaf-dc6c155958b0	11	55593885	56813468	811	0.2195
14d6cfc7-8868-443e-8eaf-dc6c155958b0	11	56815301	62321517	3235	0.1435
14d6cfc7-8868-443e-8eaf-dc6c155958b0	11	62326412	62608471	139	-0.07
14d6cfc7-8868-443e-8eaf-dc6c155958b0	11	62608598	67571111	2044	0.1604
14d6cfc7-8868-443e-8eaf-dc6c155958b0	11	67575950	71840556	2205	0.0895
14d6cfc7-8868-443e-8eaf-dc6c155958b0	11	71841619	81787763	6202	0.1429
14d6cfc7-8868-443e-8eaf-dc6c155958b0	11	81792426	81806116	11	-0.4644
14d6cfc7-8868-443e-8eaf-dc6c155958b0	11	81811590	83502796	1095	0.1519
14d6cfc7-8868-443e-8eaf-dc6c155958b0	11	83504031	83604301	70	0.5174
14d6cfc7-8868-443e-8eaf-dc6c155958b0	11	83607383	89754781	4111	0.5993
14d6cfc7-8868-443e-8eaf-dc6c155958b0	11	89759710	89796439	4	-0.983
14d6cfc7-8868-443e-8eaf-dc6c155958b0	11	89802300	95495015	3892	0.5862
14d6cfc7-8868-443e-8eaf-dc6c155958b0	11	95496118	95519892	43	0.1341
14d6cfc7-8868-443e-8eaf-dc6c155958b0	11	95520212	96072527	414	0.5991
14d6cfc7-8868-443e-8eaf-dc6c155958b0	11	96072649	96072843	7	-0.4235
14d6cfc7-8868-443e-8eaf-dc6c155958b0	11	96084035	112321799	11269	0.6136
14d6cfc7-8868-443e-8eaf-dc6c155958b0	11	112324080	118188269	4283	0.5568
14d6cfc7-8868-443e-8eaf-dc6c155958b0	11	118189845	118360024	103	0.1539
14d6cfc7-8868-443e-8eaf-dc6c155958b0	11	118360869	122963479	3206	0.5538
14d6cfc7-8868-443e-8eaf-dc6c155958b0	11	122963496	122963642	2	-1.1172
14d6cfc7-8868-443e-8eaf-dc6c155958b0	11	122963655	135074876	9227	0.557
14d6cfc7-8868-443e-8eaf-dc6c155958b0	12	51460	64156	3	0.1432
14d6cfc7-8868-443e-8eaf-dc6c155958b0	12	69671	696285	389	0.605
14d6cfc7-8868-443e-8eaf-dc6c155958b0	12	698884	770824	62	0.8703
14d6cfc7-8868-443e-8eaf-dc6c155958b0	12	774012	4276438	2424	0.605
14d6cfc7-8868-443e-8eaf-dc6c155958b0	12	4276627	4276884	3	2.0005
14d6cfc7-8868-443e-8eaf-dc6c155958b0	12	4277067	5459738	1077	0.5641
14d6cfc7-8868-443e-8eaf-dc6c155958b0	12	5460822	6129984	572	0.122
14d6cfc7-8868-443e-8eaf-dc6c155958b0	12	6130600	7581618	699	0.213
14d6cfc7-8868-443e-8eaf-dc6c155958b0	12	7581650	9474642	942	0.1348
14d6cfc7-8868-443e-8eaf-dc6c155958b0	12	9477960	9575696	25	1.2388
14d6cfc7-8868-443e-8eaf-dc6c155958b0	12	9582373	12377763	2030	0.1573
14d6cfc7-8868-443e-8eaf-dc6c155958b0	12	12383285	12388935	17	-0.6399
14d6cfc7-8868-443e-8eaf-dc6c155958b0	12	12389946	33148600	14548	0.1615
14d6cfc7-8868-443e-8eaf-dc6c155958b0	12	33148627	33154144	22	-0.54
14d6cfc7-8868-443e-8eaf-dc6c155958b0	12	33154440	49666611	7905	0.153
14d6cfc7-8868-443e-8eaf-dc6c155958b0	12	49673284	49674306	2	-1.6056
14d6cfc7-8868-443e-8eaf-dc6c155958b0	12	49694237	51993006	1186	0.1152
14d6cfc7-8868-443e-8eaf-dc6c155958b0	12	51995723	52298689	228	0.8646
14d6cfc7-8868-443e-8eaf-dc6c155958b0	12	52298886	52402452	112	0.6087
14d6cfc7-8868-443e-8eaf-dc6c155958b0	12	52404580	65764738	8003	0.1516
14d6cfc7-8868-443e-8eaf-dc6c155958b0	12	65769672	65781398	11	-0.6848
14d6cfc7-8868-443e-8eaf-dc6c155958b0	12	65784980	70531354	3361	0.1493
14d6cfc7-8868-443e-8eaf-dc6c155958b0	12	70531857	74444204	2389	0.2011
14d6cfc7-8868-443e-8eaf-dc6c155958b0	12	74449133	74726548	175	0.1347
14d6cfc7-8868-443e-8eaf-dc6c155958b0	12	74727538	74728217	2	-1.503
14d6cfc7-8868-443e-8eaf-dc6c155958b0	12	74728958	80446147	3757	0.1547
14d6cfc7-8868-443e-8eaf-dc6c155958b0	12	80446276	80456533	2	-2.062
14d6cfc7-8868-443e-8eaf-dc6c155958b0	12	80458189	87369552	4111	0.1799
14d6cfc7-8868-443e-8eaf-dc6c155958b0	12	87369610	87369847	8	0.8835
14d6cfc7-8868-443e-8eaf-dc6c155958b0	12	87370018	90089066	1591	0.1435
14d6cfc7-8868-443e-8eaf-dc6c155958b0	12	90089570	90098297	9	0.8416
14d6cfc7-8868-443e-8eaf-dc6c155958b0	12	90099780	91379597	840	0.1771
14d6cfc7-8868-443e-8eaf-dc6c155958b0	12	91380415	92939094	1088	0.5916
14d6cfc7-8868-443e-8eaf-dc6c155958b0	12	92951291	131636170	26704	0.0976
14d6cfc7-8868-443e-8eaf-dc6c155958b0	12	131648039	131648790	13	-2.0852
14d6cfc7-8868-443e-8eaf-dc6c155958b0	12	131657925	131940964	128	0.0895
14d6cfc7-8868-443e-8eaf-dc6c155958b0	12	131943296	131944084	2	-1.8718
14d6cfc7-8868-443e-8eaf-dc6c155958b0	12	131944896	133201603	429	0.1003
14d6cfc7-8868-443e-8eaf-dc6c155958b0	13	18452809	19049573	213	-0.5454
14d6cfc7-8868-443e-8eaf-dc6c155958b0	13	19051012	19051129	2	-3.0997
14d6cfc7-8868-443e-8eaf-dc6c155958b0	13	19051200	20207531	636	-0.5557
14d6cfc7-8868-443e-8eaf-dc6c155958b0	13	20207787	30921698	7926	-0.6747
14d6cfc7-8868-443e-8eaf-dc6c155958b0	13	30924582	42198138	7959	-0.623
14d6cfc7-8868-443e-8eaf-dc6c155958b0	13	42198292	48293255	4174	-0.662
14d6cfc7-8868-443e-8eaf-dc6c155958b0	13	48297647	48305895	12	-1.7551
14d6cfc7-8868-443e-8eaf-dc6c155958b0	13	48306012	48957415	582	-0.569
14d6cfc7-8868-443e-8eaf-dc6c155958b0	13	48959579	48962368	2	-3.6293
14d6cfc7-8868-443e-8eaf-dc6c155958b0	13	48963569	97875020	30458	-0.6026
14d6cfc7-8868-443e-8eaf-dc6c155958b0	13	97877870	97878542	5	-6.3563
14d6cfc7-8868-443e-8eaf-dc6c155958b0	13	97879211	99747817	1297	-0.6477
14d6cfc7-8868-443e-8eaf-dc6c155958b0	13	99749422	99756850	7	-4.1875
14d6cfc7-8868-443e-8eaf-dc6c155958b0	13	99759744	103625501	3010	-0.6403
14d6cfc7-8868-443e-8eaf-dc6c155958b0	13	103625595	105132216	1245	-0.5687
14d6cfc7-8868-443e-8eaf-dc6c155958b0	13	105135702	109231291	3326	-0.6412
14d6cfc7-8868-443e-8eaf-dc6c155958b0	13	109232334	109257900	22	-1.1843
14d6cfc7-8868-443e-8eaf-dc6c155958b0	13	109261202	109965862	550	-0.631
14d6cfc7-8868-443e-8eaf-dc6c155958b0	13	109966484	111377040	1118	-0.681
14d6cfc7-8868-443e-8eaf-dc6c155958b0	13	111377313	111378130	4	-1.8464
14d6cfc7-8868-443e-8eaf-dc6c155958b0	13	111380453	112869676	897	-0.7288
14d6cfc7-8868-443e-8eaf-dc6c155958b0	13	112869878	114342922	653	-0.6396
14d6cfc7-8868-443e-8eaf-dc6c155958b0	14	18239283	18646056	16	0.0204
14d6cfc7-8868-443e-8eaf-dc6c155958b0	14	18656322	18693043	9	-0.8966
14d6cfc7-8868-443e-8eaf-dc6c155958b0	14	18950560	19256296	18	-0.0421
14d6cfc7-8868-443e-8eaf-dc6c155958b0	14	19280948	19954424	123	0.3551
14d6cfc7-8868-443e-8eaf-dc6c155958b0	14	19955213	20592128	489	0.1289
14d6cfc7-8868-443e-8eaf-dc6c155958b0	14	20592258	20593008	5	-0.8037
14d6cfc7-8868-443e-8eaf-dc6c155958b0	14	20596858	24515494	2533	0.1353
14d6cfc7-8868-443e-8eaf-dc6c155958b0	14	24524307	24543414	9	-0.5552
14d6cfc7-8868-443e-8eaf-dc6c155958b0	14	24543766	24835787	217	0.1118
14d6cfc7-8868-443e-8eaf-dc6c155958b0	14	24839181	24839886	2	-1.4689
14d6cfc7-8868-443e-8eaf-dc6c155958b0	14	24840372	40139724	9627	0.1228
14d6cfc7-8868-443e-8eaf-dc6c155958b0	14	40144718	40147715	2	-2.3326
14d6cfc7-8868-443e-8eaf-dc6c155958b0	14	40148961	48429351	5036	0.1487
14d6cfc7-8868-443e-8eaf-dc6c155958b0	14	48429671	48431939	3	-1.3666
14d6cfc7-8868-443e-8eaf-dc6c155958b0	14	48432766	54388077	3835	0.124
14d6cfc7-8868-443e-8eaf-dc6c155958b0	14	54388835	54516669	62	0.5983
14d6cfc7-8868-443e-8eaf-dc6c155958b0	14	54517850	64772267	6772	0.1147
14d6cfc7-8868-443e-8eaf-dc6c155958b0	14	64773176	65517665	492	0.5582
14d6cfc7-8868-443e-8eaf-dc6c155958b0	14	65522217	66623928	612	0.0793
14d6cfc7-8868-443e-8eaf-dc6c155958b0	14	66623936	69271415	1561	0.1413
14d6cfc7-8868-443e-8eaf-dc6c155958b0	14	69271994	72338125	2035	0.0793
14d6cfc7-8868-443e-8eaf-dc6c155958b0	14	72338572	72346329	24	-0.3386
14d6cfc7-8868-443e-8eaf-dc6c155958b0	14	72346417	73540003	773	0.0642
14d6cfc7-8868-443e-8eaf-dc6c155958b0	14	73540147	73563196	8	0.9388
14d6cfc7-8868-443e-8eaf-dc6c155958b0	14	73563211	74103237	276	0.1488
14d6cfc7-8868-443e-8eaf-dc6c155958b0	14	74103405	74104702	7	0.5842
14d6cfc7-8868-443e-8eaf-dc6c155958b0	14	74105984	74208193	86	0.1604
14d6cfc7-8868-443e-8eaf-dc6c155958b0	14	74212422	79766951	3766	0.0974
14d6cfc7-8868-443e-8eaf-dc6c155958b0	14	79767475	81297445	962	0.1516
14d6cfc7-8868-443e-8eaf-dc6c155958b0	14	81298783	81588874	182	0.6362
14d6cfc7-8868-443e-8eaf-dc6c155958b0	14	81589001	81728516	99	0.0596
14d6cfc7-8868-443e-8eaf-dc6c155958b0	14	81732790	85202757	2307	0.1585
14d6cfc7-8868-443e-8eaf-dc6c155958b0	14	85202951	106877229	13484	0.0955
14d6cfc7-8868-443e-8eaf-dc6c155958b0	15	19811075	20206773	59	0.1824
14d6cfc7-8868-443e-8eaf-dc6c155958b0	15	20207225	22576496	154	-0.3191
14d6cfc7-8868-443e-8eaf-dc6c155958b0	15	22582296	23396367	310	0.1409
14d6cfc7-8868-443e-8eaf-dc6c155958b0	15	23398898	23420338	10	-0.6881
14d6cfc7-8868-443e-8eaf-dc6c155958b0	15	23425837	23643119	156	0.0947
14d6cfc7-8868-443e-8eaf-dc6c155958b0	15	23648459	23649820	4	0.7922
14d6cfc7-8868-443e-8eaf-dc6c155958b0	15	23650488	23813652	139	0.1208
14d6cfc7-8868-443e-8eaf-dc6c155958b0	15	23813673	23813702	2	-1.0788
14d6cfc7-8868-443e-8eaf-dc6c155958b0	15	23813848	24418615	362	0.1102
14d6cfc7-8868-443e-8eaf-dc6c155958b0	15	24422282	24480146	38	-0.4555
14d6cfc7-8868-443e-8eaf-dc6c155958b0	15	24482084	30314058	3622	0.1156
14d6cfc7-8868-443e-8eaf-dc6c155958b0	15	30440076	30608675	11	1.0747
14d6cfc7-8868-443e-8eaf-dc6c155958b0	15	30621384	32240890	1057	0.1194
14d6cfc7-8868-443e-8eaf-dc6c155958b0	15	32254157	32382193	12	0.6968
14d6cfc7-8868-443e-8eaf-dc6c155958b0	15	32484010	33712404	1010	0.1064
14d6cfc7-8868-443e-8eaf-dc6c155958b0	15	33715178	33715226	3	1.1677
14d6cfc7-8868-443e-8eaf-dc6c155958b0	15	33718214	34421922	483	0.0943
14d6cfc7-8868-443e-8eaf-dc6c155958b0	15	34430601	34497603	54	0.3975
14d6cfc7-8868-443e-8eaf-dc6c155958b0	15	34502721	35847205	889	0.1431
14d6cfc7-8868-443e-8eaf-dc6c155958b0	15	35847556	35847585	2	-1.4921
14d6cfc7-8868-443e-8eaf-dc6c155958b0	15	35849751	41144878	3605	0.142
14d6cfc7-8868-443e-8eaf-dc6c155958b0	15	41149309	41253415	44	-0.6024
14d6cfc7-8868-443e-8eaf-dc6c155958b0	15	41256750	41307876	21	0.0944
14d6cfc7-8868-443e-8eaf-dc6c155958b0	15	41317214	43416539	1062	-0.6109
14d6cfc7-8868-443e-8eaf-dc6c155958b0	15	43420441	43592920	68	0.1393
14d6cfc7-8868-443e-8eaf-dc6c155958b0	15	43600643	43692744	22	-0.5543
14d6cfc7-8868-443e-8eaf-dc6c155958b0	15	43698230	43703690	5	0.1304
14d6cfc7-8868-443e-8eaf-dc6c155958b0	15	43721953	43975136	111	-0.5959
14d6cfc7-8868-443e-8eaf-dc6c155958b0	15	43976341	44054773	40	0.1675
14d6cfc7-8868-443e-8eaf-dc6c155958b0	15	44060018	45856324	865	-0.6207
14d6cfc7-8868-443e-8eaf-dc6c155958b0	15	45857078	56959339	7148	0.1582
14d6cfc7-8868-443e-8eaf-dc6c155958b0	15	56961409	57097740	70	0.6317
14d6cfc7-8868-443e-8eaf-dc6c155958b0	15	57098889	57101775	2	-1.241
14d6cfc7-8868-443e-8eaf-dc6c155958b0	15	57101807	57791230	565	0.5927
14d6cfc7-8868-443e-8eaf-dc6c155958b0	15	57796193	68534517	7366	0.1332
14d6cfc7-8868-443e-8eaf-dc6c155958b0	15	68534644	68536147	2	-1.7187
14d6cfc7-8868-443e-8eaf-dc6c155958b0	15	68536733	76586021	4551	0.1274
14d6cfc7-8868-443e-8eaf-dc6c155958b0	15	76598900	76603434	22	1.0736
14d6cfc7-8868-443e-8eaf-dc6c155958b0	15	76609838	83874498	4417	0.141
14d6cfc7-8868-443e-8eaf-dc6c155958b0	15	83874650	83874798	3	-1.4125
14d6cfc7-8868-443e-8eaf-dc6c155958b0	15	83878525	87980519	2819	0.1475
14d6cfc7-8868-443e-8eaf-dc6c155958b0	15	87983724	97102193	6838	0.5952
14d6cfc7-8868-443e-8eaf-dc6c155958b0	15	97102642	97144537	23	1.1224
14d6cfc7-8868-443e-8eaf-dc6c155958b0	15	97144869	101888922	3514	0.5813
14d6cfc7-8868-443e-8eaf-dc6c155958b0	15	101894806	101928837	5	0.0277
14d6cfc7-8868-443e-8eaf-dc6c155958b0	16	10777	12016	3	-0.7591
14d6cfc7-8868-443e-8eaf-dc6c155958b0	16	35827	3860926	1475	0.1518
14d6cfc7-8868-443e-8eaf-dc6c155958b0	16	3867882	3909196	22	-0.5975
14d6cfc7-8868-443e-8eaf-dc6c155958b0	16	3910927	34208816	18574	0.1177
14d6cfc7-8868-443e-8eaf-dc6c155958b0	16	34209701	35572419	298	0.5165
14d6cfc7-8868-443e-8eaf-dc6c155958b0	16	35578990	35631335	17	-0.5911
14d6cfc7-8868-443e-8eaf-dc6c155958b0	16	35643319	35981677	86	0.6262
14d6cfc7-8868-443e-8eaf-dc6c155958b0	16	35989290	69604606	15019	-0.6448
14d6cfc7-8868-443e-8eaf-dc6c155958b0	16	69614592	69620342	5	-4.3272
14d6cfc7-8868-443e-8eaf-dc6c155958b0	16	69632076	70163864	224	-0.5883
14d6cfc7-8868-443e-8eaf-dc6c155958b0	16	70164427	70212504	10	0.2107
14d6cfc7-8868-443e-8eaf-dc6c155958b0	16	70212515	72761038	1137	-0.6164
14d6cfc7-8868-443e-8eaf-dc6c155958b0	16	72765988	72766941	3	-3.7084
14d6cfc7-8868-443e-8eaf-dc6c155958b0	16	72768616	75006430	1519	-0.6651
14d6cfc7-8868-443e-8eaf-dc6c155958b0	16	75012286	77146227	1574	-0.5836
14d6cfc7-8868-443e-8eaf-dc6c155958b0	16	77148796	78335360	1262	-0.6898
14d6cfc7-8868-443e-8eaf-dc6c155958b0	16	78335535	78350868	21	0.0861
14d6cfc7-8868-443e-8eaf-dc6c155958b0	16	78351104	86250291	8209	-0.6726
14d6cfc7-8868-443e-8eaf-dc6c155958b0	16	86251753	86252183	4	-2.8203
14d6cfc7-8868-443e-8eaf-dc6c155958b0	16	86253724	86258031	20	-0.4581
14d6cfc7-8868-443e-8eaf-dc6c155958b0	16	86258042	88209918	1573	-0.7309
14d6cfc7-8868-443e-8eaf-dc6c155958b0	16	88213851	90096867	796	-0.6263
14d6cfc7-8868-443e-8eaf-dc6c155958b0	17	150733	5032537	2594	-0.6201
14d6cfc7-8868-443e-8eaf-dc6c155958b0	17	5033123	15240253	7182	-0.6823
14d6cfc7-8868-443e-8eaf-dc6c155958b0	17	15241777	15304151	46	-0.3952
14d6cfc7-8868-443e-8eaf-dc6c155958b0	17	15304432	15315951	11	-1.1776
14d6cfc7-8868-443e-8eaf-dc6c155958b0	17	15319117	15373388	33	-0.4995
14d6cfc7-8868-443e-8eaf-dc6c155958b0	17	15376375	15377325	2	-2.4173
14d6cfc7-8868-443e-8eaf-dc6c155958b0	17	15380542	16672828	579	-0.64
14d6cfc7-8868-443e-8eaf-dc6c155958b0	17	16672925	16834846	30	-0.2346
14d6cfc7-8868-443e-8eaf-dc6c155958b0	17	16838201	18347213	854	-0.6653
14d6cfc7-8868-443e-8eaf-dc6c155958b0	17	18347747	18455635	54	-0.3766
14d6cfc7-8868-443e-8eaf-dc6c155958b0	17	18458372	18550123	22	-1.7046
14d6cfc7-8868-443e-8eaf-dc6c155958b0	17	18561272	32857613	4269	-0.6199
14d6cfc7-8868-443e-8eaf-dc6c155958b0	17	32860166	37811450	3537	-0.6847
14d6cfc7-8868-443e-8eaf-dc6c155958b0	17	37814095	37828643	10	-1.5799
14d6cfc7-8868-443e-8eaf-dc6c155958b0	17	37828851	38380251	83	-0.6474
14d6cfc7-8868-443e-8eaf-dc6c155958b0	17	38382792	38405523	14	0.1046
14d6cfc7-8868-443e-8eaf-dc6c155958b0	17	38407655	39067205	308	-0.6987
14d6cfc7-8868-443e-8eaf-dc6c155958b0	17	39067506	45116313	3185	-0.6051
14d6cfc7-8868-443e-8eaf-dc6c155958b0	17	45117271	45123551	12	-3.9318
14d6cfc7-8868-443e-8eaf-dc6c155958b0	17	45128033	46136346	531	-0.6551
14d6cfc7-8868-443e-8eaf-dc6c155958b0	17	46136800	46717389	106	-0.3219
14d6cfc7-8868-443e-8eaf-dc6c155958b0	17	46717824	52236807	3109	-0.635
14d6cfc7-8868-443e-8eaf-dc6c155958b0	17	52240714	52240854	2	-3.1524
14d6cfc7-8868-443e-8eaf-dc6c155958b0	17	52242330	55283923	1995	-0.6348
14d6cfc7-8868-443e-8eaf-dc6c155958b0	17	55284477	55286477	2	-2.8546
14d6cfc7-8868-443e-8eaf-dc6c155958b0	17	55286785	74929150	12352	-0.6513
14d6cfc7-8868-443e-8eaf-dc6c155958b0	17	74930681	75071699	71	0.2175
14d6cfc7-8868-443e-8eaf-dc6c155958b0	17	75074310	75248953	71	0.5981
14d6cfc7-8868-443e-8eaf-dc6c155958b0	17	75256972	75301986	21	0.2544
14d6cfc7-8868-443e-8eaf-dc6c155958b0	17	75304180	83091923	3921	-0.642
14d6cfc7-8868-443e-8eaf-dc6c155958b0	18	48133	78539	4	-0.3153
14d6cfc7-8868-443e-8eaf-dc6c155958b0	18	85614	826556	571	0.6106
14d6cfc7-8868-443e-8eaf-dc6c155958b0	18	828861	5099315	3032	0.1775
14d6cfc7-8868-443e-8eaf-dc6c155958b0	18	5100776	27760436	10920	0.1302
14d6cfc7-8868-443e-8eaf-dc6c155958b0	18	27760630	33880124	3919	0.1843
14d6cfc7-8868-443e-8eaf-dc6c155958b0	18	33887648	40678106	4333	-0.6359
14d6cfc7-8868-443e-8eaf-dc6c155958b0	18	40678118	40685425	33	0.1469
14d6cfc7-8868-443e-8eaf-dc6c155958b0	18	40688060	43664868	1955	-0.6203
14d6cfc7-8868-443e-8eaf-dc6c155958b0	18	43664946	43667287	4	-1.8949
14d6cfc7-8868-443e-8eaf-dc6c155958b0	18	43668328	44394853	408	-0.5916
14d6cfc7-8868-443e-8eaf-dc6c155958b0	18	44396921	44398660	6	-2.7718
14d6cfc7-8868-443e-8eaf-dc6c155958b0	18	44402706	59938872	10799	-0.6452
14d6cfc7-8868-443e-8eaf-dc6c155958b0	18	59941279	67679304	5444	-0.6061
14d6cfc7-8868-443e-8eaf-dc6c155958b0	18	67684353	67733099	47	0.1888
14d6cfc7-8868-443e-8eaf-dc6c155958b0	18	67733492	71704669	2926	-0.6266
14d6cfc7-8868-443e-8eaf-dc6c155958b0	18	71706185	71709087	5	-2.3672
14d6cfc7-8868-443e-8eaf-dc6c155958b0	18	71711616	76596654	3902	-0.6627
14d6cfc7-8868-443e-8eaf-dc6c155958b0	18	76598781	76598903	2	-2.7027
14d6cfc7-8868-443e-8eaf-dc6c155958b0	18	76602463	77357090	563	-0.7073
14d6cfc7-8868-443e-8eaf-dc6c155958b0	18	77360922	77361319	3	-3.5609
14d6cfc7-8868-443e-8eaf-dc6c155958b0	18	77364740	78219499	691	-0.7247
14d6cfc7-8868-443e-8eaf-dc6c155958b0	18	78222660	78222732	2	-3.3487
14d6cfc7-8868-443e-8eaf-dc6c155958b0	18	78223084	80257174	1155	-0.667
14d6cfc7-8868-443e-8eaf-dc6c155958b0	19	90910	3308078	888	-0.5583
14d6cfc7-8868-443e-8eaf-dc6c155958b0	19	3308098	3319720	2	-2.9084
14d6cfc7-8868-443e-8eaf-dc6c155958b0	19	3319783	7820990	1842	-0.6113
14d6cfc7-8868-443e-8eaf-dc6c155958b0	19	7826806	27581134	8471	0.1445
14d6cfc7-8868-443e-8eaf-dc6c155958b0	19	27581903	29011981	1026	0.0544
14d6cfc7-8868-443e-8eaf-dc6c155958b0	19	29013645	29569860	473	0.1172
14d6cfc7-8868-443e-8eaf-dc6c155958b0	19	29572599	29701598	78	0.5909
14d6cfc7-8868-443e-8eaf-dc6c155958b0	19	29701831	29726243	24	0.0755
14d6cfc7-8868-443e-8eaf-dc6c155958b0	19	29731673	35928787	4211	0.5616
14d6cfc7-8868-443e-8eaf-dc6c155958b0	19	35929836	36356596	170	0.151
14d6cfc7-8868-443e-8eaf-dc6c155958b0	19	36356735	38114011	936	1.9233
14d6cfc7-8868-443e-8eaf-dc6c155958b0	19	38114474	39792684	835	1.503
14d6cfc7-8868-443e-8eaf-dc6c155958b0	19	39795236	42260378	1244	-0.6465
14d6cfc7-8868-443e-8eaf-dc6c155958b0	19	42266405	42296199	5	0.2316
14d6cfc7-8868-443e-8eaf-dc6c155958b0	19	42296468	42387420	36	0.6587
14d6cfc7-8868-443e-8eaf-dc6c155958b0	19	42388862	42403868	7	0.1536
14d6cfc7-8868-443e-8eaf-dc6c155958b0	19	42414654	48232030	2929	-0.627
14d6cfc7-8868-443e-8eaf-dc6c155958b0	19	48232193	48232207	2	-3.7071
14d6cfc7-8868-443e-8eaf-dc6c155958b0	19	48232966	50228428	785	-0.574
14d6cfc7-8868-443e-8eaf-dc6c155958b0	19	50231755	50319151	45	0.2043
14d6cfc7-8868-443e-8eaf-dc6c155958b0	19	50333798	52696849	1472	-0.6349
14d6cfc7-8868-443e-8eaf-dc6c155958b0	19	52699227	54736440	1308	0.168
14d6cfc7-8868-443e-8eaf-dc6c155958b0	19	54736513	54822372	26	-0.9914
14d6cfc7-8868-443e-8eaf-dc6c155958b0	19	54822429	58586487	2297	0.1398
14d6cfc7-8868-443e-8eaf-dc6c155958b0	20	80664	1591557	1229	0.1146
14d6cfc7-8868-443e-8eaf-dc6c155958b0	20	1591572	1609888	14	-0.568
14d6cfc7-8868-443e-8eaf-dc6c155958b0	20	1613203	4791687	2342	0.1195
14d6cfc7-8868-443e-8eaf-dc6c155958b0	20	4792677	4799343	10	-0.954
14d6cfc7-8868-443e-8eaf-dc6c155958b0	20	4799519	38860706	20450	0.1151
14d6cfc7-8868-443e-8eaf-dc6c155958b0	20	38861637	47278749	6117	-0.6992
14d6cfc7-8868-443e-8eaf-dc6c155958b0	20	47285041	53192474	4118	0.0718
14d6cfc7-8868-443e-8eaf-dc6c155958b0	20	53192999	53193361	2	-2.5444
14d6cfc7-8868-443e-8eaf-dc6c155958b0	20	53195915	54028329	613	0.0857
14d6cfc7-8868-443e-8eaf-dc6c155958b0	20	54034615	54042112	36	-2.3633
14d6cfc7-8868-443e-8eaf-dc6c155958b0	20	54046035	55683132	1349	0.1175
14d6cfc7-8868-443e-8eaf-dc6c155958b0	20	55683994	61687805	4942	0.0518
14d6cfc7-8868-443e-8eaf-dc6c155958b0	20	61688728	64284715	1157	0.1078
14d6cfc7-8868-443e-8eaf-dc6c155958b0	20	64323342	64324800	5	-2.7437
14d6cfc7-8868-443e-8eaf-dc6c155958b0	21	10354168	10569525	55	-0.0073
14d6cfc7-8868-443e-8eaf-dc6c155958b0	21	10571815	13221914	62	-0.2588
14d6cfc7-8868-443e-8eaf-dc6c155958b0	21	13223423	15426267	1197	0.1237
14d6cfc7-8868-443e-8eaf-dc6c155958b0	21	15426342	20456269	3592	0.1949
14d6cfc7-8868-443e-8eaf-dc6c155958b0	21	20458646	22278814	1399	0.1523
14d6cfc7-8868-443e-8eaf-dc6c155958b0	21	22283580	22292338	9	-0.6872
14d6cfc7-8868-443e-8eaf-dc6c155958b0	21	22294679	24698714	1897	0.1627
14d6cfc7-8868-443e-8eaf-dc6c155958b0	21	24703841	24854129	162	-0.6327
14d6cfc7-8868-443e-8eaf-dc6c155958b0	21	24855706	29335829	3316	0.1461
14d6cfc7-8868-443e-8eaf-dc6c155958b0	21	29341780	29450290	57	-0.5596
14d6cfc7-8868-443e-8eaf-dc6c155958b0	21	29451258	37319970	5444	0.1334
14d6cfc7-8868-443e-8eaf-dc6c155958b0	21	37320072	43034905	4916	0.5806
14d6cfc7-8868-443e-8eaf-dc6c155958b0	21	43188895	43287476	28	1.3449
14d6cfc7-8868-443e-8eaf-dc6c155958b0	21	43287878	44088680	355	0.564
14d6cfc7-8868-443e-8eaf-dc6c155958b0	21	44092475	46677045	1383	1.1235
14d6cfc7-8868-443e-8eaf-dc6c155958b0	22	15294547	15315221	2	-0.2259
14d6cfc7-8868-443e-8eaf-dc6c155958b0	22	15324751	22398127	3457	0.5871
14d6cfc7-8868-443e-8eaf-dc6c155958b0	22	22398345	22398545	4	-1.0275
14d6cfc7-8868-443e-8eaf-dc6c155958b0	22	22402989	23959448	927	0.5689
14d6cfc7-8868-443e-8eaf-dc6c155958b0	22	23971476	25761294	1282	-0.6493
14d6cfc7-8868-443e-8eaf-dc6c155958b0	22	25762263	26368672	635	-0.7299
14d6cfc7-8868-443e-8eaf-dc6c155958b0	22	26371052	26374105	6	-2.081
14d6cfc7-8868-443e-8eaf-dc6c155958b0	22	26374592	27719096	1417	-0.7666
14d6cfc7-8868-443e-8eaf-dc6c155958b0	22	27719211	32144664	2479	-0.6295
14d6cfc7-8868-443e-8eaf-dc6c155958b0	22	32145136	32284917	109	0.1471
14d6cfc7-8868-443e-8eaf-dc6c155958b0	22	32287178	34834312	2304	0.08
14d6cfc7-8868-443e-8eaf-dc6c155958b0	22	34838078	39882433	3052	0.1365
14d6cfc7-8868-443e-8eaf-dc6c155958b0	22	39887052	40104848	117	-0.6889
14d6cfc7-8868-443e-8eaf-dc6c155958b0	22	40106036	42780400	1491	-0.5895
14d6cfc7-8868-443e-8eaf-dc6c155958b0	22	42781338	45095471	1797	-0.6958
14d6cfc7-8868-443e-8eaf-dc6c155958b0	22	45100668	45101287	2	-3.7612
14d6cfc7-8868-443e-8eaf-dc6c155958b0	22	45102306	46555232	886	-0.6493
14d6cfc7-8868-443e-8eaf-dc6c155958b0	22	46557636	46562610	5	-4.4741
14d6cfc7-8868-443e-8eaf-dc6c155958b0	22	46564668	50796027	3285	-0.7112
14d6cfc7-8868-443e-8eaf-dc6c155958b0	X	251810	3521545	667	0.3755
14d6cfc7-8868-443e-8eaf-dc6c155958b0	X	3521639	10407764	5238	0.328
14d6cfc7-8868-443e-8eaf-dc6c155958b0	X	10411653	15549909	3630	0.3807
14d6cfc7-8868-443e-8eaf-dc6c155958b0	X	15553788	15616671	34	0.856
14d6cfc7-8868-443e-8eaf-dc6c155958b0	X	15625676	17171353	934	0.3939
14d6cfc7-8868-443e-8eaf-dc6c155958b0	X	17176361	17182526	15	0.9077
14d6cfc7-8868-443e-8eaf-dc6c155958b0	X	17184846	18862337	865	0.3628
14d6cfc7-8868-443e-8eaf-dc6c155958b0	X	18868013	79844341	29535	-0.4138
14d6cfc7-8868-443e-8eaf-dc6c155958b0	X	79846079	79849004	27	-3.9914
14d6cfc7-8868-443e-8eaf-dc6c155958b0	X	79849126	91827433	6354	-0.4022
14d6cfc7-8868-443e-8eaf-dc6c155958b0	X	91837838	155952689	36352	0.3569
14d6cfc7-8868-443e-8eaf-dc6c155958b0	Y	2782397	6233384	784	-2.7437
14d6cfc7-8868-443e-8eaf-dc6c155958b0	Y	6249869	17056257	4236	-3.1259
14d6cfc7-8868-443e-8eaf-dc6c155958b0	Y	17056790	17073469	7	-6.4266
14d6cfc7-8868-443e-8eaf-dc6c155958b0	Y	17073910	23586854	1420	-3.1833
14d6cfc7-8868-443e-8eaf-dc6c155958b0	Y	23784615	56872112	192	-2.785
