GDC_Aliquot	Chromosome	Start	End	Num_Probes	Segment_Mean
58f16a99-4220-411d-be80-c354c3dde02f	1	3301765	7651366	2836	0.0341
58f16a99-4220-411d-be80-c354c3dde02f	1	7652270	11948146	2098	-0.0151
58f16a99-4220-411d-be80-c354c3dde02f	1	11948967	20530571	4843	0.04
58f16a99-4220-411d-be80-c354c3dde02f	1	20532272	22117517	754	-0.0348
58f16a99-4220-411d-be80-c354c3dde02f	1	22117997	23281758	717	0.0332
58f16a99-4220-411d-be80-c354c3dde02f	1	23285651	29202234	2503	-0.0321
58f16a99-4220-411d-be80-c354c3dde02f	1	29203431	38861555	5426	0.0203
58f16a99-4220-411d-be80-c354c3dde02f	1	38862492	46860320	4178	-0.011
58f16a99-4220-411d-be80-c354c3dde02f	1	46862821	65503869	12035	0.0205
58f16a99-4220-411d-be80-c354c3dde02f	1	65504259	111805557	27564	-0.0212
58f16a99-4220-411d-be80-c354c3dde02f	1	111806283	149907993	5174	0.0062
58f16a99-4220-411d-be80-c354c3dde02f	1	149909846	155340082	2588	0.5365
58f16a99-4220-411d-be80-c354c3dde02f	1	155340652	156211665	345	0.4509
58f16a99-4220-411d-be80-c354c3dde02f	1	156211979	161864805	3386	0.55
58f16a99-4220-411d-be80-c354c3dde02f	1	161865697	182568359	13998	0.5674
58f16a99-4220-411d-be80-c354c3dde02f	1	182568464	207690853	15238	0.5437
58f16a99-4220-411d-be80-c354c3dde02f	1	207692767	207695618	3	-0.6555
58f16a99-4220-411d-be80-c354c3dde02f	1	207697679	208083016	289	0.5432
58f16a99-4220-411d-be80-c354c3dde02f	1	208085723	210536999	1916	0.5984
58f16a99-4220-411d-be80-c354c3dde02f	1	210539954	247650984	23866	0.5561
58f16a99-4220-411d-be80-c354c3dde02f	2	480597	33454070	20107	0.0058
58f16a99-4220-411d-be80-c354c3dde02f	2	33457175	33458726	3	-1.3898
58f16a99-4220-411d-be80-c354c3dde02f	2	33460408	36677185	1864	-0.0078
58f16a99-4220-411d-be80-c354c3dde02f	2	36677299	36677870	2	-1.8334
58f16a99-4220-411d-be80-c354c3dde02f	2	36677908	62832792	14965	-0.0104
58f16a99-4220-411d-be80-c354c3dde02f	2	62841977	88633362	13704	-0.4464
58f16a99-4220-411d-be80-c354c3dde02f	2	88635499	134510289	19883	0.0023
58f16a99-4220-411d-be80-c354c3dde02f	2	134510684	214004617	44742	-0.0261
58f16a99-4220-411d-be80-c354c3dde02f	2	214004960	241537572	16880	0.0002
58f16a99-4220-411d-be80-c354c3dde02f	3	2170634	15068315	7906	-0.0013
58f16a99-4220-411d-be80-c354c3dde02f	3	15069618	23407372	4437	-0.0392
58f16a99-4220-411d-be80-c354c3dde02f	3	23413299	23416800	4	-1.2211
58f16a99-4220-411d-be80-c354c3dde02f	3	23418741	37368290	8747	-0.0222
58f16a99-4220-411d-be80-c354c3dde02f	3	37373007	37393192	13	0.4367
58f16a99-4220-411d-be80-c354c3dde02f	3	37395813	53317944	8229	-0.0179
58f16a99-4220-411d-be80-c354c3dde02f	3	53324025	75921557	14596	0.0001
58f16a99-4220-411d-be80-c354c3dde02f	3	75923014	122755599	23427	-0.0374
58f16a99-4220-411d-be80-c354c3dde02f	3	122755693	141741690	11043	-0.0043
58f16a99-4220-411d-be80-c354c3dde02f	3	141741731	192715637	26757	-0.0366
58f16a99-4220-411d-be80-c354c3dde02f	3	192718503	197812401	1977	-0.0014
58f16a99-4220-411d-be80-c354c3dde02f	4	1059384	3361116	934	0.2958
58f16a99-4220-411d-be80-c354c3dde02f	4	3361850	10051531	3677	0.3549
58f16a99-4220-411d-be80-c354c3dde02f	4	10051616	27983908	12356	0.3109
58f16a99-4220-411d-be80-c354c3dde02f	4	27983973	181193061	83321	0.2908
58f16a99-4220-411d-be80-c354c3dde02f	4	181197356	187842528	3212	0.3189
58f16a99-4220-411d-be80-c354c3dde02f	5	913983	16346463	10196	0.3338
58f16a99-4220-411d-be80-c354c3dde02f	5	16346548	16346655	2	1.5084
58f16a99-4220-411d-be80-c354c3dde02f	5	16351276	17454674	698	0.3333
58f16a99-4220-411d-be80-c354c3dde02f	5	17455457	30913396	6944	0.2828
58f16a99-4220-411d-be80-c354c3dde02f	5	30913617	45383300	8290	0.3147
58f16a99-4220-411d-be80-c354c3dde02f	5	50828231	69444826	11084	-1.092
58f16a99-4220-411d-be80-c354c3dde02f	5	69448492	80233474	5489	0.3189
58f16a99-4220-411d-be80-c354c3dde02f	5	80236425	166821246	49914	0.295
58f16a99-4220-411d-be80-c354c3dde02f	5	166824039	180934240	8397	0.3212
58f16a99-4220-411d-be80-c354c3dde02f	6	1011760	6934914	4396	0.0022
58f16a99-4220-411d-be80-c354c3dde02f	6	6935117	6936338	2	-1.4026
58f16a99-4220-411d-be80-c354c3dde02f	6	6936428	25794809	12993	-0.0106
58f16a99-4220-411d-be80-c354c3dde02f	6	25796094	37588666	4532	-0.0386
58f16a99-4220-411d-be80-c354c3dde02f	6	37588779	39270014	1199	0.0004
58f16a99-4220-411d-be80-c354c3dde02f	6	39270502	40794962	1204	0.048
58f16a99-4220-411d-be80-c354c3dde02f	6	40795637	56461967	9400	-0.0174
58f16a99-4220-411d-be80-c354c3dde02f	6	56462101	105771153	24778	-0.0377
58f16a99-4220-411d-be80-c354c3dde02f	6	105771453	105773532	2	-1.3659
58f16a99-4220-411d-be80-c354c3dde02f	6	105774366	147382187	24742	-0.0397
58f16a99-4220-411d-be80-c354c3dde02f	6	147384523	170596889	13899	-0.0141
58f16a99-4220-411d-be80-c354c3dde02f	7	664936	72517747	37654	0.3084
58f16a99-4220-411d-be80-c354c3dde02f	7	72517904	94258144	10195	0.2896
58f16a99-4220-411d-be80-c354c3dde02f	7	94258510	96610008	1426	0.3327
58f16a99-4220-411d-be80-c354c3dde02f	7	96610010	131525324	17986	0.2908
58f16a99-4220-411d-be80-c354c3dde02f	7	131525843	134805515	2071	0.3304
58f16a99-4220-411d-be80-c354c3dde02f	7	134810619	152755108	9486	0.2938
58f16a99-4220-411d-be80-c354c3dde02f	7	152755649	156947685	2336	0.3354
58f16a99-4220-411d-be80-c354c3dde02f	7	156952786	156953466	2	-1.1886
58f16a99-4220-411d-be80-c354c3dde02f	7	156955201	158592540	777	0.3295
58f16a99-4220-411d-be80-c354c3dde02f	8	667625	41929662	24464	0.0026
58f16a99-4220-411d-be80-c354c3dde02f	8	41932218	74460890	16901	-0.0218
58f16a99-4220-411d-be80-c354c3dde02f	8	74461074	93049888	10012	-0.0421
58f16a99-4220-411d-be80-c354c3dde02f	8	93050657	116049897	12832	-0.0236
58f16a99-4220-411d-be80-c354c3dde02f	8	116056714	138417162	15778	-0.0091
58f16a99-4220-411d-be80-c354c3dde02f	8	138419862	139812082	1155	0.0517
58f16a99-4220-411d-be80-c354c3dde02f	8	139812378	144182542	1077	-0.0062
58f16a99-4220-411d-be80-c354c3dde02f	9	789794	5024492	3116	-0.4198
58f16a99-4220-411d-be80-c354c3dde02f	9	5037453	5037462	8	0.5423
58f16a99-4220-411d-be80-c354c3dde02f	9	5039341	21104438	9979	-0.4302
58f16a99-4220-411d-be80-c354c3dde02f	9	21104447	21106902	2	-2.2416
58f16a99-4220-411d-be80-c354c3dde02f	9	21107327	32721519	6780	-0.4458
58f16a99-4220-411d-be80-c354c3dde02f	9	32722896	32723154	2	-2.5735
58f16a99-4220-411d-be80-c354c3dde02f	9	32723526	36960632	2457	-0.4152
58f16a99-4220-411d-be80-c354c3dde02f	9	36962562	36963225	2	-1.9403
58f16a99-4220-411d-be80-c354c3dde02f	9	36963808	70476000	2738	-0.417
58f16a99-4220-411d-be80-c354c3dde02f	9	70476144	79070028	5930	-0.4592
58f16a99-4220-411d-be80-c354c3dde02f	9	79070648	102880738	15503	-0.4157
58f16a99-4220-411d-be80-c354c3dde02f	9	103107547	103111036	5	-1.5099
58f16a99-4220-411d-be80-c354c3dde02f	9	103112242	138044505	21855	-0.4186
58f16a99-4220-411d-be80-c354c3dde02f	10	366509	7080823	4507	-0.4348
58f16a99-4220-411d-be80-c354c3dde02f	10	7082480	7082727	2	-2.7897
58f16a99-4220-411d-be80-c354c3dde02f	10	7086444	17101997	7739	-0.4364
58f16a99-4220-411d-be80-c354c3dde02f	10	17103666	17423881	253	-0.0485
58f16a99-4220-411d-be80-c354c3dde02f	10	17425993	17732484	209	-0.4446
58f16a99-4220-411d-be80-c354c3dde02f	10	17733260	18275056	271	-0.06
58f16a99-4220-411d-be80-c354c3dde02f	10	18275117	18915930	524	-0.453
58f16a99-4220-411d-be80-c354c3dde02f	10	18916174	20102879	873	-0.076
58f16a99-4220-411d-be80-c354c3dde02f	10	20105730	21188422	850	-0.4601
58f16a99-4220-411d-be80-c354c3dde02f	10	21190956	21400524	118	-0.04
58f16a99-4220-411d-be80-c354c3dde02f	10	21404377	21759873	148	0.4561
58f16a99-4220-411d-be80-c354c3dde02f	10	21760915	24045678	1368	-0.0309
58f16a99-4220-411d-be80-c354c3dde02f	10	24045706	31413112	5067	-0.4405
58f16a99-4220-411d-be80-c354c3dde02f	10	31414478	31479394	37	-0.0388
58f16a99-4220-411d-be80-c354c3dde02f	10	31483837	33435210	1246	0.1758
58f16a99-4220-411d-be80-c354c3dde02f	10	33438309	36508515	1884	-0.025
58f16a99-4220-411d-be80-c354c3dde02f	10	36512533	38752615	1105	0.172
58f16a99-4220-411d-be80-c354c3dde02f	10	38752733	43162474	474	0.315
58f16a99-4220-411d-be80-c354c3dde02f	10	43162783	43298177	59	0.1645
58f16a99-4220-411d-be80-c354c3dde02f	10	43305406	43445450	72	-0.3913
58f16a99-4220-411d-be80-c354c3dde02f	10	43445587	43469650	10	0.1435
58f16a99-4220-411d-be80-c354c3dde02f	10	43471180	43801445	224	0.446
58f16a99-4220-411d-be80-c354c3dde02f	10	43803434	44256820	345	0.2558
58f16a99-4220-411d-be80-c354c3dde02f	10	44256871	45368214	695	-0.1404
58f16a99-4220-411d-be80-c354c3dde02f	10	45369170	46015804	126	0.1505
58f16a99-4220-411d-be80-c354c3dde02f	10	46016391	57307078	5283	-0.446
58f16a99-4220-411d-be80-c354c3dde02f	10	57310605	57312127	2	-2.7303
58f16a99-4220-411d-be80-c354c3dde02f	10	57313027	73360301	9852	-0.4414
58f16a99-4220-411d-be80-c354c3dde02f	10	73376184	73497399	42	0.2473
58f16a99-4220-411d-be80-c354c3dde02f	10	73509175	75445926	877	0.7589
58f16a99-4220-411d-be80-c354c3dde02f	10	75447327	75587627	81	0.4916
58f16a99-4220-411d-be80-c354c3dde02f	10	75587916	76541858	721	0.3541
58f16a99-4220-411d-be80-c354c3dde02f	10	76542130	76787483	159	0.4816
58f16a99-4220-411d-be80-c354c3dde02f	10	76788408	80248789	2194	0.7142
58f16a99-4220-411d-be80-c354c3dde02f	10	80252343	81006216	541	0.3437
58f16a99-4220-411d-be80-c354c3dde02f	10	81007072	81496607	282	0.0301
58f16a99-4220-411d-be80-c354c3dde02f	10	81496760	83544922	1477	-0.188
58f16a99-4220-411d-be80-c354c3dde02f	10	83547070	84115055	475	0.162
58f16a99-4220-411d-be80-c354c3dde02f	10	84116313	84175258	32	0.4332
58f16a99-4220-411d-be80-c354c3dde02f	10	84175809	85487231	932	0.1729
58f16a99-4220-411d-be80-c354c3dde02f	10	85488168	86713946	819	-0.0209
58f16a99-4220-411d-be80-c354c3dde02f	10	86714284	87948997	573	-0.4352
58f16a99-4220-411d-be80-c354c3dde02f	10	87949060	89754823	1276	-0.492
58f16a99-4220-411d-be80-c354c3dde02f	10	89754990	125667785	23002	-0.4266
58f16a99-4220-411d-be80-c354c3dde02f	10	125669877	125908468	112	-0.045
58f16a99-4220-411d-be80-c354c3dde02f	10	125915195	133411599	4229	-0.4078
58f16a99-4220-411d-be80-c354c3dde02f	11	456012	11108141	5951	-0.0003
58f16a99-4220-411d-be80-c354c3dde02f	11	11115168	11639541	543	-1.1129
58f16a99-4220-411d-be80-c354c3dde02f	11	11646149	21535222	7147	0.017
58f16a99-4220-411d-be80-c354c3dde02f	11	21536945	63792727	21118	-0.008
58f16a99-4220-411d-be80-c354c3dde02f	11	63796951	63855852	14	0.8849
58f16a99-4220-411d-be80-c354c3dde02f	11	63858318	64703897	313	-0.0151
58f16a99-4220-411d-be80-c354c3dde02f	11	64706721	64720582	7	0.9652
58f16a99-4220-411d-be80-c354c3dde02f	11	64724272	69093404	1164	-0.0218
58f16a99-4220-411d-be80-c354c3dde02f	11	69095162	69167659	72	2.1527
58f16a99-4220-411d-be80-c354c3dde02f	11	69168595	70334487	653	1.8379
58f16a99-4220-411d-be80-c354c3dde02f	11	70335370	70771257	256	2.5221
58f16a99-4220-411d-be80-c354c3dde02f	11	70772878	70887269	77	1.8686
58f16a99-4220-411d-be80-c354c3dde02f	11	70891046	71291364	170	2.2828
58f16a99-4220-411d-be80-c354c3dde02f	11	71302169	72448220	532	-0.0028
58f16a99-4220-411d-be80-c354c3dde02f	11	72454083	72754507	160	1.9928
58f16a99-4220-411d-be80-c354c3dde02f	11	72758742	73089438	133	-0.0261
58f16a99-4220-411d-be80-c354c3dde02f	11	73091219	73117521	10	2.2362
58f16a99-4220-411d-be80-c354c3dde02f	11	73119438	73151797	9	0.0434
58f16a99-4220-411d-be80-c354c3dde02f	11	73154783	73170643	9	0.8839
58f16a99-4220-411d-be80-c354c3dde02f	11	73171242	73284867	76	2.1625
58f16a99-4220-411d-be80-c354c3dde02f	11	73285036	73483018	81	2.6566
58f16a99-4220-411d-be80-c354c3dde02f	11	73487042	73629645	62	2.1118
58f16a99-4220-411d-be80-c354c3dde02f	11	73629842	74009120	194	1.4386
58f16a99-4220-411d-be80-c354c3dde02f	11	74011576	74016783	6	2.3963
58f16a99-4220-411d-be80-c354c3dde02f	11	74021480	74940286	530	3.17
58f16a99-4220-411d-be80-c354c3dde02f	11	74942710	75743976	478	2.8484
58f16a99-4220-411d-be80-c354c3dde02f	11	75744013	76152272	174	3.1918
58f16a99-4220-411d-be80-c354c3dde02f	11	76153533	76739994	362	2.925
58f16a99-4220-411d-be80-c354c3dde02f	11	76740553	78690191	1010	3.1499
58f16a99-4220-411d-be80-c354c3dde02f	11	78690580	79706522	889	2.3629
58f16a99-4220-411d-be80-c354c3dde02f	11	79710319	134272636	35025	-1.0678
58f16a99-4220-411d-be80-c354c3dde02f	12	780472	6355643	3560	0.3479
58f16a99-4220-411d-be80-c354c3dde02f	12	6356689	88399865	44844	0.2936
58f16a99-4220-411d-be80-c354c3dde02f	12	88400548	88400682	2	-1.0153
58f16a99-4220-411d-be80-c354c3dde02f	12	88400810	88505297	61	0.2163
58f16a99-4220-411d-be80-c354c3dde02f	12	88510285	109755670	13773	0.3025
58f16a99-4220-411d-be80-c354c3dde02f	12	109757968	112637206	1340	0.2522
58f16a99-4220-411d-be80-c354c3dde02f	12	112637284	120178189	4943	0.3386
58f16a99-4220-411d-be80-c354c3dde02f	12	120180660	123998764	1678	0.2512
58f16a99-4220-411d-be80-c354c3dde02f	12	123999067	132605822	4156	0.332
58f16a99-4220-411d-be80-c354c3dde02f	13	18874255	25397343	3238	-0.0065
58f16a99-4220-411d-be80-c354c3dde02f	13	25398342	25405518	12	-1.7345
58f16a99-4220-411d-be80-c354c3dde02f	13	25407025	54118818	18072	-0.0128
58f16a99-4220-411d-be80-c354c3dde02f	13	54118841	92836023	21596	-0.037
58f16a99-4220-411d-be80-c354c3dde02f	13	92840391	93524051	513	0.0222
58f16a99-4220-411d-be80-c354c3dde02f	13	93524304	108851819	10445	-0.0179
58f16a99-4220-411d-be80-c354c3dde02f	13	108852792	114226675	3097	0.0183
58f16a99-4220-411d-be80-c354c3dde02f	14	20033191	93952113	42827	-0.4352
58f16a99-4220-411d-be80-c354c3dde02f	14	93952410	93953542	2	-2.4558
58f16a99-4220-411d-be80-c354c3dde02f	14	93953645	105533894	6889	-0.4158
58f16a99-4220-411d-be80-c354c3dde02f	15	23437561	89525275	37547	-0.0065
58f16a99-4220-411d-be80-c354c3dde02f	15	89527853	89571846	25	-0.5441
58f16a99-4220-411d-be80-c354c3dde02f	15	89573960	101344124	7206	-0.0126
58f16a99-4220-411d-be80-c354c3dde02f	16	603333	4815632	1521	0.2777
58f16a99-4220-411d-be80-c354c3dde02f	16	4819092	10906991	4058	0.3762
58f16a99-4220-411d-be80-c354c3dde02f	16	10908769	12332812	911	0.3094
58f16a99-4220-411d-be80-c354c3dde02f	16	12335169	20562099	2735	0.3649
58f16a99-4220-411d-be80-c354c3dde02f	16	20564655	25260284	1941	0.3127
58f16a99-4220-411d-be80-c354c3dde02f	16	25260349	27199404	1533	0.3661
58f16a99-4220-411d-be80-c354c3dde02f	16	27201143	31838978	1336	0.2723
58f16a99-4220-411d-be80-c354c3dde02f	16	31841585	89317317	27139	-0.4078
58f16a99-4220-411d-be80-c354c3dde02f	17	1074619	3787636	1203	-0.4482
58f16a99-4220-411d-be80-c354c3dde02f	17	3789918	4066233	151	0.6379
58f16a99-4220-411d-be80-c354c3dde02f	17	4067684	6537887	1328	0.2563
58f16a99-4220-411d-be80-c354c3dde02f	17	6539924	8754569	1066	-0.4684
58f16a99-4220-411d-be80-c354c3dde02f	17	8758708	9173220	274	0.2434
58f16a99-4220-411d-be80-c354c3dde02f	17	9180060	21774057	5713	-0.4053
58f16a99-4220-411d-be80-c354c3dde02f	17	26943491	32176982	2261	0.2216
58f16a99-4220-411d-be80-c354c3dde02f	17	32182216	34883670	1293	0.2834
58f16a99-4220-411d-be80-c354c3dde02f	17	34885348	51512054	7009	0.2166
58f16a99-4220-411d-be80-c354c3dde02f	17	51515891	57818178	4305	0.2625
58f16a99-4220-411d-be80-c354c3dde02f	17	57822155	71078638	7142	0.2292
58f16a99-4220-411d-be80-c354c3dde02f	17	71078732	73801724	2088	0.2861
58f16a99-4220-411d-be80-c354c3dde02f	17	73802973	82959812	3448	0.2134
58f16a99-4220-411d-be80-c354c3dde02f	18	326691	1547405	449	0.2873
58f16a99-4220-411d-be80-c354c3dde02f	18	1552741	10451698	5484	-0.4267
58f16a99-4220-411d-be80-c354c3dde02f	18	10458259	10458807	2	-2.5343
58f16a99-4220-411d-be80-c354c3dde02f	18	10460167	14661644	2314	-0.4185
58f16a99-4220-411d-be80-c354c3dde02f	18	21109102	24125759	1582	0.2864
58f16a99-4220-411d-be80-c354c3dde02f	18	24129462	25238296	818	2.1907
58f16a99-4220-411d-be80-c354c3dde02f	18	25239151	25280312	13	1.6167
58f16a99-4220-411d-be80-c354c3dde02f	18	25280770	26973598	1110	1.3574
58f16a99-4220-411d-be80-c354c3dde02f	18	26973892	27518870	322	1.5855
58f16a99-4220-411d-be80-c354c3dde02f	18	27521033	28531573	645	0.299
58f16a99-4220-411d-be80-c354c3dde02f	18	28535612	28593881	52	2.4423
58f16a99-4220-411d-be80-c354c3dde02f	18	28601829	28854262	112	2.1263
58f16a99-4220-411d-be80-c354c3dde02f	18	28854656	29547746	364	2.4539
58f16a99-4220-411d-be80-c354c3dde02f	18	29548115	29666798	81	1.7919
58f16a99-4220-411d-be80-c354c3dde02f	18	29671678	29745585	46	2.3057
58f16a99-4220-411d-be80-c354c3dde02f	18	29747245	32264418	1563	0.2706
58f16a99-4220-411d-be80-c354c3dde02f	18	32266951	64755978	20667	-0.4267
58f16a99-4220-411d-be80-c354c3dde02f	18	64761038	69619031	2520	-0.4763
58f16a99-4220-411d-be80-c354c3dde02f	18	69619541	79349796	4756	-0.4303
58f16a99-4220-411d-be80-c354c3dde02f	19	283868	21528153	7976	-0.037
58f16a99-4220-411d-be80-c354c3dde02f	19	21534501	21558130	11	-0.4069
58f16a99-4220-411d-be80-c354c3dde02f	19	21558270	34797803	6014	0.0184
58f16a99-4220-411d-be80-c354c3dde02f	19	34797891	58370362	10157	-0.0225
58f16a99-4220-411d-be80-c354c3dde02f	20	472817	63588502	37541	0.0245
58f16a99-4220-411d-be80-c354c3dde02f	21	13974127	38839736	16211	0.3073
58f16a99-4220-411d-be80-c354c3dde02f	21	38839963	41470739	2097	0.3664
58f16a99-4220-411d-be80-c354c3dde02f	21	41470863	46262057	2286	0.313
58f16a99-4220-411d-be80-c354c3dde02f	22	16934932	21741482	771	0.1583
58f16a99-4220-411d-be80-c354c3dde02f	22	21742513	21949041	93	0.3171
58f16a99-4220-411d-be80-c354c3dde02f	22	23474170	23833866	156	0.1769
58f16a99-4220-411d-be80-c354c3dde02f	22	23836092	24034246	56	-0.3724
58f16a99-4220-411d-be80-c354c3dde02f	22	24036936	25949275	980	0.2437
58f16a99-4220-411d-be80-c354c3dde02f	22	25949843	25954427	8	0.821
58f16a99-4220-411d-be80-c354c3dde02f	22	25959194	35187304	6852	-0.3926
58f16a99-4220-411d-be80-c354c3dde02f	22	35187914	43239312	3954	-0.4426
58f16a99-4220-411d-be80-c354c3dde02f	22	43239543	48940621	4208	-0.3937
58f16a99-4220-411d-be80-c354c3dde02f	X	3236359	23884373	8752	0.0038
58f16a99-4220-411d-be80-c354c3dde02f	X	23884840	36373855	6115	-0.0223
58f16a99-4220-411d-be80-c354c3dde02f	X	36374452	77877204	14282	0.0136
58f16a99-4220-411d-be80-c354c3dde02f	X	77895578	87228193	4397	-0.0214
58f16a99-4220-411d-be80-c354c3dde02f	X	87233638	87237002	2	-1.5754
58f16a99-4220-411d-be80-c354c3dde02f	X	87237490	92175330	1601	-0.0258
58f16a99-4220-411d-be80-c354c3dde02f	X	92176004	92176108	2	-1.4564
58f16a99-4220-411d-be80-c354c3dde02f	X	92176182	99038239	2742	-0.0218
58f16a99-4220-411d-be80-c354c3dde02f	X	99038869	155677414	25975	0.0046
