GDC_Aliquot	Chromosome	Start	End	Num_Probes	Segment_Mean
34e39e63-405b-4eae-a326-163ea06baa81	1	3301765	5163122	1321	0.0244
34e39e63-405b-4eae-a326-163ea06baa81	1	5164319	13526460	4100	0.0767
34e39e63-405b-4eae-a326-163ea06baa81	1	13529113	13529289	4	-0.9161
34e39e63-405b-4eae-a326-163ea06baa81	1	13531933	31087522	9560	0.0771
34e39e63-405b-4eae-a326-163ea06baa81	1	31091134	31332235	120	0.6209
34e39e63-405b-4eae-a326-163ea06baa81	1	31340178	31544989	114	0.3651
34e39e63-405b-4eae-a326-163ea06baa81	1	31545793	36661242	2634	0.0809
34e39e63-405b-4eae-a326-163ea06baa81	1	36664382	36685448	19	0.6455
34e39e63-405b-4eae-a326-163ea06baa81	1	36692344	37140690	335	0.3611
34e39e63-405b-4eae-a326-163ea06baa81	1	37140955	38364526	645	0.696
34e39e63-405b-4eae-a326-163ea06baa81	1	38369145	61094458	13411	0.0765
34e39e63-405b-4eae-a326-163ea06baa81	1	61095582	111194761	30271	0.1072
34e39e63-405b-4eae-a326-163ea06baa81	1	111194776	119984772	5608	0.0889
34e39e63-405b-4eae-a326-163ea06baa81	1	146716041	150510478	189	0.4914
34e39e63-405b-4eae-a326-163ea06baa81	1	150510760	154266807	1850	0.6376
34e39e63-405b-4eae-a326-163ea06baa81	1	154274778	154769902	270	1.2812
34e39e63-405b-4eae-a326-163ea06baa81	1	154770099	156351363	698	0.9926
34e39e63-405b-4eae-a326-163ea06baa81	1	156358168	158544436	1386	1.1392
34e39e63-405b-4eae-a326-163ea06baa81	1	158544724	158545233	9	0.3905
34e39e63-405b-4eae-a326-163ea06baa81	1	158545295	162862616	2727	1.1321
34e39e63-405b-4eae-a326-163ea06baa81	1	162865293	165829785	2354	0.2968
34e39e63-405b-4eae-a326-163ea06baa81	1	165832174	165881631	50	-0.0699
34e39e63-405b-4eae-a326-163ea06baa81	1	165884116	166014377	99	0.2715
34e39e63-405b-4eae-a326-163ea06baa81	1	166019788	166057752	31	-0.0781
34e39e63-405b-4eae-a326-163ea06baa81	1	166058040	186970708	13429	0.2991
34e39e63-405b-4eae-a326-163ea06baa81	1	186972683	190848253	2290	0.321
34e39e63-405b-4eae-a326-163ea06baa81	1	190848414	190872754	14	-0.0864
34e39e63-405b-4eae-a326-163ea06baa81	1	190874079	197588354	3820	0.3302
34e39e63-405b-4eae-a326-163ea06baa81	1	197596107	197596342	2	-0.7016
34e39e63-405b-4eae-a326-163ea06baa81	1	197602447	197786965	109	0.3459
34e39e63-405b-4eae-a326-163ea06baa81	1	197787093	208037009	6482	0.2932
34e39e63-405b-4eae-a326-163ea06baa81	1	208041107	208175914	138	-0.0683
34e39e63-405b-4eae-a326-163ea06baa81	1	208180556	228312480	13124	0.3134
34e39e63-405b-4eae-a326-163ea06baa81	1	228656037	232246527	2446	-0.0594
34e39e63-405b-4eae-a326-163ea06baa81	1	232246764	232247241	5	-1.2941
34e39e63-405b-4eae-a326-163ea06baa81	1	232249305	238144607	4366	-0.0716
34e39e63-405b-4eae-a326-163ea06baa81	1	238145302	239134123	777	-0.0227
34e39e63-405b-4eae-a326-163ea06baa81	1	239134398	247650984	4971	-0.0845
34e39e63-405b-4eae-a326-163ea06baa81	2	480597	96019128	51088	-0.0466
34e39e63-405b-4eae-a326-163ea06baa81	2	96053611	100395836	1882	0.1973
34e39e63-405b-4eae-a326-163ea06baa81	2	100396622	100699766	225	0.4066
34e39e63-405b-4eae-a326-163ea06baa81	2	100703820	103277399	1617	0.1959
34e39e63-405b-4eae-a326-163ea06baa81	2	103280161	105754451	1608	-0.0225
34e39e63-405b-4eae-a326-163ea06baa81	2	105763686	105786338	24	-0.4782
34e39e63-405b-4eae-a326-163ea06baa81	2	105787752	109022022	1844	-0.0308
34e39e63-405b-4eae-a326-163ea06baa81	2	109024373	111210015	808	0.2164
34e39e63-405b-4eae-a326-163ea06baa81	2	111214711	131027261	9887	-0.0222
34e39e63-405b-4eae-a326-163ea06baa81	2	131028815	131029400	2	-1.4181
34e39e63-405b-4eae-a326-163ea06baa81	2	131032914	132693180	305	-0.0586
34e39e63-405b-4eae-a326-163ea06baa81	2	132693576	133665449	612	0.0264
34e39e63-405b-4eae-a326-163ea06baa81	2	133665872	133667081	4	-0.8131
34e39e63-405b-4eae-a326-163ea06baa81	2	133670283	134454671	610	-0.0001
34e39e63-405b-4eae-a326-163ea06baa81	2	134454758	134455248	3	-1.8421
34e39e63-405b-4eae-a326-163ea06baa81	2	134455685	149747475	8396	-0.0275
34e39e63-405b-4eae-a326-163ea06baa81	2	149747702	182180560	19719	0.0056
34e39e63-405b-4eae-a326-163ea06baa81	2	182181098	195430431	5954	0.0302
34e39e63-405b-4eae-a326-163ea06baa81	2	195430569	234204074	23178	0.0025
34e39e63-405b-4eae-a326-163ea06baa81	2	234205040	239831225	3542	-0.022
34e39e63-405b-4eae-a326-163ea06baa81	2	239832570	241259024	771	0.2606
34e39e63-405b-4eae-a326-163ea06baa81	2	241264871	241537572	153	-0.0276
34e39e63-405b-4eae-a326-163ea06baa81	3	2170634	11584487	5550	0.2054
34e39e63-405b-4eae-a326-163ea06baa81	3	11585131	11658582	64	-0.0782
34e39e63-405b-4eae-a326-163ea06baa81	3	11659006	20229375	5257	0.184
34e39e63-405b-4eae-a326-163ea06baa81	3	20236934	22859231	1181	0.2206
34e39e63-405b-4eae-a326-163ea06baa81	3	22862692	22863541	2	-0.9069
34e39e63-405b-4eae-a326-163ea06baa81	3	22867678	29756943	4372	0.2341
34e39e63-405b-4eae-a326-163ea06baa81	3	29758779	33459284	2401	0.2012
34e39e63-405b-4eae-a326-163ea06baa81	3	33464518	33638612	81	-0.0776
34e39e63-405b-4eae-a326-163ea06baa81	3	33650090	39773165	3772	0.225
34e39e63-405b-4eae-a326-163ea06baa81	3	39775922	39776003	2	-1.4834
34e39e63-405b-4eae-a326-163ea06baa81	3	39776466	40727445	567	0.1873
34e39e63-405b-4eae-a326-163ea06baa81	3	40734414	50858519	5025	-0.2049
34e39e63-405b-4eae-a326-163ea06baa81	3	50859174	51039396	102	-0.0587
34e39e63-405b-4eae-a326-163ea06baa81	3	51043990	56805539	3516	-0.2116
34e39e63-405b-4eae-a326-163ea06baa81	3	56810588	57190878	289	-1.3309
34e39e63-405b-4eae-a326-163ea06baa81	3	57199123	73799927	10802	-0.1979
34e39e63-405b-4eae-a326-163ea06baa81	3	73800575	94015345	8301	-0.1733
34e39e63-405b-4eae-a326-163ea06baa81	3	94015827	95599774	820	0.2403
34e39e63-405b-4eae-a326-163ea06baa81	3	95601006	108859152	7373	0.2611
34e39e63-405b-4eae-a326-163ea06baa81	3	108861588	117449219	5009	0.2298
34e39e63-405b-4eae-a326-163ea06baa81	3	117450666	117450681	2	-1.0041
34e39e63-405b-4eae-a326-163ea06baa81	3	117455289	119846936	1487	0.2175
34e39e63-405b-4eae-a326-163ea06baa81	3	119852694	120088986	81	-0.0573
34e39e63-405b-4eae-a326-163ea06baa81	3	120089527	123545290	1827	0.2446
34e39e63-405b-4eae-a326-163ea06baa81	3	123547233	131572139	4503	0.3038
34e39e63-405b-4eae-a326-163ea06baa81	3	131572154	131580386	4	-0.6666
34e39e63-405b-4eae-a326-163ea06baa81	3	131580388	136004266	2906	0.3108
34e39e63-405b-4eae-a326-163ea06baa81	3	136004289	136201958	85	0.1027
34e39e63-405b-4eae-a326-163ea06baa81	3	136206349	144135548	4117	0.3131
34e39e63-405b-4eae-a326-163ea06baa81	3	144136490	148556718	1958	0.3562
34e39e63-405b-4eae-a326-163ea06baa81	3	148568219	148568406	2	-0.8287
34e39e63-405b-4eae-a326-163ea06baa81	3	148568566	150376428	1162	0.3613
34e39e63-405b-4eae-a326-163ea06baa81	3	150380082	155712120	3020	0.3186
34e39e63-405b-4eae-a326-163ea06baa81	3	155714877	155888683	51	-0.0685
34e39e63-405b-4eae-a326-163ea06baa81	3	155893235	180907912	12688	0.3291
34e39e63-405b-4eae-a326-163ea06baa81	3	180909453	181329453	219	0.0883
34e39e63-405b-4eae-a326-163ea06baa81	3	181330225	197812401	8589	0.3198
34e39e63-405b-4eae-a326-163ea06baa81	4	1059384	8102446	4018	-0.2173
34e39e63-405b-4eae-a326-163ea06baa81	4	8103111	8103711	6	-1.0847
34e39e63-405b-4eae-a326-163ea06baa81	4	8105154	10971601	1328	-0.2071
34e39e63-405b-4eae-a326-163ea06baa81	4	10971622	10971637	2	-1.7953
34e39e63-405b-4eae-a326-163ea06baa81	4	10971884	17489747	4891	-0.1927
34e39e63-405b-4eae-a326-163ea06baa81	4	17490290	17490450	2	-2.016
34e39e63-405b-4eae-a326-163ea06baa81	4	17490522	46432127	17248	-0.1792
34e39e63-405b-4eae-a326-163ea06baa81	4	46432579	53028349	1533	0.02
34e39e63-405b-4eae-a326-163ea06baa81	4	53029041	53029338	2	-1.0494
34e39e63-405b-4eae-a326-163ea06baa81	4	53030789	59374388	4101	0.0217
34e39e63-405b-4eae-a326-163ea06baa81	4	59378800	148914329	49514	-0.0292
34e39e63-405b-4eae-a326-163ea06baa81	4	148923097	150241013	642	-0.0039
34e39e63-405b-4eae-a326-163ea06baa81	4	150241028	173105689	12749	-0.1012
34e39e63-405b-4eae-a326-163ea06baa81	4	173107538	173192938	56	-0.5419
34e39e63-405b-4eae-a326-163ea06baa81	4	173193044	183378972	5386	-0.1162
34e39e63-405b-4eae-a326-163ea06baa81	4	183379780	183379867	2	-1.8202
34e39e63-405b-4eae-a326-163ea06baa81	4	183380896	186646965	1337	-0.0958
34e39e63-405b-4eae-a326-163ea06baa81	4	186647143	186699490	44	-0.4732
34e39e63-405b-4eae-a326-163ea06baa81	4	186703758	187842528	653	-0.0629
34e39e63-405b-4eae-a326-163ea06baa81	5	913983	3268251	1325	-0.1856
34e39e63-405b-4eae-a326-163ea06baa81	5	3268792	6638833	2800	-0.2408
34e39e63-405b-4eae-a326-163ea06baa81	5	6639066	6738707	78	-0.6003
34e39e63-405b-4eae-a326-163ea06baa81	5	6739454	10574025	2893	-0.2151
34e39e63-405b-4eae-a326-163ea06baa81	5	10574869	12371727	1111	-0.2745
34e39e63-405b-4eae-a326-163ea06baa81	5	12372726	14343163	1123	-0.2322
34e39e63-405b-4eae-a326-163ea06baa81	5	14343221	16208691	759	-0.1555
34e39e63-405b-4eae-a326-163ea06baa81	5	16211608	30841587	7697	-0.2408
34e39e63-405b-4eae-a326-163ea06baa81	5	30841601	90816299	30645	-0.2711
34e39e63-405b-4eae-a326-163ea06baa81	5	90825833	91084119	159	-0.6448
34e39e63-405b-4eae-a326-163ea06baa81	5	91085331	101378891	4735	-0.2642
34e39e63-405b-4eae-a326-163ea06baa81	5	101383089	108014436	3407	-0.2361
34e39e63-405b-4eae-a326-163ea06baa81	5	108016378	165295020	34975	-0.2738
34e39e63-405b-4eae-a326-163ea06baa81	5	165295288	165300611	5	-1.2386
34e39e63-405b-4eae-a326-163ea06baa81	5	165301402	180934240	9420	-0.2867
34e39e63-405b-4eae-a326-163ea06baa81	6	1011760	13719254	9214	0.1504
34e39e63-405b-4eae-a326-163ea06baa81	6	13720709	17448494	2464	0.118
34e39e63-405b-4eae-a326-163ea06baa81	6	17451062	18813136	924	0.1607
34e39e63-405b-4eae-a326-163ea06baa81	6	18815777	18815832	3	-0.7779
34e39e63-405b-4eae-a326-163ea06baa81	6	18816766	19287088	333	0.1419
34e39e63-405b-4eae-a326-163ea06baa81	6	19287262	24144253	3523	0.1862
34e39e63-405b-4eae-a326-163ea06baa81	6	24144639	38083328	5779	0.1307
34e39e63-405b-4eae-a326-163ea06baa81	6	38084874	38482271	272	-0.1634
34e39e63-405b-4eae-a326-163ea06baa81	6	38482656	41645783	2379	0.1276
34e39e63-405b-4eae-a326-163ea06baa81	6	41646496	41808714	103	0.7121
34e39e63-405b-4eae-a326-163ea06baa81	6	41813017	50925015	5126	0.157
34e39e63-405b-4eae-a326-163ea06baa81	6	50925538	50925578	2	1.2476
34e39e63-405b-4eae-a326-163ea06baa81	6	50931560	54004006	2052	0.1622
34e39e63-405b-4eae-a326-163ea06baa81	6	54006348	61530738	1974	0.2006
34e39e63-405b-4eae-a326-163ea06baa81	6	61596503	65291698	1769	-0.1145
34e39e63-405b-4eae-a326-163ea06baa81	6	65291856	65362258	28	0.7264
34e39e63-405b-4eae-a326-163ea06baa81	6	65373219	65373660	3	-0.8163
34e39e63-405b-4eae-a326-163ea06baa81	6	65374753	65582768	148	0.7319
34e39e63-405b-4eae-a326-163ea06baa81	6	65588239	66283625	428	-0.1312
34e39e63-405b-4eae-a326-163ea06baa81	6	66403730	66799090	289	0.4133
34e39e63-405b-4eae-a326-163ea06baa81	6	66799092	66801982	2	-0.4234
34e39e63-405b-4eae-a326-163ea06baa81	6	66802069	66893499	83	0.4734
34e39e63-405b-4eae-a326-163ea06baa81	6	66900098	68749712	1075	-0.1002
34e39e63-405b-4eae-a326-163ea06baa81	6	68749791	69479156	429	0.3839
34e39e63-405b-4eae-a326-163ea06baa81	6	69479486	82780958	7492	-0.1093
34e39e63-405b-4eae-a326-163ea06baa81	6	82783656	82783676	2	-1.2424
34e39e63-405b-4eae-a326-163ea06baa81	6	82784268	102894954	11016	-0.1179
34e39e63-405b-4eae-a326-163ea06baa81	6	102895219	110164242	4341	0.3215
34e39e63-405b-4eae-a326-163ea06baa81	6	110164740	110164946	3	-0.8387
34e39e63-405b-4eae-a326-163ea06baa81	6	110168361	112560816	1436	0.3071
34e39e63-405b-4eae-a326-163ea06baa81	6	112561740	112562319	2	-1.0389
34e39e63-405b-4eae-a326-163ea06baa81	6	112563312	116250532	2120	0.3332
34e39e63-405b-4eae-a326-163ea06baa81	6	116252777	116305946	27	-0.2168
34e39e63-405b-4eae-a326-163ea06baa81	6	116306485	124568859	4374	0.3098
34e39e63-405b-4eae-a326-163ea06baa81	6	124573820	124573927	2	-0.9491
34e39e63-405b-4eae-a326-163ea06baa81	6	124574160	124912372	202	0.3328
34e39e63-405b-4eae-a326-163ea06baa81	6	124914652	129446426	2703	0.3695
34e39e63-405b-4eae-a326-163ea06baa81	6	129447220	130893554	1045	0.3174
34e39e63-405b-4eae-a326-163ea06baa81	6	130894681	130895884	3	-0.6555
34e39e63-405b-4eae-a326-163ea06baa81	6	130897156	134140802	2149	0.3241
34e39e63-405b-4eae-a326-163ea06baa81	6	134144402	134145423	5	-1.1822
34e39e63-405b-4eae-a326-163ea06baa81	6	134145556	163437956	18567	0.3179
34e39e63-405b-4eae-a326-163ea06baa81	6	163438512	163472630	13	-0.5379
34e39e63-405b-4eae-a326-163ea06baa81	6	163477143	170596889	3282	0.3057
34e39e63-405b-4eae-a326-163ea06baa81	7	664936	1678069	216	-0.1024
34e39e63-405b-4eae-a326-163ea06baa81	7	1680706	1681754	2	-1.3904
34e39e63-405b-4eae-a326-163ea06baa81	7	1692230	8105605	2942	-0.117
34e39e63-405b-4eae-a326-163ea06baa81	7	8105869	8105881	2	-1.7975
34e39e63-405b-4eae-a326-163ea06baa81	7	8106103	13235917	2574	-0.0921
34e39e63-405b-4eae-a326-163ea06baa81	7	13238997	13239383	2	-2.0718
34e39e63-405b-4eae-a326-163ea06baa81	7	13242328	19749760	3573	-0.0749
34e39e63-405b-4eae-a326-163ea06baa81	7	19750657	19806378	52	-0.4662
34e39e63-405b-4eae-a326-163ea06baa81	7	19809768	36737663	11400	-0.1029
34e39e63-405b-4eae-a326-163ea06baa81	7	36738680	38429439	1171	-0.1619
34e39e63-405b-4eae-a326-163ea06baa81	7	38430915	42227003	2495	-0.1038
34e39e63-405b-4eae-a326-163ea06baa81	7	42227737	42227972	2	-1.1734
34e39e63-405b-4eae-a326-163ea06baa81	7	42230723	46259049	2014	-0.109
34e39e63-405b-4eae-a326-163ea06baa81	7	46262530	64992125	7585	-0.0809
34e39e63-405b-4eae-a326-163ea06baa81	7	64992758	70259163	2269	-0.1285
34e39e63-405b-4eae-a326-163ea06baa81	7	70263156	70724326	325	-0.5813
34e39e63-405b-4eae-a326-163ea06baa81	7	70740467	78386425	2789	-0.1108
34e39e63-405b-4eae-a326-163ea06baa81	7	78387422	86722854	4994	-0.0709
34e39e63-405b-4eae-a326-163ea06baa81	7	86728186	92904710	2667	-0.0921
34e39e63-405b-4eae-a326-163ea06baa81	7	92904788	92909458	2	-2.0315
34e39e63-405b-4eae-a326-163ea06baa81	7	92909733	93230220	144	-0.0469
34e39e63-405b-4eae-a326-163ea06baa81	7	93230333	93408721	92	0.1566
34e39e63-405b-4eae-a326-163ea06baa81	7	93411877	93413073	3	0.6703
34e39e63-405b-4eae-a326-163ea06baa81	7	93418148	93461926	39	0.1716
34e39e63-405b-4eae-a326-163ea06baa81	7	93467919	95484522	1202	-0.0955
34e39e63-405b-4eae-a326-163ea06baa81	7	95484865	95485246	2	-1.1401
34e39e63-405b-4eae-a326-163ea06baa81	7	95485452	96314212	534	-0.1102
34e39e63-405b-4eae-a326-163ea06baa81	7	96314264	96400126	42	0.1479
34e39e63-405b-4eae-a326-163ea06baa81	7	96400243	97181600	495	-0.1187
34e39e63-405b-4eae-a326-163ea06baa81	7	97182290	97189479	4	-0.7203
34e39e63-405b-4eae-a326-163ea06baa81	7	97190707	97317069	58	-0.0868
34e39e63-405b-4eae-a326-163ea06baa81	7	97317178	97317387	4	-2.156
34e39e63-405b-4eae-a326-163ea06baa81	7	97331103	130317394	16889	-0.0928
34e39e63-405b-4eae-a326-163ea06baa81	7	130319372	130319417	2	-1.9462
34e39e63-405b-4eae-a326-163ea06baa81	7	130321903	132747832	1495	-0.1104
34e39e63-405b-4eae-a326-163ea06baa81	7	132748001	139084237	3932	-0.0784
34e39e63-405b-4eae-a326-163ea06baa81	7	139084326	144580403	2435	-0.1142
34e39e63-405b-4eae-a326-163ea06baa81	7	144580664	144580772	3	-1.0458
34e39e63-405b-4eae-a326-163ea06baa81	7	144581605	148783535	2577	-0.1011
34e39e63-405b-4eae-a326-163ea06baa81	7	148790237	148790773	3	-1.6139
34e39e63-405b-4eae-a326-163ea06baa81	7	148791640	152414796	1637	-0.1014
34e39e63-405b-4eae-a326-163ea06baa81	7	152418752	152450221	13	-1.08
34e39e63-405b-4eae-a326-163ea06baa81	7	152450857	157164495	2582	-0.1335
34e39e63-405b-4eae-a326-163ea06baa81	7	157170830	157355814	108	-0.6497
34e39e63-405b-4eae-a326-163ea06baa81	7	157363457	158592540	564	-0.1417
34e39e63-405b-4eae-a326-163ea06baa81	8	667625	4100226	1813	0.1617
34e39e63-405b-4eae-a326-163ea06baa81	8	4100427	4351875	91	-0.1521
34e39e63-405b-4eae-a326-163ea06baa81	8	4352618	6418232	808	0.1773
34e39e63-405b-4eae-a326-163ea06baa81	8	6421387	6705482	299	-0.1287
34e39e63-405b-4eae-a326-163ea06baa81	8	6718893	9383433	915	0.2123
34e39e63-405b-4eae-a326-163ea06baa81	8	9385831	9500871	67	0.0146
34e39e63-405b-4eae-a326-163ea06baa81	8	9505081	11754234	1237	0.1968
34e39e63-405b-4eae-a326-163ea06baa81	8	11754770	11755189	3	-0.769
34e39e63-405b-4eae-a326-163ea06baa81	8	11764784	17149871	3240	0.2156
34e39e63-405b-4eae-a326-163ea06baa81	8	17151662	17151853	2	-1.0535
34e39e63-405b-4eae-a326-163ea06baa81	8	17152660	18893542	1516	0.201
34e39e63-405b-4eae-a326-163ea06baa81	8	18895881	19139250	213	0.561
34e39e63-405b-4eae-a326-163ea06baa81	8	19140873	25171282	4148	0.207
34e39e63-405b-4eae-a326-163ea06baa81	8	25174320	25239794	33	-0.0966
34e39e63-405b-4eae-a326-163ea06baa81	8	25241061	28300546	2315	0.2077
34e39e63-405b-4eae-a326-163ea06baa81	8	28305686	28328972	27	-0.5618
34e39e63-405b-4eae-a326-163ea06baa81	8	28332530	37274389	5161	0.2039
34e39e63-405b-4eae-a326-163ea06baa81	8	37274549	40908672	1958	0.3968
34e39e63-405b-4eae-a326-163ea06baa81	8	40928593	43080575	1259	0.2077
34e39e63-405b-4eae-a326-163ea06baa81	8	46547532	47525934	371	0.3886
34e39e63-405b-4eae-a326-163ea06baa81	8	47534287	47782331	93	-0.1374
34e39e63-405b-4eae-a326-163ea06baa81	8	47782620	49489535	898	0.3376
34e39e63-405b-4eae-a326-163ea06baa81	8	49489624	53867649	2449	0.3769
34e39e63-405b-4eae-a326-163ea06baa81	8	53869983	56703344	1658	0.3228
34e39e63-405b-4eae-a326-163ea06baa81	8	56703403	56703419	2	-0.8491
34e39e63-405b-4eae-a326-163ea06baa81	8	56703440	60238033	2278	0.3259
34e39e63-405b-4eae-a326-163ea06baa81	8	60238591	60754721	318	0.0778
34e39e63-405b-4eae-a326-163ea06baa81	8	60761954	89452351	16242	0.3474
34e39e63-405b-4eae-a326-163ea06baa81	8	89454367	98079017	5182	0.3851
34e39e63-405b-4eae-a326-163ea06baa81	8	98079997	106599434	4566	0.4155
34e39e63-405b-4eae-a326-163ea06baa81	8	106599748	109236493	1555	0.3865
34e39e63-405b-4eae-a326-163ea06baa81	8	109236662	109347825	52	0.079
34e39e63-405b-4eae-a326-163ea06baa81	8	109348299	111544335	1131	0.3927
34e39e63-405b-4eae-a326-163ea06baa81	8	111544458	112920559	722	0.4726
34e39e63-405b-4eae-a326-163ea06baa81	8	112920824	112920872	2	-0.6378
34e39e63-405b-4eae-a326-163ea06baa81	8	112922037	117294766	2393	0.4876
34e39e63-405b-4eae-a326-163ea06baa81	8	117296525	121839953	3125	0.4148
34e39e63-405b-4eae-a326-163ea06baa81	8	121843536	125114336	2161	0.3589
34e39e63-405b-4eae-a326-163ea06baa81	8	125120469	125245830	64	-0.1935
34e39e63-405b-4eae-a326-163ea06baa81	8	125247892	125361333	74	0.3487
34e39e63-405b-4eae-a326-163ea06baa81	8	125361971	126426783	777	0.6571
34e39e63-405b-4eae-a326-163ea06baa81	8	126427094	127354761	683	0.7549
34e39e63-405b-4eae-a326-163ea06baa81	8	127354842	127458796	73	0.9511
34e39e63-405b-4eae-a326-163ea06baa81	8	127459173	128068426	458	0.7156
34e39e63-405b-4eae-a326-163ea06baa81	8	128071213	128072472	3	-0.1587
34e39e63-405b-4eae-a326-163ea06baa81	8	128072607	128350732	232	0.7285
34e39e63-405b-4eae-a326-163ea06baa81	8	128351965	129851410	976	0.6431
34e39e63-405b-4eae-a326-163ea06baa81	8	129851945	135608540	4350	0.4634
34e39e63-405b-4eae-a326-163ea06baa81	8	135611149	135612722	6	-0.3809
34e39e63-405b-4eae-a326-163ea06baa81	8	135618027	139316666	2734	0.4457
34e39e63-405b-4eae-a326-163ea06baa81	8	139317306	144071799	1480	0.3072
34e39e63-405b-4eae-a326-163ea06baa81	8	144074887	144182542	37	0.2769
34e39e63-405b-4eae-a326-163ea06baa81	9	789794	821484	41	0.2601
34e39e63-405b-4eae-a326-163ea06baa81	9	823064	826427	3	-0.505
34e39e63-405b-4eae-a326-163ea06baa81	9	832679	12643558	6355	0.305
34e39e63-405b-4eae-a326-163ea06baa81	9	12643888	14592323	1536	0.365
34e39e63-405b-4eae-a326-163ea06baa81	9	14592671	28360376	9713	0.2978
34e39e63-405b-4eae-a326-163ea06baa81	9	28360427	29298964	334	0.1385
34e39e63-405b-4eae-a326-163ea06baa81	9	29301663	29301678	2	-1.1391
34e39e63-405b-4eae-a326-163ea06baa81	9	29301838	30252860	451	0.1297
34e39e63-405b-4eae-a326-163ea06baa81	9	30255387	30392095	79	0.7085
34e39e63-405b-4eae-a326-163ea06baa81	9	30396361	38747067	5082	0.1195
34e39e63-405b-4eae-a326-163ea06baa81	9	38747691	69622851	984	-0.0648
34e39e63-405b-4eae-a326-163ea06baa81	9	69622869	69624740	3	-0.8948
34e39e63-405b-4eae-a326-163ea06baa81	9	69627000	74975166	3513	-0.0514
34e39e63-405b-4eae-a326-163ea06baa81	9	74977669	79967538	3644	-0.0906
34e39e63-405b-4eae-a326-163ea06baa81	9	79968078	87023228	4825	-0.0535
34e39e63-405b-4eae-a326-163ea06baa81	9	87026632	87027299	2	-1.7785
34e39e63-405b-4eae-a326-163ea06baa81	9	87028906	89417587	1629	-0.0659
34e39e63-405b-4eae-a326-163ea06baa81	9	89424501	89429589	5	-0.9067
34e39e63-405b-4eae-a326-163ea06baa81	9	89433790	116147440	17442	-0.065
34e39e63-405b-4eae-a326-163ea06baa81	9	116148250	119599745	2715	-0.1125
34e39e63-405b-4eae-a326-163ea06baa81	9	119599793	128116663	5268	-0.0743
34e39e63-405b-4eae-a326-163ea06baa81	9	128120698	128363656	92	-0.2626
34e39e63-405b-4eae-a326-163ea06baa81	9	128371620	130911265	1377	-0.0834
34e39e63-405b-4eae-a326-163ea06baa81	9	130917676	130917715	2	-2.5813
34e39e63-405b-4eae-a326-163ea06baa81	9	130918209	136869464	3072	-0.0798
34e39e63-405b-4eae-a326-163ea06baa81	9	136871168	136945452	30	-0.6721
34e39e63-405b-4eae-a326-163ea06baa81	9	136962913	138044505	290	-0.0863
34e39e63-405b-4eae-a326-163ea06baa81	10	366509	670770	88	0.6977
34e39e63-405b-4eae-a326-163ea06baa81	10	670995	732151	29	0.487
34e39e63-405b-4eae-a326-163ea06baa81	10	732293	732522	3	1.081
34e39e63-405b-4eae-a326-163ea06baa81	10	733717	928930	92	0.4315
34e39e63-405b-4eae-a326-163ea06baa81	10	929193	2266172	780	0.645
34e39e63-405b-4eae-a326-163ea06baa81	10	2267979	5759901	2475	0.7006
34e39e63-405b-4eae-a326-163ea06baa81	10	5760380	11050349	4061	0.6311
34e39e63-405b-4eae-a326-163ea06baa81	10	11050693	11332988	344	0.8226
34e39e63-405b-4eae-a326-163ea06baa81	10	11337709	14095679	2103	0.6498
34e39e63-405b-4eae-a326-163ea06baa81	10	14098739	51622481	20435	0.1899
34e39e63-405b-4eae-a326-163ea06baa81	10	51655059	61725081	6265	0.2115
34e39e63-405b-4eae-a326-163ea06baa81	10	61725082	94192488	19784	0.1924
34e39e63-405b-4eae-a326-163ea06baa81	10	94193177	94193233	2	-1.0544
34e39e63-405b-4eae-a326-163ea06baa81	10	94197674	100382677	3715	0.1834
34e39e63-405b-4eae-a326-163ea06baa81	10	100390884	100593790	108	0.1096
34e39e63-405b-4eae-a326-163ea06baa81	10	100595356	100602358	4	-0.6251
34e39e63-405b-4eae-a326-163ea06baa81	10	100604247	109212315	5190	0.1652
34e39e63-405b-4eae-a326-163ea06baa81	10	109212367	112222917	1977	0.1841
34e39e63-405b-4eae-a326-163ea06baa81	10	112224848	115949357	2538	0.2202
34e39e63-405b-4eae-a326-163ea06baa81	10	115949873	117773530	1285	0.1643
34e39e63-405b-4eae-a326-163ea06baa81	10	117774246	117774296	2	-1.189
34e39e63-405b-4eae-a326-163ea06baa81	10	117774494	122818080	3791	0.204
34e39e63-405b-4eae-a326-163ea06baa81	10	122818241	122818365	2	-0.8988
34e39e63-405b-4eae-a326-163ea06baa81	10	122819819	125165728	1559	0.1947
34e39e63-405b-4eae-a326-163ea06baa81	10	125167686	125169007	2	-1.6464
34e39e63-405b-4eae-a326-163ea06baa81	10	125174037	127820031	1992	0.196
34e39e63-405b-4eae-a326-163ea06baa81	10	127820414	129036843	981	0.122
34e39e63-405b-4eae-a326-163ea06baa81	10	129037047	129311187	235	0.1771
34e39e63-405b-4eae-a326-163ea06baa81	10	129316881	129317034	2	-1.2294
34e39e63-405b-4eae-a326-163ea06baa81	10	129319030	133411599	1467	0.1603
34e39e63-405b-4eae-a326-163ea06baa81	11	456012	796554	80	0.0353
34e39e63-405b-4eae-a326-163ea06baa81	11	816483	2634001	517	0.1724
34e39e63-405b-4eae-a326-163ea06baa81	11	2634910	4560920	1012	0.0474
34e39e63-405b-4eae-a326-163ea06baa81	11	4572287	5082182	377	0.5046
34e39e63-405b-4eae-a326-163ea06baa81	11	5087199	5088077	3	-0.5049
34e39e63-405b-4eae-a326-163ea06baa81	11	5088664	6848387	1130	0.5014
34e39e63-405b-4eae-a326-163ea06baa81	11	6849536	6849900	2	-0.5919
34e39e63-405b-4eae-a326-163ea06baa81	11	6850485	7064242	136	0.5367
34e39e63-405b-4eae-a326-163ea06baa81	11	7066134	15719132	6138	0.0654
34e39e63-405b-4eae-a326-163ea06baa81	11	15719170	16655858	586	0.1319
34e39e63-405b-4eae-a326-163ea06baa81	11	16657610	17437560	513	0.0556
34e39e63-405b-4eae-a326-163ea06baa81	11	17437571	17438304	3	-0.6763
34e39e63-405b-4eae-a326-163ea06baa81	11	17438537	17453896	18	0.0348
34e39e63-405b-4eae-a326-163ea06baa81	11	17454913	17454969	2	-1.4259
34e39e63-405b-4eae-a326-163ea06baa81	11	17455035	36002251	12531	0.0646
34e39e63-405b-4eae-a326-163ea06baa81	11	36002918	36028127	20	-0.3113
34e39e63-405b-4eae-a326-163ea06baa81	11	36031786	36578966	388	0.0746
34e39e63-405b-4eae-a326-163ea06baa81	11	36583992	36613239	31	-0.543
34e39e63-405b-4eae-a326-163ea06baa81	11	36613320	47372087	6278	0.0594
34e39e63-405b-4eae-a326-163ea06baa81	11	47372754	47372766	2	-1.3439
34e39e63-405b-4eae-a326-163ea06baa81	11	47374671	58710212	2326	0.0546
34e39e63-405b-4eae-a326-163ea06baa81	11	58710553	80226885	10496	-0.3067
34e39e63-405b-4eae-a326-163ea06baa81	11	80236076	96266820	9729	-0.285
34e39e63-405b-4eae-a326-163ea06baa81	11	96266936	103751237	4821	-0.2511
34e39e63-405b-4eae-a326-163ea06baa81	11	103751648	104994711	744	-0.2848
34e39e63-405b-4eae-a326-163ea06baa81	11	104995657	104995734	3	-1.187
34e39e63-405b-4eae-a326-163ea06baa81	11	104996115	112442320	4451	-0.2838
34e39e63-405b-4eae-a326-163ea06baa81	11	112445909	134272740	15253	-0.3205
34e39e63-405b-4eae-a326-163ea06baa81	12	780472	3965566	1617	-0.0605
34e39e63-405b-4eae-a326-163ea06baa81	12	3965694	3965711	2	-1.1524
34e39e63-405b-4eae-a326-163ea06baa81	12	3966061	5222924	1062	-0.0922
34e39e63-405b-4eae-a326-163ea06baa81	12	5223430	5223514	2	0.9751
34e39e63-405b-4eae-a326-163ea06baa81	12	5224395	9670356	2121	-0.0466
34e39e63-405b-4eae-a326-163ea06baa81	12	9670544	11887447	1315	-0.0117
34e39e63-405b-4eae-a326-163ea06baa81	12	11889168	11995327	89	0.256
34e39e63-405b-4eae-a326-163ea06baa81	12	11996706	18099282	3729	-0.0082
34e39e63-405b-4eae-a326-163ea06baa81	12	18099811	18099856	2	-1.758
34e39e63-405b-4eae-a326-163ea06baa81	12	18102467	29472942	7232	-0.0161
34e39e63-405b-4eae-a326-163ea06baa81	12	29472996	33361111	2542	-0.0405
34e39e63-405b-4eae-a326-163ea06baa81	12	33363499	44306665	2997	-0.2764
34e39e63-405b-4eae-a326-163ea06baa81	12	44307358	47237446	1704	-0.0401
34e39e63-405b-4eae-a326-163ea06baa81	12	47239298	48141425	516	-0.2926
34e39e63-405b-4eae-a326-163ea06baa81	12	48143945	48347436	126	-0.0359
34e39e63-405b-4eae-a326-163ea06baa81	12	48348741	55002689	3410	-0.2921
34e39e63-405b-4eae-a326-163ea06baa81	12	55003290	55015742	13	-0.8363
34e39e63-405b-4eae-a326-163ea06baa81	12	55015898	67263714	7190	-0.2533
34e39e63-405b-4eae-a326-163ea06baa81	12	67264530	74744640	4561	0.2223
34e39e63-405b-4eae-a326-163ea06baa81	12	74745362	74745473	3	-0.7531
34e39e63-405b-4eae-a326-163ea06baa81	12	74750097	78637678	2649	0.2343
34e39e63-405b-4eae-a326-163ea06baa81	12	78640635	79046629	219	0.3827
34e39e63-405b-4eae-a326-163ea06baa81	12	79049057	89033150	5670	0.2407
34e39e63-405b-4eae-a326-163ea06baa81	12	89036268	97812406	5898	0.2009
34e39e63-405b-4eae-a326-163ea06baa81	12	97813372	98530736	490	0.2415
34e39e63-405b-4eae-a326-163ea06baa81	12	98534868	98914504	232	-0.4904
34e39e63-405b-4eae-a326-163ea06baa81	12	98914992	99353531	240	0.0924
34e39e63-405b-4eae-a326-163ea06baa81	12	99354347	99445209	56	-0.2632
34e39e63-405b-4eae-a326-163ea06baa81	12	99445701	99841295	158	-0.0652
34e39e63-405b-4eae-a326-163ea06baa81	12	99841800	107267905	4905	0.2042
34e39e63-405b-4eae-a326-163ea06baa81	12	107268317	111089571	2086	0.1645
34e39e63-405b-4eae-a326-163ea06baa81	12	111098764	126944796	9331	0.203
34e39e63-405b-4eae-a326-163ea06baa81	12	126944934	129296833	1284	0.1436
34e39e63-405b-4eae-a326-163ea06baa81	12	129300049	132605822	905	0.1921
34e39e63-405b-4eae-a326-163ea06baa81	13	18874255	41013272	14138	-0.0126
34e39e63-405b-4eae-a326-163ea06baa81	13	41013990	41595537	314	-0.2105
34e39e63-405b-4eae-a326-163ea06baa81	13	41595944	48164957	4179	-0.6467
34e39e63-405b-4eae-a326-163ea06baa81	13	48166064	77412427	15259	-0.6126
34e39e63-405b-4eae-a326-163ea06baa81	13	77415499	77415515	2	-2.3425
34e39e63-405b-4eae-a326-163ea06baa81	13	77416540	80588337	2032	-0.6464
34e39e63-405b-4eae-a326-163ea06baa81	13	80589898	87097575	3646	-0.5912
34e39e63-405b-4eae-a326-163ea06baa81	13	87100262	87100387	2	-2.2899
34e39e63-405b-4eae-a326-163ea06baa81	13	87100965	93214809	3626	-0.614
34e39e63-405b-4eae-a326-163ea06baa81	13	93214902	109566034	11214	-0.6557
34e39e63-405b-4eae-a326-163ea06baa81	13	109566385	114226675	2568	-0.2026
34e39e63-405b-4eae-a326-163ea06baa81	14	20033191	51538852	16434	-0.0858
34e39e63-405b-4eae-a326-163ea06baa81	14	51538969	57564874	4067	-0.1211
34e39e63-405b-4eae-a326-163ea06baa81	14	57565006	57567334	4	-1.1223
34e39e63-405b-4eae-a326-163ea06baa81	14	57567852	58355211	513	-0.132
34e39e63-405b-4eae-a326-163ea06baa81	14	58356315	65833989	4580	-0.0934
34e39e63-405b-4eae-a326-163ea06baa81	14	65834979	65835058	2	-1.6351
34e39e63-405b-4eae-a326-163ea06baa81	14	65836090	68340415	1222	-0.0921
34e39e63-405b-4eae-a326-163ea06baa81	14	68342847	68662345	252	0.5162
34e39e63-405b-4eae-a326-163ea06baa81	14	68664313	71362367	1648	-0.1003
34e39e63-405b-4eae-a326-163ea06baa81	14	71365467	71376469	5	-1.2741
34e39e63-405b-4eae-a326-163ea06baa81	14	71390188	73616752	1452	-0.097
34e39e63-405b-4eae-a326-163ea06baa81	14	73616975	73618387	4	-2.1826
34e39e63-405b-4eae-a326-163ea06baa81	14	73622861	75182913	804	-0.11
34e39e63-405b-4eae-a326-163ea06baa81	14	75188383	75423541	187	0.5168
34e39e63-405b-4eae-a326-163ea06baa81	14	75433329	82104223	4453	-0.1058
34e39e63-405b-4eae-a326-163ea06baa81	14	82104268	85040691	1900	-0.0293
34e39e63-405b-4eae-a326-163ea06baa81	14	85041755	95814492	6860	-0.0663
34e39e63-405b-4eae-a326-163ea06baa81	14	95814813	96677905	593	-0.0916
34e39e63-405b-4eae-a326-163ea06baa81	14	96678577	98306207	1249	-0.1417
34e39e63-405b-4eae-a326-163ea06baa81	14	98308936	105533894	3550	-0.072
34e39e63-405b-4eae-a326-163ea06baa81	15	23437561	60143352	20137	-0.1169
34e39e63-405b-4eae-a326-163ea06baa81	15	60144657	60145141	2	-2.1237
34e39e63-405b-4eae-a326-163ea06baa81	15	60146981	67304390	4792	-0.1112
34e39e63-405b-4eae-a326-163ea06baa81	15	67310646	67310676	2	-1.7543
34e39e63-405b-4eae-a326-163ea06baa81	15	67317960	80473021	7486	-0.1206
34e39e63-405b-4eae-a326-163ea06baa81	15	80474125	80474284	2	-2.0132
34e39e63-405b-4eae-a326-163ea06baa81	15	80479084	94032953	7811	-0.1058
34e39e63-405b-4eae-a326-163ea06baa81	15	94033180	94033196	2	-1.299
34e39e63-405b-4eae-a326-163ea06baa81	15	94035668	94059873	24	-0.1095
34e39e63-405b-4eae-a326-163ea06baa81	15	94060000	94062410	2	-1.0373
34e39e63-405b-4eae-a326-163ea06baa81	15	94062625	95384499	884	-0.112
34e39e63-405b-4eae-a326-163ea06baa81	15	95387720	95390733	3	-0.9981
34e39e63-405b-4eae-a326-163ea06baa81	15	95391199	96060371	487	-0.0908
34e39e63-405b-4eae-a326-163ea06baa81	15	96060944	96061918	7	-0.9153
34e39e63-405b-4eae-a326-163ea06baa81	15	96062732	97005991	672	-0.0994
34e39e63-405b-4eae-a326-163ea06baa81	15	97006387	97009030	2	0.874
34e39e63-405b-4eae-a326-163ea06baa81	15	97009227	100205908	1884	-0.0989
34e39e63-405b-4eae-a326-163ea06baa81	15	100206996	100207347	2	-1.2591
34e39e63-405b-4eae-a326-163ea06baa81	15	100208003	101344124	584	-0.0641
34e39e63-405b-4eae-a326-163ea06baa81	16	603333	3757076	962	0.189
34e39e63-405b-4eae-a326-163ea06baa81	16	3758957	3905181	93	-0.1343
34e39e63-405b-4eae-a326-163ea06baa81	16	3906877	18797081	7195	0.1681
34e39e63-405b-4eae-a326-163ea06baa81	16	18798018	18859656	36	-0.5768
34e39e63-405b-4eae-a326-163ea06baa81	16	18863500	53449090	10116	-0.1789
34e39e63-405b-4eae-a326-163ea06baa81	16	53449131	53449144	2	-3.057
34e39e63-405b-4eae-a326-163ea06baa81	16	53449165	62753798	6189	-0.1786
34e39e63-405b-4eae-a326-163ea06baa81	16	62758402	78286466	9058	0.1893
34e39e63-405b-4eae-a326-163ea06baa81	16	78289633	80217574	1902	0.1283
34e39e63-405b-4eae-a326-163ea06baa81	16	80226167	81877580	1137	0.1924
34e39e63-405b-4eae-a326-163ea06baa81	16	81878476	81878900	3	1.2153
34e39e63-405b-4eae-a326-163ea06baa81	16	81879378	89317317	4515	0.1877
34e39e63-405b-4eae-a326-163ea06baa81	17	1074619	6055381	2326	-0.2328
34e39e63-405b-4eae-a326-163ea06baa81	17	6057529	6059063	5	-2.5293
34e39e63-405b-4eae-a326-163ea06baa81	17	6060639	12053773	3688	-0.2615
34e39e63-405b-4eae-a326-163ea06baa81	17	12054639	12131989	48	-0.6897
34e39e63-405b-4eae-a326-163ea06baa81	17	12134491	36067159	7854	-0.2347
34e39e63-405b-4eae-a326-163ea06baa81	17	36567187	36567250	3	-1.5426
34e39e63-405b-4eae-a326-163ea06baa81	17	36575991	60935692	12115	-0.2311
34e39e63-405b-4eae-a326-163ea06baa81	17	60939617	65251748	2014	0.0984
34e39e63-405b-4eae-a326-163ea06baa81	17	65251957	65255912	7	-0.757
34e39e63-405b-4eae-a326-163ea06baa81	17	65256749	82959812	9226	0.1049
34e39e63-405b-4eae-a326-163ea06baa81	18	326691	4618060	2176	0.198
34e39e63-405b-4eae-a326-163ea06baa81	18	4620374	14569952	6065	0.153
34e39e63-405b-4eae-a326-163ea06baa81	18	14573394	14642857	23	0.2771
34e39e63-405b-4eae-a326-163ea06baa81	18	14648458	26612751	3243	-0.1461
34e39e63-405b-4eae-a326-163ea06baa81	18	26614195	26614520	2	-2.3384
34e39e63-405b-4eae-a326-163ea06baa81	18	26615720	29630798	1828	-0.1347
34e39e63-405b-4eae-a326-163ea06baa81	18	29630869	31341334	1071	-0.0921
34e39e63-405b-4eae-a326-163ea06baa81	18	31341383	47259567	9610	-0.1469
34e39e63-405b-4eae-a326-163ea06baa81	18	47261903	47263847	2	-2.0217
34e39e63-405b-4eae-a326-163ea06baa81	18	47269305	47735555	349	-0.1959
34e39e63-405b-4eae-a326-163ea06baa81	18	47736650	54023483	4419	-0.1444
34e39e63-405b-4eae-a326-163ea06baa81	18	54023989	64740721	6873	-0.1751
34e39e63-405b-4eae-a326-163ea06baa81	18	64740782	75194048	4500	-0.1482
34e39e63-405b-4eae-a326-163ea06baa81	18	75194082	78970771	2597	-0.1999
34e39e63-405b-4eae-a326-163ea06baa81	18	78971826	78975252	4	-0.9399
34e39e63-405b-4eae-a326-163ea06baa81	18	78976062	79349796	211	-0.1863
34e39e63-405b-4eae-a326-163ea06baa81	19	283868	10669255	3609	-0.3072
34e39e63-405b-4eae-a326-163ea06baa81	19	10671994	18034672	3404	-0.1827
34e39e63-405b-4eae-a326-163ea06baa81	19	18036257	23870190	2046	-0.2683
34e39e63-405b-4eae-a326-163ea06baa81	19	23872082	28791302	770	0.2027
34e39e63-405b-4eae-a326-163ea06baa81	19	28791520	28814512	16	1.3663
34e39e63-405b-4eae-a326-163ea06baa81	19	28814967	29248822	374	1.9652
34e39e63-405b-4eae-a326-163ea06baa81	19	29249279	29815913	456	2.1709
34e39e63-405b-4eae-a326-163ea06baa81	19	29816191	29817619	15	2.987
34e39e63-405b-4eae-a326-163ea06baa81	19	29819651	29976136	105	2.3303
34e39e63-405b-4eae-a326-163ea06baa81	19	29976402	30012817	22	2.6698
34e39e63-405b-4eae-a326-163ea06baa81	19	30013178	30018654	6	1.6662
34e39e63-405b-4eae-a326-163ea06baa81	19	30019304	51701323	10603	-0.0082
34e39e63-405b-4eae-a326-163ea06baa81	19	51701538	54936139	973	-0.0568
34e39e63-405b-4eae-a326-163ea06baa81	19	54936244	58370362	1756	0.004
34e39e63-405b-4eae-a326-163ea06baa81	20	472817	1833453	803	-0.3961
34e39e63-405b-4eae-a326-163ea06baa81	20	1834416	5065984	2076	0.2933
34e39e63-405b-4eae-a326-163ea06baa81	20	5067403	5136462	41	-0.1021
34e39e63-405b-4eae-a326-163ea06baa81	20	5138097	5173222	17	0.4144
34e39e63-405b-4eae-a326-163ea06baa81	20	5175053	5956083	343	0.0065
34e39e63-405b-4eae-a326-163ea06baa81	20	5957123	8995671	1846	0.2929
34e39e63-405b-4eae-a326-163ea06baa81	20	8999356	9378526	227	0.046
34e39e63-405b-4eae-a326-163ea06baa81	20	9383150	20946064	8510	0.3037
34e39e63-405b-4eae-a326-163ea06baa81	20	20946904	24452435	2326	0.2353
34e39e63-405b-4eae-a326-163ea06baa81	20	24452468	37092795	3594	0.3139
34e39e63-405b-4eae-a326-163ea06baa81	20	37093415	37093618	3	-0.5648
34e39e63-405b-4eae-a326-163ea06baa81	20	37093952	45101801	5295	0.3107
34e39e63-405b-4eae-a326-163ea06baa81	20	45101949	45144527	23	0.7726
34e39e63-405b-4eae-a326-163ea06baa81	20	45146361	63588502	12465	0.3222
34e39e63-405b-4eae-a326-163ea06baa81	21	13974127	15325701	913	0.1239
34e39e63-405b-4eae-a326-163ea06baa81	21	15327191	26036769	6567	0.1761
34e39e63-405b-4eae-a326-163ea06baa81	21	26037591	26069098	22	-0.2048
34e39e63-405b-4eae-a326-163ea06baa81	21	26069417	26091953	16	-0.5789
34e39e63-405b-4eae-a326-163ea06baa81	21	26093038	26142055	44	-0.2443
34e39e63-405b-4eae-a326-163ea06baa81	21	26147981	28158967	1550	0.1845
34e39e63-405b-4eae-a326-163ea06baa81	21	28167177	34765732	4179	0.1443
34e39e63-405b-4eae-a326-163ea06baa81	21	34766517	35525297	598	0.1744
34e39e63-405b-4eae-a326-163ea06baa81	21	35525560	35525615	2	-1.0821
34e39e63-405b-4eae-a326-163ea06baa81	21	35532044	46262057	6714	0.151
34e39e63-405b-4eae-a326-163ea06baa81	22	16934932	25740026	1793	-0.235
34e39e63-405b-4eae-a326-163ea06baa81	22	25743126	27183355	1476	-0.3023
34e39e63-405b-4eae-a326-163ea06baa81	22	27184726	27185303	2	-1.4884
34e39e63-405b-4eae-a326-163ea06baa81	22	27188214	27659246	506	-0.3026
34e39e63-405b-4eae-a326-163ea06baa81	22	27659393	48133582	12639	-0.2564
34e39e63-405b-4eae-a326-163ea06baa81	22	48133647	48940621	670	-0.3195
34e39e63-405b-4eae-a326-163ea06baa81	X	3236359	12586319	3298	-0.2791
34e39e63-405b-4eae-a326-163ea06baa81	X	12588591	12589596	2	-1.9058
34e39e63-405b-4eae-a326-163ea06baa81	X	12590581	22498770	4808	-0.2595
34e39e63-405b-4eae-a326-163ea06baa81	X	22498808	22498824	2	-1.8413
34e39e63-405b-4eae-a326-163ea06baa81	X	22500950	54550410	14423	-0.2623
34e39e63-405b-4eae-a326-163ea06baa81	X	54550843	155677414	41449	0.1697
