GDC_Aliquot	Chromosome	Start	End	Num_Probes	Segment_Mean
34c5238e-d4ee-424c-976c-0f9bbfb1e0bc	1	3301765	8365475	3224	0.0274
34c5238e-d4ee-424c-976c-0f9bbfb1e0bc	1	8366984	11539717	1505	-0.0211
34c5238e-d4ee-424c-976c-0f9bbfb1e0bc	1	11540004	48042313	19373	0.0187
34c5238e-d4ee-424c-976c-0f9bbfb1e0bc	1	48043347	48100702	45	-0.4447
34c5238e-d4ee-424c-976c-0f9bbfb1e0bc	1	48101445	81033314	20446	0.0231
34c5238e-d4ee-424c-976c-0f9bbfb1e0bc	1	81036484	149906351	23572	0.0542
34c5238e-d4ee-424c-976c-0f9bbfb1e0bc	1	149907993	152019898	869	0.4054
34c5238e-d4ee-424c-976c-0f9bbfb1e0bc	1	152020589	176918383	15664	0.4435
34c5238e-d4ee-424c-976c-0f9bbfb1e0bc	1	176918433	177929664	717	0.4995
34c5238e-d4ee-424c-976c-0f9bbfb1e0bc	1	177930427	233300657	35132	0.4392
34c5238e-d4ee-424c-976c-0f9bbfb1e0bc	1	233306410	247650984	9279	0.4137
34c5238e-d4ee-424c-976c-0f9bbfb1e0bc	2	480597	88831554	50810	0.1555
34c5238e-d4ee-424c-976c-0f9bbfb1e0bc	2	94675825	94774225	35	0.7462
34c5238e-d4ee-424c-976c-0f9bbfb1e0bc	2	94785281	95260123	146	-0.0573
34c5238e-d4ee-424c-976c-0f9bbfb1e0bc	2	95265470	96817662	376	0.7864
34c5238e-d4ee-424c-976c-0f9bbfb1e0bc	2	96820578	96928405	43	1.8266
34c5238e-d4ee-424c-976c-0f9bbfb1e0bc	2	96931632	97658064	63	-0.0793
34c5238e-d4ee-424c-976c-0f9bbfb1e0bc	2	97660859	97739197	46	0.8631
34c5238e-d4ee-424c-976c-0f9bbfb1e0bc	2	97742964	104815896	4258	-0.0931
34c5238e-d4ee-424c-976c-0f9bbfb1e0bc	2	104816208	105040174	107	0.782
34c5238e-d4ee-424c-976c-0f9bbfb1e0bc	2	105058076	121466768	8528	-0.087
34c5238e-d4ee-424c-976c-0f9bbfb1e0bc	2	121466781	126237389	2070	-0.0025
34c5238e-d4ee-424c-976c-0f9bbfb1e0bc	2	126238077	139824436	6833	-0.0858
34c5238e-d4ee-424c-976c-0f9bbfb1e0bc	2	139825806	142889750	1965	-0.0087
34c5238e-d4ee-424c-976c-0f9bbfb1e0bc	2	142890022	144683273	1006	-0.1023
34c5238e-d4ee-424c-976c-0f9bbfb1e0bc	2	144683731	146632834	1027	-0.0384
34c5238e-d4ee-424c-976c-0f9bbfb1e0bc	2	146634983	165528929	10878	-0.0954
34c5238e-d4ee-424c-976c-0f9bbfb1e0bc	2	165536710	166466793	586	0.1421
34c5238e-d4ee-424c-976c-0f9bbfb1e0bc	2	166468360	167241552	438	-0.0888
34c5238e-d4ee-424c-976c-0f9bbfb1e0bc	2	167243228	167243265	2	-1.0839
34c5238e-d4ee-424c-976c-0f9bbfb1e0bc	2	167247191	167827180	346	-0.0842
34c5238e-d4ee-424c-976c-0f9bbfb1e0bc	2	167830643	175795209	5101	0.1413
34c5238e-d4ee-424c-976c-0f9bbfb1e0bc	2	175798536	176865943	717	-0.0714
34c5238e-d4ee-424c-976c-0f9bbfb1e0bc	2	176868066	189102303	6356	0.1763
34c5238e-d4ee-424c-976c-0f9bbfb1e0bc	2	189108467	194131849	2523	0.2171
34c5238e-d4ee-424c-976c-0f9bbfb1e0bc	2	194133512	206598253	6728	0.1513
34c5238e-d4ee-424c-976c-0f9bbfb1e0bc	2	206600240	226293442	12317	-0.389
34c5238e-d4ee-424c-976c-0f9bbfb1e0bc	2	226311236	226322765	11	-1.2046
34c5238e-d4ee-424c-976c-0f9bbfb1e0bc	2	226325601	241537572	8933	-0.4006
34c5238e-d4ee-424c-976c-0f9bbfb1e0bc	3	2170634	19881247	10639	-0.0811
34c5238e-d4ee-424c-976c-0f9bbfb1e0bc	3	19882330	20095016	138	0.1274
34c5238e-d4ee-424c-976c-0f9bbfb1e0bc	3	20095153	76048651	33222	-0.076
34c5238e-d4ee-424c-976c-0f9bbfb1e0bc	3	76048714	76587321	290	-0.3666
34c5238e-d4ee-424c-976c-0f9bbfb1e0bc	3	76589815	77429965	536	-0.0784
34c5238e-d4ee-424c-976c-0f9bbfb1e0bc	3	77436235	77576019	86	-0.2508
34c5238e-d4ee-424c-976c-0f9bbfb1e0bc	3	77576403	77669581	66	-0.0374
34c5238e-d4ee-424c-976c-0f9bbfb1e0bc	3	77678357	77903590	116	0.1664
34c5238e-d4ee-424c-976c-0f9bbfb1e0bc	3	77905136	105415759	12340	-0.0803
34c5238e-d4ee-424c-976c-0f9bbfb1e0bc	3	105415962	105571296	101	-0.4034
34c5238e-d4ee-424c-976c-0f9bbfb1e0bc	3	105571684	106883219	751	-0.0933
34c5238e-d4ee-424c-976c-0f9bbfb1e0bc	3	106883365	106887239	2	-1.2244
34c5238e-d4ee-424c-976c-0f9bbfb1e0bc	3	106887507	121383830	8439	-0.0883
34c5238e-d4ee-424c-976c-0f9bbfb1e0bc	3	121384655	121461768	27	-0.4147
34c5238e-d4ee-424c-976c-0f9bbfb1e0bc	3	121465861	141823856	11750	-0.0802
34c5238e-d4ee-424c-976c-0f9bbfb1e0bc	3	141826962	142098901	137	0.1356
34c5238e-d4ee-424c-976c-0f9bbfb1e0bc	3	142100008	157051181	7699	-0.0919
34c5238e-d4ee-424c-976c-0f9bbfb1e0bc	3	157051878	197812401	20881	0.1536
34c5238e-d4ee-424c-976c-0f9bbfb1e0bc	4	1059384	3072592	768	-0.3997
34c5238e-d4ee-424c-976c-0f9bbfb1e0bc	4	3077911	3462155	217	-0.1117
34c5238e-d4ee-424c-976c-0f9bbfb1e0bc	4	3520956	10182390	3778	-0.3796
34c5238e-d4ee-424c-976c-0f9bbfb1e0bc	4	10186298	10476411	196	0.1024
34c5238e-d4ee-424c-976c-0f9bbfb1e0bc	4	10480791	26794082	11232	-0.3812
34c5238e-d4ee-424c-976c-0f9bbfb1e0bc	4	26800373	27252014	273	0.0555
34c5238e-d4ee-424c-976c-0f9bbfb1e0bc	4	27252733	27666585	302	0.1076
34c5238e-d4ee-424c-976c-0f9bbfb1e0bc	4	27667242	27674891	12	0.5147
34c5238e-d4ee-424c-976c-0f9bbfb1e0bc	4	27677152	27734397	40	0.1119
34c5238e-d4ee-424c-976c-0f9bbfb1e0bc	4	27736755	29014692	785	0.3043
34c5238e-d4ee-424c-976c-0f9bbfb1e0bc	4	29016551	29236491	153	-0.3588
34c5238e-d4ee-424c-976c-0f9bbfb1e0bc	4	29236973	31023234	1105	-0.0777
34c5238e-d4ee-424c-976c-0f9bbfb1e0bc	4	31025841	33907061	1584	-0.3753
34c5238e-d4ee-424c-976c-0f9bbfb1e0bc	4	33912446	33958194	27	0.026
34c5238e-d4ee-424c-976c-0f9bbfb1e0bc	4	33960129	48067890	7902	-0.3868
34c5238e-d4ee-424c-976c-0f9bbfb1e0bc	4	51832470	72403157	11214	-0.0516
34c5238e-d4ee-424c-976c-0f9bbfb1e0bc	4	72407888	72426495	8	1.138
34c5238e-d4ee-424c-976c-0f9bbfb1e0bc	4	72427256	73017981	414	0.8992
34c5238e-d4ee-424c-976c-0f9bbfb1e0bc	4	73021795	73691846	331	1.0308
34c5238e-d4ee-424c-976c-0f9bbfb1e0bc	4	73691862	73692188	2	2.2422
34c5238e-d4ee-424c-976c-0f9bbfb1e0bc	4	73692211	74157992	291	0.9927
34c5238e-d4ee-424c-976c-0f9bbfb1e0bc	4	74164755	74659769	295	-0.3541
34c5238e-d4ee-424c-976c-0f9bbfb1e0bc	4	74663843	74771512	69	-0.0532
34c5238e-d4ee-424c-976c-0f9bbfb1e0bc	4	74777904	75121326	232	0.1964
34c5238e-d4ee-424c-976c-0f9bbfb1e0bc	4	75132967	75742525	375	-0.0396
34c5238e-d4ee-424c-976c-0f9bbfb1e0bc	4	75744996	101648818	15053	-0.3439
34c5238e-d4ee-424c-976c-0f9bbfb1e0bc	4	101649292	101651936	2	-2.0157
34c5238e-d4ee-424c-976c-0f9bbfb1e0bc	4	101652797	131917527	16578	-0.3445
34c5238e-d4ee-424c-976c-0f9bbfb1e0bc	4	131931140	153024634	11480	0.0965
34c5238e-d4ee-424c-976c-0f9bbfb1e0bc	4	153024881	153620144	354	-0.2069
34c5238e-d4ee-424c-976c-0f9bbfb1e0bc	4	153620297	160405328	4120	0.0909
34c5238e-d4ee-424c-976c-0f9bbfb1e0bc	4	160405419	160589188	133	-0.1434
34c5238e-d4ee-424c-976c-0f9bbfb1e0bc	4	160589843	187842528	14222	0.0937
34c5238e-d4ee-424c-976c-0f9bbfb1e0bc	5	913983	42907283	25064	0.1601
34c5238e-d4ee-424c-976c-0f9bbfb1e0bc	5	42908654	130660033	45247	-0.0914
34c5238e-d4ee-424c-976c-0f9bbfb1e0bc	5	130660137	130660284	2	1.4216
34c5238e-d4ee-424c-976c-0f9bbfb1e0bc	5	130665426	169219717	24245	-0.094
34c5238e-d4ee-424c-976c-0f9bbfb1e0bc	5	169220500	169220596	2	-1.8251
34c5238e-d4ee-424c-976c-0f9bbfb1e0bc	5	169222617	180934240	6600	-0.0875
34c5238e-d4ee-424c-976c-0f9bbfb1e0bc	6	1011760	7308171	4653	-0.0905
34c5238e-d4ee-424c-976c-0f9bbfb1e0bc	6	7308917	9350704	1429	0.1752
34c5238e-d4ee-424c-976c-0f9bbfb1e0bc	6	9352008	18242611	6058	0.1451
34c5238e-d4ee-424c-976c-0f9bbfb1e0bc	6	18242626	24764514	4712	0.1698
34c5238e-d4ee-424c-976c-0f9bbfb1e0bc	6	24764560	37483331	5001	0.1294
34c5238e-d4ee-424c-976c-0f9bbfb1e0bc	6	37483874	65661440	14301	0.1647
34c5238e-d4ee-424c-976c-0f9bbfb1e0bc	6	65670018	87996397	12728	-0.0831
34c5238e-d4ee-424c-976c-0f9bbfb1e0bc	6	87996633	88905633	536	0.1527
34c5238e-d4ee-424c-976c-0f9bbfb1e0bc	6	88908515	90127914	750	-0.1115
34c5238e-d4ee-424c-976c-0f9bbfb1e0bc	6	90130431	90378356	160	0.1487
34c5238e-d4ee-424c-976c-0f9bbfb1e0bc	6	90383085	90769638	305	-0.0713
34c5238e-d4ee-424c-976c-0f9bbfb1e0bc	6	90770623	94556105	1875	0.1655
34c5238e-d4ee-424c-976c-0f9bbfb1e0bc	6	94563946	94624007	34	-0.0592
34c5238e-d4ee-424c-976c-0f9bbfb1e0bc	6	95386776	106855080	6774	0.3613
34c5238e-d4ee-424c-976c-0f9bbfb1e0bc	6	106988904	111179872	2525	0.5296
34c5238e-d4ee-424c-976c-0f9bbfb1e0bc	6	111180201	111184784	2	-0.5276
34c5238e-d4ee-424c-976c-0f9bbfb1e0bc	6	111184878	125065831	7710	0.5423
34c5238e-d4ee-424c-976c-0f9bbfb1e0bc	6	125068153	125098328	38	1.0819
34c5238e-d4ee-424c-976c-0f9bbfb1e0bc	6	125098753	127692751	1449	0.5394
34c5238e-d4ee-424c-976c-0f9bbfb1e0bc	6	127693188	127695457	5	-0.7192
34c5238e-d4ee-424c-976c-0f9bbfb1e0bc	6	127696434	135014291	4877	0.5296
34c5238e-d4ee-424c-976c-0f9bbfb1e0bc	6	135021116	135022100	2	1.7177
34c5238e-d4ee-424c-976c-0f9bbfb1e0bc	6	135028432	139719810	3104	0.5178
34c5238e-d4ee-424c-976c-0f9bbfb1e0bc	6	139720613	141121688	497	0.3788
34c5238e-d4ee-424c-976c-0f9bbfb1e0bc	6	141121744	166740983	16583	0.5319
34c5238e-d4ee-424c-976c-0f9bbfb1e0bc	6	166743536	166855089	101	0.3681
34c5238e-d4ee-424c-976c-0f9bbfb1e0bc	6	166855960	170596889	1005	0.5321
34c5238e-d4ee-424c-976c-0f9bbfb1e0bc	7	664936	867864	78	0.3951
34c5238e-d4ee-424c-976c-0f9bbfb1e0bc	7	870921	70472964	36375	0.1521
34c5238e-d4ee-424c-976c-0f9bbfb1e0bc	7	70473561	70766084	235	-0.0483
34c5238e-d4ee-424c-976c-0f9bbfb1e0bc	7	70766663	106092000	17151	0.1537
34c5238e-d4ee-424c-976c-0f9bbfb1e0bc	7	106094596	106094672	2	-1.2615
34c5238e-d4ee-424c-976c-0f9bbfb1e0bc	7	106105534	147077978	22007	0.1599
34c5238e-d4ee-424c-976c-0f9bbfb1e0bc	7	147078241	147161370	44	-0.0627
34c5238e-d4ee-424c-976c-0f9bbfb1e0bc	7	147162201	147238838	48	-0.3584
34c5238e-d4ee-424c-976c-0f9bbfb1e0bc	7	147241776	147328688	57	-0.0481
34c5238e-d4ee-424c-976c-0f9bbfb1e0bc	7	147328851	147460329	113	-0.3406
34c5238e-d4ee-424c-976c-0f9bbfb1e0bc	7	147463639	147498773	39	-0.822
34c5238e-d4ee-424c-976c-0f9bbfb1e0bc	7	147499598	147824549	242	-0.4525
34c5238e-d4ee-424c-976c-0f9bbfb1e0bc	7	147830971	147941631	85	-0.1711
34c5238e-d4ee-424c-976c-0f9bbfb1e0bc	7	147942247	147973266	32	-0.9535
34c5238e-d4ee-424c-976c-0f9bbfb1e0bc	7	147974831	148014670	23	-0.3447
34c5238e-d4ee-424c-976c-0f9bbfb1e0bc	7	148016064	158592540	5458	-0.082
34c5238e-d4ee-424c-976c-0f9bbfb1e0bc	8	667625	43080575	25113	-0.0761
34c5238e-d4ee-424c-976c-0f9bbfb1e0bc	8	46547532	123339439	44018	0.3551
34c5238e-d4ee-424c-976c-0f9bbfb1e0bc	8	123346048	123392085	17	0.8872
34c5238e-d4ee-424c-976c-0f9bbfb1e0bc	8	123395606	127133805	2629	0.3592
34c5238e-d4ee-424c-976c-0f9bbfb1e0bc	8	127139564	127140282	2	-0.4827
34c5238e-d4ee-424c-976c-0f9bbfb1e0bc	8	127140862	127430224	206	0.3386
34c5238e-d4ee-424c-976c-0f9bbfb1e0bc	8	127435304	127440521	2	-1.0189
34c5238e-d4ee-424c-976c-0f9bbfb1e0bc	8	127441520	131958517	3105	0.3572
34c5238e-d4ee-424c-976c-0f9bbfb1e0bc	8	131966767	131994679	17	-0.4812
34c5238e-d4ee-424c-976c-0f9bbfb1e0bc	8	132004778	144182542	7172	0.3641
34c5238e-d4ee-424c-976c-0f9bbfb1e0bc	9	789794	9640535	5501	-0.3821
34c5238e-d4ee-424c-976c-0f9bbfb1e0bc	9	9641664	9735986	62	-0.8035
34c5238e-d4ee-424c-976c-0f9bbfb1e0bc	9	9736587	37033162	16890	-0.3683
34c5238e-d4ee-424c-976c-0f9bbfb1e0bc	9	37033364	37034672	3	-1.6615
34c5238e-d4ee-424c-976c-0f9bbfb1e0bc	9	37035184	38747067	1143	-0.3677
34c5238e-d4ee-424c-976c-0f9bbfb1e0bc	9	38747691	138044505	44896	-0.0725
34c5238e-d4ee-424c-976c-0f9bbfb1e0bc	10	366509	3137254	1362	0.0823
34c5238e-d4ee-424c-976c-0f9bbfb1e0bc	10	3137471	4491354	1258	0.0322
34c5238e-d4ee-424c-976c-0f9bbfb1e0bc	10	4491733	35195089	21696	0.0732
34c5238e-d4ee-424c-976c-0f9bbfb1e0bc	10	35196513	35504524	99	1.2433
34c5238e-d4ee-424c-976c-0f9bbfb1e0bc	10	35507426	35513566	6	2.419
34c5238e-d4ee-424c-976c-0f9bbfb1e0bc	10	35517709	35674373	105	1.1718
34c5238e-d4ee-424c-976c-0f9bbfb1e0bc	10	35680642	36883516	881	0.9092
34c5238e-d4ee-424c-976c-0f9bbfb1e0bc	10	36883876	37771983	492	1.0224
34c5238e-d4ee-424c-976c-0f9bbfb1e0bc	10	37773844	38307726	292	0.8997
34c5238e-d4ee-424c-976c-0f9bbfb1e0bc	10	38308505	38462993	35	0.2947
34c5238e-d4ee-424c-976c-0f9bbfb1e0bc	10	38466746	72991219	17060	-0.0761
34c5238e-d4ee-424c-976c-0f9bbfb1e0bc	10	72998620	74249407	489	0.139
34c5238e-d4ee-424c-976c-0f9bbfb1e0bc	10	74255850	74287053	16	-0.1917
34c5238e-d4ee-424c-976c-0f9bbfb1e0bc	10	74291997	75072218	375	0.1607
34c5238e-d4ee-424c-976c-0f9bbfb1e0bc	10	75073751	77148452	1423	-0.0653
34c5238e-d4ee-424c-976c-0f9bbfb1e0bc	10	77152249	77955403	675	0.1794
34c5238e-d4ee-424c-976c-0f9bbfb1e0bc	10	77957901	80331071	1290	-0.0668
34c5238e-d4ee-424c-976c-0f9bbfb1e0bc	10	80333257	80357703	10	0.4528
34c5238e-d4ee-424c-976c-0f9bbfb1e0bc	10	80358652	81488959	765	-0.3738
34c5238e-d4ee-424c-976c-0f9bbfb1e0bc	10	81490306	82986291	1115	-0.0773
34c5238e-d4ee-424c-976c-0f9bbfb1e0bc	10	82991373	85680418	1946	-0.3663
34c5238e-d4ee-424c-976c-0f9bbfb1e0bc	10	85681494	86191929	380	-0.0614
34c5238e-d4ee-424c-976c-0f9bbfb1e0bc	10	86194119	86198553	2	-1.1753
34c5238e-d4ee-424c-976c-0f9bbfb1e0bc	10	86201672	86232219	36	-0.0526
34c5238e-d4ee-424c-976c-0f9bbfb1e0bc	10	86236368	86420467	110	-0.4015
34c5238e-d4ee-424c-976c-0f9bbfb1e0bc	10	86421245	87503965	353	0.0671
34c5238e-d4ee-424c-976c-0f9bbfb1e0bc	10	87515763	87578876	40	-0.3804
34c5238e-d4ee-424c-976c-0f9bbfb1e0bc	10	87581311	87805943	165	-0.0819
34c5238e-d4ee-424c-976c-0f9bbfb1e0bc	10	87806609	90408618	1871	-0.3831
34c5238e-d4ee-424c-976c-0f9bbfb1e0bc	10	90408800	90577772	101	-0.099
34c5238e-d4ee-424c-976c-0f9bbfb1e0bc	10	90578354	90582754	4	0.3177
34c5238e-d4ee-424c-976c-0f9bbfb1e0bc	10	90584050	90587370	6	-0.0487
34c5238e-d4ee-424c-976c-0f9bbfb1e0bc	10	90590632	94976639	2348	-0.3686
34c5238e-d4ee-424c-976c-0f9bbfb1e0bc	10	94979511	107865969	7921	-0.0771
34c5238e-d4ee-424c-976c-0f9bbfb1e0bc	10	107869361	108141210	31	-0.3667
34c5238e-d4ee-424c-976c-0f9bbfb1e0bc	10	108141262	131914143	16072	-0.0746
34c5238e-d4ee-424c-976c-0f9bbfb1e0bc	10	131914230	133203815	440	-0.385
34c5238e-d4ee-424c-976c-0f9bbfb1e0bc	10	133242960	133249523	2	-1.5975
34c5238e-d4ee-424c-976c-0f9bbfb1e0bc	10	133255166	133411599	57	-0.3983
34c5238e-d4ee-424c-976c-0f9bbfb1e0bc	11	456012	630331	36	-0.1549
34c5238e-d4ee-424c-976c-0f9bbfb1e0bc	11	641563	1005108	115	-0.3995
34c5238e-d4ee-424c-976c-0f9bbfb1e0bc	11	1006813	17377058	10291	-0.0869
34c5238e-d4ee-424c-976c-0f9bbfb1e0bc	11	17378797	17458618	81	0.1576
34c5238e-d4ee-424c-976c-0f9bbfb1e0bc	11	17458770	84629799	34768	-0.081
34c5238e-d4ee-424c-976c-0f9bbfb1e0bc	11	84638550	84686892	29	-0.4237
34c5238e-d4ee-424c-976c-0f9bbfb1e0bc	11	84688743	84722449	6	-0.8485
34c5238e-d4ee-424c-976c-0f9bbfb1e0bc	11	84723195	85024465	169	-0.3747
34c5238e-d4ee-424c-976c-0f9bbfb1e0bc	11	85024748	134272740	32113	-0.0755
34c5238e-d4ee-424c-976c-0f9bbfb1e0bc	12	780472	79759913	43527	-0.0797
34c5238e-d4ee-424c-976c-0f9bbfb1e0bc	12	79765255	79765300	3	0.9205
34c5238e-d4ee-424c-976c-0f9bbfb1e0bc	12	79770335	98500899	11635	-0.079
34c5238e-d4ee-424c-976c-0f9bbfb1e0bc	12	98509382	98791405	160	-0.3132
34c5238e-d4ee-424c-976c-0f9bbfb1e0bc	12	98796142	98835362	33	-0.6967
34c5238e-d4ee-424c-976c-0f9bbfb1e0bc	12	98835424	98860602	21	-0.342
34c5238e-d4ee-424c-976c-0f9bbfb1e0bc	12	98861442	99599411	425	-0.0782
34c5238e-d4ee-424c-976c-0f9bbfb1e0bc	12	99599628	100213837	243	-0.3981
34c5238e-d4ee-424c-976c-0f9bbfb1e0bc	12	100219338	119639811	12242	-0.074
34c5238e-d4ee-424c-976c-0f9bbfb1e0bc	12	119640123	123625822	1764	-0.1169
34c5238e-d4ee-424c-976c-0f9bbfb1e0bc	12	123722551	132605822	4323	-0.0749
34c5238e-d4ee-424c-976c-0f9bbfb1e0bc	13	18874255	42003652	14688	-0.3684
34c5238e-d4ee-424c-976c-0f9bbfb1e0bc	13	42008391	42351596	293	-0.0217
34c5238e-d4ee-424c-976c-0f9bbfb1e0bc	13	42353109	42771268	289	0.2592
34c5238e-d4ee-424c-976c-0f9bbfb1e0bc	13	42779350	72872273	15467	-0.3558
34c5238e-d4ee-424c-976c-0f9bbfb1e0bc	13	72874344	86655119	8620	-0.0278
34c5238e-d4ee-424c-976c-0f9bbfb1e0bc	13	86657847	89916787	1751	0.2304
34c5238e-d4ee-424c-976c-0f9bbfb1e0bc	13	89916835	90104729	124	0.4343
34c5238e-d4ee-424c-976c-0f9bbfb1e0bc	13	90105157	90105166	2	-0.7071
34c5238e-d4ee-424c-976c-0f9bbfb1e0bc	13	90106924	90386685	158	0.4711
34c5238e-d4ee-424c-976c-0f9bbfb1e0bc	13	90388415	92074215	1043	0.6125
34c5238e-d4ee-424c-976c-0f9bbfb1e0bc	13	92074404	92101599	22	0.4839
34c5238e-d4ee-424c-976c-0f9bbfb1e0bc	13	92101746	92451510	240	0.7928
34c5238e-d4ee-424c-976c-0f9bbfb1e0bc	13	92453652	101015387	5518	-0.0242
34c5238e-d4ee-424c-976c-0f9bbfb1e0bc	13	101017799	101114810	97	-0.3359
34c5238e-d4ee-424c-976c-0f9bbfb1e0bc	13	101115101	110029481	6476	-0.0718
34c5238e-d4ee-424c-976c-0f9bbfb1e0bc	13	110032157	111154957	830	0.1617
34c5238e-d4ee-424c-976c-0f9bbfb1e0bc	13	111155184	114226675	1386	-0.0747
34c5238e-d4ee-424c-976c-0f9bbfb1e0bc	14	20033191	105533894	49799	-0.1631
34c5238e-d4ee-424c-976c-0f9bbfb1e0bc	15	23437561	31643465	3278	-0.0624
34c5238e-d4ee-424c-976c-0f9bbfb1e0bc	15	31643479	37418207	3315	0.1826
34c5238e-d4ee-424c-976c-0f9bbfb1e0bc	15	37419575	42827941	3165	-0.064
34c5238e-d4ee-424c-976c-0f9bbfb1e0bc	15	42829956	43824718	351	-0.3906
34c5238e-d4ee-424c-976c-0f9bbfb1e0bc	15	43824788	44371757	239	-0.1155
34c5238e-d4ee-424c-976c-0f9bbfb1e0bc	15	44375909	45048669	212	-0.4228
34c5238e-d4ee-424c-976c-0f9bbfb1e0bc	15	45049520	45207849	49	-0.0956
34c5238e-d4ee-424c-976c-0f9bbfb1e0bc	15	45208282	46452504	771	-0.3644
34c5238e-d4ee-424c-976c-0f9bbfb1e0bc	15	46454481	49029332	1754	-0.0477
34c5238e-d4ee-424c-976c-0f9bbfb1e0bc	15	49032767	49403386	158	-0.3535
34c5238e-d4ee-424c-976c-0f9bbfb1e0bc	15	49403430	51286397	1082	-0.0807
34c5238e-d4ee-424c-976c-0f9bbfb1e0bc	15	51287329	51388360	99	-0.4191
34c5238e-d4ee-424c-976c-0f9bbfb1e0bc	15	51393453	51483712	38	-0.0437
34c5238e-d4ee-424c-976c-0f9bbfb1e0bc	15	51488938	51562193	34	-0.3751
34c5238e-d4ee-424c-976c-0f9bbfb1e0bc	15	51573809	51664513	34	-0.059
34c5238e-d4ee-424c-976c-0f9bbfb1e0bc	15	51669520	52752438	681	-0.3956
34c5238e-d4ee-424c-976c-0f9bbfb1e0bc	15	52753276	53447576	540	-0.0755
34c5238e-d4ee-424c-976c-0f9bbfb1e0bc	15	53447803	54183938	596	0.1949
34c5238e-d4ee-424c-976c-0f9bbfb1e0bc	15	54196499	55554888	887	-0.0641
34c5238e-d4ee-424c-976c-0f9bbfb1e0bc	15	55555416	56030927	271	-0.366
34c5238e-d4ee-424c-976c-0f9bbfb1e0bc	15	56032435	56235630	103	-0.061
34c5238e-d4ee-424c-976c-0f9bbfb1e0bc	15	56237757	56443492	98	-0.3554
34c5238e-d4ee-424c-976c-0f9bbfb1e0bc	15	56444230	56444380	3	-1.535
34c5238e-d4ee-424c-976c-0f9bbfb1e0bc	15	56445727	69556107	8543	-0.3756
34c5238e-d4ee-424c-976c-0f9bbfb1e0bc	15	69558349	70144994	441	-0.4652
34c5238e-d4ee-424c-976c-0f9bbfb1e0bc	15	70146188	71001306	528	-0.3513
34c5238e-d4ee-424c-976c-0f9bbfb1e0bc	15	71002332	71404202	242	-0.7395
34c5238e-d4ee-424c-976c-0f9bbfb1e0bc	15	71404547	72037752	433	-0.3789
34c5238e-d4ee-424c-976c-0f9bbfb1e0bc	15	72039917	72044118	3	-2.2326
34c5238e-d4ee-424c-976c-0f9bbfb1e0bc	15	72049039	94222715	12433	-0.3732
34c5238e-d4ee-424c-976c-0f9bbfb1e0bc	15	94224657	101344124	4420	-0.083
34c5238e-d4ee-424c-976c-0f9bbfb1e0bc	16	603333	4827957	1529	0.1406
34c5238e-d4ee-424c-976c-0f9bbfb1e0bc	16	4828401	4828888	3	-0.768
34c5238e-d4ee-424c-976c-0f9bbfb1e0bc	16	4833596	5072358	160	0.1202
34c5238e-d4ee-424c-976c-0f9bbfb1e0bc	16	5072680	28164890	11560	0.1778
34c5238e-d4ee-424c-976c-0f9bbfb1e0bc	16	28167116	46470502	797	0.1357
34c5238e-d4ee-424c-976c-0f9bbfb1e0bc	16	46473753	59711814	8699	-0.3583
34c5238e-d4ee-424c-976c-0f9bbfb1e0bc	16	59711872	59714711	2	-1.7298
34c5238e-d4ee-424c-976c-0f9bbfb1e0bc	16	59714937	66520684	4485	-0.3598
34c5238e-d4ee-424c-976c-0f9bbfb1e0bc	16	66523308	67524170	436	-0.0997
34c5238e-d4ee-424c-976c-0f9bbfb1e0bc	16	67532993	68095021	190	-0.3563
34c5238e-d4ee-424c-976c-0f9bbfb1e0bc	16	68097581	70731244	1147	-0.0852
34c5238e-d4ee-424c-976c-0f9bbfb1e0bc	16	70732621	71184691	53	-0.341
34c5238e-d4ee-424c-976c-0f9bbfb1e0bc	16	71185569	71191441	3	-1.0605
34c5238e-d4ee-424c-976c-0f9bbfb1e0bc	16	71191662	71257044	44	-0.3635
34c5238e-d4ee-424c-976c-0f9bbfb1e0bc	16	71264810	73776555	1510	-0.0752
34c5238e-d4ee-424c-976c-0f9bbfb1e0bc	16	73779019	73779167	2	-1.1876
34c5238e-d4ee-424c-976c-0f9bbfb1e0bc	16	73779712	75414055	872	-0.0756
34c5238e-d4ee-424c-976c-0f9bbfb1e0bc	16	75420506	89317317	9735	-0.3666
34c5238e-d4ee-424c-976c-0f9bbfb1e0bc	17	1074619	9499922	4251	-0.395
34c5238e-d4ee-424c-976c-0f9bbfb1e0bc	17	9501772	13772523	2940	-0.3477
34c5238e-d4ee-424c-976c-0f9bbfb1e0bc	17	13774922	20663490	2255	-0.3857
34c5238e-d4ee-424c-976c-0f9bbfb1e0bc	17	20668017	21399695	284	0.591
34c5238e-d4ee-424c-976c-0f9bbfb1e0bc	17	21774057	27006860	23	0.1886
34c5238e-d4ee-424c-976c-0f9bbfb1e0bc	17	27009727	27299141	104	0.6602
34c5238e-d4ee-424c-976c-0f9bbfb1e0bc	17	27299182	27382312	49	0.0918
34c5238e-d4ee-424c-976c-0f9bbfb1e0bc	17	27382686	28322192	493	0.6633
34c5238e-d4ee-424c-976c-0f9bbfb1e0bc	17	28322698	28448723	50	1.3133
34c5238e-d4ee-424c-976c-0f9bbfb1e0bc	17	28464370	28890688	160	0.6626
34c5238e-d4ee-424c-976c-0f9bbfb1e0bc	17	28908259	29050273	85	1.3433
34c5238e-d4ee-424c-976c-0f9bbfb1e0bc	17	29050720	30528137	646	0.6496
34c5238e-d4ee-424c-976c-0f9bbfb1e0bc	17	30530656	30625268	50	1.2668
34c5238e-d4ee-424c-976c-0f9bbfb1e0bc	17	30848226	33631275	1703	-0.7561
34c5238e-d4ee-424c-976c-0f9bbfb1e0bc	17	34611015	34762189	103	0.178
34c5238e-d4ee-424c-976c-0f9bbfb1e0bc	17	34762686	34782419	20	0.6699
34c5238e-d4ee-424c-976c-0f9bbfb1e0bc	17	34785727	37252988	1178	0.1529
34c5238e-d4ee-424c-976c-0f9bbfb1e0bc	17	37253511	39444209	834	0.5194
34c5238e-d4ee-424c-976c-0f9bbfb1e0bc	17	39447049	39720409	143	2.7523
34c5238e-d4ee-424c-976c-0f9bbfb1e0bc	17	39720514	40091769	169	2.3453
34c5238e-d4ee-424c-976c-0f9bbfb1e0bc	17	40096959	45461373	2490	-0.7334
34c5238e-d4ee-424c-976c-0f9bbfb1e0bc	17	46733528	47003710	182	1.4773
34c5238e-d4ee-424c-976c-0f9bbfb1e0bc	17	47009371	47135242	29	0.0092
34c5238e-d4ee-424c-976c-0f9bbfb1e0bc	17	47145474	47557019	187	-0.3431
34c5238e-d4ee-424c-976c-0f9bbfb1e0bc	17	47566788	48061847	273	-0.7294
34c5238e-d4ee-424c-976c-0f9bbfb1e0bc	17	48065318	48113457	28	-0.3427
34c5238e-d4ee-424c-976c-0f9bbfb1e0bc	17	48115574	48259089	83	0.0805
34c5238e-d4ee-424c-976c-0f9bbfb1e0bc	17	48259736	48372952	61	-0.1421
34c5238e-d4ee-424c-976c-0f9bbfb1e0bc	17	48381429	48539657	87	1.3359
34c5238e-d4ee-424c-976c-0f9bbfb1e0bc	17	48545758	48870856	115	1.5744
34c5238e-d4ee-424c-976c-0f9bbfb1e0bc	17	48871227	49049358	91	2.1803
34c5238e-d4ee-424c-976c-0f9bbfb1e0bc	17	49050885	49752189	374	1.8989
34c5238e-d4ee-424c-976c-0f9bbfb1e0bc	17	49752228	50279635	256	2.2006
34c5238e-d4ee-424c-976c-0f9bbfb1e0bc	17	50281058	50642528	206	1.43
34c5238e-d4ee-424c-976c-0f9bbfb1e0bc	17	50643246	51573723	329	2.8642
34c5238e-d4ee-424c-976c-0f9bbfb1e0bc	17	51580470	52000735	370	2.4944
34c5238e-d4ee-424c-976c-0f9bbfb1e0bc	17	52002489	52215106	164	2.1117
34c5238e-d4ee-424c-976c-0f9bbfb1e0bc	17	52216746	52232885	23	1.6609
34c5238e-d4ee-424c-976c-0f9bbfb1e0bc	17	52233274	52269896	29	2.0444
34c5238e-d4ee-424c-976c-0f9bbfb1e0bc	17	52273444	52442911	106	0.2331
34c5238e-d4ee-424c-976c-0f9bbfb1e0bc	17	52443599	53482167	458	-0.6821
34c5238e-d4ee-424c-976c-0f9bbfb1e0bc	17	53482400	57311095	2717	0.587
34c5238e-d4ee-424c-976c-0f9bbfb1e0bc	17	57313751	57419081	81	0.1901
34c5238e-d4ee-424c-976c-0f9bbfb1e0bc	17	57419810	57483169	63	0.5241
34c5238e-d4ee-424c-976c-0f9bbfb1e0bc	17	57484790	57484867	2	-0.6753
34c5238e-d4ee-424c-976c-0f9bbfb1e0bc	17	57486850	58976060	833	0.565
34c5238e-d4ee-424c-976c-0f9bbfb1e0bc	17	59093350	59114197	15	0.1501
34c5238e-d4ee-424c-976c-0f9bbfb1e0bc	17	59115460	59326591	83	0.5448
34c5238e-d4ee-424c-976c-0f9bbfb1e0bc	17	59329658	59540555	124	0.2001
34c5238e-d4ee-424c-976c-0f9bbfb1e0bc	17	59545150	60641131	488	0.5516
34c5238e-d4ee-424c-976c-0f9bbfb1e0bc	17	60647104	60888205	127	0.1766
34c5238e-d4ee-424c-976c-0f9bbfb1e0bc	17	60891225	69443298	4545	0.5669
34c5238e-d4ee-424c-976c-0f9bbfb1e0bc	17	69443312	69515514	41	0.1853
34c5238e-d4ee-424c-976c-0f9bbfb1e0bc	17	69515728	69807038	183	0.6023
34c5238e-d4ee-424c-976c-0f9bbfb1e0bc	17	69809018	69916275	50	0.2147
34c5238e-d4ee-424c-976c-0f9bbfb1e0bc	17	69919557	71991231	1629	0.59
34c5238e-d4ee-424c-976c-0f9bbfb1e0bc	17	71993389	71994113	3	1.4092
34c5238e-d4ee-424c-976c-0f9bbfb1e0bc	17	71994133	73820787	1379	0.5963
34c5238e-d4ee-424c-976c-0f9bbfb1e0bc	17	73829384	82959812	3440	0.7824
34c5238e-d4ee-424c-976c-0f9bbfb1e0bc	18	326691	3599609	1381	-0.3756
34c5238e-d4ee-424c-976c-0f9bbfb1e0bc	18	3607748	3608042	2	0.8299
34c5238e-d4ee-424c-976c-0f9bbfb1e0bc	18	3610256	3973509	288	-0.3717
34c5238e-d4ee-424c-976c-0f9bbfb1e0bc	18	3973988	3981292	5	-1.0909
34c5238e-d4ee-424c-976c-0f9bbfb1e0bc	18	3982600	5773585	1232	-0.372
34c5238e-d4ee-424c-976c-0f9bbfb1e0bc	18	5775039	5807861	18	0.3521
34c5238e-d4ee-424c-976c-0f9bbfb1e0bc	18	5812052	5893970	38	0.6378
34c5238e-d4ee-424c-976c-0f9bbfb1e0bc	18	5894127	5935866	26	0.8851
34c5238e-d4ee-424c-976c-0f9bbfb1e0bc	18	5935964	5959259	31	0.6537
34c5238e-d4ee-424c-976c-0f9bbfb1e0bc	18	6602285	7802140	907	0.1602
34c5238e-d4ee-424c-976c-0f9bbfb1e0bc	18	7804317	8716092	708	-0.3863
34c5238e-d4ee-424c-976c-0f9bbfb1e0bc	18	8716268	8746049	29	0.0669
34c5238e-d4ee-424c-976c-0f9bbfb1e0bc	18	8747806	8852922	123	0.2135
34c5238e-d4ee-424c-976c-0f9bbfb1e0bc	18	8854134	8856635	5	0.3555
34c5238e-d4ee-424c-976c-0f9bbfb1e0bc	18	8861619	8870957	8	1.4036
34c5238e-d4ee-424c-976c-0f9bbfb1e0bc	18	8877076	8899598	15	0.1638
34c5238e-d4ee-424c-976c-0f9bbfb1e0bc	18	8899874	9675290	452	0.5213
34c5238e-d4ee-424c-976c-0f9bbfb1e0bc	18	9680100	10629004	797	0.1795
34c5238e-d4ee-424c-976c-0f9bbfb1e0bc	18	10631756	11285425	489	0.6875
34c5238e-d4ee-424c-976c-0f9bbfb1e0bc	18	11290168	14648458	1711	0.8132
34c5238e-d4ee-424c-976c-0f9bbfb1e0bc	18	14653029	14661644	4	0.3058
34c5238e-d4ee-424c-976c-0f9bbfb1e0bc	18	21109102	21403157	119	-0.0699
34c5238e-d4ee-424c-976c-0f9bbfb1e0bc	18	21403203	21726981	118	0.1433
34c5238e-d4ee-424c-976c-0f9bbfb1e0bc	18	21728545	22657164	518	-0.0752
34c5238e-d4ee-424c-976c-0f9bbfb1e0bc	18	22657194	22951714	151	0.1925
34c5238e-d4ee-424c-976c-0f9bbfb1e0bc	18	22956063	23736980	438	-0.081
34c5238e-d4ee-424c-976c-0f9bbfb1e0bc	18	23739979	24521112	514	0.1812
34c5238e-d4ee-424c-976c-0f9bbfb1e0bc	18	24521265	24590944	71	-0.0548
34c5238e-d4ee-424c-976c-0f9bbfb1e0bc	18	24597495	24722163	98	-0.3396
34c5238e-d4ee-424c-976c-0f9bbfb1e0bc	18	24722181	24852244	113	-0.0513
34c5238e-d4ee-424c-976c-0f9bbfb1e0bc	18	24852832	26025562	784	-0.3647
34c5238e-d4ee-424c-976c-0f9bbfb1e0bc	18	26029131	27769790	1095	-0.0583
34c5238e-d4ee-424c-976c-0f9bbfb1e0bc	18	27769883	28318718	366	0.193
34c5238e-d4ee-424c-976c-0f9bbfb1e0bc	18	28323090	28507305	93	-0.0754
34c5238e-d4ee-424c-976c-0f9bbfb1e0bc	18	28509419	36685316	4988	-0.3594
34c5238e-d4ee-424c-976c-0f9bbfb1e0bc	18	36688020	36985428	196	-0.0242
34c5238e-d4ee-424c-976c-0f9bbfb1e0bc	18	36987742	47146393	6037	-0.3563
34c5238e-d4ee-424c-976c-0f9bbfb1e0bc	18	47147688	47269305	55	-0.0374
34c5238e-d4ee-424c-976c-0f9bbfb1e0bc	18	47271713	74270017	15568	-0.3672
34c5238e-d4ee-424c-976c-0f9bbfb1e0bc	18	74270226	74848410	361	-0.0793
34c5238e-d4ee-424c-976c-0f9bbfb1e0bc	18	74851869	74932077	57	-0.4446
34c5238e-d4ee-424c-976c-0f9bbfb1e0bc	18	74932253	75014097	35	-0.1342
34c5238e-d4ee-424c-976c-0f9bbfb1e0bc	18	75015938	75024241	7	-0.6642
34c5238e-d4ee-424c-976c-0f9bbfb1e0bc	18	75024823	75055313	20	-0.045
34c5238e-d4ee-424c-976c-0f9bbfb1e0bc	18	75059387	75599647	410	-0.3998
34c5238e-d4ee-424c-976c-0f9bbfb1e0bc	18	75605365	75756989	139	-0.0587
34c5238e-d4ee-424c-976c-0f9bbfb1e0bc	18	75761358	76183341	412	-0.3754
34c5238e-d4ee-424c-976c-0f9bbfb1e0bc	18	76183615	79349796	1948	0.3727
34c5238e-d4ee-424c-976c-0f9bbfb1e0bc	19	283868	18062793	7026	-0.1016
34c5238e-d4ee-424c-976c-0f9bbfb1e0bc	19	18065440	34846861	7018	0.1383
34c5238e-d4ee-424c-976c-0f9bbfb1e0bc	19	34854971	45244986	4717	0.0903
34c5238e-d4ee-424c-976c-0f9bbfb1e0bc	19	45245096	45245997	2	-1.0332
34c5238e-d4ee-424c-976c-0f9bbfb1e0bc	19	45253118	58370362	5404	0.0901
34c5238e-d4ee-424c-976c-0f9bbfb1e0bc	20	472817	15318662	9172	0.3705
34c5238e-d4ee-424c-976c-0f9bbfb1e0bc	20	15318833	15785909	429	0.1841
34c5238e-d4ee-424c-976c-0f9bbfb1e0bc	20	15787858	18697340	2444	0.3844
34c5238e-d4ee-424c-976c-0f9bbfb1e0bc	20	18698381	18705367	6	-0.766
34c5238e-d4ee-424c-976c-0f9bbfb1e0bc	20	18708076	26217295	4923	0.3799
34c5238e-d4ee-424c-976c-0f9bbfb1e0bc	20	31247668	38180062	3463	0.1292
34c5238e-d4ee-424c-976c-0f9bbfb1e0bc	20	38180176	44140805	4100	0.1756
34c5238e-d4ee-424c-976c-0f9bbfb1e0bc	20	44142016	49524207	3549	0.1442
34c5238e-d4ee-424c-976c-0f9bbfb1e0bc	20	49526825	49671092	34	0.4927
34c5238e-d4ee-424c-976c-0f9bbfb1e0bc	20	49678285	50149751	154	0.1247
34c5238e-d4ee-424c-976c-0f9bbfb1e0bc	20	50150260	50347482	96	0.4707
34c5238e-d4ee-424c-976c-0f9bbfb1e0bc	20	50349512	50568538	234	0.3824
34c5238e-d4ee-424c-976c-0f9bbfb1e0bc	20	50569112	63588502	8975	0.4867
34c5238e-d4ee-424c-976c-0f9bbfb1e0bc	21	13974127	36478170	14455	-0.0873
34c5238e-d4ee-424c-976c-0f9bbfb1e0bc	21	36480068	39082929	1995	0.152
34c5238e-d4ee-424c-976c-0f9bbfb1e0bc	21	39083122	39247599	105	-0.1071
34c5238e-d4ee-424c-976c-0f9bbfb1e0bc	21	39249643	39747484	245	0.1868
34c5238e-d4ee-424c-976c-0f9bbfb1e0bc	21	39750031	39761435	10	0.0514
34c5238e-d4ee-424c-976c-0f9bbfb1e0bc	21	39762005	39767532	11	-0.2229
34c5238e-d4ee-424c-976c-0f9bbfb1e0bc	21	39769925	39789197	34	0.0255
34c5238e-d4ee-424c-976c-0f9bbfb1e0bc	21	39789685	39996382	208	0.2075
34c5238e-d4ee-424c-976c-0f9bbfb1e0bc	21	39997100	40615597	558	-0.0316
34c5238e-d4ee-424c-976c-0f9bbfb1e0bc	21	40618823	40657967	31	0.2277
34c5238e-d4ee-424c-976c-0f9bbfb1e0bc	21	40660200	40772907	100	-0.0728
34c5238e-d4ee-424c-976c-0f9bbfb1e0bc	21	40773699	40963697	131	0.1752
34c5238e-d4ee-424c-976c-0f9bbfb1e0bc	21	40964030	41169914	182	-0.0505
34c5238e-d4ee-424c-976c-0f9bbfb1e0bc	21	41170248	42202157	854	0.1757
34c5238e-d4ee-424c-976c-0f9bbfb1e0bc	21	42207701	45227667	1364	0.3565
34c5238e-d4ee-424c-976c-0f9bbfb1e0bc	21	45670561	46021401	220	0.1486
34c5238e-d4ee-424c-976c-0f9bbfb1e0bc	21	46022420	46262057	101	0.349
34c5238e-d4ee-424c-976c-0f9bbfb1e0bc	22	16934932	24170178	1172	-0.0714
34c5238e-d4ee-424c-976c-0f9bbfb1e0bc	22	24173330	24339545	72	-0.4019
34c5238e-d4ee-424c-976c-0f9bbfb1e0bc	22	24489781	31496135	4623	-0.0667
34c5238e-d4ee-424c-976c-0f9bbfb1e0bc	22	31496189	31497627	2	1.0777
34c5238e-d4ee-424c-976c-0f9bbfb1e0bc	22	31497745	31632679	84	-0.0828
34c5238e-d4ee-424c-976c-0f9bbfb1e0bc	22	31681068	32463561	500	-0.367
34c5238e-d4ee-424c-976c-0f9bbfb1e0bc	22	32463715	33087525	506	-0.0746
34c5238e-d4ee-424c-976c-0f9bbfb1e0bc	22	33088262	33208022	99	-0.3435
34c5238e-d4ee-424c-976c-0f9bbfb1e0bc	22	33208379	34330506	1033	-0.0747
34c5238e-d4ee-424c-976c-0f9bbfb1e0bc	22	34330947	47865494	8039	-0.3813
34c5238e-d4ee-424c-976c-0f9bbfb1e0bc	22	47866351	48940621	963	-0.0576
34c5238e-d4ee-424c-976c-0f9bbfb1e0bc	X	3236359	72736851	27881	0.0021
34c5238e-d4ee-424c-976c-0f9bbfb1e0bc	X	72741009	72804528	2	1.7153
34c5238e-d4ee-424c-976c-0f9bbfb1e0bc	X	72980271	155677414	36116	0.01
