GDC_Aliquot	Chromosome	Start	End	Num_Probes	Segment_Mean
dfcb305a-ff38-4426-9baf-9e8154cd6e1b	1	62920	777165	23	-0.6692
dfcb305a-ff38-4426-9baf-9e8154cd6e1b	1	783283	2812961	506	0.4505
dfcb305a-ff38-4426-9baf-9e8154cd6e1b	1	2818999	3898339	533	0.2986
dfcb305a-ff38-4426-9baf-9e8154cd6e1b	1	3902772	6287188	1869	0.2401
dfcb305a-ff38-4426-9baf-9e8154cd6e1b	1	6293634	6295005	2	-1.2559
dfcb305a-ff38-4426-9baf-9e8154cd6e1b	1	6295298	6369565	37	0.2182
dfcb305a-ff38-4426-9baf-9e8154cd6e1b	1	6373069	15702243	5300	0.3073
dfcb305a-ff38-4426-9baf-9e8154cd6e1b	1	15707706	15822848	70	-0.4145
dfcb305a-ff38-4426-9baf-9e8154cd6e1b	1	15823420	15828515	11	0.5209
dfcb305a-ff38-4426-9baf-9e8154cd6e1b	1	15839166	25244778	5665	-0.5352
dfcb305a-ff38-4426-9baf-9e8154cd6e1b	1	25247980	25359294	41	0.2326
dfcb305a-ff38-4426-9baf-9e8154cd6e1b	1	25359353	25908492	231	-0.5527
dfcb305a-ff38-4426-9baf-9e8154cd6e1b	1	25911583	29218132	1369	-0.4715
dfcb305a-ff38-4426-9baf-9e8154cd6e1b	1	29225504	34226138	3036	-0.5484
dfcb305a-ff38-4426-9baf-9e8154cd6e1b	1	34231887	34626073	303	0.2898
dfcb305a-ff38-4426-9baf-9e8154cd6e1b	1	34637053	34638890	20	-0.3423
dfcb305a-ff38-4426-9baf-9e8154cd6e1b	1	34648667	45893907	6251	0.3033
dfcb305a-ff38-4426-9baf-9e8154cd6e1b	1	45894382	45942929	26	0.6915
dfcb305a-ff38-4426-9baf-9e8154cd6e1b	1	45942995	46111035	86	0.4605
dfcb305a-ff38-4426-9baf-9e8154cd6e1b	1	46111587	46239814	47	0.8363
dfcb305a-ff38-4426-9baf-9e8154cd6e1b	1	46244715	50579542	2505	0.2875
dfcb305a-ff38-4426-9baf-9e8154cd6e1b	1	50580426	50584238	2	-1.6084
dfcb305a-ff38-4426-9baf-9e8154cd6e1b	1	50587561	53089220	1139	0.3215
dfcb305a-ff38-4426-9baf-9e8154cd6e1b	1	53093831	53188157	86	0.8208
dfcb305a-ff38-4426-9baf-9e8154cd6e1b	1	53188870	58647421	4221	0.2956
dfcb305a-ff38-4426-9baf-9e8154cd6e1b	1	58647915	64669186	4253	0.3427
dfcb305a-ff38-4426-9baf-9e8154cd6e1b	1	64669658	67712758	2347	0.2962
dfcb305a-ff38-4426-9baf-9e8154cd6e1b	1	67714549	69626368	1206	0.3727
dfcb305a-ff38-4426-9baf-9e8154cd6e1b	1	69626636	72309451	1618	0.2754
dfcb305a-ff38-4426-9baf-9e8154cd6e1b	1	72313397	72323013	9	1.0921
dfcb305a-ff38-4426-9baf-9e8154cd6e1b	1	72323042	75585159	1960	0.3084
dfcb305a-ff38-4426-9baf-9e8154cd6e1b	1	75589078	75589169	2	-2.1737
dfcb305a-ff38-4426-9baf-9e8154cd6e1b	1	75593824	78854626	2152	0.3405
dfcb305a-ff38-4426-9baf-9e8154cd6e1b	1	78854762	79060977	119	0.1497
dfcb305a-ff38-4426-9baf-9e8154cd6e1b	1	79061957	91727707	8511	0.3299
dfcb305a-ff38-4426-9baf-9e8154cd6e1b	1	91728105	91730095	2	-1.2804
dfcb305a-ff38-4426-9baf-9e8154cd6e1b	1	91730496	105470132	8247	0.322
dfcb305a-ff38-4426-9baf-9e8154cd6e1b	1	105470754	105492430	32	-0.2984
dfcb305a-ff38-4426-9baf-9e8154cd6e1b	1	105492439	178693533	29822	0.3016
dfcb305a-ff38-4426-9baf-9e8154cd6e1b	1	178696723	178704939	35	0.8033
dfcb305a-ff38-4426-9baf-9e8154cd6e1b	1	178705053	189580467	7266	0.3114
dfcb305a-ff38-4426-9baf-9e8154cd6e1b	1	189582840	189584937	6	-0.68
dfcb305a-ff38-4426-9baf-9e8154cd6e1b	1	189585024	190001386	338	0.2931
dfcb305a-ff38-4426-9baf-9e8154cd6e1b	1	190001399	190006008	10	-0.2462
dfcb305a-ff38-4426-9baf-9e8154cd6e1b	1	190006347	190006368	3	1.3672
dfcb305a-ff38-4426-9baf-9e8154cd6e1b	1	190006394	190016998	20	-0.0181
dfcb305a-ff38-4426-9baf-9e8154cd6e1b	1	190017111	190017263	3	1.5036
dfcb305a-ff38-4426-9baf-9e8154cd6e1b	1	190017280	193186662	2039	0.2991
dfcb305a-ff38-4426-9baf-9e8154cd6e1b	1	193187149	193187218	4	1.63
dfcb305a-ff38-4426-9baf-9e8154cd6e1b	1	193190593	196740630	2392	0.3096
dfcb305a-ff38-4426-9baf-9e8154cd6e1b	1	196741937	196843400	64	0.7365
dfcb305a-ff38-4426-9baf-9e8154cd6e1b	1	196846661	229539596	21755	0.3006
dfcb305a-ff38-4426-9baf-9e8154cd6e1b	1	229544891	238555731	6872	0.7981
dfcb305a-ff38-4426-9baf-9e8154cd6e1b	1	238555858	239444749	670	0.8957
dfcb305a-ff38-4426-9baf-9e8154cd6e1b	1	239445102	240228440	665	0.7807
dfcb305a-ff38-4426-9baf-9e8154cd6e1b	1	240230715	240230839	6	1.8796
dfcb305a-ff38-4426-9baf-9e8154cd6e1b	1	240232805	245473108	3664	0.7625
dfcb305a-ff38-4426-9baf-9e8154cd6e1b	1	245473737	245483602	11	-0.3819
dfcb305a-ff38-4426-9baf-9e8154cd6e1b	1	245486349	247523152	1394	0.781
dfcb305a-ff38-4426-9baf-9e8154cd6e1b	1	247524498	248864040	757	-0.5833
dfcb305a-ff38-4426-9baf-9e8154cd6e1b	1	248873001	248912362	28	0.8918
dfcb305a-ff38-4426-9baf-9e8154cd6e1b	1	248912792	248930189	7	1.3427
dfcb305a-ff38-4426-9baf-9e8154cd6e1b	2	12784	4166610	2989	0.2257
dfcb305a-ff38-4426-9baf-9e8154cd6e1b	2	4168820	4168862	3	1.4612
dfcb305a-ff38-4426-9baf-9e8154cd6e1b	2	4168879	8602004	3812	0.2299
dfcb305a-ff38-4426-9baf-9e8154cd6e1b	2	8602523	23283911	10488	0.2601
dfcb305a-ff38-4426-9baf-9e8154cd6e1b	2	23285086	23637670	293	0.1793
dfcb305a-ff38-4426-9baf-9e8154cd6e1b	2	23638691	34497523	6547	0.2899
dfcb305a-ff38-4426-9baf-9e8154cd6e1b	2	34497960	34511990	13	-0.4458
dfcb305a-ff38-4426-9baf-9e8154cd6e1b	2	34512096	35742319	870	0.283
dfcb305a-ff38-4426-9baf-9e8154cd6e1b	2	35742970	35762850	8	1.2302
dfcb305a-ff38-4426-9baf-9e8154cd6e1b	2	35762881	37191249	1166	0.2278
dfcb305a-ff38-4426-9baf-9e8154cd6e1b	2	37195566	41010869	2756	0.3017
dfcb305a-ff38-4426-9baf-9e8154cd6e1b	2	41010908	41011533	12	1.0155
dfcb305a-ff38-4426-9baf-9e8154cd6e1b	2	41011670	43255905	1670	0.2906
dfcb305a-ff38-4426-9baf-9e8154cd6e1b	2	43262153	44615517	920	0.3515
dfcb305a-ff38-4426-9baf-9e8154cd6e1b	2	44622652	48492768	2734	0.2733
dfcb305a-ff38-4426-9baf-9e8154cd6e1b	2	48496838	52537117	2888	0.2393
dfcb305a-ff38-4426-9baf-9e8154cd6e1b	2	52537337	52554157	14	-0.8174
dfcb305a-ff38-4426-9baf-9e8154cd6e1b	2	52554188	53137040	488	0.234
dfcb305a-ff38-4426-9baf-9e8154cd6e1b	2	53137308	53159144	17	0.7569
dfcb305a-ff38-4426-9baf-9e8154cd6e1b	2	53160693	54249580	771	0.2551
dfcb305a-ff38-4426-9baf-9e8154cd6e1b	2	54250022	54252509	6	1.2232
dfcb305a-ff38-4426-9baf-9e8154cd6e1b	2	54253232	66212534	7615	0.2674
dfcb305a-ff38-4426-9baf-9e8154cd6e1b	2	66220369	67355364	772	0.3791
dfcb305a-ff38-4426-9baf-9e8154cd6e1b	2	67355627	67883785	449	0.3029
dfcb305a-ff38-4426-9baf-9e8154cd6e1b	2	67884182	68023992	111	0.8136
dfcb305a-ff38-4426-9baf-9e8154cd6e1b	2	68033663	68650833	382	0.344
dfcb305a-ff38-4426-9baf-9e8154cd6e1b	2	68653679	75154711	3887	0.2635
dfcb305a-ff38-4426-9baf-9e8154cd6e1b	2	75154785	85895290	6941	0.307
dfcb305a-ff38-4426-9baf-9e8154cd6e1b	2	85897503	85898176	3	-0.9975
dfcb305a-ff38-4426-9baf-9e8154cd6e1b	2	85901212	86710564	495	0.286
dfcb305a-ff38-4426-9baf-9e8154cd6e1b	2	86725947	86726731	2	-1.8389
dfcb305a-ff38-4426-9baf-9e8154cd6e1b	2	86743283	97535071	1934	0.2701
dfcb305a-ff38-4426-9baf-9e8154cd6e1b	2	97537802	97545726	5	-1.2245
dfcb305a-ff38-4426-9baf-9e8154cd6e1b	2	97550415	103591960	3684	0.2543
dfcb305a-ff38-4426-9baf-9e8154cd6e1b	2	103592606	105729824	1434	0.1928
dfcb305a-ff38-4426-9baf-9e8154cd6e1b	2	105730759	105734741	9	-0.9063
dfcb305a-ff38-4426-9baf-9e8154cd6e1b	2	105734754	107336160	1144	0.2087
dfcb305a-ff38-4426-9baf-9e8154cd6e1b	2	107336319	115088370	4007	0.2608
dfcb305a-ff38-4426-9baf-9e8154cd6e1b	2	115090962	128880904	8699	0.2125
dfcb305a-ff38-4426-9baf-9e8154cd6e1b	2	128880928	128882723	13	-0.4628
dfcb305a-ff38-4426-9baf-9e8154cd6e1b	2	128882741	130037806	879	0.2198
dfcb305a-ff38-4426-9baf-9e8154cd6e1b	2	130059766	130065662	6	1.1693
dfcb305a-ff38-4426-9baf-9e8154cd6e1b	2	130067885	146122856	9575	0.2263
dfcb305a-ff38-4426-9baf-9e8154cd6e1b	2	146123485	153624651	4622	0.2604
dfcb305a-ff38-4426-9baf-9e8154cd6e1b	2	153625846	170793037	10365	0.2999
dfcb305a-ff38-4426-9baf-9e8154cd6e1b	2	170793134	181868023	7072	0.2665
dfcb305a-ff38-4426-9baf-9e8154cd6e1b	2	181872161	191064506	5263	0.3131
dfcb305a-ff38-4426-9baf-9e8154cd6e1b	2	191064552	202431284	6483	0.2603
dfcb305a-ff38-4426-9baf-9e8154cd6e1b	2	202433164	202433243	5	1.5516
dfcb305a-ff38-4426-9baf-9e8154cd6e1b	2	202433419	202434179	4	-0.1769
dfcb305a-ff38-4426-9baf-9e8154cd6e1b	2	202437923	202448759	27	0.7345
dfcb305a-ff38-4426-9baf-9e8154cd6e1b	2	202448774	207490231	3130	0.2765
dfcb305a-ff38-4426-9baf-9e8154cd6e1b	2	207490454	207494612	16	-3.2812
dfcb305a-ff38-4426-9baf-9e8154cd6e1b	2	207494752	210765551	1967	0.2897
dfcb305a-ff38-4426-9baf-9e8154cd6e1b	2	210765559	212520898	1237	0.3483
dfcb305a-ff38-4426-9baf-9e8154cd6e1b	2	212521351	216411598	2533	0.2756
dfcb305a-ff38-4426-9baf-9e8154cd6e1b	2	216415045	216562902	120	0.7737
dfcb305a-ff38-4426-9baf-9e8154cd6e1b	2	216564503	222283573	3706	0.2694
dfcb305a-ff38-4426-9baf-9e8154cd6e1b	2	222283696	241198650	12157	0.22
dfcb305a-ff38-4426-9baf-9e8154cd6e1b	2	241198919	241831203	239	0.2652
dfcb305a-ff38-4426-9baf-9e8154cd6e1b	2	241832814	242030276	60	0.5576
dfcb305a-ff38-4426-9baf-9e8154cd6e1b	2	242030314	242147305	73	0.2579
dfcb305a-ff38-4426-9baf-9e8154cd6e1b	3	20930	6434185	5679	-0.5952
dfcb305a-ff38-4426-9baf-9e8154cd6e1b	3	6435820	6436077	2	-3.6943
dfcb305a-ff38-4426-9baf-9e8154cd6e1b	3	6436115	8282902	1627	-0.5924
dfcb305a-ff38-4426-9baf-9e8154cd6e1b	3	8284581	8285303	2	-3.2854
dfcb305a-ff38-4426-9baf-9e8154cd6e1b	3	8285398	12624498	3154	-0.5371
dfcb305a-ff38-4426-9baf-9e8154cd6e1b	3	12626516	12695970	69	-0.2333
dfcb305a-ff38-4426-9baf-9e8154cd6e1b	3	12698969	21607838	5623	-0.5477
dfcb305a-ff38-4426-9baf-9e8154cd6e1b	3	21609045	22042613	442	-0.6733
dfcb305a-ff38-4426-9baf-9e8154cd6e1b	3	22042824	25586863	2752	-0.5265
dfcb305a-ff38-4426-9baf-9e8154cd6e1b	3	25587626	25588463	5	-1.9134
dfcb305a-ff38-4426-9baf-9e8154cd6e1b	3	25588575	29395914	2564	-0.5505
dfcb305a-ff38-4426-9baf-9e8154cd6e1b	3	29396150	29397082	5	-2.345
dfcb305a-ff38-4426-9baf-9e8154cd6e1b	3	29397969	34709685	3496	-0.5172
dfcb305a-ff38-4426-9baf-9e8154cd6e1b	3	34712038	46751887	7757	0.308
dfcb305a-ff38-4426-9baf-9e8154cd6e1b	3	46760327	46807689	39	0.6621
dfcb305a-ff38-4426-9baf-9e8154cd6e1b	3	46808099	47358421	241	0.3482
dfcb305a-ff38-4426-9baf-9e8154cd6e1b	3	47358841	47363961	3	-1.0365
dfcb305a-ff38-4426-9baf-9e8154cd6e1b	3	47367722	47437019	26	0.2584
dfcb305a-ff38-4426-9baf-9e8154cd6e1b	3	47450332	47451230	2	-2.9263
dfcb305a-ff38-4426-9baf-9e8154cd6e1b	3	47455724	52183209	1850	0.3413
dfcb305a-ff38-4426-9baf-9e8154cd6e1b	3	52189386	52287296	37	0.8249
dfcb305a-ff38-4426-9baf-9e8154cd6e1b	3	52296184	52997720	338	0.3191
dfcb305a-ff38-4426-9baf-9e8154cd6e1b	3	52997734	52998009	10	1.1662
dfcb305a-ff38-4426-9baf-9e8154cd6e1b	3	52998022	59318035	4176	0.3197
dfcb305a-ff38-4426-9baf-9e8154cd6e1b	3	59318652	61033807	1861	0.2228
dfcb305a-ff38-4426-9baf-9e8154cd6e1b	3	61035239	62681587	1356	0.3183
dfcb305a-ff38-4426-9baf-9e8154cd6e1b	3	62684964	62685619	4	1.4678
dfcb305a-ff38-4426-9baf-9e8154cd6e1b	3	62686039	62686828	8	0.6454
dfcb305a-ff38-4426-9baf-9e8154cd6e1b	3	62687068	62690706	10	-0.2877
dfcb305a-ff38-4426-9baf-9e8154cd6e1b	3	62691129	62977291	273	0.2484
dfcb305a-ff38-4426-9baf-9e8154cd6e1b	3	62980729	62996239	10	-0.0012
dfcb305a-ff38-4426-9baf-9e8154cd6e1b	3	62996649	68697013	4367	0.3524
dfcb305a-ff38-4426-9baf-9e8154cd6e1b	3	68697108	68699607	15	0.9914
dfcb305a-ff38-4426-9baf-9e8154cd6e1b	3	68699635	75519398	4930	0.3098
dfcb305a-ff38-4426-9baf-9e8154cd6e1b	3	75523398	75537654	6	1.3605
dfcb305a-ff38-4426-9baf-9e8154cd6e1b	3	75546030	76377619	335	0.2625
dfcb305a-ff38-4426-9baf-9e8154cd6e1b	3	76383768	81295054	2909	0.3586
dfcb305a-ff38-4426-9baf-9e8154cd6e1b	3	81295371	82151318	477	0.2763
dfcb305a-ff38-4426-9baf-9e8154cd6e1b	3	82154394	82154869	2	-2.1589
dfcb305a-ff38-4426-9baf-9e8154cd6e1b	3	82157386	88047848	3158	0.3176
dfcb305a-ff38-4426-9baf-9e8154cd6e1b	3	88052272	88053658	8	-0.6271
dfcb305a-ff38-4426-9baf-9e8154cd6e1b	3	88061879	99218940	4089	0.3403
dfcb305a-ff38-4426-9baf-9e8154cd6e1b	3	99225614	99230464	36	-2.0802
dfcb305a-ff38-4426-9baf-9e8154cd6e1b	3	99230470	100898171	939	0.3122
dfcb305a-ff38-4426-9baf-9e8154cd6e1b	3	100898836	100906101	6	-0.8475
dfcb305a-ff38-4426-9baf-9e8154cd6e1b	3	100906747	100913807	8	-0.4565
dfcb305a-ff38-4426-9baf-9e8154cd6e1b	3	100916594	110406285	5739	0.3462
dfcb305a-ff38-4426-9baf-9e8154cd6e1b	3	110406450	110413660	5	1.3541
dfcb305a-ff38-4426-9baf-9e8154cd6e1b	3	110414184	113875834	2165	0.3514
dfcb305a-ff38-4426-9baf-9e8154cd6e1b	3	113876309	117928067	2728	0.2794
dfcb305a-ff38-4426-9baf-9e8154cd6e1b	3	117928905	119012086	669	0.3336
dfcb305a-ff38-4426-9baf-9e8154cd6e1b	3	119014263	119098846	41	1.164
dfcb305a-ff38-4426-9baf-9e8154cd6e1b	3	119099194	125993496	4062	0.3202
dfcb305a-ff38-4426-9baf-9e8154cd6e1b	3	125993720	125993913	6	1.4623
dfcb305a-ff38-4426-9baf-9e8154cd6e1b	3	125994097	130044016	2350	0.2773
dfcb305a-ff38-4426-9baf-9e8154cd6e1b	3	130044855	130087393	38	-1.6843
dfcb305a-ff38-4426-9baf-9e8154cd6e1b	3	130088081	162790480	20272	0.3136
dfcb305a-ff38-4426-9baf-9e8154cd6e1b	3	162794869	162906109	68	1.1071
dfcb305a-ff38-4426-9baf-9e8154cd6e1b	3	162908192	163618009	393	0.3725
dfcb305a-ff38-4426-9baf-9e8154cd6e1b	3	163618416	164349262	455	0.2879
dfcb305a-ff38-4426-9baf-9e8154cd6e1b	3	164354008	164361193	4	-0.5462
dfcb305a-ff38-4426-9baf-9e8154cd6e1b	3	164361787	165323075	466	0.3378
dfcb305a-ff38-4426-9baf-9e8154cd6e1b	3	165323760	165323789	3	-0.7019
dfcb305a-ff38-4426-9baf-9e8154cd6e1b	3	165329102	165341781	26	0.1727
dfcb305a-ff38-4426-9baf-9e8154cd6e1b	3	165341795	165344711	11	0.955
dfcb305a-ff38-4426-9baf-9e8154cd6e1b	3	165344960	166072234	455	0.2758
dfcb305a-ff38-4426-9baf-9e8154cd6e1b	3	166072554	169012392	1631	0.3805
dfcb305a-ff38-4426-9baf-9e8154cd6e1b	3	169015614	169020840	2	-1.9126
dfcb305a-ff38-4426-9baf-9e8154cd6e1b	3	169022039	169631156	466	0.3994
dfcb305a-ff38-4426-9baf-9e8154cd6e1b	3	169632074	169632816	2	1.7112
dfcb305a-ff38-4426-9baf-9e8154cd6e1b	3	169634670	173470981	2410	0.3562
dfcb305a-ff38-4426-9baf-9e8154cd6e1b	3	173475415	173899813	300	0.2143
dfcb305a-ff38-4426-9baf-9e8154cd6e1b	3	173901028	175392901	1072	0.359
dfcb305a-ff38-4426-9baf-9e8154cd6e1b	3	175393516	176055600	393	0.2316
dfcb305a-ff38-4426-9baf-9e8154cd6e1b	3	176058360	176990867	632	0.3637
dfcb305a-ff38-4426-9baf-9e8154cd6e1b	3	176990993	177003006	19	0.7875
dfcb305a-ff38-4426-9baf-9e8154cd6e1b	3	177003424	178261782	726	0.3258
dfcb305a-ff38-4426-9baf-9e8154cd6e1b	3	178262489	182837123	2653	0.2737
dfcb305a-ff38-4426-9baf-9e8154cd6e1b	3	182840048	182849368	9	-0.4822
dfcb305a-ff38-4426-9baf-9e8154cd6e1b	3	182849484	183613999	469	0.2759
dfcb305a-ff38-4426-9baf-9e8154cd6e1b	3	183614322	193160256	6586	0.3351
dfcb305a-ff38-4426-9baf-9e8154cd6e1b	3	193160406	193165114	17	-1.1912
dfcb305a-ff38-4426-9baf-9e8154cd6e1b	3	193168646	197099553	2163	0.34
dfcb305a-ff38-4426-9baf-9e8154cd6e1b	3	197099818	197099906	2	1.9931
dfcb305a-ff38-4426-9baf-9e8154cd6e1b	3	197103658	197268943	81	0.4953
dfcb305a-ff38-4426-9baf-9e8154cd6e1b	3	197269859	197967944	339	0.29
dfcb305a-ff38-4426-9baf-9e8154cd6e1b	3	197975430	198169247	109	0.5217
dfcb305a-ff38-4426-9baf-9e8154cd6e1b	4	68929	10208766	5700	-0.5501
dfcb305a-ff38-4426-9baf-9e8154cd6e1b	4	10212536	10229173	23	-1.6556
dfcb305a-ff38-4426-9baf-9e8154cd6e1b	4	10229188	10229874	6	-1.0298
dfcb305a-ff38-4426-9baf-9e8154cd6e1b	4	10232590	10389091	178	-0.5706
dfcb305a-ff38-4426-9baf-9e8154cd6e1b	4	10390730	10399044	16	0.2676
dfcb305a-ff38-4426-9baf-9e8154cd6e1b	4	10401094	18127018	5920	-0.5735
dfcb305a-ff38-4426-9baf-9e8154cd6e1b	4	18127047	24260026	4185	-0.4905
dfcb305a-ff38-4426-9baf-9e8154cd6e1b	4	24260368	25506388	880	-0.54
dfcb305a-ff38-4426-9baf-9e8154cd6e1b	4	25509364	25639547	80	0.3746
dfcb305a-ff38-4426-9baf-9e8154cd6e1b	4	25660445	34777238	5715	-0.5571
dfcb305a-ff38-4426-9baf-9e8154cd6e1b	4	34777340	34823103	44	0.2219
dfcb305a-ff38-4426-9baf-9e8154cd6e1b	4	34828250	44928633	6568	-0.5571
dfcb305a-ff38-4426-9baf-9e8154cd6e1b	4	44930234	44958799	23	-1.3121
dfcb305a-ff38-4426-9baf-9e8154cd6e1b	4	44962462	48143155	1793	-0.5642
dfcb305a-ff38-4426-9baf-9e8154cd6e1b	4	48143202	48167649	47	-0.1854
dfcb305a-ff38-4426-9baf-9e8154cd6e1b	4	48167851	48179680	28	-0.6167
dfcb305a-ff38-4426-9baf-9e8154cd6e1b	4	48179954	48188914	26	0.1527
dfcb305a-ff38-4426-9baf-9e8154cd6e1b	4	48188928	49289338	489	-0.4876
dfcb305a-ff38-4426-9baf-9e8154cd6e1b	4	49295203	49654496	16	0.3406
dfcb305a-ff38-4426-9baf-9e8154cd6e1b	4	49654578	62802116	7000	-0.5537
dfcb305a-ff38-4426-9baf-9e8154cd6e1b	4	62804218	62805335	4	-2.46
dfcb305a-ff38-4426-9baf-9e8154cd6e1b	4	62805402	64958619	1258	-0.5642
dfcb305a-ff38-4426-9baf-9e8154cd6e1b	4	64965013	64978333	25	0.0916
dfcb305a-ff38-4426-9baf-9e8154cd6e1b	4	64978716	68352050	2146	-0.5435
dfcb305a-ff38-4426-9baf-9e8154cd6e1b	4	68352181	68655691	97	0.0793
dfcb305a-ff38-4426-9baf-9e8154cd6e1b	4	68663241	69257792	310	-0.5639
dfcb305a-ff38-4426-9baf-9e8154cd6e1b	4	69261926	69366304	55	-2.0673
dfcb305a-ff38-4426-9baf-9e8154cd6e1b	4	69366406	70412931	696	-0.5057
dfcb305a-ff38-4426-9baf-9e8154cd6e1b	4	70414474	70415849	2	-4.259
dfcb305a-ff38-4426-9baf-9e8154cd6e1b	4	70421935	114252544	26627	-0.5187
dfcb305a-ff38-4426-9baf-9e8154cd6e1b	4	114254167	114264667	31	0.4574
dfcb305a-ff38-4426-9baf-9e8154cd6e1b	4	114265409	115244712	603	-0.5522
dfcb305a-ff38-4426-9baf-9e8154cd6e1b	4	115244948	115252113	10	-1.8954
dfcb305a-ff38-4426-9baf-9e8154cd6e1b	4	115254098	115259214	16	-1.0262
dfcb305a-ff38-4426-9baf-9e8154cd6e1b	4	115259399	123385389	4784	-0.5269
dfcb305a-ff38-4426-9baf-9e8154cd6e1b	4	123400720	123401539	4	-2.8322
dfcb305a-ff38-4426-9baf-9e8154cd6e1b	4	123402197	155145407	18788	-0.5275
dfcb305a-ff38-4426-9baf-9e8154cd6e1b	4	155147382	155148727	4	-3.0134
dfcb305a-ff38-4426-9baf-9e8154cd6e1b	4	155149734	160501693	3402	-0.5081
dfcb305a-ff38-4426-9baf-9e8154cd6e1b	4	160504636	160507118	5	-2.0599
dfcb305a-ff38-4426-9baf-9e8154cd6e1b	4	160507973	160950731	320	-0.5548
dfcb305a-ff38-4426-9baf-9e8154cd6e1b	4	160952454	160952788	9	0.368
dfcb305a-ff38-4426-9baf-9e8154cd6e1b	4	160952848	160958989	4	-0.7569
dfcb305a-ff38-4426-9baf-9e8154cd6e1b	4	160959045	160963756	18	-2.2194
dfcb305a-ff38-4426-9baf-9e8154cd6e1b	4	160963767	163990385	1953	-0.5584
dfcb305a-ff38-4426-9baf-9e8154cd6e1b	4	163991374	170080508	3847	-0.4946
dfcb305a-ff38-4426-9baf-9e8154cd6e1b	4	170087531	170088476	2	-3.0917
dfcb305a-ff38-4426-9baf-9e8154cd6e1b	4	170088754	170697533	374	-0.5093
dfcb305a-ff38-4426-9baf-9e8154cd6e1b	4	170698162	170705194	5	-1.7745
dfcb305a-ff38-4426-9baf-9e8154cd6e1b	4	170705497	172066777	891	-0.5294
dfcb305a-ff38-4426-9baf-9e8154cd6e1b	4	172067997	172074828	13	0.6516
dfcb305a-ff38-4426-9baf-9e8154cd6e1b	4	172075742	172503796	230	-0.5361
dfcb305a-ff38-4426-9baf-9e8154cd6e1b	4	172503878	172519981	7	0.4057
dfcb305a-ff38-4426-9baf-9e8154cd6e1b	4	172532557	172551117	13	-0.4917
dfcb305a-ff38-4426-9baf-9e8154cd6e1b	4	172551889	188511336	10867	-0.5766
dfcb305a-ff38-4426-9baf-9e8154cd6e1b	4	188511393	188531035	46	-0.1158
dfcb305a-ff38-4426-9baf-9e8154cd6e1b	4	188532043	189267889	558	-0.6246
dfcb305a-ff38-4426-9baf-9e8154cd6e1b	4	189273964	189278617	5	0.5833
dfcb305a-ff38-4426-9baf-9e8154cd6e1b	4	189290117	190106768	349	-0.6054
dfcb305a-ff38-4426-9baf-9e8154cd6e1b	5	15532	19584	3	-0.266
dfcb305a-ff38-4426-9baf-9e8154cd6e1b	5	21963	1507240	694	0.2739
dfcb305a-ff38-4426-9baf-9e8154cd6e1b	5	1507393	4294937	2459	0.2146
dfcb305a-ff38-4426-9baf-9e8154cd6e1b	5	4295317	5679976	1242	0.301
dfcb305a-ff38-4426-9baf-9e8154cd6e1b	5	5680003	5680888	18	0.7334
dfcb305a-ff38-4426-9baf-9e8154cd6e1b	5	5680920	8701808	2523	0.2725
dfcb305a-ff38-4426-9baf-9e8154cd6e1b	5	8702002	8718978	18	0.7582
dfcb305a-ff38-4426-9baf-9e8154cd6e1b	5	8719865	12998813	3305	0.2776
dfcb305a-ff38-4426-9baf-9e8154cd6e1b	5	13005102	13014395	3	-1.9663
dfcb305a-ff38-4426-9baf-9e8154cd6e1b	5	13014933	13169467	36	-0.012
dfcb305a-ff38-4426-9baf-9e8154cd6e1b	5	13173552	17513301	3080	0.2882
dfcb305a-ff38-4426-9baf-9e8154cd6e1b	5	17515692	17640454	18	0.0075
dfcb305a-ff38-4426-9baf-9e8154cd6e1b	5	17642176	17701447	30	-0.7173
dfcb305a-ff38-4426-9baf-9e8154cd6e1b	5	17703784	24572152	4057	0.2995
dfcb305a-ff38-4426-9baf-9e8154cd6e1b	5	24572299	24572338	2	-4.7381
dfcb305a-ff38-4426-9baf-9e8154cd6e1b	5	24572733	26789387	1372	0.2684
dfcb305a-ff38-4426-9baf-9e8154cd6e1b	5	26797651	26797735	2	-1.334
dfcb305a-ff38-4426-9baf-9e8154cd6e1b	5	26803775	34556657	4948	0.3246
dfcb305a-ff38-4426-9baf-9e8154cd6e1b	5	34557570	34559070	3	-1.0247
dfcb305a-ff38-4426-9baf-9e8154cd6e1b	5	34562831	46389171	6897	0.3032
dfcb305a-ff38-4426-9baf-9e8154cd6e1b	5	50146124	50179798	8	1.3392
dfcb305a-ff38-4426-9baf-9e8154cd6e1b	5	50185350	58025819	5045	-0.5518
dfcb305a-ff38-4426-9baf-9e8154cd6e1b	5	58030200	58042530	33	0.4097
dfcb305a-ff38-4426-9baf-9e8154cd6e1b	5	58044246	97830021	22990	-0.5307
dfcb305a-ff38-4426-9baf-9e8154cd6e1b	5	97832374	97877695	21	-1.1746
dfcb305a-ff38-4426-9baf-9e8154cd6e1b	5	97878155	99250186	766	-0.5
dfcb305a-ff38-4426-9baf-9e8154cd6e1b	5	99250234	99256359	2	-3.1151
dfcb305a-ff38-4426-9baf-9e8154cd6e1b	5	99257506	99986860	448	-0.5683
dfcb305a-ff38-4426-9baf-9e8154cd6e1b	5	99988808	99989106	3	-2.8737
dfcb305a-ff38-4426-9baf-9e8154cd6e1b	5	99989443	181363319	52855	-0.5462
dfcb305a-ff38-4426-9baf-9e8154cd6e1b	6	149661	204023	34	0.391
dfcb305a-ff38-4426-9baf-9e8154cd6e1b	6	204689	233750	43	0.102
dfcb305a-ff38-4426-9baf-9e8154cd6e1b	6	237215	254267	23	0.431
dfcb305a-ff38-4426-9baf-9e8154cd6e1b	6	254283	379015	99	-0.1547
dfcb305a-ff38-4426-9baf-9e8154cd6e1b	6	380821	934013	475	0.2382
dfcb305a-ff38-4426-9baf-9e8154cd6e1b	6	934702	946334	10	1.1046
dfcb305a-ff38-4426-9baf-9e8154cd6e1b	6	946422	3408878	1981	0.2856
dfcb305a-ff38-4426-9baf-9e8154cd6e1b	6	3409730	3430762	21	-0.1203
dfcb305a-ff38-4426-9baf-9e8154cd6e1b	6	3432961	8709394	4350	0.2843
dfcb305a-ff38-4426-9baf-9e8154cd6e1b	6	8710278	13131939	3318	0.3374
dfcb305a-ff38-4426-9baf-9e8154cd6e1b	6	13132052	16076290	2203	0.2887
dfcb305a-ff38-4426-9baf-9e8154cd6e1b	6	16078311	24253511	6039	0.3541
dfcb305a-ff38-4426-9baf-9e8154cd6e1b	6	24256324	24268525	3	1.5728
dfcb305a-ff38-4426-9baf-9e8154cd6e1b	6	24278602	25632903	971	0.3444
dfcb305a-ff38-4426-9baf-9e8154cd6e1b	6	25634532	29869411	2096	0.278
dfcb305a-ff38-4426-9baf-9e8154cd6e1b	6	29869537	29881490	14	-0.9975
dfcb305a-ff38-4426-9baf-9e8154cd6e1b	6	29882419	32523527	1184	0.285
dfcb305a-ff38-4426-9baf-9e8154cd6e1b	6	32525068	32658841	52	-0.483
dfcb305a-ff38-4426-9baf-9e8154cd6e1b	6	32682835	44326772	7343	0.3087
dfcb305a-ff38-4426-9baf-9e8154cd6e1b	6	44329112	44334398	9	-0.6623
dfcb305a-ff38-4426-9baf-9e8154cd6e1b	6	44335991	54066353	6356	0.3221
dfcb305a-ff38-4426-9baf-9e8154cd6e1b	6	54066432	54067057	6	-1.241
dfcb305a-ff38-4426-9baf-9e8154cd6e1b	6	54070550	66696410	5676	0.317
dfcb305a-ff38-4426-9baf-9e8154cd6e1b	6	66700167	74391984	5055	-0.5553
dfcb305a-ff38-4426-9baf-9e8154cd6e1b	6	74392104	74823796	277	-0.4676
dfcb305a-ff38-4426-9baf-9e8154cd6e1b	6	74824464	74824465	2	1.344
dfcb305a-ff38-4426-9baf-9e8154cd6e1b	6	74824680	76312261	867	-0.474
dfcb305a-ff38-4426-9baf-9e8154cd6e1b	6	76313871	76314659	9	-1.2715
dfcb305a-ff38-4426-9baf-9e8154cd6e1b	6	76314756	76726815	279	-0.4795
dfcb305a-ff38-4426-9baf-9e8154cd6e1b	6	76730151	76733530	11	-4.0485
dfcb305a-ff38-4426-9baf-9e8154cd6e1b	6	76736482	76758921	16	-1.3427
dfcb305a-ff38-4426-9baf-9e8154cd6e1b	6	76759379	78263236	987	-0.5314
dfcb305a-ff38-4426-9baf-9e8154cd6e1b	6	78269395	78336185	104	-0.2067
dfcb305a-ff38-4426-9baf-9e8154cd6e1b	6	78336944	78342235	4	-1.9402
dfcb305a-ff38-4426-9baf-9e8154cd6e1b	6	78342896	100765847	13968	-0.557
dfcb305a-ff38-4426-9baf-9e8154cd6e1b	6	100767308	100768699	3	-2.4073
dfcb305a-ff38-4426-9baf-9e8154cd6e1b	6	100771705	102586906	1061	-0.521
dfcb305a-ff38-4426-9baf-9e8154cd6e1b	6	102588183	102595299	3	-2.1255
dfcb305a-ff38-4426-9baf-9e8154cd6e1b	6	102596519	103286770	425	-0.4588
dfcb305a-ff38-4426-9baf-9e8154cd6e1b	6	103286928	103299735	19	0.8082
dfcb305a-ff38-4426-9baf-9e8154cd6e1b	6	103299855	103314186	31	0.307
dfcb305a-ff38-4426-9baf-9e8154cd6e1b	6	103317795	152336256	31285	-0.5309
dfcb305a-ff38-4426-9baf-9e8154cd6e1b	6	152336373	152337007	2	-4.3292
dfcb305a-ff38-4426-9baf-9e8154cd6e1b	6	152337081	159526757	4847	-0.5361
dfcb305a-ff38-4426-9baf-9e8154cd6e1b	6	159526864	170741917	8015	-0.6046
dfcb305a-ff38-4426-9baf-9e8154cd6e1b	7	43355	5366951	2830	-0.563
dfcb305a-ff38-4426-9baf-9e8154cd6e1b	7	5369428	5371665	3	-2.3693
dfcb305a-ff38-4426-9baf-9e8154cd6e1b	7	5373525	6862089	605	-0.4653
dfcb305a-ff38-4426-9baf-9e8154cd6e1b	7	6874832	6875484	4	-2.0517
dfcb305a-ff38-4426-9baf-9e8154cd6e1b	7	6880208	6903028	12	-0.5745
dfcb305a-ff38-4426-9baf-9e8154cd6e1b	7	6915340	6915396	2	-3.1449
dfcb305a-ff38-4426-9baf-9e8154cd6e1b	7	6915679	8786255	1608	-0.5419
dfcb305a-ff38-4426-9baf-9e8154cd6e1b	7	8787540	8826367	50	-4.3128
dfcb305a-ff38-4426-9baf-9e8154cd6e1b	7	8833366	9175917	327	-0.5335
dfcb305a-ff38-4426-9baf-9e8154cd6e1b	7	9183039	9183965	5	-1.8864
dfcb305a-ff38-4426-9baf-9e8154cd6e1b	7	9184091	11664857	1932	-0.5295
dfcb305a-ff38-4426-9baf-9e8154cd6e1b	7	11667401	17462707	4654	0.3232
dfcb305a-ff38-4426-9baf-9e8154cd6e1b	7	17464515	17464569	2	2.1459
dfcb305a-ff38-4426-9baf-9e8154cd6e1b	7	17465005	22395161	4027	0.2986
dfcb305a-ff38-4426-9baf-9e8154cd6e1b	7	22395853	22396868	2	-2.9055
dfcb305a-ff38-4426-9baf-9e8154cd6e1b	7	22399135	38251113	11313	0.2958
dfcb305a-ff38-4426-9baf-9e8154cd6e1b	7	38254500	38309338	80	0.5282
dfcb305a-ff38-4426-9baf-9e8154cd6e1b	7	38309503	50026967	7805	0.3102
dfcb305a-ff38-4426-9baf-9e8154cd6e1b	7	50031155	54305455	3234	0.2693
dfcb305a-ff38-4426-9baf-9e8154cd6e1b	7	54318812	54325795	7	1.374
dfcb305a-ff38-4426-9baf-9e8154cd6e1b	7	54326708	62696358	2126	0.2496
dfcb305a-ff38-4426-9baf-9e8154cd6e1b	7	62701241	62701670	3	-1.2969
dfcb305a-ff38-4426-9baf-9e8154cd6e1b	7	62701734	62865135	24	0.3386
dfcb305a-ff38-4426-9baf-9e8154cd6e1b	7	62904814	62924899	12	-0.3544
dfcb305a-ff38-4426-9baf-9e8154cd6e1b	7	62924962	65271362	895	0.2569
dfcb305a-ff38-4426-9baf-9e8154cd6e1b	7	65272007	65272451	3	1.714
dfcb305a-ff38-4426-9baf-9e8154cd6e1b	7	65272499	65309416	15	0.0997
dfcb305a-ff38-4426-9baf-9e8154cd6e1b	7	65314214	66722813	505	0.378
dfcb305a-ff38-4426-9baf-9e8154cd6e1b	7	66724872	72499757	3595	0.2734
dfcb305a-ff38-4426-9baf-9e8154cd6e1b	7	72501058	72557787	33	0.3929
dfcb305a-ff38-4426-9baf-9e8154cd6e1b	7	72567077	72651722	25	0.824
dfcb305a-ff38-4426-9baf-9e8154cd6e1b	7	72657233	80036704	3266	0.3341
dfcb305a-ff38-4426-9baf-9e8154cd6e1b	7	80037439	80050799	16	-0.2242
dfcb305a-ff38-4426-9baf-9e8154cd6e1b	7	80052077	80064672	4	0.8819
dfcb305a-ff38-4426-9baf-9e8154cd6e1b	7	80069738	80142696	42	0.2541
dfcb305a-ff38-4426-9baf-9e8154cd6e1b	7	80142711	85916540	3857	0.3658
dfcb305a-ff38-4426-9baf-9e8154cd6e1b	7	85918363	102449027	9470	0.2996
dfcb305a-ff38-4426-9baf-9e8154cd6e1b	7	102449522	108421914	3664	0.329
dfcb305a-ff38-4426-9baf-9e8154cd6e1b	7	108422473	108422651	2	-1.0832
dfcb305a-ff38-4426-9baf-9e8154cd6e1b	7	108422794	109793741	892	0.3527
dfcb305a-ff38-4426-9baf-9e8154cd6e1b	7	109797035	109814214	38	0.7392
dfcb305a-ff38-4426-9baf-9e8154cd6e1b	7	109818333	123063078	7958	0.3369
dfcb305a-ff38-4426-9baf-9e8154cd6e1b	7	123063467	125817452	1662	0.3031
dfcb305a-ff38-4426-9baf-9e8154cd6e1b	7	125817944	125924880	64	0.0229
dfcb305a-ff38-4426-9baf-9e8154cd6e1b	7	125926172	126404106	336	0.3099
dfcb305a-ff38-4426-9baf-9e8154cd6e1b	7	126404204	126405970	12	-0.2786
dfcb305a-ff38-4426-9baf-9e8154cd6e1b	7	126406096	134100587	4711	0.3213
dfcb305a-ff38-4426-9baf-9e8154cd6e1b	7	134100624	134110881	21	-0.2423
dfcb305a-ff38-4426-9baf-9e8154cd6e1b	7	134110912	143211224	5948	0.3126
dfcb305a-ff38-4426-9baf-9e8154cd6e1b	7	143211631	148016901	2917	0.2883
dfcb305a-ff38-4426-9baf-9e8154cd6e1b	7	148017689	148020170	6	-1.2293
dfcb305a-ff38-4426-9baf-9e8154cd6e1b	7	148024499	150588016	1420	0.2971
dfcb305a-ff38-4426-9baf-9e8154cd6e1b	7	150588713	150604481	8	-1.2839
dfcb305a-ff38-4426-9baf-9e8154cd6e1b	7	150610834	159326564	5804	0.2587
dfcb305a-ff38-4426-9baf-9e8154cd6e1b	7	159326920	159334314	3	-0.2228
dfcb305a-ff38-4426-9baf-9e8154cd6e1b	8	81254	643041	321	-0.713
dfcb305a-ff38-4426-9baf-9e8154cd6e1b	8	644944	645908	10	1.8773
dfcb305a-ff38-4426-9baf-9e8154cd6e1b	8	656117	3707546	2697	-0.6409
dfcb305a-ff38-4426-9baf-9e8154cd6e1b	8	3707566	3763602	104	-1.0025
dfcb305a-ff38-4426-9baf-9e8154cd6e1b	8	3764018	4145783	574	-0.6403
dfcb305a-ff38-4426-9baf-9e8154cd6e1b	8	4145941	4145956	2	-4.349
dfcb305a-ff38-4426-9baf-9e8154cd6e1b	8	4146039	10502003	6134	-0.6131
dfcb305a-ff38-4426-9baf-9e8154cd6e1b	8	10502124	10510652	5	-2.5413
dfcb305a-ff38-4426-9baf-9e8154cd6e1b	8	10511527	12177488	1170	-0.6204
dfcb305a-ff38-4426-9baf-9e8154cd6e1b	8	12323772	12389977	29	-1.7656
dfcb305a-ff38-4426-9baf-9e8154cd6e1b	8	12418301	13947089	1303	-0.5773
dfcb305a-ff38-4426-9baf-9e8154cd6e1b	8	13947497	13950160	2	-3.0661
dfcb305a-ff38-4426-9baf-9e8154cd6e1b	8	13950378	14264083	252	-0.5872
dfcb305a-ff38-4426-9baf-9e8154cd6e1b	8	14266205	14266450	2	1.2078
dfcb305a-ff38-4426-9baf-9e8154cd6e1b	8	14271772	16040502	1676	-0.5435
dfcb305a-ff38-4426-9baf-9e8154cd6e1b	8	16041179	16041773	4	-2.0399
dfcb305a-ff38-4426-9baf-9e8154cd6e1b	8	16043646	19537765	3151	-0.5277
dfcb305a-ff38-4426-9baf-9e8154cd6e1b	8	19538457	19540366	4	-4.5591
dfcb305a-ff38-4426-9baf-9e8154cd6e1b	8	19541651	19552280	4	-2.1765
dfcb305a-ff38-4426-9baf-9e8154cd6e1b	8	19558917	25116961	4020	-0.5473
dfcb305a-ff38-4426-9baf-9e8154cd6e1b	8	25117007	25126735	24	-2.2009
dfcb305a-ff38-4426-9baf-9e8154cd6e1b	8	25126818	36449925	7438	-0.5504
dfcb305a-ff38-4426-9baf-9e8154cd6e1b	8	36455210	36510124	36	-1.0174
dfcb305a-ff38-4426-9baf-9e8154cd6e1b	8	36516813	37503905	644	-0.5895
dfcb305a-ff38-4426-9baf-9e8154cd6e1b	8	37510282	37569366	32	0.7607
dfcb305a-ff38-4426-9baf-9e8154cd6e1b	8	37571366	38455399	377	0.2348
dfcb305a-ff38-4426-9baf-9e8154cd6e1b	8	38455633	38463766	41	0.5965
dfcb305a-ff38-4426-9baf-9e8154cd6e1b	8	38463779	39373140	448	0.2555
dfcb305a-ff38-4426-9baf-9e8154cd6e1b	8	39378084	39529446	58	-2.2238
dfcb305a-ff38-4426-9baf-9e8154cd6e1b	8	39530780	49647838	4296	0.2356
dfcb305a-ff38-4426-9baf-9e8154cd6e1b	8	49652243	50730572	688	-0.5972
dfcb305a-ff38-4426-9baf-9e8154cd6e1b	8	50740028	50962113	129	0.2116
dfcb305a-ff38-4426-9baf-9e8154cd6e1b	8	50962157	51074680	66	0.6978
dfcb305a-ff38-4426-9baf-9e8154cd6e1b	8	51078086	53094484	1344	0.2056
dfcb305a-ff38-4426-9baf-9e8154cd6e1b	8	53105639	53106264	3	-0.9646
dfcb305a-ff38-4426-9baf-9e8154cd6e1b	8	53106851	56137759	2008	0.2594
dfcb305a-ff38-4426-9baf-9e8154cd6e1b	8	56139939	56153707	6	1.0196
dfcb305a-ff38-4426-9baf-9e8154cd6e1b	8	56155416	57196661	637	0.2228
dfcb305a-ff38-4426-9baf-9e8154cd6e1b	8	57197596	57715793	383	-0.6002
dfcb305a-ff38-4426-9baf-9e8154cd6e1b	8	57717154	59351857	1185	0.2183
dfcb305a-ff38-4426-9baf-9e8154cd6e1b	8	59354754	59367034	6	-0.6365
dfcb305a-ff38-4426-9baf-9e8154cd6e1b	8	59367584	59783599	205	0.2761
dfcb305a-ff38-4426-9baf-9e8154cd6e1b	8	59792319	59826566	15	0.7002
dfcb305a-ff38-4426-9baf-9e8154cd6e1b	8	59828730	59866090	29	0.975
dfcb305a-ff38-4426-9baf-9e8154cd6e1b	8	59866914	60021054	81	0.758
dfcb305a-ff38-4426-9baf-9e8154cd6e1b	8	60025260	60061568	33	0.2209
dfcb305a-ff38-4426-9baf-9e8154cd6e1b	8	60063612	61532403	1040	0.7519
dfcb305a-ff38-4426-9baf-9e8154cd6e1b	8	61534323	61782347	171	0.2389
dfcb305a-ff38-4426-9baf-9e8154cd6e1b	8	61786211	61818643	28	-0.5644
dfcb305a-ff38-4426-9baf-9e8154cd6e1b	8	61818700	63936079	1295	0.1981
dfcb305a-ff38-4426-9baf-9e8154cd6e1b	8	63936340	63936561	6	-0.9512
dfcb305a-ff38-4426-9baf-9e8154cd6e1b	8	63936953	65559944	872	0.1982
dfcb305a-ff38-4426-9baf-9e8154cd6e1b	8	65560976	65820002	113	0.7545
dfcb305a-ff38-4426-9baf-9e8154cd6e1b	8	65824319	65975846	65	0.1779
dfcb305a-ff38-4426-9baf-9e8154cd6e1b	8	65979892	66196661	155	0.6811
dfcb305a-ff38-4426-9baf-9e8154cd6e1b	8	66199949	68410817	1268	0.7799
dfcb305a-ff38-4426-9baf-9e8154cd6e1b	8	68414319	68414821	2	-0.7495
dfcb305a-ff38-4426-9baf-9e8154cd6e1b	8	68420482	68946848	325	0.7901
dfcb305a-ff38-4426-9baf-9e8154cd6e1b	8	68947497	71228342	1397	0.6941
dfcb305a-ff38-4426-9baf-9e8154cd6e1b	8	71232040	72957935	1264	0.2101
dfcb305a-ff38-4426-9baf-9e8154cd6e1b	8	72959828	73194190	177	-0.5502
dfcb305a-ff38-4426-9baf-9e8154cd6e1b	8	73195248	84558729	6744	0.246
dfcb305a-ff38-4426-9baf-9e8154cd6e1b	8	84566631	103647671	11394	-0.5406
dfcb305a-ff38-4426-9baf-9e8154cd6e1b	8	103660139	104441078	445	0.2809
dfcb305a-ff38-4426-9baf-9e8154cd6e1b	8	104443193	107372600	1890	0.7427
dfcb305a-ff38-4426-9baf-9e8154cd6e1b	8	107372775	107376760	5	-0.5383
dfcb305a-ff38-4426-9baf-9e8154cd6e1b	8	107377825	108065435	447	0.7427
dfcb305a-ff38-4426-9baf-9e8154cd6e1b	8	108069880	108383665	172	0.208
dfcb305a-ff38-4426-9baf-9e8154cd6e1b	8	108387829	109147953	454	0.7439
dfcb305a-ff38-4426-9baf-9e8154cd6e1b	8	109148027	109661574	306	0.2508
dfcb305a-ff38-4426-9baf-9e8154cd6e1b	8	109664068	111273113	852	-0.5249
dfcb305a-ff38-4426-9baf-9e8154cd6e1b	8	111273427	111282852	11	-1.0665
dfcb305a-ff38-4426-9baf-9e8154cd6e1b	8	111282973	111291410	8	-1.6539
dfcb305a-ff38-4426-9baf-9e8154cd6e1b	8	111292660	112790456	792	0.2772
dfcb305a-ff38-4426-9baf-9e8154cd6e1b	8	112793292	112793292	2	-1.0882
dfcb305a-ff38-4426-9baf-9e8154cd6e1b	8	112795430	113345603	291	0.2635
dfcb305a-ff38-4426-9baf-9e8154cd6e1b	8	113347212	114623472	746	-0.5437
dfcb305a-ff38-4426-9baf-9e8154cd6e1b	8	114626121	114642539	25	-0.127
dfcb305a-ff38-4426-9baf-9e8154cd6e1b	8	114650365	116283017	1003	-0.6018
dfcb305a-ff38-4426-9baf-9e8154cd6e1b	8	116283686	118556523	1639	0.233
dfcb305a-ff38-4426-9baf-9e8154cd6e1b	8	118557114	122678060	2812	0.279
dfcb305a-ff38-4426-9baf-9e8154cd6e1b	8	122678387	132642455	7140	0.2171
dfcb305a-ff38-4426-9baf-9e8154cd6e1b	8	132645714	135702919	2557	0.6744
dfcb305a-ff38-4426-9baf-9e8154cd6e1b	8	135703584	135864437	110	0.1777
dfcb305a-ff38-4426-9baf-9e8154cd6e1b	8	135868368	140620316	3810	-0.6068
dfcb305a-ff38-4426-9baf-9e8154cd6e1b	8	140625507	140956612	147	-0.4107
dfcb305a-ff38-4426-9baf-9e8154cd6e1b	8	140957173	140996875	60	-0.0992
dfcb305a-ff38-4426-9baf-9e8154cd6e1b	8	140997627	141240852	160	-0.5233
dfcb305a-ff38-4426-9baf-9e8154cd6e1b	8	141241454	141243382	2	-2.7019
dfcb305a-ff38-4426-9baf-9e8154cd6e1b	8	141244416	141608883	196	-0.4381
dfcb305a-ff38-4426-9baf-9e8154cd6e1b	8	141609467	143624714	916	-0.5746
dfcb305a-ff38-4426-9baf-9e8154cd6e1b	8	143624808	143625638	3	-3.2022
dfcb305a-ff38-4426-9baf-9e8154cd6e1b	8	143636819	144200893	158	-0.5105
dfcb305a-ff38-4426-9baf-9e8154cd6e1b	8	144200964	144479445	90	-0.2188
dfcb305a-ff38-4426-9baf-9e8154cd6e1b	8	144479999	145072769	255	-0.5143
dfcb305a-ff38-4426-9baf-9e8154cd6e1b	9	46587	597488	490	0.5439
dfcb305a-ff38-4426-9baf-9e8154cd6e1b	9	597611	606961	22	1.0113
dfcb305a-ff38-4426-9baf-9e8154cd6e1b	9	607307	1446459	947	0.5331
dfcb305a-ff38-4426-9baf-9e8154cd6e1b	9	1446987	1450320	12	-0.8057
dfcb305a-ff38-4426-9baf-9e8154cd6e1b	9	1453039	1771831	462	0.5336
dfcb305a-ff38-4426-9baf-9e8154cd6e1b	9	1772011	1784031	10	1.1968
dfcb305a-ff38-4426-9baf-9e8154cd6e1b	9	1784090	2443766	708	0.5964
dfcb305a-ff38-4426-9baf-9e8154cd6e1b	9	2447896	4598916	2100	0.6756
dfcb305a-ff38-4426-9baf-9e8154cd6e1b	9	4599931	11548253	6177	0.5891
dfcb305a-ff38-4426-9baf-9e8154cd6e1b	9	11548924	17625032	4942	0.6693
dfcb305a-ff38-4426-9baf-9e8154cd6e1b	9	17626454	24500842	5369	0.6094
dfcb305a-ff38-4426-9baf-9e8154cd6e1b	9	24503818	24517684	20	0.0885
dfcb305a-ff38-4426-9baf-9e8154cd6e1b	9	24519686	25306077	606	0.6144
dfcb305a-ff38-4426-9baf-9e8154cd6e1b	9	25308253	25308694	3	-1.601
dfcb305a-ff38-4426-9baf-9e8154cd6e1b	9	25309692	27103416	1225	0.598
dfcb305a-ff38-4426-9baf-9e8154cd6e1b	9	27108802	27121908	17	-0.4934
dfcb305a-ff38-4426-9baf-9e8154cd6e1b	9	27123262	27123350	2	1.4223
dfcb305a-ff38-4426-9baf-9e8154cd6e1b	9	27124747	27214721	97	0.6009
dfcb305a-ff38-4426-9baf-9e8154cd6e1b	9	27215041	27236646	37	0.3131
dfcb305a-ff38-4426-9baf-9e8154cd6e1b	9	27248179	27248646	5	-0.6617
dfcb305a-ff38-4426-9baf-9e8154cd6e1b	9	27248729	28044706	737	0.6186
dfcb305a-ff38-4426-9baf-9e8154cd6e1b	9	28047590	28055902	8	-0.4058
dfcb305a-ff38-4426-9baf-9e8154cd6e1b	9	28058582	28111580	64	0.5309
dfcb305a-ff38-4426-9baf-9e8154cd6e1b	9	28124444	29948923	1331	0.6199
dfcb305a-ff38-4426-9baf-9e8154cd6e1b	9	29949676	29961078	19	0.11
dfcb305a-ff38-4426-9baf-9e8154cd6e1b	9	29962348	32111761	1490	0.6563
dfcb305a-ff38-4426-9baf-9e8154cd6e1b	9	32113080	32116507	16	1.1648
dfcb305a-ff38-4426-9baf-9e8154cd6e1b	9	32116522	36585027	2621	0.6316
dfcb305a-ff38-4426-9baf-9e8154cd6e1b	9	36588116	39481818	1645	0.5667
dfcb305a-ff38-4426-9baf-9e8154cd6e1b	9	39481840	40746210	30	1.1479
dfcb305a-ff38-4426-9baf-9e8154cd6e1b	9	40753470	42179276	111	0.1039
dfcb305a-ff38-4426-9baf-9e8154cd6e1b	9	42202227	42574420	17	0.449
dfcb305a-ff38-4426-9baf-9e8154cd6e1b	9	42585140	42715632	10	1.8156
dfcb305a-ff38-4426-9baf-9e8154cd6e1b	9	42719891	61520021	46	0.6489
dfcb305a-ff38-4426-9baf-9e8154cd6e1b	9	61521913	61668104	31	1.3176
dfcb305a-ff38-4426-9baf-9e8154cd6e1b	9	61680289	63579807	34	0.2698
dfcb305a-ff38-4426-9baf-9e8154cd6e1b	9	63580401	63592813	9	2.0585
dfcb305a-ff38-4426-9baf-9e8154cd6e1b	9	63614182	64493528	50	0.555
dfcb305a-ff38-4426-9baf-9e8154cd6e1b	9	64495298	64510407	8	-0.8148
dfcb305a-ff38-4426-9baf-9e8154cd6e1b	9	64520620	66170759	34	0.3053
dfcb305a-ff38-4426-9baf-9e8154cd6e1b	9	66189025	66908666	6	-0.5242
dfcb305a-ff38-4426-9baf-9e8154cd6e1b	9	66996941	69493369	970	0.5731
dfcb305a-ff38-4426-9baf-9e8154cd6e1b	9	69493524	69493914	17	1.1113
dfcb305a-ff38-4426-9baf-9e8154cd6e1b	9	69495944	82418187	9159	0.6291
dfcb305a-ff38-4426-9baf-9e8154cd6e1b	9	82423701	94805600	8620	0.6004
dfcb305a-ff38-4426-9baf-9e8154cd6e1b	9	94807948	103001932	5519	-0.0461
dfcb305a-ff38-4426-9baf-9e8154cd6e1b	9	103007876	103041390	36	-0.4282
dfcb305a-ff38-4426-9baf-9e8154cd6e1b	9	103041632	103804216	519	-0.042
dfcb305a-ff38-4426-9baf-9e8154cd6e1b	9	103806415	103807009	2	-4.6349
dfcb305a-ff38-4426-9baf-9e8154cd6e1b	9	103808421	111780348	6264	-0.0377
dfcb305a-ff38-4426-9baf-9e8154cd6e1b	9	111781414	114994365	2273	0.609
dfcb305a-ff38-4426-9baf-9e8154cd6e1b	9	114994513	119650435	3887	0.5467
dfcb305a-ff38-4426-9baf-9e8154cd6e1b	9	119650778	125235024	3543	0.6072
dfcb305a-ff38-4426-9baf-9e8154cd6e1b	9	125245860	125271050	4	1.624
dfcb305a-ff38-4426-9baf-9e8154cd6e1b	9	125273914	128415084	1888	0.6167
dfcb305a-ff38-4426-9baf-9e8154cd6e1b	9	128423682	129712550	561	-0.0168
dfcb305a-ff38-4426-9baf-9e8154cd6e1b	9	129721236	129726701	2	-2.2518
dfcb305a-ff38-4426-9baf-9e8154cd6e1b	9	129730890	132900647	2106	-0.0295
dfcb305a-ff38-4426-9baf-9e8154cd6e1b	9	132903480	132912885	19	-1.895
dfcb305a-ff38-4426-9baf-9e8154cd6e1b	9	132913527	135259826	1422	-0.0688
dfcb305a-ff38-4426-9baf-9e8154cd6e1b	9	135261156	135417501	114	0.9448
dfcb305a-ff38-4426-9baf-9e8154cd6e1b	9	135418577	136532614	442	-0.048
dfcb305a-ff38-4426-9baf-9e8154cd6e1b	9	136536903	136537159	2	-1.9065
dfcb305a-ff38-4426-9baf-9e8154cd6e1b	9	136537300	138109553	540	-0.0216
dfcb305a-ff38-4426-9baf-9e8154cd6e1b	9	138110039	138130866	39	0.3111
dfcb305a-ff38-4426-9baf-9e8154cd6e1b	9	138130876	138200944	16	-0.306
dfcb305a-ff38-4426-9baf-9e8154cd6e1b	10	45792	2048827	1492	0.2682
dfcb305a-ff38-4426-9baf-9e8154cd6e1b	10	2050582	2050916	2	-1.5748
dfcb305a-ff38-4426-9baf-9e8154cd6e1b	10	2051513	24086334	17711	0.2547
dfcb305a-ff38-4426-9baf-9e8154cd6e1b	10	24088745	24088753	7	1.1734
dfcb305a-ff38-4426-9baf-9e8154cd6e1b	10	24088989	27308509	2199	0.2666
dfcb305a-ff38-4426-9baf-9e8154cd6e1b	10	27318256	27413580	87	-0.5484
dfcb305a-ff38-4426-9baf-9e8154cd6e1b	10	27417672	30957229	2734	0.2817
dfcb305a-ff38-4426-9baf-9e8154cd6e1b	10	30957307	30962956	17	0.9631
dfcb305a-ff38-4426-9baf-9e8154cd6e1b	10	30963480	46305538	7392	0.2562
dfcb305a-ff38-4426-9baf-9e8154cd6e1b	10	46305692	46559733	84	0.0101
dfcb305a-ff38-4426-9baf-9e8154cd6e1b	10	46559870	46836986	22	0.3612
dfcb305a-ff38-4426-9baf-9e8154cd6e1b	10	46898735	46901552	2	4.3557
dfcb305a-ff38-4426-9baf-9e8154cd6e1b	10	46967412	47076636	14	0.4383
dfcb305a-ff38-4426-9baf-9e8154cd6e1b	10	47076655	49430890	1350	0.2038
dfcb305a-ff38-4426-9baf-9e8154cd6e1b	10	49431814	57796386	6012	0.2857
dfcb305a-ff38-4426-9baf-9e8154cd6e1b	10	57797870	59604357	1287	0.3545
dfcb305a-ff38-4426-9baf-9e8154cd6e1b	10	59604372	59605506	7	-0.9115
dfcb305a-ff38-4426-9baf-9e8154cd6e1b	10	59605724	65546321	4023	0.3215
dfcb305a-ff38-4426-9baf-9e8154cd6e1b	10	65546400	65563037	31	-0.0965
dfcb305a-ff38-4426-9baf-9e8154cd6e1b	10	65563168	66289713	600	0.2993
dfcb305a-ff38-4426-9baf-9e8154cd6e1b	10	66294267	67150261	622	0.2148
dfcb305a-ff38-4426-9baf-9e8154cd6e1b	10	67152260	79595316	8008	0.304
dfcb305a-ff38-4426-9baf-9e8154cd6e1b	10	79624118	79837113	32	0.7345
dfcb305a-ff38-4426-9baf-9e8154cd6e1b	10	79837297	91465291	8199	0.2871
dfcb305a-ff38-4426-9baf-9e8154cd6e1b	10	91467386	94849736	1883	0.3456
dfcb305a-ff38-4426-9baf-9e8154cd6e1b	10	94849811	105296521	6335	0.292
dfcb305a-ff38-4426-9baf-9e8154cd6e1b	10	105297280	105299412	3	-1.0313
dfcb305a-ff38-4426-9baf-9e8154cd6e1b	10	105302718	105914888	419	0.2841
dfcb305a-ff38-4426-9baf-9e8154cd6e1b	10	105914902	105918365	7	1.0049
dfcb305a-ff38-4426-9baf-9e8154cd6e1b	10	105918380	107941162	1625	0.3228
dfcb305a-ff38-4426-9baf-9e8154cd6e1b	10	107942525	107946186	7	-0.5121
dfcb305a-ff38-4426-9baf-9e8154cd6e1b	10	107952197	114383776	4459	0.305
dfcb305a-ff38-4426-9baf-9e8154cd6e1b	10	114385011	115776738	919	0.7936
dfcb305a-ff38-4426-9baf-9e8154cd6e1b	10	115777237	121141919	3933	0.7332
dfcb305a-ff38-4426-9baf-9e8154cd6e1b	10	121141951	121696088	629	0.7929
dfcb305a-ff38-4426-9baf-9e8154cd6e1b	10	121699816	121699822	2	-0.661
dfcb305a-ff38-4426-9baf-9e8154cd6e1b	10	121699926	121789693	90	0.7349
dfcb305a-ff38-4426-9baf-9e8154cd6e1b	10	121789857	122009036	122	0.8616
dfcb305a-ff38-4426-9baf-9e8154cd6e1b	10	122009999	122313785	275	0.6915
dfcb305a-ff38-4426-9baf-9e8154cd6e1b	10	122316588	122318082	2	2.0415
dfcb305a-ff38-4426-9baf-9e8154cd6e1b	10	122320942	122745079	253	0.7465
dfcb305a-ff38-4426-9baf-9e8154cd6e1b	10	122745701	124730815	1404	0.6829
dfcb305a-ff38-4426-9baf-9e8154cd6e1b	10	124731272	127383541	1929	0.7446
dfcb305a-ff38-4426-9baf-9e8154cd6e1b	10	127384153	132208366	3861	0.6655
dfcb305a-ff38-4426-9baf-9e8154cd6e1b	10	132210126	133654968	625	0.7261
dfcb305a-ff38-4426-9baf-9e8154cd6e1b	11	198510	4949137	2423	-0.541
dfcb305a-ff38-4426-9baf-9e8154cd6e1b	11	4950775	4955027	22	-1.9045
dfcb305a-ff38-4426-9baf-9e8154cd6e1b	11	4955042	5757293	777	-0.5555
dfcb305a-ff38-4426-9baf-9e8154cd6e1b	11	5761695	5787096	37	-0.0382
dfcb305a-ff38-4426-9baf-9e8154cd6e1b	11	5787110	18918775	9410	-0.5324
dfcb305a-ff38-4426-9baf-9e8154cd6e1b	11	18919309	18928709	12	0.3109
dfcb305a-ff38-4426-9baf-9e8154cd6e1b	11	18929039	18931264	11	-0.4348
dfcb305a-ff38-4426-9baf-9e8154cd6e1b	11	18931442	18935143	7	0.5618
dfcb305a-ff38-4426-9baf-9e8154cd6e1b	11	18936186	18939749	9	-0.2628
dfcb305a-ff38-4426-9baf-9e8154cd6e1b	11	18939837	18949158	11	0.6365
dfcb305a-ff38-4426-9baf-9e8154cd6e1b	11	18949201	46834595	19816	-0.5332
dfcb305a-ff38-4426-9baf-9e8154cd6e1b	11	46837874	46838029	2	-2.923
dfcb305a-ff38-4426-9baf-9e8154cd6e1b	11	46846937	49292713	1019	-0.5058
dfcb305a-ff38-4426-9baf-9e8154cd6e1b	11	49296061	49379818	34	0.8408
dfcb305a-ff38-4426-9baf-9e8154cd6e1b	11	49381483	55595864	881	0.2153
dfcb305a-ff38-4426-9baf-9e8154cd6e1b	11	55606556	55695678	64	0.7949
dfcb305a-ff38-4426-9baf-9e8154cd6e1b	11	55701048	64881914	5135	0.3017
dfcb305a-ff38-4426-9baf-9e8154cd6e1b	11	64884458	65794305	328	0.4557
dfcb305a-ff38-4426-9baf-9e8154cd6e1b	11	65794480	72054119	3002	0.2964
dfcb305a-ff38-4426-9baf-9e8154cd6e1b	11	72058862	72165915	69	0.8803
dfcb305a-ff38-4426-9baf-9e8154cd6e1b	11	72169259	80237958	4708	0.3165
dfcb305a-ff38-4426-9baf-9e8154cd6e1b	11	80238026	80256520	22	-0.8275
dfcb305a-ff38-4426-9baf-9e8154cd6e1b	11	80256642	80269499	20	-0.1284
dfcb305a-ff38-4426-9baf-9e8154cd6e1b	11	80270031	84357557	2998	0.2808
dfcb305a-ff38-4426-9baf-9e8154cd6e1b	11	84358092	91707530	4724	0.3244
dfcb305a-ff38-4426-9baf-9e8154cd6e1b	11	91708331	92052595	248	0.266
dfcb305a-ff38-4426-9baf-9e8154cd6e1b	11	92052873	92067501	16	-0.3009
dfcb305a-ff38-4426-9baf-9e8154cd6e1b	11	92067543	93187236	876	0.254
dfcb305a-ff38-4426-9baf-9e8154cd6e1b	11	93187505	93199258	14	0.838
dfcb305a-ff38-4426-9baf-9e8154cd6e1b	11	93199795	93949837	513	0.2903
dfcb305a-ff38-4426-9baf-9e8154cd6e1b	11	93950089	101723653	5895	0.3499
dfcb305a-ff38-4426-9baf-9e8154cd6e1b	11	101727129	101727233	4	1.9834
dfcb305a-ff38-4426-9baf-9e8154cd6e1b	11	101727481	103460587	1118	0.3666
dfcb305a-ff38-4426-9baf-9e8154cd6e1b	11	103464497	107801319	3012	0.2921
dfcb305a-ff38-4426-9baf-9e8154cd6e1b	11	107808034	109124087	757	0.3759
dfcb305a-ff38-4426-9baf-9e8154cd6e1b	11	109126820	109128035	5	-0.6763
dfcb305a-ff38-4426-9baf-9e8154cd6e1b	11	109128494	123950708	10379	0.3357
dfcb305a-ff38-4426-9baf-9e8154cd6e1b	11	123951272	126599709	1870	0.3952
dfcb305a-ff38-4426-9baf-9e8154cd6e1b	11	126599907	128235864	1277	0.3396
dfcb305a-ff38-4426-9baf-9e8154cd6e1b	11	128238777	129049919	829	0.2755
dfcb305a-ff38-4426-9baf-9e8154cd6e1b	11	129050823	131057826	1268	0.3744
dfcb305a-ff38-4426-9baf-9e8154cd6e1b	11	131064722	135074876	3222	0.283
dfcb305a-ff38-4426-9baf-9e8154cd6e1b	12	51460	1802664	1036	0.3783
dfcb305a-ff38-4426-9baf-9e8154cd6e1b	12	1802694	6099452	3482	0.275
dfcb305a-ff38-4426-9baf-9e8154cd6e1b	12	6104916	6216416	77	0.9561
dfcb305a-ff38-4426-9baf-9e8154cd6e1b	12	6216552	11351157	2784	0.3156
dfcb305a-ff38-4426-9baf-9e8154cd6e1b	12	11358643	11358644	2	-1.1998
dfcb305a-ff38-4426-9baf-9e8154cd6e1b	12	11359558	16449328	3712	0.3097
dfcb305a-ff38-4426-9baf-9e8154cd6e1b	12	16449535	21378503	3108	0.3532
dfcb305a-ff38-4426-9baf-9e8154cd6e1b	12	21387425	22086364	478	0.2735
dfcb305a-ff38-4426-9baf-9e8154cd6e1b	12	22090581	22090627	2	-2.1609
dfcb305a-ff38-4426-9baf-9e8154cd6e1b	12	22090727	25097738	2165	0.3039
dfcb305a-ff38-4426-9baf-9e8154cd6e1b	12	25097841	25098093	7	1.2595
dfcb305a-ff38-4426-9baf-9e8154cd6e1b	12	25099244	30087238	3672	0.3376
dfcb305a-ff38-4426-9baf-9e8154cd6e1b	12	30087363	30090789	15	1.0838
dfcb305a-ff38-4426-9baf-9e8154cd6e1b	12	30091000	32680414	1950	0.3197
dfcb305a-ff38-4426-9baf-9e8154cd6e1b	12	32681210	32694049	6	-0.5513
dfcb305a-ff38-4426-9baf-9e8154cd6e1b	12	32696679	33140973	291	0.3281
dfcb305a-ff38-4426-9baf-9e8154cd6e1b	12	33141564	33149267	16	0.9057
dfcb305a-ff38-4426-9baf-9e8154cd6e1b	12	33149504	33151649	12	0.112
dfcb305a-ff38-4426-9baf-9e8154cd6e1b	12	33153820	33186437	33	0.7441
dfcb305a-ff38-4426-9baf-9e8154cd6e1b	12	33187415	39329182	1600	0.3384
dfcb305a-ff38-4426-9baf-9e8154cd6e1b	12	39329727	42949084	2449	0.2715
dfcb305a-ff38-4426-9baf-9e8154cd6e1b	12	42964527	42965247	3	-1.0232
dfcb305a-ff38-4426-9baf-9e8154cd6e1b	12	42966032	44307836	814	0.2683
dfcb305a-ff38-4426-9baf-9e8154cd6e1b	12	44312244	83833411	24384	0.3192
dfcb305a-ff38-4426-9baf-9e8154cd6e1b	12	83833975	86487001	1518	0.374
dfcb305a-ff38-4426-9baf-9e8154cd6e1b	12	86488051	86488178	2	-1.0707
dfcb305a-ff38-4426-9baf-9e8154cd6e1b	12	86496238	90901324	2585	0.3458
dfcb305a-ff38-4426-9baf-9e8154cd6e1b	12	90902316	99388588	5920	0.3188
dfcb305a-ff38-4426-9baf-9e8154cd6e1b	12	99397365	99409315	38	-0.1893
dfcb305a-ff38-4426-9baf-9e8154cd6e1b	12	99409340	112049444	8035	0.2945
dfcb305a-ff38-4426-9baf-9e8154cd6e1b	12	112053525	112174431	45	0.8379
dfcb305a-ff38-4426-9baf-9e8154cd6e1b	12	112177734	114029282	1330	0.2963
dfcb305a-ff38-4426-9baf-9e8154cd6e1b	12	114029458	115717937	1471	0.2159
dfcb305a-ff38-4426-9baf-9e8154cd6e1b	12	115718048	123637861	4661	0.2864
dfcb305a-ff38-4426-9baf-9e8154cd6e1b	12	123642468	123642665	5	1.2394
dfcb305a-ff38-4426-9baf-9e8154cd6e1b	12	123642717	123668355	14	0.4593
dfcb305a-ff38-4426-9baf-9e8154cd6e1b	12	123668415	123673404	7	1.0111
dfcb305a-ff38-4426-9baf-9e8154cd6e1b	12	123675474	124348060	426	0.3291
dfcb305a-ff38-4426-9baf-9e8154cd6e1b	12	124348757	124348852	2	1.5125
dfcb305a-ff38-4426-9baf-9e8154cd6e1b	12	124350376	126383899	1567	0.2855
dfcb305a-ff38-4426-9baf-9e8154cd6e1b	12	126387289	128136959	1508	0.2089
dfcb305a-ff38-4426-9baf-9e8154cd6e1b	12	128137230	128156834	19	-0.324
dfcb305a-ff38-4426-9baf-9e8154cd6e1b	12	128159521	128308072	151	0.1518
dfcb305a-ff38-4426-9baf-9e8154cd6e1b	12	128310813	128318601	17	0.7578
dfcb305a-ff38-4426-9baf-9e8154cd6e1b	12	128324482	129379185	971	0.1959
dfcb305a-ff38-4426-9baf-9e8154cd6e1b	12	129383175	129393005	12	0.8178
dfcb305a-ff38-4426-9baf-9e8154cd6e1b	12	129394734	130028387	572	0.2128
dfcb305a-ff38-4426-9baf-9e8154cd6e1b	12	130034810	130076779	42	0.5748
dfcb305a-ff38-4426-9baf-9e8154cd6e1b	12	130077016	130377845	283	0.29
dfcb305a-ff38-4426-9baf-9e8154cd6e1b	12	130378058	130378750	5	1.3547
dfcb305a-ff38-4426-9baf-9e8154cd6e1b	12	130381223	131532806	905	0.2563
dfcb305a-ff38-4426-9baf-9e8154cd6e1b	12	131532954	133201603	673	0.3347
dfcb305a-ff38-4426-9baf-9e8154cd6e1b	13	18452809	19686660	602	-0.559
dfcb305a-ff38-4426-9baf-9e8154cd6e1b	13	19691655	19891660	89	-0.1643
dfcb305a-ff38-4426-9baf-9e8154cd6e1b	13	19891840	20473719	387	-0.5886
dfcb305a-ff38-4426-9baf-9e8154cd6e1b	13	20474430	20475875	2	-2.4193
dfcb305a-ff38-4426-9baf-9e8154cd6e1b	13	20476583	23051234	1763	-0.5401
dfcb305a-ff38-4426-9baf-9e8154cd6e1b	13	23051568	23051669	3	-2.1205
dfcb305a-ff38-4426-9baf-9e8154cd6e1b	13	23051898	23606179	430	-0.5144
dfcb305a-ff38-4426-9baf-9e8154cd6e1b	13	23606231	30938349	5518	-0.6064
dfcb305a-ff38-4426-9baf-9e8154cd6e1b	13	30939736	48356595	12217	-0.5382
dfcb305a-ff38-4426-9baf-9e8154cd6e1b	13	48356684	48372295	32	-2.7435
dfcb305a-ff38-4426-9baf-9e8154cd6e1b	13	48375070	48957415	476	-0.4794
dfcb305a-ff38-4426-9baf-9e8154cd6e1b	13	48959579	48962368	2	-2.5245
dfcb305a-ff38-4426-9baf-9e8154cd6e1b	13	48963569	57176962	4499	-0.5185
dfcb305a-ff38-4426-9baf-9e8154cd6e1b	13	57184136	57204246	34	-1.9179
dfcb305a-ff38-4426-9baf-9e8154cd6e1b	13	57215580	70142488	7857	-0.5453
dfcb305a-ff38-4426-9baf-9e8154cd6e1b	13	70147375	70179808	34	-1.0135
dfcb305a-ff38-4426-9baf-9e8154cd6e1b	13	70179961	76636970	4587	-0.4849
dfcb305a-ff38-4426-9baf-9e8154cd6e1b	13	76637534	85600698	5750	-0.531
dfcb305a-ff38-4426-9baf-9e8154cd6e1b	13	85604050	96180283	6650	0.3422
dfcb305a-ff38-4426-9baf-9e8154cd6e1b	13	96181633	103478218	5248	0.2987
dfcb305a-ff38-4426-9baf-9e8154cd6e1b	13	103485923	103625669	138	0.3906
dfcb305a-ff38-4426-9baf-9e8154cd6e1b	13	103626048	103626592	9	1.0311
dfcb305a-ff38-4426-9baf-9e8154cd6e1b	13	103626717	103966179	294	0.3372
dfcb305a-ff38-4426-9baf-9e8154cd6e1b	13	103966342	103972302	3	1.3637
dfcb305a-ff38-4426-9baf-9e8154cd6e1b	13	103972680	105139456	941	0.3805
dfcb305a-ff38-4426-9baf-9e8154cd6e1b	13	105139712	105677289	424	0.2483
dfcb305a-ff38-4426-9baf-9e8154cd6e1b	13	105683574	108046776	1928	0.3533
dfcb305a-ff38-4426-9baf-9e8154cd6e1b	13	108047244	112809600	3538	0.2723
dfcb305a-ff38-4426-9baf-9e8154cd6e1b	13	112810263	114342922	686	0.3156
dfcb305a-ff38-4426-9baf-9e8154cd6e1b	14	18239283	18639714	14	0.495
dfcb305a-ff38-4426-9baf-9e8154cd6e1b	14	18640726	19926968	137	-0.1136
dfcb305a-ff38-4426-9baf-9e8154cd6e1b	14	19932561	21928968	1382	0.3261
dfcb305a-ff38-4426-9baf-9e8154cd6e1b	14	21929841	22139542	169	0.5246
dfcb305a-ff38-4426-9baf-9e8154cd6e1b	14	22143351	22144334	9	-0.2595
dfcb305a-ff38-4426-9baf-9e8154cd6e1b	14	22145507	22519044	330	0.5545
dfcb305a-ff38-4426-9baf-9e8154cd6e1b	14	22519593	62318567	25087	0.3108
dfcb305a-ff38-4426-9baf-9e8154cd6e1b	14	62321429	73534419	7125	-0.5417
dfcb305a-ff38-4426-9baf-9e8154cd6e1b	14	73540003	73554275	8	-2.3485
dfcb305a-ff38-4426-9baf-9e8154cd6e1b	14	73563196	74104355	280	-0.4972
dfcb305a-ff38-4426-9baf-9e8154cd6e1b	14	74104542	74104702	4	0.5829
dfcb305a-ff38-4426-9baf-9e8154cd6e1b	14	74105984	75206689	609	-0.5067
dfcb305a-ff38-4426-9baf-9e8154cd6e1b	14	75209931	75326192	88	0.2655
dfcb305a-ff38-4426-9baf-9e8154cd6e1b	14	75329072	89939229	9879	-0.5377
dfcb305a-ff38-4426-9baf-9e8154cd6e1b	14	89939702	89940309	2	-2.8627
dfcb305a-ff38-4426-9baf-9e8154cd6e1b	14	89943009	90004637	29	-0.4846
dfcb305a-ff38-4426-9baf-9e8154cd6e1b	14	90006343	95056851	3382	0.301
dfcb305a-ff38-4426-9baf-9e8154cd6e1b	14	95059265	104750419	6148	0.7791
dfcb305a-ff38-4426-9baf-9e8154cd6e1b	14	104760000	104915520	41	1.1902
dfcb305a-ff38-4426-9baf-9e8154cd6e1b	14	104915666	105816205	254	0.7711
dfcb305a-ff38-4426-9baf-9e8154cd6e1b	14	105824008	106407609	200	0.9979
dfcb305a-ff38-4426-9baf-9e8154cd6e1b	14	106407612	106877229	248	0.7555
dfcb305a-ff38-4426-9baf-9e8154cd6e1b	15	19811075	19989485	43	0.3426
dfcb305a-ff38-4426-9baf-9e8154cd6e1b	15	19998708	20235285	20	-0.2511
dfcb305a-ff38-4426-9baf-9e8154cd6e1b	15	20240885	20401445	55	-1.1024
dfcb305a-ff38-4426-9baf-9e8154cd6e1b	15	20402240	22299523	86	-0.4302
dfcb305a-ff38-4426-9baf-9e8154cd6e1b	15	22385639	24424598	993	0.2709
dfcb305a-ff38-4426-9baf-9e8154cd6e1b	15	24429604	24469643	29	-0.4569
dfcb305a-ff38-4426-9baf-9e8154cd6e1b	15	24469692	28052887	2643	0.2453
dfcb305a-ff38-4426-9baf-9e8154cd6e1b	15	28053775	32766103	2184	0.3206
dfcb305a-ff38-4426-9baf-9e8154cd6e1b	15	32768949	32772096	7	-0.5395
dfcb305a-ff38-4426-9baf-9e8154cd6e1b	15	32772590	33712404	883	0.2883
dfcb305a-ff38-4426-9baf-9e8154cd6e1b	15	33715178	33715226	3	1.5068
dfcb305a-ff38-4426-9baf-9e8154cd6e1b	15	33718214	34431375	486	0.294
dfcb305a-ff38-4426-9baf-9e8154cd6e1b	15	34434971	34439084	8	0.1083
dfcb305a-ff38-4426-9baf-9e8154cd6e1b	15	34447671	34503476	46	0.696
dfcb305a-ff38-4426-9baf-9e8154cd6e1b	15	34503602	37773271	2264	0.3376
dfcb305a-ff38-4426-9baf-9e8154cd6e1b	15	37773344	38415432	413	0.2787
dfcb305a-ff38-4426-9baf-9e8154cd6e1b	15	38418616	56498641	10981	-0.4858
dfcb305a-ff38-4426-9baf-9e8154cd6e1b	15	56498657	56499873	18	0.1239
dfcb305a-ff38-4426-9baf-9e8154cd6e1b	15	56499887	66986095	7177	-0.4886
dfcb305a-ff38-4426-9baf-9e8154cd6e1b	15	66987802	76599170	5576	-0.362
dfcb305a-ff38-4426-9baf-9e8154cd6e1b	15	76599286	76602857	12	-1.9388
dfcb305a-ff38-4426-9baf-9e8154cd6e1b	15	76603003	87645905	6998	-0.3534
dfcb305a-ff38-4426-9baf-9e8154cd6e1b	15	87650495	87652408	2	-3.069
dfcb305a-ff38-4426-9baf-9e8154cd6e1b	15	87653519	101928837	10623	-0.3842
dfcb305a-ff38-4426-9baf-9e8154cd6e1b	16	10777	5888887	3005	-0.5183
dfcb305a-ff38-4426-9baf-9e8154cd6e1b	16	5889837	7914937	2544	-0.648
dfcb305a-ff38-4426-9baf-9e8154cd6e1b	16	7917097	8390821	460	-0.5787
dfcb305a-ff38-4426-9baf-9e8154cd6e1b	16	8391298	8391729	5	-5.8679
dfcb305a-ff38-4426-9baf-9e8154cd6e1b	16	8392524	14617537	5057	-0.5525
dfcb305a-ff38-4426-9baf-9e8154cd6e1b	16	14618728	16877510	794	-0.4386
dfcb305a-ff38-4426-9baf-9e8154cd6e1b	16	16878056	17107383	155	-0.5937
dfcb305a-ff38-4426-9baf-9e8154cd6e1b	16	17107580	17386687	250	-0.7851
dfcb305a-ff38-4426-9baf-9e8154cd6e1b	16	17388021	19933041	1189	-0.5332
dfcb305a-ff38-4426-9baf-9e8154cd6e1b	16	19934328	19956040	29	-2.6855
dfcb305a-ff38-4426-9baf-9e8154cd6e1b	16	19958932	21678585	973	-0.5083
dfcb305a-ff38-4426-9baf-9e8154cd6e1b	16	21684103	21690655	5	0.8367
dfcb305a-ff38-4426-9baf-9e8154cd6e1b	16	21690669	22664766	349	-0.4171
dfcb305a-ff38-4426-9baf-9e8154cd6e1b	16	22665466	28151434	3914	-0.5966
dfcb305a-ff38-4426-9baf-9e8154cd6e1b	16	28157736	29586515	364	-0.4657
dfcb305a-ff38-4426-9baf-9e8154cd6e1b	16	29589571	30295647	200	-0.264
dfcb305a-ff38-4426-9baf-9e8154cd6e1b	16	30308694	32629651	685	-0.5386
dfcb305a-ff38-4426-9baf-9e8154cd6e1b	16	32832214	35082020	80	-0.2054
dfcb305a-ff38-4426-9baf-9e8154cd6e1b	16	35087005	63793704	11959	-0.5511
dfcb305a-ff38-4426-9baf-9e8154cd6e1b	16	63794426	63795182	2	-3.966
dfcb305a-ff38-4426-9baf-9e8154cd6e1b	16	63798809	66332256	1957	-0.5738
dfcb305a-ff38-4426-9baf-9e8154cd6e1b	16	66332651	70146223	1726	-0.5043
dfcb305a-ff38-4426-9baf-9e8154cd6e1b	16	70146293	70212430	14	0.2501
dfcb305a-ff38-4426-9baf-9e8154cd6e1b	16	70212436	71362387	401	-0.5021
dfcb305a-ff38-4426-9baf-9e8154cd6e1b	16	71368704	71369180	2	-2.2116
dfcb305a-ff38-4426-9baf-9e8154cd6e1b	16	71369332	72580421	651	-0.5291
dfcb305a-ff38-4426-9baf-9e8154cd6e1b	16	72586686	72613682	10	0.3391
dfcb305a-ff38-4426-9baf-9e8154cd6e1b	16	72613946	76909585	2931	-0.5261
dfcb305a-ff38-4426-9baf-9e8154cd6e1b	16	76911066	78337711	1505	-0.5867
dfcb305a-ff38-4426-9baf-9e8154cd6e1b	16	78338543	78350868	16	0.5924
dfcb305a-ff38-4426-9baf-9e8154cd6e1b	16	78351104	83733139	6034	-0.5869
dfcb305a-ff38-4426-9baf-9e8154cd6e1b	16	83733167	85903136	1758	-0.4959
dfcb305a-ff38-4426-9baf-9e8154cd6e1b	16	85903372	86751232	1030	-0.617
dfcb305a-ff38-4426-9baf-9e8154cd6e1b	16	86753775	86755202	7	-1.6721
dfcb305a-ff38-4426-9baf-9e8154cd6e1b	16	86756098	88209918	978	-0.5937
dfcb305a-ff38-4426-9baf-9e8154cd6e1b	16	88213851	90096867	796	-0.3562
dfcb305a-ff38-4426-9baf-9e8154cd6e1b	17	150733	9850624	5577	-0.5114
dfcb305a-ff38-4426-9baf-9e8154cd6e1b	17	9851294	12868064	2237	-0.5969
dfcb305a-ff38-4426-9baf-9e8154cd6e1b	17	12869217	12869820	4	-2.0019
dfcb305a-ff38-4426-9baf-9e8154cd6e1b	17	12877860	14386839	1196	-0.6096
dfcb305a-ff38-4426-9baf-9e8154cd6e1b	17	14386974	14387223	2	-3.0301
dfcb305a-ff38-4426-9baf-9e8154cd6e1b	17	14387326	15439565	895	-0.6433
dfcb305a-ff38-4426-9baf-9e8154cd6e1b	17	15439628	16448542	416	-0.5364
dfcb305a-ff38-4426-9baf-9e8154cd6e1b	17	16448625	16448868	2	-2.3971
dfcb305a-ff38-4426-9baf-9e8154cd6e1b	17	16451729	18375453	1036	-0.5332
dfcb305a-ff38-4426-9baf-9e8154cd6e1b	17	18375514	18596943	54	0.1723
dfcb305a-ff38-4426-9baf-9e8154cd6e1b	17	18602377	30678136	3207	-0.5172
dfcb305a-ff38-4426-9baf-9e8154cd6e1b	17	30684424	30822475	45	-0.1103
dfcb305a-ff38-4426-9baf-9e8154cd6e1b	17	30823019	32962790	1070	-0.4865
dfcb305a-ff38-4426-9baf-9e8154cd6e1b	17	32963069	36150221	2543	-0.5934
dfcb305a-ff38-4426-9baf-9e8154cd6e1b	17	36157718	39707669	1660	-0.5032
dfcb305a-ff38-4426-9baf-9e8154cd6e1b	17	39711492	39712509	7	0.5563
dfcb305a-ff38-4426-9baf-9e8154cd6e1b	17	39712803	45508731	3033	-0.481
dfcb305a-ff38-4426-9baf-9e8154cd6e1b	17	45509043	45641599	25	0.0686
dfcb305a-ff38-4426-9baf-9e8154cd6e1b	17	45647163	46085732	322	-0.4651
dfcb305a-ff38-4426-9baf-9e8154cd6e1b	17	46088437	46089854	6	0.3749
dfcb305a-ff38-4426-9baf-9e8154cd6e1b	17	46092761	46100092	5	1.3012
dfcb305a-ff38-4426-9baf-9e8154cd6e1b	17	46103588	46275506	109	0.2885
dfcb305a-ff38-4426-9baf-9e8154cd6e1b	17	46276519	49865012	1635	-0.4964
dfcb305a-ff38-4426-9baf-9e8154cd6e1b	17	49865045	51895612	1216	0.2789
dfcb305a-ff38-4426-9baf-9e8154cd6e1b	17	51895837	76924115	15583	-0.5258
dfcb305a-ff38-4426-9baf-9e8154cd6e1b	17	76930346	76930670	3	-3.315
dfcb305a-ff38-4426-9baf-9e8154cd6e1b	17	76933916	83091923	3129	-0.5125
dfcb305a-ff38-4426-9baf-9e8154cd6e1b	18	48133	392189	220	-0.5435
dfcb305a-ff38-4426-9baf-9e8154cd6e1b	18	392795	395016	4	-2.2329
dfcb305a-ff38-4426-9baf-9e8154cd6e1b	18	395394	5963764	4002	-0.5297
dfcb305a-ff38-4426-9baf-9e8154cd6e1b	18	5963906	5978259	23	-1.3745
dfcb305a-ff38-4426-9baf-9e8154cd6e1b	18	5978508	15124518	6101	-0.5652
dfcb305a-ff38-4426-9baf-9e8154cd6e1b	18	15127522	20986206	66	-0.1581
dfcb305a-ff38-4426-9baf-9e8154cd6e1b	18	20991561	26495064	3225	-0.5484
dfcb305a-ff38-4426-9baf-9e8154cd6e1b	18	26495144	34764735	5237	-0.4819
dfcb305a-ff38-4426-9baf-9e8154cd6e1b	18	34764926	40678763	3899	-0.5424
dfcb305a-ff38-4426-9baf-9e8154cd6e1b	18	40680456	40685425	19	0.8943
dfcb305a-ff38-4426-9baf-9e8154cd6e1b	18	40688060	40871647	119	-0.5132
dfcb305a-ff38-4426-9baf-9e8154cd6e1b	18	40875170	40875183	2	-3.8979
dfcb305a-ff38-4426-9baf-9e8154cd6e1b	18	40876925	42471713	1094	-0.5633
dfcb305a-ff38-4426-9baf-9e8154cd6e1b	18	42476604	42477506	24	-1.6047
dfcb305a-ff38-4426-9baf-9e8154cd6e1b	18	42477802	65806321	16054	-0.5351
dfcb305a-ff38-4426-9baf-9e8154cd6e1b	18	65806648	66060653	205	-0.7266
dfcb305a-ff38-4426-9baf-9e8154cd6e1b	18	66060881	66061104	3	-2.7345
dfcb305a-ff38-4426-9baf-9e8154cd6e1b	18	66065502	69275393	2396	-0.5339
dfcb305a-ff38-4426-9baf-9e8154cd6e1b	18	69281707	80257174	8033	0.2374
dfcb305a-ff38-4426-9baf-9e8154cd6e1b	19	90910	665896	134	0.3044
dfcb305a-ff38-4426-9baf-9e8154cd6e1b	19	669363	11778234	4482	-0.5147
dfcb305a-ff38-4426-9baf-9e8154cd6e1b	19	11780188	11806016	20	0.2115
dfcb305a-ff38-4426-9baf-9e8154cd6e1b	19	11812246	11856462	25	0.8616
dfcb305a-ff38-4426-9baf-9e8154cd6e1b	19	11857002	21116231	4652	0.2521
dfcb305a-ff38-4426-9baf-9e8154cd6e1b	19	21116938	22136619	597	0.1905
dfcb305a-ff38-4426-9baf-9e8154cd6e1b	19	22137090	22155955	7	-0.7858
dfcb305a-ff38-4426-9baf-9e8154cd6e1b	19	22155963	24198016	1195	0.1775
dfcb305a-ff38-4426-9baf-9e8154cd6e1b	19	24201160	27275080	51	0.8678
dfcb305a-ff38-4426-9baf-9e8154cd6e1b	19	27286478	31312276	2788	0.2431
dfcb305a-ff38-4426-9baf-9e8154cd6e1b	19	31313195	35358420	2761	0.7572
dfcb305a-ff38-4426-9baf-9e8154cd6e1b	19	35364451	35370946	21	-0.0657
dfcb305a-ff38-4426-9baf-9e8154cd6e1b	19	35375842	40538007	2624	0.7531
dfcb305a-ff38-4426-9baf-9e8154cd6e1b	19	40544357	52039226	5697	0.2011
dfcb305a-ff38-4426-9baf-9e8154cd6e1b	19	52045123	52045705	2	2.0252
dfcb305a-ff38-4426-9baf-9e8154cd6e1b	19	52051861	52079583	13	-0.0808
dfcb305a-ff38-4426-9baf-9e8154cd6e1b	19	52082589	52082643	2	-1.6338
dfcb305a-ff38-4426-9baf-9e8154cd6e1b	19	52083325	53013829	650	0.2568
dfcb305a-ff38-4426-9baf-9e8154cd6e1b	19	53015494	53043602	20	-0.758
dfcb305a-ff38-4426-9baf-9e8154cd6e1b	19	53044108	54088052	698	0.2549
dfcb305a-ff38-4426-9baf-9e8154cd6e1b	19	54090474	54090902	3	-1.3979
dfcb305a-ff38-4426-9baf-9e8154cd6e1b	19	54090917	54786431	361	0.1659
dfcb305a-ff38-4426-9baf-9e8154cd6e1b	19	54787128	54867244	42	-2.8337
dfcb305a-ff38-4426-9baf-9e8154cd6e1b	19	54868000	54868201	5	-0.6927
dfcb305a-ff38-4426-9baf-9e8154cd6e1b	19	54871595	55766684	423	0.2097
dfcb305a-ff38-4426-9baf-9e8154cd6e1b	19	55770704	55771169	3	-0.5159
dfcb305a-ff38-4426-9baf-9e8154cd6e1b	19	55771663	55771701	2	-2.2986
dfcb305a-ff38-4426-9baf-9e8154cd6e1b	19	55774927	55936780	159	0.1806
dfcb305a-ff38-4426-9baf-9e8154cd6e1b	19	55937454	55939166	4	1.2239
dfcb305a-ff38-4426-9baf-9e8154cd6e1b	19	55943196	58586487	1675	0.1973
dfcb305a-ff38-4426-9baf-9e8154cd6e1b	20	80664	112174	34	0.5383
dfcb305a-ff38-4426-9baf-9e8154cd6e1b	20	112858	1579412	1161	0.2542
dfcb305a-ff38-4426-9baf-9e8154cd6e1b	20	1579606	1580353	9	0.7269
dfcb305a-ff38-4426-9baf-9e8154cd6e1b	20	1580934	1601561	36	1.5025
dfcb305a-ff38-4426-9baf-9e8154cd6e1b	20	1609611	1617460	7	0.7175
dfcb305a-ff38-4426-9baf-9e8154cd6e1b	20	1617690	3516700	1396	0.2422
dfcb305a-ff38-4426-9baf-9e8154cd6e1b	20	3521262	4113649	354	0.3757
dfcb305a-ff38-4426-9baf-9e8154cd6e1b	20	4117920	7396105	2557	0.2551
dfcb305a-ff38-4426-9baf-9e8154cd6e1b	20	7396323	18506271	8930	0.3013
dfcb305a-ff38-4426-9baf-9e8154cd6e1b	20	18506370	21923762	2545	0.2609
dfcb305a-ff38-4426-9baf-9e8154cd6e1b	20	21924300	22719322	602	0.3477
dfcb305a-ff38-4426-9baf-9e8154cd6e1b	20	22720228	26180947	2332	0.2467
dfcb305a-ff38-4426-9baf-9e8154cd6e1b	20	26182274	36896959	2785	0.3058
dfcb305a-ff38-4426-9baf-9e8154cd6e1b	20	36898585	42632121	4074	0.2595
dfcb305a-ff38-4426-9baf-9e8154cd6e1b	20	42634637	42634781	8	1.2877
dfcb305a-ff38-4426-9baf-9e8154cd6e1b	20	42636668	49701403	4953	0.2749
dfcb305a-ff38-4426-9baf-9e8154cd6e1b	20	49707531	49725728	11	0.8955
dfcb305a-ff38-4426-9baf-9e8154cd6e1b	20	49729683	49955136	140	0.2915
dfcb305a-ff38-4426-9baf-9e8154cd6e1b	20	49957579	49985637	9	0.795
dfcb305a-ff38-4426-9baf-9e8154cd6e1b	20	49986086	50165621	77	0.2792
dfcb305a-ff38-4426-9baf-9e8154cd6e1b	20	50165997	50176256	3	1.2279
dfcb305a-ff38-4426-9baf-9e8154cd6e1b	20	50178380	51045048	631	0.3112
dfcb305a-ff38-4426-9baf-9e8154cd6e1b	20	51051070	51087377	29	0.9716
dfcb305a-ff38-4426-9baf-9e8154cd6e1b	20	51090524	51622006	430	0.2882
dfcb305a-ff38-4426-9baf-9e8154cd6e1b	20	51623216	52226766	420	0.8127
dfcb305a-ff38-4426-9baf-9e8154cd6e1b	20	52227895	52254398	19	-0.492
dfcb305a-ff38-4426-9baf-9e8154cd6e1b	20	52257883	58471629	4984	0.2684
dfcb305a-ff38-4426-9baf-9e8154cd6e1b	20	58472610	61452453	2535	0.2059
dfcb305a-ff38-4426-9baf-9e8154cd6e1b	20	61454136	63601056	1019	0.2611
dfcb305a-ff38-4426-9baf-9e8154cd6e1b	20	63604928	64148182	204	0.4562
dfcb305a-ff38-4426-9baf-9e8154cd6e1b	20	64149270	64281110	90	0.2752
dfcb305a-ff38-4426-9baf-9e8154cd6e1b	20	64282468	64324800	8	-0.368
dfcb305a-ff38-4426-9baf-9e8154cd6e1b	21	10354168	10559033	53	-0.1295
dfcb305a-ff38-4426-9baf-9e8154cd6e1b	21	10568903	14743358	769	0.5659
dfcb305a-ff38-4426-9baf-9e8154cd6e1b	21	14743691	17007819	1578	0.7051
dfcb305a-ff38-4426-9baf-9e8154cd6e1b	21	17012019	17013450	4	-0.5801
dfcb305a-ff38-4426-9baf-9e8154cd6e1b	21	17013556	18682133	1143	0.6547
dfcb305a-ff38-4426-9baf-9e8154cd6e1b	21	18682939	27127024	6535	0.6081
dfcb305a-ff38-4426-9baf-9e8154cd6e1b	21	27128586	28536057	1038	0.6825
dfcb305a-ff38-4426-9baf-9e8154cd6e1b	21	28536252	34570746	4116	0.6072
dfcb305a-ff38-4426-9baf-9e8154cd6e1b	21	34572058	45164161	7758	0.5744
dfcb305a-ff38-4426-9baf-9e8154cd6e1b	21	45164849	46677045	880	0.618
dfcb305a-ff38-4426-9baf-9e8154cd6e1b	22	15294547	18142004	1110	0.2934
dfcb305a-ff38-4426-9baf-9e8154cd6e1b	22	18143362	18148598	10	-0.5809
dfcb305a-ff38-4426-9baf-9e8154cd6e1b	22	18148937	26163805	4984	0.3278
dfcb305a-ff38-4426-9baf-9e8154cd6e1b	22	26167064	27096501	953	0.2316
dfcb305a-ff38-4426-9baf-9e8154cd6e1b	22	27096574	27097029	2	-1.3493
dfcb305a-ff38-4426-9baf-9e8154cd6e1b	22	27099335	27715440	673	0.2238
dfcb305a-ff38-4426-9baf-9e8154cd6e1b	22	27715989	31504373	2123	0.3009
dfcb305a-ff38-4426-9baf-9e8154cd6e1b	22	31517378	32502304	638	-0.5186
dfcb305a-ff38-4426-9baf-9e8154cd6e1b	22	32507259	35583810	2765	-0.5914
dfcb305a-ff38-4426-9baf-9e8154cd6e1b	22	35584013	38967614	1980	-0.5229
dfcb305a-ff38-4426-9baf-9e8154cd6e1b	22	38967679	38979302	23	-1.9579
dfcb305a-ff38-4426-9baf-9e8154cd6e1b	22	38993700	39003307	12	0.4392
dfcb305a-ff38-4426-9baf-9e8154cd6e1b	22	39007789	46602539	4735	-0.515
dfcb305a-ff38-4426-9baf-9e8154cd6e1b	22	46604212	49991802	2905	-0.6001
dfcb305a-ff38-4426-9baf-9e8154cd6e1b	22	49996657	50737337	343	-0.4621
dfcb305a-ff38-4426-9baf-9e8154cd6e1b	22	50742808	50796027	14	-0.0036
dfcb305a-ff38-4426-9baf-9e8154cd6e1b	X	251810	417141	11	0.2791
dfcb305a-ff38-4426-9baf-9e8154cd6e1b	X	426990	5846566	2366	-0.004
dfcb305a-ff38-4426-9baf-9e8154cd6e1b	X	5846924	5847065	5	1.0486
dfcb305a-ff38-4426-9baf-9e8154cd6e1b	X	5847634	6879619	828	0.009
dfcb305a-ff38-4426-9baf-9e8154cd6e1b	X	6887772	10724023	2884	-0.0764
dfcb305a-ff38-4426-9baf-9e8154cd6e1b	X	10725281	10726311	3	1.1325
dfcb305a-ff38-4426-9baf-9e8154cd6e1b	X	10728928	13862123	2301	-0.0139
dfcb305a-ff38-4426-9baf-9e8154cd6e1b	X	13862484	21606881	4336	0.0346
dfcb305a-ff38-4426-9baf-9e8154cd6e1b	X	21608001	33626022	8216	-0.0269
dfcb305a-ff38-4426-9baf-9e8154cd6e1b	X	33626519	36953077	2048	0.0316
dfcb305a-ff38-4426-9baf-9e8154cd6e1b	X	36960267	56352992	9456	-0.019
dfcb305a-ff38-4426-9baf-9e8154cd6e1b	X	56353194	56443062	36	-0.8413
dfcb305a-ff38-4426-9baf-9e8154cd6e1b	X	56445286	88363629	13373	-0.0195
dfcb305a-ff38-4426-9baf-9e8154cd6e1b	X	88365325	88366258	4	-1.36
dfcb305a-ff38-4426-9baf-9e8154cd6e1b	X	88367091	88499975	107	-0.0523
dfcb305a-ff38-4426-9baf-9e8154cd6e1b	X	88499997	88524860	33	-0.3924
dfcb305a-ff38-4426-9baf-9e8154cd6e1b	X	88525107	91029167	949	-0.0245
dfcb305a-ff38-4426-9baf-9e8154cd6e1b	X	91031111	91033886	5	-1.0159
dfcb305a-ff38-4426-9baf-9e8154cd6e1b	X	91037654	94164611	1485	-0.0392
dfcb305a-ff38-4426-9baf-9e8154cd6e1b	X	94168196	94174154	6	-0.9969
dfcb305a-ff38-4426-9baf-9e8154cd6e1b	X	94174579	103916885	5291	-0.0059
dfcb305a-ff38-4426-9baf-9e8154cd6e1b	X	103917238	103948285	20	0.5849
dfcb305a-ff38-4426-9baf-9e8154cd6e1b	X	103948829	104006616	34	0.0693
dfcb305a-ff38-4426-9baf-9e8154cd6e1b	X	104006747	104050792	51	0.5299
dfcb305a-ff38-4426-9baf-9e8154cd6e1b	X	104083894	121690179	9695	-0.0205
dfcb305a-ff38-4426-9baf-9e8154cd6e1b	X	121700384	121753098	36	-1.0412
dfcb305a-ff38-4426-9baf-9e8154cd6e1b	X	121753126	147037925	15043	-0.0373
dfcb305a-ff38-4426-9baf-9e8154cd6e1b	X	147038517	155156881	4824	0.4942
dfcb305a-ff38-4426-9baf-9e8154cd6e1b	X	155164107	155172909	4	-1.2893
dfcb305a-ff38-4426-9baf-9e8154cd6e1b	X	155173469	155952689	230	0.6046
dfcb305a-ff38-4426-9baf-9e8154cd6e1b	Y	2782397	20752415	5890	-0.5887
dfcb305a-ff38-4426-9baf-9e8154cd6e1b	Y	20752492	20756691	2	2.9221
dfcb305a-ff38-4426-9baf-9e8154cd6e1b	Y	20757006	56872112	733	-0.5942
