GDC_Aliquot	Chromosome	Start	End	Num_Probes	Segment_Mean
53412d98-f1d4-48b2-9454-eef60cf1870b	1	62920	259407	14	-0.7087
53412d98-f1d4-48b2-9454-eef60cf1870b	1	259422	1715891	200	0.0412
53412d98-f1d4-48b2-9454-eef60cf1870b	1	1716055	1737717	11	-0.9096
53412d98-f1d4-48b2-9454-eef60cf1870b	1	1741164	17265184	8752	0.0049
53412d98-f1d4-48b2-9454-eef60cf1870b	1	17266821	17292800	23	0.7406
53412d98-f1d4-48b2-9454-eef60cf1870b	1	17293514	70779147	32798	0.0056
53412d98-f1d4-48b2-9454-eef60cf1870b	1	70779208	70780985	4	-1.3413
53412d98-f1d4-48b2-9454-eef60cf1870b	1	70785071	71980481	709	0.0252
53412d98-f1d4-48b2-9454-eef60cf1870b	1	71983116	71984255	3	-1.3803
53412d98-f1d4-48b2-9454-eef60cf1870b	1	71989215	72302735	205	0.0044
53412d98-f1d4-48b2-9454-eef60cf1870b	1	72302815	72345465	47	-0.4086
53412d98-f1d4-48b2-9454-eef60cf1870b	1	72346221	86307363	9117	0.0075
53412d98-f1d4-48b2-9454-eef60cf1870b	1	86311139	86312583	2	-1.5156
53412d98-f1d4-48b2-9454-eef60cf1870b	1	86314399	89009572	1791	0.0188
53412d98-f1d4-48b2-9454-eef60cf1870b	1	89012275	89017933	4	1.1718
53412d98-f1d4-48b2-9454-eef60cf1870b	1	89019615	103616725	9073	0.0035
53412d98-f1d4-48b2-9454-eef60cf1870b	1	103616762	103717617	7	1.0507
53412d98-f1d4-48b2-9454-eef60cf1870b	1	103760781	109684893	3570	0.0115
53412d98-f1d4-48b2-9454-eef60cf1870b	1	109690352	109692006	10	-0.7697
53412d98-f1d4-48b2-9454-eef60cf1870b	1	109696900	112147704	1945	0.0144
53412d98-f1d4-48b2-9454-eef60cf1870b	1	112153343	112154768	25	0.7494
53412d98-f1d4-48b2-9454-eef60cf1870b	1	112163334	240228440	67179	0.007
53412d98-f1d4-48b2-9454-eef60cf1870b	1	240230715	240230839	6	-2.063
53412d98-f1d4-48b2-9454-eef60cf1870b	1	240232805	248930189	5848	-0.0059
53412d98-f1d4-48b2-9454-eef60cf1870b	2	12784	35750907	24971	0.0077
53412d98-f1d4-48b2-9454-eef60cf1870b	2	35752724	35762881	7	0.8984
53412d98-f1d4-48b2-9454-eef60cf1870b	2	35772407	41011095	3914	0.0136
53412d98-f1d4-48b2-9454-eef60cf1870b	2	41011303	41018747	22	-0.5634
53412d98-f1d4-48b2-9454-eef60cf1870b	2	41024093	52527330	8163	0.0142
53412d98-f1d4-48b2-9454-eef60cf1870b	2	52527342	52554404	39	0.7843
53412d98-f1d4-48b2-9454-eef60cf1870b	2	52560811	188254196	78866	0.0134
53412d98-f1d4-48b2-9454-eef60cf1870b	2	188255201	188262203	4	-2.4742
53412d98-f1d4-48b2-9454-eef60cf1870b	2	188264331	193823021	3130	0.0141
53412d98-f1d4-48b2-9454-eef60cf1870b	2	193825580	193837590	3	1.3804
53412d98-f1d4-48b2-9454-eef60cf1870b	2	193841527	207490231	8090	0.0131
53412d98-f1d4-48b2-9454-eef60cf1870b	2	207490454	207494612	16	-0.5177
53412d98-f1d4-48b2-9454-eef60cf1870b	2	207494752	229598678	14381	0.0058
53412d98-f1d4-48b2-9454-eef60cf1870b	2	229598876	229598904	2	-1.7245
53412d98-f1d4-48b2-9454-eef60cf1870b	2	229601082	230393900	459	0.0349
53412d98-f1d4-48b2-9454-eef60cf1870b	2	230400636	230401563	2	-1.601
53412d98-f1d4-48b2-9454-eef60cf1870b	2	230402928	242147305	7197	0.0121
53412d98-f1d4-48b2-9454-eef60cf1870b	3	20930	52989195	35645	0.0047
53412d98-f1d4-48b2-9454-eef60cf1870b	3	52994359	53007483	46	-0.6183
53412d98-f1d4-48b2-9454-eef60cf1870b	3	53007503	65202778	9534	0.007
53412d98-f1d4-48b2-9454-eef60cf1870b	3	65203560	65214027	31	-0.6793
53412d98-f1d4-48b2-9454-eef60cf1870b	3	65214192	65756205	459	-0.012
53412d98-f1d4-48b2-9454-eef60cf1870b	3	65767501	65767800	3	-1.8726
53412d98-f1d4-48b2-9454-eef60cf1870b	3	65769108	68697133	1981	-0.0068
53412d98-f1d4-48b2-9454-eef60cf1870b	3	68697295	68698178	10	0.6473
53412d98-f1d4-48b2-9454-eef60cf1870b	3	68698213	98180575	15299	0.0023
53412d98-f1d4-48b2-9454-eef60cf1870b	3	98189826	98194581	3	-1.4988
53412d98-f1d4-48b2-9454-eef60cf1870b	3	98195973	99225667	595	-0.0007
53412d98-f1d4-48b2-9454-eef60cf1870b	3	99225703	99230470	34	-0.5954
53412d98-f1d4-48b2-9454-eef60cf1870b	3	99230577	162790404	38948	0.0064
53412d98-f1d4-48b2-9454-eef60cf1870b	3	162790480	162822702	23	-0.748
53412d98-f1d4-48b2-9454-eef60cf1870b	3	162827928	180064025	10691	0.001
53412d98-f1d4-48b2-9454-eef60cf1870b	3	180066668	180068921	2	-2.1828
53412d98-f1d4-48b2-9454-eef60cf1870b	3	180068938	180758495	343	-0.0299
53412d98-f1d4-48b2-9454-eef60cf1870b	3	180759507	180759715	2	1.169
53412d98-f1d4-48b2-9454-eef60cf1870b	3	180761369	183392481	1426	0.0022
53412d98-f1d4-48b2-9454-eef60cf1870b	3	183393635	184095247	385	-0.1094
53412d98-f1d4-48b2-9454-eef60cf1870b	3	184097450	193149008	6313	0.0137
53412d98-f1d4-48b2-9454-eef60cf1870b	3	193149057	193201821	67	0.2939
53412d98-f1d4-48b2-9454-eef60cf1870b	3	193201920	195656271	1445	0.0121
53412d98-f1d4-48b2-9454-eef60cf1870b	3	195663809	195747892	43	0.3983
53412d98-f1d4-48b2-9454-eef60cf1870b	3	195751823	198169247	1166	-0.0508
53412d98-f1d4-48b2-9454-eef60cf1870b	4	68929	34777340	22664	0.0048
53412d98-f1d4-48b2-9454-eef60cf1870b	4	34777353	34833940	51	0.4491
53412d98-f1d4-48b2-9454-eef60cf1870b	4	34837370	68472846	19412	0.0003
53412d98-f1d4-48b2-9454-eef60cf1870b	4	68478894	68640616	71	0.5855
53412d98-f1d4-48b2-9454-eef60cf1870b	4	68655691	69254604	307	0.0462
53412d98-f1d4-48b2-9454-eef60cf1870b	4	69254981	69366081	59	0.2957
53412d98-f1d4-48b2-9454-eef60cf1870b	4	69366304	76368633	4253	-0.0016
53412d98-f1d4-48b2-9454-eef60cf1870b	4	76370923	76371213	4	-1.4795
53412d98-f1d4-48b2-9454-eef60cf1870b	4	76371648	114252500	23010	0.0041
53412d98-f1d4-48b2-9454-eef60cf1870b	4	114252544	114261019	24	0.9165
53412d98-f1d4-48b2-9454-eef60cf1870b	4	114263073	160952848	27912	0.0034
53412d98-f1d4-48b2-9454-eef60cf1870b	4	160958866	160963432	19	-0.6868
53412d98-f1d4-48b2-9454-eef60cf1870b	4	160963448	171448195	6654	-0.0008
53412d98-f1d4-48b2-9454-eef60cf1870b	4	171453733	171456573	11	-0.6586
53412d98-f1d4-48b2-9454-eef60cf1870b	4	171456625	172501371	639	0.0046
53412d98-f1d4-48b2-9454-eef60cf1870b	4	172503796	172507492	7	1.1615
53412d98-f1d4-48b2-9454-eef60cf1870b	4	172519981	190106768	11827	-0.008
53412d98-f1d4-48b2-9454-eef60cf1870b	5	15532	12800777	10174	0.0061
53412d98-f1d4-48b2-9454-eef60cf1870b	5	12815668	12819964	9	-1.6896
53412d98-f1d4-48b2-9454-eef60cf1870b	5	12824299	34264242	13427	-0.004
53412d98-f1d4-48b2-9454-eef60cf1870b	5	34264436	34264450	2	-1.8017
53412d98-f1d4-48b2-9454-eef60cf1870b	5	34266449	46191782	6986	0.0068
53412d98-f1d4-48b2-9454-eef60cf1870b	5	46195781	46209816	7	-1.1365
53412d98-f1d4-48b2-9454-eef60cf1870b	5	46209906	46251204	10	-0.0637
53412d98-f1d4-48b2-9454-eef60cf1870b	5	46270906	46273400	8	1.099
53412d98-f1d4-48b2-9454-eef60cf1870b	5	46278110	58025819	5063	0.0143
53412d98-f1d4-48b2-9454-eef60cf1870b	5	58030200	58037706	32	1.6957
53412d98-f1d4-48b2-9454-eef60cf1870b	5	58042530	99500868	23878	0.0081
53412d98-f1d4-48b2-9454-eef60cf1870b	5	99504170	99504922	2	-2.3834
53412d98-f1d4-48b2-9454-eef60cf1870b	5	99508633	118050922	12274	0.0058
53412d98-f1d4-48b2-9454-eef60cf1870b	5	118052727	118068645	12	-0.7199
53412d98-f1d4-48b2-9454-eef60cf1870b	5	118071110	139789292	13308	0.0074
53412d98-f1d4-48b2-9454-eef60cf1870b	5	139798577	139803311	4	-1.5383
53412d98-f1d4-48b2-9454-eef60cf1870b	5	139804359	140838745	482	0.0451
53412d98-f1d4-48b2-9454-eef60cf1870b	5	140839137	140874401	17	-0.5922
53412d98-f1d4-48b2-9454-eef60cf1870b	5	140874533	152134539	7519	0.0099
53412d98-f1d4-48b2-9454-eef60cf1870b	5	152134610	152138790	15	-0.7669
53412d98-f1d4-48b2-9454-eef60cf1870b	5	152140710	178856409	18017	0.0045
53412d98-f1d4-48b2-9454-eef60cf1870b	5	178862335	178864493	4	-2.5654
53412d98-f1d4-48b2-9454-eef60cf1870b	5	178872649	181363319	1409	-0.015
53412d98-f1d4-48b2-9454-eef60cf1870b	6	149661	253272	98	0.0102
53412d98-f1d4-48b2-9454-eef60cf1870b	6	253861	382897	106	0.2411
53412d98-f1d4-48b2-9454-eef60cf1870b	6	384109	29869410	21420	0.0069
53412d98-f1d4-48b2-9454-eef60cf1870b	6	29869411	29882419	16	1.0083
53412d98-f1d4-48b2-9454-eef60cf1870b	6	29882497	29882603	3	0.1446
53412d98-f1d4-48b2-9454-eef60cf1870b	6	29903859	29933795	15	-0.9143
53412d98-f1d4-48b2-9454-eef60cf1870b	6	29933799	31309909	641	-0.0084
53412d98-f1d4-48b2-9454-eef60cf1870b	6	31313046	31328674	12	-1.783
53412d98-f1d4-48b2-9454-eef60cf1870b	6	31342147	65000836	18692	0.004
53412d98-f1d4-48b2-9454-eef60cf1870b	6	65001506	65003844	2	-2.4049
53412d98-f1d4-48b2-9454-eef60cf1870b	6	65003899	66298393	862	0.0026
53412d98-f1d4-48b2-9454-eef60cf1870b	6	66299130	66338736	55	-0.6749
53412d98-f1d4-48b2-9454-eef60cf1870b	6	66339513	73882741	4991	0.0036
53412d98-f1d4-48b2-9454-eef60cf1870b	6	73883255	73893903	11	-0.6242
53412d98-f1d4-48b2-9454-eef60cf1870b	6	73894003	76726815	1762	-0.0087
53412d98-f1d4-48b2-9454-eef60cf1870b	6	76730151	76742924	18	-0.585
53412d98-f1d4-48b2-9454-eef60cf1870b	6	76742956	78253172	979	-0.0096
53412d98-f1d4-48b2-9454-eef60cf1870b	6	78259348	78336944	120	0.3858
53412d98-f1d4-48b2-9454-eef60cf1870b	6	78341897	170741917	59582	0.0058
53412d98-f1d4-48b2-9454-eef60cf1870b	7	43355	6903028	3438	-0.0158
53412d98-f1d4-48b2-9454-eef60cf1870b	7	6915340	6915396	2	-2.8647
53412d98-f1d4-48b2-9454-eef60cf1870b	7	6915679	38347842	23986	0.0103
53412d98-f1d4-48b2-9454-eef60cf1870b	7	38351764	38356875	4	-1.5914
53412d98-f1d4-48b2-9454-eef60cf1870b	7	38361356	67178281	14713	0.0069
53412d98-f1d4-48b2-9454-eef60cf1870b	7	67179517	67180245	2	-3.1445
53412d98-f1d4-48b2-9454-eef60cf1870b	7	67182652	67233947	15	-0.5604
53412d98-f1d4-48b2-9454-eef60cf1870b	7	67234797	126404433	34682	-0.0026
53412d98-f1d4-48b2-9454-eef60cf1870b	7	126404459	126406546	15	0.6682
53412d98-f1d4-48b2-9454-eef60cf1870b	7	126406561	134093899	4685	0.0032
53412d98-f1d4-48b2-9454-eef60cf1870b	7	134100424	134113805	34	0.7132
53412d98-f1d4-48b2-9454-eef60cf1870b	7	134114093	142081975	5199	0.0039
53412d98-f1d4-48b2-9454-eef60cf1870b	7	142081994	142108773	27	0.5136
53412d98-f1d4-48b2-9454-eef60cf1870b	7	142109689	144176859	1195	0.0391
53412d98-f1d4-48b2-9454-eef60cf1870b	7	144199159	144295437	10	0.6636
53412d98-f1d4-48b2-9454-eef60cf1870b	7	144306653	146234866	1134	-0.0136
53412d98-f1d4-48b2-9454-eef60cf1870b	7	146239242	146304264	37	-1.2351
53412d98-f1d4-48b2-9454-eef60cf1870b	7	146309211	154598185	5232	0.0019
53412d98-f1d4-48b2-9454-eef60cf1870b	7	154601461	154607903	4	-2.3267
53412d98-f1d4-48b2-9454-eef60cf1870b	7	154609120	159334314	3228	-0.0101
53412d98-f1d4-48b2-9454-eef60cf1870b	8	81254	3912594	3339	-0.0022
53412d98-f1d4-48b2-9454-eef60cf1870b	8	3912949	3932584	29	-0.7154
53412d98-f1d4-48b2-9454-eef60cf1870b	8	3933696	12177488	7631	0.0054
53412d98-f1d4-48b2-9454-eef60cf1870b	8	12323772	12389898	28	-0.9872
53412d98-f1d4-48b2-9454-eef60cf1870b	8	12389977	15543415	2741	-0.0021
53412d98-f1d4-48b2-9454-eef60cf1870b	8	15543669	15555938	10	-0.9173
53412d98-f1d4-48b2-9454-eef60cf1870b	8	15565761	25116928	7659	0.0067
53412d98-f1d4-48b2-9454-eef60cf1870b	8	25116961	25126818	26	0.993
53412d98-f1d4-48b2-9454-eef60cf1870b	8	25133589	39373140	9002	0.0026
53412d98-f1d4-48b2-9454-eef60cf1870b	8	39378084	39529446	59	0.6812
53412d98-f1d4-48b2-9454-eef60cf1870b	8	39530780	114619814	43749	0.0032
53412d98-f1d4-48b2-9454-eef60cf1870b	8	114622258	114626166	15	-0.6413
53412d98-f1d4-48b2-9454-eef60cf1870b	8	114626238	114628588	7	0.3271
53412d98-f1d4-48b2-9454-eef60cf1870b	8	114628679	114629502	13	-0.6824
53412d98-f1d4-48b2-9454-eef60cf1870b	8	114638468	145072769	21006	0.0101
53412d98-f1d4-48b2-9454-eef60cf1870b	9	46587	24500842	21185	0.0056
53412d98-f1d4-48b2-9454-eef60cf1870b	9	24503818	24517684	20	-1.0727
53412d98-f1d4-48b2-9454-eef60cf1870b	9	24519686	30591834	4560	0.0118
53412d98-f1d4-48b2-9454-eef60cf1870b	9	30592307	30592523	2	-1.5384
53412d98-f1d4-48b2-9454-eef60cf1870b	9	30597972	38771834	5279	0.0067
53412d98-f1d4-48b2-9454-eef60cf1870b	9	38787496	68384471	476	0.2188
53412d98-f1d4-48b2-9454-eef60cf1870b	9	68388042	88281514	14389	0.0077
53412d98-f1d4-48b2-9454-eef60cf1870b	9	88283112	88289463	2	-2.6547
53412d98-f1d4-48b2-9454-eef60cf1870b	9	88290348	114320531	18348	0.007
53412d98-f1d4-48b2-9454-eef60cf1870b	9	114325122	114326042	2	1.7068
53412d98-f1d4-48b2-9454-eef60cf1870b	9	114330749	133307114	12783	0.0053
53412d98-f1d4-48b2-9454-eef60cf1870b	9	133307129	133307252	4	1.8088
53412d98-f1d4-48b2-9454-eef60cf1870b	9	133316268	138200944	2282	-0.0033
53412d98-f1d4-48b2-9454-eef60cf1870b	10	45792	42723104	29277	0.0019
53412d98-f1d4-48b2-9454-eef60cf1870b	10	42724837	42744385	18	-1.1361
53412d98-f1d4-48b2-9454-eef60cf1870b	10	42745080	65546400	15024	0.0175
53412d98-f1d4-48b2-9454-eef60cf1870b	10	65546518	65554643	27	0.6616
53412d98-f1d4-48b2-9454-eef60cf1870b	10	65554672	79689251	9222	0.0037
53412d98-f1d4-48b2-9454-eef60cf1870b	10	79689972	79838023	26	0.6883
53412d98-f1d4-48b2-9454-eef60cf1870b	10	79838299	133654968	36890	0.0126
53412d98-f1d4-48b2-9454-eef60cf1870b	11	198510	4946166	2412	-0.0061
53412d98-f1d4-48b2-9454-eef60cf1870b	11	4946420	4954475	29	0.7209
53412d98-f1d4-48b2-9454-eef60cf1870b	11	4955027	5232681	239	-0.0206
53412d98-f1d4-48b2-9454-eef60cf1870b	11	5234048	5240240	17	-1.1905
53412d98-f1d4-48b2-9454-eef60cf1870b	11	5241002	135074876	83937	0.0067
53412d98-f1d4-48b2-9454-eef60cf1870b	12	51460	2976527	1864	-0.0124
53412d98-f1d4-48b2-9454-eef60cf1870b	12	2979591	2986732	3	-1.4436
53412d98-f1d4-48b2-9454-eef60cf1870b	12	2986834	8500237	3775	0.0078
53412d98-f1d4-48b2-9454-eef60cf1870b	12	8501471	8502598	2	-1.5977
53412d98-f1d4-48b2-9454-eef60cf1870b	12	8504948	9477960	517	0.0178
53412d98-f1d4-48b2-9454-eef60cf1870b	12	9481274	9582374	26	1.0779
53412d98-f1d4-48b2-9454-eef60cf1870b	12	9583090	83769569	45735	0.0063
53412d98-f1d4-48b2-9454-eef60cf1870b	12	83771462	83771500	2	2.1011
53412d98-f1d4-48b2-9454-eef60cf1870b	12	83771500	99398036	10056	0.0052
53412d98-f1d4-48b2-9454-eef60cf1870b	12	99401515	99404956	31	-0.5112
53412d98-f1d4-48b2-9454-eef60cf1870b	12	99409315	131635702	22098	0.0026
53412d98-f1d4-48b2-9454-eef60cf1870b	12	131636170	131657925	15	0.5641
53412d98-f1d4-48b2-9454-eef60cf1870b	12	131658450	133201603	557	-0.0117
53412d98-f1d4-48b2-9454-eef60cf1870b	13	18452809	19547319	531	-0.0047
53412d98-f1d4-48b2-9454-eef60cf1870b	13	19549755	19549770	2	-1.9516
53412d98-f1d4-48b2-9454-eef60cf1870b	13	19550361	23055071	2318	0.0035
53412d98-f1d4-48b2-9454-eef60cf1870b	13	23058539	23059074	9	0.6942
53412d98-f1d4-48b2-9454-eef60cf1870b	13	23059140	31957984	6682	0.0049
53412d98-f1d4-48b2-9454-eef60cf1870b	13	31958485	31963957	16	-0.5896
53412d98-f1d4-48b2-9454-eef60cf1870b	13	31964271	57097752	16372	0.0056
53412d98-f1d4-48b2-9454-eef60cf1870b	13	57099677	57099696	2	-2.5772
53412d98-f1d4-48b2-9454-eef60cf1870b	13	57102230	71902850	9036	0.0041
53412d98-f1d4-48b2-9454-eef60cf1870b	13	71903417	71906311	3	-2.9348
53412d98-f1d4-48b2-9454-eef60cf1870b	13	71906418	114342922	29032	0.0019
53412d98-f1d4-48b2-9454-eef60cf1870b	14	18239283	19185165	38	0.1939
53412d98-f1d4-48b2-9454-eef60cf1870b	14	19185951	19966871	146	-0.2819
53412d98-f1d4-48b2-9454-eef60cf1870b	14	19967227	34957568	9731	0.0121
53412d98-f1d4-48b2-9454-eef60cf1870b	14	34960155	34960540	2	-1.7957
53412d98-f1d4-48b2-9454-eef60cf1870b	14	34965212	35022137	35	-0.0138
53412d98-f1d4-48b2-9454-eef60cf1870b	14	35023871	35040397	7	-0.6429
53412d98-f1d4-48b2-9454-eef60cf1870b	14	35040442	35040533	2	-2.478
53412d98-f1d4-48b2-9454-eef60cf1870b	14	35040568	73534419	24215	0.0106
53412d98-f1d4-48b2-9454-eef60cf1870b	14	73540003	73554275	8	-1.7726
53412d98-f1d4-48b2-9454-eef60cf1870b	14	73563196	75881373	1335	-0.0044
53412d98-f1d4-48b2-9454-eef60cf1870b	14	75881898	75882339	5	-1.2858
53412d98-f1d4-48b2-9454-eef60cf1870b	14	75884780	79629472	2683	0.0061
53412d98-f1d4-48b2-9454-eef60cf1870b	14	79632933	79633109	2	-1.8375
53412d98-f1d4-48b2-9454-eef60cf1870b	14	79634111	106321086	16816	0.0083
53412d98-f1d4-48b2-9454-eef60cf1870b	14	106340102	106365807	11	1.0949
53412d98-f1d4-48b2-9454-eef60cf1870b	14	106369985	106418444	27	0.1431
53412d98-f1d4-48b2-9454-eef60cf1870b	14	106423925	106462183	48	-0.6773
53412d98-f1d4-48b2-9454-eef60cf1870b	14	106462724	106877229	195	0.0253
53412d98-f1d4-48b2-9454-eef60cf1870b	15	19811075	20187568	55	0.038
53412d98-f1d4-48b2-9454-eef60cf1870b	15	20190276	20373168	32	-0.5273
53412d98-f1d4-48b2-9454-eef60cf1870b	15	20376198	20376311	7	0.1253
53412d98-f1d4-48b2-9454-eef60cf1870b	15	20380735	20381704	10	-3.0857
53412d98-f1d4-48b2-9454-eef60cf1870b	15	20384774	21063689	55	-0.1594
53412d98-f1d4-48b2-9454-eef60cf1870b	15	21065721	22269782	36	0.5012
53412d98-f1d4-48b2-9454-eef60cf1870b	15	22270474	34421922	7221	0.01
53412d98-f1d4-48b2-9454-eef60cf1870b	15	34430601	34526116	65	-0.7281
53412d98-f1d4-48b2-9454-eef60cf1870b	15	34570058	76598900	26373	0.0101
53412d98-f1d4-48b2-9454-eef60cf1870b	15	76599170	76603434	21	0.7162
53412d98-f1d4-48b2-9454-eef60cf1870b	15	76609838	101928837	17570	0.0106
53412d98-f1d4-48b2-9454-eef60cf1870b	16	10777	14960331	11099	-0.008
53412d98-f1d4-48b2-9454-eef60cf1870b	16	14960447	14965488	5	-1.1709
53412d98-f1d4-48b2-9454-eef60cf1870b	16	14965876	15465708	119	-0.0187
53412d98-f1d4-48b2-9454-eef60cf1870b	16	15465825	15477487	6	-0.915
53412d98-f1d4-48b2-9454-eef60cf1870b	16	15477737	18104860	1492	-0.0076
53412d98-f1d4-48b2-9454-eef60cf1870b	16	18134261	18144432	2	-1.9037
53412d98-f1d4-48b2-9454-eef60cf1870b	16	18148869	21401082	1622	0.0241
53412d98-f1d4-48b2-9454-eef60cf1870b	16	21503753	21580019	21	-0.8942
53412d98-f1d4-48b2-9454-eef60cf1870b	16	21582134	22430699	362	0.0257
53412d98-f1d4-48b2-9454-eef60cf1870b	16	22546611	22579557	10	-0.6415
53412d98-f1d4-48b2-9454-eef60cf1870b	16	22579924	22604483	4	-2.9961
53412d98-f1d4-48b2-9454-eef60cf1870b	16	22614263	22701658	58	-1.0844
53412d98-f1d4-48b2-9454-eef60cf1870b	16	22706267	35236333	5320	0.003
53412d98-f1d4-48b2-9454-eef60cf1870b	16	35236927	35533640	172	0.635
53412d98-f1d4-48b2-9454-eef60cf1870b	16	35533876	55762682	6578	0.0097
53412d98-f1d4-48b2-9454-eef60cf1870b	16	55764310	55764867	3	2.8714
53412d98-f1d4-48b2-9454-eef60cf1870b	16	55770436	78337711	14258	0.0091
53412d98-f1d4-48b2-9454-eef60cf1870b	16	78338543	78345778	13	-1.636
53412d98-f1d4-48b2-9454-eef60cf1870b	16	78349243	90096867	10583	0.0047
53412d98-f1d4-48b2-9454-eef60cf1870b	17	150733	18452078	11368	0.0044
53412d98-f1d4-48b2-9454-eef60cf1870b	17	18455632	18543365	23	-1.3611
53412d98-f1d4-48b2-9454-eef60cf1870b	17	18550123	36109315	6827	0.0168
53412d98-f1d4-48b2-9454-eef60cf1870b	17	36109735	36157718	35	0.4796
53412d98-f1d4-48b2-9454-eef60cf1870b	17	36200725	41265456	2520	0.0058
53412d98-f1d4-48b2-9454-eef60cf1870b	17	41266762	41274279	24	1.95
53412d98-f1d4-48b2-9454-eef60cf1870b	17	41276472	46104213	2508	0.0065
53412d98-f1d4-48b2-9454-eef60cf1870b	17	46110126	46569894	115	-0.3732
53412d98-f1d4-48b2-9454-eef60cf1870b	17	46571001	78280402	19200	0.0065
53412d98-f1d4-48b2-9454-eef60cf1870b	17	78285287	78286887	3	-2.033
53412d98-f1d4-48b2-9454-eef60cf1870b	17	78290662	80627616	1339	0.013
53412d98-f1d4-48b2-9454-eef60cf1870b	17	80630401	80639707	13	0.6921
53412d98-f1d4-48b2-9454-eef60cf1870b	17	80641024	83091923	960	0.0006
53412d98-f1d4-48b2-9454-eef60cf1870b	18	48133	8699990	6323	-0.0025
53412d98-f1d4-48b2-9454-eef60cf1870b	18	8713776	8714250	3	-1.7822
53412d98-f1d4-48b2-9454-eef60cf1870b	18	8715992	40004506	15937	0.0061
53412d98-f1d4-48b2-9454-eef60cf1870b	18	40005074	40006452	3	-1.2683
53412d98-f1d4-48b2-9454-eef60cf1870b	18	40007266	40680846	483	0.0021
53412d98-f1d4-48b2-9454-eef60cf1870b	18	40680851	40685399	8	-0.7792
53412d98-f1d4-48b2-9454-eef60cf1870b	18	40685413	42476937	1224	0.0234
53412d98-f1d4-48b2-9454-eef60cf1870b	18	42476974	42477802	17	-0.535
53412d98-f1d4-48b2-9454-eef60cf1870b	18	42478430	58262733	10649	0.0077
53412d98-f1d4-48b2-9454-eef60cf1870b	18	58263318	58268730	24	-0.8388
53412d98-f1d4-48b2-9454-eef60cf1870b	18	58271707	72237849	10028	0.0068
53412d98-f1d4-48b2-9454-eef60cf1870b	18	72240187	72240204	2	-1.8704
53412d98-f1d4-48b2-9454-eef60cf1870b	18	72240489	80257174	5941	0.0098
53412d98-f1d4-48b2-9454-eef60cf1870b	19	90910	6882419	2242	-0.0017
53412d98-f1d4-48b2-9454-eef60cf1870b	19	6885312	7108052	121	0.543
53412d98-f1d4-48b2-9454-eef60cf1870b	19	7112112	21632117	7226	-0.0133
53412d98-f1d4-48b2-9454-eef60cf1870b	19	21632838	21637067	2	2.0536
53412d98-f1d4-48b2-9454-eef60cf1870b	19	21637309	43193181	10976	-0.007
53412d98-f1d4-48b2-9454-eef60cf1870b	19	43198881	43263109	25	-0.6541
53412d98-f1d4-48b2-9454-eef60cf1870b	19	43265681	51639362	4136	-0.0073
53412d98-f1d4-48b2-9454-eef60cf1870b	19	51639677	51644944	9	-0.8288
53412d98-f1d4-48b2-9454-eef60cf1870b	19	51651652	51768056	103	0.0243
53412d98-f1d4-48b2-9454-eef60cf1870b	19	51780257	52114045	211	0.5999
53412d98-f1d4-48b2-9454-eef60cf1870b	19	52114149	55770704	2174	-0.0316
53412d98-f1d4-48b2-9454-eef60cf1870b	19	55771003	55771701	4	-2.4815
53412d98-f1d4-48b2-9454-eef60cf1870b	19	55774927	58586487	1832	-0.0347
53412d98-f1d4-48b2-9454-eef60cf1870b	20	80664	1571811	1178	-0.0057
53412d98-f1d4-48b2-9454-eef60cf1870b	20	1576544	1580934	22	-0.5602
53412d98-f1d4-48b2-9454-eef60cf1870b	20	1581021	15320728	10400	0.0035
53412d98-f1d4-48b2-9454-eef60cf1870b	20	15321256	15321403	2	-1.8929
53412d98-f1d4-48b2-9454-eef60cf1870b	20	15321728	54028329	23215	0.0061
53412d98-f1d4-48b2-9454-eef60cf1870b	20	54031269	54042112	37	-0.7415
53412d98-f1d4-48b2-9454-eef60cf1870b	20	54046035	64324800	7440	0.0063
53412d98-f1d4-48b2-9454-eef60cf1870b	21	10354168	10535758	28	-0.1189
53412d98-f1d4-48b2-9454-eef60cf1870b	21	10535775	10775586	59	-0.6166
53412d98-f1d4-48b2-9454-eef60cf1870b	21	12973348	46677045	23729	0.0034
53412d98-f1d4-48b2-9454-eef60cf1870b	22	15294547	23929558	4370	0.026
53412d98-f1d4-48b2-9454-eef60cf1870b	22	23940911	23990739	18	0.8551
53412d98-f1d4-48b2-9454-eef60cf1870b	22	23995113	50796027	18850	0.0036
53412d98-f1d4-48b2-9454-eef60cf1870b	X	251810	38724565	23917	0.0016
53412d98-f1d4-48b2-9454-eef60cf1870b	X	38726905	38726934	2	-1.7382
53412d98-f1d4-48b2-9454-eef60cf1870b	X	38732379	63250575	9575	0.0101
53412d98-f1d4-48b2-9454-eef60cf1870b	X	63250976	63261699	10	1.1547
53412d98-f1d4-48b2-9454-eef60cf1870b	X	63267732	155952689	50001	0.0076
53412d98-f1d4-48b2-9454-eef60cf1870b	Y	2782397	19748425	5571	-0.7413
53412d98-f1d4-48b2-9454-eef60cf1870b	Y	19755427	19755946	2	-6.2179
53412d98-f1d4-48b2-9454-eef60cf1870b	Y	19756312	56872112	1011	-0.7522
