GDC_Aliquot	Chromosome	Start	End	Num_Probes	Segment_Mean
e3b21b55-af53-4b23-97ef-5be59a3495d8	1	3301765	8021031	3045	-0.3186
e3b21b55-af53-4b23-97ef-5be59a3495d8	1	8024295	8061867	24	0.9518
e3b21b55-af53-4b23-97ef-5be59a3495d8	1	8066618	8164896	45	0.5213
e3b21b55-af53-4b23-97ef-5be59a3495d8	1	8168300	12686526	2195	-0.3718
e3b21b55-af53-4b23-97ef-5be59a3495d8	1	12686572	12688721	3	-2.4932
e3b21b55-af53-4b23-97ef-5be59a3495d8	1	12691749	17663270	2426	-0.3545
e3b21b55-af53-4b23-97ef-5be59a3495d8	1	17671986	17680601	13	0.3955
e3b21b55-af53-4b23-97ef-5be59a3495d8	1	17683875	19068984	1052	-0.0904
e3b21b55-af53-4b23-97ef-5be59a3495d8	1	19070242	19076412	8	0.6333
e3b21b55-af53-4b23-97ef-5be59a3495d8	1	19076649	23162760	2360	-0.1355
e3b21b55-af53-4b23-97ef-5be59a3495d8	1	23163835	27401536	1877	-0.4055
e3b21b55-af53-4b23-97ef-5be59a3495d8	1	27410841	29277795	733	-0.1769
e3b21b55-af53-4b23-97ef-5be59a3495d8	1	29278237	30930879	1131	-0.0586
e3b21b55-af53-4b23-97ef-5be59a3495d8	1	30933289	31163610	97	-0.1767
e3b21b55-af53-4b23-97ef-5be59a3495d8	1	31170201	33387707	958	0.2685
e3b21b55-af53-4b23-97ef-5be59a3495d8	1	33387874	34918177	1095	0.3652
e3b21b55-af53-4b23-97ef-5be59a3495d8	1	34921714	36389991	617	0.2425
e3b21b55-af53-4b23-97ef-5be59a3495d8	1	36390093	37455082	669	0.3656
e3b21b55-af53-4b23-97ef-5be59a3495d8	1	37455442	38106504	304	0.2672
e3b21b55-af53-4b23-97ef-5be59a3495d8	1	38106651	38866360	517	0.3411
e3b21b55-af53-4b23-97ef-5be59a3495d8	1	38868485	40759682	881	0.2388
e3b21b55-af53-4b23-97ef-5be59a3495d8	1	40759848	44647654	2349	0.3244
e3b21b55-af53-4b23-97ef-5be59a3495d8	1	44650765	45605764	435	0.2423
e3b21b55-af53-4b23-97ef-5be59a3495d8	1	45607168	47596290	908	0.3367
e3b21b55-af53-4b23-97ef-5be59a3495d8	1	47596588	50349059	1552	0.4098
e3b21b55-af53-4b23-97ef-5be59a3495d8	1	50350111	50982487	216	0.3322
e3b21b55-af53-4b23-97ef-5be59a3495d8	1	50982747	52978038	869	0.2793
e3b21b55-af53-4b23-97ef-5be59a3495d8	1	52978229	55708565	1894	0.3436
e3b21b55-af53-4b23-97ef-5be59a3495d8	1	55708974	55720585	10	-0.3274
e3b21b55-af53-4b23-97ef-5be59a3495d8	1	55729986	56736335	723	0.381
e3b21b55-af53-4b23-97ef-5be59a3495d8	1	56737199	59200432	2070	0.5153
e3b21b55-af53-4b23-97ef-5be59a3495d8	1	59203443	59803274	324	0.391
e3b21b55-af53-4b23-97ef-5be59a3495d8	1	59805073	59954832	94	0.5038
e3b21b55-af53-4b23-97ef-5be59a3495d8	1	59955564	64197509	2918	0.5464
e3b21b55-af53-4b23-97ef-5be59a3495d8	1	64197537	68011295	2823	0.487
e3b21b55-af53-4b23-97ef-5be59a3495d8	1	68014988	78286867	5792	-0.1085
e3b21b55-af53-4b23-97ef-5be59a3495d8	1	78286983	78409613	66	-0.0045
e3b21b55-af53-4b23-97ef-5be59a3495d8	1	78423037	88652114	6467	0.1175
e3b21b55-af53-4b23-97ef-5be59a3495d8	1	88654919	91666782	1875	0.0579
e3b21b55-af53-4b23-97ef-5be59a3495d8	1	91667849	93598287	902	-0.0116
e3b21b55-af53-4b23-97ef-5be59a3495d8	1	93599125	93692386	58	0.0833
e3b21b55-af53-4b23-97ef-5be59a3495d8	1	93694139	93704927	9	0.6426
e3b21b55-af53-4b23-97ef-5be59a3495d8	1	93708963	97366942	2389	0.0893
e3b21b55-af53-4b23-97ef-5be59a3495d8	1	97367093	99856222	1519	0.0287
e3b21b55-af53-4b23-97ef-5be59a3495d8	1	99861812	101178654	776	-0.0283
e3b21b55-af53-4b23-97ef-5be59a3495d8	1	101182772	107236395	3177	0.6057
e3b21b55-af53-4b23-97ef-5be59a3495d8	1	107243039	108858395	954	0.241
e3b21b55-af53-4b23-97ef-5be59a3495d8	1	108860288	109028555	86	0.7539
e3b21b55-af53-4b23-97ef-5be59a3495d8	1	109067737	115491713	4027	0.2096
e3b21b55-af53-4b23-97ef-5be59a3495d8	1	115492232	115506460	6	0.5319
e3b21b55-af53-4b23-97ef-5be59a3495d8	1	115521316	119322374	2351	-0.2136
e3b21b55-af53-4b23-97ef-5be59a3495d8	1	119326092	119418771	58	-0.0146
e3b21b55-af53-4b23-97ef-5be59a3495d8	1	119419495	119456207	43	0.1775
e3b21b55-af53-4b23-97ef-5be59a3495d8	1	119456281	119984738	339	-0.0313
e3b21b55-af53-4b23-97ef-5be59a3495d8	1	119984772	151570150	618	0.6127
e3b21b55-af53-4b23-97ef-5be59a3495d8	1	151571622	153558806	1155	0.7399
e3b21b55-af53-4b23-97ef-5be59a3495d8	1	153559644	157054983	1590	0.5772
e3b21b55-af53-4b23-97ef-5be59a3495d8	1	157055664	158055621	688	0.3921
e3b21b55-af53-4b23-97ef-5be59a3495d8	1	158055664	161966331	2340	0.34
e3b21b55-af53-4b23-97ef-5be59a3495d8	1	161966893	165511223	2869	0.4222
e3b21b55-af53-4b23-97ef-5be59a3495d8	1	165514089	166001874	367	0.1928
e3b21b55-af53-4b23-97ef-5be59a3495d8	1	166002861	166705593	522	0.247
e3b21b55-af53-4b23-97ef-5be59a3495d8	1	166705715	172667327	4199	0.1675
e3b21b55-af53-4b23-97ef-5be59a3495d8	1	172668354	176808844	2100	-0.1203
e3b21b55-af53-4b23-97ef-5be59a3495d8	1	176809474	178287895	985	-0.0203
e3b21b55-af53-4b23-97ef-5be59a3495d8	1	178289442	179640923	896	-0.096
e3b21b55-af53-4b23-97ef-5be59a3495d8	1	179652797	179652946	2	-1.8054
e3b21b55-af53-4b23-97ef-5be59a3495d8	1	179654109	180707511	665	-0.1022
e3b21b55-af53-4b23-97ef-5be59a3495d8	1	180713711	180719542	3	-1.0128
e3b21b55-af53-4b23-97ef-5be59a3495d8	1	180721284	181446658	484	-0.1055
e3b21b55-af53-4b23-97ef-5be59a3495d8	1	181446707	187019781	3643	0.0003
e3b21b55-af53-4b23-97ef-5be59a3495d8	1	187022215	187024793	2	-0.4966
e3b21b55-af53-4b23-97ef-5be59a3495d8	1	187025562	192978221	3463	0.558
e3b21b55-af53-4b23-97ef-5be59a3495d8	1	192980710	193388331	336	0.4601
e3b21b55-af53-4b23-97ef-5be59a3495d8	1	193389717	193890007	371	0.5803
e3b21b55-af53-4b23-97ef-5be59a3495d8	1	193893044	195011378	657	0.6577
e3b21b55-af53-4b23-97ef-5be59a3495d8	1	195012348	199085537	2167	1.063
e3b21b55-af53-4b23-97ef-5be59a3495d8	1	199125422	204180395	3244	0.6059
e3b21b55-af53-4b23-97ef-5be59a3495d8	1	204187513	204193102	12	1.1324
e3b21b55-af53-4b23-97ef-5be59a3495d8	1	204195379	206012359	1273	0.5945
e3b21b55-af53-4b23-97ef-5be59a3495d8	1	206019282	206459909	87	-0.4488
e3b21b55-af53-4b23-97ef-5be59a3495d8	1	206459945	208154367	1179	-0.0207
e3b21b55-af53-4b23-97ef-5be59a3495d8	1	208155404	211301352	2356	0.2076
e3b21b55-af53-4b23-97ef-5be59a3495d8	1	211301618	212896221	1009	0.1315
e3b21b55-af53-4b23-97ef-5be59a3495d8	1	212899671	213240802	162	0.1932
e3b21b55-af53-4b23-97ef-5be59a3495d8	1	213243632	215165404	1440	0.2463
e3b21b55-af53-4b23-97ef-5be59a3495d8	1	215165719	216919313	1183	0.1639
e3b21b55-af53-4b23-97ef-5be59a3495d8	1	216919507	216919811	3	-3.7889
e3b21b55-af53-4b23-97ef-5be59a3495d8	1	216922938	219229085	1541	0.1432
e3b21b55-af53-4b23-97ef-5be59a3495d8	1	219229138	219486326	204	0.4668
e3b21b55-af53-4b23-97ef-5be59a3495d8	1	219487193	219902433	303	0.1537
e3b21b55-af53-4b23-97ef-5be59a3495d8	1	219902853	225123458	3220	0.0716
e3b21b55-af53-4b23-97ef-5be59a3495d8	1	225131487	229488330	2311	0.2148
e3b21b55-af53-4b23-97ef-5be59a3495d8	1	229489403	230468076	717	0.3295
e3b21b55-af53-4b23-97ef-5be59a3495d8	1	230470357	230470432	2	-1.6571
e3b21b55-af53-4b23-97ef-5be59a3495d8	1	230478364	234757673	3168	0.3394
e3b21b55-af53-4b23-97ef-5be59a3495d8	1	234759299	236404394	877	0.2365
e3b21b55-af53-4b23-97ef-5be59a3495d8	1	236409502	236775182	340	0.3422
e3b21b55-af53-4b23-97ef-5be59a3495d8	1	236777547	242439947	4327	0.4058
e3b21b55-af53-4b23-97ef-5be59a3495d8	1	242440020	247650984	2548	0.3382
e3b21b55-af53-4b23-97ef-5be59a3495d8	2	480597	8022163	4571	0.7424
e3b21b55-af53-4b23-97ef-5be59a3495d8	2	8023457	9461116	985	0.6774
e3b21b55-af53-4b23-97ef-5be59a3495d8	2	9463535	10135687	419	0.8595
e3b21b55-af53-4b23-97ef-5be59a3495d8	2	10136010	10419583	220	1.1309
e3b21b55-af53-4b23-97ef-5be59a3495d8	2	10421921	10869670	344	0.9801
e3b21b55-af53-4b23-97ef-5be59a3495d8	2	10872535	11142523	205	1.0812
e3b21b55-af53-4b23-97ef-5be59a3495d8	2	11144289	12167079	748	0.8166
e3b21b55-af53-4b23-97ef-5be59a3495d8	2	12167213	12591419	352	0.9447
e3b21b55-af53-4b23-97ef-5be59a3495d8	2	12592295	15730118	1933	0.9852
e3b21b55-af53-4b23-97ef-5be59a3495d8	2	15731168	15733624	2	2.2285
e3b21b55-af53-4b23-97ef-5be59a3495d8	2	15734083	16563873	598	0.9848
e3b21b55-af53-4b23-97ef-5be59a3495d8	2	16566464	20253839	2677	0.907
e3b21b55-af53-4b23-97ef-5be59a3495d8	2	20258018	25275687	2852	0.6639
e3b21b55-af53-4b23-97ef-5be59a3495d8	2	25276318	28080536	1251	0.574
e3b21b55-af53-4b23-97ef-5be59a3495d8	2	28080846	31819413	2481	0.6515
e3b21b55-af53-4b23-97ef-5be59a3495d8	2	31821743	32130421	113	0.3383
e3b21b55-af53-4b23-97ef-5be59a3495d8	2	32130845	32393035	103	0.2144
e3b21b55-af53-4b23-97ef-5be59a3495d8	2	32395820	33205536	82	0.4139
e3b21b55-af53-4b23-97ef-5be59a3495d8	2	33205683	33506173	222	-0.1326
e3b21b55-af53-4b23-97ef-5be59a3495d8	2	33507189	36077560	1351	-0.0721
e3b21b55-af53-4b23-97ef-5be59a3495d8	2	36078672	37357500	924	-0.143
e3b21b55-af53-4b23-97ef-5be59a3495d8	2	38045199	40351297	1431	-0.0035
e3b21b55-af53-4b23-97ef-5be59a3495d8	2	40351563	41140264	502	0.3528
e3b21b55-af53-4b23-97ef-5be59a3495d8	2	41140380	42762468	1002	0.1612
e3b21b55-af53-4b23-97ef-5be59a3495d8	2	42764681	46384255	2482	0.2728
e3b21b55-af53-4b23-97ef-5be59a3495d8	2	46384730	46384819	2	-1.1098
e3b21b55-af53-4b23-97ef-5be59a3495d8	2	46387063	48605958	1317	0.2592
e3b21b55-af53-4b23-97ef-5be59a3495d8	2	48607132	53749997	2820	0.4653
e3b21b55-af53-4b23-97ef-5be59a3495d8	2	53753437	55625065	851	0.3453
e3b21b55-af53-4b23-97ef-5be59a3495d8	2	55625743	57223101	901	0.4625
e3b21b55-af53-4b23-97ef-5be59a3495d8	2	57223479	57228337	2	-1.5471
e3b21b55-af53-4b23-97ef-5be59a3495d8	2	57233909	60480541	2062	0.4802
e3b21b55-af53-4b23-97ef-5be59a3495d8	2	60480759	62083415	744	0.3553
e3b21b55-af53-4b23-97ef-5be59a3495d8	2	62088368	63450268	664	0.4523
e3b21b55-af53-4b23-97ef-5be59a3495d8	2	63456011	63986643	229	0.3055
e3b21b55-af53-4b23-97ef-5be59a3495d8	2	63988750	65383804	779	0.2201
e3b21b55-af53-4b23-97ef-5be59a3495d8	2	65387228	68151906	2019	0.3243
e3b21b55-af53-4b23-97ef-5be59a3495d8	2	68153052	71340544	1977	0.0844
e3b21b55-af53-4b23-97ef-5be59a3495d8	2	71340834	72281986	544	0.1762
e3b21b55-af53-4b23-97ef-5be59a3495d8	2	72291588	73394651	438	-0.0298
e3b21b55-af53-4b23-97ef-5be59a3495d8	2	73398622	73412498	5	0.7164
e3b21b55-af53-4b23-97ef-5be59a3495d8	2	73412942	73434358	16	1.1775
e3b21b55-af53-4b23-97ef-5be59a3495d8	2	73439517	73712984	96	0.7016
e3b21b55-af53-4b23-97ef-5be59a3495d8	2	73715106	75018789	724	0.5871
e3b21b55-af53-4b23-97ef-5be59a3495d8	2	75021528	75183037	154	0.652
e3b21b55-af53-4b23-97ef-5be59a3495d8	2	75187871	75188128	2	1.5793
e3b21b55-af53-4b23-97ef-5be59a3495d8	2	75192619	75588123	270	0.6878
e3b21b55-af53-4b23-97ef-5be59a3495d8	2	75590782	78632988	1676	0.4378
e3b21b55-af53-4b23-97ef-5be59a3495d8	2	78642093	85105322	3363	0.2996
e3b21b55-af53-4b23-97ef-5be59a3495d8	2	85105337	85106283	2	-1.2631
e3b21b55-af53-4b23-97ef-5be59a3495d8	2	85106853	88826703	1274	0.2858
e3b21b55-af53-4b23-97ef-5be59a3495d8	2	88826790	94895864	74	0.4325
e3b21b55-af53-4b23-97ef-5be59a3495d8	2	94907229	95222966	104	0.0948
e3b21b55-af53-4b23-97ef-5be59a3495d8	2	95227051	100334581	1956	0.0258
e3b21b55-af53-4b23-97ef-5be59a3495d8	2	100334748	100985522	508	0.1071
e3b21b55-af53-4b23-97ef-5be59a3495d8	2	100991621	103948781	1763	0.5696
e3b21b55-af53-4b23-97ef-5be59a3495d8	2	103949327	104874717	595	0.4327
e3b21b55-af53-4b23-97ef-5be59a3495d8	2	104879134	109701928	2952	0.2531
e3b21b55-af53-4b23-97ef-5be59a3495d8	2	109704919	111762497	448	0.4776
e3b21b55-af53-4b23-97ef-5be59a3495d8	2	111773105	111857327	16	0.0693
e3b21b55-af53-4b23-97ef-5be59a3495d8	2	111858909	116322611	2360	0.4435
e3b21b55-af53-4b23-97ef-5be59a3495d8	2	116322785	125707463	4631	0.3077
e3b21b55-af53-4b23-97ef-5be59a3495d8	2	125707617	127072723	846	0.1826
e3b21b55-af53-4b23-97ef-5be59a3495d8	2	127138687	127147885	20	0.6683
e3b21b55-af53-4b23-97ef-5be59a3495d8	2	127147898	129234685	1260	0.1739
e3b21b55-af53-4b23-97ef-5be59a3495d8	2	129235944	130967312	645	-0.1353
e3b21b55-af53-4b23-97ef-5be59a3495d8	2	130967332	131024991	30	0.1922
e3b21b55-af53-4b23-97ef-5be59a3495d8	2	131027198	131182921	68	-0.2274
e3b21b55-af53-4b23-97ef-5be59a3495d8	2	131188740	133682368	875	-0.0916
e3b21b55-af53-4b23-97ef-5be59a3495d8	2	133682563	134959670	908	-0.1794
e3b21b55-af53-4b23-97ef-5be59a3495d8	2	134959714	136285296	628	0.024
e3b21b55-af53-4b23-97ef-5be59a3495d8	2	136285506	136286580	2	-0.6783
e3b21b55-af53-4b23-97ef-5be59a3495d8	2	136287040	140880811	2440	0.1083
e3b21b55-af53-4b23-97ef-5be59a3495d8	2	140881899	142463093	1084	0.2883
e3b21b55-af53-4b23-97ef-5be59a3495d8	2	142463310	145325765	1593	0.2093
e3b21b55-af53-4b23-97ef-5be59a3495d8	2	145328793	147787747	1314	0.2679
e3b21b55-af53-4b23-97ef-5be59a3495d8	2	147792354	163124855	8923	0.1291
e3b21b55-af53-4b23-97ef-5be59a3495d8	2	163126112	165959386	1585	0.1862
e3b21b55-af53-4b23-97ef-5be59a3495d8	2	165959501	166052594	46	-0.0687
e3b21b55-af53-4b23-97ef-5be59a3495d8	2	166053034	184542207	11422	0.2106
e3b21b55-af53-4b23-97ef-5be59a3495d8	2	184548316	184548638	2	-2.0908
e3b21b55-af53-4b23-97ef-5be59a3495d8	2	184552011	190747894	2740	0.2148
e3b21b55-af53-4b23-97ef-5be59a3495d8	2	190748467	191693691	631	0.6555
e3b21b55-af53-4b23-97ef-5be59a3495d8	2	191694038	194400607	1109	0.2441
e3b21b55-af53-4b23-97ef-5be59a3495d8	2	194401055	195569588	320	0.0247
e3b21b55-af53-4b23-97ef-5be59a3495d8	2	195572567	198002180	1279	0.1568
e3b21b55-af53-4b23-97ef-5be59a3495d8	2	198004330	200290693	1390	0.2204
e3b21b55-af53-4b23-97ef-5be59a3495d8	2	200297335	203919789	1820	0.1585
e3b21b55-af53-4b23-97ef-5be59a3495d8	2	203933297	205816396	1338	0.2409
e3b21b55-af53-4b23-97ef-5be59a3495d8	2	205819623	208623225	1699	0.1883
e3b21b55-af53-4b23-97ef-5be59a3495d8	2	208623387	210086106	802	0.3032
e3b21b55-af53-4b23-97ef-5be59a3495d8	2	210086275	213156601	1910	0.3993
e3b21b55-af53-4b23-97ef-5be59a3495d8	2	213158060	213853612	346	0.2353
e3b21b55-af53-4b23-97ef-5be59a3495d8	2	213856530	216179242	1458	0.3719
e3b21b55-af53-4b23-97ef-5be59a3495d8	2	216185382	218182901	1389	-0.1015
e3b21b55-af53-4b23-97ef-5be59a3495d8	2	218183059	218650036	228	-0.251
e3b21b55-af53-4b23-97ef-5be59a3495d8	2	218650220	220805102	1305	-0.1011
e3b21b55-af53-4b23-97ef-5be59a3495d8	2	220808881	220816147	10	0.5599
e3b21b55-af53-4b23-97ef-5be59a3495d8	2	220819561	223737930	1970	-0.0723
e3b21b55-af53-4b23-97ef-5be59a3495d8	2	223738907	228102344	2777	-0.1258
e3b21b55-af53-4b23-97ef-5be59a3495d8	2	228104450	228106326	2	-1.4841
e3b21b55-af53-4b23-97ef-5be59a3495d8	2	228106362	230152159	1141	-0.0944
e3b21b55-af53-4b23-97ef-5be59a3495d8	2	230152260	236366637	3655	-0.2112
e3b21b55-af53-4b23-97ef-5be59a3495d8	2	236369524	237489522	783	-0.4897
e3b21b55-af53-4b23-97ef-5be59a3495d8	2	237489539	237489625	2	-2.3521
e3b21b55-af53-4b23-97ef-5be59a3495d8	2	237489865	239345264	986	-0.5007
e3b21b55-af53-4b23-97ef-5be59a3495d8	2	239345975	240079397	517	-0.3765
e3b21b55-af53-4b23-97ef-5be59a3495d8	2	240082468	240082942	2	1.1507
e3b21b55-af53-4b23-97ef-5be59a3495d8	2	240090081	241537572	742	-0.3623
e3b21b55-af53-4b23-97ef-5be59a3495d8	3	2170634	6418832	2101	0.9727
e3b21b55-af53-4b23-97ef-5be59a3495d8	3	6419365	9244881	2095	1.1263
e3b21b55-af53-4b23-97ef-5be59a3495d8	3	9245052	13037730	2355	0.9946
e3b21b55-af53-4b23-97ef-5be59a3495d8	3	13038323	15111277	1382	0.8618
e3b21b55-af53-4b23-97ef-5be59a3495d8	3	15112462	18454789	2036	0.1306
e3b21b55-af53-4b23-97ef-5be59a3495d8	3	18455319	30578165	6972	0.2016
e3b21b55-af53-4b23-97ef-5be59a3495d8	3	30578862	33623712	1960	0.6012
e3b21b55-af53-4b23-97ef-5be59a3495d8	3	33626993	37453519	2247	0.768
e3b21b55-af53-4b23-97ef-5be59a3495d8	3	37454355	39010769	1048	0.8625
e3b21b55-af53-4b23-97ef-5be59a3495d8	3	39013014	39013258	3	-0.6028
e3b21b55-af53-4b23-97ef-5be59a3495d8	3	39014054	39684007	451	0.8197
e3b21b55-af53-4b23-97ef-5be59a3495d8	3	39684365	39923651	121	0.96
e3b21b55-af53-4b23-97ef-5be59a3495d8	3	39925474	40119372	121	0.8543
e3b21b55-af53-4b23-97ef-5be59a3495d8	3	40119563	41197952	681	0.7786
e3b21b55-af53-4b23-97ef-5be59a3495d8	3	41201635	41238578	145	0.5788
e3b21b55-af53-4b23-97ef-5be59a3495d8	3	41238614	41821153	262	0.771
e3b21b55-af53-4b23-97ef-5be59a3495d8	3	41821701	42216021	47	0.5016
e3b21b55-af53-4b23-97ef-5be59a3495d8	3	42216216	45870750	2120	0.596
e3b21b55-af53-4b23-97ef-5be59a3495d8	3	45879931	49377234	1535	0.4972
e3b21b55-af53-4b23-97ef-5be59a3495d8	3	49379453	49422974	13	0.2811
e3b21b55-af53-4b23-97ef-5be59a3495d8	3	49428845	52013405	1053	-0.3975
e3b21b55-af53-4b23-97ef-5be59a3495d8	3	52014280	52274443	88	-0.9124
e3b21b55-af53-4b23-97ef-5be59a3495d8	3	52274829	53709347	776	-0.5482
e3b21b55-af53-4b23-97ef-5be59a3495d8	3	53710693	56361790	2049	-0.3033
e3b21b55-af53-4b23-97ef-5be59a3495d8	3	56363043	56883226	292	0.4948
e3b21b55-af53-4b23-97ef-5be59a3495d8	3	56885407	56977426	66	-0.2904
e3b21b55-af53-4b23-97ef-5be59a3495d8	3	56978210	58518145	816	-0.3835
e3b21b55-af53-4b23-97ef-5be59a3495d8	3	58520664	62171383	1627	-0.3075
e3b21b55-af53-4b23-97ef-5be59a3495d8	3	62171823	65587023	2783	0.1279
e3b21b55-af53-4b23-97ef-5be59a3495d8	3	65588192	65588764	2	-1.54
e3b21b55-af53-4b23-97ef-5be59a3495d8	3	65589336	69800796	2894	0.1122
e3b21b55-af53-4b23-97ef-5be59a3495d8	3	69804650	69805436	6	1.0029
e3b21b55-af53-4b23-97ef-5be59a3495d8	3	69810697	70805547	683	0.115
e3b21b55-af53-4b23-97ef-5be59a3495d8	3	70805850	71543356	473	-0.0165
e3b21b55-af53-4b23-97ef-5be59a3495d8	3	71545319	71643661	68	0.1468
e3b21b55-af53-4b23-97ef-5be59a3495d8	3	71646398	72660651	814	0.7797
e3b21b55-af53-4b23-97ef-5be59a3495d8	3	72665009	73174150	290	0.1692
e3b21b55-af53-4b23-97ef-5be59a3495d8	3	73177882	76852119	1975	0.2894
e3b21b55-af53-4b23-97ef-5be59a3495d8	3	76852292	79652262	1564	0.2187
e3b21b55-af53-4b23-97ef-5be59a3495d8	3	79654310	85012241	2758	0.3463
e3b21b55-af53-4b23-97ef-5be59a3495d8	3	85018332	85024074	7	-0.9384
e3b21b55-af53-4b23-97ef-5be59a3495d8	3	85032639	86488426	668	0.3653
e3b21b55-af53-4b23-97ef-5be59a3495d8	3	86488484	87529089	538	0.5262
e3b21b55-af53-4b23-97ef-5be59a3495d8	3	87531547	89817761	1148	0.6251
e3b21b55-af53-4b23-97ef-5be59a3495d8	3	89821251	96422249	1385	0.4593
e3b21b55-af53-4b23-97ef-5be59a3495d8	3	96422715	99410923	1550	0.5928
e3b21b55-af53-4b23-97ef-5be59a3495d8	3	99417666	99532860	51	0.3589
e3b21b55-af53-4b23-97ef-5be59a3495d8	3	99532942	101247967	933	0.2001
e3b21b55-af53-4b23-97ef-5be59a3495d8	3	101249262	104910559	2077	0.3479
e3b21b55-af53-4b23-97ef-5be59a3495d8	3	104912622	104913016	7	-0.3692
e3b21b55-af53-4b23-97ef-5be59a3495d8	3	104914137	108475198	2135	0.3315
e3b21b55-af53-4b23-97ef-5be59a3495d8	3	108475330	110780931	1040	0.0277
e3b21b55-af53-4b23-97ef-5be59a3495d8	3	110783001	113065000	1383	-0.1827
e3b21b55-af53-4b23-97ef-5be59a3495d8	3	113069144	113340719	203	0.2758
e3b21b55-af53-4b23-97ef-5be59a3495d8	3	113345336	117009337	2261	-0.1865
e3b21b55-af53-4b23-97ef-5be59a3495d8	3	117009701	123329290	3604	-0.2592
e3b21b55-af53-4b23-97ef-5be59a3495d8	3	123334143	123416397	59	0.0502
e3b21b55-af53-4b23-97ef-5be59a3495d8	3	123419675	125666448	1455	-1.0385
e3b21b55-af53-4b23-97ef-5be59a3495d8	3	125668029	125668432	2	-3.548
e3b21b55-af53-4b23-97ef-5be59a3495d8	3	125668653	126768690	632	-1.0199
e3b21b55-af53-4b23-97ef-5be59a3495d8	3	126797021	128384685	953	0.1757
e3b21b55-af53-4b23-97ef-5be59a3495d8	3	128385719	130220886	754	0.7675
e3b21b55-af53-4b23-97ef-5be59a3495d8	3	130220966	131501180	724	0.8542
e3b21b55-af53-4b23-97ef-5be59a3495d8	3	131501545	131539956	21	0.6862
e3b21b55-af53-4b23-97ef-5be59a3495d8	3	131542353	133316329	1240	0.5695
e3b21b55-af53-4b23-97ef-5be59a3495d8	3	133316530	133650668	197	0.1648
e3b21b55-af53-4b23-97ef-5be59a3495d8	3	133652529	136010814	1501	0.5877
e3b21b55-af53-4b23-97ef-5be59a3495d8	3	136012398	136943687	321	0.4729
e3b21b55-af53-4b23-97ef-5be59a3495d8	3	136945890	137642669	393	0.5896
e3b21b55-af53-4b23-97ef-5be59a3495d8	3	137644879	137651234	7	1.272
e3b21b55-af53-4b23-97ef-5be59a3495d8	3	137653290	138192935	255	0.6359
e3b21b55-af53-4b23-97ef-5be59a3495d8	3	138195644	138196259	3	-0.4236
e3b21b55-af53-4b23-97ef-5be59a3495d8	3	138200504	142387292	2352	0.8623
e3b21b55-af53-4b23-97ef-5be59a3495d8	3	142387509	142886327	185	1.0014
e3b21b55-af53-4b23-97ef-5be59a3495d8	3	142893656	142894250	4	0.2373
e3b21b55-af53-4b23-97ef-5be59a3495d8	3	142894671	144189335	708	1.0291
e3b21b55-af53-4b23-97ef-5be59a3495d8	3	144196224	148863951	2173	1.1066
e3b21b55-af53-4b23-97ef-5be59a3495d8	3	148867677	151686466	1705	1.0387
e3b21b55-af53-4b23-97ef-5be59a3495d8	3	151687617	151687777	5	0.0837
e3b21b55-af53-4b23-97ef-5be59a3495d8	3	151687866	153380172	994	1.0472
e3b21b55-af53-4b23-97ef-5be59a3495d8	3	153380475	154119474	467	1.1291
e3b21b55-af53-4b23-97ef-5be59a3495d8	3	154123579	157542797	1774	1.0197
e3b21b55-af53-4b23-97ef-5be59a3495d8	3	157545523	157991918	267	0.7681
e3b21b55-af53-4b23-97ef-5be59a3495d8	3	157995167	158824788	381	0.9813
e3b21b55-af53-4b23-97ef-5be59a3495d8	3	158827448	166184529	3381	0.7692
e3b21b55-af53-4b23-97ef-5be59a3495d8	3	166184572	166615185	243	0.9582
e3b21b55-af53-4b23-97ef-5be59a3495d8	3	166623262	166626547	2	-0.1592
e3b21b55-af53-4b23-97ef-5be59a3495d8	3	166627182	166971222	131	0.8901
e3b21b55-af53-4b23-97ef-5be59a3495d8	3	166971944	169209968	1192	0.6482
e3b21b55-af53-4b23-97ef-5be59a3495d8	3	169210482	169596636	299	1.4256
e3b21b55-af53-4b23-97ef-5be59a3495d8	3	169599194	170114358	321	0.7941
e3b21b55-af53-4b23-97ef-5be59a3495d8	3	170117689	170309449	74	0.6315
e3b21b55-af53-4b23-97ef-5be59a3495d8	3	170310209	172803927	1386	0.8002
e3b21b55-af53-4b23-97ef-5be59a3495d8	3	172807465	174999166	1110	0.8977
e3b21b55-af53-4b23-97ef-5be59a3495d8	3	175001615	177659765	1093	0.4432
e3b21b55-af53-4b23-97ef-5be59a3495d8	3	177671321	178882472	670	0.5681
e3b21b55-af53-4b23-97ef-5be59a3495d8	3	178888027	179834464	625	0.4588
e3b21b55-af53-4b23-97ef-5be59a3495d8	3	179835445	180453801	378	0.5314
e3b21b55-af53-4b23-97ef-5be59a3495d8	3	180455464	180792299	140	0.6572
e3b21b55-af53-4b23-97ef-5be59a3495d8	3	180792658	185309199	1926	0.4961
e3b21b55-af53-4b23-97ef-5be59a3495d8	3	185312194	187078077	1200	0.4344
e3b21b55-af53-4b23-97ef-5be59a3495d8	3	187078342	188050162	696	0.5171
e3b21b55-af53-4b23-97ef-5be59a3495d8	3	188052981	195182550	4483	0.387
e3b21b55-af53-4b23-97ef-5be59a3495d8	3	195182929	196628561	392	0.2797
e3b21b55-af53-4b23-97ef-5be59a3495d8	3	196629554	197812401	159	0.3573
e3b21b55-af53-4b23-97ef-5be59a3495d8	4	1059384	1261142	113	-0.9974
e3b21b55-af53-4b23-97ef-5be59a3495d8	4	1269933	1790291	114	-0.2228
e3b21b55-af53-4b23-97ef-5be59a3495d8	4	1791556	1814963	10	0.2654
e3b21b55-af53-4b23-97ef-5be59a3495d8	4	1815701	3237975	626	-0.2824
e3b21b55-af53-4b23-97ef-5be59a3495d8	4	3238595	8697040	3473	-0.1997
e3b21b55-af53-4b23-97ef-5be59a3495d8	4	8697339	14703971	3875	-0.0434
e3b21b55-af53-4b23-97ef-5be59a3495d8	4	14704460	16441103	1216	-0.1008
e3b21b55-af53-4b23-97ef-5be59a3495d8	4	16441995	19525730	2090	-0.0293
e3b21b55-af53-4b23-97ef-5be59a3495d8	4	19531556	37384876	10987	-1.0344
e3b21b55-af53-4b23-97ef-5be59a3495d8	4	37385371	37400987	12	-0.8254
e3b21b55-af53-4b23-97ef-5be59a3495d8	4	37403365	37470105	58	-0.001
e3b21b55-af53-4b23-97ef-5be59a3495d8	4	37477206	37666862	144	-0.7968
e3b21b55-af53-4b23-97ef-5be59a3495d8	4	37675404	37714721	40	0.0067
e3b21b55-af53-4b23-97ef-5be59a3495d8	4	37717802	41840349	2481	-0.8516
e3b21b55-af53-4b23-97ef-5be59a3495d8	4	41843566	42830966	607	-0.0955
e3b21b55-af53-4b23-97ef-5be59a3495d8	4	42831775	42834381	2	-1.3228
e3b21b55-af53-4b23-97ef-5be59a3495d8	4	42835666	43882449	363	-0.091
e3b21b55-af53-4b23-97ef-5be59a3495d8	4	43886096	43889399	2	-1.2889
e3b21b55-af53-4b23-97ef-5be59a3495d8	4	43891020	46191823	1127	-0.0624
e3b21b55-af53-4b23-97ef-5be59a3495d8	4	46194021	46210750	2	1.1936
e3b21b55-af53-4b23-97ef-5be59a3495d8	4	46210775	51858932	992	-0.1008
e3b21b55-af53-4b23-97ef-5be59a3495d8	4	51862474	56162806	2814	0.1481
e3b21b55-af53-4b23-97ef-5be59a3495d8	4	56163669	69500772	6843	0.2731
e3b21b55-af53-4b23-97ef-5be59a3495d8	4	69501494	70350087	495	0.3595
e3b21b55-af53-4b23-97ef-5be59a3495d8	4	70351689	73815478	1881	0.2669
e3b21b55-af53-4b23-97ef-5be59a3495d8	4	73821138	75372303	969	-0.4176
e3b21b55-af53-4b23-97ef-5be59a3495d8	4	75373048	75389083	14	0.3366
e3b21b55-af53-4b23-97ef-5be59a3495d8	4	75393187	79142074	2418	-0.449
e3b21b55-af53-4b23-97ef-5be59a3495d8	4	79145294	79153903	9	0.5309
e3b21b55-af53-4b23-97ef-5be59a3495d8	4	79159196	89728787	6290	-0.4504
e3b21b55-af53-4b23-97ef-5be59a3495d8	4	89730391	98202844	4530	0.274
e3b21b55-af53-4b23-97ef-5be59a3495d8	4	98203445	102611507	2534	0.1307
e3b21b55-af53-4b23-97ef-5be59a3495d8	4	102612386	102631737	14	0.4569
e3b21b55-af53-4b23-97ef-5be59a3495d8	4	102632386	105327945	1398	0.7041
e3b21b55-af53-4b23-97ef-5be59a3495d8	4	105329224	105407166	63	1.0229
e3b21b55-af53-4b23-97ef-5be59a3495d8	4	105410724	106731593	724	0.7142
e3b21b55-af53-4b23-97ef-5be59a3495d8	4	106731907	112484899	3334	1.2881
e3b21b55-af53-4b23-97ef-5be59a3495d8	4	112485100	113586773	697	1.1782
e3b21b55-af53-4b23-97ef-5be59a3495d8	4	113587782	117715115	2321	-1.015
e3b21b55-af53-4b23-97ef-5be59a3495d8	4	117715717	123509639	3224	-0.6689
e3b21b55-af53-4b23-97ef-5be59a3495d8	4	123509708	123509816	2	-2.4721
e3b21b55-af53-4b23-97ef-5be59a3495d8	4	123520121	126443473	1755	-0.6338
e3b21b55-af53-4b23-97ef-5be59a3495d8	4	126443597	126444174	4	-4.8952
e3b21b55-af53-4b23-97ef-5be59a3495d8	4	126444744	133915343	3418	-0.6361
e3b21b55-af53-4b23-97ef-5be59a3495d8	4	133915828	133920528	3	-2.7009
e3b21b55-af53-4b23-97ef-5be59a3495d8	4	133920869	145069088	6242	-0.6708
e3b21b55-af53-4b23-97ef-5be59a3495d8	4	145071217	151702133	3511	-0.2247
e3b21b55-af53-4b23-97ef-5be59a3495d8	4	151702698	154692048	1792	-0.5047
e3b21b55-af53-4b23-97ef-5be59a3495d8	4	154692794	158395395	2292	-0.4244
e3b21b55-af53-4b23-97ef-5be59a3495d8	4	158396290	159543620	646	-0.49
e3b21b55-af53-4b23-97ef-5be59a3495d8	4	159545673	159764143	134	-0.123
e3b21b55-af53-4b23-97ef-5be59a3495d8	4	159766916	180604429	11477	-0.4668
e3b21b55-af53-4b23-97ef-5be59a3495d8	4	181157671	186832482	2660	-0.9258
e3b21b55-af53-4b23-97ef-5be59a3495d8	4	186833717	187842528	574	1.2661
e3b21b55-af53-4b23-97ef-5be59a3495d8	5	913983	4541959	2326	0.2305
e3b21b55-af53-4b23-97ef-5be59a3495d8	5	4543994	9788238	4161	0.1463
e3b21b55-af53-4b23-97ef-5be59a3495d8	5	9789219	9807629	20	0.5227
e3b21b55-af53-4b23-97ef-5be59a3495d8	5	9808062	14225504	2698	0.1467
e3b21b55-af53-4b23-97ef-5be59a3495d8	5	14225720	14927379	550	0.0686
e3b21b55-af53-4b23-97ef-5be59a3495d8	5	14928578	29846267	7451	-0.0209
e3b21b55-af53-4b23-97ef-5be59a3495d8	5	29846280	33285311	2338	0.0149
e3b21b55-af53-4b23-97ef-5be59a3495d8	5	33290410	38528562	2833	0.4772
e3b21b55-af53-4b23-97ef-5be59a3495d8	5	38532175	40929492	1556	0.429
e3b21b55-af53-4b23-97ef-5be59a3495d8	5	40929527	50828231	2207	0.4826
e3b21b55-af53-4b23-97ef-5be59a3495d8	5	50829022	54806367	2498	0.0498
e3b21b55-af53-4b23-97ef-5be59a3495d8	5	54807541	57279693	1511	-0.6997
e3b21b55-af53-4b23-97ef-5be59a3495d8	5	57282970	58583600	888	-0.6024
e3b21b55-af53-4b23-97ef-5be59a3495d8	5	58587167	58608616	13	0.0052
e3b21b55-af53-4b23-97ef-5be59a3495d8	5	58609215	69179241	6150	-0.6454
e3b21b55-af53-4b23-97ef-5be59a3495d8	5	69185916	71740264	329	-0.5709
e3b21b55-af53-4b23-97ef-5be59a3495d8	5	71744482	71755292	13	0.3354
e3b21b55-af53-4b23-97ef-5be59a3495d8	5	71756356	119502373	26292	-0.5679
e3b21b55-af53-4b23-97ef-5be59a3495d8	5	119502865	122230109	1436	-0.5313
e3b21b55-af53-4b23-97ef-5be59a3495d8	5	122232772	122245672	6	0.4758
e3b21b55-af53-4b23-97ef-5be59a3495d8	5	122256868	125054219	1722	-0.5583
e3b21b55-af53-4b23-97ef-5be59a3495d8	5	125055707	125154145	74	-0.2577
e3b21b55-af53-4b23-97ef-5be59a3495d8	5	125154249	126488071	827	-0.508
e3b21b55-af53-4b23-97ef-5be59a3495d8	5	126489387	127071910	298	-0.6387
e3b21b55-af53-4b23-97ef-5be59a3495d8	5	127072385	131109847	2249	-0.5202
e3b21b55-af53-4b23-97ef-5be59a3495d8	5	131110347	171772376	25766	-0.5758
e3b21b55-af53-4b23-97ef-5be59a3495d8	5	171773616	174526902	1793	-0.6213
e3b21b55-af53-4b23-97ef-5be59a3495d8	5	174527560	179726796	2480	-0.7831
e3b21b55-af53-4b23-97ef-5be59a3495d8	5	179734694	179846906	58	0.3793
e3b21b55-af53-4b23-97ef-5be59a3495d8	5	179847544	179848041	2	-1.066
e3b21b55-af53-4b23-97ef-5be59a3495d8	5	179850874	180934240	506	0.3942
e3b21b55-af53-4b23-97ef-5be59a3495d8	6	1011760	1321915	315	1.1629
e3b21b55-af53-4b23-97ef-5be59a3495d8	6	1322133	1685611	249	1.0265
e3b21b55-af53-4b23-97ef-5be59a3495d8	6	1685834	8094296	4707	0.941
e3b21b55-af53-4b23-97ef-5be59a3495d8	6	8095003	10329789	1565	1.0346
e3b21b55-af53-4b23-97ef-5be59a3495d8	6	10331522	10361232	16	0.6766
e3b21b55-af53-4b23-97ef-5be59a3495d8	6	10362363	13405089	2160	0.8878
e3b21b55-af53-4b23-97ef-5be59a3495d8	6	13408266	13427114	27	1.2528
e3b21b55-af53-4b23-97ef-5be59a3495d8	6	13432418	14715594	910	0.8594
e3b21b55-af53-4b23-97ef-5be59a3495d8	6	14715705	18100362	2078	0.8122
e3b21b55-af53-4b23-97ef-5be59a3495d8	6	18102139	18403496	240	0.3145
e3b21b55-af53-4b23-97ef-5be59a3495d8	6	18403821	20435411	1547	0.4172
e3b21b55-af53-4b23-97ef-5be59a3495d8	6	20436637	20647429	130	0.3596
e3b21b55-af53-4b23-97ef-5be59a3495d8	6	20647639	21284247	438	0.5428
e3b21b55-af53-4b23-97ef-5be59a3495d8	6	21284998	22136180	555	0.6377
e3b21b55-af53-4b23-97ef-5be59a3495d8	6	22136970	23312875	912	0.7326
e3b21b55-af53-4b23-97ef-5be59a3495d8	6	23313104	23603861	230	0.5938
e3b21b55-af53-4b23-97ef-5be59a3495d8	6	23603870	24373142	502	0.53
e3b21b55-af53-4b23-97ef-5be59a3495d8	6	24376351	27993287	1610	0.4089
e3b21b55-af53-4b23-97ef-5be59a3495d8	6	27994606	30467222	935	0.5034
e3b21b55-af53-4b23-97ef-5be59a3495d8	6	30467511	34018314	908	0.3412
e3b21b55-af53-4b23-97ef-5be59a3495d8	6	34018380	37463864	1807	0.4947
e3b21b55-af53-4b23-97ef-5be59a3495d8	6	37463981	38770972	895	0.5609
e3b21b55-af53-4b23-97ef-5be59a3495d8	6	38771058	41526573	2074	0.6253
e3b21b55-af53-4b23-97ef-5be59a3495d8	6	41526629	43834141	1222	0.5533
e3b21b55-af53-4b23-97ef-5be59a3495d8	6	43834440	45520207	895	0.8146
e3b21b55-af53-4b23-97ef-5be59a3495d8	6	45520555	47865751	1613	0.8828
e3b21b55-af53-4b23-97ef-5be59a3495d8	6	47865865	49995952	1049	0.6401
e3b21b55-af53-4b23-97ef-5be59a3495d8	6	49997330	51514567	861	0.4572
e3b21b55-af53-4b23-97ef-5be59a3495d8	6	51517599	52805646	875	0.747
e3b21b55-af53-4b23-97ef-5be59a3495d8	6	52807658	54007084	850	0.6042
e3b21b55-af53-4b23-97ef-5be59a3495d8	6	54009638	56420948	1539	0.6848
e3b21b55-af53-4b23-97ef-5be59a3495d8	6	56421407	56485960	37	0.5349
e3b21b55-af53-4b23-97ef-5be59a3495d8	6	56487120	63176781	1130	0.3532
e3b21b55-af53-4b23-97ef-5be59a3495d8	6	63176847	64223225	514	0.2608
e3b21b55-af53-4b23-97ef-5be59a3495d8	6	64223983	64358896	52	0.3489
e3b21b55-af53-4b23-97ef-5be59a3495d8	6	64359042	66497046	1162	0.4079
e3b21b55-af53-4b23-97ef-5be59a3495d8	6	66513403	66548914	27	-0.2375
e3b21b55-af53-4b23-97ef-5be59a3495d8	6	66552681	69394131	1720	0.4202
e3b21b55-af53-4b23-97ef-5be59a3495d8	6	69395913	71417350	1091	0.2692
e3b21b55-af53-4b23-97ef-5be59a3495d8	6	71419477	72676138	814	0.5407
e3b21b55-af53-4b23-97ef-5be59a3495d8	6	72677119	73531540	526	0.6958
e3b21b55-af53-4b23-97ef-5be59a3495d8	6	73536669	76881010	1935	0.8523
e3b21b55-af53-4b23-97ef-5be59a3495d8	6	76881099	79981353	1604	0.9386
e3b21b55-af53-4b23-97ef-5be59a3495d8	6	79986635	90080928	5808	0.6286
e3b21b55-af53-4b23-97ef-5be59a3495d8	6	90082937	102194146	6421	0.7035
e3b21b55-af53-4b23-97ef-5be59a3495d8	6	102194459	103008774	422	0.5646
e3b21b55-af53-4b23-97ef-5be59a3495d8	6	103009621	103011927	2	-0.894
e3b21b55-af53-4b23-97ef-5be59a3495d8	6	103020307	107130327	2417	0.5422
e3b21b55-af53-4b23-97ef-5be59a3495d8	6	107136253	114188027	4393	0.4479
e3b21b55-af53-4b23-97ef-5be59a3495d8	6	114190017	114794897	323	0.2095
e3b21b55-af53-4b23-97ef-5be59a3495d8	6	114797716	129380460	7976	0.1065
e3b21b55-af53-4b23-97ef-5be59a3495d8	6	129380565	130919001	1108	0.0521
e3b21b55-af53-4b23-97ef-5be59a3495d8	6	130920872	134034805	2055	0.106
e3b21b55-af53-4b23-97ef-5be59a3495d8	6	134034864	135192433	785	0.0141
e3b21b55-af53-4b23-97ef-5be59a3495d8	6	135192512	138720028	2359	-0.8824
e3b21b55-af53-4b23-97ef-5be59a3495d8	6	138722998	138817079	62	-0.2661
e3b21b55-af53-4b23-97ef-5be59a3495d8	6	138819371	140183962	812	-0.5079
e3b21b55-af53-4b23-97ef-5be59a3495d8	6	140184455	142545708	932	-0.4323
e3b21b55-af53-4b23-97ef-5be59a3495d8	6	142547196	144805118	1537	-0.5166
e3b21b55-af53-4b23-97ef-5be59a3495d8	6	144810571	146257708	829	-0.4375
e3b21b55-af53-4b23-97ef-5be59a3495d8	6	146257962	146269149	7	-1.2757
e3b21b55-af53-4b23-97ef-5be59a3495d8	6	146269547	152881929	4655	-0.4866
e3b21b55-af53-4b23-97ef-5be59a3495d8	6	152884175	154212697	940	-1.3204
e3b21b55-af53-4b23-97ef-5be59a3495d8	6	154213486	154217225	2	-7.3324
e3b21b55-af53-4b23-97ef-5be59a3495d8	6	154217279	169097907	8194	-1.3727
e3b21b55-af53-4b23-97ef-5be59a3495d8	6	169098207	170548957	686	-1.0045
e3b21b55-af53-4b23-97ef-5be59a3495d8	6	170549911	170596889	33	-0.9196
e3b21b55-af53-4b23-97ef-5be59a3495d8	7	664936	896168	87	-0.8156
e3b21b55-af53-4b23-97ef-5be59a3495d8	7	902112	4412459	1358	-0.2086
e3b21b55-af53-4b23-97ef-5be59a3495d8	7	4416498	6714725	850	-0.3213
e3b21b55-af53-4b23-97ef-5be59a3495d8	7	6716916	6727908	8	0.0879
e3b21b55-af53-4b23-97ef-5be59a3495d8	7	6735057	10124221	1459	-0.2249
e3b21b55-af53-4b23-97ef-5be59a3495d8	7	10125860	10209898	44	0.09
e3b21b55-af53-4b23-97ef-5be59a3495d8	7	10209957	12710011	1627	0.1987
e3b21b55-af53-4b23-97ef-5be59a3495d8	7	12714412	12731074	11	0.7642
e3b21b55-af53-4b23-97ef-5be59a3495d8	7	12731202	18762964	3755	0.1802
e3b21b55-af53-4b23-97ef-5be59a3495d8	7	18763130	22807336	2372	0.8833
e3b21b55-af53-4b23-97ef-5be59a3495d8	7	22808174	23995508	745	0.8024
e3b21b55-af53-4b23-97ef-5be59a3495d8	7	24000259	24000764	2	2.5385
e3b21b55-af53-4b23-97ef-5be59a3495d8	7	24001198	24138623	107	0.8527
e3b21b55-af53-4b23-97ef-5be59a3495d8	7	24139272	24139446	4	-1.1241
e3b21b55-af53-4b23-97ef-5be59a3495d8	7	24140042	27884612	2641	0.8579
e3b21b55-af53-4b23-97ef-5be59a3495d8	7	27884627	30708077	1675	0.7636
e3b21b55-af53-4b23-97ef-5be59a3495d8	7	30710873	31415268	466	0.8483
e3b21b55-af53-4b23-97ef-5be59a3495d8	7	31417525	31464972	47	1.1144
e3b21b55-af53-4b23-97ef-5be59a3495d8	7	31467616	31812874	278	0.9122
e3b21b55-af53-4b23-97ef-5be59a3495d8	7	31814328	31936668	92	0.5945
e3b21b55-af53-4b23-97ef-5be59a3495d8	7	31936738	32421650	416	0.5081
e3b21b55-af53-4b23-97ef-5be59a3495d8	7	32423586	32424321	2	-1.1899
e3b21b55-af53-4b23-97ef-5be59a3495d8	7	32425335	33061496	301	0.441
e3b21b55-af53-4b23-97ef-5be59a3495d8	7	33061606	35499150	1505	0.5101
e3b21b55-af53-4b23-97ef-5be59a3495d8	7	35500791	36192759	507	0.3928
e3b21b55-af53-4b23-97ef-5be59a3495d8	7	36194702	36627958	335	0.6503
e3b21b55-af53-4b23-97ef-5be59a3495d8	7	36631865	37660655	778	0.4533
e3b21b55-af53-4b23-97ef-5be59a3495d8	7	37665299	41625329	2507	0.2688
e3b21b55-af53-4b23-97ef-5be59a3495d8	7	41625951	43687123	1074	0.192
e3b21b55-af53-4b23-97ef-5be59a3495d8	7	43688495	45165643	688	0.104
e3b21b55-af53-4b23-97ef-5be59a3495d8	7	45165657	46267528	724	0.1768
e3b21b55-af53-4b23-97ef-5be59a3495d8	7	46268392	51299996	3612	0.2296
e3b21b55-af53-4b23-97ef-5be59a3495d8	7	51303412	55046055	2566	0.2767
e3b21b55-af53-4b23-97ef-5be59a3495d8	7	55046277	57854817	947	0.214
e3b21b55-af53-4b23-97ef-5be59a3495d8	7	57861998	72880997	4087	-0.1392
e3b21b55-af53-4b23-97ef-5be59a3495d8	7	72889156	75971851	747	-0.2218
e3b21b55-af53-4b23-97ef-5be59a3495d8	7	75976791	76424254	169	-0.3995
e3b21b55-af53-4b23-97ef-5be59a3495d8	7	76424968	77777087	388	-0.2197
e3b21b55-af53-4b23-97ef-5be59a3495d8	7	77777437	87452976	5889	-0.0921
e3b21b55-af53-4b23-97ef-5be59a3495d8	7	87453645	97996332	5206	-0.3119
e3b21b55-af53-4b23-97ef-5be59a3495d8	7	98002535	101517777	1271	-0.4174
e3b21b55-af53-4b23-97ef-5be59a3495d8	7	101518256	102446755	435	-0.6656
e3b21b55-af53-4b23-97ef-5be59a3495d8	7	102449027	107728069	2962	-0.4883
e3b21b55-af53-4b23-97ef-5be59a3495d8	7	107731890	107784957	26	-0.304
e3b21b55-af53-4b23-97ef-5be59a3495d8	7	107785239	107800006	10	0.1422
e3b21b55-af53-4b23-97ef-5be59a3495d8	7	107800108	118549995	5609	-0.1124
e3b21b55-af53-4b23-97ef-5be59a3495d8	7	118556585	118569382	9	-1.0522
e3b21b55-af53-4b23-97ef-5be59a3495d8	7	118572686	124956593	3538	-0.1173
e3b21b55-af53-4b23-97ef-5be59a3495d8	7	124959747	127265034	1200	-0.0191
e3b21b55-af53-4b23-97ef-5be59a3495d8	7	127265203	130296074	1446	-0.1205
e3b21b55-af53-4b23-97ef-5be59a3495d8	7	130301526	131007391	359	0.1203
e3b21b55-af53-4b23-97ef-5be59a3495d8	7	131007413	137862617	4381	-0.0332
e3b21b55-af53-4b23-97ef-5be59a3495d8	7	137863054	137878688	16	0.1404
e3b21b55-af53-4b23-97ef-5be59a3495d8	7	137881760	144711340	3219	-0.0903
e3b21b55-af53-4b23-97ef-5be59a3495d8	7	144711541	145410402	405	-0.1996
e3b21b55-af53-4b23-97ef-5be59a3495d8	7	145423692	146275677	453	0.1785
e3b21b55-af53-4b23-97ef-5be59a3495d8	7	146275971	147739185	892	0.2379
e3b21b55-af53-4b23-97ef-5be59a3495d8	7	147739384	151143566	1711	0.1604
e3b21b55-af53-4b23-97ef-5be59a3495d8	7	151146768	152153346	565	-2.7197
e3b21b55-af53-4b23-97ef-5be59a3495d8	7	152157529	152556008	141	-1.5651
e3b21b55-af53-4b23-97ef-5be59a3495d8	7	152560875	153236156	404	-2.4323
e3b21b55-af53-4b23-97ef-5be59a3495d8	7	154067655	157236665	2179	0.1787
e3b21b55-af53-4b23-97ef-5be59a3495d8	7	157238164	158592540	633	-0.0067
e3b21b55-af53-4b23-97ef-5be59a3495d8	8	667625	6968014	3190	-1.5222
e3b21b55-af53-4b23-97ef-5be59a3495d8	8	8398802	8890384	442	-0.3814
e3b21b55-af53-4b23-97ef-5be59a3495d8	8	8895785	10531239	702	-1.4799
e3b21b55-af53-4b23-97ef-5be59a3495d8	8	10531972	10533783	3	-6.982
e3b21b55-af53-4b23-97ef-5be59a3495d8	8	10533846	11801118	850	-1.5438
e3b21b55-af53-4b23-97ef-5be59a3495d8	8	12704441	18457314	4348	-0.3337
e3b21b55-af53-4b23-97ef-5be59a3495d8	8	18458211	23217988	3415	-0.8603
e3b21b55-af53-4b23-97ef-5be59a3495d8	8	23218804	29117527	4112	-0.3648
e3b21b55-af53-4b23-97ef-5be59a3495d8	8	29117576	29120091	4	0.7109
e3b21b55-af53-4b23-97ef-5be59a3495d8	8	29122432	30704503	975	-0.394
e3b21b55-af53-4b23-97ef-5be59a3495d8	8	30707333	37603800	3968	-0.3248
e3b21b55-af53-4b23-97ef-5be59a3495d8	8	37606088	38857769	525	-0.3859
e3b21b55-af53-4b23-97ef-5be59a3495d8	8	38861124	38861532	3	-1.2645
e3b21b55-af53-4b23-97ef-5be59a3495d8	8	38863038	39726649	345	-0.3644
e3b21b55-af53-4b23-97ef-5be59a3495d8	8	39728050	40029109	193	0.9671
e3b21b55-af53-4b23-97ef-5be59a3495d8	8	40032650	42200372	1456	0.5045
e3b21b55-af53-4b23-97ef-5be59a3495d8	8	42201132	43073514	484	0.3712
e3b21b55-af53-4b23-97ef-5be59a3495d8	8	43074167	46763172	100	0.5305
e3b21b55-af53-4b23-97ef-5be59a3495d8	8	46767311	53434810	3475	0.6204
e3b21b55-af53-4b23-97ef-5be59a3495d8	8	53435043	55190280	1085	0.1464
e3b21b55-af53-4b23-97ef-5be59a3495d8	8	55190741	60656877	3339	0.5967
e3b21b55-af53-4b23-97ef-5be59a3495d8	8	60662433	60663969	2	-0.7966
e3b21b55-af53-4b23-97ef-5be59a3495d8	8	60664239	64951183	2554	0.6068
e3b21b55-af53-4b23-97ef-5be59a3495d8	8	64953775	65523902	323	0.525
e3b21b55-af53-4b23-97ef-5be59a3495d8	8	65524383	67867072	1161	0.4529
e3b21b55-af53-4b23-97ef-5be59a3495d8	8	67867421	92634843	14058	0.5146
e3b21b55-af53-4b23-97ef-5be59a3495d8	8	92640342	92684330	45	0.3211
e3b21b55-af53-4b23-97ef-5be59a3495d8	8	92684550	94471495	1045	0.4134
e3b21b55-af53-4b23-97ef-5be59a3495d8	8	94474482	95021057	305	0.3113
e3b21b55-af53-4b23-97ef-5be59a3495d8	8	95021722	96293408	876	0.6516
e3b21b55-af53-4b23-97ef-5be59a3495d8	8	96298402	99831798	1980	0.4075
e3b21b55-af53-4b23-97ef-5be59a3495d8	8	99835587	100989105	660	0.1263
e3b21b55-af53-4b23-97ef-5be59a3495d8	8	100991786	102233216	855	0.2125
e3b21b55-af53-4b23-97ef-5be59a3495d8	8	102236883	103123616	497	0.1302
e3b21b55-af53-4b23-97ef-5be59a3495d8	8	103123631	106483031	1623	0.2088
e3b21b55-af53-4b23-97ef-5be59a3495d8	8	106486331	106988868	327	0.5193
e3b21b55-af53-4b23-97ef-5be59a3495d8	8	106991441	108607716	1011	-0.5397
e3b21b55-af53-4b23-97ef-5be59a3495d8	8	108608648	108609052	2	-2.1395
e3b21b55-af53-4b23-97ef-5be59a3495d8	8	108612544	108637968	22	-0.519
e3b21b55-af53-4b23-97ef-5be59a3495d8	8	108638651	110397438	883	-0.0826
e3b21b55-af53-4b23-97ef-5be59a3495d8	8	110402500	120022403	5673	-0.5333
e3b21b55-af53-4b23-97ef-5be59a3495d8	8	120024953	120082659	45	-0.0002
e3b21b55-af53-4b23-97ef-5be59a3495d8	8	120082864	122983369	1867	-0.5275
e3b21b55-af53-4b23-97ef-5be59a3495d8	8	122984838	134746967	8492	-0.5774
e3b21b55-af53-4b23-97ef-5be59a3495d8	8	134746993	136211657	1070	-0.4969
e3b21b55-af53-4b23-97ef-5be59a3495d8	8	136221422	144182542	3756	-0.9173
e3b21b55-af53-4b23-97ef-5be59a3495d8	9	789794	5084708	3202	-0.5535
e3b21b55-af53-4b23-97ef-5be59a3495d8	9	5087087	9431811	2140	-0.8029
e3b21b55-af53-4b23-97ef-5be59a3495d8	9	9432824	9464090	30	-1.7222
e3b21b55-af53-4b23-97ef-5be59a3495d8	9	9465190	14008808	2010	-0.7279
e3b21b55-af53-4b23-97ef-5be59a3495d8	9	14011142	14111173	86	0.1274
e3b21b55-af53-4b23-97ef-5be59a3495d8	9	14111874	14442267	297	-0.6044
e3b21b55-af53-4b23-97ef-5be59a3495d8	9	14443404	15916876	1093	-0.0567
e3b21b55-af53-4b23-97ef-5be59a3495d8	9	15917922	22972986	5418	-0.887
e3b21b55-af53-4b23-97ef-5be59a3495d8	9	22973195	22984836	10	-4.1453
e3b21b55-af53-4b23-97ef-5be59a3495d8	9	22986050	23067278	46	-1.8024
e3b21b55-af53-4b23-97ef-5be59a3495d8	9	23068922	30181747	3986	-0.8663
e3b21b55-af53-4b23-97ef-5be59a3495d8	9	30183045	32747050	1561	-0.5821
e3b21b55-af53-4b23-97ef-5be59a3495d8	9	32750338	32755030	6	0.3146
e3b21b55-af53-4b23-97ef-5be59a3495d8	9	32759619	33007261	196	-0.5825
e3b21b55-af53-4b23-97ef-5be59a3495d8	9	33009042	33195461	154	-0.6421
e3b21b55-af53-4b23-97ef-5be59a3495d8	9	33195480	33195507	2	-1.9964
e3b21b55-af53-4b23-97ef-5be59a3495d8	9	33198222	33313079	88	-0.635
e3b21b55-af53-4b23-97ef-5be59a3495d8	9	33315924	33315974	2	-2.5047
e3b21b55-af53-4b23-97ef-5be59a3495d8	9	33316108	38138441	2704	-0.6401
e3b21b55-af53-4b23-97ef-5be59a3495d8	9	38139972	80852283	9261	-0.5664
e3b21b55-af53-4b23-97ef-5be59a3495d8	9	80854289	80932166	61	-0.4077
e3b21b55-af53-4b23-97ef-5be59a3495d8	9	80932229	80932687	3	-1.9614
e3b21b55-af53-4b23-97ef-5be59a3495d8	9	80933007	85502708	3198	-0.3513
e3b21b55-af53-4b23-97ef-5be59a3495d8	9	85503122	85514997	25	0.1625
e3b21b55-af53-4b23-97ef-5be59a3495d8	9	85517179	85793526	115	-0.3465
e3b21b55-af53-4b23-97ef-5be59a3495d8	9	85794577	89919812	2820	-0.4265
e3b21b55-af53-4b23-97ef-5be59a3495d8	9	89920120	89922150	2	-1.9831
e3b21b55-af53-4b23-97ef-5be59a3495d8	9	89922447	100206651	6401	-0.4068
e3b21b55-af53-4b23-97ef-5be59a3495d8	9	100210199	114075366	9197	-0.3559
e3b21b55-af53-4b23-97ef-5be59a3495d8	9	114077924	114119324	29	0.0121
e3b21b55-af53-4b23-97ef-5be59a3495d8	9	114119680	115053280	718	-0.3557
e3b21b55-af53-4b23-97ef-5be59a3495d8	9	115053334	123275244	5801	-0.5779
e3b21b55-af53-4b23-97ef-5be59a3495d8	9	123275326	130673971	4045	-0.3845
e3b21b55-af53-4b23-97ef-5be59a3495d8	9	130676758	131309285	497	-0.1761
e3b21b55-af53-4b23-97ef-5be59a3495d8	9	131309686	138044505	3190	-0.2895
e3b21b55-af53-4b23-97ef-5be59a3495d8	10	366509	6530263	4123	0.8043
e3b21b55-af53-4b23-97ef-5be59a3495d8	10	6532883	10773247	3199	0.6934
e3b21b55-af53-4b23-97ef-5be59a3495d8	10	10773997	13718913	2247	0.6315
e3b21b55-af53-4b23-97ef-5be59a3495d8	10	13719244	20606922	5220	0.6912
e3b21b55-af53-4b23-97ef-5be59a3495d8	10	20607398	21121312	444	0.7804
e3b21b55-af53-4b23-97ef-5be59a3495d8	10	21125264	23782981	1470	0.6654
e3b21b55-af53-4b23-97ef-5be59a3495d8	10	23785733	25711654	1304	0.7308
e3b21b55-af53-4b23-97ef-5be59a3495d8	10	25712741	29921218	2884	0.6238
e3b21b55-af53-4b23-97ef-5be59a3495d8	10	29923826	31368052	1071	0.5566
e3b21b55-af53-4b23-97ef-5be59a3495d8	10	31368894	33104515	1025	0.6062
e3b21b55-af53-4b23-97ef-5be59a3495d8	10	33104823	37290642	2616	0.6536
e3b21b55-af53-4b23-97ef-5be59a3495d8	10	37293451	38770921	666	0.5828
e3b21b55-af53-4b23-97ef-5be59a3495d8	10	42450960	45154666	1766	-0.1233
e3b21b55-af53-4b23-97ef-5be59a3495d8	10	45158241	58052292	6037	-0.9504
e3b21b55-af53-4b23-97ef-5be59a3495d8	10	58052682	58053122	2	-3.4331
e3b21b55-af53-4b23-97ef-5be59a3495d8	10	58053828	60766148	1961	-0.9325
e3b21b55-af53-4b23-97ef-5be59a3495d8	10	60766696	61877517	728	-0.5827
e3b21b55-af53-4b23-97ef-5be59a3495d8	10	61877530	63401790	935	-0.7026
e3b21b55-af53-4b23-97ef-5be59a3495d8	10	63402525	68861136	2884	-0.5858
e3b21b55-af53-4b23-97ef-5be59a3495d8	10	68861330	72991219	2642	-0.6729
e3b21b55-af53-4b23-97ef-5be59a3495d8	10	72998620	75125202	911	-0.2326
e3b21b55-af53-4b23-97ef-5be59a3495d8	10	75125210	76095526	614	-0.4066
e3b21b55-af53-4b23-97ef-5be59a3495d8	10	76097316	76598567	384	-0.1705
e3b21b55-af53-4b23-97ef-5be59a3495d8	10	76598828	79161767	2054	-0.4059
e3b21b55-af53-4b23-97ef-5be59a3495d8	10	79161823	80335280	304	-0.555
e3b21b55-af53-4b23-97ef-5be59a3495d8	10	80342191	87981745	5142	-0.4317
e3b21b55-af53-4b23-97ef-5be59a3495d8	10	87982049	89611084	1113	-0.5183
e3b21b55-af53-4b23-97ef-5be59a3495d8	10	89611264	91438249	1240	-0.4516
e3b21b55-af53-4b23-97ef-5be59a3495d8	10	91444679	91530822	48	-0.3504
e3b21b55-af53-4b23-97ef-5be59a3495d8	10	91536211	91585879	44	-0.0028
e3b21b55-af53-4b23-97ef-5be59a3495d8	10	91586732	91601572	11	0.2588
e3b21b55-af53-4b23-97ef-5be59a3495d8	10	91602068	93532980	857	0.0797
e3b21b55-af53-4b23-97ef-5be59a3495d8	10	93533251	95420235	1085	0.3055
e3b21b55-af53-4b23-97ef-5be59a3495d8	10	95420646	96813609	945	0.2315
e3b21b55-af53-4b23-97ef-5be59a3495d8	10	96813714	97851836	622	0.3138
e3b21b55-af53-4b23-97ef-5be59a3495d8	10	97851956	98271637	271	0.4192
e3b21b55-af53-4b23-97ef-5be59a3495d8	10	98275126	98387490	78	0.6672
e3b21b55-af53-4b23-97ef-5be59a3495d8	10	98388056	98389718	4	1.2762
e3b21b55-af53-4b23-97ef-5be59a3495d8	10	98396036	98423614	24	0.7419
e3b21b55-af53-4b23-97ef-5be59a3495d8	10	98426955	98482282	43	0.5194
e3b21b55-af53-4b23-97ef-5be59a3495d8	10	98482331	98494862	10	0.7453
e3b21b55-af53-4b23-97ef-5be59a3495d8	10	98495203	99096045	350	0.435
e3b21b55-af53-4b23-97ef-5be59a3495d8	10	99104266	102864718	1912	0.302
e3b21b55-af53-4b23-97ef-5be59a3495d8	10	102864915	104125293	643	0.6215
e3b21b55-af53-4b23-97ef-5be59a3495d8	10	104129576	104786224	464	0.3632
e3b21b55-af53-4b23-97ef-5be59a3495d8	10	104790142	104822271	23	0.0264
e3b21b55-af53-4b23-97ef-5be59a3495d8	10	104824568	104916886	96	0.384
e3b21b55-af53-4b23-97ef-5be59a3495d8	10	104918007	105009215	70	0.6003
e3b21b55-af53-4b23-97ef-5be59a3495d8	10	105011383	105017854	5	-1.4878
e3b21b55-af53-4b23-97ef-5be59a3495d8	10	105020995	105028005	10	0.4333
e3b21b55-af53-4b23-97ef-5be59a3495d8	10	105029533	107249871	1520	0.5739
e3b21b55-af53-4b23-97ef-5be59a3495d8	10	107250104	107356063	69	0.84
e3b21b55-af53-4b23-97ef-5be59a3495d8	10	107356550	108159176	516	0.5944
e3b21b55-af53-4b23-97ef-5be59a3495d8	10	108159286	108733718	425	0.8812
e3b21b55-af53-4b23-97ef-5be59a3495d8	10	108734417	109394807	429	0.702
e3b21b55-af53-4b23-97ef-5be59a3495d8	10	109403819	110899861	865	0.8193
e3b21b55-af53-4b23-97ef-5be59a3495d8	10	110904217	110924076	9	0.1623
e3b21b55-af53-4b23-97ef-5be59a3495d8	10	110924757	111910545	746	0.9438
e3b21b55-af53-4b23-97ef-5be59a3495d8	10	111915391	111936613	19	0.514
e3b21b55-af53-4b23-97ef-5be59a3495d8	10	111936726	113877377	1382	0.6872
e3b21b55-af53-4b23-97ef-5be59a3495d8	10	113881881	114494899	404	0.4942
e3b21b55-af53-4b23-97ef-5be59a3495d8	10	114501591	115129350	426	0.8487
e3b21b55-af53-4b23-97ef-5be59a3495d8	10	115131679	115194133	39	0.5579
e3b21b55-af53-4b23-97ef-5be59a3495d8	10	115194282	115946011	484	0.9372
e3b21b55-af53-4b23-97ef-5be59a3495d8	10	115949093	116056221	90	0.6114
e3b21b55-af53-4b23-97ef-5be59a3495d8	10	116060983	118836909	1933	0.888
e3b21b55-af53-4b23-97ef-5be59a3495d8	10	118837165	119439257	384	0.5359
e3b21b55-af53-4b23-97ef-5be59a3495d8	10	119447760	119497688	39	0.771
e3b21b55-af53-4b23-97ef-5be59a3495d8	10	119506084	119518560	15	1.3449
e3b21b55-af53-4b23-97ef-5be59a3495d8	10	119523374	119988494	240	0.7944
e3b21b55-af53-4b23-97ef-5be59a3495d8	10	119989159	120997558	892	0.9149
e3b21b55-af53-4b23-97ef-5be59a3495d8	10	120998876	121242218	242	1.4276
e3b21b55-af53-4b23-97ef-5be59a3495d8	10	121244121	121338735	96	0.9888
e3b21b55-af53-4b23-97ef-5be59a3495d8	10	121344170	121360688	16	1.5625
e3b21b55-af53-4b23-97ef-5be59a3495d8	10	121371256	122302938	822	0.9195
e3b21b55-af53-4b23-97ef-5be59a3495d8	10	122305059	124995505	1735	0.2285
e3b21b55-af53-4b23-97ef-5be59a3495d8	10	124995757	133411599	4817	0.3281
e3b21b55-af53-4b23-97ef-5be59a3495d8	11	456012	515931	18	-1.0281
e3b21b55-af53-4b23-97ef-5be59a3495d8	11	516520	2157440	443	-0.3315
e3b21b55-af53-4b23-97ef-5be59a3495d8	11	2185096	3670677	581	-0.1904
e3b21b55-af53-4b23-97ef-5be59a3495d8	11	3670757	3887508	127	-0.3125
e3b21b55-af53-4b23-97ef-5be59a3495d8	11	3889815	8312279	3020	-0.1593
e3b21b55-af53-4b23-97ef-5be59a3495d8	11	8312771	10934149	1589	-0.0136
e3b21b55-af53-4b23-97ef-5be59a3495d8	11	10935899	13256480	2117	0.0624
e3b21b55-af53-4b23-97ef-5be59a3495d8	11	13256512	15006132	1028	-0.0121
e3b21b55-af53-4b23-97ef-5be59a3495d8	11	15008030	16409651	929	0.0934
e3b21b55-af53-4b23-97ef-5be59a3495d8	11	16409879	17494121	697	-0.0023
e3b21b55-af53-4b23-97ef-5be59a3495d8	11	17494636	18051275	383	0.0924
e3b21b55-af53-4b23-97ef-5be59a3495d8	11	18051595	19322254	815	0.0174
e3b21b55-af53-4b23-97ef-5be59a3495d8	11	19323784	19918668	574	0.0702
e3b21b55-af53-4b23-97ef-5be59a3495d8	11	19919284	19919832	3	0.9388
e3b21b55-af53-4b23-97ef-5be59a3495d8	11	19925922	20172537	264	0.0466
e3b21b55-af53-4b23-97ef-5be59a3495d8	11	20173272	29718414	6257	0.1491
e3b21b55-af53-4b23-97ef-5be59a3495d8	11	29721068	29763283	17	-0.4687
e3b21b55-af53-4b23-97ef-5be59a3495d8	11	29763645	31113249	871	0.1749
e3b21b55-af53-4b23-97ef-5be59a3495d8	11	31114335	31176338	41	0.2204
e3b21b55-af53-4b23-97ef-5be59a3495d8	11	31178324	32389250	758	0.6711
e3b21b55-af53-4b23-97ef-5be59a3495d8	11	32389327	35649945	2308	0.5206
e3b21b55-af53-4b23-97ef-5be59a3495d8	11	35650159	36168993	366	0.3506
e3b21b55-af53-4b23-97ef-5be59a3495d8	11	36169491	39345863	1472	0.4714
e3b21b55-af53-4b23-97ef-5be59a3495d8	11	39348060	39685849	175	0.1613
e3b21b55-af53-4b23-97ef-5be59a3495d8	11	39692379	43590276	2695	0.4629
e3b21b55-af53-4b23-97ef-5be59a3495d8	11	43590561	45752092	1544	0.5562
e3b21b55-af53-4b23-97ef-5be59a3495d8	11	45754794	49667771	1444	0.4635
e3b21b55-af53-4b23-97ef-5be59a3495d8	11	49668521	57207200	736	0.3801
e3b21b55-af53-4b23-97ef-5be59a3495d8	11	57209637	60828366	2023	-0.0736
e3b21b55-af53-4b23-97ef-5be59a3495d8	11	60828537	62911721	1045	-0.1373
e3b21b55-af53-4b23-97ef-5be59a3495d8	11	62911762	63265796	168	-0.0616
e3b21b55-af53-4b23-97ef-5be59a3495d8	11	63267854	63415239	116	0.6744
e3b21b55-af53-4b23-97ef-5be59a3495d8	11	63415384	63612454	113	0.8512
e3b21b55-af53-4b23-97ef-5be59a3495d8	11	63615453	63758953	50	0.5413
e3b21b55-af53-4b23-97ef-5be59a3495d8	11	63770037	68864236	1379	-0.1607
e3b21b55-af53-4b23-97ef-5be59a3495d8	11	68865131	68865140	2	-1.9074
e3b21b55-af53-4b23-97ef-5be59a3495d8	11	68866476	69171448	195	-0.1593
e3b21b55-af53-4b23-97ef-5be59a3495d8	11	69172828	69836119	408	0.0287
e3b21b55-af53-4b23-97ef-5be59a3495d8	11	69836687	70275513	215	0.0862
e3b21b55-af53-4b23-97ef-5be59a3495d8	11	70280279	70311538	15	0.6347
e3b21b55-af53-4b23-97ef-5be59a3495d8	11	70313181	71812517	790	0.1249
e3b21b55-af53-4b23-97ef-5be59a3495d8	11	71816501	74501338	1265	0.021
e3b21b55-af53-4b23-97ef-5be59a3495d8	11	74502778	74545007	40	0.884
e3b21b55-af53-4b23-97ef-5be59a3495d8	11	74545389	74972661	239	0.7422
e3b21b55-af53-4b23-97ef-5be59a3495d8	11	74975530	75447305	267	0.8623
e3b21b55-af53-4b23-97ef-5be59a3495d8	11	75447404	76871977	805	0.963
e3b21b55-af53-4b23-97ef-5be59a3495d8	11	76874694	78315470	717	1.2521
e3b21b55-af53-4b23-97ef-5be59a3495d8	11	78318661	78707877	235	0.4874
e3b21b55-af53-4b23-97ef-5be59a3495d8	11	78715037	83102318	3062	0.0834
e3b21b55-af53-4b23-97ef-5be59a3495d8	11	83102632	83695377	356	0.8718
e3b21b55-af53-4b23-97ef-5be59a3495d8	11	83697309	83745988	28	0.2097
e3b21b55-af53-4b23-97ef-5be59a3495d8	11	83756716	83870898	81	0.412
e3b21b55-af53-4b23-97ef-5be59a3495d8	11	83871604	85119129	658	0.0895
e3b21b55-af53-4b23-97ef-5be59a3495d8	11	85122104	85187769	44	0.7373
e3b21b55-af53-4b23-97ef-5be59a3495d8	11	85191254	86118583	489	0.0358
e3b21b55-af53-4b23-97ef-5be59a3495d8	11	86123332	86160648	45	0.5618
e3b21b55-af53-4b23-97ef-5be59a3495d8	11	86161384	86191421	22	0.0098
e3b21b55-af53-4b23-97ef-5be59a3495d8	11	86192730	86202534	15	0.6098
e3b21b55-af53-4b23-97ef-5be59a3495d8	11	86206097	86512466	204	0.0166
e3b21b55-af53-4b23-97ef-5be59a3495d8	11	86512617	91985122	3288	0.4057
e3b21b55-af53-4b23-97ef-5be59a3495d8	11	91988816	92542036	273	0.9118
e3b21b55-af53-4b23-97ef-5be59a3495d8	11	92542101	92720917	137	1.2859
e3b21b55-af53-4b23-97ef-5be59a3495d8	11	92726602	93051037	248	0.9284
e3b21b55-af53-4b23-97ef-5be59a3495d8	11	93051762	94837149	941	0.42
e3b21b55-af53-4b23-97ef-5be59a3495d8	11	94846240	95029587	127	0.8922
e3b21b55-af53-4b23-97ef-5be59a3495d8	11	95030381	97877939	1947	0.4281
e3b21b55-af53-4b23-97ef-5be59a3495d8	11	97878744	97879134	2	1.2982
e3b21b55-af53-4b23-97ef-5be59a3495d8	11	97879373	99167267	811	-0.4315
e3b21b55-af53-4b23-97ef-5be59a3495d8	11	99168926	99188519	16	0.5407
e3b21b55-af53-4b23-97ef-5be59a3495d8	11	99191870	99533701	232	-0.455
e3b21b55-af53-4b23-97ef-5be59a3495d8	11	99540040	99563999	27	0.4995
e3b21b55-af53-4b23-97ef-5be59a3495d8	11	99566015	100418760	602	-0.3972
e3b21b55-af53-4b23-97ef-5be59a3495d8	11	100426105	100810660	273	0.417
e3b21b55-af53-4b23-97ef-5be59a3495d8	11	100813578	101361670	578	0.889
e3b21b55-af53-4b23-97ef-5be59a3495d8	11	101364402	101568936	155	0.442
e3b21b55-af53-4b23-97ef-5be59a3495d8	11	101573378	101907979	248	0.8925
e3b21b55-af53-4b23-97ef-5be59a3495d8	11	101909063	105287926	1822	0.3694
e3b21b55-af53-4b23-97ef-5be59a3495d8	11	105291284	107873445	1594	0.9127
e3b21b55-af53-4b23-97ef-5be59a3495d8	11	108081855	110623237	1475	0.4859
e3b21b55-af53-4b23-97ef-5be59a3495d8	11	110623903	110624150	2	1.6936
e3b21b55-af53-4b23-97ef-5be59a3495d8	11	110630891	111023591	314	0.5074
e3b21b55-af53-4b23-97ef-5be59a3495d8	11	111023978	111940206	591	0.9712
e3b21b55-af53-4b23-97ef-5be59a3495d8	11	111941513	111972037	10	-0.1369
e3b21b55-af53-4b23-97ef-5be59a3495d8	11	111973759	116918919	3565	-0.3719
e3b21b55-af53-4b23-97ef-5be59a3495d8	11	116919828	125195821	5767	-0.4375
e3b21b55-af53-4b23-97ef-5be59a3495d8	11	125196742	126490508	870	-0.3796
e3b21b55-af53-4b23-97ef-5be59a3495d8	11	126497515	134272740	5272	-1.2523
e3b21b55-af53-4b23-97ef-5be59a3495d8	12	780472	905903	62	1.16
e3b21b55-af53-4b23-97ef-5be59a3495d8	12	909713	1197489	147	0.4994
e3b21b55-af53-4b23-97ef-5be59a3495d8	12	1752621	1835331	49	0.9229
e3b21b55-af53-4b23-97ef-5be59a3495d8	12	1835653	3278838	890	0.7024
e3b21b55-af53-4b23-97ef-5be59a3495d8	12	3287702	3336275	39	0.8739
e3b21b55-af53-4b23-97ef-5be59a3495d8	12	3340746	3841442	322	0.2586
e3b21b55-af53-4b23-97ef-5be59a3495d8	12	3841672	4765160	714	0.2013
e3b21b55-af53-4b23-97ef-5be59a3495d8	12	4766089	6221446	1269	0.2908
e3b21b55-af53-4b23-97ef-5be59a3495d8	12	6221604	9010010	1123	0.1621
e3b21b55-af53-4b23-97ef-5be59a3495d8	12	9010463	12888010	2150	0.2217
e3b21b55-af53-4b23-97ef-5be59a3495d8	12	12888342	14117052	847	0.3101
e3b21b55-af53-4b23-97ef-5be59a3495d8	12	14122834	14874120	389	0.2246
e3b21b55-af53-4b23-97ef-5be59a3495d8	12	14874546	18370843	2091	0.3206
e3b21b55-af53-4b23-97ef-5be59a3495d8	12	18374087	24722429	4089	0.8217
e3b21b55-af53-4b23-97ef-5be59a3495d8	12	24724394	25298012	286	0.6837
e3b21b55-af53-4b23-97ef-5be59a3495d8	12	25298456	26058702	575	0.7816
e3b21b55-af53-4b23-97ef-5be59a3495d8	12	26058739	30306573	2793	0.9982
e3b21b55-af53-4b23-97ef-5be59a3495d8	12	30306695	31387791	667	0.8603
e3b21b55-af53-4b23-97ef-5be59a3495d8	12	31388284	32841703	934	0.7873
e3b21b55-af53-4b23-97ef-5be59a3495d8	12	32841895	38827290	285	0.8992
e3b21b55-af53-4b23-97ef-5be59a3495d8	12	38829764	46128417	4021	-0.4019
e3b21b55-af53-4b23-97ef-5be59a3495d8	12	46131678	46795549	387	0.8889
e3b21b55-af53-4b23-97ef-5be59a3495d8	12	46798875	52391992	2852	-0.4878
e3b21b55-af53-4b23-97ef-5be59a3495d8	12	52392242	58077816	2988	-0.3307
e3b21b55-af53-4b23-97ef-5be59a3495d8	12	58077893	60437036	1603	-0.2078
e3b21b55-af53-4b23-97ef-5be59a3495d8	12	60437209	75785544	9352	-0.4361
e3b21b55-af53-4b23-97ef-5be59a3495d8	12	75785817	75998616	169	-0.7584
e3b21b55-af53-4b23-97ef-5be59a3495d8	12	75999680	87369661	6726	-0.4183
e3b21b55-af53-4b23-97ef-5be59a3495d8	12	87370018	87370082	4	-2.3674
e3b21b55-af53-4b23-97ef-5be59a3495d8	12	87376690	89127200	1010	-0.3961
e3b21b55-af53-4b23-97ef-5be59a3495d8	12	89128380	89505850	186	-0.2244
e3b21b55-af53-4b23-97ef-5be59a3495d8	12	89505925	91266849	1072	-0.431
e3b21b55-af53-4b23-97ef-5be59a3495d8	12	91267206	93865118	1662	-0.5079
e3b21b55-af53-4b23-97ef-5be59a3495d8	12	93867708	93979081	85	-1.2285
e3b21b55-af53-4b23-97ef-5be59a3495d8	12	93980667	97412747	2459	-0.5023
e3b21b55-af53-4b23-97ef-5be59a3495d8	12	97412892	98322165	706	-0.4122
e3b21b55-af53-4b23-97ef-5be59a3495d8	12	98322217	98574449	162	-0.502
e3b21b55-af53-4b23-97ef-5be59a3495d8	12	98577577	99417270	488	0.2768
e3b21b55-af53-4b23-97ef-5be59a3495d8	12	99417280	99417781	2	-1.4686
e3b21b55-af53-4b23-97ef-5be59a3495d8	12	99422664	104001148	2797	0.2774
e3b21b55-af53-4b23-97ef-5be59a3495d8	12	104001286	105357617	914	0.1944
e3b21b55-af53-4b23-97ef-5be59a3495d8	12	105358176	108610667	2291	0.2549
e3b21b55-af53-4b23-97ef-5be59a3495d8	12	108613929	112740601	2006	0.1658
e3b21b55-af53-4b23-97ef-5be59a3495d8	12	112741173	117389837	3040	0.2605
e3b21b55-af53-4b23-97ef-5be59a3495d8	12	117391652	117459903	74	-0.0229
e3b21b55-af53-4b23-97ef-5be59a3495d8	12	117463435	117711683	231	0.3113
e3b21b55-af53-4b23-97ef-5be59a3495d8	12	117714856	118398354	404	0.1804
e3b21b55-af53-4b23-97ef-5be59a3495d8	12	118400320	120058961	1034	0.2651
e3b21b55-af53-4b23-97ef-5be59a3495d8	12	120062630	120958617	455	0.1201
e3b21b55-af53-4b23-97ef-5be59a3495d8	12	120961826	121004261	29	-0.2009
e3b21b55-af53-4b23-97ef-5be59a3495d8	12	121004396	123617834	1076	0.1231
e3b21b55-af53-4b23-97ef-5be59a3495d8	12	123618370	125152614	912	0.2255
e3b21b55-af53-4b23-97ef-5be59a3495d8	12	125156485	126887121	1179	0.3037
e3b21b55-af53-4b23-97ef-5be59a3495d8	12	126889117	126889193	2	-1.6528
e3b21b55-af53-4b23-97ef-5be59a3495d8	12	126890667	127002679	94	0.2866
e3b21b55-af53-4b23-97ef-5be59a3495d8	12	127006387	127009134	5	-5.0965
e3b21b55-af53-4b23-97ef-5be59a3495d8	12	127010817	127458130	387	0.2782
e3b21b55-af53-4b23-97ef-5be59a3495d8	12	127458422	129300336	848	0.2026
e3b21b55-af53-4b23-97ef-5be59a3495d8	12	129300347	132605822	903	0.2681
e3b21b55-af53-4b23-97ef-5be59a3495d8	13	18874255	27007641	4468	0.5649
e3b21b55-af53-4b23-97ef-5be59a3495d8	13	27007739	32765562	3990	0.5252
e3b21b55-af53-4b23-97ef-5be59a3495d8	13	32770263	33485851	542	0.5839
e3b21b55-af53-4b23-97ef-5be59a3495d8	13	33493597	39688109	4284	-0.8012
e3b21b55-af53-4b23-97ef-5be59a3495d8	13	39697110	42844847	2046	-0.5345
e3b21b55-af53-4b23-97ef-5be59a3495d8	13	42844865	48356789	3447	-0.2564
e3b21b55-af53-4b23-97ef-5be59a3495d8	13	48361287	48370674	23	0.555
e3b21b55-af53-4b23-97ef-5be59a3495d8	13	48371012	48725378	295	-0.2783
e3b21b55-af53-4b23-97ef-5be59a3495d8	13	48725397	48806323	70	-0.6671
e3b21b55-af53-4b23-97ef-5be59a3495d8	13	48806695	52909061	1409	-0.2924
e3b21b55-af53-4b23-97ef-5be59a3495d8	13	52910456	69844886	8273	-0.2173
e3b21b55-af53-4b23-97ef-5be59a3495d8	13	69849456	70201639	194	0.6809
e3b21b55-af53-4b23-97ef-5be59a3495d8	13	70204000	70249993	14	1.0324
e3b21b55-af53-4b23-97ef-5be59a3495d8	13	70251554	70640872	252	0.3102
e3b21b55-af53-4b23-97ef-5be59a3495d8	13	70643688	82035178	7450	-0.251
e3b21b55-af53-4b23-97ef-5be59a3495d8	13	82035377	99515039	10540	-0.0936
e3b21b55-af53-4b23-97ef-5be59a3495d8	13	99517571	99517768	2	-2.0568
e3b21b55-af53-4b23-97ef-5be59a3495d8	13	99527959	100209348	389	-0.1538
e3b21b55-af53-4b23-97ef-5be59a3495d8	13	100213069	100216024	3	1.0132
e3b21b55-af53-4b23-97ef-5be59a3495d8	13	100220972	106499098	4363	-0.0828
e3b21b55-af53-4b23-97ef-5be59a3495d8	13	106499941	109450666	2271	-0.2114
e3b21b55-af53-4b23-97ef-5be59a3495d8	13	109452231	114226675	2657	0.7979
e3b21b55-af53-4b23-97ef-5be59a3495d8	14	20033191	24397268	1716	0.5479
e3b21b55-af53-4b23-97ef-5be59a3495d8	14	24399956	30855917	3714	0.6365
e3b21b55-af53-4b23-97ef-5be59a3495d8	14	30855989	31440039	269	0.4331
e3b21b55-af53-4b23-97ef-5be59a3495d8	14	31444195	32240296	444	0.5278
e3b21b55-af53-4b23-97ef-5be59a3495d8	14	32244086	33769854	1334	0.5932
e3b21b55-af53-4b23-97ef-5be59a3495d8	14	33770090	34496082	503	0.5214
e3b21b55-af53-4b23-97ef-5be59a3495d8	14	34497034	34569954	28	0.1758
e3b21b55-af53-4b23-97ef-5be59a3495d8	14	34570001	35876312	515	0.4576
e3b21b55-af53-4b23-97ef-5be59a3495d8	14	35877346	38462150	1684	0.5654
e3b21b55-af53-4b23-97ef-5be59a3495d8	14	38462163	41108183	1306	0.4877
e3b21b55-af53-4b23-97ef-5be59a3495d8	14	41108236	47412828	2550	0.0408
e3b21b55-af53-4b23-97ef-5be59a3495d8	14	47413152	49273254	998	0.1222
e3b21b55-af53-4b23-97ef-5be59a3495d8	14	49287470	49557389	198	0.3868
e3b21b55-af53-4b23-97ef-5be59a3495d8	14	49557421	50969932	755	0.2639
e3b21b55-af53-4b23-97ef-5be59a3495d8	14	50970158	51778386	612	0.3453
e3b21b55-af53-4b23-97ef-5be59a3495d8	14	51781705	51843518	62	0.0844
e3b21b55-af53-4b23-97ef-5be59a3495d8	14	51845734	51850136	9	0.6365
e3b21b55-af53-4b23-97ef-5be59a3495d8	14	51854386	52133843	249	0.0729
e3b21b55-af53-4b23-97ef-5be59a3495d8	14	52135849	54486665	1497	-0.0403
e3b21b55-af53-4b23-97ef-5be59a3495d8	14	54490323	54865234	294	0.4093
e3b21b55-af53-4b23-97ef-5be59a3495d8	14	54867679	55354815	233	0.3005
e3b21b55-af53-4b23-97ef-5be59a3495d8	14	55354830	57009387	1215	0.4115
e3b21b55-af53-4b23-97ef-5be59a3495d8	14	57010119	61167420	2452	0.4635
e3b21b55-af53-4b23-97ef-5be59a3495d8	14	61170575	61251116	60	0.3792
e3b21b55-af53-4b23-97ef-5be59a3495d8	14	61253265	61857583	420	0.0971
e3b21b55-af53-4b23-97ef-5be59a3495d8	14	61858573	62620036	515	0.1842
e3b21b55-af53-4b23-97ef-5be59a3495d8	14	62621163	63629044	583	-0.1354
e3b21b55-af53-4b23-97ef-5be59a3495d8	14	63633917	65963167	1478	-0.0573
e3b21b55-af53-4b23-97ef-5be59a3495d8	14	65965508	68384599	1181	-0.1504
e3b21b55-af53-4b23-97ef-5be59a3495d8	14	68384984	68427355	31	0.1716
e3b21b55-af53-4b23-97ef-5be59a3495d8	14	68428478	68665547	187	-0.1499
e3b21b55-af53-4b23-97ef-5be59a3495d8	14	68668750	71606483	1742	-0.4631
e3b21b55-af53-4b23-97ef-5be59a3495d8	14	71606705	71607704	2	-2.0511
e3b21b55-af53-4b23-97ef-5be59a3495d8	14	71610355	71825706	115	-0.465
e3b21b55-af53-4b23-97ef-5be59a3495d8	14	71827961	72886567	889	-0.3902
e3b21b55-af53-4b23-97ef-5be59a3495d8	14	72886756	75884833	1628	-0.4838
e3b21b55-af53-4b23-97ef-5be59a3495d8	14	75884857	81457482	3766	-0.9247
e3b21b55-af53-4b23-97ef-5be59a3495d8	14	81466005	85314210	2456	-1.3715
e3b21b55-af53-4b23-97ef-5be59a3495d8	14	85315155	85316180	2	-7.2826
e3b21b55-af53-4b23-97ef-5be59a3495d8	14	85316776	88519870	1982	-1.4247
e3b21b55-af53-4b23-97ef-5be59a3495d8	14	88520561	92216468	2055	-0.9918
e3b21b55-af53-4b23-97ef-5be59a3495d8	14	92217295	93053546	572	-0.7093
e3b21b55-af53-4b23-97ef-5be59a3495d8	14	93055045	93087371	17	0.0954
e3b21b55-af53-4b23-97ef-5be59a3495d8	14	93092048	93101916	12	0.545
e3b21b55-af53-4b23-97ef-5be59a3495d8	14	93109088	93317946	104	0.0598
e3b21b55-af53-4b23-97ef-5be59a3495d8	14	93321904	93514508	70	0.6805
e3b21b55-af53-4b23-97ef-5be59a3495d8	14	93515083	96786019	2495	0.1461
e3b21b55-af53-4b23-97ef-5be59a3495d8	14	96788953	96854029	33	0.7358
e3b21b55-af53-4b23-97ef-5be59a3495d8	14	96857952	99758837	2135	0.1164
e3b21b55-af53-4b23-97ef-5be59a3495d8	14	99759569	100030668	163	0.7185
e3b21b55-af53-4b23-97ef-5be59a3495d8	14	100031320	100187393	82	0.1198
e3b21b55-af53-4b23-97ef-5be59a3495d8	14	100187450	100532946	160	0.6863
e3b21b55-af53-4b23-97ef-5be59a3495d8	14	100547818	101773095	709	0.1663
e3b21b55-af53-4b23-97ef-5be59a3495d8	14	101785400	102042484	135	0.031
e3b21b55-af53-4b23-97ef-5be59a3495d8	14	102055770	102323959	105	0.6154
e3b21b55-af53-4b23-97ef-5be59a3495d8	14	102328276	103031501	344	0.0141
e3b21b55-af53-4b23-97ef-5be59a3495d8	14	103037093	103100448	14	0.6667
e3b21b55-af53-4b23-97ef-5be59a3495d8	14	103100567	103729327	326	0.0283
e3b21b55-af53-4b23-97ef-5be59a3495d8	14	103731914	104749965	278	0.1517
e3b21b55-af53-4b23-97ef-5be59a3495d8	14	104750419	104867412	28	0.6445
e3b21b55-af53-4b23-97ef-5be59a3495d8	14	104881151	105533894	202	0.1683
e3b21b55-af53-4b23-97ef-5be59a3495d8	15	23437561	40051342	8399	-0.4767
e3b21b55-af53-4b23-97ef-5be59a3495d8	15	40052013	44424459	1955	-0.5565
e3b21b55-af53-4b23-97ef-5be59a3495d8	15	44427424	52225540	4536	-0.8048
e3b21b55-af53-4b23-97ef-5be59a3495d8	15	52233893	52235305	2	-4.0114
e3b21b55-af53-4b23-97ef-5be59a3495d8	15	52235969	52315065	66	-0.9669
e3b21b55-af53-4b23-97ef-5be59a3495d8	15	52318752	52356919	28	0.0047
e3b21b55-af53-4b23-97ef-5be59a3495d8	15	52360370	59584673	4725	-0.8019
e3b21b55-af53-4b23-97ef-5be59a3495d8	15	59589543	62926135	2663	-0.0579
e3b21b55-af53-4b23-97ef-5be59a3495d8	15	62926338	64536008	922	-0.1468
e3b21b55-af53-4b23-97ef-5be59a3495d8	15	64537582	65684384	476	0.0761
e3b21b55-af53-4b23-97ef-5be59a3495d8	15	65684760	69417431	2404	-0.1067
e3b21b55-af53-4b23-97ef-5be59a3495d8	15	69418218	70792675	963	0.535
e3b21b55-af53-4b23-97ef-5be59a3495d8	15	70795032	71757842	643	0.6405
e3b21b55-af53-4b23-97ef-5be59a3495d8	15	71758097	72507973	331	0.5126
e3b21b55-af53-4b23-97ef-5be59a3495d8	15	72514724	72973412	257	-0.0275
e3b21b55-af53-4b23-97ef-5be59a3495d8	15	72976832	77531189	2129	-0.1011
e3b21b55-af53-4b23-97ef-5be59a3495d8	15	77538435	82289098	3014	-0.0261
e3b21b55-af53-4b23-97ef-5be59a3495d8	15	82551194	85895018	1482	0.3899
e3b21b55-af53-4b23-97ef-5be59a3495d8	15	85898208	88527480	1920	0.483
e3b21b55-af53-4b23-97ef-5be59a3495d8	15	88527751	89761413	724	0.4237
e3b21b55-af53-4b23-97ef-5be59a3495d8	15	89762386	90744181	523	0.3298
e3b21b55-af53-4b23-97ef-5be59a3495d8	15	90744318	92261205	1202	0.4326
e3b21b55-af53-4b23-97ef-5be59a3495d8	15	92261369	92261512	2	-0.5807
e3b21b55-af53-4b23-97ef-5be59a3495d8	15	92261527	92548585	254	0.4834
e3b21b55-af53-4b23-97ef-5be59a3495d8	15	92549181	92550919	2	-0.7451
e3b21b55-af53-4b23-97ef-5be59a3495d8	15	92552918	92593271	47	0.442
e3b21b55-af53-4b23-97ef-5be59a3495d8	15	92597087	92623479	24	0.7935
e3b21b55-af53-4b23-97ef-5be59a3495d8	15	92625199	93482482	316	0.0868
e3b21b55-af53-4b23-97ef-5be59a3495d8	15	93485924	98353633	3197	0.1737
e3b21b55-af53-4b23-97ef-5be59a3495d8	15	98353654	101344124	1558	0.1163
e3b21b55-af53-4b23-97ef-5be59a3495d8	16	603333	3901495	1052	-0.2511
e3b21b55-af53-4b23-97ef-5be59a3495d8	16	3903769	4878256	515	-0.079
e3b21b55-af53-4b23-97ef-5be59a3495d8	16	4878338	5360388	312	0.0431
e3b21b55-af53-4b23-97ef-5be59a3495d8	16	5377238	6229093	663	-0.1223
e3b21b55-af53-4b23-97ef-5be59a3495d8	16	6229305	6583259	249	-0.176
e3b21b55-af53-4b23-97ef-5be59a3495d8	16	7081613	7761580	498	0.6045
e3b21b55-af53-4b23-97ef-5be59a3495d8	16	7764614	8601712	535	0.4149
e3b21b55-af53-4b23-97ef-5be59a3495d8	16	8602454	10760011	1659	0.5389
e3b21b55-af53-4b23-97ef-5be59a3495d8	16	10767744	10874615	70	0.6557
e3b21b55-af53-4b23-97ef-5be59a3495d8	16	10876619	11776638	597	0.7508
e3b21b55-af53-4b23-97ef-5be59a3495d8	16	11777229	13940521	1742	0.6485
e3b21b55-af53-4b23-97ef-5be59a3495d8	16	13940628	19812291	941	0.5832
e3b21b55-af53-4b23-97ef-5be59a3495d8	16	19817557	19995125	68	0.6994
e3b21b55-af53-4b23-97ef-5be59a3495d8	16	19995950	20310184	236	0.1992
e3b21b55-af53-4b23-97ef-5be59a3495d8	16	20311117	25652739	2321	0.4589
e3b21b55-af53-4b23-97ef-5be59a3495d8	16	25656132	26815457	974	0.5105
e3b21b55-af53-4b23-97ef-5be59a3495d8	16	26815826	28272428	879	0.4251
e3b21b55-af53-4b23-97ef-5be59a3495d8	16	28279606	31841585	737	0.3143
e3b21b55-af53-4b23-97ef-5be59a3495d8	16	46470502	46913266	154	-0.769
e3b21b55-af53-4b23-97ef-5be59a3495d8	16	46915570	46948904	22	-0.1696
e3b21b55-af53-4b23-97ef-5be59a3495d8	16	46954828	47727571	300	-0.7081
e3b21b55-af53-4b23-97ef-5be59a3495d8	16	47727974	47731263	4	-1.6795
e3b21b55-af53-4b23-97ef-5be59a3495d8	16	47731503	47849645	46	-0.6765
e3b21b55-af53-4b23-97ef-5be59a3495d8	16	47852795	52968646	3539	-2.4037
e3b21b55-af53-4b23-97ef-5be59a3495d8	16	52969258	53362120	206	-1.8218
e3b21b55-af53-4b23-97ef-5be59a3495d8	16	53362895	53378507	11	-3.7915
e3b21b55-af53-4b23-97ef-5be59a3495d8	16	53378534	53495861	168	-1.4717
e3b21b55-af53-4b23-97ef-5be59a3495d8	16	53498663	55032704	1137	-2.3182
e3b21b55-af53-4b23-97ef-5be59a3495d8	16	55035487	55489793	428	-3.0413
e3b21b55-af53-4b23-97ef-5be59a3495d8	16	55490086	56096720	425	-2.5376
e3b21b55-af53-4b23-97ef-5be59a3495d8	16	56098762	58559618	1447	-0.8246
e3b21b55-af53-4b23-97ef-5be59a3495d8	16	58560331	58612458	20	-0.4916
e3b21b55-af53-4b23-97ef-5be59a3495d8	16	58613038	60422929	1159	-0.0564
e3b21b55-af53-4b23-97ef-5be59a3495d8	16	60424882	66479415	4045	-0.2583
e3b21b55-af53-4b23-97ef-5be59a3495d8	16	66481059	69938062	1567	-0.3773
e3b21b55-af53-4b23-97ef-5be59a3495d8	16	69939394	70254829	25	-0.0365
e3b21b55-af53-4b23-97ef-5be59a3495d8	16	70257638	70323731	22	-0.454
e3b21b55-af53-4b23-97ef-5be59a3495d8	16	70325081	70337649	6	0.4316
e3b21b55-af53-4b23-97ef-5be59a3495d8	16	70339475	73186221	1272	-0.3072
e3b21b55-af53-4b23-97ef-5be59a3495d8	16	73188647	73190068	3	-1.4058
e3b21b55-af53-4b23-97ef-5be59a3495d8	16	73192477	74291454	845	-0.2628
e3b21b55-af53-4b23-97ef-5be59a3495d8	16	74291845	75644419	626	-0.339
e3b21b55-af53-4b23-97ef-5be59a3495d8	16	75649980	76857575	769	-0.2388
e3b21b55-af53-4b23-97ef-5be59a3495d8	16	76864664	77584976	747	-0.1171
e3b21b55-af53-4b23-97ef-5be59a3495d8	16	77585323	77587704	9	-0.0231
e3b21b55-af53-4b23-97ef-5be59a3495d8	16	77588563	78090819	378	0.602
e3b21b55-af53-4b23-97ef-5be59a3495d8	16	78093252	81399465	2878	0.2112
e3b21b55-af53-4b23-97ef-5be59a3495d8	16	81399515	82233357	631	0.0149
e3b21b55-af53-4b23-97ef-5be59a3495d8	16	82233609	83587254	1295	0.0813
e3b21b55-af53-4b23-97ef-5be59a3495d8	16	83587468	83587488	2	1.1824
e3b21b55-af53-4b23-97ef-5be59a3495d8	16	83593469	83749642	198	0.0799
e3b21b55-af53-4b23-97ef-5be59a3495d8	16	83749662	83892775	173	-0.0143
e3b21b55-af53-4b23-97ef-5be59a3495d8	16	83897876	87186949	1906	0.0412
e3b21b55-af53-4b23-97ef-5be59a3495d8	16	87188563	87580919	248	-0.0562
e3b21b55-af53-4b23-97ef-5be59a3495d8	16	87587655	89317317	408	-0.4751
e3b21b55-af53-4b23-97ef-5be59a3495d8	17	1074619	4147148	1411	-0.4462
e3b21b55-af53-4b23-97ef-5be59a3495d8	17	4216699	4277827	39	-4.0779
e3b21b55-af53-4b23-97ef-5be59a3495d8	17	4278220	7028821	1486	-0.3979
e3b21b55-af53-4b23-97ef-5be59a3495d8	17	7030269	10258419	1835	-0.4889
e3b21b55-af53-4b23-97ef-5be59a3495d8	17	10259960	18375217	4040	-0.4239
e3b21b55-af53-4b23-97ef-5be59a3495d8	17	18375298	20075681	555	-0.3059
e3b21b55-af53-4b23-97ef-5be59a3495d8	17	20076946	20349166	39	0.1381
e3b21b55-af53-4b23-97ef-5be59a3495d8	17	20350100	20576842	19	-0.2263
e3b21b55-af53-4b23-97ef-5be59a3495d8	17	20580569	26960035	313	-0.3679
e3b21b55-af53-4b23-97ef-5be59a3495d8	17	26970127	32603352	2486	0.3538
e3b21b55-af53-4b23-97ef-5be59a3495d8	17	32606814	32618065	13	-0.0244
e3b21b55-af53-4b23-97ef-5be59a3495d8	17	32620465	35026152	1123	0.1857
e3b21b55-af53-4b23-97ef-5be59a3495d8	17	35026313	43928751	4024	0.09
e3b21b55-af53-4b23-97ef-5be59a3495d8	17	43933169	45305734	597	0.364
e3b21b55-af53-4b23-97ef-5be59a3495d8	17	45306158	47691928	515	0.4514
e3b21b55-af53-4b23-97ef-5be59a3495d8	17	47703898	51160201	1752	0.6414
e3b21b55-af53-4b23-97ef-5be59a3495d8	17	51160326	53771041	1388	0.7925
e3b21b55-af53-4b23-97ef-5be59a3495d8	17	53775497	53776069	2	-0.7106
e3b21b55-af53-4b23-97ef-5be59a3495d8	17	53784223	56843038	2238	0.5867
e3b21b55-af53-4b23-97ef-5be59a3495d8	17	56850435	58593607	1143	0.4535
e3b21b55-af53-4b23-97ef-5be59a3495d8	17	58594948	60044923	583	0.3431
e3b21b55-af53-4b23-97ef-5be59a3495d8	17	60045127	63915777	1804	0.4222
e3b21b55-af53-4b23-97ef-5be59a3495d8	17	63916784	65011844	479	0.574
e3b21b55-af53-4b23-97ef-5be59a3495d8	17	65012365	72920192	5343	0.6494
e3b21b55-af53-4b23-97ef-5be59a3495d8	17	72920325	73366381	283	0.515
e3b21b55-af53-4b23-97ef-5be59a3495d8	17	73373143	73820787	335	0.6751
e3b21b55-af53-4b23-97ef-5be59a3495d8	17	73829384	77030163	993	0.4854
e3b21b55-af53-4b23-97ef-5be59a3495d8	17	77030208	77880180	460	0.7406
e3b21b55-af53-4b23-97ef-5be59a3495d8	17	77882021	81709136	1583	0.5104
e3b21b55-af53-4b23-97ef-5be59a3495d8	17	81709280	82959812	402	0.3867
e3b21b55-af53-4b23-97ef-5be59a3495d8	18	326691	2783353	854	0.3199
e3b21b55-af53-4b23-97ef-5be59a3495d8	18	2783458	3753093	621	-0.3607
e3b21b55-af53-4b23-97ef-5be59a3495d8	18	3753689	8699990	3159	-0.251
e3b21b55-af53-4b23-97ef-5be59a3495d8	18	8713776	8722064	14	0.3533
e3b21b55-af53-4b23-97ef-5be59a3495d8	18	8724459	14661644	3621	-0.2382
e3b21b55-af53-4b23-97ef-5be59a3495d8	18	21109102	21263235	55	0.3588
e3b21b55-af53-4b23-97ef-5be59a3495d8	18	21266798	22583707	661	0.1526
e3b21b55-af53-4b23-97ef-5be59a3495d8	18	22586787	24606920	1220	0.2599
e3b21b55-af53-4b23-97ef-5be59a3495d8	18	24607176	24652074	33	0.4833
e3b21b55-af53-4b23-97ef-5be59a3495d8	18	24652301	25375656	495	0.3491
e3b21b55-af53-4b23-97ef-5be59a3495d8	18	25376254	26970106	1056	0.4686
e3b21b55-af53-4b23-97ef-5be59a3495d8	18	26971882	26991916	14	0.9418
e3b21b55-af53-4b23-97ef-5be59a3495d8	18	26996288	28114945	736	0.4669
e3b21b55-af53-4b23-97ef-5be59a3495d8	18	28117548	30018730	1033	0.2976
e3b21b55-af53-4b23-97ef-5be59a3495d8	18	30020479	31803352	1114	0.4551
e3b21b55-af53-4b23-97ef-5be59a3495d8	18	31806976	32192011	243	0.3109
e3b21b55-af53-4b23-97ef-5be59a3495d8	18	32192262	34700777	1526	0.4502
e3b21b55-af53-4b23-97ef-5be59a3495d8	18	34701452	34945820	163	-0.1687
e3b21b55-af53-4b23-97ef-5be59a3495d8	18	34945912	37404162	1516	0.2923
e3b21b55-af53-4b23-97ef-5be59a3495d8	18	37407689	45848531	5184	-0.1153
e3b21b55-af53-4b23-97ef-5be59a3495d8	18	45849429	63757499	11799	-0.171
e3b21b55-af53-4b23-97ef-5be59a3495d8	18	63758034	63941734	162	-0.1034
e3b21b55-af53-4b23-97ef-5be59a3495d8	18	63944738	71365874	3918	-0.9585
e3b21b55-af53-4b23-97ef-5be59a3495d8	18	71366007	77168644	2364	-1.0682
e3b21b55-af53-4b23-97ef-5be59a3495d8	18	77169420	77169704	2	-4.0105
e3b21b55-af53-4b23-97ef-5be59a3495d8	18	77173718	78724429	1016	-1.0458
e3b21b55-af53-4b23-97ef-5be59a3495d8	18	78725237	79349796	349	-0.9754
e3b21b55-af53-4b23-97ef-5be59a3495d8	19	283868	4965629	1098	0.0509
e3b21b55-af53-4b23-97ef-5be59a3495d8	19	4967380	12145959	3173	0.3074
e3b21b55-af53-4b23-97ef-5be59a3495d8	19	12146342	12228811	32	0.1626
e3b21b55-af53-4b23-97ef-5be59a3495d8	19	12230030	21382997	3613	-0.3131
e3b21b55-af53-4b23-97ef-5be59a3495d8	19	21388377	27933849	1253	-0.1804
e3b21b55-af53-4b23-97ef-5be59a3495d8	19	27933896	30590823	2061	-0.3745
e3b21b55-af53-4b23-97ef-5be59a3495d8	19	30595377	30625701	21	0.5375
e3b21b55-af53-4b23-97ef-5be59a3495d8	19	30627684	32810747	1487	-0.3657
e3b21b55-af53-4b23-97ef-5be59a3495d8	19	32812529	32841007	17	-1.0572
e3b21b55-af53-4b23-97ef-5be59a3495d8	19	32841610	33250201	229	-0.386
e3b21b55-af53-4b23-97ef-5be59a3495d8	19	33257607	33743664	351	0.566
e3b21b55-af53-4b23-97ef-5be59a3495d8	19	33746438	34188713	308	-0.3654
e3b21b55-af53-4b23-97ef-5be59a3495d8	19	34191108	34192537	3	0.6513
e3b21b55-af53-4b23-97ef-5be59a3495d8	19	34193695	34196904	7	-0.4022
e3b21b55-af53-4b23-97ef-5be59a3495d8	19	34198604	34229214	7	0.2679
e3b21b55-af53-4b23-97ef-5be59a3495d8	19	34229353	35226744	624	-0.3802
e3b21b55-af53-4b23-97ef-5be59a3495d8	19	35226806	35409673	107	-0.1895
e3b21b55-af53-4b23-97ef-5be59a3495d8	19	35410239	35921062	249	-0.44
e3b21b55-af53-4b23-97ef-5be59a3495d8	19	35928787	36649653	340	-0.2088
e3b21b55-af53-4b23-97ef-5be59a3495d8	19	36654180	36815456	80	0.4651
e3b21b55-af53-4b23-97ef-5be59a3495d8	19	36815737	41046809	1963	0.6614
e3b21b55-af53-4b23-97ef-5be59a3495d8	19	41051826	42678338	699	0.0794
e3b21b55-af53-4b23-97ef-5be59a3495d8	19	42683328	46740681	1631	0.1686
e3b21b55-af53-4b23-97ef-5be59a3495d8	19	46741055	46829428	34	0.0584
e3b21b55-af53-4b23-97ef-5be59a3495d8	19	46831232	50135241	1239	-0.2546
e3b21b55-af53-4b23-97ef-5be59a3495d8	19	50135318	54007463	1426	0.6847
e3b21b55-af53-4b23-97ef-5be59a3495d8	19	54007771	54097903	57	0.4387
e3b21b55-af53-4b23-97ef-5be59a3495d8	19	54099351	54670475	208	0.7062
e3b21b55-af53-4b23-97ef-5be59a3495d8	19	54671245	56397193	729	0.7982
e3b21b55-af53-4b23-97ef-5be59a3495d8	19	56398317	56406219	5	1.1259
e3b21b55-af53-4b23-97ef-5be59a3495d8	19	56407205	56562737	130	0.8608
e3b21b55-af53-4b23-97ef-5be59a3495d8	19	56563506	56572222	3	0.2864
e3b21b55-af53-4b23-97ef-5be59a3495d8	19	56572755	56646838	43	0.819
e3b21b55-af53-4b23-97ef-5be59a3495d8	19	56647214	58329484	915	0.9869
e3b21b55-af53-4b23-97ef-5be59a3495d8	19	58329539	58370362	20	0.7348
e3b21b55-af53-4b23-97ef-5be59a3495d8	20	472817	4712693	2632	-0.4037
e3b21b55-af53-4b23-97ef-5be59a3495d8	20	4713417	4713575	3	1.0554
e3b21b55-af53-4b23-97ef-5be59a3495d8	20	4713742	5827777	516	-0.4465
e3b21b55-af53-4b23-97ef-5be59a3495d8	20	5828168	12633452	4666	-0.3163
e3b21b55-af53-4b23-97ef-5be59a3495d8	20	12658413	12764624	127	0.5381
e3b21b55-af53-4b23-97ef-5be59a3495d8	20	12765133	14214001	884	0.4638
e3b21b55-af53-4b23-97ef-5be59a3495d8	20	14221275	15189463	249	0.5799
e3b21b55-af53-4b23-97ef-5be59a3495d8	20	15189497	15792926	523	0.8261
e3b21b55-af53-4b23-97ef-5be59a3495d8	20	15794585	16058500	270	1.1943
e3b21b55-af53-4b23-97ef-5be59a3495d8	20	16060215	18709460	2173	0.8486
e3b21b55-af53-4b23-97ef-5be59a3495d8	20	18710637	20970233	1839	1.1004
e3b21b55-af53-4b23-97ef-5be59a3495d8	20	20970508	23974154	1965	0.4552
e3b21b55-af53-4b23-97ef-5be59a3495d8	20	23975471	25530168	873	0.5406
e3b21b55-af53-4b23-97ef-5be59a3495d8	20	25530340	26217263	240	0.4504
e3b21b55-af53-4b23-97ef-5be59a3495d8	20	26217295	31581449	166	1.1003
e3b21b55-af53-4b23-97ef-5be59a3495d8	20	31584047	33654045	1066	0.9635
e3b21b55-af53-4b23-97ef-5be59a3495d8	20	33660475	35907131	1002	0.3914
e3b21b55-af53-4b23-97ef-5be59a3495d8	20	35907707	35956118	31	0.7819
e3b21b55-af53-4b23-97ef-5be59a3495d8	20	35968044	36539536	237	0.3862
e3b21b55-af53-4b23-97ef-5be59a3495d8	20	36539646	37027396	201	0.2634
e3b21b55-af53-4b23-97ef-5be59a3495d8	20	37027468	37988292	665	-0.0116
e3b21b55-af53-4b23-97ef-5be59a3495d8	20	37990499	39120429	687	0.1185
e3b21b55-af53-4b23-97ef-5be59a3495d8	20	39128790	39133685	6	1.0725
e3b21b55-af53-4b23-97ef-5be59a3495d8	20	39136736	39144913	7	0.5427
e3b21b55-af53-4b23-97ef-5be59a3495d8	20	39146788	39174142	20	0.2252
e3b21b55-af53-4b23-97ef-5be59a3495d8	20	39192353	41896459	1828	-0.21
e3b21b55-af53-4b23-97ef-5be59a3495d8	20	41900120	41900512	2	-1.9202
e3b21b55-af53-4b23-97ef-5be59a3495d8	20	41902569	41988004	95	-4.5433
e3b21b55-af53-4b23-97ef-5be59a3495d8	20	41988353	42004515	4	-0.7124
e3b21b55-af53-4b23-97ef-5be59a3495d8	20	42005122	43413008	1049	-0.1727
e3b21b55-af53-4b23-97ef-5be59a3495d8	20	43413398	49056615	3775	-0.2595
e3b21b55-af53-4b23-97ef-5be59a3495d8	20	49059382	50225948	489	-0.0605
e3b21b55-af53-4b23-97ef-5be59a3495d8	20	50227756	50318241	49	0.2616
e3b21b55-af53-4b23-97ef-5be59a3495d8	20	50322316	50949446	479	-0.0475
e3b21b55-af53-4b23-97ef-5be59a3495d8	20	50949922	51127847	130	0.0473
e3b21b55-af53-4b23-97ef-5be59a3495d8	20	51129164	53403318	1613	0.1891
e3b21b55-af53-4b23-97ef-5be59a3495d8	20	53403845	54115823	452	0.1246
e3b21b55-af53-4b23-97ef-5be59a3495d8	20	54116505	61928707	5923	0.2243
e3b21b55-af53-4b23-97ef-5be59a3495d8	20	61928768	63588502	631	0.1501
e3b21b55-af53-4b23-97ef-5be59a3495d8	21	13974127	16017013	1240	0.1991
e3b21b55-af53-4b23-97ef-5be59a3495d8	21	16017077	18492321	1561	0.3081
e3b21b55-af53-4b23-97ef-5be59a3495d8	21	18492744	22375745	2647	0.419
e3b21b55-af53-4b23-97ef-5be59a3495d8	21	22379557	26237461	2189	0.1101
e3b21b55-af53-4b23-97ef-5be59a3495d8	21	26237490	28882523	1935	0.1634
e3b21b55-af53-4b23-97ef-5be59a3495d8	21	28882804	29466017	369	0.0654
e3b21b55-af53-4b23-97ef-5be59a3495d8	21	29467866	32190832	1772	0.1246
e3b21b55-af53-4b23-97ef-5be59a3495d8	21	32191022	32994003	513	0.0531
e3b21b55-af53-4b23-97ef-5be59a3495d8	21	32996771	34337459	883	-0.0506
e3b21b55-af53-4b23-97ef-5be59a3495d8	21	34339322	34568534	37	0.3012
e3b21b55-af53-4b23-97ef-5be59a3495d8	21	34570746	35820766	989	-0.066
e3b21b55-af53-4b23-97ef-5be59a3495d8	21	35822163	39549374	2583	0.7579
e3b21b55-af53-4b23-97ef-5be59a3495d8	21	39550038	40172457	505	0.8894
e3b21b55-af53-4b23-97ef-5be59a3495d8	21	40173779	41115459	789	0.6207
e3b21b55-af53-4b23-97ef-5be59a3495d8	21	41115883	42544236	1183	0.5386
e3b21b55-af53-4b23-97ef-5be59a3495d8	21	42545485	44810229	856	0.4546
e3b21b55-af53-4b23-97ef-5be59a3495d8	21	44810771	44857442	23	0.6191
e3b21b55-af53-4b23-97ef-5be59a3495d8	21	44857572	45860102	356	0.3219
e3b21b55-af53-4b23-97ef-5be59a3495d8	21	45863894	46262057	181	0.6015
e3b21b55-af53-4b23-97ef-5be59a3495d8	22	16934932	17632023	412	-0.2909
e3b21b55-af53-4b23-97ef-5be59a3495d8	22	17632190	26861695	2472	0.1229
e3b21b55-af53-4b23-97ef-5be59a3495d8	22	26862609	27357839	590	-0.2212
e3b21b55-af53-4b23-97ef-5be59a3495d8	22	27358813	27668326	316	0.0021
e3b21b55-af53-4b23-97ef-5be59a3495d8	22	27668704	30734550	1689	-0.2817
e3b21b55-af53-4b23-97ef-5be59a3495d8	22	30741730	31893971	597	0.536
e3b21b55-af53-4b23-97ef-5be59a3495d8	22	31895405	32638046	523	0.6221
e3b21b55-af53-4b23-97ef-5be59a3495d8	22	32638183	32656290	12	-0.0544
e3b21b55-af53-4b23-97ef-5be59a3495d8	22	32658553	34260825	1446	-0.2339
e3b21b55-af53-4b23-97ef-5be59a3495d8	22	34265767	34483238	219	-0.4385
e3b21b55-af53-4b23-97ef-5be59a3495d8	22	34485164	34538477	59	-0.1978
e3b21b55-af53-4b23-97ef-5be59a3495d8	22	34539705	36338518	1077	-0.5008
e3b21b55-af53-4b23-97ef-5be59a3495d8	22	36343249	36617647	179	-0.0919
e3b21b55-af53-4b23-97ef-5be59a3495d8	22	36617980	36851836	163	0.158
e3b21b55-af53-4b23-97ef-5be59a3495d8	22	36851945	36893681	24	-0.0282
e3b21b55-af53-4b23-97ef-5be59a3495d8	22	36893827	42822285	2825	-0.0908
e3b21b55-af53-4b23-97ef-5be59a3495d8	22	42827943	42829186	3	-1.257
e3b21b55-af53-4b23-97ef-5be59a3495d8	22	42830593	43099353	192	-0.0703
e3b21b55-af53-4b23-97ef-5be59a3495d8	22	43099907	48940621	4294	-0.016
e3b21b55-af53-4b23-97ef-5be59a3495d8	X	3236359	15885341	4981	1.0195
e3b21b55-af53-4b23-97ef-5be59a3495d8	X	15887905	16954429	580	1.2169
e3b21b55-af53-4b23-97ef-5be59a3495d8	X	16957894	32067782	7708	0.7779
e3b21b55-af53-4b23-97ef-5be59a3495d8	X	32068937	32935393	621	0.8846
e3b21b55-af53-4b23-97ef-5be59a3495d8	X	32935575	39541455	2481	0.7812
e3b21b55-af53-4b23-97ef-5be59a3495d8	X	39543779	41928412	1221	0.6946
e3b21b55-af53-4b23-97ef-5be59a3495d8	X	41931607	44820539	1177	0.803
e3b21b55-af53-4b23-97ef-5be59a3495d8	X	44828088	44840221	8	1.4442
e3b21b55-af53-4b23-97ef-5be59a3495d8	X	44843205	46683343	895	0.77
e3b21b55-af53-4b23-97ef-5be59a3495d8	X	46683453	46684025	2	-0.5082
e3b21b55-af53-4b23-97ef-5be59a3495d8	X	46685112	46895565	105	0.7374
e3b21b55-af53-4b23-97ef-5be59a3495d8	X	46896527	72804528	8096	0.2029
e3b21b55-af53-4b23-97ef-5be59a3495d8	X	72980271	131244114	25195	-0.7656
e3b21b55-af53-4b23-97ef-5be59a3495d8	X	131839353	133314639	752	0.2217
e3b21b55-af53-4b23-97ef-5be59a3495d8	X	133314997	136965121	1439	-0.4767
e3b21b55-af53-4b23-97ef-5be59a3495d8	X	136966475	141150762	1863	-0.0591
e3b21b55-af53-4b23-97ef-5be59a3495d8	X	141151124	152463238	6143	0.4469
e3b21b55-af53-4b23-97ef-5be59a3495d8	X	152575599	155677414	437	0.7177
