GDC_Aliquot	Chromosome	Start	End	Num_Probes	Segment_Mean
91c8c373-e923-4e7f-b8b3-2417e92760c7	1	3301765	18583743	8489	-0.2044
91c8c373-e923-4e7f-b8b3-2417e92760c7	1	18587064	18587124	2	-1.7947
91c8c373-e923-4e7f-b8b3-2417e92760c7	1	18587340	19074197	310	-0.1976
91c8c373-e923-4e7f-b8b3-2417e92760c7	1	19074911	19075474	2	-1.8414
91c8c373-e923-4e7f-b8b3-2417e92760c7	1	19075896	35922218	8659	-0.2274
91c8c373-e923-4e7f-b8b3-2417e92760c7	1	35924412	36830441	476	0.0995
91c8c373-e923-4e7f-b8b3-2417e92760c7	1	36835562	36899323	55	-0.2089
91c8c373-e923-4e7f-b8b3-2417e92760c7	1	36899383	77751315	24726	0.1144
91c8c373-e923-4e7f-b8b3-2417e92760c7	1	77751992	84400725	3934	0.5612
91c8c373-e923-4e7f-b8b3-2417e92760c7	1	84401085	84411584	14	0.9779
91c8c373-e923-4e7f-b8b3-2417e92760c7	1	84412416	89239794	3171	0.5617
91c8c373-e923-4e7f-b8b3-2417e92760c7	1	89242655	91204795	1234	0.7407
91c8c373-e923-4e7f-b8b3-2417e92760c7	1	91207408	92913536	886	0.5412
91c8c373-e923-4e7f-b8b3-2417e92760c7	1	92915334	95625586	1750	0.7684
91c8c373-e923-4e7f-b8b3-2417e92760c7	1	95632390	99503603	2302	0.5539
91c8c373-e923-4e7f-b8b3-2417e92760c7	1	99505586	109067737	5239	0.3277
91c8c373-e923-4e7f-b8b3-2417e92760c7	1	109069836	119984772	6820	0.0909
91c8c373-e923-4e7f-b8b3-2417e92760c7	1	146716041	152778324	1262	0.6626
91c8c373-e923-4e7f-b8b3-2417e92760c7	1	152806082	153629765	535	0.5294
91c8c373-e923-4e7f-b8b3-2417e92760c7	1	153630385	156220602	1145	0.4664
91c8c373-e923-4e7f-b8b3-2417e92760c7	1	156222683	160209856	2496	0.5202
91c8c373-e923-4e7f-b8b3-2417e92760c7	1	160210027	161714746	769	0.4637
91c8c373-e923-4e7f-b8b3-2417e92760c7	1	161714779	171444072	7311	0.5263
91c8c373-e923-4e7f-b8b3-2417e92760c7	1	171444111	176341804	2655	0.3003
91c8c373-e923-4e7f-b8b3-2417e92760c7	1	176343408	182287045	3925	0.0777
91c8c373-e923-4e7f-b8b3-2417e92760c7	1	182287387	188970588	4247	0.0374
91c8c373-e923-4e7f-b8b3-2417e92760c7	1	188972946	200879958	6866	0.2681
91c8c373-e923-4e7f-b8b3-2417e92760c7	1	200883740	201824312	724	0.3397
91c8c373-e923-4e7f-b8b3-2417e92760c7	1	201827713	202534687	368	0.2887
91c8c373-e923-4e7f-b8b3-2417e92760c7	1	202543118	203817337	826	0.5006
91c8c373-e923-4e7f-b8b3-2417e92760c7	1	203820337	203849615	19	0.0239
91c8c373-e923-4e7f-b8b3-2417e92760c7	1	203856548	204519677	446	0.499
91c8c373-e923-4e7f-b8b3-2417e92760c7	1	204519774	204545875	60	0.3272
91c8c373-e923-4e7f-b8b3-2417e92760c7	1	204545881	207079788	1507	0.5166
91c8c373-e923-4e7f-b8b3-2417e92760c7	1	207079820	207854114	466	0.4436
91c8c373-e923-4e7f-b8b3-2417e92760c7	1	207856602	210841361	2371	0.5373
91c8c373-e923-4e7f-b8b3-2417e92760c7	1	210842208	213339777	1466	0.4895
91c8c373-e923-4e7f-b8b3-2417e92760c7	1	213342418	213577754	188	0.57
91c8c373-e923-4e7f-b8b3-2417e92760c7	1	213581084	213641465	45	0.3295
91c8c373-e923-4e7f-b8b3-2417e92760c7	1	213657558	216495696	1964	0.5366
91c8c373-e923-4e7f-b8b3-2417e92760c7	1	216499708	227721669	7082	0.3106
91c8c373-e923-4e7f-b8b3-2417e92760c7	1	227722968	227793804	49	0.026
91c8c373-e923-4e7f-b8b3-2417e92760c7	1	227796765	227880442	47	0.3101
91c8c373-e923-4e7f-b8b3-2417e92760c7	1	227881740	229207741	599	0.4973
91c8c373-e923-4e7f-b8b3-2417e92760c7	1	229208490	231179244	1451	0.5505
91c8c373-e923-4e7f-b8b3-2417e92760c7	1	231180158	231224632	33	0.8685
91c8c373-e923-4e7f-b8b3-2417e92760c7	1	231227177	231230074	5	0.3812
91c8c373-e923-4e7f-b8b3-2417e92760c7	1	231230601	231432831	90	1.011
91c8c373-e923-4e7f-b8b3-2417e92760c7	1	231433333	232134451	353	1.1277
91c8c373-e923-4e7f-b8b3-2417e92760c7	1	232135239	238712454	4933	0.9846
91c8c373-e923-4e7f-b8b3-2417e92760c7	1	238712463	239489543	516	0.8719
91c8c373-e923-4e7f-b8b3-2417e92760c7	1	239494405	239522877	22	1.0098
91c8c373-e923-4e7f-b8b3-2417e92760c7	1	239522971	247650984	4741	0.6829
91c8c373-e923-4e7f-b8b3-2417e92760c7	2	480597	15585917	9646	0.2452
91c8c373-e923-4e7f-b8b3-2417e92760c7	2	15586369	21460561	4119	0.2785
91c8c373-e923-4e7f-b8b3-2417e92760c7	2	21461069	23837051	1484	0.2531
91c8c373-e923-4e7f-b8b3-2417e92760c7	2	23837800	28593131	2210	0.2018
91c8c373-e923-4e7f-b8b3-2417e92760c7	2	28593227	47779327	11267	0.2377
91c8c373-e923-4e7f-b8b3-2417e92760c7	2	47781842	47857481	33	-0.1106
91c8c373-e923-4e7f-b8b3-2417e92760c7	2	47860273	63712283	8527	0.2383
91c8c373-e923-4e7f-b8b3-2417e92760c7	2	63717067	67997400	2802	0.0301
91c8c373-e923-4e7f-b8b3-2417e92760c7	2	67999610	70614378	1585	-0.0129
91c8c373-e923-4e7f-b8b3-2417e92760c7	2	70615800	82777609	6472	0.0329
91c8c373-e923-4e7f-b8b3-2417e92760c7	2	82777781	117488844	13675	0.0914
91c8c373-e923-4e7f-b8b3-2417e92760c7	2	117490138	134166583	8407	0.1212
91c8c373-e923-4e7f-b8b3-2417e92760c7	2	134167759	156658776	12813	-0.2135
91c8c373-e923-4e7f-b8b3-2417e92760c7	2	156661195	194841198	21361	-0.1392
91c8c373-e923-4e7f-b8b3-2417e92760c7	2	194851060	195351205	3	0.2941
91c8c373-e923-4e7f-b8b3-2417e92760c7	2	195352602	205868839	5993	-0.0723
91c8c373-e923-4e7f-b8b3-2417e92760c7	2	205868979	211845357	3554	-0.0073
91c8c373-e923-4e7f-b8b3-2417e92760c7	2	211845743	219452895	4609	-0.4396
91c8c373-e923-4e7f-b8b3-2417e92760c7	2	219453561	232212672	7811	-0.2242
91c8c373-e923-4e7f-b8b3-2417e92760c7	2	232215585	232218221	3	-1.7773
91c8c373-e923-4e7f-b8b3-2417e92760c7	2	232228605	235908875	2384	-0.2319
91c8c373-e923-4e7f-b8b3-2417e92760c7	2	235908985	241537572	3277	-0.7129
91c8c373-e923-4e7f-b8b3-2417e92760c7	3	2170634	38086743	21571	0.1128
91c8c373-e923-4e7f-b8b3-2417e92760c7	3	38088622	38088982	2	-1.4998
91c8c373-e923-4e7f-b8b3-2417e92760c7	3	38090606	42323013	2528	0.1263
91c8c373-e923-4e7f-b8b3-2417e92760c7	3	42325229	61610888	9928	-0.2245
91c8c373-e923-4e7f-b8b3-2417e92760c7	3	61706434	63854331	1659	0.3725
91c8c373-e923-4e7f-b8b3-2417e92760c7	3	63856675	83220087	12223	-0.224
91c8c373-e923-4e7f-b8b3-2417e92760c7	3	83223140	89653826	3099	0.3836
91c8c373-e923-4e7f-b8b3-2417e92760c7	3	89655243	98678664	2628	0.3202
91c8c373-e923-4e7f-b8b3-2417e92760c7	3	98688460	98688556	4	-0.4205
91c8c373-e923-4e7f-b8b3-2417e92760c7	3	98698130	116016969	9696	0.3256
91c8c373-e923-4e7f-b8b3-2417e92760c7	3	116019466	116021773	3	-0.6209
91c8c373-e923-4e7f-b8b3-2417e92760c7	3	116021872	116359516	222	0.3486
91c8c373-e923-4e7f-b8b3-2417e92760c7	3	116359543	116377370	15	0.083
91c8c373-e923-4e7f-b8b3-2417e92760c7	3	116377437	116756830	311	0.3317
91c8c373-e923-4e7f-b8b3-2417e92760c7	3	116758198	116762567	8	-0.4228
91c8c373-e923-4e7f-b8b3-2417e92760c7	3	116764118	122888622	3509	0.3308
91c8c373-e923-4e7f-b8b3-2417e92760c7	3	122890359	128633674	3522	0.3691
91c8c373-e923-4e7f-b8b3-2417e92760c7	3	128634475	128782871	72	0.1619
91c8c373-e923-4e7f-b8b3-2417e92760c7	3	128784029	151071607	11900	0.3544
91c8c373-e923-4e7f-b8b3-2417e92760c7	3	151072321	151223398	103	0.0814
91c8c373-e923-4e7f-b8b3-2417e92760c7	3	151225275	168509770	8763	0.3341
91c8c373-e923-4e7f-b8b3-2417e92760c7	3	168510088	171287476	1692	0.559
91c8c373-e923-4e7f-b8b3-2417e92760c7	3	171290127	177991253	3211	0.7421
91c8c373-e923-4e7f-b8b3-2417e92760c7	3	177993379	184179380	2988	0.1028
91c8c373-e923-4e7f-b8b3-2417e92760c7	3	184180057	194158120	6316	0.359
91c8c373-e923-4e7f-b8b3-2417e92760c7	3	194161906	194177407	16	-0.2807
91c8c373-e923-4e7f-b8b3-2417e92760c7	3	194185367	197812401	1123	0.3536
91c8c373-e923-4e7f-b8b3-2417e92760c7	4	1059384	5600163	2210	0.2757
91c8c373-e923-4e7f-b8b3-2417e92760c7	4	5600709	9608588	2131	0.3248
91c8c373-e923-4e7f-b8b3-2417e92760c7	4	9609556	11446558	1416	0.2881
91c8c373-e923-4e7f-b8b3-2417e92760c7	4	11447020	25248543	9469	-0.205
91c8c373-e923-4e7f-b8b3-2417e92760c7	4	25248578	31697336	4033	-0.2342
91c8c373-e923-4e7f-b8b3-2417e92760c7	4	31698472	35644756	2118	-0.2013
91c8c373-e923-4e7f-b8b3-2417e92760c7	4	35651165	51832470	6929	-0.6817
91c8c373-e923-4e7f-b8b3-2417e92760c7	4	51832591	105371118	30221	-0.2188
91c8c373-e923-4e7f-b8b3-2417e92760c7	4	105374690	105376032	2	-3.0333
91c8c373-e923-4e7f-b8b3-2417e92760c7	4	105376072	153472488	26289	-0.2097
91c8c373-e923-4e7f-b8b3-2417e92760c7	4	153474156	187842528	18501	-0.6633
91c8c373-e923-4e7f-b8b3-2417e92760c7	5	914118	1880474	128	-0.6278
91c8c373-e923-4e7f-b8b3-2417e92760c7	5	1890119	33423267	19470	-0.2278
91c8c373-e923-4e7f-b8b3-2417e92760c7	5	33424992	33446433	13	0.0261
91c8c373-e923-4e7f-b8b3-2417e92760c7	5	33446950	36988020	1872	0.3583
91c8c373-e923-4e7f-b8b3-2417e92760c7	5	36988448	45383300	4612	0.0839
91c8c373-e923-4e7f-b8b3-2417e92760c7	5	50828231	78611805	15640	-0.6829
91c8c373-e923-4e7f-b8b3-2417e92760c7	5	78614100	78644432	25	-1.615
91c8c373-e923-4e7f-b8b3-2417e92760c7	5	78644829	135550200	31201	-0.6633
91c8c373-e923-4e7f-b8b3-2417e92760c7	5	135551743	135650507	87	-1.5048
91c8c373-e923-4e7f-b8b3-2417e92760c7	5	135651401	172266669	23122	-0.6703
91c8c373-e923-4e7f-b8b3-2417e92760c7	5	172276353	180934240	4665	-0.2255
91c8c373-e923-4e7f-b8b3-2417e92760c7	6	1011760	2403608	1019	-0.2307
91c8c373-e923-4e7f-b8b3-2417e92760c7	6	2404376	2729603	293	0.3423
91c8c373-e923-4e7f-b8b3-2417e92760c7	6	2729678	3086191	304	-0.2431
91c8c373-e923-4e7f-b8b3-2417e92760c7	6	3095154	3476042	217	0.3656
91c8c373-e923-4e7f-b8b3-2417e92760c7	6	3476345	3634864	119	-0.2155
91c8c373-e923-4e7f-b8b3-2417e92760c7	6	3636177	3957395	248	0.3625
91c8c373-e923-4e7f-b8b3-2417e92760c7	6	3957418	4004409	51	0.0817
91c8c373-e923-4e7f-b8b3-2417e92760c7	6	4004445	4057915	37	0.3701
91c8c373-e923-4e7f-b8b3-2417e92760c7	6	4058548	4101333	41	-0.2405
91c8c373-e923-4e7f-b8b3-2417e92760c7	6	4102335	4253179	120	0.0775
91c8c373-e923-4e7f-b8b3-2417e92760c7	6	4498631	4731342	199	-0.2175
91c8c373-e923-4e7f-b8b3-2417e92760c7	6	4735881	4787562	30	0.147
91c8c373-e923-4e7f-b8b3-2417e92760c7	6	4789025	4907676	72	0.3394
91c8c373-e923-4e7f-b8b3-2417e92760c7	6	4910136	5392145	363	0.3889
91c8c373-e923-4e7f-b8b3-2417e92760c7	6	5393072	5904089	348	0.5506
91c8c373-e923-4e7f-b8b3-2417e92760c7	6	5904558	5968009	47	0.4029
91c8c373-e923-4e7f-b8b3-2417e92760c7	6	5970390	6292803	309	0.1565
91c8c373-e923-4e7f-b8b3-2417e92760c7	6	6301265	8571553	1786	0.5913
91c8c373-e923-4e7f-b8b3-2417e92760c7	6	8572214	8739538	104	0.1414
91c8c373-e923-4e7f-b8b3-2417e92760c7	6	8739777	8987699	178	0.379
91c8c373-e923-4e7f-b8b3-2417e92760c7	6	8989210	9544473	362	0.125
91c8c373-e923-4e7f-b8b3-2417e92760c7	6	9548113	9702836	87	0.4075
91c8c373-e923-4e7f-b8b3-2417e92760c7	6	9708464	9989532	206	0.7793
91c8c373-e923-4e7f-b8b3-2417e92760c7	6	9989596	10460505	351	0.6279
91c8c373-e923-4e7f-b8b3-2417e92760c7	6	10460639	10756075	21	0.4227
91c8c373-e923-4e7f-b8b3-2417e92760c7	6	10761879	11002990	158	0.0924
91c8c373-e923-4e7f-b8b3-2417e92760c7	6	11004328	11466535	326	0.58
91c8c373-e923-4e7f-b8b3-2417e92760c7	6	11467826	11782949	276	0.891
91c8c373-e923-4e7f-b8b3-2417e92760c7	6	11785932	12257253	413	0.5589
91c8c373-e923-4e7f-b8b3-2417e92760c7	6	12258061	13642690	1082	0.1009
91c8c373-e923-4e7f-b8b3-2417e92760c7	6	13643033	14216004	352	0.353
91c8c373-e923-4e7f-b8b3-2417e92760c7	6	14216688	14357785	109	0.78
91c8c373-e923-4e7f-b8b3-2417e92760c7	6	14360060	14691381	276	0.5578
91c8c373-e923-4e7f-b8b3-2417e92760c7	6	14698857	15593382	426	0.4727
91c8c373-e923-4e7f-b8b3-2417e92760c7	6	15595775	16147118	456	0.081
91c8c373-e923-4e7f-b8b3-2417e92760c7	6	16150042	16158632	12	0.3436
91c8c373-e923-4e7f-b8b3-2417e92760c7	6	16161776	16187909	18	0.6844
91c8c373-e923-4e7f-b8b3-2417e92760c7	6	16189432	16373949	93	0.3535
91c8c373-e923-4e7f-b8b3-2417e92760c7	6	16374275	16754135	339	0.0847
91c8c373-e923-4e7f-b8b3-2417e92760c7	6	16754268	16964696	178	-0.2509
91c8c373-e923-4e7f-b8b3-2417e92760c7	6	16968786	18309374	772	0.3416
91c8c373-e923-4e7f-b8b3-2417e92760c7	6	18341903	21070245	1999	-0.2262
91c8c373-e923-4e7f-b8b3-2417e92760c7	6	21072798	21502537	291	0.1193
91c8c373-e923-4e7f-b8b3-2417e92760c7	6	21502987	21503503	2	-0.9009
91c8c373-e923-4e7f-b8b3-2417e92760c7	6	21506195	22107135	395	0.1108
91c8c373-e923-4e7f-b8b3-2417e92760c7	6	22108478	22166956	53	0.6265
91c8c373-e923-4e7f-b8b3-2417e92760c7	6	22172387	22741222	512	0.1379
91c8c373-e923-4e7f-b8b3-2417e92760c7	6	22741561	22792530	39	0.6164
91c8c373-e923-4e7f-b8b3-2417e92760c7	6	22792633	23935697	804	0.3922
91c8c373-e923-4e7f-b8b3-2417e92760c7	6	23938495	25896485	1167	0.7332
91c8c373-e923-4e7f-b8b3-2417e92760c7	6	25903080	26016943	69	0.5082
91c8c373-e923-4e7f-b8b3-2417e92760c7	6	26018984	26138150	57	0.7649
91c8c373-e923-4e7f-b8b3-2417e92760c7	6	26139082	26365904	132	0.4633
91c8c373-e923-4e7f-b8b3-2417e92760c7	6	26370778	28510818	725	0.0399
91c8c373-e923-4e7f-b8b3-2417e92760c7	6	28511641	28527113	7	0.4697
91c8c373-e923-4e7f-b8b3-2417e92760c7	6	28528185	29447687	273	0.547
91c8c373-e923-4e7f-b8b3-2417e92760c7	6	29447859	30850089	461	0.7197
91c8c373-e923-4e7f-b8b3-2417e92760c7	6	30850102	30940489	23	0.9484
91c8c373-e923-4e7f-b8b3-2417e92760c7	6	30945681	30989989	23	0.5694
91c8c373-e923-4e7f-b8b3-2417e92760c7	6	30990477	31238839	141	0.8662
91c8c373-e923-4e7f-b8b3-2417e92760c7	6	32899215	38924224	3465	0.3196
91c8c373-e923-4e7f-b8b3-2417e92760c7	6	38924671	41778821	2113	0.3862
91c8c373-e923-4e7f-b8b3-2417e92760c7	6	41783613	43560704	909	0.3239
91c8c373-e923-4e7f-b8b3-2417e92760c7	6	43560822	43619414	30	0.0858
91c8c373-e923-4e7f-b8b3-2417e92760c7	6	43621161	45815809	1224	0.3418
91c8c373-e923-4e7f-b8b3-2417e92760c7	6	45817754	55546490	6023	0.3695
91c8c373-e923-4e7f-b8b3-2417e92760c7	6	55549370	57229897	909	0.5805
91c8c373-e923-4e7f-b8b3-2417e92760c7	6	57233801	57237256	2	-0.7834
91c8c373-e923-4e7f-b8b3-2417e92760c7	6	57237925	57341496	53	0.5418
91c8c373-e923-4e7f-b8b3-2417e92760c7	6	57341687	62833130	557	0.261
91c8c373-e923-4e7f-b8b3-2417e92760c7	6	62834024	64789837	985	0.3969
91c8c373-e923-4e7f-b8b3-2417e92760c7	6	64790667	66636710	1020	0.0907
91c8c373-e923-4e7f-b8b3-2417e92760c7	6	66640151	72585800	3498	0.3213
91c8c373-e923-4e7f-b8b3-2417e92760c7	6	72586074	75482929	1768	0.6161
91c8c373-e923-4e7f-b8b3-2417e92760c7	6	75483232	76009203	268	0.5384
91c8c373-e923-4e7f-b8b3-2417e92760c7	6	76013294	76019867	7	0.1104
91c8c373-e923-4e7f-b8b3-2417e92760c7	6	76021339	76063781	28	0.6143
91c8c373-e923-4e7f-b8b3-2417e92760c7	6	76064812	76121932	9	0.3803
91c8c373-e923-4e7f-b8b3-2417e92760c7	6	76123175	77741432	944	0.1238
91c8c373-e923-4e7f-b8b3-2417e92760c7	6	77747978	77786745	27	-0.2038
91c8c373-e923-4e7f-b8b3-2417e92760c7	6	77790162	98954756	11335	0.1162
91c8c373-e923-4e7f-b8b3-2417e92760c7	6	98955851	100661299	1105	0.3845
91c8c373-e923-4e7f-b8b3-2417e92760c7	6	100666882	105668388	2734	0.1175
91c8c373-e923-4e7f-b8b3-2417e92760c7	6	105674290	105703637	24	-0.2079
91c8c373-e923-4e7f-b8b3-2417e92760c7	6	105705795	134453899	17045	0.1125
91c8c373-e923-4e7f-b8b3-2417e92760c7	6	134456590	144712828	6130	0.3551
91c8c373-e923-4e7f-b8b3-2417e92760c7	6	144713266	170596889	15489	-0.2252
91c8c373-e923-4e7f-b8b3-2417e92760c7	7	664936	10969465	4106	-0.2375
91c8c373-e923-4e7f-b8b3-2417e92760c7	7	10969581	10999244	16	-0.8409
91c8c373-e923-4e7f-b8b3-2417e92760c7	7	11005847	47732488	23421	-0.2269
91c8c373-e923-4e7f-b8b3-2417e92760c7	7	47733426	50633139	1960	0.1258
91c8c373-e923-4e7f-b8b3-2417e92760c7	7	50637297	54494746	2688	0.3834
91c8c373-e923-4e7f-b8b3-2417e92760c7	7	54494770	54514649	2	-0.6663
91c8c373-e923-4e7f-b8b3-2417e92760c7	7	54517580	55426315	789	0.367
91c8c373-e923-4e7f-b8b3-2417e92760c7	7	55429801	67368415	1476	0.3109
91c8c373-e923-4e7f-b8b3-2417e92760c7	7	67370858	73993679	3407	0.3608
91c8c373-e923-4e7f-b8b3-2417e92760c7	7	74001853	88517017	7460	-0.2404
91c8c373-e923-4e7f-b8b3-2417e92760c7	7	90266400	96552079	3855	0.3603
91c8c373-e923-4e7f-b8b3-2417e92760c7	7	96558429	96576362	15	-0.2063
91c8c373-e923-4e7f-b8b3-2417e92760c7	7	96577637	105564182	4105	0.3479
91c8c373-e923-4e7f-b8b3-2417e92760c7	7	105568045	106094596	437	0.5726
91c8c373-e923-4e7f-b8b3-2417e92760c7	7	106094672	107363637	768	0.3465
91c8c373-e923-4e7f-b8b3-2417e92760c7	7	107363652	107420881	22	0.0362
91c8c373-e923-4e7f-b8b3-2417e92760c7	7	107429580	116980895	4969	0.3563
91c8c373-e923-4e7f-b8b3-2417e92760c7	7	116984030	117241924	155	0.0993
91c8c373-e923-4e7f-b8b3-2417e92760c7	7	117244617	123086598	3168	0.3612
91c8c373-e923-4e7f-b8b3-2417e92760c7	7	123087746	125037819	1043	0.0935
91c8c373-e923-4e7f-b8b3-2417e92760c7	7	125040367	137030507	6801	0.3774
91c8c373-e923-4e7f-b8b3-2417e92760c7	7	137033220	148725489	6250	0.2354
91c8c373-e923-4e7f-b8b3-2417e92760c7	7	148727961	148896053	87	-0.1179
91c8c373-e923-4e7f-b8b3-2417e92760c7	7	148899285	157246109	4228	0.242
91c8c373-e923-4e7f-b8b3-2417e92760c7	7	157246126	157353969	56	-0.0945
91c8c373-e923-4e7f-b8b3-2417e92760c7	7	157354870	158592540	567	0.2639
91c8c373-e923-4e7f-b8b3-2417e92760c7	8	667625	13511552	5910	-0.2243
91c8c373-e923-4e7f-b8b3-2417e92760c7	8	13511656	13549179	40	-0.653
91c8c373-e923-4e7f-b8b3-2417e92760c7	8	13550477	15051504	1154	-0.224
91c8c373-e923-4e7f-b8b3-2417e92760c7	8	15051776	15051830	2	-2.2832
91c8c373-e923-4e7f-b8b3-2417e92760c7	8	15052536	29033770	9964	-0.2184
91c8c373-e923-4e7f-b8b3-2417e92760c7	8	29035560	29065531	15	-0.7661
91c8c373-e923-4e7f-b8b3-2417e92760c7	8	29067341	42490117	7722	-0.2259
91c8c373-e923-4e7f-b8b3-2417e92760c7	8	42491712	43078229	250	0.0651
91c8c373-e923-4e7f-b8b3-2417e92760c7	8	43080575	47594485	395	0.3498
91c8c373-e923-4e7f-b8b3-2417e92760c7	8	47598516	65921823	10650	0.2687
91c8c373-e923-4e7f-b8b3-2417e92760c7	8	65927531	69294368	1902	0.5518
91c8c373-e923-4e7f-b8b3-2417e92760c7	8	69295362	69296082	7	-0.0871
91c8c373-e923-4e7f-b8b3-2417e92760c7	8	69299337	70040504	502	0.5721
91c8c373-e923-4e7f-b8b3-2417e92760c7	8	70041692	70051197	18	0.1663
91c8c373-e923-4e7f-b8b3-2417e92760c7	8	70052137	77079189	4232	0.5764
91c8c373-e923-4e7f-b8b3-2417e92760c7	8	77080959	77094722	8	-0.418
91c8c373-e923-4e7f-b8b3-2417e92760c7	8	77095943	85124396	4293	0.5759
91c8c373-e923-4e7f-b8b3-2417e92760c7	8	85124557	92007424	3684	0.6315
91c8c373-e923-4e7f-b8b3-2417e92760c7	8	92007733	92007901	4	-0.2066
91c8c373-e923-4e7f-b8b3-2417e92760c7	8	92008360	93187718	667	0.6494
91c8c373-e923-4e7f-b8b3-2417e92760c7	8	93203564	101245973	4787	0.8211
91c8c373-e923-4e7f-b8b3-2417e92760c7	8	101247457	114150772	7011	0.8426
91c8c373-e923-4e7f-b8b3-2417e92760c7	8	114151333	114156672	9	0.2858
91c8c373-e923-4e7f-b8b3-2417e92760c7	8	114169343	124752998	6729	0.8609
91c8c373-e923-4e7f-b8b3-2417e92760c7	8	124753061	124858042	75	0.6389
91c8c373-e923-4e7f-b8b3-2417e92760c7	8	124858870	142570799	11676	0.8518
91c8c373-e923-4e7f-b8b3-2417e92760c7	8	142577948	143330459	257	0.8037
91c8c373-e923-4e7f-b8b3-2417e92760c7	8	143332987	144182542	191	0.567
91c8c373-e923-4e7f-b8b3-2417e92760c7	9	789794	4583748	2754	0.5845
91c8c373-e923-4e7f-b8b3-2417e92760c7	9	4584805	6216925	920	0.4899
91c8c373-e923-4e7f-b8b3-2417e92760c7	9	6221246	11275227	2679	0.5594
91c8c373-e923-4e7f-b8b3-2417e92760c7	9	12527414	24982127	9236	-0.2094
91c8c373-e923-4e7f-b8b3-2417e92760c7	9	24984660	27379066	1415	0.1201
91c8c373-e923-4e7f-b8b3-2417e92760c7	9	27381466	27571967	153	-0.0387
91c8c373-e923-4e7f-b8b3-2417e92760c7	9	27572513	68424128	6428	0.0952
91c8c373-e923-4e7f-b8b3-2417e92760c7	9	68425024	77758171	6600	-0.2286
91c8c373-e923-4e7f-b8b3-2417e92760c7	9	77766136	77793676	20	-0.6308
91c8c373-e923-4e7f-b8b3-2417e92760c7	9	77795597	77967448	76	-0.2849
91c8c373-e923-4e7f-b8b3-2417e92760c7	9	77968774	77969093	2	-1.4491
91c8c373-e923-4e7f-b8b3-2417e92760c7	9	77969320	78945115	673	-0.2241
91c8c373-e923-4e7f-b8b3-2417e92760c7	9	78946172	79019519	45	-0.6361
91c8c373-e923-4e7f-b8b3-2417e92760c7	9	79021851	91571317	8754	-0.2242
91c8c373-e923-4e7f-b8b3-2417e92760c7	9	91571355	91571607	3	-1.2392
91c8c373-e923-4e7f-b8b3-2417e92760c7	9	91572074	99683366	4943	-0.2221
91c8c373-e923-4e7f-b8b3-2417e92760c7	9	99685048	100152105	219	-0.6377
91c8c373-e923-4e7f-b8b3-2417e92760c7	9	100152340	111260828	7535	-0.2115
91c8c373-e923-4e7f-b8b3-2417e92760c7	9	111262617	111456480	149	-0.6608
91c8c373-e923-4e7f-b8b3-2417e92760c7	9	111456667	117332933	3958	-0.2177
91c8c373-e923-4e7f-b8b3-2417e92760c7	9	117338593	117502976	145	-0.6399
91c8c373-e923-4e7f-b8b3-2417e92760c7	9	117508165	138044505	11676	-0.2325
91c8c373-e923-4e7f-b8b3-2417e92760c7	10	366509	392000	21	0.7112
91c8c373-e923-4e7f-b8b3-2417e92760c7	10	396267	2597728	1255	0.5725
91c8c373-e923-4e7f-b8b3-2417e92760c7	10	2598064	3687912	538	0.734
91c8c373-e923-4e7f-b8b3-2417e92760c7	10	3690783	4007845	309	0.9652
91c8c373-e923-4e7f-b8b3-2417e92760c7	10	4007866	4264819	223	1.1849
91c8c373-e923-4e7f-b8b3-2417e92760c7	10	4264844	4265142	4	0.3899
91c8c373-e923-4e7f-b8b3-2417e92760c7	10	4266901	4500107	277	1.1349
91c8c373-e923-4e7f-b8b3-2417e92760c7	10	4506288	7457036	2196	0.7067
91c8c373-e923-4e7f-b8b3-2417e92760c7	10	7457479	10058876	1885	0.5242
91c8c373-e923-4e7f-b8b3-2417e92760c7	10	10059381	26478086	11797	0.5574
91c8c373-e923-4e7f-b8b3-2417e92760c7	10	26478243	27570422	578	0.4849
91c8c373-e923-4e7f-b8b3-2417e92760c7	10	27570489	36964323	6338	0.5534
91c8c373-e923-4e7f-b8b3-2417e92760c7	10	36970505	42494825	859	0.5051
91c8c373-e923-4e7f-b8b3-2417e92760c7	10	42505034	68889271	14276	-0.6709
91c8c373-e923-4e7f-b8b3-2417e92760c7	10	68889488	91954034	14641	-0.2229
91c8c373-e923-4e7f-b8b3-2417e92760c7	10	91955592	92184882	116	-0.6484
91c8c373-e923-4e7f-b8b3-2417e92760c7	10	92196094	100348766	4717	-0.2216
91c8c373-e923-4e7f-b8b3-2417e92760c7	10	100349445	100392540	32	-1.3406
91c8c373-e923-4e7f-b8b3-2417e92760c7	10	100393074	116302109	10086	-0.2194
91c8c373-e923-4e7f-b8b3-2417e92760c7	10	116310158	116376744	53	-0.6895
91c8c373-e923-4e7f-b8b3-2417e92760c7	10	116381923	127683215	8167	-0.2111
91c8c373-e923-4e7f-b8b3-2417e92760c7	10	127684030	127686416	3	-1.3126
91c8c373-e923-4e7f-b8b3-2417e92760c7	10	127687143	130020387	1802	-0.2255
91c8c373-e923-4e7f-b8b3-2417e92760c7	10	130021377	133411599	972	-0.6897
91c8c373-e923-4e7f-b8b3-2417e92760c7	11	456012	27205162	17290	-0.6749
91c8c373-e923-4e7f-b8b3-2417e92760c7	11	27207989	40003948	7680	-0.2102
91c8c373-e923-4e7f-b8b3-2417e92760c7	11	40005090	40028450	19	-0.796
91c8c373-e923-4e7f-b8b3-2417e92760c7	11	40028984	41213529	842	-0.2187
91c8c373-e923-4e7f-b8b3-2417e92760c7	11	41213594	41218057	2	-1.5832
91c8c373-e923-4e7f-b8b3-2417e92760c7	11	41220188	49934370	4693	-0.2211
91c8c373-e923-4e7f-b8b3-2417e92760c7	11	49937121	50091552	28	-0.1386
91c8c373-e923-4e7f-b8b3-2417e92760c7	11	50092125	60982978	2708	0.098
91c8c373-e923-4e7f-b8b3-2417e92760c7	11	60984097	68885097	2790	0.0668
91c8c373-e923-4e7f-b8b3-2417e92760c7	11	68887306	71557473	1543	0.1331
91c8c373-e923-4e7f-b8b3-2417e92760c7	11	71557799	76141404	2238	0.077
91c8c373-e923-4e7f-b8b3-2417e92760c7	11	76142886	78350643	1171	0.1114
91c8c373-e923-4e7f-b8b3-2417e92760c7	11	78352556	78387681	23	-0.2756
91c8c373-e923-4e7f-b8b3-2417e92760c7	11	78396562	84358092	4037	0.1173
91c8c373-e923-4e7f-b8b3-2417e92760c7	11	84472844	97805302	8057	0.369
91c8c373-e923-4e7f-b8b3-2417e92760c7	11	97813602	110162512	7589	0.1149
91c8c373-e923-4e7f-b8b3-2417e92760c7	11	110162810	110317098	95	-0.2526
91c8c373-e923-4e7f-b8b3-2417e92760c7	11	110318222	110500145	121	0.1339
91c8c373-e923-4e7f-b8b3-2417e92760c7	11	110501714	115066841	3158	0.2874
91c8c373-e923-4e7f-b8b3-2417e92760c7	11	115067104	116257420	856	0.3233
91c8c373-e923-4e7f-b8b3-2417e92760c7	11	116258289	116266227	11	0.6746
91c8c373-e923-4e7f-b8b3-2417e92760c7	11	116268683	116649752	347	0.3427
91c8c373-e923-4e7f-b8b3-2417e92760c7	11	116649810	118172585	1053	0.279
91c8c373-e923-4e7f-b8b3-2417e92760c7	11	118174262	118887380	481	0.198
91c8c373-e923-4e7f-b8b3-2417e92760c7	11	118888773	123115618	2928	0.3009
91c8c373-e923-4e7f-b8b3-2417e92760c7	11	123120728	124919952	1299	-0.2441
91c8c373-e923-4e7f-b8b3-2417e92760c7	11	124920942	126906936	1412	-0.6877
91c8c373-e923-4e7f-b8b3-2417e92760c7	11	126912638	127842659	708	0.0133
91c8c373-e923-4e7f-b8b3-2417e92760c7	11	127843278	134272740	4225	-0.6866
91c8c373-e923-4e7f-b8b3-2417e92760c7	12	780472	58262395	30070	-0.2387
91c8c373-e923-4e7f-b8b3-2417e92760c7	12	58265917	68161231	6220	-0.3956
91c8c373-e923-4e7f-b8b3-2417e92760c7	12	68163078	68715837	404	-0.0814
91c8c373-e923-4e7f-b8b3-2417e92760c7	12	68715884	86783411	10817	-0.03
91c8c373-e923-4e7f-b8b3-2417e92760c7	12	86783597	91827679	2895	-0.064
91c8c373-e923-4e7f-b8b3-2417e92760c7	12	91828429	91835098	3	-0.9272
91c8c373-e923-4e7f-b8b3-2417e92760c7	12	91841055	94997078	2209	-0.0784
91c8c373-e923-4e7f-b8b3-2417e92760c7	12	95000574	95017715	11	-0.8242
91c8c373-e923-4e7f-b8b3-2417e92760c7	12	95022647	96514194	963	-0.06
91c8c373-e923-4e7f-b8b3-2417e92760c7	12	96518820	96518921	2	-1.5218
91c8c373-e923-4e7f-b8b3-2417e92760c7	12	96519015	113094662	10275	-0.048
91c8c373-e923-4e7f-b8b3-2417e92760c7	12	113105816	113121138	13	-1.0924
91c8c373-e923-4e7f-b8b3-2417e92760c7	12	113123099	119965234	4450	-0.0381
91c8c373-e923-4e7f-b8b3-2417e92760c7	12	119976356	123783091	1633	-0.0903
91c8c373-e923-4e7f-b8b3-2417e92760c7	12	123783156	123796611	5	-0.5059
91c8c373-e923-4e7f-b8b3-2417e92760c7	12	123801366	130795996	3535	-0.0513
91c8c373-e923-4e7f-b8b3-2417e92760c7	12	130796169	130916107	59	-0.3187
91c8c373-e923-4e7f-b8b3-2417e92760c7	12	130917046	131898422	561	-0.0225
91c8c373-e923-4e7f-b8b3-2417e92760c7	12	131905618	132605822	116	-0.2682
91c8c373-e923-4e7f-b8b3-2417e92760c7	13	18874255	22384238	1736	0.2277
91c8c373-e923-4e7f-b8b3-2417e92760c7	13	22384638	22387580	10	0.7659
91c8c373-e923-4e7f-b8b3-2417e92760c7	13	22388938	47555488	16511	0.2243
91c8c373-e923-4e7f-b8b3-2417e92760c7	13	47558353	49923945	1441	0.1797
91c8c373-e923-4e7f-b8b3-2417e92760c7	13	51050074	60458605	4681	0.4584
91c8c373-e923-4e7f-b8b3-2417e92760c7	13	60462058	60477800	5	-0.3252
91c8c373-e923-4e7f-b8b3-2417e92760c7	13	60478613	73003210	6405	0.4484
91c8c373-e923-4e7f-b8b3-2417e92760c7	13	73003590	73085321	45	-0.2026
91c8c373-e923-4e7f-b8b3-2417e92760c7	13	73090337	84095416	7013	0.4375
91c8c373-e923-4e7f-b8b3-2417e92760c7	13	84101617	84109422	8	-0.3777
91c8c373-e923-4e7f-b8b3-2417e92760c7	13	84110330	87865773	2092	0.4441
91c8c373-e923-4e7f-b8b3-2417e92760c7	13	87868150	103513271	10275	0.6195
91c8c373-e923-4e7f-b8b3-2417e92760c7	13	103514642	109823394	4379	0.6641
91c8c373-e923-4e7f-b8b3-2417e92760c7	13	109829809	114136775	2314	0.7052
91c8c373-e923-4e7f-b8b3-2417e92760c7	13	114137065	114226675	52	0.5863
91c8c373-e923-4e7f-b8b3-2417e92760c7	14	20033191	20164041	70	0.5634
91c8c373-e923-4e7f-b8b3-2417e92760c7	14	20167347	22796272	846	0.3407
91c8c373-e923-4e7f-b8b3-2417e92760c7	14	22796827	23017190	80	0.541
91c8c373-e923-4e7f-b8b3-2417e92760c7	14	23017877	23938707	509	0.732
91c8c373-e923-4e7f-b8b3-2417e92760c7	14	23939116	23955933	16	0.5454
91c8c373-e923-4e7f-b8b3-2417e92760c7	14	24024956	24030782	10	-0.0661
91c8c373-e923-4e7f-b8b3-2417e92760c7	14	24030894	28131309	2382	0.563
91c8c373-e923-4e7f-b8b3-2417e92760c7	14	28131838	28279891	65	0.2556
91c8c373-e923-4e7f-b8b3-2417e92760c7	14	28282620	30880550	1468	0.5555
91c8c373-e923-4e7f-b8b3-2417e92760c7	14	30880737	42272452	6708	0.344
91c8c373-e923-4e7f-b8b3-2417e92760c7	14	42272989	51180341	4002	0.0667
91c8c373-e923-4e7f-b8b3-2417e92760c7	14	51180922	51181087	3	1.0146
91c8c373-e923-4e7f-b8b3-2417e92760c7	14	51181562	51783972	459	0.0926
91c8c373-e923-4e7f-b8b3-2417e92760c7	14	51785951	64383155	8104	0.0281
91c8c373-e923-4e7f-b8b3-2417e92760c7	14	64386187	78781095	8756	-0.228
91c8c373-e923-4e7f-b8b3-2417e92760c7	14	78783801	86636251	5030	-0.6651
91c8c373-e923-4e7f-b8b3-2417e92760c7	14	86637327	86637353	2	-3.4813
91c8c373-e923-4e7f-b8b3-2417e92760c7	14	86643224	90885890	2460	-0.6984
91c8c373-e923-4e7f-b8b3-2417e92760c7	14	90887481	92968872	1293	-0.2596
91c8c373-e923-4e7f-b8b3-2417e92760c7	14	92969119	102699980	6404	-0.203
91c8c373-e923-4e7f-b8b3-2417e92760c7	14	102703711	103525662	428	-0.2569
91c8c373-e923-4e7f-b8b3-2417e92760c7	14	103530396	103561933	14	-0.7264
91c8c373-e923-4e7f-b8b3-2417e92760c7	14	103561969	103777386	100	-0.2786
91c8c373-e923-4e7f-b8b3-2417e92760c7	14	103778300	103781564	2	-1.3983
91c8c373-e923-4e7f-b8b3-2417e92760c7	14	103782614	105533894	484	-0.214
91c8c373-e923-4e7f-b8b3-2417e92760c7	15	23437561	52959135	15389	-0.3861
91c8c373-e923-4e7f-b8b3-2417e92760c7	15	52959670	58654790	3751	-0.2319
91c8c373-e923-4e7f-b8b3-2417e92760c7	15	58657792	71423880	8326	0.3101
91c8c373-e923-4e7f-b8b3-2417e92760c7	15	71426454	101344124	17261	0.5235
91c8c373-e923-4e7f-b8b3-2417e92760c7	16	603333	618967	8	0.0206
91c8c373-e923-4e7f-b8b3-2417e92760c7	16	618980	1472175	133	0.3046
91c8c373-e923-4e7f-b8b3-2417e92760c7	16	1472530	8831869	3869	0.0528
91c8c373-e923-4e7f-b8b3-2417e92760c7	16	8839164	19475096	4604	-0.2295
91c8c373-e923-4e7f-b8b3-2417e92760c7	16	19481702	19515711	29	-0.5607
91c8c373-e923-4e7f-b8b3-2417e92760c7	16	19525062	55070174	11038	-0.2298
91c8c373-e923-4e7f-b8b3-2417e92760c7	16	55073407	60331949	3378	0.1039
91c8c373-e923-4e7f-b8b3-2417e92760c7	16	60333227	63785388	2126	0.3437
91c8c373-e923-4e7f-b8b3-2417e92760c7	16	63788175	66423204	1954	0.3888
91c8c373-e923-4e7f-b8b3-2417e92760c7	16	66423593	66886242	228	0.3149
91c8c373-e923-4e7f-b8b3-2417e92760c7	16	66886549	66949091	34	-0.6183
91c8c373-e923-4e7f-b8b3-2417e92760c7	16	66951235	69937783	1337	-0.3189
91c8c373-e923-4e7f-b8b3-2417e92760c7	16	69938062	73117505	1291	-0.2164
91c8c373-e923-4e7f-b8b3-2417e92760c7	16	73118925	73127016	6	-1.1647
91c8c373-e923-4e7f-b8b3-2417e92760c7	16	73127435	89317317	11115	-0.2323
91c8c373-e923-4e7f-b8b3-2417e92760c7	17	1074619	2684132	680	0.5261
91c8c373-e923-4e7f-b8b3-2417e92760c7	17	2684598	7221546	2339	0.1022
91c8c373-e923-4e7f-b8b3-2417e92760c7	17	7221619	39799985	12386	-0.2419
91c8c373-e923-4e7f-b8b3-2417e92760c7	17	39802865	39885521	31	-0.6364
91c8c373-e923-4e7f-b8b3-2417e92760c7	17	39891218	41156070	606	-0.2652
91c8c373-e923-4e7f-b8b3-2417e92760c7	17	41157053	41372886	107	-0.6508
91c8c373-e923-4e7f-b8b3-2417e92760c7	17	41391076	53799251	5489	-0.2377
91c8c373-e923-4e7f-b8b3-2417e92760c7	17	53799737	55550124	1148	0.1
91c8c373-e923-4e7f-b8b3-2417e92760c7	17	55555543	58621466	2223	0.3517
91c8c373-e923-4e7f-b8b3-2417e92760c7	17	58622046	60318531	698	0.2702
91c8c373-e923-4e7f-b8b3-2417e92760c7	17	60320697	79877519	10374	0.0718
91c8c373-e923-4e7f-b8b3-2417e92760c7	17	79878996	79879150	4	-1.1411
91c8c373-e923-4e7f-b8b3-2417e92760c7	17	79882816	82959812	1156	0.0679
91c8c373-e923-4e7f-b8b3-2417e92760c7	18	326691	1687513	509	0.1231
91c8c373-e923-4e7f-b8b3-2417e92760c7	18	1699060	5618405	2278	-0.2334
91c8c373-e923-4e7f-b8b3-2417e92760c7	18	5622012	6610813	235	0.1519
91c8c373-e923-4e7f-b8b3-2417e92760c7	18	6611887	6801201	154	0.3631
91c8c373-e923-4e7f-b8b3-2417e92760c7	18	6816370	6905697	81	0.6112
91c8c373-e923-4e7f-b8b3-2417e92760c7	18	6905975	12752250	4070	0.3705
91c8c373-e923-4e7f-b8b3-2417e92760c7	18	12761429	13159766	239	0.079
91c8c373-e923-4e7f-b8b3-2417e92760c7	18	13162451	13198054	25	0.3994
91c8c373-e923-4e7f-b8b3-2417e92760c7	18	13198215	21109102	664	0.1345
91c8c373-e923-4e7f-b8b3-2417e92760c7	18	21109786	25952647	2870	-0.2247
91c8c373-e923-4e7f-b8b3-2417e92760c7	18	25954801	25954804	2	-1.8816
91c8c373-e923-4e7f-b8b3-2417e92760c7	18	25955629	39731019	8398	-0.2065
91c8c373-e923-4e7f-b8b3-2417e92760c7	18	39731376	71362642	19559	-0.6517
91c8c373-e923-4e7f-b8b3-2417e92760c7	18	71363118	78718188	3386	-0.7122
91c8c373-e923-4e7f-b8b3-2417e92760c7	18	78718228	79349796	358	-0.642
91c8c373-e923-4e7f-b8b3-2417e92760c7	19	283868	332014	26	-0.0877
91c8c373-e923-4e7f-b8b3-2417e92760c7	19	332029	13225449	4634	-0.2536
91c8c373-e923-4e7f-b8b3-2417e92760c7	19	13226310	14878165	745	0.0109
91c8c373-e923-4e7f-b8b3-2417e92760c7	19	14878236	14888807	13	0.1019
91c8c373-e923-4e7f-b8b3-2417e92760c7	19	14890110	15305343	303	0.4063
91c8c373-e923-4e7f-b8b3-2417e92760c7	19	15311331	15667121	181	0.2382
91c8c373-e923-4e7f-b8b3-2417e92760c7	19	15725041	15783353	54	0.4434
91c8c373-e923-4e7f-b8b3-2417e92760c7	19	15783704	16038370	155	0.2439
91c8c373-e923-4e7f-b8b3-2417e92760c7	19	16042006	16185369	78	-0.1633
91c8c373-e923-4e7f-b8b3-2417e92760c7	19	16185960	16186584	3	-0.7082
91c8c373-e923-4e7f-b8b3-2417e92760c7	19	16189488	16225590	19	-0.2005
91c8c373-e923-4e7f-b8b3-2417e92760c7	19	16228904	17242136	469	0.2388
91c8c373-e923-4e7f-b8b3-2417e92760c7	19	17242953	17560391	110	0.3727
91c8c373-e923-4e7f-b8b3-2417e92760c7	19	17565542	19348406	739	-0.2376
91c8c373-e923-4e7f-b8b3-2417e92760c7	19	19354008	23872082	1519	0.0038
91c8c373-e923-4e7f-b8b3-2417e92760c7	19	27749470	27844816	44	0.3987
91c8c373-e923-4e7f-b8b3-2417e92760c7	19	27845337	33695349	4168	0.3182
91c8c373-e923-4e7f-b8b3-2417e92760c7	19	33696377	33696440	2	-0.8749
91c8c373-e923-4e7f-b8b3-2417e92760c7	19	33696623	35562550	1206	0.3006
91c8c373-e923-4e7f-b8b3-2417e92760c7	19	35564577	46896574	4912	0.274
91c8c373-e923-4e7f-b8b3-2417e92760c7	19	46897333	46979158	33	0.01
91c8c373-e923-4e7f-b8b3-2417e92760c7	19	46980049	54502555	2758	0.2655
91c8c373-e923-4e7f-b8b3-2417e92760c7	19	54505682	55597125	463	0.455
91c8c373-e923-4e7f-b8b3-2417e92760c7	19	55608619	58370362	1491	-0.0164
91c8c373-e923-4e7f-b8b3-2417e92760c7	20	472817	2790997	1602	0.4226
91c8c373-e923-4e7f-b8b3-2417e92760c7	20	2791275	2819161	11	-0.138
91c8c373-e923-4e7f-b8b3-2417e92760c7	20	2820155	26217263	15341	0.4423
91c8c373-e923-4e7f-b8b3-2417e92760c7	20	26217295	32012864	357	0.1024
91c8c373-e923-4e7f-b8b3-2417e92760c7	20	32020243	32023396	2	0.9443
91c8c373-e923-4e7f-b8b3-2417e92760c7	20	32023576	33229798	663	0.0807
91c8c373-e923-4e7f-b8b3-2417e92760c7	20	33232954	52462615	11848	-0.2329
91c8c373-e923-4e7f-b8b3-2417e92760c7	20	52462732	63556063	7681	0.0902
91c8c373-e923-4e7f-b8b3-2417e92760c7	20	63556289	63588502	14	0.2798
91c8c373-e923-4e7f-b8b3-2417e92760c7	21	13974127	29765618	10170	0.3101
91c8c373-e923-4e7f-b8b3-2417e92760c7	21	29768434	29859781	77	-0.2662
91c8c373-e923-4e7f-b8b3-2417e92760c7	21	29861077	32921101	1913	0.3178
91c8c373-e923-4e7f-b8b3-2417e92760c7	21	32922014	32972236	40	-0.3048
91c8c373-e923-4e7f-b8b3-2417e92760c7	21	32973659	35294042	1492	0.2915
91c8c373-e923-4e7f-b8b3-2417e92760c7	21	35294162	35294436	2	-0.8022
91c8c373-e923-4e7f-b8b3-2417e92760c7	21	35297149	39547313	2997	0.3051
91c8c373-e923-4e7f-b8b3-2417e92760c7	21	39548130	42606157	2520	0.3424
91c8c373-e923-4e7f-b8b3-2417e92760c7	21	42608737	46262057	1375	0.3065
91c8c373-e923-4e7f-b8b3-2417e92760c7	22	16934932	38110681	10378	-0.2358
91c8c373-e923-4e7f-b8b3-2417e92760c7	22	38148291	41423019	1620	0.3164
91c8c373-e923-4e7f-b8b3-2417e92760c7	22	41426789	46029658	2838	0.1137
91c8c373-e923-4e7f-b8b3-2417e92760c7	22	46029766	46106990	42	-0.4018
91c8c373-e923-4e7f-b8b3-2417e92760c7	22	46109926	48940621	2187	0.1122
91c8c373-e923-4e7f-b8b3-2417e92760c7	X	3236359	5888984	283	0.5397
91c8c373-e923-4e7f-b8b3-2417e92760c7	X	5889276	12685217	3093	0.5981
91c8c373-e923-4e7f-b8b3-2417e92760c7	X	12686240	15696773	1498	0.8928
91c8c373-e923-4e7f-b8b3-2417e92760c7	X	15696824	15696832	5	0.072
91c8c373-e923-4e7f-b8b3-2417e92760c7	X	15705022	17928956	1151	0.8821
91c8c373-e923-4e7f-b8b3-2417e92760c7	X	17929874	21967346	1602	0.6667
91c8c373-e923-4e7f-b8b3-2417e92760c7	X	21967618	27121713	2813	0.456
91c8c373-e923-4e7f-b8b3-2417e92760c7	X	27126328	27402041	188	0.1456
91c8c373-e923-4e7f-b8b3-2417e92760c7	X	27402138	35060533	3521	0.4434
91c8c373-e923-4e7f-b8b3-2417e92760c7	X	35061961	39530422	2213	0.1663
91c8c373-e923-4e7f-b8b3-2417e92760c7	X	39532275	39655232	69	-0.1881
91c8c373-e923-4e7f-b8b3-2417e92760c7	X	39656772	40726533	557	0.1472
91c8c373-e923-4e7f-b8b3-2417e92760c7	X	40731298	47390393	3026	0.4287
91c8c373-e923-4e7f-b8b3-2417e92760c7	X	47391086	47490964	47	0.1352
91c8c373-e923-4e7f-b8b3-2417e92760c7	X	47491553	50895685	1323	0.4267
91c8c373-e923-4e7f-b8b3-2417e92760c7	X	50895783	50896531	2	1.5871
91c8c373-e923-4e7f-b8b3-2417e92760c7	X	50897971	58291715	2606	0.4294
91c8c373-e923-4e7f-b8b3-2417e92760c7	X	62952913	64252266	359	-0.3566
91c8c373-e923-4e7f-b8b3-2417e92760c7	X	64259265	64259317	2	-1.6713
91c8c373-e923-4e7f-b8b3-2417e92760c7	X	64261136	67215471	1156	-0.3948
91c8c373-e923-4e7f-b8b3-2417e92760c7	X	67219724	83833700	6436	0.0168
91c8c373-e923-4e7f-b8b3-2417e92760c7	X	83835596	84193110	175	0.3371
91c8c373-e923-4e7f-b8b3-2417e92760c7	X	84193168	84241168	15	0.0489
91c8c373-e923-4e7f-b8b3-2417e92760c7	X	84247446	87603149	1701	-0.3974
91c8c373-e923-4e7f-b8b3-2417e92760c7	X	87604048	87633867	28	-1.2016
91c8c373-e923-4e7f-b8b3-2417e92760c7	X	87640255	89358750	855	-0.4407
91c8c373-e923-4e7f-b8b3-2417e92760c7	X	89363240	121223918	13690	-0.3674
91c8c373-e923-4e7f-b8b3-2417e92760c7	X	121224675	155677414	15486	-0.3067
